Id,Label,Authority,Hub,modularity_class,pageranks,indegree,outdegree,Degree,weighted indegree,weighted outdegree,Weighted Degree
28123304,,0,0.000003,2,0.000013,0,2,2,0,2,2
7547224,,0.000133,0,2,0.001889,26,0,26,26,0,26
28078281,,0.000022,0.001762,23,0.000043,4,13,17,4,13,17
27513691,,0.000064,0.000008,19,0.000018,3,2,5,3,2,5
27402168,,0,0.000083,5,0.000013,0,13,13,0,13,13
26987529,,0.000002,0.001842,0,0.000042,4,31,35,4,31,35
25847940,,0,0.000082,5,0.000013,0,3,3,0,3,3
23554638,,0,0.000309,2,0.000013,0,2,2,0,2,2
20223009,,0,0.000867,2,0.000013,0,5,5,0,5,5
19134174,,0,0.000003,2,0.000013,0,1,1,0,1,1
18418465,,0.000041,0.000844,2,0.000124,3,6,9,3,6,9
15209204,,0,0.000003,2,0.000013,0,1,1,0,1,1
12381271,,0,0.000003,2,0.000013,0,1,1,0,1,1
12045150,,0,0.000024,2,0.000013,0,3,3,0,3,3
11950848,,0.000104,0.000009,2,0.000372,26,6,32,26,6,32
11314429,,0.000042,0.000003,5,0.000108,12,2,14,12,2,14
10889864,,0.000008,0.000003,5,0.00009,5,2,7,5,2,7
10577927,,0.000688,0.000027,2,0.001097,10,4,14,10,4,14
10471049,,0,0.000007,2,0.000013,0,3,3,0,3,3
10227398,,0.00011,0.000003,2,0.000111,7,1,8,7,1,8
9712591,,0,0.000003,2,0.000013,0,1,1,0,1,1
9585599,,0,0.000003,2,0.000013,0,1,1,0,1,1
9429140,,0,0.000016,2,0.000024,1,3,4,1,3,4
9255577,,0,0.000003,2,0.000013,0,1,1,0,1,1
9150155,,0.001036,0.000005,0,0.002987,52,2,54,52,2,54
9150151,,0,0.000011,2,0.000013,0,2,2,0,2,2
9150149,,0,0.000003,2,0.000013,0,1,1,0,1,1
27630665,,0,0.02337,8,0.000013,0,15,15,0,15,15
7577475,,0.000545,0,1,0.006227,17,0,17,17,0,17
26391647,,0,0.000066,0,0.000013,0,4,4,0,4,4
25490678,,0.000015,0.000014,33,0.000022,3,3,6,3,3,6
23644885,,0,0.000131,1,0.000013,0,2,2,0,2,2
18824701,,0.000482,0.000187,22,0.000338,35,8,43,35,8,43
15858120,,0.000004,0.000091,1,0.00003,2,5,7,2,5,7
11452363,,0.000003,0.00008,2,0.000056,4,6,10,4,6,10
10963680,,0.000005,0.000012,2,0.000254,22,1,23,22,1,23
10507777,,0.000529,0.00006,1,0.000331,12,4,16,12,4,16
10193517,,0.000088,0.000072,1,0.000132,19,3,22,19,3,22
9643283,,0.000054,0.000065,0,0.000198,6,6,12,6,6,12
9413939,,0,0.000012,1,0.000013,0,1,1,0,1,1
9400936,,0.000005,0.000041,1,0.00007,3,3,6,3,3,6
9365162,,0.001256,0.000012,41,0.002068,19,1,20,19,1,20
9150154,,0.00024,0.000019,2,0.011082,36,5,41,36,5,41
8932343,,0.000006,0.000012,1,0.002069,9,1,10,9,1,10
8808615,,0.000019,0.000012,1,0.000434,5,1,6,5,1,6
30258276,,0,0.000367,23,0.000013,0,9,9,0,9,9
7597059,,0.000102,0,23,0.003436,24,0,24,24,0,24
28579318,,0.000001,0.000108,11,0.000025,2,9,11,2,9,11
27923995,,0,0.000703,8,0.000013,0,12,12,0,12,12
27834354,,0,0.000577,23,0.000013,0,3,3,0,3,3
27689078,,0,0.000046,23,0.000013,0,4,4,0,4,4
26483879,,0,0.000397,23,0.000013,0,6,6,0,6,6
21512581,,0,0.00018,23,0.000013,0,3,3,0,3,3
21286308,,0,0.000002,23,0.000013,0,1,1,0,1,1
20215515,,0,0.000002,23,0.000013,0,1,1,0,1,1
18787609,,0.000098,0.000204,32,0.000075,8,5,13,8,5,13
18382097,,0,0.000002,23,0.000013,0,1,1,0,1,1
18299447,,0,0.000002,23,0.000013,0,1,1,0,1,1
11950811,,0,0.000058,2,0.000434,2,6,8,2,6,8
11531255,,0,0.000002,23,0.000013,0,1,1,0,1,1
10362809,,0,0.000002,23,0.000013,0,2,2,0,2,2
9671826,,0,0.000002,23,0.000013,0,1,1,0,1,1
9033253,,0,0.000002,23,0.000013,0,1,1,0,1,1
8950667,,0,0.000005,23,0.000111,9,2,11,9,2,11
8570617,,0,0.000002,23,0.000035,2,1,3,2,1,3
7479076,,0,0.000002,23,0.000013,0,1,1,0,1,1
30069430,,0,0,26,0.000013,0,1,1,0,1,1
7640222,,0.000001,0,26,0.000137,10,0,10,10,0,10
28791409,,0,0,26,0.000013,0,1,1,0,1,1
24916440,,0,0.000027,26,0.000013,0,2,2,0,2,2
16623759,,0,0.000003,26,0.000073,6,2,8,6,2,8
14645355,,0,0,26,0.000013,0,1,1,0,1,1
12537564,,0,0,26,0.000013,0,1,1,0,1,1
10555751,,0,0,26,0.000013,0,1,1,0,1,1
10408855,,0,0,26,0.000013,0,1,1,0,1,1
10389978,,0,0,26,0.000013,0,1,1,0,1,1
10233843,,0,0,26,0.000013,0,1,1,0,1,1
28938088,,0,0.00304,8,0.000013,0,24,24,0,24,24
8533757,,0.000358,0,2,0.013223,35,0,35,35,0,35
28357044,,0,0.001244,2,0.000013,0,8,8,0,8,8
27454289,,0,0.005116,32,0.000013,0,11,11,0,11,11
26913838,,0.000068,0.000263,22,0.000043,10,21,31,10,21,31
25853295,,0,0.000008,2,0.000013,0,1,1,0,1,1
23239986,,0.000628,0.000038,22,0.000059,9,7,16,9,7,16
23199084,,0.00106,0.000707,2,0.000103,38,30,68,38,30,68
21394826,,0.000141,0.000127,22,0.000187,19,5,24,19,5,24
19383374,,0.008318,0.001893,41,0.000273,50,16,66,50,16,66
16905680,,0.00026,0.001785,2,0.000267,19,11,30,19,11,30
14684683,,0,0.000008,2,0.000013,0,1,1,0,1,1
11355945,,0,0.000008,2,0.000013,0,1,1,0,1,1
11250694,,0.000109,0.000389,2,0.000082,11,8,19,11,8,19
11237395,,0.000236,0.000425,2,0.000955,28,14,42,28,14,42
10952777,,0.000099,0.000377,2,0.000053,7,6,13,7,6,13
10901363,,0,0.000026,2,0.000177,3,2,5,3,2,5
10682686,,0,0.000091,2,0.000013,0,7,7,0,7,7
10398279,,0.000081,0.000021,51,0.000679,11,3,14,11,3,14
9792861,,0.00165,0.000064,2,0.001647,39,8,47,39,8,47
9743298,,0.000029,0.000008,51,0.001855,10,1,11,10,1,11
9634504,,0.000225,0.000026,2,0.001323,31,2,33,31,2,33
9326338,,0,0.000008,2,0.000013,0,1,1,0,1,1
9150156,,0.000068,0.000009,2,0.000689,7,2,9,7,2,9
9150153,,0.000968,0.000008,2,0.004045,45,1,46,45,1,46
9150152,,0.000066,0.000017,2,0.001923,17,4,21,17,4,21
9150150,,0.000282,0.000036,2,0.005126,24,4,28,24,4,28
9150148,,0.000813,0.0001,2,0.00484,78,12,90,78,12,90
9042909,,0.0008,0.000008,2,0.003265,50,1,51,50,1,51
9042907,,0.000186,0.000012,2,0.007197,30,3,33,30,3,33
8933332,,0,0.000008,2,0.000013,0,1,1,0,1,1
8880569,,0,0.000008,2,0.000013,0,1,1,0,1,1
8651293,,0,0.000008,2,0.000013,0,1,1,0,1,1
8548703,,0,0,5,0.000062,2,0,2,2,0,2
8612250,,0,0,5,0.000013,0,1,1,0,1,1
23317700,,0,0,23,0.000013,0,1,1,0,1,1
8756642,,0,0,23,0.000013,0,1,1,0,1,1
30135548,,0,0.000029,1,0.000013,0,1,1,0,1,1
8630282,,0.001294,0,1,0.000329,21,0,21,21,0,21
25136623,,0.000668,0.027623,41,0.00003,5,22,27,5,22,27
22673632,,0.006226,0.027621,41,0.000152,25,17,42,25,17,42
22347400,,0,0.001001,0,0.000013,0,6,6,0,6,6
22293751,,0.000641,0.000088,32,0.000194,14,5,19,14,5,19
21472990,,0,0.000117,0,0.000013,0,3,3,0,3,3
21157981,,0,0.000029,1,0.000013,0,1,1,0,1,1
17997301,,0,0.000029,2,0.000013,0,3,3,0,3,3
15047740,,0,0.000029,1,0.000013,0,1,1,0,1,1
14633957,,0,0.000159,1,0.000013,0,3,3,0,3,3
11710835,,0.000003,0.000053,1,0.000201,2,5,7,2,5,7
11429050,,0.000002,0.000394,1,0.000059,5,5,10,5,5,10
10471040,,0,0.000029,1,0.000013,0,1,1,0,1,1
10360664,,0,0.000029,1,0.000013,0,2,2,0,2,2
9924343,,0,0.000029,1,0.000013,0,1,1,0,1,1
9777940,,0,0.000029,1,0.000013,0,1,1,0,1,1
9588896,,0,0.000029,1,0.000013,0,1,1,0,1,1
25288723,,0.000505,0.000193,35,0.000179,39,6,45,39,6,45
8644738,,0.000148,0,2,0.010148,19,0,19,19,0,19
23776375,,0,0.00175,23,0.000013,0,17,17,0,17,17
21336636,,0.000884,0.000592,0,0.000147,28,22,50,28,22,50
19165921,,0,0.000003,2,0.000013,0,1,1,0,1,1
18708369,,0.000115,0.000736,51,0.000121,15,16,31,15,16,31
18687797,,0,0.002398,2,0.000013,0,16,16,0,16,16
18178632,,0,0.00003,0,0.000013,0,3,3,0,3,3
17640379,,0.00006,0.000348,2,0.000103,5,4,9,5,4,9
16768547,,0.000134,0.000095,0,0.00009,14,7,21,14,7,21
12114473,,0.0003,0.000028,0,0.000538,21,3,24,21,3,24
10724455,,0.000004,0.000085,8,0.000936,3,3,6,3,3,6
10682665,,0.000063,0.000086,2,0.000064,7,7,14,7,7,14
10027348,,0,0.000004,2,0.000013,0,2,2,0,2,2
9560268,,0.002415,0.000031,8,0.011578,93,2,95,93,2,95
26981296,,0,0.000001,19,0.000024,1,2,3,1,2,3
8751855,,0.000032,0,2,0.004804,12,0,12,12,0,12
20920338,,0.000002,0.000001,2,0.000038,3,1,4,3,1,4
9888479,,0,0.000019,2,0.000013,0,2,2,0,2,2
9649133,,0,0.000036,2,0.000013,0,5,5,0,5,5
28588243,,0,0,1,0.000013,0,1,1,0,1,1
20028873,,0.000106,0.000088,17,0.000229,21,4,25,21,4,25
12100744,,0.000125,0.000359,2,0.000072,10,4,14,10,4,14
9400938,,0.000047,0.000006,2,0.000791,7,2,9,7,2,9
8825930,,0.000103,0,0,0.012541,7,0,7,7,0,7
20233462,,0.000081,0.001166,0,0.00006,2,5,7,2,5,7
15756256,,0.000001,0.001169,27,0.000181,10,4,14,10,4,14
11170890,,0.00414,0.000457,0,0.004205,91,8,99,91,8,99
8917547,,0.001376,0.000002,1,0.014081,44,1,45,44,1,45
8818936,,0,0.000002,0,0.000013,0,1,1,0,1,1
20233468,,0,0.000307,33,0.000013,0,4,4,0,4,4
8863152,,0.000007,0,28,0.000128,3,0,3,3,0,3
9507390,,0.000045,0,28,0.000119,5,1,6,5,1,6
9391879,,0,0,28,0.000013,0,1,1,0,1,1
28881569,,0.001523,0.002969,44,0.000025,4,11,15,4,11,15
26061043,,0.000017,0.000031,32,0.000044,5,1,6,5,1,6
25548681,,0,0.000149,1,0.000013,0,2,2,0,2,2
25380576,,0,0.000482,1,0.000013,0,2,2,0,2,2
25368521,,0.000083,0.002543,0,0.000071,11,30,41,11,30,41
24624361,,0.00536,0.027098,41,0.000085,20,13,33,20,13,33
23613873,,0,0.000031,32,0.000084,7,1,8,7,1,8
23285190,,0,0.000482,1,0.000013,0,2,2,0,2,2
22542848,,0,0.000031,1,0.000013,0,1,1,0,1,1
22405187,,0.000147,0.000226,0,0.000152,19,4,23,19,4,23
22073136,,0,0.022154,1,0.000013,0,2,2,0,2,2
20389018,,0,0.000031,1,0.000013,0,1,1,0,1,1
20185827,,0,0.00014,1,0.000013,0,2,2,0,2,2
19602291,,0.004894,0.001364,32,0.000233,21,4,25,21,4,25
19509300,,0,0.000031,1,0.000013,0,1,1,0,1,1
19327579,,0,0.000093,1,0.000013,0,4,4,0,4,4
19101576,,0,0.000424,8,0.000013,0,11,11,0,11,11
19016568,,0.000554,0.000031,1,0.000095,6,1,7,6,1,7
16914727,,0,0.000031,1,0.000013,0,1,1,0,1,1
16741564,,0,0.000031,1,0.000013,0,1,1,0,1,1
16434996,,0.000088,0.000086,32,0.000371,39,3,42,39,3,42
16229810,,0,0.000031,1,0.000013,0,1,1,0,1,1
16109739,,0,0.000031,1,0.000013,0,1,1,0,1,1
15967981,,0,0.000031,1,0.000013,0,1,1,0,1,1
15606925,,0.000532,0.000031,41,0.000129,8,1,9,8,1,9
15226308,,0,0.000031,1,0.000013,0,1,1,0,1,1
14612409,,0,0.000031,1,0.000013,0,1,1,0,1,1
12809565,,0,0.000031,1,0.000013,0,1,1,0,1,1
12559046,,0,0.000031,1,0.000013,0,1,1,0,1,1
12509456,,0,0.000031,1,0.000013,0,1,1,0,1,1
12058064,,0,0.000031,1,0.000013,0,1,1,0,1,1
11742488,,0,0.000031,1,0.000013,0,1,1,0,1,1
11359908,,0,0.000044,1,0.000013,0,2,2,0,2,2
11250695,,0,0.000031,1,0.000013,0,1,1,0,1,1
11056686,,0,0.000031,1,0.000013,0,1,1,0,1,1
10584867,,0,0.000104,1,0.000013,0,3,3,0,3,3
9811893,,0.000832,0.000418,1,0.006163,55,4,59,55,4,59
9653194,,0,0.000031,1,0.000013,0,1,1,0,1,1
9382087,,0,0.000058,1,0.000013,0,2,2,0,2,2
9342365,,0,0.000058,1,0.000013,0,2,2,0,2,2
9192668,,0.00121,0.000031,8,0.014044,66,1,67,66,1,67
22825469,,0,0,1,0.000013,0,1,1,0,1,1
15483347,,0,0,1,0.000013,0,1,1,0,1,1
11376129,,0,0,1,0.000013,0,1,1,0,1,1
10551800,,0,0,1,0.000013,0,1,1,0,1,1
23359154,,0,0,23,0.000013,0,1,1,0,1,1
21687537,,0,0,23,0.000013,0,1,1,0,1,1
21059814,,0,0,23,0.000013,0,1,1,0,1,1
19760029,,0,0,23,0.000013,0,1,1,0,1,1
18332990,,0,0,23,0.000013,0,1,1,0,1,1
16393667,,0,0,23,0.000013,0,1,1,0,1,1
10817498,,0,0,23,0.000013,0,1,1,0,1,1
10616684,,0,0,23,0.000013,0,1,1,0,1,1
9863592,,0,0,23,0.000013,0,1,1,0,1,1
29520654,,0,0.000009,2,0.000013,0,3,3,0,3,3
9012404,,0.000239,0,2,0.006497,39,0,39,39,0,39
28480178,,0,0.000112,5,0.000013,0,6,6,0,6,6
27532258,,0,0.002361,2,0.000013,0,8,8,0,8,8
27377827,,0.000038,0.00001,2,0.000017,3,2,5,3,2,5
27223485,,0.000051,0.000132,22,0.000028,4,10,14,4,10,14
26857456,,0.00003,0.000279,2,0.000048,8,7,15,8,7,15
26648754,,0,0.000034,2,0.000013,0,5,5,0,5,5
25320599,,0.000056,0.000024,2,0.000031,5,5,10,5,5,10
23691450,,0,0.000005,2,0.000013,0,1,1,0,1,1
23125888,,0,0.000005,2,0.000013,0,1,1,0,1,1
22382806,,0.000183,0.000039,2,0.000055,11,6,17,11,6,17
22276005,,0,0.00001,2,0.000046,4,2,6,4,2,6
21291532,,0,0.000005,2,0.000013,0,1,1,0,1,1
20927582,,0.000418,0.000502,2,0.000123,15,12,27,15,12,27
19996029,,0,0.00001,2,0.000013,0,2,2,0,2,2
18688698,,0.00006,0.00016,5,0.000236,10,6,16,10,6,16
18558006,,0,0.00001,2,0.000013,0,3,3,0,3,3
18158280,,0.000054,0.00093,2,0.000021,3,8,11,3,8,11
18042939,,0.001248,0.001066,2,0.000336,48,9,57,48,9,57
15548363,,0.000039,0.000028,2,0.000047,6,8,14,6,8,14
15082902,,0.000704,0.000349,2,0.000054,9,4,13,9,4,13
15026808,,0.000193,0.000896,2,0.000043,9,12,21,9,12,21
12896911,,0,0.000005,2,0.000013,0,1,1,0,1,1
12677558,,0.036925,0.001038,5,0.00996,646,8,654,646,8,654
11879560,,0.000222,0.000409,2,0.001306,27,5,32,27,5,32
11056688,,0.000047,0.000334,2,0.00005,5,5,10,5,5,10
10788334,,0.001607,0.000055,2,0.000931,58,5,63,58,5,63
10577940,,0.000174,0.000321,2,0.000374,10,4,14,10,4,14
10570174,,0.000576,0.000448,8,0.007266,33,9,42,33,9,42
10486320,,0.002061,0.000368,0,0.00078,23,4,27,23,4,27
9150174,,0.000099,0.000005,2,0.000933,13,1,14,13,1,14
9150173,,0,0.000008,2,0.000013,0,2,2,0,2,2
9150172,,0.000041,0.00001,2,0.00058,5,2,7,5,2,7
28961279,,0.000001,0.00101,2,0.000026,2,17,19,2,17,19
24040146,,0,0.001347,2,0.000013,0,8,8,0,8,8
22703186,,0,0.001256,0,0.000013,0,10,10,0,10,10
21673012,,0.000031,0.000065,41,0.000193,19,3,22,19,3,22
17018160,,0.000239,0.001337,2,0.000156,19,10,29,19,10,29
16764716,,0.000049,0.000116,2,0.000025,5,5,10,5,5,10
16168118,,0.000188,0.000468,2,0.000109,20,8,28,20,8,28
15138471,,0,0.000447,2,0.000013,0,2,2,0,2,2
12677142,,0,0.000007,2,0.000013,0,2,2,0,2,2
11880951,,0,0.000036,2,0.000013,0,2,2,0,2,2
11792833,,0.000116,0.000103,0,0.000943,14,5,19,14,5,19
11556835,,0,0.000013,2,0.000013,0,2,2,0,2,2
11305950,,0.000003,0.000009,0,0.000025,2,3,5,2,3,5
11170903,,0.000025,0.00004,2,0.000035,3,2,5,3,2,5
10755399,,0.000059,0.000346,2,0.000151,11,6,17,11,6,17
10699057,,0,0.00006,2,0.000013,0,3,3,0,3,3
9836472,,0.000056,0.000028,2,0.000114,5,3,8,5,3,8
9683585,,0,0.000004,2,0.000013,0,1,1,0,1,1
9497246,,0.013607,0.000029,2,0.020085,493,4,497,493,4,497
29755871,,0,0.000234,2,0.000013,0,5,5,0,5,5
29262604,,0,0.000243,51,0.000013,0,9,9,0,9,9
28487467,,0.000002,0.000302,23,0.000033,3,11,14,3,11,14
28453507,,0,0.000672,2,0.000013,0,19,19,0,19,19
28183138,,0.000074,0.000933,51,0.000031,7,5,12,7,5,12
26337050,,0,0.000056,41,0.000013,0,2,2,0,2,2
26014432,,0.000018,0.02249,2,0.000014,1,10,11,1,10,11
23961350,,0.000282,0.000105,2,0.00005,17,8,25,17,8,25
23788959,,0,0.000807,2,0.000013,0,5,5,0,5,5
23531862,,0.000561,0.000018,19,0.000047,5,1,6,5,1,6
23055798,,0.000047,0.000989,2,0.000022,6,7,13,6,7,13
22763381,,0,0.000089,2,0.000013,0,7,7,0,7,7
22682623,,0.000253,0.001015,2,0.000051,14,8,22,14,8,22
22185575,,0.000212,0.000034,2,0.000068,16,2,18,16,2,18
19491894,,0.000673,0.00012,2,0.000041,8,5,13,8,5,13
19455369,,0.000108,0.000855,5,0.00016,15,3,18,15,3,18
19338682,,0.000038,0.000574,2,0.000035,4,4,8,4,4,8
19226467,,0,0.000023,0,0.000029,2,2,4,2,2,4
19090970,,0,0.000125,2,0.000013,0,10,10,0,10,10
19047089,,0,0.000714,2,0.000013,0,5,5,0,5,5
18940471,,0.000552,0.0003,8,0.000033,3,9,12,3,9,12
18923645,,0,0.000018,2,0.000013,0,1,1,0,1,1
18759965,,0,0.000146,2,0.000013,0,6,6,0,6,6
18483326,,0,0.000018,2,0.000013,0,1,1,0,1,1
18274079,,0,0.000848,5,0.000013,0,2,2,0,2,2
18257128,,0.000018,0.000038,2,0.000034,4,2,6,4,2,6
17233897,,0.000183,0.000018,2,0.000058,10,1,11,10,1,11
16602826,,0,0.000023,2,0.000013,0,2,2,0,2,2
15756275,,0.000023,0.000018,0,0.000128,15,3,18,15,3,18
15116316,,0.00003,0.000369,19,0.000051,4,5,9,4,5,9
14580256,,0.000283,0.000252,2,0.000422,16,9,25,16,9,25
12140314,,0,0.000018,2,0.000013,0,2,2,0,2,2
11248061,,0.000865,0.000511,0,0.002033,38,7,45,38,7,45
11207041,,0.000757,0.000054,17,0.000266,16,4,20,16,4,20
10952774,,0,0.000032,2,0.000013,0,4,4,0,4,4
10945492,,0.000118,0.000033,51,0.000716,11,4,15,11,4,15
10739756,,0.004178,0.000345,2,0.003494,42,3,45,42,3,45
10577931,,0,0.000027,2,0.000013,0,2,2,0,2,2
10353781,,0.00064,0.000058,2,0.000223,5,4,9,5,4,9
10205276,,0,0.00004,2,0.000013,0,2,2,0,2,2
10090879,,0,0.000361,2,0.000013,0,5,5,0,5,5
9667663,,0,0.000018,0,0.000049,1,1,2,1,1,2
9585613,,0.000396,0.000042,2,0.001113,34,3,37,34,3,37
30257646,,0,0.000685,35,0.000013,0,14,14,0,14,14
28646826,,0,0.000059,1,0.000013,0,3,3,0,3,3
28205045,,0.000003,0.001774,2,0.000018,1,12,13,1,12,13
27283172,,0,0.001683,5,0.000013,0,9,9,0,9,9
27088617,,0,0.000033,0,0.000013,0,2,2,0,2,2
27082205,,0.000053,0.000318,2,0.000015,3,7,10,3,7,10
26843614,,0,0.001327,2,0.000013,0,8,8,0,8,8
26766567,,0,0.000116,23,0.000013,0,3,3,0,3,3
26327783,,0,0.000465,2,0.000013,0,6,6,0,6,6
25789811,,0.000578,0.000198,2,0.000016,2,8,10,2,8,10
25673085,,0,0.000324,23,0.000013,0,7,7,0,7,7
25253900,,0,0.001142,0,0.000013,0,10,10,0,10,10
24853948,,0,0.000018,2,0.000013,0,1,1,0,1,1
23658460,,0.001436,0.000313,23,0.000293,18,7,25,18,7,25
22966347,,0,0.00004,2,0.000013,0,2,2,0,2,2
22609909,,0,0.000018,2,0.000013,0,1,1,0,1,1
21900106,,0.001968,0.000058,35,0.00024,33,4,37,33,4,37
21603858,,0,0.001278,2,0.000013,0,11,11,0,11,11
21483040,,0,0.000848,5,0.000013,0,2,2,0,2,2
21359843,,0,0.000116,14,0.000013,0,3,3,0,3,3
20380699,,0.00006,0.000055,2,0.000029,4,3,7,4,3,7
20233467,,0.000084,0.000351,0,0.000042,5,7,12,5,7,12
19642207,,0.000064,0.000112,19,0.000128,13,2,15,13,2,15
19615095,,0,0.000018,2,0.000013,0,1,1,0,1,1
19383379,,0.003703,0.000864,14,0.000177,30,5,35,30,5,35
19329713,,0.000193,0.001303,2,0.00003,8,7,15,8,7,15
19241424,,0.001077,0.000028,2,0.000594,83,3,86,83,3,86
18053174,,0,0.000667,2,0.000013,0,7,7,0,7,7
18030340,,0,0.001312,2,0.000013,0,4,4,0,4,4
17972177,,0.0001,0.000162,2,0.000032,5,4,9,5,4,9
17916242,,0,0.001075,35,0.000013,0,5,5,0,5,5
17700570,,0.000229,0.000222,51,0.000618,27,8,35,27,8,35
17018815,,0,0.001313,5,0.000013,0,6,6,0,6,6
16721370,,0,0.000018,2,0.000013,0,1,1,0,1,1
16484695,,0.002724,0.001354,2,0.001113,76,10,86,76,10,86
16361123,,0,0.000025,2,0.000049,4,2,6,4,2,6
15353005,,0.000069,0.000798,2,0.000053,7,4,11,7,4,11
15173236,,0.002169,0.000442,2,0.001062,48,8,56,48,8,56
12698193,,0.00009,0.000943,2,0.000062,9,12,21,9,12,21
11389159,,0.000142,0.000331,2,0.000044,7,4,11,7,4,11
11340759,,0,0.000018,5,0.000035,2,2,4,2,2,4
11161404,,0,0.000018,2,0.000013,0,1,1,0,1,1
10767783,,0.00003,0.00008,2,0.000021,1,4,5,1,4,5
10646903,,0,0.000018,2,0.000013,0,1,1,0,1,1
10638982,,0.000086,0.000375,2,0.000346,6,7,13,6,7,13
10577929,,0,0.000018,2,0.000013,0,1,1,0,1,1
10188893,,0.000033,0.000018,2,0.000142,5,1,6,5,1,6
9742920,,0.000002,0.00008,2,0.000017,1,3,4,1,3,4
9443863,,0.002466,0.000038,2,0.004475,152,4,156,152,4,156
30113427,,0,0.001351,51,0.000013,0,25,25,0,25,25
25951739,,0.000062,0.001891,5,0.000027,3,10,13,3,10,13
25802341,,0,0.00028,5,0.000013,0,5,5,0,5,5
22734169,,0,0.001233,5,0.000018,1,8,9,1,8,9
22267502,,0,0.000006,2,0.000013,0,1,1,0,1,1
21874107,,0,0.0001,2,0.000013,0,2,2,0,2,2
20953242,,0,0.000006,2,0.000013,0,1,1,0,1,1
16973716,,0.000106,0.000405,2,0.000191,19,3,22,19,3,22
15083174,,0.003145,0.000312,5,0.000287,24,2,26,24,2,26
22993654,,0,0.000001,2,0.000013,0,1,1,0,1,1
21829373,,0.000107,0.000029,29,0.000283,30,3,33,30,3,33
20604969,,0,0.000004,2,0.000013,0,2,2,0,2,2
18275599,,0.000024,0.000014,28,0.000139,3,4,7,3,4,7
15987451,,0.000093,0.000923,28,0.000271,13,7,20,13,7,20
15642173,,0.000229,0.000394,28,0.000336,25,6,31,25,6,31
11461078,,0.000125,0.000005,0,0.000265,21,3,24,21,3,24
9579822,,0,0.000001,2,0.000013,0,1,1,0,1,1
29901183,,0,0.000239,2,0.000013,0,12,12,0,12,12
29881398,,0,0.000511,22,0.000013,0,9,9,0,9,9
29755873,,0,0.000175,22,0.000013,0,7,7,0,7,7
29487695,,0,0.000146,2,0.000013,0,8,8,0,8,8
29088781,,0,0.000226,2,0.000013,0,16,16,0,16,16
28918466,,0,0.000744,2,0.000013,0,34,34,0,34,34
28871186,,0,0.000022,2,0.000013,0,1,1,0,1,1
28600340,,0,0.000058,2,0.000013,0,3,3,0,3,3
28166811,,0,0.000164,2,0.000013,0,13,13,0,13,13
27471560,,0.001728,0.024894,5,0.000044,6,13,19,6,13,19
26221963,,0.00004,0.000458,35,0.000019,4,11,15,4,11,15
25814778,,0,0.00007,2,0.000013,0,9,9,0,9,9
25709717,,0,0.000022,2,0.000013,0,1,1,0,1,1
24770866,,0,0.000195,2,0.000013,0,5,5,0,5,5
24443550,,0,0.000022,2,0.000013,0,1,1,0,1,1
23668689,,0,0.000023,30,0.000013,0,2,2,0,2,2
22430266,,0.000161,0.002688,5,0.000073,7,13,20,7,13,20
20049345,,0.000179,0.00033,32,0.000209,8,2,10,8,2,10
19309274,,0,0.001227,5,0.000013,0,5,5,0,5,5
16537453,,0.000852,0.000898,0,0.000683,29,7,36,29,7,36
15588316,,0,0.000022,2,0.000013,0,1,1,0,1,1
12373604,,0.00009,0.000517,17,0.000172,16,4,20,16,4,20
11434878,,0.000003,0.000027,2,0.000016,1,2,3,1,2,3
11179017,,0.019691,0.000599,2,0.008271,179,8,187,179,8,187
10978226,,0.001398,0.00047,2,0.001274,18,5,23,18,5,23
10441573,,0,0.000027,2,0.000013,0,2,2,0,2,2
10090881,,0.000383,0.000028,2,0.002261,35,3,38,35,3,38
29126202,,0,0.000337,8,0.000013,0,4,4,0,4,4
27067391,,0.000002,0.000864,22,0.000027,2,16,18,2,16,18
26852130,,0.000001,0.00013,2,0.000016,1,8,9,1,8,9
26670335,,0,0.000155,23,0.000013,0,3,3,0,3,3
25985138,,0,0.000086,22,0.000013,0,5,5,0,5,5
25948282,,0.000183,0.00033,22,0.000048,13,17,30,13,17,30
24312913,,0.000331,0.000797,2,0.000066,18,45,63,18,45,63
23683081,,0.000173,0.001008,2,0.000041,12,10,22,12,10,22
23442605,,0,0.000037,2,0.000013,0,2,2,0,2,2
21232165,,0.000109,0.001326,2,0.000019,5,11,16,5,11,16
19584580,,0.000038,0.000336,28,0.000057,6,3,9,6,3,9
12610208,,0.000764,0.000316,0,0.00079,43,4,47,43,4,47
11532935,,0.006157,0.000118,8,0.017515,112,5,117,112,5,117
11157798,,0,0.000005,2,0.000013,0,1,1,0,1,1
11011113,,0,0.000005,2,0.000013,0,1,1,0,1,1
10944226,,0.000112,0.000311,0,0.001313,25,2,27,25,2,27
29977557,,0,0.000023,0,0.000013,0,1,1,0,1,1
28944232,,0,0.000215,2,0.000013,0,18,18,0,18,18
28008555,,0.000121,0.001228,2,0.00002,4,12,16,4,12,16
27537391,,0.000001,0.000256,0,0.000015,1,8,9,1,8,9
27499891,,0,0.000386,44,0.000038,3,6,9,3,6,9
27372834,,0,0.000064,0,0.000013,0,4,4,0,4,4
27205903,,0,0.000023,0,0.000013,0,1,1,0,1,1
26992017,,0,0.001715,5,0.000033,3,7,10,3,7,10
25632310,,0.000085,0.001121,2,0.000039,7,5,12,7,5,12
25602001,,0,0.000023,0,0.000013,0,1,1,0,1,1
23722471,,0,0.000141,51,0.000013,0,6,6,0,6,6
23149842,,0,0.000173,51,0.000013,0,6,6,0,6,6
22848222,,0,0.001009,0,0.000013,0,21,21,0,21,21
22729394,,0.000048,0.001334,0,0.000058,8,7,15,8,7,15
21597964,,0.000587,0.000134,0,0.000039,7,6,13,7,6,13
21593597,,0,0.000163,33,0.000013,0,3,3,0,3,3
20637093,,0.000108,0.000451,0,0.000051,9,10,19,9,10,19
20049842,,0,0.000023,0,0.000013,0,1,1,0,1,1
18349832,,0.00256,0.001575,0,0.001403,113,17,130,113,17,130
15972300,,0,0.000023,0,0.000013,0,1,1,0,1,1
15630470,,0,0.000115,0,0.000013,0,5,5,0,5,5
15217494,,0.00125,0.000165,0,0.000209,11,6,17,11,6,17
12927042,,0.000137,0.00003,0,0.000411,16,2,18,16,2,18
12644832,,0.000033,0.000023,2,0.000067,7,1,8,7,1,8
11238682,,0,0.000342,0,0.000013,0,4,4,0,4,4
11044354,,0.003275,0.000342,0,0.004252,129,3,132,129,3,132
10807692,,0,0.000023,27,0.000087,4,1,5,4,1,5
10051006,,0,0.000023,0,0.000013,0,1,1,0,1,1
26300670,,0,0.000307,5,0.000013,0,6,6,0,6,6
17909205,,0.000913,0.00132,2,0.00011,23,12,35,23,12,35
12068374,,0,0.000002,2,0.000013,0,1,1,0,1,1
10486319,,0,0.000002,2,0.000013,0,1,1,0,1,1
10082707,,0,0.000344,2,0.000013,0,3,3,0,3,3
29446198,,0,0.001284,2,0.000013,0,23,23,0,23,23
20579331,,0.00009,0.00007,2,0.000021,6,8,14,6,8,14
17569143,,0,0.000002,2,0.000013,0,1,1,0,1,1
28963981,,0,0.000268,8,0.000013,0,7,7,0,7,7
27941124,,0.000007,0.002104,8,0.000051,5,14,19,5,14,19
27648563,,0,0.000088,8,0.000013,0,4,4,0,4,4
27084934,,0.000118,0.002207,8,0.000024,5,22,27,5,22,27
26586665,,0.000259,0.001507,22,0.000129,19,14,33,19,14,33
26566862,,0.000034,0.001792,8,0.000013,1,37,38,1,37,38
26489468,,0.000068,0.000817,8,0.000075,11,13,24,11,13,24
25833843,,0.005773,0.028662,8,0.000526,118,54,172,118,54,172
25488918,,0,0.001299,8,0.000013,0,15,15,0,15,15
25011685,,0.000544,0.000135,8,0.00008,9,3,12,9,3,12
24970156,,0,0.000778,8,0.000013,0,7,7,0,7,7
24832651,,0,0.001153,8,0.000013,0,11,11,0,11,11
24348209,,0,0.000091,8,0.000013,0,4,4,0,4,4
23754376,,0,0.001296,8,0.000013,0,4,4,0,4,4
23222131,,0,0.000544,8,0.000013,0,10,10,0,10,10
22629260,,0,0.000858,8,0.000013,0,16,16,0,16,16
22375013,,0,0.000078,8,0.000013,0,3,3,0,3,3
21731065,,0.004402,0.001495,8,0.00233,64,20,84,64,20,84
21599536,,0,0.000547,8,0.000013,0,10,10,0,10,10
21307306,,0,0.000027,8,0.000013,0,1,1,0,1,1
21248164,,0,0.000027,8,0.000013,0,1,1,0,1,1
21145576,,0,0.000027,8,0.000013,0,1,1,0,1,1
20952512,,0,0.000808,8,0.000013,0,14,14,0,14,14
19540122,,0.002929,0.000299,8,0.000868,41,7,48,41,7,48
18430140,,0,0.000221,8,0.000013,0,8,8,0,8,8
18179693,,0,0.000027,8,0.000013,0,1,1,0,1,1
17996711,,0,0.000149,8,0.000013,0,3,3,0,3,3
17541404,,0.001173,0.000135,8,0.000564,34,3,37,34,3,37
17515903,,0,0.000154,8,0.000013,0,5,5,0,5,5
17483448,,0.000209,0.000116,8,0.000427,30,4,34,30,4,34
17379580,,0.000966,0.000868,8,0.001248,46,13,59,46,13,59
17261595,,0,0.000181,8,0.000013,0,7,7,0,7,7
16990250,,0,0.000027,8,0.000013,0,1,1,0,1,1
16513631,,0.000573,0.000217,8,0.003179,63,5,68,63,5,68
15314155,,0.000179,0.000251,32,0.00083,48,5,53,48,5,53
15065660,,0,0.000135,8,0.000013,0,3,3,0,3,3
12930944,,0,0.000085,8,0.000013,0,2,2,0,2,2
12446782,,0,0.000027,8,0.000013,0,1,1,0,1,1
11597317,,0.000578,0.000113,8,0.000256,6,4,10,6,4,10
11459983,,0,0.0001,8,0.000013,0,3,3,0,3,3
11459982,,0,0.000027,8,0.000013,0,1,1,0,1,1
11256631,,0,0.000039,1,0.000013,0,2,2,0,2,2
11250724,,0.000648,0.000352,2,0.000205,18,3,21,18,3,21
10931916,,0,0.000027,8,0.000013,0,1,1,0,1,1
10856252,,0,0.000058,1,0.000013,0,3,3,0,3,3
10793087,,0.00015,0.000027,23,0.000655,50,1,51,50,1,51
10430580,,0,0.000027,8,0.000013,0,1,1,0,1,1
10373512,,0.00108,0.000027,8,0.001976,48,1,49,48,1,49
9736627,,0,0.000027,8,0.000013,0,1,1,0,1,1
9628903,,0,0.000027,8,0.000013,0,1,1,0,1,1
9512535,,0,0.000027,8,0.000013,0,1,1,0,1,1
9469824,,0,0.000027,8,0.000013,0,1,1,0,1,1
9430650,,0,0.000027,8,0.000013,0,1,1,0,1,1
9396801,,0,0.000027,8,0.000013,0,1,1,0,1,1
30075081,,0,0,3,0.000013,0,1,1,0,1,1
9207100,,0,0,3,0.000275,24,0,24,24,0,24
27980064,,0,0,3,0.000013,0,1,1,0,1,1
27488189,,0,0,3,0.000013,0,1,1,0,1,1
27364376,,0,0,3,0.000013,0,1,1,0,1,1
27220470,,0,0,3,0.000013,0,1,1,0,1,1
27116033,,0,0,3,0.000013,0,1,1,0,1,1
26875499,,0,0,3,0.000013,0,1,1,0,1,1
26459865,,0,0,3,0.000013,0,1,1,0,1,1
25712097,,0,0,3,0.000013,0,1,1,0,1,1
25690893,,0,0,3,0.000013,0,1,1,0,1,1
25237864,,0,0,3,0.000013,0,1,1,0,1,1
24914053,,0,0,3,0.000013,0,1,1,0,1,1
24449899,,0,0,3,0.000013,0,1,1,0,1,1
24160921,,0,0,3,0.000013,0,1,1,0,1,1
23542886,,0,0,3,0.000013,0,1,1,0,1,1
20211840,,0,0,3,0.000013,0,1,1,0,1,1
16022730,,0,0,3,0.000013,0,1,1,0,1,1
14718380,,0,0,3,0.000013,0,1,1,0,1,1
12720573,,0,0,3,0.000013,0,1,1,0,1,1
12626728,,0,0,3,0.000013,0,1,1,0,1,1
11788734,,0,0,3,0.000013,0,1,1,0,1,1
10954614,,0,0,3,0.000013,0,1,1,0,1,1
9647640,,0,0,3,0.000013,0,1,1,0,1,1
9539761,,0,0,3,0.000013,0,1,1,0,1,1
30286154,,0,0.000174,51,0.000013,0,7,7,0,7,7
9245992,,0.000568,0,0,0.008266,55,0,55,55,0,55
29641532,,0,0.000116,51,0.000013,0,6,6,0,6,6
29021639,,0,0.000051,2,0.000013,0,5,5,0,5,5
28947987,,0.000124,0.000555,2,0.000018,5,7,12,5,7,12
28427225,,0,0.000507,32,0.000013,0,6,6,0,6,6
27655704,,0,0.000013,32,0.000013,0,2,2,0,2,2
26150446,,0.000046,0.002213,0,0.000014,1,15,16,1,15,16
25960719,,0.000067,0.002215,0,0.000094,12,24,36,12,24,36
25803691,,0,0.000027,29,0.000013,0,2,2,0,2,2
25798433,,0,0.000842,5,0.000024,1,2,3,1,2,3
25524463,,0,0.001287,0,0.000013,0,11,11,0,11,11
25224030,,0.000894,0.001406,51,0.000158,41,10,51,41,10,51
25051360,,0.00003,0.000811,35,0.00069,66,10,76,66,10,76
24275135,,0,0.000361,0,0.000013,0,5,5,0,5,5
23748176,,0,0.002335,5,0.000013,0,7,7,0,7,7
23222563,,0,0.000013,0,0.000013,0,1,1,0,1,1
23146383,,0.000092,0.000134,33,0.000131,13,5,18,13,5,18
23108138,,0.000594,0.000528,22,0.000137,28,12,40,28,12,40
22435390,,0,0.000226,5,0.000013,0,2,2,0,2,2
21276604,,0.003928,0.000412,41,0.000459,15,3,18,15,3,18
20368650,,0,0.000356,0,0.000013,0,4,4,0,4,4
19805094,,0,0.000319,2,0.000013,0,2,2,0,2,2
19232099,,0.000163,0.00034,35,0.000106,6,4,10,6,4,10
19176442,,0,0.000352,0,0.000013,0,3,3,0,3,3
19102775,,0.000127,0.000685,2,0.000032,8,7,15,8,7,15
18922120,,0,0.000013,0,0.000013,0,1,1,0,1,1
18418466,,0.000034,0.000379,22,0.000238,6,5,11,6,5,11
17285126,,0.00009,0.000326,5,0.000121,15,4,19,15,4,19
16369438,,0.00095,0.000607,17,0.000643,48,8,56,48,8,56
16079000,,0,0.00005,2,0.000013,0,2,2,0,2,2
15505627,,0.00024,0.000372,5,0.000373,24,5,29,24,5,29
12911837,,0.000011,0.000164,51,0.00013,4,7,11,4,7,11
11953874,,0.000076,0.000319,5,0.000223,15,3,18,15,3,18
11720478,,0,0.00005,2,0.000013,0,2,2,0,2,2
11309686,,0,0.000321,0,0.000013,0,3,3,0,3,3
11063672,,0.000068,0.000115,51,0.000324,11,6,17,11,6,17
10732752,,0,0.000013,0,0.000013,0,1,1,0,1,1
10560359,,0.001649,0.000013,41,0.000039,6,1,7,6,1,7
9770955,,0,0.000013,0,0.000013,0,1,1,0,1,1
30228860,,0,0,11,0.000013,0,1,1,0,1,1
9321770,,0,0,11,0.000117,10,0,10,10,0,10
29182601,,0,0,11,0.000013,0,1,1,0,1,1
29181263,,0,0.000002,11,0.000013,0,2,2,0,2,2
27486481,,0,0,11,0.000013,0,1,1,0,1,1
25946618,,0,0,11,0.000013,0,1,1,0,1,1
23074688,,0,0,11,0.000013,0,1,1,0,1,1
21435509,,0,0,11,0.000013,0,1,1,0,1,1
20655265,,0,0,11,0.000013,0,1,1,0,1,1
11073540,,0,0,11,0.000013,0,1,1,0,1,1
9792865,,0,0,11,0.000013,0,1,1,0,1,1
28928839,,0,0.000874,41,0.000013,0,3,3,0,3,3
28679371,,0,0.000441,41,0.000013,0,4,4,0,4,4
24579064,,0.003543,0.026824,32,0.000069,12,11,23,12,11,23
24479546,,0.000077,0.000348,0,0.000054,8,10,18,8,10,18
24175302,,0,0.02246,41,0.000013,0,3,3,0,3,3
21870267,,0.001141,0.000462,41,0.000051,7,3,10,7,3,10
21402071,,0,0.000028,41,0.000013,0,1,1,0,1,1
19890494,,0,0.000414,11,0.000013,0,4,4,0,4,4
18990703,,0.000092,0.000028,1,0.000072,8,2,10,8,2,10
18208621,,0.013706,0.000471,41,0.001435,68,2,70,68,2,70
18156209,,0,0.000028,41,0.000013,0,1,1,0,1,1
17945002,,0.00003,0.000155,1,0.000147,14,7,21,14,7,21
16846527,,0.001828,0.000147,33,0.00103,78,2,80,78,2,80
15574200,,0.000115,0.000028,11,0.000612,21,1,22,21,1,22
15287965,,0,0.000055,0,0.000013,0,4,4,0,4,4
10558858,,0,0.000028,1,0.000387,8,1,9,8,1,9
29844838,,0,0,2,0.000013,0,1,1,0,1,1
30320429,,0,0.000081,5,0.000013,0,7,7,0,7,7
30207098,,0,0.000108,2,0.000013,0,11,11,0,11,11
30178398,,0,0.000258,2,0.000013,0,10,10,0,10,10
30093737,,0,0.000085,2,0.000013,0,4,4,0,4,4
29880983,,0,0.000179,0,0.000013,0,7,7,0,7,7
29861850,,0,0.002454,2,0.000013,0,14,14,0,14,14
29781100,,0,0.000087,2,0.000013,0,2,2,0,2,2
29483665,,0,0.002055,0,0.000013,0,11,11,0,11,11
29356578,,0,0.001801,22,0.000013,0,12,12,0,12,12
29162654,,0,0.001472,5,0.000013,0,11,11,0,11,11
29160558,,0,0.000101,2,0.000013,0,6,6,0,6,6
28944288,,0,0.000055,2,0.000013,0,1,1,0,1,1
28943953,,0,0.000983,2,0.000013,0,5,5,0,5,5
28670484,,0,0.000314,0,0.000013,0,7,7,0,7,7
28623477,,0,0.000206,0,0.000013,0,8,8,0,8,8
28591191,,0.000003,0.002785,5,0.000015,2,11,13,2,11,13
28578505,,0,0.000087,2,0.000013,0,2,2,0,2,2
28351343,,0.000002,0.00007,2,0.000014,1,4,5,1,4,5
28142043,,0,0.000055,2,0.000013,0,1,1,0,1,1
28137790,,0,0.000089,2,0.000013,0,3,3,0,3,3
27815748,,0,0.000063,0,0.000013,0,3,3,0,3,3
27796713,,0,0.00045,0,0.000013,0,8,8,0,8,8
27741520,,0.000052,0.000343,2,0.000015,2,13,15,2,13,15
27464310,,0.000013,0.000371,0,0.000025,5,15,20,5,15,20
27200080,,0,0.000424,2,0.000013,0,4,4,0,4,4
27134689,,0.000006,0.000306,22,0.000027,3,8,11,3,8,11
26848446,,0,0.000114,2,0.000013,0,2,2,0,2,2
26786860,,0.000017,0.000929,2,0.000015,1,6,7,1,6,7
26690931,,0.000058,0.000965,5,0.000055,11,7,18,11,7,18
26677205,,0.000109,0.000148,0,0.000136,19,5,24,19,5,24
26155950,,0,0.000182,0,0.000013,0,8,8,0,8,8
26047126,,0,0.000118,19,0.000013,0,9,9,0,9,9
26025000,,0.000547,0.002596,0,0.000038,5,16,21,5,16,21
25983549,,0,0.000363,2,0.000013,0,6,6,0,6,6
25956172,,0,0.000178,0,0.000013,0,5,5,0,5,5
25605744,,0.000245,0.000632,2,0.000171,30,15,45,30,15,45
25371446,,0.000182,0.001525,2,0.000022,8,14,22,8,14,22
25138101,,0.00003,0.001674,2,0.000031,4,8,12,4,8,12
25114845,,0,0.001211,2,0.000013,0,4,4,0,4,4
24941967,,0,0.000328,2,0.000013,0,5,5,0,5,5
24833917,,0,0.000385,5,0.000013,0,3,3,0,3,3
24771903,,0,0.000683,0,0.000013,0,13,13,0,13,13
24686888,,0,0.000104,2,0.000013,0,2,2,0,2,2
24678132,,0.000005,0.000244,2,0.000035,4,8,12,4,8,12
24638001,,0.001203,0.024561,2,0.000039,7,12,19,7,12,19
24358447,,0,0.000063,5,0.000013,0,2,2,0,2,2
24353130,,0,0.000079,2,0.000013,0,4,4,0,4,4
24321553,,0,0.000056,30,0.000013,0,2,2,0,2,2
24281205,,0,0.000228,23,0.000013,0,3,3,0,3,3
24171047,,0,0.000073,2,0.000013,0,2,2,0,2,2
24165150,,0,0.000091,2,0.000013,0,3,3,0,3,3
24155753,,0.00003,0.000811,2,0.000043,4,7,11,4,7,11
24037976,,0,0.000055,2,0.000013,0,1,1,0,1,1
23819023,,0,0.001432,2,0.000013,0,14,14,0,14,14
23793601,,0,0.001453,2,0.000013,0,8,8,0,8,8
23690142,,0,0.000929,2,0.000013,0,6,6,0,6,6
23592716,,0,0.000055,2,0.000013,0,1,1,0,1,1
23300341,,0.000002,0.000095,14,0.000016,1,2,3,1,2,3
23247828,,0,0.001007,5,0.000013,0,8,8,0,8,8
23233716,,0.001701,0.002102,2,0.000149,43,13,56,43,13,56
23184082,,0,0.000922,2,0.000018,1,5,6,1,5,6
23171648,,0,0.000077,2,0.000013,0,2,2,0,2,2
23037493,,0.000215,0.002604,5,0.000049,10,25,35,10,25,35
22924092,,0,0.000055,2,0.000013,0,1,1,0,1,1
22711611,,0,0.000563,2,0.000013,0,6,6,0,6,6
22703879,,0.00121,0.000527,22,0.001096,99,6,105,99,6,105
22595938,,0,0.000055,2,0.000013,0,1,1,0,1,1
22290208,,0.000641,0.001666,2,0.000018,4,18,22,4,18,22
22124624,,0.000044,0.00106,0,0.000053,5,8,13,5,8,13
22054804,,0,0.000055,2,0.000013,0,1,1,0,1,1
21858794,,0,0.000386,2,0.000013,0,11,11,0,11,11
21540561,,0,0.000552,2,0.000013,0,3,3,0,3,3
21529750,,0,0.000966,2,0.000013,0,5,5,0,5,5
20512419,,0.000146,0.000698,2,0.000042,7,7,14,7,7,14
20410767,,0.003001,0.000729,5,0.000183,26,5,31,26,5,31
20234394,,0.000058,0.000671,2,0.000023,4,9,13,4,9,13
20234365,,0.000164,0.000482,0,0.000076,13,5,18,13,5,18
20068151,,0,0.000055,2,0.000013,0,1,1,0,1,1
20025726,,0,0.000065,5,0.000013,0,4,4,0,4,4
19949876,,0.000023,0.001382,2,0.000014,1,10,11,1,10,11
19904271,,0,0.000105,2,0.000013,0,3,3,0,3,3
19818148,,0,0.000055,2,0.000013,0,1,1,0,1,1
19805686,,0,0.000087,2,0.000013,0,2,2,0,2,2
19563646,,0.000157,0.000165,22,0.000088,16,4,20,16,4,20
19525703,,0.000024,0.000055,2,0.000025,2,1,3,2,1,3
19429733,,0.000008,0.000055,5,0.000062,7,1,8,7,1,8
19383884,,0,0.000055,2,0.000013,0,1,1,0,1,1
19258476,,0.000026,0.000055,33,0.000168,16,1,17,16,1,17
19208375,,0,0.000149,2,0.000013,0,3,3,0,3,3
19200354,,0.000189,0.000224,22,0.000184,18,6,24,18,6,24
19188678,,0,0.000999,2,0.000013,0,10,10,0,10,10
19174581,,0.00012,0.000902,2,0.000061,8,6,14,8,6,14
19090507,,0,0.000551,2,0.000013,0,2,2,0,2,2
19088015,,0.00004,0.000198,5,0.000554,44,6,50,44,6,50
19080039,,0,0.000055,2,0.000013,0,1,1,0,1,1
19075251,,0,0.000122,2,0.000013,0,3,3,0,3,3
18999202,,0,0.000055,2,0.000013,0,1,1,0,1,1
18836779,,0,0.000366,5,0.000013,0,3,3,0,3,3
18651949,,0.000004,0.000109,0,0.000036,3,3,6,3,3,6
18479882,,0.000018,0.000055,2,0.000179,12,1,13,12,1,13
18466632,,0.000781,0.000055,2,0.000149,12,1,13,12,1,13
18407567,,0.000081,0.000197,2,0.000054,9,7,16,9,7,16
18349277,,0.001503,0.000138,5,0.000262,34,3,37,34,3,37
18335566,,0,0.000055,2,0.000013,0,1,1,0,1,1
18316752,,0,0.000055,2,0.000013,0,1,1,0,1,1
18061181,,0,0.000055,2,0.000013,0,1,1,0,1,1
17888188,,0.000768,0.00099,2,0.000105,18,9,27,18,9,27
17636425,,0.000057,0.001008,2,0.000024,4,8,12,4,8,12
17625228,,0.001103,0.000393,28,0.000053,7,5,12,7,5,12
17420451,,0.002225,0.000257,23,0.001506,62,3,65,62,3,65
17416862,,0,0.000074,5,0.000013,0,2,2,0,2,2
17416853,,0.022063,0.0013,2,0.003143,333,6,339,333,6,339
17378937,,0.000182,0.000119,2,0.000039,10,3,13,10,3,13
17066320,,0.000202,0.000063,5,0.000311,22,2,24,22,2,24
17016486,,0.000326,0.000984,2,0.000324,15,8,23,15,8,23
17003396,,0,0.000055,2,0.000013,0,1,1,0,1,1
16941638,,0,0.000055,2,0.000013,0,1,1,0,1,1
16918912,,0.000092,0.000055,2,0.000048,7,1,8,7,1,8
16909138,,0.000053,0.00099,2,0.000024,2,6,8,2,6,8
16800895,,0,0.000435,30,0.000145,4,4,8,4,4,8
16762045,,0,0.000055,2,0.000013,0,1,1,0,1,1
16646800,,0,0.001191,2,0.000013,0,3,3,0,3,3
16417652,,0.001013,0.001956,2,0.000263,23,11,34,23,11,34
16098152,,0,0.000059,2,0.000013,0,2,2,0,2,2
15857495,,0,0.000055,2,0.000013,0,1,1,0,1,1
15834239,,0.000003,0.000365,5,0.000125,18,3,21,18,3,21
15785743,,0,0.000087,2,0.000013,0,2,2,0,2,2
15381934,,0.001426,0.001721,2,0.001679,99,7,106,99,7,106
15280342,,0.000165,0.000055,5,0.000696,64,1,65,64,1,65
12843322,,0.00012,0.000372,2,0.000172,5,5,10,5,5,10
11857015,,0.001446,0.00053,0,0.0027,108,5,113,108,5,113
11527843,,0,0.000367,28,0.000013,0,4,4,0,4,4
28466039,,0,0,4,0.000013,0,1,1,0,1,1
9460988,,0,0,4,0.000133,11,0,11,11,0,11
17311676,,0,0,4,0.000013,0,1,1,0,1,1
14514919,,0,0,4,0.000013,0,1,1,0,1,1
12392596,,0,0,4,0.000013,0,1,1,0,1,1
11953825,,0,0,4,0.000013,0,1,1,0,1,1
11836442,,0,0,4,0.000013,0,1,1,0,1,1
11376128,,0,0,4,0.000013,0,1,1,0,1,1
11104563,,0,0,4,0.000013,0,1,1,0,1,1
10471054,,0,0,4,0.000013,0,1,1,0,1,1
10391090,,0,0,4,0.000013,0,1,1,0,1,1
9653156,,0,0,4,0.000013,0,1,1,0,1,1
9475087,,0.000022,0,2,0.000179,4,0,4,4,0,4
12471197,,0,0.000432,0,0.000013,0,4,4,0,4,4
30135627,,0,0,19,0.000013,0,1,1,0,1,1
9484819,,0.000007,0,19,0.000235,22,0,22,22,0,22
29528422,,0,0,19,0.000013,0,2,2,0,2,2
28729543,,0,0,19,0.000013,0,1,1,0,1,1
26862731,,0,0,19,0.000013,0,1,1,0,1,1
26541290,,0,0,19,0.000013,0,1,1,0,1,1
25415331,,0.000016,0,2,0.000019,3,1,4,3,1,4
24376993,,0,0,19,0.000013,0,1,1,0,1,1
23617930,,0,0,19,0.000013,0,1,1,0,1,1
23049746,,0,0,19,0.000013,0,1,1,0,1,1
22187037,,0,0,19,0.000013,0,1,1,0,1,1
21595606,,0,0,19,0.000013,0,1,1,0,1,1
20798883,,0,0,19,0.000013,0,1,1,0,1,1
18414410,,0,0,19,0.000013,0,1,1,0,1,1
17848944,,0,0,19,0.000013,0,1,1,0,1,1
16538220,,0,0,19,0.000013,0,1,1,0,1,1
12454765,,0,0.000002,19,0.000013,0,2,2,0,2,2
11710829,,0,0,19,0.000013,0,1,1,0,1,1
11286467,,0,0.000306,19,0.000013,0,2,2,0,2,2
11259091,,0,0,19,0.000013,0,1,1,0,1,1
10699050,,0,0,19,0.000013,0,1,1,0,1,1
9862564,,0,0,19,0.000013,0,1,1,0,1,1
30275608,,0,0.023627,5,0.000013,0,14,14,0,14,14
30262796,,0,0.000741,0,0.000013,0,19,19,0,19,19
30234181,,0,0.026253,51,0.000013,0,22,22,0,22,22
30075794,,0,0.000306,2,0.000013,0,2,2,0,2,2
29998082,,0,0.001379,5,0.000013,0,14,14,0,14,14
29955703,,0,0.000308,32,0.000013,0,2,2,0,2,2
29733510,,0,0.000401,2,0.000013,0,5,5,0,5,5
29659587,,0,0.002402,2,0.000013,0,14,14,0,14,14
29582646,,0,0.000814,2,0.000013,0,5,5,0,5,5
29566657,,0,0.000671,23,0.000013,0,15,15,0,15,15
29480828,,0,0.004045,41,0.000013,0,18,18,0,18,18
29466291,,0,0.002252,5,0.000013,0,9,9,0,9,9
29456844,,0,0.000308,29,0.000013,0,3,3,0,3,3
29435039,,0,0.001593,22,0.000013,0,16,16,0,16,16
29422015,,0,0.000477,0,0.000013,0,5,5,0,5,5
29368425,,0,0.001628,2,0.000013,0,6,6,0,6,6
29325452,,0,0.001439,5,0.000013,0,22,22,0,22,22
29228967,,0,0.000526,5,0.000013,0,4,4,0,4,4
29196913,,0,0.000306,2,0.000013,0,1,1,0,1,1
29161300,,0,0.000515,2,0.000013,0,9,9,0,9,9
28977883,,0,0.000309,2,0.000013,0,2,2,0,2,2
28894848,,0,0.000765,2,0.000013,0,3,3,0,3,3
28814288,,0,0.002188,2,0.000013,0,22,22,0,22,22
28796317,,0.000015,0.000825,23,0.000014,1,12,13,1,12,13
28685084,,0,0.001062,5,0.000013,0,8,8,0,8,8
28680148,,0.000022,0.001836,2,0.000025,3,16,19,3,16,19
28670351,,0,0.000864,23,0.000013,0,11,11,0,11,11
28657222,,0,0.003408,0,0.000013,0,13,13,0,13,13
28629773,,0,0.001416,8,0.000013,0,6,6,0,6,6
28624978,,0.000001,0.000978,5,0.000026,2,10,12,2,10,12
28538673,,0,0.001142,10,0.000013,0,3,3,0,3,3
28477017,,0,0.002705,2,0.000013,0,8,8,0,8,8
28392550,,0,0.000383,5,0.000013,0,7,7,0,7,7
28382102,,0,0.000323,11,0.000013,0,3,3,0,3,3
28285341,,0,0.001911,5,0.000013,0,11,11,0,11,11
28177912,,0,0.000306,2,0.000013,0,1,1,0,1,1
28157161,,0.00003,0.000312,19,0.000014,1,3,4,1,3,4
28112991,,0,0.000334,2,0.000013,0,2,2,0,2,2
28076950,,0,0.000306,2,0.000013,0,1,1,0,1,1
27899083,,0,0.001603,0,0.000013,0,18,18,0,18,18
27876019,,0,0.000341,33,0.000013,0,2,2,0,2,2
27844253,,0,0.000306,2,0.000013,0,1,1,0,1,1
27843583,,0,0.00034,17,0.000035,2,3,5,2,3,5
27788678,,0,0.002183,0,0.000013,0,7,7,0,7,7
27779110,,0.000009,0.002992,5,0.000014,1,13,14,1,13,14
27769992,,0,0.000306,2,0.000013,0,1,1,0,1,1
27716388,,0.000036,0.00182,35,0.000049,8,10,18,8,10,18
27688728,,0,0.000321,2,0.000013,0,3,3,0,3,3
27600412,,0,0.000469,8,0.000013,0,2,2,0,2,2
27587993,,0,0.000306,2,0.000013,0,1,1,0,1,1
27553291,,0.000002,0.000534,35,0.000033,3,18,21,3,18,21
27443514,,0.000007,0.0023,5,0.000044,5,8,13,5,8,13
27413415,,0,0.000346,10,0.000013,0,5,5,0,5,5
27391110,,0,0.001942,2,0.000013,0,9,9,0,9,9
27338744,,0.000039,0.000367,5,0.000032,4,5,9,4,5,9
27325848,,0,0.000491,5,0.000013,0,9,9,0,9,9
27306910,,0,0.000471,2,0.000013,0,6,6,0,6,6
27303907,,0.000057,0.000331,2,0.000015,3,9,12,3,9,12
27286002,,0,0.000306,2,0.000013,0,1,1,0,1,1
27273131,,0.000046,0.001693,22,0.000016,2,6,8,2,6,8
27252788,,0,0.00177,0,0.000013,0,5,5,0,5,5
27192130,,0,0.000508,5,0.000013,0,7,7,0,7,7
27144894,,0,0.00043,32,0.000013,0,5,5,0,5,5
27144062,,0,0.002703,5,0.000013,0,17,17,0,17,17
27129401,,0.000049,0.001166,2,0.000019,2,7,9,2,7,9
27095945,,0,0.000415,0,0.000013,0,4,4,0,4,4
27077130,,0,0.000306,2,0.000013,0,1,1,0,1,1
27066510,,0.00001,0.001737,0,0.000029,4,7,11,4,7,11
27050030,,0,0.000306,2,0.000013,0,1,1,0,1,1
27027444,,0,0.000369,1,0.000013,0,5,5,0,5,5
26997744,,0.000066,0.001245,2,0.000015,3,7,10,3,7,10
26986251,,0.000006,0.001762,1,0.000033,4,6,10,4,6,10
26920070,,0.000059,0.001021,22,0.000014,1,13,14,1,13,14
26884819,,0,0.000569,22,0.000013,0,7,7,0,7,7
26870808,,0,0.001137,2,0.000013,0,7,7,0,7,7
26823519,,0,0.000419,0,0.000013,0,3,3,0,3,3
26768420,,0,0.000383,2,0.000013,0,3,3,0,3,3
26715507,,0,0.001649,51,0.000013,0,4,4,0,4,4
26690337,,0,0.001149,5,0.000013,0,4,4,0,4,4
26568913,,0.001034,0.02544,41,0.000047,4,9,13,4,9,13
26550133,,0,0.000501,0,0.000013,0,3,3,0,3,3
26511885,,0.00188,0.00138,31,0.000204,27,5,32,27,5,32
26328548,,0,0.000308,11,0.000013,0,2,2,0,2,2
26309417,,0,0.025418,32,0.000013,0,9,9,0,9,9
26293705,,0,0.000306,2,0.000013,0,1,1,0,1,1
26237476,,0,0.000306,2,0.000013,0,1,1,0,1,1
26187060,,0.000099,0.002069,2,0.00003,6,25,31,6,25,31
26162567,,0,0.000422,0,0.000013,0,4,4,0,4,4
26109977,,0.000046,0.000333,2,0.000084,11,8,19,11,8,19
26082944,,0,0.000306,2,0.000024,1,1,2,1,1,2
26078790,,0,0.000377,2,0.000013,0,4,4,0,4,4
26045257,,0,0.000306,2,0.000013,0,1,1,0,1,1
26010605,,0,0.001137,2,0.000013,0,5,5,0,5,5
25948675,,0.00002,0.000416,2,0.000028,3,4,7,3,4,7
25908947,,0,0.000309,2,0.000013,0,2,2,0,2,2
25902343,,0,0.001631,2,0.000013,0,3,3,0,3,3
25848941,,0.000041,0.000775,0,0.00011,11,8,19,11,8,19
25798252,,0,0.000817,5,0.000013,0,4,4,0,4,4
25789047,,0,0.000364,0,0.000013,0,3,3,0,3,3
25713430,,0,0.000806,5,0.000013,0,3,3,0,3,3
25692038,,0,0.000592,0,0.000013,0,12,12,0,12,12
25666348,,0,0.000418,8,0.000013,0,3,3,0,3,3
25569233,,0,0.000306,2,0.000013,0,1,1,0,1,1
25482078,,0.001743,0.002065,0,0.000061,8,7,15,8,7,15
25447904,,0,0.000382,1,0.000013,0,4,4,0,4,4
25427996,,0.000002,0.000318,5,0.000025,3,6,9,3,6,9
25376862,,0.000852,0.000357,5,0.000077,24,5,29,24,5,29
25236687,,0.000856,0.00173,2,0.000058,22,10,32,22,10,32
25192939,,0.00202,0.002511,5,0.000134,41,9,50,41,9,50
25091735,,0,0.000306,2,0.000013,0,1,1,0,1,1
25002817,,0,0.000306,2,0.000013,0,1,1,0,1,1
24971890,,0,0.000306,2,0.000013,0,1,1,0,1,1
24955283,,0,0.00045,41,0.000026,2,4,6,2,4,6
24951267,,0.000081,0.000328,0,0.000025,5,3,8,5,3,8
24950059,,0.000085,0.000359,29,0.000027,5,3,8,5,3,8
24944648,,0.000017,0.000316,35,0.00002,2,5,7,2,5,7
24915755,,0,0.000801,2,0.000013,0,2,2,0,2,2
24901479,,0,0.000306,2,0.000013,0,1,1,0,1,1
24884479,,0.000245,0.000415,2,0.000035,14,9,23,14,9,23
24872733,,0,0.001151,5,0.000013,0,3,3,0,3,3
24796968,,0,0.000377,2,0.000013,0,4,4,0,4,4
24711870,,0,0.000311,2,0.000013,0,3,3,0,3,3
24695549,,0,0.001513,22,0.000013,0,13,13,0,13,13
24667084,,0.000003,0.002032,2,0.000028,3,5,8,3,5,8
24660075,,0,0.001236,51,0.000013,0,5,5,0,5,5
24563347,,0,0.000306,2,0.000013,0,1,1,0,1,1
24501658,,0,0.000306,2,0.000013,0,1,1,0,1,1
24429628,,0,0.001884,0,0.000013,0,12,12,0,12,12
24358278,,0,0.00032,2,0.000013,0,4,4,0,4,4
24292448,,0.001383,0.001673,32,0.000251,28,5,33,28,5,33
24198482,,0,0.000306,2,0.000013,0,1,1,0,1,1
24179442,,0,0.000359,8,0.000013,0,5,5,0,5,5
24097974,,0,0.000306,41,0.000013,0,2,2,0,2,2
24072553,,0,0.0012,5,0.000013,0,5,5,0,5,5
23946868,,0,0.000508,23,0.000013,0,3,3,0,3,3
23935836,,0.000389,0.000997,23,0.000034,10,9,19,10,9,19
23917453,,0,0.00115,5,0.000013,0,5,5,0,5,5
23836079,,0,0.000306,2,0.000013,0,1,1,0,1,1
23781229,,0,0.000306,2,0.000013,0,1,1,0,1,1
23762064,,0,0.000314,32,0.000013,0,3,3,0,3,3
23690926,,0,0.000318,2,0.000013,0,2,2,0,2,2
23680028,,0,0.000306,2,0.000035,2,1,3,2,1,3
23579217,,0.00003,0.000809,0,0.000041,5,4,9,5,4,9
23536787,,0.00067,0.026816,41,0.000086,4,12,16,4,12,16
23431300,,0,0.000307,5,0.000013,0,2,2,0,2,2
23405268,,0,0.000372,0,0.000013,0,5,5,0,5,5
23318652,,0.000208,0.000755,0,0.000056,11,13,24,11,13,24
23300655,,0.000168,0.000791,0,0.000053,12,11,23,12,11,23
23293602,,0,0.001539,35,0.000013,0,8,8,0,8,8
23271408,,0.000038,0.001172,19,0.000059,7,5,12,7,5,12
23267305,,0.00005,0.000377,2,0.000024,3,8,11,3,8,11
23248761,,0,0.022429,2,0.000013,0,2,2,0,2,2
23231005,,0,0.001162,2,0.000087,4,3,7,4,3,7
23216834,,0.000217,0.001421,0,0.000087,19,8,27,19,8,27
23213100,,0,0.001886,5,0.000013,0,7,7,0,7,7
23199085,,0,0.000307,5,0.000013,0,2,2,0,2,2
23179792,,0.000003,0.00033,41,0.000029,2,2,4,2,2,4
23133607,,0,0.000306,2,0.000013,0,1,1,0,1,1
23099436,,0.000059,0.000343,2,0.000031,6,8,14,6,8,14
23093334,,0.000022,0.000323,5,0.000022,4,3,7,4,3,7
23056176,,0,0.000311,0,0.000013,0,3,3,0,3,3
23054337,,0,0.00033,2,0.000013,0,2,2,0,2,2
23028338,,0,0.000891,5,0.000013,0,5,5,0,5,5
22977638,,0.000049,0.00144,2,0.000041,4,8,12,4,8,12
22977115,,0,0.022429,2,0.000013,0,2,2,0,2,2
22869870,,0,0.00032,0,0.000013,0,2,2,0,2,2
22853843,,0,0.000308,33,0.000013,0,2,2,0,2,2
22792303,,0,0.000907,32,0.000013,0,7,7,0,7,7
22790858,,0,0.000767,35,0.000013,0,4,4,0,4,4
22753008,,0,0.000933,22,0.000013,0,16,16,0,16,16
22736444,,0,0.000307,2,0.000013,0,2,2,0,2,2
22678057,,0.000988,0.001526,22,0.000051,13,18,31,13,18,31
22670098,,0,0.00118,2,0.000013,0,4,4,0,4,4
22662244,,0,0.001224,2,0.000013,0,6,6,0,6,6
22632462,,0.000105,0.000458,22,0.000097,14,8,22,14,8,22
22544547,,0.001122,0.002079,2,0.00013,33,5,38,33,5,38
22429896,,0,0.000306,2,0.000013,0,1,1,0,1,1
22425664,,0.000009,0.001057,2,0.000027,2,4,6,2,4,6
22357897,,0,0.001135,2,0.000013,0,2,2,0,2,2
22275959,,0,0.000343,11,0.000013,0,3,3,0,3,3
22274690,,0.000086,0.024695,41,0.000022,2,8,10,2,8,10
22262859,,0,0.000306,2,0.000013,0,1,1,0,1,1
22253144,,0.001175,0.00172,0,0.000093,12,16,28,12,16,28
22235027,,0,0.000306,2,0.000013,0,1,1,0,1,1
22231042,,0.000246,0.002592,5,0.000121,21,19,40,21,19,40
22218884,,0,0.00032,2,0.000013,0,2,2,0,2,2
22160602,,0,0.000365,2,0.000013,0,10,10,0,10,10
22139894,,0.007172,0.024318,41,0.000162,24,7,31,24,7,31
22112691,,0,0.001428,5,0.000013,0,6,6,0,6,6
22053997,,0.000784,0.001526,0,0.000211,26,15,41,26,15,41
22045356,,0,0.001029,41,0.000013,0,3,3,0,3,3
22009639,,0.000077,0.000379,2,0.000039,7,5,12,7,5,12
21933006,,0,0.000503,2,0.000013,0,2,2,0,2,2
21892298,,0,0.000306,2,0.000013,0,1,1,0,1,1
21855118,,0,0.00154,32,0.000013,0,3,3,0,3,3
21835029,,0.000033,0.000338,22,0.000114,7,2,9,7,2,9
21834074,,0,0.001151,2,0.000013,0,3,3,0,3,3
21816897,,0,0.00158,2,0.000013,0,4,4,0,4,4
21811309,,0,0.001232,0,0.000013,0,4,4,0,4,4
21778580,,0.000181,0.001129,35,0.000113,19,10,29,19,10,29
21708937,,0.000001,0.002223,0,0.000064,6,9,15,6,9,15
21681822,,0,0.000306,2,0.000013,0,1,1,0,1,1
21668996,,0,0.000306,2,0.000013,0,1,1,0,1,1
21637504,,0,0.000437,0,0.000013,0,4,4,0,4,4
21637503,,0.000388,0.00036,2,0.000321,24,9,33,24,9,33
21603083,,0,0.000306,2,0.000078,6,1,7,6,1,7
21571596,,0,0.000343,8,0.000013,0,2,2,0,2,2
21552502,,0,0.000306,2,0.000013,0,1,1,0,1,1
21487411,,0.000527,0.000517,0,0.000198,31,4,35,31,4,35
21444874,,0.000747,0.000306,5,0.000184,37,1,38,37,1,38
21427728,,0.000093,0.001389,0,0.000026,4,7,11,4,7,11
21424757,,0.000062,0.001588,5,0.000015,2,7,9,2,7,9
21404118,,0.00008,0.000345,2,0.000036,9,8,17,9,8,17
21369831,,0,0.001539,5,0.000013,0,8,8,0,8,8
21365268,,0.000019,0.001784,5,0.000038,6,14,20,6,14,20
21365267,,0.000594,0.001247,23,0.000112,26,13,39,26,13,39
21246292,,0,0.002515,5,0.000016,1,8,9,1,8,9
21218378,,0,0.000306,2,0.000013,0,1,1,0,1,1
21169536,,0.00161,0.001612,0,0.000215,23,14,37,23,14,37
21102443,,0,0.000306,2,0.000013,0,1,1,0,1,1
21037853,,0,0.000623,0,0.000013,0,9,9,0,9,9
20980697,,0.0001,0.001174,5,0.000097,12,4,16,12,4,16
20961453,,0.000219,0.001563,5,0.000071,12,10,22,12,10,22
20932271,,0,0.000306,2,0.000013,0,1,1,0,1,1
20930542,,0,0.00032,2,0.000013,0,2,2,0,2,2
20921543,,0,0.000339,2,0.000013,0,2,2,0,2,2
20824037,,0,0.000311,2,0.000013,0,3,3,0,3,3
20810374,,0.008789,0.001025,5,0.001633,220,5,225,220,5,225
20687957,,0.00006,0.001243,5,0.000022,4,11,15,4,11,15
20676756,,0.000022,0.001297,2,0.000091,13,6,19,13,6,19
20647335,,0,0.000313,5,0.000013,0,2,2,0,2,2
20639550,,0,0.000321,32,0.000013,0,4,4,0,4,4
20631074,,0,0.000331,2,0.000013,0,2,2,0,2,2
20567624,,0.000031,0.000349,2,0.000036,3,3,6,3,3,6
20554149,,0,0.000306,2,0.000013,0,1,1,0,1,1
20542480,,0.000652,0.002137,0,0.000856,93,28,121,93,28,121
20530438,,0,0.000383,0,0.000013,0,3,3,0,3,3
20510205,,0,0.002646,35,0.000013,0,9,9,0,9,9
20456938,,0,0.001487,0,0.000013,0,7,7,0,7,7
20397150,,0,0.001135,2,0.000013,0,2,2,0,2,2
20233481,,0,0.000311,5,0.000013,0,3,3,0,3,3
20233480,,0,0.001138,5,0.000013,0,4,4,0,4,4
20223033,,0,0.001139,2,0.000013,0,3,3,0,3,3
20177093,,0,0.001135,2,0.000013,0,2,2,0,2,2
20167074,,0.000007,0.000306,2,0.000148,13,1,14,13,1,14
20146796,,0.000115,0.000696,0,0.000148,12,6,18,12,6,18
20135344,,0.000148,0.001652,0,0.000108,14,8,22,14,8,22
20111735,,0.000165,0.0005,2,0.000195,15,2,17,15,2,17
20101300,,0.000101,0.001142,5,0.000142,9,4,13,9,4,13
20028858,,0,0.001578,2,0.000013,0,3,3,0,3,3
20014424,,0,0.000306,2,0.000013,0,1,1,0,1,1
19996031,,0.001048,0.002056,5,0.000229,42,8,50,42,8,50
19958922,,0,0.000306,2,0.000013,0,1,1,0,1,1
19920816,,0.000102,0.001291,0,0.000051,5,5,10,5,5,10
19876733,,0.000061,0.001848,0,0.000052,4,8,12,4,8,12
19843326,,0.000172,0.001711,0,0.000179,19,6,25,19,6,25
19833573,,0,0.000306,5,0.000013,0,2,2,0,2,2
19804604,,0,0.000879,2,0.000013,0,8,8,0,8,8
19767587,,0,0.001135,2,0.000013,0,2,2,0,2,2
19695104,,0,0.000306,2,0.000013,0,1,1,0,1,1
19619314,,0.000097,0.000408,2,0.000042,7,5,12,7,5,12
19596651,,0,0.000306,2,0.000013,0,1,1,0,1,1
19567506,,0.000021,0.000921,2,0.000041,4,7,11,4,7,11
19543528,,0.000002,0.000367,14,0.000073,7,3,10,7,3,10
19536330,,0,0.000355,0,0.000013,0,4,4,0,4,4
19493351,,0,0.000427,2,0.000013,0,3,3,0,3,3
19466581,,0,0.00049,2,0.000013,0,2,2,0,2,2
19460581,,0.000185,0.001631,19,0.001098,112,3,115,112,3,115
19383375,,0.004892,0.002653,2,0.000172,37,20,57,37,20,57
19367322,,0,0.000662,5,0.000013,0,4,4,0,4,4
19324993,,0.000098,0.000324,2,0.0001,6,2,8,6,2,8
19319666,,0,0.000306,2,0.000013,0,1,1,0,1,1
19277124,,0.000166,0.001245,19,0.000116,15,5,20,15,5,20
19240718,,0,0.000367,14,0.000013,0,3,3,0,3,3
19223511,,0,0.000306,2,0.000013,0,1,1,0,1,1
19141781,,0.008189,0.001404,5,0.001129,140,6,146,140,6,146
19128425,,0,0.001387,0,0.000013,0,5,5,0,5,5
19119312,,0,0.000424,8,0.000013,0,2,2,0,2,2
19089844,,0.000005,0.000306,0,0.00005,5,1,6,5,1,6
19043619,,0,0.001325,8,0.000013,0,6,6,0,6,6
18992264,,0,0.000482,22,0.000013,0,5,5,0,5,5
18979190,,0.000122,0.000306,5,0.000104,14,1,15,14,1,15
18925859,,0,0.000424,8,0.000013,0,2,2,0,2,2
18851829,,0,0.000306,2,0.000013,0,1,1,0,1,1
18834503,,0,0.000306,2,0.000013,0,1,1,0,1,1
18812548,,0,0.001171,2,0.000013,0,3,3,0,3,3
18783588,,0.000178,0.000318,2,0.00003,12,7,19,12,7,19
18782836,,0,0.000306,2,0.000013,0,1,1,0,1,1
18718648,,0,0.001159,2,0.000013,0,3,3,0,3,3
18706089,,0.000074,0.000385,0,0.000044,6,7,13,6,7,13
18703817,,0.000361,0.001324,2,0.000147,24,10,34,24,10,34
18702049,,0,0.000306,2,0.000013,0,1,1,0,1,1
18691161,,0,0.000306,2,0.000013,0,1,1,0,1,1
18662409,,0.000122,0.001235,2,0.000035,7,8,15,7,8,15
18647968,,0.000088,0.000306,33,0.000623,24,1,25,24,1,25
18628483,,0.0002,0.000607,11,0.000098,16,7,23,16,7,23
18618591,,0.00016,0.000312,8,0.000298,20,3,23,20,3,23
18542066,,0.000023,0.001241,0,0.000095,8,6,14,8,6,14
18513387,,0.001605,0.000525,0,0.000424,48,7,55,48,7,55
18489799,,0.000161,0.001191,2,0.000051,13,7,20,13,7,20
18450541,,0,0.000306,2,0.000013,0,1,1,0,1,1
18443409,,0,0.000424,8,0.000013,0,2,2,0,2,2
18410690,,0.000066,0.001135,5,0.000028,3,2,5,3,2,5
18402691,,0,0.00042,0,0.000044,5,9,14,5,9,14
18355772,,0.001551,0.001418,0,0.001037,93,9,102,93,9,102
18344704,,0.000257,0.001135,5,0.000105,17,2,19,17,2,19
18326623,,0.00062,0.000311,0,0.001302,146,3,149,146,3,149
18268356,,0.006465,0.001209,5,0.001305,104,3,107,104,3,107
18268124,,0,0.001639,2,0.000013,0,4,4,0,4,4
18230179,,0,0.000306,0,0.000013,0,2,2,0,2,2
18196574,,0.001592,0.001144,5,0.000367,55,5,60,55,5,60
17999359,,0.003458,0.001408,0,0.001432,100,12,112,100,12,112
17850658,,0.000014,0.000379,41,0.000027,2,2,4,2,2,4
17697391,,0,0.000514,26,0.000029,2,4,6,2,4,6
17673440,,0,0.001147,2,0.000013,0,3,3,0,3,3
17603881,,0.000535,0.000379,2,0.000156,18,3,21,18,3,21
17561994,,0.000066,0.000343,2,0.000059,5,5,10,5,5,10
17541692,,0.000387,0.000306,5,0.000088,17,1,18,17,1,18
17525270,,0,0.000417,0,0.000013,0,4,4,0,4,4
17466083,,0.002629,0.001185,0,0.001164,62,7,69,62,7,69
17341306,,0.000114,0.00031,5,0.00005,5,2,7,5,2,7
17324252,,0.000004,0.00031,33,0.000111,11,3,14,11,3,14
17213827,,0,0.001137,8,0.000013,0,3,3,0,3,3
17213823,,0.003586,0.001349,51,0.000427,59,8,67,59,8,67
17106493,,0,0.000306,2,0.000013,0,1,1,0,1,1
17079251,,0.000537,0.000319,2,0.000297,33,5,38,33,5,38
16978908,,0.000134,0.000661,22,0.00025,18,9,27,18,9,27
16825437,,0.00013,0.000338,0,0.00004,7,2,9,7,2,9
16825431,,0.000565,0.00031,11,0.00078,56,2,58,56,2,58
16762046,,0.000033,0.000353,0,0.000077,6,5,11,6,5,11
16623069,,0,0.000306,2,0.000013,0,1,1,0,1,1
16622469,,0,0.000306,2,0.000013,0,1,1,0,1,1
16622123,,0.001006,0.001138,0,0.000654,38,3,41,38,3,41
16575876,,0.000306,0.001263,0,0.000939,35,7,42,35,7,42
16563180,,0.000106,0.001152,19,0.000093,12,4,16,12,4,16
16539696,,0.00018,0.000445,2,0.000026,6,4,10,6,4,10
16522651,,0,0.000306,2,0.000013,0,1,1,0,1,1
16507150,,0.000617,0.000309,33,0.000577,46,4,50,46,4,50
16460311,,0,0.000306,2,0.000013,0,1,1,0,1,1
16457692,,0.000099,0.001135,29,0.000103,7,2,9,7,2,9
16407375,,0,0.000306,2,0.000013,0,1,1,0,1,1
16280053,,0,0.000306,2,0.000013,0,1,1,0,1,1
16229746,,0,0.000343,41,0.000013,0,2,2,0,2,2
16168130,,0.000201,0.001248,19,0.00018,20,4,24,20,4,24
16136053,,0,0.000306,2,0.000013,0,1,1,0,1,1
16131554,,0,0.000306,2,0.000013,0,1,1,0,1,1
16052221,,0.000327,0.001135,5,0.000482,36,2,38,36,2,38
15831578,,0,0.000306,2,0.000013,0,1,1,0,1,1
15681486,,0,0.000306,2,0.000013,0,1,1,0,1,1
15653260,,0,0.000306,2,0.000013,0,1,1,0,1,1
15545966,,0.00105,0.001182,5,0.000414,19,3,22,19,3,22
15217508,,0.000019,0.000306,0,0.000023,3,1,4,3,1,4
15217505,,0,0.000339,2,0.000013,0,3,3,0,3,3
15217503,,0.000007,0.000306,33,0.000146,2,1,3,2,1,3
15138485,,0.000235,0.000354,0,0.000547,26,4,30,26,4,30
14979910,,0,0.000338,2,0.000013,0,2,2,0,2,2
14962874,,0,0.000306,2,0.000013,0,1,1,0,1,1
14680492,,0.000003,0.000344,0,0.000044,2,3,5,2,3,5
14627668,,0,0.000306,2,0.000013,0,1,1,0,1,1
14583096,,0.000004,0.000306,29,0.000079,3,1,4,3,1,4
12672886,,0,0.000306,2,0.000013,0,2,2,0,2,2
12368216,,0,0.000306,2,0.000013,0,1,1,0,1,1
12177798,,0.000043,0.000316,2,0.000098,9,4,13,9,4,13
12145750,,0.00068,0.000338,22,0.000298,22,3,25,22,3,25
11875732,,0,0.000306,2,0.000013,0,1,1,0,1,1
11850376,,0,0.000306,2,0.000013,0,1,1,0,1,1
11756561,,0.002573,0.000372,8,0.00291,76,3,79,76,3,79
11556836,,0.000047,0.000306,0,0.000042,7,1,8,7,1,8
11437399,,0.000157,0.000306,0,0.000609,17,1,18,17,1,18
11433037,,0,0.000306,2,0.000013,0,1,1,0,1,1
11431403,,0,0.000311,2,0.000013,0,2,2,0,2,2
11395387,,0,0.000306,2,0.000013,0,1,1,0,1,1
11250722,,0.000022,0.000306,2,0.000129,5,1,6,5,1,6
11250683,,0,0.000307,28,0.000029,2,2,4,2,2,4
11250676,,0,0.000306,2,0.000013,0,1,1,0,1,1
11207042,,0.000001,0.000361,2,0.000032,3,3,6,3,3,6
11133358,,0.000113,0.00031,0,0.000668,20,3,23,20,3,23
11044356,,0.000054,0.000306,35,0.000069,9,1,10,9,1,10
10917555,,0,0.000306,2,0.000013,0,1,1,0,1,1
10528853,,0,0.000306,2,0.000013,0,1,1,0,1,1
10487825,,0,0.000306,2,0.000013,0,1,1,0,1,1
10441587,,0,0.000306,2,0.000013,0,1,1,0,1,1
10090894,,0,0.000306,2,0.000013,0,1,1,0,1,1
10621995,,0,0.000001,28,0.000013,0,1,1,0,1,1
29507080,,0,0.000132,8,0.000013,0,4,4,0,4,4
29309696,,0.000023,0.000688,8,0.000014,1,17,18,1,17,18
29191972,,0.000534,0.003781,5,0.000015,1,9,10,1,9,10
28546758,,0,0.032898,41,0.000024,1,34,35,1,34,35
27725183,,0.000069,0.000525,8,0.000027,3,11,14,3,11,14
27596592,,0.000057,0.000583,8,0.000063,9,13,22,9,13,22
27474148,,0,0.00032,8,0.000013,0,4,4,0,4,4
26843898,,0.000129,0.000357,22,0.00002,7,10,17,7,10,17
25932169,,0.000016,0.000986,0,0.000015,1,5,6,1,5,6
25874343,,0,0.000054,8,0.000013,0,1,1,0,1,1
25773776,,0,0.000518,8,0.000013,0,4,4,0,4,4
25520194,,0,0.00051,8,0.000013,0,4,4,0,4,4
24701133,,0,0.000092,8,0.000013,0,2,2,0,2,2
24583581,,0.000002,0.000519,8,0.000029,2,6,8,2,6,8
24389207,,0.000144,0.00405,32,0.000074,11,18,29,11,18,29
24387338,,0,0.001382,29,0.000013,0,6,6,0,6,6
24323938,,0.000365,0.002556,8,0.000085,17,41,58,17,41,58
24013206,,0.000874,0.001517,8,0.00018,28,18,46,28,18,46
23935068,,0.000193,0.000665,8,0.000067,12,11,23,12,11,23
23341130,,0,0.000092,8,0.000013,0,2,2,0,2,2
22952718,,0,0.000054,8,0.000013,0,1,1,0,1,1
22889934,,0,0.000153,8,0.000013,0,2,2,0,2,2
22661230,,0,0.000054,8,0.000013,0,1,1,0,1,1
22258411,,0,0.000542,32,0.000013,0,3,3,0,3,3
22157755,,0,0.0003,8,0.000013,0,7,7,0,7,7
21789034,,0.000029,0.000615,8,0.000079,9,13,22,9,13,22
21670257,,0.001844,0.000459,8,0.000155,40,8,48,40,8,48
21483806,,0.000105,0.000951,11,0.000171,19,5,24,19,5,24
21052706,,0,0.000157,8,0.000013,0,3,3,0,3,3
20976268,,0,0.000073,1,0.000013,0,2,2,0,2,2
20729832,,0.00748,0.000559,8,0.001624,212,9,221,212,9,221
20719876,,0.000577,0.001093,70,0.000484,42,4,46,42,4,46
19875419,,0.000393,0.000425,8,0.000269,26,10,36,26,10,36
19808958,,0.000011,0.000129,1,0.000221,23,5,28,23,5,28
19783859,,0,0.000249,8,0.000013,0,6,6,0,6,6
19654294,,0.015578,0.001385,32,0.000971,82,4,86,82,4,86
19451272,,0,0.000054,8,0.000013,0,1,1,0,1,1
19338667,,0,0.000092,8,0.000013,0,2,2,0,2,2
19303847,,0.003226,0.000326,8,0.001214,92,8,100,92,8,100
19200054,,0,0.000631,11,0.000013,0,12,12,0,12,12
19047179,,0,0.000067,17,0.000064,5,2,7,5,2,7
18604178,,0,0.000067,8,0.000013,0,2,2,0,2,2
18451181,,0.000484,0.00023,22,0.000702,42,5,47,42,5,47
18310075,,0,0.000121,8,0.000013,0,3,3,0,3,3
17940634,,0.000007,0.000639,8,0.000027,2,4,6,2,4,6
16731627,,0.001957,0.000534,8,0.011895,44,9,53,44,9,53
16539040,,0.00001,0.000054,8,0.000025,2,1,3,2,1,3
16415210,,0,0.000246,8,0.000013,0,5,5,0,5,5
16382157,,0,0.000116,8,0.000013,0,3,3,0,3,3
16177181,,0.000007,0.000054,8,0.000104,9,1,10,9,1,10
15937124,,0.001086,0.000092,8,0.001905,53,2,55,53,2,55
15930293,,0.000023,0.000218,1,0.000088,8,5,13,8,5,13
15798199,,0,0.000236,1,0.000013,0,4,4,0,4,4
15713648,,0.000088,0.000302,1,0.001021,35,6,41,35,6,41
15277238,,0.000292,0.00021,11,0.000314,41,3,44,41,3,44
15199141,,0.001484,0.00031,11,0.001789,125,5,130,125,5,130
14759257,,0,0.000054,8,0.000013,0,1,1,0,1,1
12456786,,0,0.000054,8,0.000013,0,1,1,0,1,1
12032322,,0,0.000173,8,0.000013,0,2,2,0,2,2
11879553,,0.000243,0.000055,11,0.000187,17,2,19,17,2,19
11459980,,0,0.000054,8,0.000013,0,1,1,0,1,1
11447276,,0.002382,0.000086,8,0.003151,59,3,62,59,3,62
11283264,,0,0.000054,8,0.000013,0,1,1,0,1,1
11250747,,0,0.000054,2,0.000018,1,1,2,1,1,2
11250682,,0.000023,0.000054,32,0.00026,4,1,5,4,1,5
10837032,,0,0.000054,8,0.000013,0,1,1,0,1,1
26564481,,0.000341,0.001606,2,0.000039,15,22,37,15,22,37
25034697,,0,0.000163,2,0.000013,0,2,2,0,2,2
22848303,,0.000018,0.000872,2,0.000016,2,4,6,2,4,6
22460208,,0.00005,0.000999,0,0.000014,1,8,9,1,8,9
21119707,,0,0.000025,2,0.000013,0,4,4,0,4,4
20470408,,0.000019,0.000013,11,0.000066,7,2,9,7,2,9
19118813,,0,0.000009,2,0.000013,0,1,1,0,1,1
16380905,,0,0.000009,2,0.000013,0,1,1,0,1,1
15208783,,0,0.000009,2,0.000013,0,1,1,0,1,1
14769943,,0,0.000009,2,0.000013,0,1,1,0,1,1
12612865,,0,0.000009,2,0.000013,0,1,1,0,1,1
11920286,,0,0.000046,2,0.000013,0,2,2,0,2,2
11506491,,0,0.000009,2,0.000013,0,1,1,0,1,1
11158174,,0.000057,0.000011,2,0.000042,8,3,11,8,3,11
10869234,,0,0.000009,2,0.000013,0,1,1,0,1,1
29346284,,0,0.000081,22,0.000013,0,14,14,0,14,14
9585617,,0.000027,0,2,0.000071,6,0,6,6,0,6
27836010,,0.000044,0.000408,8,0.000029,5,10,15,5,10,15
29196727,,0,0.000298,2,0.000013,0,2,2,0,2,2
27023391,,0,0.000175,2,0.000013,0,2,2,0,2,2
23855721,,0.000004,0.000007,33,0.000053,6,3,9,6,3,9
23704974,,0,0.000023,11,0.000013,0,3,3,0,3,3
21503673,,0,0.000137,2,0.000013,0,7,7,0,7,7
21264404,,0,0.000021,2,0.000013,0,3,3,0,3,3
19204992,,0,0.000066,2,0.000013,0,2,2,0,2,2
19188187,,0.000171,0.000134,51,0.000373,23,9,32,23,9,32
18711218,,0,0.000066,2,0.000013,0,2,2,0,2,2
18710587,,0.000015,0.000184,0,0.00008,3,7,10,3,7,10
17102813,,0.000001,0.000023,2,0.000037,3,4,7,3,4,7
11509994,,0,0.000005,2,0.000013,0,1,1,0,1,1
10807691,,0,0.000005,2,0.000013,0,2,2,0,2,2
10577933,,0,0.000014,2,0.000013,0,2,2,0,2,2
29494651,,0,0.000001,0,0.000013,0,1,1,0,1,1
23833688,,0,0.001591,2,0.000013,0,15,15,0,15,15
18637200,,0.000101,0.000245,23,0.00002,4,3,7,4,3,7
9652774,,0.000008,0,0,0.000016,1,0,1,1,0,1
26424758,,0,0.000019,17,0.000013,0,3,3,0,3,3
9708796,,0,0,23,0.000346,21,0,21,21,0,21
23588203,,0,0,23,0.000013,0,1,1,0,1,1
22307608,,0,0,23,0.000013,0,1,1,0,1,1
21532627,,0,0,23,0.000013,0,1,1,0,1,1
21473780,,0,0,23,0.000013,0,1,1,0,1,1
21203412,,0,0,23,0.000013,0,1,1,0,1,1
21103049,,0,0,23,0.000013,0,1,1,0,1,1
19962665,,0,0,23,0.000013,0,1,1,0,1,1
12707038,,0,0,23,0.000013,0,1,1,0,1,1
12163369,,0,0,23,0.000013,0,1,1,0,1,1
11389158,,0,0,23,0.000013,0,2,2,0,2,2
11215281,,0,0,23,0.000013,0,1,1,0,1,1
10896921,,0,0,23,0.000013,0,2,2,0,2,2
10642527,,0,0,23,0.000013,0,1,1,0,1,1
10623683,,0,0,23,0.000013,0,2,2,0,2,2
10430928,,0,0,23,0.000013,0,1,1,0,1,1
10429655,,0,0,23,0.000013,0,1,1,0,1,1
10389980,,0.000002,0,23,0.000169,18,1,19,18,1,19
10353780,,0,0,23,0.000013,0,1,1,0,1,1
10079245,,0,0,23,0.000013,0,1,1,0,1,1
20840664,,0.00035,0.000052,51,0.000394,28,7,35,28,7,35
20215531,,0.000673,0.000059,51,0.001905,44,8,52,44,8,52
19476645,,0,0.000056,51,0.000013,0,4,4,0,4,4
18182994,,0.00086,0.000058,51,0.000741,39,6,45,39,6,45
12474142,,0.002269,0.000133,51,0.001409,76,6,82,76,6,82
29996917,,0,0.023969,22,0.000013,0,13,13,0,13,13
28079900,,0,0.000037,2,0.000013,0,1,1,0,1,1
27603373,,0.000001,0.000983,11,0.000025,2,3,5,2,3,5
26622941,,0,0.023442,32,0.000013,0,8,8,0,8,8
26137147,,0,0.000631,23,0.000013,0,7,7,0,7,7
25925845,,0,0.000057,0,0.000013,0,4,4,0,4,4
25884701,,0.000677,0.003558,5,0.000015,2,11,13,2,11,13
24742220,,0.000815,0.001034,2,0.000041,14,5,19,14,5,19
23318356,,0,0.00018,51,0.000018,1,9,10,1,9,10
23302520,,0.000045,0.001556,23,0.000016,3,10,13,3,10,13
22085629,,0.000764,0.001424,2,0.000031,8,8,16,8,8,16
19298662,,0.000643,0.000105,35,0.000891,59,3,62,59,3,62
19019415,,0.00337,0.000133,5,0.000179,17,3,20,17,3,20
18507860,,0.004622,0.000037,41,0.000157,20,1,21,20,1,21
16509964,,0,0.000038,2,0.000013,0,2,2,0,2,2
28634224,,0,0.0003,8,0.000013,0,5,5,0,5,5
27433848,,0.000009,0.000019,1,0.000036,3,1,4,3,1,4
27151662,,0,0.000019,1,0.000013,0,1,1,0,1,1
26816539,,0,0.000019,1,0.000013,0,1,1,0,1,1
26300228,,0,0.000019,1,0.000013,0,1,1,0,1,1
25751603,,0,0.00007,1,0.000013,0,2,2,0,2,2
25749384,,0.000595,0.000249,44,0.000085,9,7,16,9,7,16
25208583,,0,0.000019,1,0.000013,0,1,1,0,1,1
24616504,,0,0.000022,1,0.000013,0,2,2,0,2,2
24348212,,0.000744,0.001977,8,0.000038,6,21,27,6,21,27
22661500,,0,0.000019,1,0.000013,0,1,1,0,1,1
22303228,,0,0.000019,1,0.000013,0,1,1,0,1,1
22253860,,0.000001,0.000031,14,0.000119,10,4,14,10,4,14
21998700,,0,0.000235,1,0.000013,0,3,3,0,3,3
21409565,,0.00144,0.000319,8,0.000292,13,4,17,13,4,17
21113097,,0,0.000137,1,0.000013,0,2,2,0,2,2
20421506,,0.000138,0.000056,8,0.000117,13,4,17,13,4,17
19818715,,0,0.000019,1,0.000013,0,1,1,0,1,1
19805513,,0,0.000074,1,0.000013,0,4,4,0,4,4
19427003,,0,0.00019,1,0.000013,0,3,3,0,3,3
18769160,,0,0.000019,1,0.000013,0,1,1,0,1,1
18439040,,0,0.000019,1,0.000013,0,1,1,0,1,1
18385076,,0,0.000019,1,0.000013,0,1,1,0,1,1
17135243,,0.000024,0.000021,1,0.000297,20,2,22,20,2,22
12893777,,0,0.000157,1,0.000013,0,2,2,0,2,2
12756300,,0.000169,0.000051,32,0.00033,15,3,18,15,3,18
12488620,,0,0.000019,1,0.000013,0,1,1,0,1,1
12242346,,0,0.000019,1,0.000013,0,1,1,0,1,1
12167722,,0,0.000019,1,0.000013,0,1,1,0,1,1
11154282,,0,0.000019,1,0.000013,0,1,1,0,1,1
11050159,,0,0.000019,1,0.000013,0,1,1,0,1,1
28447115,,0,0,2,0.000013,0,1,1,0,1,1
9832031,,0.00001,0,2,0.000285,28,0,28,28,0,28
26600934,,0,0,2,0.000013,0,1,1,0,1,1
26579216,,0,0,2,0.000013,0,1,1,0,1,1
25789042,,0,0.000101,2,0.000013,0,3,3,0,3,3
25669429,,0,0,2,0.000013,0,1,1,0,1,1
24561254,,0,0,2,0.000013,0,1,1,0,1,1
23399955,,0,0,2,0.000013,0,1,1,0,1,1
23238744,,0,0,2,0.000013,0,1,1,0,1,1
23114644,,0,0,2,0.000013,0,1,1,0,1,1
22829200,,0,0,2,0.000013,0,1,1,0,1,1
21979946,,0,0,2,0.000013,0,1,1,0,1,1
21956414,,0,0,2,0.000013,0,1,1,0,1,1
21417916,,0,0,2,0.000013,0,1,1,0,1,1
21177507,,0,0,2,0.000013,0,1,1,0,1,1
21093899,,0,0,2,0.000013,0,1,1,0,1,1
20223021,,0,0,2,0.000013,0,1,1,0,1,1
20194734,,0,0,2,0.000013,0,1,1,0,1,1
19077293,,0,0.000008,0,0.000013,0,3,3,0,3,3
18632658,,0,0,2,0.000013,0,1,1,0,1,1
15492213,,0,0,2,0.000013,0,1,1,0,1,1
15016316,,0,0,2,0.000013,0,1,1,0,1,1
11875759,,0,0.000005,2,0.000013,0,2,2,0,2,2
11839571,,0,0,2,0.000013,0,1,1,0,1,1
11536076,,0,0,2,0.000013,0,1,1,0,1,1
11494117,,0,0,2,0.000013,0,1,1,0,1,1
11259087,,0,0,2,0.000013,0,1,1,0,1,1
29682331,,0,0.000102,5,0.000013,0,5,5,0,5,5
28467518,,0,0.000009,2,0.000013,0,1,1,0,1,1
28342662,,0,0.001524,5,0.000013,0,12,12,0,12,12
25637381,,0,0.00006,2,0.000013,0,3,3,0,3,3
25435542,,0.001571,0.00166,5,0.00006,20,12,32,20,12,32
25435541,,0.002022,0.001545,5,0.000047,18,7,25,18,7,25
24845763,,0,0.000009,2,0.000013,0,3,3,0,3,3
24605033,,0,0.000215,2,0.000013,0,4,4,0,4,4
22845480,,0,0.000042,2,0.000013,0,2,2,0,2,2
22341255,,0,0.000246,2,0.000013,0,5,5,0,5,5
20727885,,0,0.000125,2,0.000013,0,4,4,0,4,4
19064968,,0.002818,0.000009,23,0.000966,45,2,47,45,2,47
15235020,,0.000436,0.000009,22,0.001842,48,1,49,48,1,49
10986050,,0,0.000009,2,0.000013,0,1,1,0,1,1
10984458,,0,0.000009,2,0.000013,0,1,1,0,1,1
10733464,,0,0.000009,2,0.000013,0,1,1,0,1,1
10098775,,0.000116,0,2,0.000147,9,0,9,9,0,9
23638402,,0.000078,0.000742,5,0.000214,19,7,26,19,7,26
22792365,,0,0.000004,2,0.000013,0,2,2,0,2,2
19336551,,0.001463,0.000197,2,0.000055,15,8,23,15,8,23
18779604,,0.000251,0.001492,2,0.000102,18,10,28,18,10,28
30116365,,0,0.000002,1,0.000013,0,1,1,0,1,1
30030469,,0,0.000002,1,0.000013,0,1,1,0,1,1
29962921,,0,0.000008,10,0.000013,0,2,2,0,2,2
29662639,,0,0.000002,10,0.000013,0,2,2,0,2,2
29478268,,0,0.000027,44,0.000013,1,4,5,1,4,5
28972307,,0,0.000043,1,0.000013,0,2,2,0,2,2
28448435,,0,0.000832,1,0.000013,0,2,2,0,2,2
27899966,,0,0.000002,1,0.000013,0,1,1,0,1,1
26601267,,0,0.000002,2,0.000013,0,2,2,0,2,2
25986046,,0,0.000002,1,0.000013,0,1,1,0,1,1
25774336,,0,0.000002,33,0.000013,0,2,2,0,2,2
23353575,,0,0.000002,8,0.000013,0,2,2,0,2,2
22264315,,0,0.000002,1,0.000013,0,1,1,0,1,1
21278452,,0,0.000007,11,0.000013,0,3,3,0,3,3
12354934,,0,0.000042,41,0.000013,0,4,4,0,4,4
11477134,,0,0.000002,1,0.000013,0,1,1,0,1,1
28558075,,0,0.00013,8,0.000013,0,7,7,0,7,7
10205272,,0.000019,0,8,0.000122,11,0,11,11,0,11
27486799,,0,0,8,0.000013,0,1,1,0,1,1
27350828,,0,0.000326,8,0.000013,0,4,4,0,4,4
26596371,,0,0.000122,8,0.000013,0,7,7,0,7,7
25161863,,0,0.000208,8,0.000013,0,5,5,0,5,5
23620800,,0,0.000051,8,0.000013,0,4,4,0,4,4
11001585,,0,0.000001,8,0.000013,0,2,2,0,2,2
10936108,,0,0,8,0.000013,0,1,1,0,1,1
10762542,,0.000015,0,8,0.000058,7,1,8,7,1,8
10521298,,0,0,8,0.000013,0,1,1,0,1,1
10468606,,0,0,8,0.000013,0,1,1,0,1,1
23289006,,0.000131,0.001021,2,0.000055,15,9,24,15,9,24
18645608,,0.000191,0.000837,2,0.000088,18,3,21,18,3,21
30258937,,0,0.002227,35,0.000013,0,13,13,0,13,13
22711857,,0.054389,0.024603,5,0.001151,186,9,195,186,9,195
29401458,,0,0.000027,8,0.000013,0,2,2,0,2,2
28505189,,0,0.000024,8,0.000013,0,1,1,0,1,1
27729438,,0,0.000024,8,0.000013,0,2,2,0,2,2
26145171,,0.000779,0.001303,8,0.000085,19,19,38,19,19,38
24515614,,0,0.000121,8,0.000013,0,3,3,0,3,3
24474205,,0,0.000024,8,0.000013,0,1,1,0,1,1
24412063,,0,0.000024,8,0.000013,0,2,2,0,2,2
23620289,,0,0.000024,8,0.000013,0,2,2,0,2,2
23536786,,0,0.000024,8,0.000013,0,1,1,0,1,1
23352243,,0,0.000024,8,0.000013,0,1,1,0,1,1
22194698,,0.00194,0.002368,8,0.000107,19,22,41,19,22,41
22044206,,0,0.000073,8,0.000013,0,3,3,0,3,3
21327099,,0.000051,0.000051,8,0.000041,5,4,9,5,4,9
21296653,,0,0.000419,8,0.000013,0,8,8,0,8,8
20729859,,0.003204,0.000178,8,0.000767,131,5,136,131,5,136
20691183,,0,0.001208,8,0.000013,0,11,11,0,11,11
20427185,,0,0.000024,8,0.000013,0,2,2,0,2,2
20020775,,0,0.000027,8,0.000155,13,2,15,13,2,15
19838057,,0,0.000229,8,0.000013,0,8,8,0,8,8
19293828,,0,0.000024,8,0.000013,0,1,1,0,1,1
19289793,,0.000004,0.000051,8,0.000322,34,3,37,34,3,37
18502156,,0,0.000049,8,0.000013,0,2,2,0,2,2
18471277,,0,0.000051,8,0.000013,0,3,3,0,3,3
18413737,,0.000254,0.00011,8,0.000411,23,5,28,23,5,28
17627904,,0.00002,0.00003,1,0.000105,7,3,10,7,3,10
16149916,,0.000108,0.000049,8,0.00024,13,2,15,13,2,15
15990877,,0,0.000024,8,0.000013,0,1,1,0,1,1
15767662,,0,0.000144,8,0.000013,0,4,4,0,4,4
15359272,,0.001099,0.000163,8,0.000881,37,2,39,37,2,39
10938104,,0,0.000024,8,0.000013,0,1,1,0,1,1
29326282,,0,0.000016,23,0.000013,0,2,2,0,2,2
27694902,,0,0,23,0.000013,0,1,1,0,1,1
26234677,,0,0,23,0.000013,0,1,1,0,1,1
26015068,,0,0,23,0.000013,0,1,1,0,1,1
25295095,,0,0,23,0.000013,0,1,1,0,1,1
25169151,,0,0.00005,23,0.000013,0,3,3,0,3,3
23668926,,0,0,23,0.000013,0,1,1,0,1,1
23386605,,0,0,23,0.000013,0,1,1,0,1,1
23343470,,0,0.000003,23,0.000013,0,2,2,0,2,2
19843852,,0,0,23,0.000013,0,1,1,0,1,1
19725933,,0,0,23,0.000013,0,1,1,0,1,1
18219292,,0,0,23,0.000013,0,1,1,0,1,1
17010210,,0,0,23,0.000013,0,1,1,0,1,1
11733352,,0,0.000003,23,0.000013,0,2,2,0,2,2
11720474,,0,0,23,0.000013,0,1,1,0,1,1
25754547,,0,0.000195,51,0.000013,0,7,7,0,7,7
22522501,,0.000137,0.001921,51,0.000096,16,18,34,16,18,34
20805891,,0,0.000053,51,0.000013,0,5,5,0,5,5
10417300,,0.000059,0,2,0.000299,11,0,11,11,0,11
28199346,,0,0.000037,2,0.000013,0,11,11,0,11,11
25633036,,0,0.000232,2,0.000013,0,8,8,0,8,8
21989022,,0.000036,0.000008,2,0.000049,9,5,14,9,5,14
18597679,,0.00005,0.000014,2,0.000045,9,5,14,9,5,14
15743497,,0.000099,0.000845,0,0.000335,11,5,16,11,5,16
25485004,,0.000014,0.000116,51,0.000026,3,6,9,3,6,9
10441598,,0.000088,0,51,0.000832,12,0,12,12,0,12
12145743,,0,0.000002,51,0.000013,0,1,1,0,1,1
26967244,,0,0.000046,0,0.000013,0,1,1,0,1,1
26315354,,0,0.002208,0,0.000013,0,8,8,0,8,8
24728189,,0.003605,0.024699,0,0.000098,24,11,35,24,11,35
22415235,,0.000755,0.02217,5,0.000058,9,2,11,9,2,11
21822267,,0,0.001254,23,0.000013,0,4,4,0,4,4
20635389,,0,0.000144,14,0.000013,0,3,3,0,3,3
20535403,,0.000208,0.000157,35,0.000096,15,5,20,15,5,20
19648919,,0,0.000061,14,0.000013,0,2,2,0,2,2
18765668,,0,0.000046,35,0.000304,9,1,10,9,1,10
16029503,,0.000007,0.00012,32,0.000035,4,2,6,4,2,6
15918899,,0,0.000062,2,0.000013,0,2,2,0,2,2
14580253,,0.000134,0.00107,0,0.000178,14,6,20,14,6,20
26872611,,0,0,33,0.000013,0,1,1,0,1,1
10487631,,0,0,33,0.000144,13,0,13,13,0,13
23225982,,0,0,33,0.000013,0,1,1,0,1,1
21930187,,0,0,33,0.000013,0,1,1,0,1,1
21249215,,0,0,33,0.000013,0,1,1,0,1,1
20182602,,0,0,33,0.000013,0,1,1,0,1,1
19426493,,0,0,33,0.000013,0,1,1,0,1,1
19379143,,0,0,33,0.000013,0,2,2,0,2,2
19276375,,0,0.000015,33,0.000013,0,2,2,0,2,2
19046423,,0,0,33,0.000013,0,1,1,0,1,1
18798306,,0,0,33,0.000013,0,1,1,0,1,1
16079077,,0,0,33,0.000013,0,1,1,0,1,1
15623478,,0,0,33,0.000013,0,1,1,0,1,1
15387888,,0,0,33,0.000013,0,1,1,0,1,1
25309843,,0,0.000037,1,0.000013,0,3,3,0,3,3
24019896,,0,0.022135,1,0.000013,0,2,2,0,2,2
23404160,,0,0.000012,1,0.000013,0,1,1,0,1,1
21080930,,0,0.000014,33,0.000013,0,3,3,0,3,3
20496165,,0,0.00013,1,0.000013,0,2,2,0,2,2
12087154,,0,0.000065,1,0.000013,0,2,2,0,2,2
11376024,,0,0.000012,1,0.000013,0,1,1,0,1,1
20202217,,0.000007,0.00001,1,0.000111,13,9,22,13,9,22
19372234,,0,0,1,0.000013,0,1,1,0,1,1
19270068,,0,0,1,0.000013,0,1,1,0,1,1
15987463,,0,0,1,0.000013,0,2,2,0,2,2
15737616,,0,0,1,0.000013,0,1,1,0,1,1
15734731,,0.000005,0,1,0.000358,33,1,34,33,1,34
11585054,,0,0,1,0.000013,0,1,1,0,1,1
11226381,,0,0,1,0.000013,0,1,1,0,1,1
24105793,,0,0.022838,2,0.000013,0,9,9,0,9,9
22331912,,0,0.022343,41,0.000013,0,3,3,0,3,3
20046869,,0,0.000224,41,0.000013,0,2,2,0,2,2
28720841,,0,0.000014,28,0.000013,0,2,2,0,2,2
28554658,,0,0.000033,8,0.000024,2,3,5,2,3,5
27165126,,0,0.000268,23,0.000013,0,8,8,0,8,8
25451944,,0,0.000246,8,0.000013,0,8,8,0,8,8
24880342,,0.000235,0.000066,17,0.000853,80,2,82,80,2,82
24019637,,0,0.00006,8,0.000013,0,4,4,0,4,4
21750719,,0.000563,0.001009,8,0.000058,7,4,11,7,4,11
27286703,,0,0.000015,2,0.000013,0,1,1,0,1,1
26718727,,0.000071,0.003552,5,0.000013,1,8,9,1,8,9
24253862,,0,0.0001,2,0.000013,0,3,3,0,3,3
23269703,,0.001245,0.000856,8,0.000364,36,3,39,36,3,39
23047549,,0,0.000613,2,0.000013,0,5,5,0,5,5
18980979,,0,0.000015,2,0.000013,0,1,1,0,1,1
18543306,,0.000653,0.000093,2,0.000142,16,2,18,16,2,18
28096903,,0,0.000002,5,0.000013,0,2,2,0,2,2
10593998,,0.000041,0,5,0.000384,11,0,11,11,0,11
25696515,,0,0.000001,5,0.000013,0,1,1,0,1,1
21864049,,0,0.000001,5,0.000013,0,1,1,0,1,1
21756124,,0.000012,0.000001,5,0.000025,2,2,4,2,2,4
19021640,,0,0.000001,5,0.000013,0,1,1,0,1,1
17279200,,0,0.000002,5,0.000013,0,2,2,0,2,2
14735173,,0.00019,0.000001,5,0.000208,17,1,18,17,1,18
11857010,,0,0.000001,5,0.000013,0,1,1,0,1,1
10595253,,0.00004,0,2,0.000165,2,0,2,2,0,2
10595255,,0.000101,0,2,0.000039,7,0,7,7,0,7
11478123,,0,0,6,0.000013,0,1,1,0,1,1
10595259,,0,0,6,0.000024,1,0,1,1,0,1
10595277,,0.00002,0,2,0.000016,1,0,1,1,0,1
29907814,,0,0.001783,2,0.000013,0,17,17,0,17,17
23451180,,0,0.001054,22,0.000013,0,12,12,0,12,12
22720145,,0.000013,0.000048,8,0.00008,10,2,12,10,2,12
24367166,,0,0.000009,2,0.000013,0,4,4,0,4,4
11104570,,0,0.000001,2,0.000013,0,1,1,0,1,1
26195778,,0,0,8,0.000013,0,1,1,0,1,1
16914443,,0.000452,0.000037,8,0.000802,42,3,45,42,3,45
14681210,,0.003659,0.000119,8,0.001611,71,2,73,71,2,73
27931752,,0,0.000094,2,0.000013,0,1,1,0,1,1
27899195,,0,0.001141,5,0.000013,0,11,11,0,11,11
27746277,,0,0.001758,2,0.000013,0,3,3,0,3,3
27736844,,0,0.029906,31,0.000013,0,23,23,0,23,23
27454287,,0,0.002834,32,0.000013,0,8,8,0,8,8
27382614,,0,0.023763,41,0.000013,0,6,6,0,6,6
27229687,,0,0.000209,0,0.000013,0,4,4,0,4,4
27171439,,0,0.000094,2,0.000013,0,1,1,0,1,1
25256924,,0.000231,0.000691,19,0.000105,19,5,24,19,5,24
24671341,,0,0.000098,2,0.000013,0,2,2,0,2,2
23504063,,0.000005,0.000693,51,0.000014,1,12,13,1,12,13
22429596,,0.004896,0.027207,41,0.000078,14,11,25,14,11,25
22274685,,0.039212,0.024113,0,0.00092,121,8,129,121,8,129
19723349,,0,0.000169,2,0.000013,0,4,4,0,4,4
19401704,,0,0.000102,2,0.000013,0,2,2,0,2,2
18458673,,0,0.000094,0,0.000013,0,2,2,0,2,2
16227521,,0,0.001069,2,0.000013,0,5,5,0,5,5
15477862,,0,0.001366,2,0.000013,0,3,3,0,3,3
12577202,,0,0.000094,2,0.000013,0,1,1,0,1,1
28766223,,0,0.000626,0,0.000013,0,5,5,0,5,5
10755396,,0.000169,0,2,0.000338,9,0,9,9,0,9
24771937,,0,0.000895,2,0.000013,0,3,3,0,3,3
19336560,,0.000046,0.000838,29,0.000157,9,4,13,9,4,13
11073541,,0.00013,0.000004,5,0.000218,12,1,13,12,1,13
27582548,,0,0.000001,2,0.000013,0,1,1,0,1,1
24104964,,0.000005,0.000036,0,0.000144,11,4,15,11,4,15
22238615,,0,0.000001,2,0.000013,0,1,1,0,1,1
19147119,,0.000111,0.000032,0,0.000138,12,6,18,12,6,18
11927006,,0,0.000001,2,0.000013,0,1,1,0,1,1
11024165,,0,0.000001,2,0.000013,0,1,1,0,1,1
25486561,,0,0.000335,8,0.000013,0,7,7,0,7,7
18495331,,0,0.00021,8,0.000013,0,3,3,0,3,3
18263878,,0,0,8,0.000013,0,1,1,0,1,1
15367677,,0,0,8,0.000013,0,1,1,0,1,1
12610510,,0,0,8,0.000013,0,1,1,0,1,1
30040829,,0,0.001331,22,0.000013,0,17,17,0,17,17
29723101,,0,0.000117,2,0.000013,0,3,3,0,3,3
29678143,,0,0.000154,0,0.000013,0,5,5,0,5,5
29492181,,0,0.000049,2,0.000013,0,5,5,0,5,5
28927094,,0,0.000036,2,0.000013,0,1,1,0,1,1
26928677,,0,0.000833,5,0.000013,0,12,12,0,12,12
26779294,,0.000001,0.000543,17,0.000016,1,6,7,1,6,7
26753012,,0.001111,0.024985,41,0.000017,5,10,15,5,10,15
26557774,,0,0.000036,2,0.000013,0,1,1,0,1,1
26199574,,0,0.000036,2,0.000018,1,1,2,1,1,2
25591549,,0,0.000991,0,0.000013,0,6,6,0,6,6
25366421,,0.000081,0.000483,22,0.000036,7,3,10,7,3,10
23941236,,0,0.000866,5,0.000013,0,2,2,0,2,2
23206658,,0,0.001111,5,0.000013,0,3,3,0,3,3
22817698,,0,0.000571,35,0.000013,0,3,3,0,3,3
22649661,,0.000507,0.000063,32,0.000026,2,3,5,2,3,5
22544570,,0,0.000037,2,0.000013,0,2,2,0,2,2
22395474,,0.0002,0.000036,0,0.000046,8,1,9,8,1,9
22032251,,0,0.000191,2,0.000013,0,6,6,0,6,6
21124932,,0,0.000169,0,0.000013,0,4,4,0,4,4
20233483,,0,0.000036,2,0.000013,0,1,1,0,1,1
20223031,,0,0.000036,2,0.000013,0,1,1,0,1,1
20223023,,0,0.000039,2,0.000013,0,2,2,0,2,2
20222997,,0,0.000036,2,0.000013,0,1,1,0,1,1
19804601,,0,0.000036,2,0.000013,0,1,1,0,1,1
19804600,,0,0.000036,2,0.000013,0,1,1,0,1,1
19725994,,0.000001,0.000106,0,0.000015,1,5,6,1,5,6
18397521,,0,0.000036,2,0.000013,0,1,1,0,1,1
18298804,,0.000603,0.000036,22,0.000309,20,1,21,20,1,21
17220212,,0,0.000036,2,0.000013,0,1,1,0,1,1
16280055,,0.000022,0.00004,2,0.000029,3,3,6,3,3,6
29467962,,0,0.00015,23,0.000013,0,2,2,0,2,2
28630313,,0,0.001035,23,0.000013,0,9,9,0,9,9
28507050,,0,0.000003,23,0.000013,0,1,1,0,1,1
27371108,,0,0.000003,23,0.000013,0,1,1,0,1,1
26929736,,0,0.000007,23,0.000013,0,2,2,0,2,2
26439702,,0.000132,0.000193,23,0.000066,8,3,11,8,3,11
24624093,,0,0.000703,23,0.000013,0,11,11,0,11,11
22815748,,0,0.000003,23,0.000013,0,1,1,0,1,1
22811802,,0,0.000003,23,0.000013,0,1,1,0,1,1
22723370,,0,0.0003,32,0.000013,0,4,4,0,4,4
22628410,,0,0.000519,41,0.000013,0,3,3,0,3,3
22372502,,0,0.000003,23,0.000013,0,1,1,0,1,1
22084727,,0,0.000003,23,0.000013,0,1,1,0,1,1
21887676,,0,0.000174,23,0.000013,0,2,2,0,2,2
21749982,,0,0.000174,23,0.000013,0,2,2,0,2,2
21455033,,0,0.000254,23,0.000013,0,4,4,0,4,4
21199651,,0.00074,0.000313,23,0.00029,24,3,27,24,3,27
20871595,,0,0.000003,23,0.000013,0,1,1,0,1,1
20485640,,0,0.000003,23,0.000013,0,1,1,0,1,1
20332664,,0,0.000003,23,0.000013,0,1,1,0,1,1
19942681,,0.00047,0.000325,8,0.000177,38,7,45,38,7,45
19668150,,0,0.000003,23,0.000013,0,1,1,0,1,1
19158989,,0,0.000003,23,0.000013,0,1,1,0,1,1
18787611,,0,0.000003,23,0.000013,0,1,1,0,1,1
18333084,,0,0.00002,17,0.000013,0,2,2,0,2,2
18283486,,0,0.00001,11,0.000013,0,2,2,0,2,2
18157091,,0,0.000003,23,0.000013,0,1,1,0,1,1
17520196,,0,0.00001,11,0.000013,0,2,2,0,2,2
17172725,,0,0.000003,23,0.000013,0,1,1,0,1,1
16931950,,0,0.000003,23,0.000013,0,1,1,0,1,1
16417627,,0,0.000003,23,0.000051,4,1,5,4,1,5
15720814,,0,0.000003,23,0.000013,0,1,1,0,1,1
15632002,,0,0.000003,23,0.000013,0,1,1,0,1,1
12865927,,0,0.000003,23,0.000013,0,1,1,0,1,1
12636873,,0,0.000003,23,0.000013,0,1,1,0,1,1
12605716,,0,0.000003,23,0.000013,0,1,1,0,1,1
12537585,,0,0.000003,23,0.000013,0,1,1,0,1,1
12414502,,0,0.000003,23,0.000013,0,1,1,0,1,1
12000709,,0,0.000003,23,0.000013,0,1,1,0,1,1
11337351,,0,0.000003,23,0.000013,0,1,1,0,1,1
11159190,,0,0.000003,23,0.000013,0,1,1,0,1,1
11156628,,0,0.000003,23,0.000013,0,1,1,0,1,1
10854204,,0,0.000003,23,0.000013,0,1,1,0,1,1
10793075,,0,0.000003,23,0.000013,0,1,1,0,1,1
23934762,,0.000052,0.000003,2,0.00003,7,5,12,7,5,12
10800284,,0.00002,0,2,0.000036,4,0,4,4,0,4
22460206,,0,0.000007,2,0.000013,0,3,3,0,3,3
20413710,,0,0,2,0.000013,0,1,1,0,1,1
27764775,,0,0.000001,27,0.000013,0,2,2,0,2,2
25961141,,0,0,27,0.000013,0,2,2,0,2,2
24462520,,0,0,27,0.000013,0,1,1,0,1,1
30174725,,0,0.000042,5,0.000013,0,5,5,0,5,5
10925759,,0,0,5,0.000013,0,1,1,0,1,1
24078348,,0.000006,0,2,0.000118,11,1,12,11,1,12
18708403,,0,0,2,0.000013,0,1,1,0,1,1
27519604,,0,0.000005,0,0.000013,0,2,2,0,2,2
27117709,,0,0.000439,0,0.000013,0,8,8,0,8,8
26455320,,0,0.000003,0,0.000013,0,1,1,0,1,1
26353381,,0,0.000003,0,0.000013,0,1,1,0,1,1
25299648,,0,0.000003,0,0.000013,0,1,1,0,1,1
24023717,,0,0.000005,0,0.000013,0,2,2,0,2,2
22977619,,0,0.000005,0,0.000013,0,2,2,0,2,2
22593025,,0,0.000003,0,0.000013,0,1,1,0,1,1
20101243,,0,0.000198,0,0.000013,0,3,3,0,3,3
18337727,,0,0.000008,0,0.000013,0,2,2,0,2,2
17461480,,0,0.000003,0,0.000013,0,1,1,0,1,1
13680524,,0,0.000005,2,0.000013,0,3,3,0,3,3
12713671,,0,0.000003,0,0.000013,0,1,1,0,1,1
19223505,,0,0.000083,51,0.000013,0,2,2,0,2,2
29138730,,0,0.001106,2,0.000013,0,6,6,0,6,6
23593081,,0.00005,0.000105,35,0.000039,8,5,13,8,5,13
23519070,,0.000018,0.000013,2,0.000071,11,4,15,11,4,15
23213058,,0,0.000002,2,0.000013,0,1,1,0,1,1
29872642,,0,0,2,0.000013,0,1,1,0,1,1
29210989,,0,0.000001,2,0.000013,0,2,2,0,2,2
27611945,,0,0,2,0.000013,0,1,1,0,1,1
26847433,,0,0,2,0.000013,0,2,2,0,2,2
26334628,,0,0,2,0.000013,0,1,1,0,1,1
23590133,,0,0,2,0.000013,0,1,1,0,1,1
22913342,,0,0,2,0.000013,0,1,1,0,1,1
22699815,,0,0,2,0.000013,0,1,1,0,1,1
22419778,,0,0,2,0.000013,0,1,1,0,1,1
22413008,,0,0,2,0.000013,0,1,1,0,1,1
21224358,,0,0,2,0.000013,0,1,1,0,1,1
19074586,,0,0,2,0.000013,0,1,1,0,1,1
18829485,,0,0,2,0.000013,0,1,1,0,1,1
18226065,,0,0,2,0.000013,0,1,1,0,1,1
18003658,,0,0,2,0.000013,0,1,1,0,1,1
17678531,,0,0,2,0.000013,0,1,1,0,1,1
14511406,,0,0,2,0.000013,0,1,1,0,1,1
12188931,,0,0,2,0.000013,0,1,1,0,1,1
11353817,,0,0,2,0.000013,0,1,1,0,1,1
25337559,,0,0.023848,23,0.000013,0,7,7,0,7,7
23113073,,0.000007,0.000914,2,0.000033,2,6,8,2,6,8
17160431,,0.005614,0.000474,41,0.000361,24,2,26,24,2,26
15743496,,0,0.000031,2,0.000013,0,1,1,0,1,1
27831900,,0,0.00031,2,0.000013,0,11,11,0,11,11
10978364,,0.000012,0,2,0.00002,3,0,3,3,0,3
30254990,,0,0.000663,5,0.000013,0,5,5,0,5,5
30189361,,0,0.000075,0,0.000013,0,2,2,0,2,2
30135399,,0,0.000168,22,0.000013,0,5,5,0,5,5
30103738,,0,0.000754,5,0.000013,0,8,8,0,8,8
30075112,,0,0.001523,0,0.000013,0,8,8,0,8,8
29868112,,0,0.000191,2,0.000013,0,10,10,0,10,10
29854283,,0,0.000261,41,0.000013,0,3,3,0,3,3
29719599,,0,0.000304,35,0.000013,0,4,4,0,4,4
29713003,,0,0.000229,2,0.000013,0,4,4,0,4,4
29681614,,0,0.000303,35,0.000013,0,9,9,0,9,9
29456621,,0,0.000263,51,0.000013,0,9,9,0,9,9
29361751,,0,0.000081,51,0.000013,0,2,2,0,2,2
29337092,,0.000056,0.001394,0,0.000032,4,11,15,4,11,15
29047188,,0,0.000597,35,0.000018,2,6,8,2,6,8
28931501,,0,0.001859,5,0.000013,0,10,10,0,10,10
28781881,,0,0.000074,0,0.000013,0,1,1,0,1,1
28637432,,0,0.001448,2,0.000013,0,15,15,0,15,15
28334425,,0.000066,0.000857,5,0.000033,4,8,12,4,8,12
28288110,,0.002453,0.002775,31,0.000141,34,15,49,34,15,49
28234588,,0,0.000074,0,0.000013,0,1,1,0,1,1
27906166,,0.000625,0.000109,5,0.000038,5,2,7,5,2,7
27842325,,0,0.002007,2,0.000013,0,30,30,0,30,30
27737991,,0,0.000998,0,0.000013,0,7,7,0,7,7
27737975,,0,0.000998,0,0.000013,0,7,7,0,7,7
27493913,,0.000007,0.000639,2,0.000032,5,12,17,5,12,17
27421647,,0,0.000075,22,0.000013,0,2,2,0,2,2
27417805,,0,0.001629,0,0.000013,0,5,5,0,5,5
27283966,,0,0.000752,0,0.000013,0,4,4,0,4,4
27037238,,0.000441,0.00212,8,0.000228,43,16,59,43,16,59
26888582,,0,0.000074,0,0.000013,0,1,1,0,1,1
26774741,,0,0.000903,5,0.000013,0,2,2,0,2,2
26753781,,0,0.000074,0,0.000013,0,1,1,0,1,1
26387133,,0,0.001072,31,0.000013,0,5,5,0,5,5
26328265,,0,0.000361,35,0.000013,0,7,7,0,7,7
26082817,,0,0.000482,23,0.000013,0,5,5,0,5,5
25777348,,0.000093,0.001507,2,0.000046,8,13,21,8,13,21
25604794,,0.000003,0.000093,0,0.000029,3,4,7,3,4,7
25548576,,0,0.000089,2,0.000013,0,2,2,0,2,2
24772314,,0.000002,0.000232,5,0.00002,2,3,5,2,3,5
24686251,,0.000093,0.00014,2,0.000016,3,6,9,3,6,9
24516018,,0,0.000074,0,0.000013,0,1,1,0,1,1
24454456,,0.001179,0.001041,2,0.000058,12,25,37,12,25,37
24359602,,0.000662,0.002441,0,0.000091,15,21,36,15,21,36
24281079,,0,0.000074,0,0.000013,0,1,1,0,1,1
24223879,,0,0.000074,0,0.000013,0,1,1,0,1,1
24137204,,0,0.000102,11,0.000016,1,4,5,1,4,5
23940692,,0,0.000074,0,0.000013,0,1,1,0,1,1
23819024,,0,0.000078,19,0.000013,0,2,2,0,2,2
23704984,,0.001775,0.001267,0,0.000091,22,8,30,22,8,30
23415752,,0.00802,0.002995,41,0.000195,34,8,42,34,8,42
23371291,,0.000231,0.001141,5,0.000098,19,9,28,19,9,28
23224237,,0,0.000074,0,0.000013,0,1,1,0,1,1
23057551,,0.005399,0.029773,41,0.000092,18,28,46,18,28,46
22970155,,0.000822,0.000084,2,0.000072,20,3,23,20,3,23
22357538,,0.000634,0.000208,8,0.000129,22,5,27,22,5,27
22312502,,0.000123,0.001538,5,0.000052,7,12,19,7,12,19
22244659,,0,0.001128,5,0.000013,0,10,10,0,10,10
22133884,,0,0.000074,0,0.000013,0,1,1,0,1,1
21873261,,0.001573,0.000653,10,0.000694,69,3,72,69,3,72
21804359,,0,0.000074,0,0.000013,0,1,1,0,1,1
21321378,,0,0.000518,8,0.000013,0,3,3,0,3,3
20727220,,0,0.000074,0,0.000013,0,1,1,0,1,1
20368571,,0.001058,0.000967,0,0.00039,54,6,60,54,6,60
20025740,,0,0.000091,8,0.000013,0,4,4,0,4,4
19572197,,0,0.000092,8,0.000013,0,3,3,0,3,3
19519210,,0,0.000865,32,0.000013,0,2,2,0,2,2
19034644,,0.000027,0.000093,2,0.000068,6,2,8,6,2,8
18653701,,0,0.000964,5,0.000013,0,3,3,0,3,3
18182601,,0.001478,0.00191,0,0.001007,86,8,94,86,8,94
18174243,,0,0.00027,0,0.000013,0,3,3,0,3,3
17459456,,0,0.000074,0,0.000013,0,1,1,0,1,1
17428325,,0.00008,0.000106,0,0.000222,28,2,30,28,2,30
17426707,,0.001185,0.001027,5,0.000263,24,6,30,24,6,30
17404222,,0,0.00008,0,0.000013,0,2,2,0,2,2
16834767,,0,0.000074,32,0.000013,0,2,2,0,2,2
15743501,,0,0.000074,0,0.000013,0,1,1,0,1,1
15122511,,0,0.000136,0,0.000013,0,4,4,0,4,4
15113441,,0.000076,0.000076,11,0.000288,25,2,27,25,2,27
12223120,,0,0.000076,0,0.000013,0,2,2,0,2,2
27272763,,0.000005,0.000004,8,0.000014,1,5,6,1,5,6
23435429,,0,0.000458,35,0.000013,0,3,3,0,3,3
23070009,,0,0.000001,35,0.000013,0,1,1,0,1,1
22619651,,0,0.000028,35,0.000013,0,3,3,0,3,3
20074364,,0,0.000001,35,0.000013,0,1,1,0,1,1
16839413,,0,0.000001,35,0.000013,0,1,1,0,1,1
14729816,,0,0.000956,35,0.000013,0,4,4,0,4,4
17767707,,0.000048,0.000003,14,0.000075,11,3,14,11,3,14
29433453,,0,0.000401,51,0.000013,0,9,9,0,9,9
26468160,,0,0.000107,51,0.000013,0,4,4,0,4,4
24325841,,0,0.000066,51,0.000013,0,3,3,0,3,3
23934761,,0,0.000159,5,0.000013,0,6,6,0,6,6
21603983,,0,0.00014,51,0.000013,0,6,6,0,6,6
21547418,,0,0.00012,29,0.000013,0,7,7,0,7,7
19725993,,0,0.000015,33,0.000024,1,2,3,1,2,3
18373407,,0.000325,0.000002,5,0.000241,33,1,34,33,1,34
27329735,,0,0.000111,5,0.000013,0,5,5,0,5,5
22610836,,0,0.000004,5,0.000013,0,2,2,0,2,2
22057223,,0,0.000003,5,0.000013,0,1,1,0,1,1
19780917,,0.000001,0.000011,5,0.000058,5,2,7,5,2,7
19319160,,0,0.000003,5,0.000013,0,1,1,0,1,1
30179224,,0,0.00061,8,0.000013,0,3,3,0,3,3
11100717,,0.005273,0,8,0.003393,155,0,155,155,0,155
29312738,,0,0.000257,0,0.000013,0,4,4,0,4,4
28945747,,0,0.000118,8,0.000013,0,1,1,0,1,1
28911102,,0,0.000959,32,0.000013,0,10,10,0,10,10
28706734,,0,0.00265,35,0.000013,0,17,17,0,17,17
28435291,,0,0.000129,5,0.000013,0,2,2,0,2,2
28264838,,0,0.000651,8,0.000013,0,3,3,0,3,3
28058814,,0,0.000123,8,0.000013,0,2,2,0,2,2
27832076,,0.000559,0.00018,41,0.000031,5,3,8,5,3,8
27753535,,0,0.000126,8,0.000013,0,2,2,0,2,2
27136113,,0,0.000603,8,0.000013,0,5,5,0,5,5
26943589,,0,0.00018,19,0.000013,0,5,5,0,5,5
26822887,,0,0.000588,29,0.000013,0,6,6,0,6,6
26156012,,0,0.000118,8,0.000013,0,1,1,0,1,1
26021514,,0,0.000118,8,0.000013,0,1,1,0,1,1
25429241,,0,0.000118,8,0.000013,0,1,1,0,1,1
25400221,,0,0.000645,8,0.000013,0,7,7,0,7,7
25252691,,0,0.001078,8,0.000013,0,6,6,0,6,6
25220415,,0,0.000363,8,0.000013,0,4,4,0,4,4
25207935,,0,0.000118,8,0.000013,0,1,1,0,1,1
24776801,,0.001783,0.000482,8,0.000266,41,4,45,41,4,45
24478985,,0.002273,0.024332,5,0.000092,15,10,25,15,10,25
24091731,,0,0.000594,8,0.000013,0,2,2,0,2,2
24080249,,0,0.000594,8,0.000013,0,2,2,0,2,2
23994874,,0,0.000186,8,0.000013,0,4,4,0,4,4
23826138,,0,0.000826,0,0.000013,0,5,5,0,5,5
23706288,,0.000063,0.001111,0,0.000067,13,9,22,13,9,22
23680151,,0,0.000569,8,0.000013,0,2,2,0,2,2
23630459,,0,0.000118,8,0.000013,0,1,1,0,1,1
23438604,,0,0.000118,8,0.000013,0,1,1,0,1,1
23411475,,0.000001,0.000165,19,0.00004,3,8,11,3,8,11
23354477,,0,0.000118,8,0.000013,0,1,1,0,1,1
23337117,,0,0.000594,8,0.000013,0,2,2,0,2,2
23055523,,0.001154,0.024277,8,0.000112,19,7,26,19,7,26
22836122,,0.002323,0.003756,32,0.00034,34,15,49,34,15,49
22737296,,0,0.001706,32,0.000013,0,5,5,0,5,5
22186889,,0,0.00013,19,0.000013,0,4,4,0,4,4
22167183,,0,0.000484,8,0.000013,0,7,7,0,7,7
22137763,,0,0.000366,8,0.000013,0,3,3,0,3,3
22039535,,0,0.00044,8,0.000013,0,6,6,0,6,6
22034420,,0,0.000118,8,0.000013,0,1,1,0,1,1
21996371,,0.000615,0.000704,8,0.000016,2,6,8,2,6,8
21993507,,0.00012,0.000129,19,0.000225,27,5,32,27,5,32
21987798,,0,0.000243,29,0.000013,0,3,3,0,3,3
21836819,,0,0.000118,8,0.000013,0,1,1,0,1,1
21805697,,0,0.000118,8,0.000013,0,1,1,0,1,1
21459848,,0,0.001137,8,0.000013,0,7,7,0,7,7
21408059,,0,0.00014,8,0.000013,0,2,2,0,2,2
21406551,,0,0.000594,8,0.000013,0,5,5,0,5,5
21345144,,0,0.001721,11,0.000013,0,15,15,0,15,15
21194536,,0,0.000118,8,0.000013,0,1,1,0,1,1
21113239,,0,0.000132,8,0.000013,0,2,2,0,2,2
20703100,,0,0.000118,8,0.000013,0,1,1,0,1,1
20516115,,0,0.000287,22,0.000013,0,6,6,0,6,6
20459590,,0.000155,0.001936,32,0.000126,15,5,20,15,5,20
20436685,,0,0.000118,8,0.000013,0,1,1,0,1,1
20398395,,0,0.000693,33,0.000013,0,6,6,0,6,6
20305393,,0,0.000174,22,0.000013,0,4,4,0,4,4
20233482,,0.000059,0.000396,8,0.000029,3,6,9,3,6,9
20228131,,0,0.000118,8,0.000013,0,1,1,0,1,1
20171279,,0,0.000118,8,0.000013,0,1,1,0,1,1
20098673,,0,0.000118,8,0.000013,0,1,1,0,1,1
19948475,,0,0.00017,8,0.000013,0,4,4,0,4,4
19885846,,0,0.000118,8,0.000013,0,1,1,0,1,1
19779484,,0,0.000118,8,0.000013,0,1,1,0,1,1
19772495,,0,0.0004,8,0.000013,0,5,5,0,5,5
19746182,,0,0.000118,8,0.000013,0,1,1,0,1,1
19690636,,0,0.000118,8,0.000013,0,1,1,0,1,1
19525936,,0,0.000238,8,0.000013,0,2,2,0,2,2
19519295,,0,0.000118,8,0.000013,0,1,1,0,1,1
19470754,,0,0.000118,8,0.000013,0,1,1,0,1,1
19440381,,0,0.000118,8,0.000013,0,1,1,0,1,1
19276285,,0.000098,0.000235,0,0.000094,15,5,20,15,5,20
19268590,,0.004448,0.000388,8,0.001786,135,4,139,135,4,139
19015238,,0,0.000118,8,0.000013,0,1,1,0,1,1
18794134,,0,0.000118,8,0.000013,0,1,1,0,1,1
18757409,,0,0.000118,8,0.000013,0,1,1,0,1,1
18551366,,0,0.000118,8,0.000013,0,1,1,0,1,1
18550271,,0,0.000118,8,0.000013,0,1,1,0,1,1
18546622,,0,0.000118,8,0.000013,0,1,1,0,1,1
18473727,,0,0.000182,11,0.000013,0,4,4,0,4,4
18443292,,0,0.00014,8,0.000013,0,2,2,0,2,2
18369654,,0.000216,0.000313,8,0.000275,23,2,25,23,2,25
18026119,,0,0.000118,8,0.000013,0,1,1,0,1,1
17626182,,0,0.000118,8,0.000013,0,1,1,0,1,1
17505536,,0,0.000118,8,0.000013,0,1,1,0,1,1
17288986,,0,0.000118,8,0.000013,0,1,1,0,1,1
16980402,,0,0.000118,8,0.000013,0,1,1,0,1,1
16628214,,0,0.000118,8,0.000013,0,1,1,0,1,1
16391231,,0,0.000118,8,0.000013,0,1,1,0,1,1
15838521,,0,0.000201,8,0.000013,0,2,2,0,2,2
15793277,,0,0.000118,8,0.000013,0,1,1,0,1,1
15689940,,0,0.000118,8,0.000013,0,1,1,0,1,1
15657438,,0,0.00023,8,0.000013,0,4,4,0,4,4
15650050,,0.005305,0.000382,11,0.002272,153,4,157,153,4,157
15610743,,0,0.000257,8,0.000013,0,2,2,0,2,2
15601828,,0,0.00025,11,0.000013,0,4,4,0,4,4
15590323,,0,0.000201,8,0.000013,0,2,2,0,2,2
15485915,,0,0.000118,8,0.000013,0,1,1,0,1,1
15340083,,0,0.000118,8,0.000013,0,1,1,0,1,1
15331604,,0,0.000118,8,0.000013,0,1,1,0,1,1
15199145,,0,0.000118,8,0.000013,0,1,1,0,1,1
15131084,,0,0.000144,8,0.000013,0,2,2,0,2,2
15065664,,0,0.000118,8,0.000013,0,1,1,0,1,1
15014444,,0,0.00021,8,0.000013,0,3,3,0,3,3
14701743,,0,0.000172,8,0.000013,0,2,2,0,2,2
14688275,,0,0.000118,8,0.000013,0,1,1,0,1,1
14597413,,0,0.000118,8,0.000013,0,1,1,0,1,1
14560035,,0,0.000257,8,0.000013,0,2,2,0,2,2
14517203,,0,0.000118,8,0.000013,0,1,1,0,1,1
12832489,,0,0.000118,8,0.000013,0,1,1,0,1,1
12727893,,0,0.000118,8,0.000013,0,1,1,0,1,1
12640109,,0,0.000118,8,0.000013,0,1,1,0,1,1
12533509,,0,0.000118,8,0.000013,0,1,1,0,1,1
12093742,,0,0.000118,8,0.000013,0,1,1,0,1,1
12080089,,0,0.000118,8,0.000013,0,1,1,0,1,1
12024039,,0,0.000133,2,0.000013,0,2,2,0,2,2
11739404,,0,0.000561,8,0.000013,0,2,2,0,2,2
11358863,,0,0.000118,8,0.000013,0,1,1,0,1,1
11320250,,0,0.000118,8,0.000013,0,1,1,0,1,1
11313470,,0,0.000118,8,0.000013,0,1,1,0,1,1
28813639,,0,0.000518,0,0.000013,0,3,3,0,3,3
28031937,,0,0.000253,51,0.000013,0,7,7,0,7,7
26328243,,0.000074,0.00082,23,0.000026,8,14,22,8,14,22
24385403,,0,0.000003,0,0.000013,0,1,1,0,1,1
23383274,,0.000665,0.000035,0,0.00004,10,2,12,10,2,12
20039063,,0,0.000865,0,0.000013,0,3,3,0,3,3
19124506,,0,0.000067,0,0.000013,0,3,3,0,3,3
16945138,,0,0.000003,0,0.000013,0,1,1,0,1,1
16423305,,0,0.000003,0,0.000013,0,1,1,0,1,1
15466005,,0.000739,0.000063,0,0.000152,30,5,35,30,5,35
28386063,,0,0.000308,0,0.000013,0,8,8,0,8,8
11139324,,0.000039,0,8,0.000219,10,0,10,10,0,10
26820313,,0,0.000639,2,0.000013,0,6,6,0,6,6
23056620,,0,0.000001,8,0.000013,0,1,1,0,1,1
22691290,,0.000026,0.000027,2,0.000023,4,6,10,4,6,10
19305427,,0.000597,0.000009,8,0.000212,32,3,35,32,3,35
15987455,,0.000036,0.000004,0,0.000071,6,2,8,6,2,8
12610779,,0,0.000001,8,0.000013,0,1,1,0,1,1
11161375,,0.000008,0,2,0.000043,1,0,1,1,0,1
29580149,,0,0.000772,51,0.000024,1,8,9,1,8,9
29400121,,0,0.000122,2,0.000013,0,3,3,0,3,3
29236593,,0.000026,0.000521,51,0.00002,3,12,15,3,12,15
28410213,,0,0.00064,51,0.000013,0,12,12,0,12,12
26994487,,0,0.000094,14,0.000013,0,2,2,0,2,2
26261251,,0.005694,0.002019,5,0.000099,31,7,38,31,7,38
26176944,,0,0.000147,51,0.000013,0,3,3,0,3,3
26014596,,0,0.002016,0,0.000013,0,18,18,0,18,18
25849179,,0.005479,0.000485,0,0.000256,53,5,58,53,5,58
25525571,,0,0.02224,0,0.000013,0,3,3,0,3,3
25256238,,0.000901,0.001354,2,0.000029,15,9,24,15,9,24
25047061,,0.000016,0.000281,51,0.000016,2,8,10,2,8,10
24675953,,0.003592,0.002363,0,0.000326,80,24,104,80,24,104
24052749,,0,0.002778,0,0.000013,0,12,12,0,12,12
24025454,,0,0.003671,0,0.000013,0,29,29,0,29,29
23853209,,0.000048,0.000133,0,0.000048,8,5,13,8,5,13
22964868,,0.000029,0.001574,5,0.000015,1,9,10,1,9,10
22923021,,0.000122,0.001021,2,0.000032,7,18,25,7,18,25
22866131,,0,0.000093,0,0.000013,0,1,1,0,1,1
22762150,,0.000034,0.001499,0,0.000039,6,10,16,6,10,16
22655046,,0.000745,0.000746,2,0.000043,13,13,26,13,13,26
22652533,,0,0.00035,0,0.000013,0,4,4,0,4,4
22516946,,0,0.000233,2,0.000013,0,6,6,0,6,6
22212556,,0,0.000401,0,0.000046,3,6,9,3,6,9
22144499,,0.00755,0.000193,0,0.000492,84,5,89,84,5,89
22017761,,0.000001,0.000093,2,0.000204,20,1,21,20,1,21
21952622,,0.002687,0.000222,51,0.000597,64,7,71,64,7,71
21949660,,0,0.000093,0,0.000013,0,1,1,0,1,1
20974951,,0.000625,0.000093,11,0.000095,15,1,16,15,1,16
20736950,,0.000299,0.000173,51,0.000296,29,5,34,29,5,34
20104584,,0.000191,0.000343,22,0.000207,30,9,39,30,9,39
19723350,,0,0.000144,51,0.000013,0,2,2,0,2,2
18816319,,0.000004,0.000923,5,0.000061,7,2,9,7,2,9
16222317,,0,0.000093,0,0.000013,0,1,1,0,1,1
20223018,,0.000026,0.000001,2,0.000021,3,2,5,3,2,5
29997716,,0,0.001671,5,0.000013,0,3,3,0,3,3
29977351,,0,0.026333,31,0.000013,0,12,12,0,12,12
29925418,,0,0.023179,0,0.000013,0,9,9,0,9,9
29721474,,0,0.000444,5,0.000013,0,2,2,0,2,2
29662617,,0,0.001349,19,0.000013,0,12,12,0,12,12
29506471,,0.000558,0.002955,5,0.000025,2,8,10,2,8,10
29344267,,0,0.001943,32,0.000013,0,5,5,0,5,5
29228641,,0,0.006673,5,0.000013,0,24,24,0,24,24
29081841,,0,0.02375,32,0.000024,1,8,9,1,8,9
29053726,,0.001205,0.004442,5,0.000016,3,8,11,3,8,11
28794804,,0,0.029642,5,0.000013,0,16,16,0,16,16
28639753,,0,0.001305,32,0.000013,0,4,4,0,4,4
28628421,,0,0.024793,41,0.000013,0,7,7,0,7,7
28443200,,0,0.023887,19,0.000013,0,7,7,0,7,7
28373819,,0,0.001392,2,0.000013,0,3,3,0,3,3
28257597,,0,0.000442,2,0.000013,0,1,1,0,1,1
28250960,,0.001826,0.028304,5,0.000018,5,17,22,5,17,22
28184293,,0,0.027096,5,0.000013,0,14,14,0,14,14
27755534,,0,0.002796,5,0.000013,0,5,5,0,5,5
27634150,,0,0.026747,32,0.000013,0,17,17,0,17,17
27514841,,0.000084,0.028155,2,0.000041,7,24,31,7,24,31
27231565,,0,0.002275,5,0.000035,2,7,9,2,7,9
27197267,,0.003075,0.003758,32,0.000056,16,8,24,16,8,24
27167707,,0.000097,0.000965,22,0.000041,7,4,11,7,4,11
27102249,,0,0.001404,22,0.000013,0,4,4,0,4,4
27004793,,0.000241,0.002238,41,0.000014,2,6,8,2,6,8
26848776,,0,0.001458,2,0.000013,0,3,3,0,3,3
26834851,,0,0.001323,5,0.000013,0,3,3,0,3,3
26689913,,0.000877,0.001723,31,0.000205,37,5,42,37,5,42
26669452,,0,0.027079,41,0.000013,0,13,13,0,13,13
26641009,,0.000041,0.000656,23,0.000119,17,2,19,17,2,19
26496879,,0.000012,0.002282,2,0.000026,2,9,11,2,9,11
26236408,,0.000341,0.000663,51,0.000061,14,14,28,14,14,28
26153499,,0.000274,0.001907,22,0.000062,19,15,34,19,15,34
25933682,,0,0.002798,5,0.000013,0,8,8,0,8,8
25927284,,0,0.001677,27,0.000013,0,5,5,0,5,5
25483746,,0,0.000499,1,0.000013,0,3,3,0,3,3
25371887,,0,0.000511,28,0.000046,3,2,5,3,2,5
25111073,,0,0.000493,2,0.000013,0,2,2,0,2,2
25066213,,0,0.000442,2,0.000013,0,1,1,0,1,1
24910640,,0,0.000625,41,0.000013,0,3,3,0,3,3
24887442,,0,0.002677,5,0.000013,0,6,6,0,6,6
24844596,,0,0.023938,41,0.000013,0,4,4,0,4,4
24603706,,0,0.022566,2,0.000013,0,2,2,0,2,2
24592941,,0,0.000457,2,0.000013,0,2,2,0,2,2
24382715,,0,0.000442,2,0.000013,0,1,1,0,1,1
24349831,,0,0.026311,41,0.000013,0,10,10,0,10,10
24071869,,0,0.000442,2,0.000013,0,1,1,0,1,1
23873849,,0,0.000443,41,0.000013,0,2,2,0,2,2
23820649,,0,0.001105,0,0.000013,0,12,12,0,12,12
23800680,,0,0.000442,2,0.000013,0,1,1,0,1,1
23748177,,0.000498,0.000456,2,0.000029,2,2,4,2,2,4
23677535,,0.000287,0.001847,5,0.000022,5,6,11,5,6,11
23528888,,0,0.024431,41,0.000013,0,8,8,0,8,8
23390372,,0,0.000442,2,0.000013,0,1,1,0,1,1
23339562,,0,0.000442,2,0.000013,0,1,1,0,1,1
23262210,,0.001956,0.004867,5,0.000023,6,9,15,6,9,15
23187834,,0.000068,0.001493,23,0.000078,14,7,21,14,7,21
23155266,,0,0.000457,2,0.000013,0,2,2,0,2,2
23071447,,0,0.000938,2,0.000013,0,2,2,0,2,2
23039163,,0.000026,0.001813,5,0.000037,3,6,9,3,6,9
22782891,,0,0.000442,2,0.000013,0,1,1,0,1,1
22661305,,0,0.024116,32,0.000013,0,6,6,0,6,6
22579790,,0,0.023568,41,0.000013,0,4,4,0,4,4
22520984,,0,0.004787,32,0.000013,0,9,9,0,9,9
22388872,,0,0.001569,41,0.000013,0,4,4,0,4,4
22187038,,0.000101,0.000637,5,0.000018,4,4,8,4,4,8
21945552,,0.003414,0.001946,5,0.000034,9,4,13,9,4,13
21709188,,0.032588,0.002116,32,0.000856,118,5,123,118,5,123
21656744,,0.000561,0.000626,5,0.000021,3,2,5,3,2,5
21654687,,0.000588,0.001342,5,0.000082,12,5,17,12,5,17
21559243,,0.000046,0.000483,2,0.000024,5,8,13,5,8,13
21470549,,0.000248,0.000512,51,0.000018,3,5,8,3,5,8
21123638,,0.001396,0.002401,5,0.000206,37,11,48,37,11,48
21118967,,0,0.000442,2,0.000013,0,1,1,0,1,1
20843305,,0.00055,0.000812,27,0.000208,3,4,7,3,4,7
20665887,,0.005705,0.000442,41,0.001339,28,1,29,28,1,29
20619389,,0,0.001262,5,0.000013,0,6,6,0,6,6
20606085,,0.023002,0.001542,5,0.001046,87,3,90,87,3,90
20046879,,0,0.000632,41,0.000013,0,4,4,0,4,4
19935797,,0,0.000508,11,0.000013,0,7,7,0,7,7
19700937,,0,0.000442,2,0.000013,0,1,1,0,1,1
19656415,,0.00003,0.001295,2,0.000054,5,7,12,5,7,12
19500386,,0,0.000442,2,0.000013,0,1,1,0,1,1
19423517,,0.000591,0.001272,5,0.000248,23,2,25,23,2,25
19383376,,0.001039,0.002045,41,0.00003,4,12,16,4,12,16
18684498,,0.001397,0.000442,5,0.000127,21,1,22,21,1,22
18581287,,0,0.000442,2,0.000013,0,1,1,0,1,1
18575953,,0,0.000442,2,0.000013,0,1,1,0,1,1
18474296,,0,0.000442,2,0.000013,0,1,1,0,1,1
18413725,,0.023507,0.001234,32,0.004787,122,2,124,122,2,124
18405947,,0,0.000442,2,0.000013,0,1,1,0,1,1
18294373,,0,0.000442,2,0.000013,0,1,1,0,1,1
18046629,,0,0.001494,17,0.000013,0,7,7,0,7,7
17683622,,0.00182,0.000465,1,0.000226,33,4,37,33,4,37
17585057,,0,0.000443,14,0.000013,0,2,2,0,2,2
17456833,,0.008099,0.000442,41,0.000798,73,1,74,73,1,74
17307836,,0.000384,0.000495,32,0.000317,24,2,26,24,2,26
17139290,,0,0.000442,2,0.000013,0,1,1,0,1,1
15583691,,0,0.000442,2,0.000013,0,1,1,0,1,1
15175180,,0,0.000442,2,0.000013,0,1,1,0,1,1
14735197,,0.000071,0.000442,10,0.000158,10,1,11,10,1,11
14613551,,0,0.000442,2,0.000013,0,1,1,0,1,1
12181777,,0.000886,0.000442,2,0.000149,27,1,28,27,1,28
11207040,,0.000014,0,17,0.000081,1,0,1,1,0,1
28767289,,0.000215,0.001656,51,0.000052,17,22,39,17,22,39
28246467,,0,0.002276,5,0.000013,0,9,9,0,9,9
25479908,,0,0.000107,23,0.000013,0,4,4,0,4,4
25072261,,0.001907,0.000706,51,0.000606,39,8,47,39,8,47
20919528,,0,0.000388,2,0.000013,0,7,7,0,7,7
21504866,,0,0,2,0.000013,0,1,1,0,1,1
28702895,,0,0.000816,8,0.000013,0,13,13,0,13,13
27542569,,0,0.000304,35,0.000013,0,7,7,0,7,7
26137966,,0.000004,0.000005,51,0.000117,10,1,11,10,1,11
25918678,,0.00005,0.000227,0,0.000023,5,10,15,5,10,15
22355270,,0,0.000005,2,0.000013,0,1,1,0,1,1
22171747,,0,0.00001,28,0.000013,0,2,2,0,2,2
20617168,,0,0.000031,2,0.000013,0,2,2,0,2,2
20223001,,0,0.000012,28,0.000013,0,5,5,0,5,5
19383352,,0.001123,0.000038,28,0.000438,52,6,58,52,6,58
18501021,,0.000118,0.001089,2,0.00004,12,7,19,12,7,19
18331640,,0,0.000031,2,0.000013,0,2,2,0,2,2
16914028,,0,0.000031,0,0.000013,0,3,3,0,3,3
16430786,,0.000081,0.000032,11,0.000073,13,3,16,13,3,16
12094328,,0.001126,0.000038,0,0.000962,90,2,92,90,2,92
29111564,,0,0.000108,0,0.000013,0,4,4,0,4,4
26339569,,0,0.000103,0,0.000013,0,4,4,0,4,4
25539919,,0.00011,0.000317,8,0.000053,7,7,14,7,7,14
25099575,,0.005033,0.001624,23,0.000405,120,12,132,120,12,132
24431225,,0,0.000019,0,0.000013,0,1,1,0,1,1
24040396,,0.000007,0.000212,0,0.000048,6,4,10,6,4,10
22329458,,0,0.022294,32,0.000013,0,6,6,0,6,6
21951951,,0,0.000019,0,0.000013,0,1,1,0,1,1
21799032,,0,0.001135,0,0.000013,0,7,7,0,7,7
21740187,,0,0.000036,0,0.000013,0,4,4,0,4,4
20602259,,0,0.000126,8,0.000013,0,4,4,0,4,4
19584272,,0.000203,0.000969,0,0.000075,11,8,19,11,8,19
19336413,,0,0.000082,0,0.000013,0,3,3,0,3,3
18711133,,0,0.000045,0,0.000013,0,2,2,0,2,2
18279506,,0,0.000025,0,0.000013,0,3,3,0,3,3
18033323,,0,0.000019,0,0.000013,0,1,1,0,1,1
16672066,,0.000007,0.000052,10,0.000411,36,2,38,36,2,38
16331887,,0,0.000025,0,0.000013,0,2,2,0,2,2
15659661,,0,0.000019,0,0.000013,0,1,1,0,1,1
15367671,,0,0.000019,0,0.000013,0,1,1,0,1,1
12242219,,0,0.000019,0,0.000013,0,1,1,0,1,1
11691922,,0,0.000019,0,0.000013,0,1,1,0,1,1
11250679,,0.000001,0,28,0.00002,2,0,2,2,0,2
16404417,,0,0.00002,28,0.000013,0,2,2,0,2,2
25061520,,0,0.000003,0,0.000013,0,1,1,0,1,1
11250680,,0.000125,0,0,0.000307,17,0,17,17,0,17
22010008,,0.000577,0.000016,35,0.000208,29,4,33,29,4,33
20824038,,0,0.000003,0,0.000013,0,1,1,0,1,1
20482762,,0.00094,0.000372,0,0.000193,21,7,28,21,7,28
19465903,,0,0.000003,0,0.000013,0,1,1,0,1,1
19094228,,0,0.000039,0,0.000013,0,3,3,0,3,3
18563191,,0,0.000003,0,0.000013,0,1,1,0,1,1
18283315,,0,0.000003,0,0.000013,0,1,1,0,1,1
16603649,,0.000123,0.000022,0,0.000163,22,3,25,22,3,25
16538216,,0.000068,0.000003,19,0.000058,6,1,7,6,1,7
29872710,,0.000002,0.000129,22,0.00004,3,4,7,3,4,7
11250681,,0.000068,0,28,0.000147,8,0,8,8,0,8
24877145,,0,0.000004,28,0.000013,0,3,3,0,3,3
19001322,,0.000221,0.000009,5,0.000128,16,2,18,16,2,18
18454159,,0,0.000002,28,0.000013,0,1,1,0,1,1
27009803,,0,0.001017,32,0.000013,0,3,3,0,3,3
24108097,,0,0.000001,32,0.000013,0,1,1,0,1,1
20735817,,0.000129,0.000001,32,0.000137,12,1,13,12,1,13
16294017,,0.000021,0.000001,32,0.000137,12,1,13,12,1,13
21425134,,0,0.000001,28,0.000013,0,2,2,0,2,2
19690635,,0,0,28,0.000013,0,1,1,0,1,1
30079159,,0,0.000048,2,0.000013,0,9,9,0,9,9
25908910,,0,0.000333,2,0.000013,0,8,8,0,8,8
24516540,,0,0.000301,22,0.000013,0,5,5,0,5,5
24052750,,0.00002,0.000011,2,0.000023,2,2,4,2,2,4
22933969,,0.000002,0.000001,2,0.000021,1,1,2,1,1,2
12890290,,0,0.000001,2,0.000013,0,1,1,0,1,1
30135856,,0,0.000383,32,0.000013,0,3,3,0,3,3
30013776,,0,0.000866,31,0.000013,0,6,6,0,6,6
29139326,,0,0.022285,2,0.000013,0,3,3,0,3,3
28250726,,0,0.003106,32,0.000013,0,9,9,0,9,9
26992853,,0,0.000015,2,0.000013,0,1,1,0,1,1
25868856,,0,0.00002,2,0.000013,0,3,3,0,3,3
21779462,,0,0.000015,2,0.000013,0,1,1,0,1,1
21423216,,0,0.000015,2,0.000013,0,1,1,0,1,1
20537966,,0,0.000035,2,0.000013,0,2,2,0,2,2
20371513,,0,0.000015,2,0.000013,0,1,1,0,1,1
18314259,,0,0.000017,2,0.000013,0,2,2,0,2,2
12803543,,0,0.000015,2,0.000013,0,1,1,0,1,1
11917116,,0,0.000015,2,0.000013,0,1,1,0,1,1
24711893,,0,0.000022,2,0.000024,1,4,5,1,4,5
29938003,,0,0.000147,0,0.000013,0,7,7,0,7,7
16690677,,0,0,0,0.000013,0,1,1,0,1,1
29026449,,0,0.000552,5,0.000013,0,7,7,0,7,7
28306397,,0,0.000001,5,0.000013,0,1,1,0,1,1
27465808,,0,0.001305,0,0.000013,0,4,4,0,4,4
25023195,,0,0.000001,5,0.000013,0,1,1,0,1,1
21595959,,0,0.000001,5,0.000013,0,1,1,0,1,1
20029710,,0,0.000001,5,0.000013,0,1,1,0,1,1
18688790,,0,0.000006,5,0.000013,0,3,3,0,3,3
15235043,,0,0.000001,5,0.000013,0,1,1,0,1,1
12186170,,0,0.000001,5,0.000013,0,1,1,0,1,1
11584558,,0,0.000001,5,0.000013,0,1,1,0,1,1
25142628,,0,0,5,0.000013,0,1,1,0,1,1
18714076,,0,0,5,0.000013,0,1,1,0,1,1
26183948,,0.000033,0.000875,2,0.000027,3,5,8,3,5,8
24427357,,0,0.000012,0,0.000013,0,4,4,0,4,4
24860786,,0,0.000012,1,0.000013,0,2,2,0,2,2
24842653,,0,0,1,0.000013,0,1,1,0,1,1
12890739,,0,0,1,0.000013,0,1,1,0,1,1
22972572,,0.000001,0.000122,2,0.000026,2,8,10,2,8,10
30210453,,0,0.000004,0,0.000013,0,1,1,0,1,1
26221130,,0,0.000004,0,0.000013,0,1,1,0,1,1
22860233,,0,0.000006,0,0.000013,0,2,2,0,2,2
22792352,,0,0.000006,0,0.000013,0,3,3,0,3,3
21708019,,0.000027,0.000643,0,0.000061,8,7,15,8,7,15
20846920,,0,0.000006,0,0.000013,0,3,3,0,3,3
20831839,,0,0.000004,0,0.000013,0,1,1,0,1,1
16987421,,0,0.000006,0,0.000013,0,2,2,0,2,2
15994977,,0,0.000004,0,0.000013,0,1,1,0,1,1
12793900,,0,0.000004,0,0.000013,0,1,1,0,1,1
29911109,,0,0.001966,51,0.000013,0,16,16,0,16,16
29895190,,0,0.000068,32,0.000013,0,2,2,0,2,2
29756349,,0,0.000523,44,0.000013,0,6,6,0,6,6
29748622,,0,0.000776,8,0.000013,0,4,4,0,4,4
29254187,,0,0.000094,8,0.000013,0,2,2,0,2,2
28904335,,0,0.002202,8,0.000013,0,18,18,0,18,18
28596291,,0,0.000097,29,0.000013,0,3,3,0,3,3
28249796,,0,0.000069,32,0.000013,0,2,2,0,2,2
27434671,,0,0.001232,8,0.000013,0,16,16,0,16,16
27087322,,0.000578,0.002293,51,0.000033,5,13,18,5,13,18
26585231,,0.000044,0.000054,32,0.00009,10,1,11,10,1,11
26515461,,0.000043,0.000938,29,0.000029,5,7,12,5,7,12
25646469,,0.000661,0.000529,8,0.000013,1,2,3,1,2,3
24913804,,0,0.000054,8,0.000013,0,1,1,0,1,1
24289229,,0.00003,0.000638,8,0.00002,2,7,9,2,7,9
24027577,,0,0.000662,8,0.000013,0,7,7,0,7,7
23804422,,0,0.000069,32,0.000013,0,2,2,0,2,2
23326577,,0,0.023839,8,0.000013,0,5,5,0,5,5
23208375,,0,0.000151,8,0.000013,0,2,2,0,2,2
21990299,,0.037446,0.023007,41,0.001387,120,3,123,120,3,123
21148102,,0.002375,0.000481,8,0.000692,99,6,105,99,6,105
20697770,,0,0.000214,8,0.000013,0,3,3,0,3,3
20631063,,0.002109,0.001625,32,0.000263,33,5,38,33,5,38
20543987,,0.000009,0.000228,8,0.000014,1,6,7,1,6,7
20423983,,0.00012,0.000058,44,0.000651,31,2,33,31,2,33
20177395,,0,0.00225,8,0.000013,0,21,21,0,21,21
20008842,,0,0.000054,8,0.000013,0,1,1,0,1,1
19554456,,0.000027,0.000089,8,0.000022,4,4,8,4,4,8
17947333,,0.000033,0.000263,1,0.000349,22,6,28,22,6,28
15767282,,0,0.000194,1,0.000013,0,3,3,0,3,3
15173384,,0,0.000054,8,0.000013,0,1,1,0,1,1
15004247,,0,0.000054,8,0.000013,0,1,1,0,1,1
12488588,,0,0.000054,8,0.000013,0,1,1,0,1,1
12126623,,0,0.000054,8,0.000013,0,1,1,0,1,1
28900246,,0,0,2,0.000013,0,1,1,0,1,1
11452040,,0,0,2,0.000106,9,0,9,9,0,9
23075543,,0,0,2,0.000013,0,1,1,0,1,1
22002021,,0,0,2,0.000013,0,1,1,0,1,1
16931592,,0,0,2,0.000013,0,1,1,0,1,1
15717935,,0,0,2,0.000013,0,1,1,0,1,1
12682378,,0,0,2,0.000013,0,1,1,0,1,1
12434006,,0,0,2,0.000013,0,1,1,0,1,1
11861924,,0,0,2,0.000013,0,1,1,0,1,1
29447171,,0,0.000019,2,0.000013,0,4,4,0,4,4
27442652,,0,0.000087,0,0.000013,0,2,2,0,2,2
27081505,,0.000152,0.000024,2,0.000025,11,7,18,11,7,18
19338683,,0,0.000028,0,0.000013,0,2,2,0,2,2
18797466,,0,0.000003,0,0.000013,0,1,1,0,1,1
17721994,,0,0.000019,0,0.000013,0,2,2,0,2,2
17085682,,0,0.000033,0,0.000013,0,3,3,0,3,3
15535844,,0.000058,0.000033,0,0.000063,14,3,17,14,3,17
15485917,,0,0.000003,0,0.000013,0,2,2,0,2,2
14612911,,0,0.000033,0,0.000013,0,3,3,0,3,3
12610780,,0.000199,0.00003,0,0.000174,27,3,30,27,3,30
12533788,,0,0.000003,0,0.000013,0,1,1,0,1,1
12529183,,0,0.000046,5,0.000013,0,3,3,0,3,3
12454775,,0,0.000003,0,0.000013,0,1,1,0,1,1
11879567,,0,0.000003,0,0.000013,0,1,1,0,1,1
30104380,,0,0.000757,8,0.000013,0,5,5,0,5,5
29618939,,0,0.000805,29,0.000013,0,9,9,0,9,9
29464354,,0.000535,0.033011,31,0.000028,4,32,36,4,32,36
29416040,,0,0.000856,8,0.000013,0,10,10,0,10,10
29298688,,0,0.026765,5,0.000013,0,10,10,0,10,10
29133916,,0,0.000725,8,0.000013,0,7,7,0,7,7
28687616,,0,0.001432,32,0.000013,0,8,8,0,8,8
28619759,,0,0.001436,32,0.000013,0,6,6,0,6,6
28535128,,0,0.000155,8,0.000013,0,3,3,0,3,3
28450425,,0.001867,0.001293,51,0.000084,21,7,28,21,7,28
28398198,,0,0.001647,8,0.000013,0,18,18,0,18,18
28323334,,0.000007,0.003667,51,0.000024,3,19,22,3,19,22
28302823,,0.005913,0.025783,32,0.00044,78,11,89,78,11,89
28248920,,0,0.000358,32,0.000013,0,2,2,0,2,2
27924006,,0,0.000589,8,0.000013,0,6,6,0,6,6
27884198,,0,0.004503,31,0.000013,0,24,24,0,24,24
27697832,,0,0.000306,8,0.000013,0,2,2,0,2,2
27450436,,0,0.000275,8,0.000013,0,4,4,0,4,4
26871286,,0,0.000337,8,0.000013,0,4,4,0,4,4
26548611,,0,0.001232,8,0.000013,0,11,11,0,11,11
25770156,,0,0.000896,31,0.000013,0,3,3,0,3,3
25671134,,0.000006,0.000138,51,0.000018,1,1,2,1,1,2
24826054,,0,0.000138,8,0.000013,0,1,1,0,1,1
24556991,,0.000044,0.000723,8,0.00045,46,4,50,46,4,50
24268522,,0.00003,0.022971,8,0.000024,3,12,15,3,12,15
24265409,,0,0.024519,8,0.000013,0,7,7,0,7,7
24097900,,0,0.000776,8,0.000013,0,4,4,0,4,4
23916969,,0,0.000759,8,0.000013,0,5,5,0,5,5
23712866,,0,0.00021,32,0.000013,0,5,5,0,5,5
23634208,,0,0.000138,8,0.000013,0,1,1,0,1,1
23598974,,0,0.000302,8,0.000013,0,3,3,0,3,3
23598277,,0,0.00062,8,0.000013,0,2,2,0,2,2
23509288,,0,0.000138,8,0.000013,0,1,1,0,1,1
23318456,,0,0.000258,8,0.000013,0,2,2,0,2,2
23146216,,0.00048,0.001537,31,0.000187,19,4,23,19,4,23
22505453,,0,0.000258,8,0.000013,0,2,2,0,2,2
21532888,,0,0.000254,8,0.000013,0,2,2,0,2,2
21458466,,0,0.000138,8,0.000013,0,1,1,0,1,1
21278446,,0.000291,0.000144,8,0.000481,61,2,63,61,2,63
21205087,,0.006028,0.003142,32,0.000257,35,12,47,35,12,47
20686691,,0,0.000425,8,0.000013,0,7,7,0,7,7
20585617,,0,0.000359,51,0.000013,0,9,9,0,9,9
20373286,,0,0.000138,8,0.000013,0,1,1,0,1,1
19834534,,0,0.000248,8,0.000013,0,2,2,0,2,2
19738377,,0,0.000138,8,0.000013,0,1,1,0,1,1
19589159,,0.004389,0.000179,33,0.000487,44,2,46,44,2,46
19584259,,0.002853,0.000646,8,0.000639,84,8,92,84,8,92
19530647,,0,0.000138,8,0.000013,0,1,1,0,1,1
18757891,,0,0.000138,8,0.000013,0,1,1,0,1,1
18628293,,0,0.000138,8,0.000013,0,1,1,0,1,1
18547876,,0,0.000138,8,0.000013,0,1,1,0,1,1
18539610,,0,0.000248,8,0.000013,0,2,2,0,2,2
18536572,,0,0.000138,8,0.000013,0,1,1,0,1,1
18451142,,0,0.000138,8,0.000013,0,1,1,0,1,1
18388863,,0.005167,0.000138,32,0.010307,114,1,115,114,1,115
18303025,,0,0.000248,8,0.000013,0,2,2,0,2,2
18266476,,0.000161,0.000432,8,0.000272,30,5,35,30,5,35
18264087,,0.035226,0.000235,32,0.007201,255,3,258,255,3,258
17101782,,0.005583,0.000138,41,0.00103,94,1,95,94,1,95
16880516,,0,0.000138,8,0.000013,0,1,1,0,1,1
16322760,,0,0.000138,8,0.000013,0,1,1,0,1,1
16247024,,0,0.000138,8,0.000013,0,1,1,0,1,1
15601996,,0,0.000138,8,0.000013,0,1,1,0,1,1
15485900,,0.004864,0.000176,8,0.003487,181,2,183,181,2,183
15054444,,0,0.000138,8,0.000013,0,1,1,0,1,1
14673148,,0,0.000154,8,0.000013,0,2,2,0,2,2
14612396,,0,0.000138,8,0.000013,0,1,1,0,1,1
14566050,,0,0.000138,8,0.000013,0,1,1,0,1,1
12488587,,0,0.000138,8,0.000013,0,1,1,0,1,1
12000837,,0,0.000196,8,0.000013,0,2,2,0,2,2
11850397,,0,0.000138,8,0.000013,0,1,1,0,1,1
28627265,,0,0.000182,0,0.000013,0,6,6,0,6,6
21165770,,0.000383,0.000565,23,0.00005,14,10,24,14,10,24
20021639,,0,0.000001,0,0.000013,0,2,2,0,2,2
19124502,,0,0.000334,0,0.000013,0,8,8,0,8,8
11577167,,0.000002,0,41,0.000142,4,0,4,4,0,4
17490616,,0,0,41,0.000013,0,1,1,0,1,1
11836443,,0,0,41,0.000013,0,1,1,0,1,1
26075229,,0.002286,0.023792,5,0.000046,8,11,19,8,11,19
20479284,,0.00057,0.000013,32,0.000095,9,1,10,9,1,10
11597326,,0.000014,0,33,0.00018,4,0,4,4,0,4
26580448,,0.000894,0.000133,23,0.000835,100,4,104,100,4,104
16820092,,0,0,1,0.000013,0,1,1,0,1,1
22834783,,0,0.000004,2,0.000013,0,1,1,0,1,1
11748305,,0.000194,0,2,0.000475,20,0,20,20,0,20
21960690,,0,0.000008,2,0.000071,7,3,10,7,3,10
17065424,,0,0.000004,2,0.000013,0,1,1,0,1,1
16280054,,0,0.000004,2,0.000013,0,1,1,0,1,1
16141003,,0,0.000004,2,0.000013,0,1,1,0,1,1
15520403,,0,0.000004,2,0.000013,0,1,1,0,1,1
14757853,,0,0.000004,2,0.000013,0,1,1,0,1,1
14695314,,0,0.000004,2,0.000013,0,1,1,0,1,1
12439935,,0,0.000004,2,0.000013,0,1,1,0,1,1
12046063,,0,0.000004,2,0.000013,0,1,1,0,1,1
29146938,,0,0.024086,33,0.000013,0,12,12,0,12,12
28627616,,0,0.000143,32,0.000013,0,5,5,0,5,5
27490902,,0,0.001531,8,0.000013,0,20,20,0,20,20
27135742,,0,0.000319,29,0.000013,0,3,3,0,3,3
26748828,,0,0.000837,29,0.000013,0,5,5,0,5,5
26603896,,0,0.000058,8,0.000013,0,1,1,0,1,1
26010955,,0,0.000485,44,0.000013,0,4,4,0,4,4
25945522,,0.000006,0.000447,8,0.00004,5,5,10,5,5,10
25689427,,0,0.000058,1,0.000013,0,2,2,0,2,2
25195011,,0,0.000317,8,0.000013,0,2,2,0,2,2
25053826,,0.000572,0.000583,8,0.00009,10,6,16,10,6,16
24966870,,0,0.001661,8,0.000013,0,4,4,0,4,4
24587176,,0,0.000058,8,0.000013,0,1,1,0,1,1
24347643,,0,0.000399,8,0.000013,0,3,3,0,3,3
23830640,,0,0.000062,11,0.000013,0,2,2,0,2,2
23675572,,0,0.002016,8,0.000013,0,11,11,0,11,11
23673020,,0,0.0003,23,0.000013,0,4,4,0,4,4
23609537,,0,0.000058,8,0.000013,0,1,1,0,1,1
22778154,,0.000706,0.000058,51,0.000095,16,1,17,16,1,17
22505579,,0,0.000058,8,0.000013,0,1,1,0,1,1
22152194,,0.000016,0.000068,29,0.000043,4,2,6,4,2,6
21798026,,0.000045,0.000072,8,0.000057,5,3,8,5,3,8
21660700,,0,0.000177,8,0.000013,0,2,2,0,2,2
21573016,,0.000031,0.000218,11,0.000086,10,6,16,10,6,16
21532565,,0,0.001294,32,0.000013,0,5,5,0,5,5
21423196,,0,0.00033,8,0.000013,0,4,4,0,4,4
21317456,,0,0.000445,8,0.000013,0,2,2,0,2,2
20861312,,0,0.000058,8,0.000013,0,1,1,0,1,1
20413593,,0,0.000156,8,0.000013,0,2,2,0,2,2
19713438,,0,0.000058,8,0.000013,0,1,1,0,1,1
19713159,,0,0.000058,8,0.000013,0,1,1,0,1,1
19622404,,0,0.000498,11,0.000013,0,10,10,0,10,10
19553191,,0.000003,0.000058,15,0.000173,15,1,16,15,1,16
19519402,,0,0.000058,8,0.000013,0,1,1,0,1,1
19245833,,0,0.000058,8,0.000013,0,1,1,0,1,1
19043071,,0,0.000058,8,0.000013,0,1,1,0,1,1
18951449,,0.00018,0.000972,22,0.00038,35,6,41,35,6,41
18593900,,0.001535,0.000058,8,0.000242,21,1,22,21,1,22
18505284,,0,0.000058,8,0.000013,0,1,1,0,1,1
17656556,,0,0.000058,8,0.000013,0,1,1,0,1,1
17517774,,0,0.0002,11,0.000013,0,4,4,0,4,4
16951081,,0,0.000058,8,0.000013,0,1,1,0,1,1
15359281,,0,0.000058,8,0.000013,0,1,1,0,1,1
15198978,,0,0.00014,8,0.000013,0,2,2,0,2,2
12663541,,0,0.000058,8,0.000013,0,1,1,0,1,1
11953322,,0,0.000058,8,0.000013,0,1,1,0,1,1
29262523,,0,0.00006,0,0.000024,1,6,7,1,6,7
24186304,,0,0.001084,2,0.000013,0,8,8,0,8,8
23028381,,0,0.000197,23,0.000013,0,2,2,0,2,2
17760956,,0.000048,0.000009,0,0.000117,13,2,15,13,2,15
24877058,,0,0,7,0.000013,0,1,1,0,1,1
11819494,,0,0,7,0.000177,15,0,15,15,0,15
15222050,,0,0,7,0.000013,0,1,1,0,1,1
15040020,,0,0,7,0.000013,0,1,1,0,1,1
14966902,,0,0,7,0.000013,0,1,1,0,1,1
14760760,,0,0,7,0.000013,0,1,1,0,1,1
12717834,,0,0,7,0.000013,0,1,1,0,1,1
12679912,,0,0,7,0.000013,0,1,1,0,1,1
12679904,,0,0,7,0.000013,0,1,1,0,1,1
12378623,,0,0,7,0.000013,0,1,1,0,1,1
11854909,,0,0,7,0.000013,0,1,1,0,1,1
11819835,,0,0,7,0.000013,0,1,1,0,1,1
11819834,,0,0,7,0.000013,0,1,1,0,1,1
11819750,,0,0,7,0.000013,0,1,1,0,1,1
11819749,,0,0,7,0.000013,0,1,1,0,1,1
11819518,,0,0,7,0.000013,0,1,1,0,1,1
11836363,,0.000022,0,2,0.000038,6,0,6,6,0,6
29910701,,0,0.000032,0,0.000013,0,1,1,0,1,1
29312466,,0,0.000065,0,0.000013,0,4,4,0,4,4
28699130,,0.000021,0.003114,5,0.000015,1,8,9,1,8,9
27782108,,0.000033,0.001327,0,0.000017,2,4,6,2,4,6
27711073,,0,0.000059,0,0.000013,0,2,2,0,2,2
27438779,,0,0.00009,0,0.000013,0,6,6,0,6,6
27061411,,0,0.000032,0,0.000013,0,1,1,0,1,1
26673457,,0,0.000035,2,0.000013,0,2,2,0,2,2
25674498,,0.000003,0.000092,0,0.000014,1,6,7,1,6,7
25328151,,0,0.000032,0,0.000013,0,1,1,0,1,1
25077650,,0,0.00006,22,0.000013,0,2,2,0,2,2
24556621,,0,0.000606,51,0.000013,0,8,8,0,8,8
24481681,,0,0.000115,22,0.000013,0,5,5,0,5,5
24212087,,0.000094,0.000102,22,0.000077,18,7,25,18,7,25
23977236,,0,0.000069,0,0.000013,0,3,3,0,3,3
23785426,,0,0.000032,0,0.000013,0,1,1,0,1,1
23756864,,0,0.000271,0,0.000013,0,3,3,0,3,3
23513042,,0,0.000032,0,0.000013,0,1,1,0,1,1
22572204,,0,0.000534,0,0.000013,0,4,4,0,4,4
22269215,,0,0.000078,0,0.000013,0,3,3,0,3,3
22114986,,0.000115,0.000339,0,0.000086,14,8,22,14,8,22
21890493,,0.000084,0.001312,0,0.000055,6,19,25,6,19,25
21412252,,0,0.000067,0,0.000013,0,2,2,0,2,2
21182766,,0,0.001194,0,0.000013,0,10,10,0,10,10
21060860,,0.000544,0.001178,0,0.000307,41,11,52,41,11,52
20924409,,0,0.000147,0,0.000013,0,5,5,0,5,5
20606088,,0,0.000032,0,0.000013,0,1,1,0,1,1
20418484,,0.000421,0.001169,0,0.000194,26,11,37,26,11,37
20299982,,0.00002,0.000032,14,0.000107,9,1,10,9,1,10
20233478,,0,0.000862,5,0.000013,0,2,2,0,2,2
19887461,,0,0.000032,0,0.000013,0,1,1,0,1,1
19690183,,0,0.000046,0,0.000013,0,2,2,0,2,2
19457262,,0,0.000065,2,0.000013,0,2,2,0,2,2
18973698,,0,0.000032,0,0.000013,0,1,1,0,1,1
18557994,,0.000375,0.001118,0,0.000205,23,5,28,23,5,28
18096087,,0,0.000032,0,0.000013,0,1,1,0,1,1
17705858,,0,0.000086,0,0.000013,0,4,4,0,4,4
17660460,,0,0.000032,0,0.000013,0,1,1,0,1,1
17367212,,0,0.000039,0,0.000013,0,2,2,0,2,2
17187672,,0.000336,0.000888,0,0.0002,18,4,22,18,4,22
17132159,,0,0.000074,0,0.000013,0,3,3,0,3,3
17029623,,0,0.000032,0,0.000013,0,1,1,0,1,1
17010193,,0.000582,0.000062,0,0.00016,13,4,17,13,4,17
16887007,,0,0.000032,0,0.000013,0,1,1,0,1,1
16685647,,0.000057,0.000035,27,0.000328,27,4,31,27,4,31
16685266,,0,0.000032,0,0.000013,0,1,1,0,1,1
16671833,,0,0.000075,0,0.000013,0,5,5,0,5,5
15345075,,0,0.000034,23,0.000013,0,2,2,0,2,2
25479140,,0.001151,0.002088,23,0.000193,42,13,55,42,13,55
11870509,,0.000082,0,23,0.000056,5,0,5,5,0,5
15928228,,0,0.000002,23,0.000013,0,1,1,0,1,1
12488578,,0,0.000002,23,0.000013,0,1,1,0,1,1
30234108,,0,0.002401,51,0.000013,0,16,16,0,16,16
29187880,,0,0.000838,51,0.000013,0,5,5,0,5,5
29181194,,0,0.000005,11,0.000013,0,1,1,0,1,1
27940962,,0,0.000073,11,0.000013,0,2,2,0,2,2
25815132,,0,0.000102,2,0.000013,0,4,4,0,4,4
25409685,,0,0.000074,17,0.000013,0,5,5,0,5,5
24627786,,0,0.000406,8,0.000013,0,11,11,0,11,11
23388117,,0,0.002799,11,0.000013,0,9,9,0,9,9
19519404,,0,0.000153,11,0.000013,0,6,6,0,6,6
17275994,,0,0.000005,11,0.000013,0,1,1,0,1,1
30275862,,0,0.000306,51,0.000013,0,8,8,0,8,8
28448241,,0,0.000565,0,0.000013,0,12,12,0,12,12
26539502,,0,0.000005,2,0.000013,0,1,1,0,1,1
25861037,,0,0.000005,2,0.000013,0,1,1,0,1,1
23971979,,0.000006,0.000264,33,0.000043,6,4,10,6,4,10
23001122,,0,0.000005,2,0.000013,0,1,1,0,1,1
21300207,,0,0.002469,32,0.000013,0,7,7,0,7,7
20138719,,0,0.000006,28,0.000013,0,2,2,0,2,2
11897832,,0.00003,0,33,0.000017,2,0,2,2,0,2
21253292,,0,0,2,0.000013,0,1,1,0,1,1
29719585,,0,0.000002,2,0.000013,0,1,1,0,1,1
29707532,,0,0.000002,2,0.000013,0,1,1,0,1,1
27657702,,0,0.000002,2,0.000013,0,1,1,0,1,1
26598080,,0,0.000002,2,0.000013,0,1,1,0,1,1
24784887,,0,0.000002,2,0.000013,0,1,1,0,1,1
23977663,,0,0.000002,2,0.000013,0,1,1,0,1,1
23150026,,0,0.000002,2,0.000013,0,1,1,0,1,1
22418777,,0,0.000002,2,0.000013,0,1,1,0,1,1
22129893,,0,0.000002,2,0.000013,0,1,1,0,1,1
19383894,,0,0.000002,2,0.000013,0,1,1,0,1,1
18505952,,0,0.000002,2,0.000013,0,1,1,0,1,1
18423013,,0,0.000002,2,0.000013,0,1,1,0,1,1
17940530,,0,0.000002,2,0.000013,0,1,1,0,1,1
16891826,,0,0.000002,2,0.000013,0,1,1,0,1,1
16842617,,0,0.000002,2,0.000013,0,1,1,0,1,1
16410823,,0,0.000002,2,0.000013,0,1,1,0,1,1
15987458,,0,0.000833,2,0.000013,0,3,3,0,3,3
15652000,,0,0.000002,2,0.000013,0,1,1,0,1,1
29867264,,0,0.000002,5,0.000013,0,1,1,0,1,1
28812325,,0,0.000179,51,0.000013,1,6,7,1,6,7
27804060,,0,0.000002,5,0.000013,0,1,1,0,1,1
25600375,,0,0.000002,5,0.000013,0,1,1,0,1,1
25132793,,0,0.000831,5,0.000013,0,2,2,0,2,2
22792104,,0,0.000004,5,0.000013,0,3,3,0,3,3
19025627,,0,0.000002,5,0.000013,0,1,1,0,1,1
18394587,,0,0.000002,5,0.000013,0,1,1,0,1,1
16434991,,0,0.000002,5,0.000013,0,1,1,0,1,1
30305041,,0,0.000222,51,0.000013,0,3,3,0,3,3
12052256,,0.000073,0,0,0.000241,9,0,9,9,0,9
30256826,,0,0.000053,0,0.000013,0,4,4,0,4,4
23470717,,0,0.000002,0,0.000013,0,1,1,0,1,1
22419737,,0,0.000335,0,0.000013,0,4,4,0,4,4
15700044,,0.000523,0.000027,0,0.00022,10,2,12,10,2,12
14970869,,0,0.000027,0,0.000013,0,2,2,0,2,2
30275858,,0,0.000045,28,0.000013,0,4,4,0,4,4
30116257,,0,0.000308,0,0.000013,0,8,8,0,8,8
29445900,,0,0.000069,23,0.000013,0,4,4,0,4,4
28874143,,0,0.00112,2,0.000018,1,9,10,1,9,10
28738860,,0.000004,0.000054,32,0.000025,2,5,7,2,5,7
27488870,,0,0.000025,0,0.000013,0,1,1,0,1,1
27308506,,0,0.022691,32,0.000013,0,11,11,0,11,11
26929905,,0,0.000026,2,0.000013,0,2,2,0,2,2
25884806,,0,0.00005,0,0.000013,0,4,4,0,4,4
25823661,,0,0.000041,0,0.000013,0,3,3,0,3,3
25629968,,0,0.000917,0,0.000018,1,8,9,1,8,9
25431674,,0,0.000066,0,0.000013,0,6,6,0,6,6
24578978,,0,0.000025,0,0.000013,0,1,1,0,1,1
24564336,,0,0.00022,23,0.000013,0,2,2,0,2,2
23967248,,0,0.000077,2,0.000013,0,7,7,0,7,7
23806170,,0.000071,0.000931,0,0.000072,7,8,15,7,8,15
23652375,,0,0.000057,0,0.000013,0,8,8,0,8,8
23109706,,0,0.000043,0,0.000013,0,3,3,0,3,3
21779515,,0,0.000025,0,0.000013,0,1,1,0,1,1
21542898,,0,0.000078,0,0.000013,0,4,4,0,4,4
21356067,,0,0.000266,0,0.000013,0,6,6,0,6,6
21269472,,0,0.000026,0,0.000013,0,2,2,0,2,2
21184685,,0,0.000025,0,0.000013,0,1,1,0,1,1
20834228,,0,0.000025,0,0.000013,0,1,1,0,1,1
20798862,,0,0.000025,0,0.000013,0,1,1,0,1,1
20308661,,0,0.000055,2,0.000013,0,3,3,0,3,3
20223004,,0,0.000025,0,0.000013,0,1,1,0,1,1
20160490,,0,0.000042,0,0.000013,0,2,2,0,2,2
20126263,,0,0.000025,0,0.000013,0,1,1,0,1,1
19682358,,0,0.000046,2,0.000013,0,2,2,0,2,2
19608766,,0,0.000025,0,0.000013,0,1,1,0,1,1
19607694,,0,0.001063,23,0.000013,0,4,4,0,4,4
19088016,,0,0.000255,0,0.000013,0,4,4,0,4,4
18571837,,0,0.000071,51,0.000013,0,3,3,0,3,3
18253122,,0,0.000084,0,0.000013,0,6,6,0,6,6
17723364,,0,0.000025,0,0.000013,0,1,1,0,1,1
17428320,,0.000053,0.000861,0,0.000094,15,3,18,15,3,18
17164383,,0,0.000025,0,0.000013,0,1,1,0,1,1
16848977,,0,0.000025,0,0.000013,0,1,1,0,1,1
16816021,,0,0.00003,0,0.000013,0,2,2,0,2,2
16539695,,0,0.000055,0,0.000013,0,4,4,0,4,4
16109180,,0,0.000025,0,0.000013,0,1,1,0,1,1
15701279,,0,0.000025,0,0.000013,0,1,1,0,1,1
12793891,,0,0.000025,0,0.000051,4,1,5,4,1,5
12690581,,0,0.000025,0,0.000013,0,1,1,0,1,1
25624909,,0.000005,0.000077,2,0.000024,2,7,9,2,7,9
23878789,,0,0.000003,2,0.000013,0,1,1,0,1,1
28472989,,0.000507,0.000861,17,0.000041,4,3,7,4,3,7
22894576,,0,0.000007,0,0.000013,0,1,1,0,1,1
19902366,,0.000003,0.000122,0,0.000318,30,6,36,30,6,36
12114492,,0,0,2,0.000022,1,0,1,1,0,1
28146134,,0,0.024379,5,0.000013,0,19,19,0,19,19
28129608,,0,0.000062,22,0.000013,0,3,3,0,3,3
26130695,,0,0.00058,23,0.000013,0,12,12,0,12,12
24159334,,0,0.000073,22,0.000013,0,4,4,0,4,4
23760103,,0,0.000015,22,0.000013,0,1,1,0,1,1
23586058,,0.000281,0.001682,10,0.00012,26,13,39,26,13,39
20507642,,0.000064,0.00004,22,0.00007,8,3,11,8,3,11
20158892,,0,0.000015,22,0.000013,0,1,1,0,1,1
19841577,,0,0.000015,22,0.000013,0,1,1,0,1,1
19795481,,0,0.000248,22,0.000013,0,7,7,0,7,7
19516963,,0,0.000015,22,0.000013,0,1,1,0,1,1
19471317,,0.00061,0.000848,22,0.000135,13,3,16,13,3,16
19339519,,0,0.000015,22,0.000013,0,1,1,0,1,1
18806275,,0,0.000015,22,0.000013,0,1,1,0,1,1
18607349,,0.001496,0.000113,22,0.000337,42,3,45,42,3,45
17088905,,0,0.000015,22,0.000013,0,1,1,0,1,1
16147989,,0,0.000015,22,0.000013,0,1,1,0,1,1
14526391,,0,0.000015,22,0.000013,0,1,1,0,1,1
12824367,,0,0.000015,22,0.000013,0,1,1,0,1,1
30018709,,0,0.000006,35,0.000013,0,1,1,0,1,1
12161606,,0.000289,0,35,0.000353,25,0,25,25,0,25
28959512,,0,0.000914,35,0.000013,0,3,3,0,3,3
27358586,,0,0.000051,35,0.000013,0,2,2,0,2,2
25602962,,0,0.000006,35,0.000013,0,1,1,0,1,1
24829859,,0,0.000006,35,0.000013,0,1,1,0,1,1
23881989,,0.000978,0.000006,41,0.00007,18,2,20,18,2,20
21819606,,0.000297,0.001668,5,0.000047,9,13,22,9,13,22
20219108,,0.000254,0.000029,35,0.00035,12,3,15,12,3,15
20209131,,0,0.000006,35,0.000013,0,1,1,0,1,1
20164691,,0,0.000006,35,0.000013,0,1,1,0,1,1
19968494,,0,0.000006,35,0.000013,0,1,1,0,1,1
19435470,,0,0.000006,35,0.000013,0,1,1,0,1,1
19379506,,0,0.000006,35,0.000013,0,1,1,0,1,1
12966421,,0,0.000006,35,0.000013,0,1,1,0,1,1
12161607,,0.000819,0,5,0.000974,17,0,17,17,0,17
27242959,,0.000184,0.027249,5,0.000017,3,27,30,3,27,30
24841841,,0.00002,0.000517,5,0.00003,5,3,8,5,3,8
23778531,,0.001324,0.000094,5,0.000024,7,2,9,7,2,9
21394499,,0.000348,0.000188,35,0.000335,25,5,30,25,5,30
19959799,,0,0.000514,5,0.000013,0,2,2,0,2,2
14680495,,0.0009,0.000018,0,0.000898,55,1,56,55,1,56
12161611,,0.000004,0,22,0.000021,3,0,3,3,0,3
28283467,,0,0.000082,19,0.000013,0,3,3,0,3,3
20455026,,0.000027,0.000015,22,0.000017,3,4,7,3,4,7
25756203,,0,0.000001,2,0.000013,0,1,1,0,1,1
24943595,,0,0.000001,2,0.000013,0,1,1,0,1,1
22461097,,0,0.000001,2,0.000013,0,1,1,0,1,1
21980428,,0,0.000001,2,0.000013,0,1,1,0,1,1
15611180,,0,0.000001,2,0.000013,0,1,1,0,1,1
12826474,,0,0.000001,2,0.000013,0,1,1,0,1,1
30344568,,0,0.000059,2,0.000013,0,3,3,0,3,3
29348823,,0,0.025126,5,0.000013,0,10,10,0,10,10
29157216,,0,0.000021,2,0.000013,0,2,2,0,2,2
27313952,,0,0.000048,2,0.000013,0,2,2,0,2,2
25799416,,0,0.00002,2,0.000013,0,1,1,0,1,1
23071490,,0,0.000064,51,0.000013,0,2,2,0,2,2
22929646,,0,0.00002,2,0.000013,0,1,1,0,1,1
22713736,,0.000151,0.000089,2,0.000065,12,7,19,12,7,19
19805052,,0,0.00002,2,0.000013,0,1,1,0,1,1
12541220,,0,0.00002,2,0.000013,0,1,1,0,1,1
27617151,,0,0.000002,17,0.000013,0,1,1,0,1,1
26937134,,0,0.000002,17,0.000013,0,1,1,0,1,1
26925958,,0,0.000002,17,0.000013,0,1,1,0,1,1
25979631,,0,0.000098,17,0.000013,0,4,4,0,4,4
23833673,,0.000005,0.000012,17,0.000035,4,4,8,4,4,8
23231819,,0,0.000023,17,0.000013,0,2,2,0,2,2
20233471,,0,0.000002,17,0.000013,0,1,1,0,1,1
19888225,,0,0.000002,17,0.000013,0,1,1,0,1,1
19657673,,0,0.000002,17,0.000013,0,1,1,0,1,1
12414821,,0.000024,0,2,0.000085,7,0,7,7,0,7
25561163,,0,0.000001,2,0.000013,0,1,1,0,1,1
20393310,,0,0.000022,17,0.000013,0,2,2,0,2,2
16971459,,0,0.000001,2,0.000013,0,1,1,0,1,1
12414830,,0.000022,0,0,0.000014,1,0,1,1,0,1
29312381,,0,0.000001,35,0.000013,0,1,1,0,1,1
12466288,,0.000031,0,35,0.000218,22,0,22,22,0,22
25569088,,0,0.000001,35,0.000013,0,1,1,0,1,1
23194186,,0,0.000001,35,0.000013,0,1,1,0,1,1
22462748,,0,0.000001,35,0.000013,0,1,1,0,1,1
22276173,,0,0.000001,35,0.000013,0,1,1,0,1,1
21264940,,0,0.000001,35,0.000013,0,1,1,0,1,1
21191178,,0,0.000015,35,0.000013,0,2,2,0,2,2
21078133,,0,0.000001,35,0.000013,0,1,1,0,1,1
19906782,,0,0.000001,35,0.000013,0,1,1,0,1,1
19819348,,0,0.000001,35,0.000013,0,1,1,0,1,1
19423538,,0,0.000001,35,0.000013,0,1,1,0,1,1
17033968,,0,0.000001,35,0.000013,0,1,1,0,1,1
16652348,,0,0.000002,35,0.000013,0,2,2,0,2,2
15965248,,0,0.000001,35,0.000013,0,1,1,0,1,1
15689452,,0,0.00001,35,0.000013,0,2,2,0,2,2
15157284,,0,0.000001,35,0.000013,0,1,1,0,1,1
15081120,,0,0.000001,35,0.000013,0,1,1,0,1,1
15015130,,0,0.000001,35,0.000013,0,1,1,0,1,1
14970847,,0,0.000001,35,0.000013,0,1,1,0,1,1
12844287,,0,0.000001,35,0.000013,0,1,1,0,1,1
29922634,,0,0.000051,51,0.000013,0,1,1,0,1,1
29659569,,0,0.000169,51,0.000013,0,8,8,0,8,8
29594021,,0,0.00041,51,0.000013,0,7,7,0,7,7
29248718,,0,0.000051,51,0.000013,0,1,1,0,1,1
28545429,,0,0.000109,5,0.000013,0,7,7,0,7,7
28265568,,0,0.000135,51,0.000013,0,3,3,0,3,3
28254358,,0.000025,0.001367,8,0.000041,4,9,13,4,9,13
27989354,,0.000087,0.000292,51,0.000048,10,10,20,10,10,20
27930734,,0,0.000288,23,0.000013,0,5,5,0,5,5
27814645,,0,0.000051,51,0.000013,0,1,1,0,1,1
27595995,,0.000264,0.001311,23,0.000053,17,11,28,17,11,28
27524905,,0,0.000051,51,0.000013,0,1,1,0,1,1
27262462,,0,0.000055,51,0.000013,0,2,2,0,2,2
26604137,,0,0.000116,51,0.000013,0,2,2,0,2,2
26433958,,0,0.000253,51,0.000024,1,9,10,1,9,10
25277175,,0,0.000347,51,0.000013,0,5,5,0,5,5
25132269,,0.00057,0.022859,70,0.000163,18,8,26,18,8,26
24704845,,0,0.000051,51,0.000013,0,1,1,0,1,1
24616882,,0.005076,0.02676,51,0.00011,24,16,40,24,16,40
24565337,,0,0.000051,51,0.000013,0,1,1,0,1,1
24281110,,0,0.000056,51,0.000013,0,2,2,0,2,2
23833122,,0,0.000117,51,0.000013,0,3,3,0,3,3
23569316,,0.00289,0.001027,51,0.001075,85,9,94,85,9,94
23555315,,0,0.000059,51,0.000013,0,2,2,0,2,2
23064873,,0,0.000117,51,0.000013,0,3,3,0,3,3
22900191,,0,0.000058,51,0.000013,0,2,2,0,2,2
22532847,,0,0.000086,10,0.000013,0,2,2,0,2,2
21769933,,0,0.000075,51,0.000013,0,3,3,0,3,3
21514447,,0.000015,0.000133,51,0.000097,8,9,17,8,9,17
21079656,,0,0.000078,51,0.000013,0,2,2,0,2,2
20585100,,0,0.000404,23,0.000013,0,4,4,0,4,4
20233465,,0,0.000051,51,0.000013,0,1,1,0,1,1
20003494,,0,0.000424,23,0.000013,0,7,7,0,7,7
20002770,,0.000706,0.000237,51,0.000207,28,4,32,28,4,32
19466697,,0,0.000051,51,0.000013,0,1,1,0,1,1
19127258,,0,0.000059,51,0.000013,0,3,3,0,3,3
19050691,,0,0.000051,51,0.000013,0,1,1,0,1,1
18506189,,0,0.000051,51,0.000013,0,1,1,0,1,1
18497042,,0,0.000051,51,0.000013,0,2,2,0,2,2
18288683,,0.000339,0.000295,23,0.000065,14,3,17,14,3,17
16434997,,0,0.000051,51,0.000013,0,1,1,0,1,1
15385056,,0,0.000051,51,0.000013,0,1,1,0,1,1
29377497,,0,0.000075,11,0.000013,0,2,2,0,2,2
12525534,,0.000085,0,11,0.000376,51,0,51,51,0,51
29355456,,0,0.000075,11,0.000013,0,2,2,0,2,2
28475398,,0,0.000075,11,0.000013,0,2,2,0,2,2
28440412,,0,0.000091,8,0.000013,0,5,5,0,5,5
28203135,,0,0.000002,11,0.000013,0,1,1,0,1,1
28074097,,0,0.000102,11,0.000013,0,2,2,0,2,2
27989142,,0,0.000002,11,0.000013,0,1,1,0,1,1
27868057,,0,0.000075,11,0.000013,0,2,2,0,2,2
27636878,,0,0.000002,11,0.000013,0,1,1,0,1,1
27507053,,0,0.000075,11,0.000013,0,2,2,0,2,2
26916217,,0,0.000075,11,0.000013,0,2,2,0,2,2
26835301,,0,0.000249,8,0.000013,0,4,4,0,4,4
26658157,,0,0.000075,11,0.000013,0,2,2,0,2,2
25628690,,0,0.000002,11,0.000013,0,1,1,0,1,1
25056314,,0,0.000165,11,0.000013,0,2,2,0,2,2
24999918,,0,0.000002,11,0.000013,0,1,1,0,1,1
24501220,,0,0.000002,11,0.000013,0,1,1,0,1,1
24301060,,0.000011,0.000022,11,0.000014,1,5,6,1,5,6
24260277,,0,0.000002,11,0.000013,0,1,1,0,1,1
23890415,,0,0.000024,11,0.000013,0,3,3,0,3,3
23268537,,0,0.000105,11,0.000013,0,4,4,0,4,4
22977523,,0,0.000002,11,0.000013,0,1,1,0,1,1
22950077,,0,0.000002,11,0.000013,0,1,1,0,1,1
22937327,,0,0.000002,11,0.000013,0,1,1,0,1,1
22848695,,0,0.000002,11,0.000013,0,1,1,0,1,1
22057367,,0,0.000402,11,0.000013,0,7,7,0,7,7
21330473,,0,0.000002,11,0.000013,0,1,1,0,1,1
20885913,,0,0.000002,11,0.000013,0,1,1,0,1,1
20233469,,0,0.000002,11,0.000013,0,1,1,0,1,1
20209091,,0,0.000002,11,0.000013,0,1,1,0,1,1
20010692,,0,0.000018,11,0.000013,0,2,2,0,2,2
19774700,,0,0.000448,11,0.000013,0,7,7,0,7,7
19584579,,0,0.000002,11,0.000013,0,1,1,0,1,1
19491337,,0,0.000009,11,0.000013,0,2,2,0,2,2
19483674,,0,0.000002,11,0.000013,0,1,1,0,1,1
19427512,,0,0.000011,11,0.000013,0,3,3,0,3,3
19101574,,0,0.000295,11,0.000013,0,5,5,0,5,5
18672388,,0,0.000052,11,0.000013,0,2,2,0,2,2
18629872,,0,0.000002,11,0.000013,0,1,1,0,1,1
18627348,,0,0.000018,11,0.000013,0,2,2,0,2,2
18511420,,0,0.000002,11,0.000013,0,1,1,0,1,1
18239686,,0,0.000035,11,0.000013,0,2,2,0,2,2
17960249,,0,0.000018,11,0.000013,0,2,2,0,2,2
16690728,,0,0.000006,11,0.000013,0,2,2,0,2,2
16679491,,0,0.000018,11,0.000013,0,2,2,0,2,2
16369402,,0,0.000002,11,0.000013,0,1,1,0,1,1
16299066,,0,0.000002,11,0.000013,0,1,1,0,1,1
14569115,,0,0.000002,11,0.000013,0,1,1,0,1,1
30332471,,0,0.000017,0,0.000013,0,1,1,0,1,1
29650789,,0,0.000019,0,0.000013,0,2,2,0,2,2
29108258,,0,0.000268,0,0.000013,0,8,8,0,8,8
27357824,,0,0.000133,0,0.000013,0,3,3,0,3,3
23565194,,0,0.000017,0,0.000013,0,1,1,0,1,1
23558894,,0.001354,0.024342,0,0.000054,9,5,14,9,5,14
23469205,,0.000213,0.000071,2,0.000083,19,5,24,19,5,24
23409121,,0.000001,0.000025,5,0.000065,6,5,11,6,5,11
21383541,,0.000002,0.000062,33,0.000133,14,5,19,14,5,19
20567632,,0.000002,0.000037,76,0.000275,27,2,29,27,2,29
20309963,,0,0.000017,0,0.000013,0,1,1,0,1,1
20206335,,0.000058,0.000173,33,0.000216,28,9,37,28,9,37
20174566,,0.000021,0.000151,22,0.000024,2,5,7,2,5,7
19946373,,0,0.000017,0,0.000013,0,1,1,0,1,1
19826428,,0,0.000017,0,0.000013,0,1,1,0,1,1
19352458,,0.000027,0.000017,29,0.000041,5,1,6,5,1,6
19109420,,0,0.000017,0,0.000013,0,1,1,0,1,1
18186939,,0,0.000017,0,0.000013,0,1,1,0,1,1
18000362,,0,0.000017,0,0.000013,0,1,1,0,1,1
17907809,,0,0.000017,0,0.000013,0,1,1,0,1,1
17096863,,0,0.000017,0,0.000013,0,1,1,0,1,1
17076877,,0,0.000017,0,0.000013,0,1,1,0,1,1
16895590,,0,0.000017,0,0.000013,0,1,1,0,1,1
16684880,,0,0.000017,0,0.000013,0,1,1,0,1,1
16457699,,0,0.000017,0,0.000013,0,1,1,0,1,1
16381943,,0,0.000017,0,0.000013,0,1,1,0,1,1
15591353,,0,0.000017,0,0.000013,0,1,1,0,1,1
15180908,,0,0.000017,0,0.000013,0,1,1,0,1,1
15173114,,0,0.000017,0,0.000013,0,1,1,0,1,1
15119961,,0,0.000017,0,0.000013,0,1,1,0,1,1
29703267,,0,0.000023,0,0.000013,0,2,2,0,2,2
29479983,,0,0.00015,0,0.000013,0,10,10,0,10,10
28553140,,0,0.000022,0,0.000013,0,4,4,0,4,4
27269948,,0,0.000031,0,0.000013,0,3,3,0,3,3
25798211,,0,0.000014,0,0.000013,0,4,4,0,4,4
23535729,,0,0.000243,0,0.000013,0,4,4,0,4,4
22072393,,0.000065,0.000254,0,0.000088,13,4,17,13,4,17
17617928,,0.000001,0.000006,0,0.000062,5,2,7,5,2,7
16790090,,0,0.000004,0,0.000013,0,1,1,0,1,1
15492928,,0,0.000004,0,0.000013,0,1,1,0,1,1
29423115,,0,0.000001,2,0.000013,0,1,1,0,1,1
16280038,,0,0.000001,2,0.000013,0,1,1,0,1,1
16280037,,0,0.000001,2,0.000013,0,1,1,0,1,1
15987450,,0,0.000001,2,0.000013,0,1,1,0,1,1
30371347,,0,0.000912,5,0.000013,0,5,5,0,5,5
30344835,,0,0.00083,5,0.000013,0,1,1,0,1,1
30236776,,0,0.001789,5,0.000013,0,17,17,0,17,17
30211169,,0,0.001298,51,0.000013,0,13,13,0,13,13
30181513,,0,0.00161,0,0.000013,0,9,9,0,9,9
30156052,,0,0.000981,19,0.000013,0,5,5,0,5,5
30134520,,0,0.00083,5,0.000013,0,1,1,0,1,1
30090744,,0,0.00163,5,0.000013,0,9,9,0,9,9
30089796,,0,0.001005,31,0.000013,0,4,4,0,4,4
30065615,,0,0.000833,1,0.000013,0,4,4,0,4,4
30049195,,0,0.00083,5,0.000013,0,1,1,0,1,1
30021754,,0,0.00083,5,0.000013,0,2,2,0,2,2
29977456,,0,0.000835,5,0.000013,0,2,2,0,2,2
29797793,,0,0.000876,14,0.000013,1,4,5,1,4,5
29770616,,0,0.002888,5,0.000024,1,8,9,1,8,9
29719442,,0,0.00098,0,0.000013,0,7,7,0,7,7
29685123,,0,0.000851,5,0.000013,0,4,4,0,4,4
29653920,,0,0.000915,5,0.000013,0,5,5,0,5,5
29565421,,0,0.000916,2,0.000013,0,6,6,0,6,6
29547931,,0,0.000834,19,0.000013,0,2,2,0,2,2
29541174,,0.000002,0.001733,0,0.000014,1,4,5,1,4,5
29459887,,0.000518,0.00415,51,0.000018,2,16,18,2,16,18
29435563,,0,0.00083,5,0.000013,0,1,1,0,1,1
29400552,,0,0.000835,0,0.000013,0,2,2,0,2,2
29383094,,0.000013,0.001871,5,0.000014,1,9,10,1,9,10
29371908,,0.000004,0.000945,22,0.000014,1,8,9,1,8,9
29339979,,0,0.001453,22,0.000013,0,13,13,0,13,13
29311658,,0,0.00168,5,0.000013,0,6,6,0,6,6
29301572,,0,0.00083,5,0.000013,0,1,1,0,1,1
29298171,,0,0.001051,41,0.000013,0,4,4,0,4,4
29294048,,0,0.001343,5,0.000013,0,6,6,0,6,6
29285044,,0,0.000863,5,0.000013,0,2,2,0,2,2
29275340,,0,0.001224,5,0.000013,0,8,8,0,8,8
29271107,,0,0.002863,22,0.000013,0,13,13,0,13,13
29270046,,0,0.00088,2,0.000013,0,11,11,0,11,11
29262670,,0,0.002084,5,0.000013,0,3,3,0,3,3
29262565,,0,0.001331,0,0.000013,0,4,4,0,4,4
29258857,,0,0.001325,5,0.000013,0,2,2,0,2,2
29255348,,0,0.001325,5,0.000013,0,2,2,0,2,2
29238749,,0.000138,0.000958,32,0.000013,1,4,5,1,4,5
29201868,,0,0.00083,5,0.000013,0,1,1,0,1,1
29150481,,0,0.000838,17,0.000013,0,3,3,0,3,3
29052111,,0,0.000995,23,0.000013,0,8,8,0,8,8
29044548,,0,0.001346,5,0.000013,0,3,3,0,3,3
29038425,,0,0.001743,32,0.000013,0,6,6,0,6,6
28989926,,0,0.001671,41,0.000013,0,2,2,0,2,2
28969709,,0,0.000965,23,0.000013,0,3,3,0,3,3
28957949,,0,0.027209,5,0.000013,0,25,25,0,25,25
28938488,,0,0.000866,19,0.000013,0,5,5,0,5,5
28931403,,0,0.000831,2,0.000013,0,3,3,0,3,3
28831036,,0.002044,0.006824,31,0.000034,10,18,28,10,18,28
28693174,,0,0.00088,51,0.000013,0,3,3,0,3,3
28665051,,0,0.002438,32,0.000013,0,4,4,0,4,4
28638793,,0,0.000867,19,0.000013,0,6,6,0,6,6
28612125,,0,0.00133,5,0.000013,0,3,3,0,3,3
28569220,,0.000007,0.003854,29,0.000016,1,9,10,1,9,10
28476184,,0,0.001486,19,0.000013,0,15,15,0,15,15
28454587,,0,0.001711,0,0.000013,0,4,4,0,4,4
28423363,,0.000116,0.001261,5,0.000032,6,8,14,6,8,14
28419251,,0.00003,0.001332,0,0.000016,1,5,6,1,5,6
28407998,,0,0.00413,5,0.000013,0,15,15,0,15,15
28406427,,0,0.000994,5,0.000013,0,3,3,0,3,3
28405812,,0,0.000837,22,0.000013,0,3,3,0,3,3
28402748,,0,0.001241,22,0.000013,0,8,8,0,8,8
28398847,,0.000063,0.00384,5,0.000033,5,23,28,5,23,28
28314837,,0,0.002115,5,0.000013,0,12,12,0,12,12
28283652,,0.000087,0.001355,22,0.000078,5,19,24,5,19,24
28262780,,0,0.001325,5,0.000013,0,2,2,0,2,2
28240969,,0,0.002756,5,0.000013,0,9,9,0,9,9
28233473,,0,0.000983,5,0.000013,0,2,2,0,2,2
28182268,,0.000045,0.001798,5,0.000046,7,16,23,7,16,23
28132390,,0,0.00083,5,0.000013,0,1,1,0,1,1
28086974,,0,0.00083,5,0.000013,0,1,1,0,1,1
28060958,,0,0.000843,5,0.000013,0,2,2,0,2,2
28035019,,0,0.023814,14,0.000013,0,6,6,0,6,6
27966054,,0,0.001364,0,0.000013,0,4,4,0,4,4
27893411,,0,0.001328,19,0.000046,5,4,9,5,4,9
27873046,,0,0.001477,19,0.000024,1,5,6,1,5,6
27852980,,0,0.00083,5,0.000013,0,1,1,0,1,1
27803593,,0.000028,0.001104,35,0.000014,1,6,7,1,6,7
27796716,,0,0.00193,0,0.000013,0,11,11,0,11,11
27796678,,0,0.001878,5,0.000013,0,10,10,0,10,10
27749552,,0.000063,0.001556,35,0.000024,6,9,15,6,9,15
27686855,,0,0.001352,32,0.000013,0,3,3,0,3,3
27659521,,0.00002,0.001637,35,0.000025,4,10,14,4,10,14
27656653,,0,0.000876,5,0.000013,0,2,2,0,2,2
27643881,,0.000002,0.001519,28,0.000036,4,7,11,4,7,11
27534398,,0,0.001452,29,0.000013,0,5,5,0,5,5
27533253,,0.000052,0.002498,5,0.000017,3,12,15,3,12,15
27514838,,0,0.001662,5,0.000013,0,4,4,0,4,4
27513445,,0.000038,0.002949,8,0.000057,8,8,16,8,8,16
27496222,,0,0.00083,5,0.000013,0,1,1,0,1,1
27478869,,0,0.00083,5,0.000013,0,1,1,0,1,1
27463617,,0,0.001333,0,0.000024,1,6,7,1,6,7
27424772,,0,0.000943,5,0.000013,0,3,3,0,3,3
27417623,,0,0.001412,5,0.000013,0,13,13,0,13,13
27417594,,0,0.001552,5,0.000013,0,5,5,0,5,5
27406733,,0.00154,0.002784,5,0.000047,14,10,24,14,10,24
27403073,,0,0.001826,19,0.000013,0,7,7,0,7,7
27375968,,0.000031,0.00286,5,0.000027,4,11,15,4,11,15
27317574,,0.00008,0.00224,51,0.000038,5,9,14,5,9,14
27296296,,0,0.00264,5,0.000013,0,13,13,0,13,13
27282546,,0,0.000858,2,0.000013,0,2,2,0,2,2
27261275,,0,0.00083,5,0.000013,0,1,1,0,1,1
27257824,,0,0.023747,5,0.000013,0,4,4,0,4,4
27249773,,0.000054,0.001135,5,0.000031,5,6,11,5,6,11
27200296,,0.000506,0.026093,5,0.000031,3,15,18,3,15,18
27194814,,0,0.001062,22,0.000013,0,5,5,0,5,5
27184417,,0,0.002128,31,0.000013,0,8,8,0,8,8
27099641,,0.000025,0.001676,23,0.000026,3,24,27,3,24,27
27099272,,0,0.000835,19,0.000013,0,4,4,0,4,4
27094481,,0.000066,0.001132,19,0.000023,5,7,12,5,7,12
27060914,,0.000195,0.00137,5,0.000013,1,3,4,1,3,4
27015555,,0.000022,0.000924,0,0.000017,2,4,6,2,4,6
27013479,,0,0.000895,5,0.000013,0,2,2,0,2,2
27008870,,0,0.001022,22,0.000013,0,5,5,0,5,5
26941959,,0,0.00083,5,0.000013,0,1,1,0,1,1
26941449,,0,0.024905,32,0.000013,0,8,8,0,8,8
26929738,,0,0.00161,2,0.000013,0,11,11,0,11,11
26922077,,0,0.002102,5,0.000013,0,5,5,0,5,5
26908327,,0.000008,0.001359,2,0.000049,4,6,10,4,6,10
26848859,,0,0.000875,5,0.000013,0,10,10,0,10,10
26835363,,0,0.001024,23,0.000013,0,2,2,0,2,2
26812021,,0.000106,0.002033,5,0.000034,6,7,13,6,7,13
26759468,,0,0.001405,5,0.000013,0,6,6,0,6,6
26748927,,0.000002,0.001353,5,0.00002,2,5,7,2,5,7
26745875,,0.002526,0.026114,5,0.00007,14,7,21,14,7,21
26733283,,0.000086,0.001036,2,0.000036,3,6,9,3,6,9
26706041,,0.000045,0.000868,35,0.000033,5,4,9,5,4,9
26645001,,0.000017,0.00083,5,0.000026,2,1,3,2,1,3
26629501,,0,0.001607,41,0.000013,0,2,2,0,2,2
26628872,,0,0.00083,5,0.000013,0,1,1,0,1,1
26617728,,0,0.00083,5,0.000013,0,1,1,0,1,1
26588056,,0,0.001042,5,0.000013,0,4,4,0,4,4
26585765,,0,0.00083,5,0.000013,0,1,1,0,1,1
26577764,,0,0.001523,5,0.000013,0,3,3,0,3,3
26555178,,0,0.001082,41,0.000013,0,3,3,0,3,3
26534844,,0.000661,0.001024,22,0.000027,9,5,14,9,5,14
26531312,,0,0.001534,5,0.000013,0,8,8,0,8,8
26528110,,0,0.000966,0,0.000013,0,5,5,0,5,5
26520360,,0,0.00083,5,0.000013,0,1,1,0,1,1
26487094,,0,0.001097,14,0.000013,0,3,3,0,3,3
26430151,,0,0.000855,5,0.000013,0,2,2,0,2,2
26406445,,0.000006,0.000866,0,0.000038,3,2,5,3,2,5
26350354,,0,0.002325,51,0.000013,0,7,7,0,7,7
26343159,,0,0.001132,2,0.000013,0,4,4,0,4,4
26295337,,0,0.001325,5,0.000013,0,2,2,0,2,2
26286255,,0.001209,0.003329,5,0.000025,6,12,18,6,12,18
26264902,,0,0.001268,5,0.000013,0,10,10,0,10,10
26233224,,0,0.00083,5,0.000013,0,1,1,0,1,1
26206555,,0,0.002445,41,0.000013,0,4,4,0,4,4
26097796,,0,0.000899,5,0.000013,0,3,3,0,3,3
26097557,,0,0.000846,5,0.000013,0,2,2,0,2,2
26057449,,0,0.000846,2,0.000013,0,2,2,0,2,2
26034659,,0,0.001014,5,0.000013,0,2,2,0,2,2
26000714,,0,0.001574,5,0.000013,0,10,10,0,10,10
25960720,,0,0.001078,5,0.000013,0,10,10,0,10,10
25925750,,0.000001,0.001255,0,0.00004,3,7,10,3,7,10
25868867,,0,0.000863,5,0.000013,0,5,5,0,5,5
25857409,,0.000331,0.001434,22,0.000056,17,15,32,17,15,32
25841594,,0,0.001332,5,0.000013,0,4,4,0,4,4
25800897,,0,0.000949,33,0.000013,0,5,5,0,5,5
25752479,,0,0.000832,19,0.000013,0,2,2,0,2,2
25750544,,0.002562,0.024408,32,0.000169,31,13,44,31,13,44
25729416,,0,0.001032,0,0.000013,0,6,6,0,6,6
25724305,,0,0.000997,22,0.000013,0,7,7,0,7,7
25712765,,0.000003,0.001369,10,0.000026,2,7,9,2,7,9
25708717,,0,0.000943,5,0.000013,0,2,2,0,2,2
25678824,,0,0.024841,5,0.000013,0,5,5,0,5,5
25648828,,0,0.000831,5,0.000013,0,2,2,0,2,2
25640009,,0,0.001625,22,0.000013,0,9,9,0,9,9
25626062,,0,0.001455,2,0.000013,0,8,8,0,8,8
25536192,,0,0.00083,5,0.000013,0,1,1,0,1,1
25525466,,0,0.00083,5,0.000013,0,1,1,0,1,1
25514409,,0,0.00083,5,0.000013,0,1,1,0,1,1
25391615,,0,0.000837,5,0.000013,0,2,2,0,2,2
25374063,,0,0.00083,14,0.000029,2,1,3,2,1,3
25366075,,0,0.001017,41,0.000013,0,2,2,0,2,2
25352972,,0,0.00085,0,0.000013,0,2,2,0,2,2
25328138,,0,0.001671,41,0.000013,0,2,2,0,2,2
25304112,,0,0.000953,5,0.000013,0,3,3,0,3,3
25162013,,0,0.00083,5,0.000013,0,1,1,0,1,1
25137022,,0,0.000834,0,0.000013,0,4,4,0,4,4
25136594,,0.00112,0.001769,5,0.000034,5,4,9,5,4,9
25114862,,0,0.00083,5,0.000013,0,1,1,0,1,1
25025957,,0,0.001474,8,0.000013,0,7,7,0,7,7
24922460,,0.000735,0.001376,5,0.000035,8,6,14,8,6,14
24893124,,0.001062,0.001978,32,0.000101,13,6,19,13,6,19
24891549,,0.000087,0.001396,2,0.000045,6,6,12,6,6,12
24839250,,0.000025,0.001916,5,0.00002,2,12,14,2,12,14
24830819,,0.000281,0.001227,5,0.00014,23,3,26,23,3,26
24821107,,0,0.000992,32,0.000013,0,3,3,0,3,3
24807107,,0.001733,0.001483,35,0.000076,27,6,33,27,6,33
24794065,,0,0.000837,5,0.000013,0,2,2,0,2,2
24764694,,0,0.000836,5,0.000013,0,2,2,0,2,2
24762560,,0,0.001333,5,0.000013,0,4,4,0,4,4
24735105,,0,0.000842,5,0.000013,0,3,3,0,3,3
24715835,,0,0.000869,5,0.000013,0,5,5,0,5,5
24698998,,0.000626,0.001331,0,0.000091,13,10,23,13,10,23
24667779,,0,0.000842,22,0.000013,0,6,6,0,6,6
24647774,,0,0.000837,5,0.000013,0,2,2,0,2,2
24549055,,0.002364,0.001948,22,0.000264,48,7,55,48,7,55
24548884,,0,0.001024,23,0.000013,0,2,2,0,2,2
24519767,,0.000302,0.001059,5,0.000146,32,4,36,32,4,36
24477976,,0.000153,0.002994,35,0.00003,6,12,18,6,12,18
24455306,,0,0.001774,5,0.000013,0,11,11,0,11,11
24423863,,0,0.001213,5,0.000013,0,6,6,0,6,6
24357849,,0,0.001588,22,0.000013,0,8,8,0,8,8
24346285,,0.00044,0.00135,0,0.000131,36,10,46,36,10,46
24291072,,0,0.00083,5,0.000013,0,1,1,0,1,1
24225019,,0.008553,0.027357,51,0.000295,72,10,82,72,10,82
24171766,,0.000001,0.000947,10,0.000033,3,5,8,3,5,8
24063014,,0,0.02583,41,0.000013,0,9,9,0,9,9
24043945,,0,0.004078,5,0.000013,0,9,9,0,9,9
24013928,,0.000081,0.001468,2,0.000036,9,8,17,9,8,17
23987739,,0,0.0017,5,0.000013,0,11,11,0,11,11
23941127,,0.000177,0.001024,8,0.000026,4,4,8,4,4,8
23935381,,0.000271,0.002368,23,0.000034,13,27,40,13,27,40
23922822,,0,0.000891,0,0.000013,0,4,4,0,4,4
23918944,,0.000456,0.001487,0,0.000182,30,11,41,30,11,41
23860382,,0,0.001475,33,0.000013,0,5,5,0,5,5
23837641,,0.000097,0.001359,0,0.000045,7,6,13,7,6,13
23788797,,0,0.001312,31,0.000013,0,2,2,0,2,2
23787919,,0.000118,0.00189,23,0.000023,5,16,21,5,16,21
23776357,,0,0.001283,5,0.000013,0,9,9,0,9,9
23764426,,0,0.001325,5,0.000013,0,2,2,0,2,2
23737681,,0,0.000834,5,0.000013,0,2,2,0,2,2
23695013,,0,0.00083,5,0.000013,0,1,1,0,1,1
23544013,,0.006843,0.001492,0,0.000481,88,16,104,88,16,104
23535505,,0,0.000858,19,0.000013,0,3,3,0,3,3
23530095,,0,0.000832,5,0.000013,0,2,2,0,2,2
23483928,,0,0.000928,0,0.000013,0,7,7,0,7,7
23472070,,0,0.00083,5,0.000013,0,1,1,0,1,1
23462720,,0,0.025164,32,0.000013,0,7,7,0,7,7
23448497,,0.000456,0.001925,23,0.000058,17,19,36,17,19,36
23448386,,0,0.001363,5,0.000013,0,5,5,0,5,5
23374397,,0,0.001656,0,0.000013,0,6,6,0,6,6
23344037,,0.001651,0.026211,41,0.000103,8,12,20,8,12,20
23319948,,0,0.023085,5,0.000013,0,5,5,0,5,5
23226154,,0,0.001024,23,0.000013,0,2,2,0,2,2
23184400,,0.000071,0.001203,5,0.000058,11,6,17,11,6,17
23172369,,0,0.001621,33,0.000013,0,6,6,0,6,6
23164213,,0.000031,0.000831,10,0.000016,1,2,3,1,2,3
23086584,,0.000005,0.001936,5,0.000014,1,15,16,1,15,16
23047606,,0,0.024348,5,0.000013,0,7,7,0,7,7
23036981,,0,0.00083,5,0.000013,0,1,1,0,1,1
22958637,,0,0.00083,5,0.000013,0,1,1,0,1,1
22956590,,0.000236,0.001325,0,0.000215,30,2,32,30,2,32
22910930,,0,0.000844,0,0.000013,0,2,2,0,2,2
22906755,,0.000035,0.001318,32,0.000039,4,3,7,4,3,7
22889855,,0.001125,0.001231,22,0.000341,23,19,42,23,19,42
22866093,,0.000068,0.000849,2,0.000028,7,4,11,7,4,11
22866004,,0,0.00083,5,0.000013,0,1,1,0,1,1
22773955,,0,0.000831,44,0.000013,0,2,2,0,2,2
22698908,,0,0.000838,5,0.000013,0,2,2,0,2,2
22693372,,0,0.000849,33,0.000013,0,3,3,0,3,3
22617326,,0.008915,0.022953,41,0.000509,37,2,39,37,2,39
22588560,,0.000191,0.00133,5,0.000115,19,3,22,19,3,22
22569005,,0.000594,0.00178,5,0.000017,3,8,11,3,8,11
22564716,,0,0.001211,5,0.000013,0,3,3,0,3,3
22556274,,0.000264,0.001369,5,0.000103,11,6,17,11,6,17
22513257,,0.000025,0.001051,0,0.000052,6,8,14,6,8,14
22494806,,0,0.000854,5,0.000013,0,3,3,0,3,3
22488460,,0,0.001135,2,0.000013,0,6,6,0,6,6
22348646,,0.000319,0.001223,0,0.00034,31,14,45,31,14,45
22341969,,0,0.00083,5,0.000013,0,1,1,0,1,1
22333603,,0,0.001007,35,0.000013,0,6,6,0,6,6
22312537,,0,0.001325,5,0.000013,0,2,2,0,2,2
22295226,,0.000001,0.002194,5,0.000018,1,7,8,1,7,8
22276018,,0,0.00083,5,0.000013,0,1,1,0,1,1
22275985,,0.000001,0.00083,17,0.000023,1,1,2,1,1,2
22262852,,0,0.000911,32,0.000013,0,3,3,0,3,3
22210863,,0,0.00083,5,0.000013,0,2,2,0,2,2
22184484,,0,0.000845,29,0.000013,0,3,3,0,3,3
22042950,,0.000131,0.001366,2,0.000021,7,7,14,7,7,14
22032724,,0,0.000891,2,0.000013,0,3,3,0,3,3
22009719,,0,0.00083,5,0.000013,0,1,1,0,1,1
21935911,,0.000213,0.001023,5,0.000098,13,3,16,13,3,16
21864353,,0,0.001358,5,0.000013,0,5,5,0,5,5
21787400,,0.001176,0.000878,0,0.000181,46,3,49,46,3,49
21771338,,0,0.000871,33,0.000013,0,2,2,0,2,2
21702907,,0,0.000843,22,0.000013,0,2,2,0,2,2
21673951,,0.000006,0.000832,5,0.000026,2,2,4,2,2,4
21637635,,0.000969,0.002099,0,0.000122,25,15,40,25,15,40
21637102,,0,0.000984,5,0.000013,0,3,3,0,3,3
21509758,,0.000113,0.00083,19,0.000113,18,1,19,18,1,19
21459759,,0,0.00083,5,0.000013,0,1,1,0,1,1
21419771,,0,0.00083,5,0.000013,0,1,1,0,1,1
21399666,,0.000599,0.001029,8,0.000072,8,8,16,8,8,16
21393566,,0.000079,0.000899,0,0.000026,4,5,9,4,5,9
21352566,,0,0.001033,23,0.000013,0,3,3,0,3,3
21343941,,0,0.00096,22,0.000013,0,7,7,0,7,7
21326245,,0,0.000834,30,0.000013,0,2,2,0,2,2
21218854,,0,0.00083,5,0.000013,0,1,1,0,1,1
21118973,,0.001183,0.001132,0,0.000498,59,8,67,59,8,67
21114847,,0.000092,0.001116,0,0.00006,7,13,20,7,13,20
21067532,,0,0.000986,5,0.000013,0,4,4,0,4,4
20978178,,0.000187,0.001046,0,0.000136,15,7,22,15,7,22
20877337,,0.000058,0.00083,2,0.000047,9,1,10,9,1,10
20852631,,0,0.001073,0,0.000013,0,7,7,0,7,7
20847884,,0,0.00083,5,0.000013,0,1,1,0,1,1
20683447,,0,0.000887,5,0.000013,0,2,2,0,2,2
20628528,,0,0.00083,5,0.000013,0,1,1,0,1,1
20541936,,0.000024,0.00083,30,0.000092,5,2,7,5,2,7
20458532,,0.000159,0.000845,2,0.000044,11,3,14,11,3,14
20445803,,0,0.000837,19,0.000013,0,3,3,0,3,3
20378548,,0,0.000839,5,0.000013,0,2,2,0,2,2
20362325,,0,0.00174,32,0.000013,0,3,3,0,3,3
20350313,,0,0.00083,5,0.000013,0,1,1,0,1,1
20226239,,0,0.00083,5,0.000013,0,1,1,0,1,1
20223045,,0,0.00083,5,0.000013,0,1,1,0,1,1
20223030,,0,0.00083,5,0.000013,0,1,1,0,1,1
20182637,,0,0.00083,5,0.000013,0,1,1,0,1,1
20180971,,0.000033,0.000934,0,0.000014,1,5,6,1,5,6
20180014,,0.000113,0.001159,5,0.000068,9,3,12,9,3,12
20158306,,0,0.000913,14,0.000013,0,2,2,0,2,2
20122277,,0.001617,0.001371,23,0.000165,39,7,46,39,7,46
19921428,,0.000048,0.001016,0,0.00005,2,7,9,2,7,9
19861671,,0,0.001001,23,0.000013,0,2,2,0,2,2
19770511,,0,0.000901,22,0.000013,0,3,3,0,3,3
19724277,,0.000024,0.00083,5,0.000211,21,1,22,21,1,22
19683094,,0,0.00134,5,0.000013,0,5,5,0,5,5
19656774,,0.000917,0.001139,0,0.000536,48,8,56,48,8,56
19622357,,0,0.00083,5,0.000013,0,1,1,0,1,1
19609726,,0.00007,0.00085,5,0.000039,9,4,13,9,4,13
19609668,,0.000225,0.001159,5,0.000338,9,3,12,9,3,12
19602282,,0,0.000835,29,0.000013,0,4,4,0,4,4
19590058,,0,0.00103,23,0.000013,0,3,3,0,3,3
19577280,,0,0.00083,5,0.000013,0,1,1,0,1,1
19519208,,0,0.00108,0,0.000013,0,5,5,0,5,5
19280625,,0,0.001036,5,0.000013,0,3,3,0,3,3
19141360,,0,0.000975,5,0.000013,0,2,2,0,2,2
19127552,,0,0.00083,5,0.000013,0,1,1,0,1,1
19000599,,0,0.00083,5,0.000013,0,1,1,0,1,1
18951447,,0.000047,0.000841,22,0.000166,18,5,23,18,5,23
18772892,,0,0.00083,5,0.000013,0,1,1,0,1,1
18612136,,0,0.00083,5,0.000013,0,1,1,0,1,1
18523885,,0.000085,0.000966,0,0.000155,7,3,10,7,3,10
18497862,,0.000654,0.000869,22,0.000086,9,5,14,9,5,14
18483851,,0.000035,0.000893,19,0.000063,8,3,11,8,3,11
18461147,,0,0.00083,5,0.000013,0,1,1,0,1,1
18431501,,0.000216,0.000843,2,0.000096,16,3,19,16,3,19
18381459,,0,0.00083,5,0.000013,0,1,1,0,1,1
18230020,,0,0.00083,5,0.000035,2,1,3,2,1,3
18196605,,0,0.00083,5,0.000013,0,1,1,0,1,1
18036997,,0,0.000851,8,0.000013,0,2,2,0,2,2
17972172,,0.000111,0.000844,19,0.000159,17,2,19,17,2,19
17924331,,0.004216,0.000914,22,0.001499,145,6,151,145,6,151
17634833,,0.000045,0.000852,2,0.000086,6,2,8,6,2,8
17597882,,0,0.000832,29,0.000013,0,2,2,0,2,2
17529973,,0,0.00083,5,0.000013,0,1,1,0,1,1
17529967,,0,0.001063,23,0.000013,0,4,4,0,4,4
17211471,,0,0.00083,5,0.000013,0,1,1,0,1,1
17150001,,0,0.00083,5,0.000013,0,1,1,0,1,1
16536962,,0,0.00083,5,0.000013,0,1,1,0,1,1
16495917,,0.000301,0.0009,5,0.000148,14,2,16,14,2,16
16154817,,0,0.00083,5,0.000013,0,1,1,0,1,1
16014699,,0.002038,0.000839,22,0.002084,197,2,199,197,2,199
15290653,,0,0.000839,5,0.000013,0,2,2,0,2,2
14609432,,0.000517,0.00083,41,0.000158,12,1,13,12,1,13
14597750,,0,0.00083,5,0.000013,0,1,1,0,1,1
29263802,,0,0.000212,22,0.000013,0,6,6,0,6,6
28194329,,0,0.000208,5,0.000013,0,3,3,0,3,3
22693503,,0,0.000005,2,0.000013,0,2,2,0,2,2
29261439,,0,0.000309,51,0.000013,0,3,3,0,3,3
28245550,,0,0.000039,31,0.000013,0,3,3,0,3,3
26694952,,0,0.000004,32,0.000013,0,1,1,0,1,1
25096064,,0,0.000127,51,0.000013,0,4,4,0,4,4
23717510,,0,0.000018,32,0.000013,0,2,2,0,2,2
22920225,,0,0.000004,32,0.000013,0,1,1,0,1,1
22142662,,0,0.000004,32,0.000027,2,2,4,2,2,4
15632077,,0,0.000004,32,0.000013,0,1,1,0,1,1
15318925,,0.000013,0.000004,32,0.000021,2,1,3,2,1,3
27617148,,0,0,0,0.000013,0,1,1,0,1,1
21059199,,0,0,0,0.000013,0,1,1,0,1,1
15208521,,0,0,0,0.000013,0,1,1,0,1,1
28674526,,0,0.000001,30,0.000013,0,1,1,0,1,1
12838319,,0.000028,0,30,0.000121,9,0,9,9,0,9
25938543,,0,0.000001,30,0.000013,0,1,1,0,1,1
22574221,,0,0.000001,30,0.000013,0,1,1,0,1,1
20631324,,0,0.000042,30,0.000013,0,2,2,0,2,2
19891779,,0,0.000388,30,0.000013,0,3,3,0,3,3
19809577,,0,0.000003,30,0.000013,0,2,2,0,2,2
18348714,,0,0.000001,30,0.000013,0,1,1,0,1,1
16108819,,0,0.000001,30,0.000013,0,1,1,0,1,1
30061540,,0,0.000016,11,0.000013,0,1,1,0,1,1
12861027,,0.000715,0,11,0.001257,50,0,50,50,0,50
28691929,,0,0.000126,11,0.000013,0,5,5,0,5,5
27594783,,0,0.000016,11,0.000013,0,1,1,0,1,1
27515252,,0,0.000016,11,0.000013,0,1,1,0,1,1
27486975,,0,0.000135,11,0.000013,0,2,2,0,2,2
26601161,,0,0.000016,11,0.000013,0,1,1,0,1,1
26501335,,0.000014,0.000186,28,0.000141,14,3,17,14,3,17
25795124,,0,0.001443,5,0.000013,0,7,7,0,7,7
25489943,,0,0.000023,11,0.000013,0,2,2,0,2,2
25337721,,0.000003,0.000068,51,0.000055,5,2,7,5,2,7
24910428,,0,0.000027,11,0.000013,0,3,3,0,3,3
24905007,,0,0.000023,11,0.000013,0,2,2,0,2,2
24867690,,0,0.022316,32,0.000013,0,3,3,0,3,3
24859981,,0,0.000135,11,0.000013,0,2,2,0,2,2
24841992,,0,0.000307,11,0.000013,0,4,4,0,4,4
24423870,,0,0.000016,11,0.000013,0,1,1,0,1,1
23383325,,0,0.000016,11,0.000013,0,1,1,0,1,1
22828868,,0,0.000016,11,0.000013,0,1,1,0,1,1
22696213,,0,0.000151,11,0.000013,0,3,3,0,3,3
22675615,,0,0.000033,11,0.000013,0,3,3,0,3,3
21901109,,0,0.000016,11,0.000013,0,1,1,0,1,1
21719678,,0,0.000208,11,0.000013,0,3,3,0,3,3
21490102,,0,0.000016,11,0.000013,0,1,1,0,1,1
21118969,,0,0.00019,11,0.000013,0,5,5,0,5,5
21115814,,0,0.000016,11,0.000013,0,1,1,0,1,1
21113301,,0,0.000151,11,0.000013,0,3,3,0,3,3
20807115,,0,0.000875,11,0.000013,0,12,12,0,12,12
20450923,,0,0.000159,11,0.000013,0,5,5,0,5,5
20145043,,0,0.000016,11,0.000013,0,1,1,0,1,1
19582160,,0,0.000016,11,0.000013,0,1,1,0,1,1
19129235,,0,0.000135,11,0.000013,0,2,2,0,2,2
18931676,,0,0.000039,11,0.000013,0,3,3,0,3,3
18448394,,0,0.000175,11,0.000013,0,4,4,0,4,4
18047734,,0.000058,0.000303,11,0.000274,20,7,27,20,7,27
17396147,,0.000294,0.000057,11,0.000342,72,3,75,72,3,75
17363341,,0,0.000016,11,0.000013,0,1,1,0,1,1
16382135,,0,0.000184,11,0.000013,0,4,4,0,4,4
15616572,,0,0.000016,11,0.000013,0,1,1,0,1,1
15572677,,0,0.000016,11,0.000013,0,1,1,0,1,1
12920083,,0.000049,0,22,0.000043,5,0,5,5,0,5
21281505,,0,0.000102,22,0.000013,0,5,5,0,5,5
18704680,,0.000869,0.000235,22,0.000157,26,7,33,26,7,33
12920090,,0.000012,0,23,0.000017,2,0,2,2,0,2
29254229,,0,0.000114,0,0.000013,0,6,6,0,6,6
22872794,,0,0.000026,0,0.000013,0,2,2,0,2,2
22564871,,0.000185,0.000223,5,0.000123,12,4,16,12,4,16
21147871,,0,0.000033,0,0.000013,0,3,3,0,3,3
20309627,,0.000592,0.000554,0,0.00012,7,5,12,7,5,12
20130978,,0.000015,0.000071,0,0.000156,4,6,10,4,6,10
19667298,,0,0.000026,0,0.000013,0,2,2,0,2,2
19381788,,0,0.000217,0,0.000013,0,4,4,0,4,4
29523233,,0,0.000478,32,0.000013,0,4,4,0,4,4
12941707,,0.001678,0,8,0.003258,105,0,105,105,0,105
28864920,,0,0.000495,8,0.000013,0,14,14,0,14,14
28668129,,0,0.00046,8,0.000013,0,3,3,0,3,3
28616972,,0,0.000498,8,0.000013,0,10,10,0,10,10
28501701,,0,0.000114,8,0.000013,0,3,3,0,3,3
28444399,,0,0.000038,8,0.000013,0,1,1,0,1,1
28031248,,0,0.000038,8,0.000013,0,1,1,0,1,1
27419043,,0,0.000038,8,0.000013,0,1,1,0,1,1
27131790,,0,0.000492,8,0.000013,0,7,7,0,7,7
26992456,,0,0.00014,8,0.000013,0,6,6,0,6,6
26851283,,0,0.000038,8,0.000013,0,1,1,0,1,1
26508112,,0,0.000038,8,0.000013,0,1,1,0,1,1
25938495,,0,0.00048,8,0.000013,0,6,6,0,6,6
25662442,,0,0.000038,8,0.000013,0,1,1,0,1,1
24995126,,0,0.000135,8,0.000013,0,2,2,0,2,2
24836024,,0,0.000038,8,0.000013,0,1,1,0,1,1
24654848,,0,0.000038,8,0.000013,0,1,1,0,1,1
24554921,,0,0.000047,8,0.000013,0,2,2,0,2,2
24163251,,0,0.000108,8,0.000013,0,5,5,0,5,5
23605044,,0,0.000038,8,0.000013,0,1,1,0,1,1
23575680,,0,0.000628,8,0.000013,0,4,4,0,4,4
23545642,,0,0.000038,8,0.000013,0,1,1,0,1,1
23542007,,0,0.000038,8,0.000013,0,1,1,0,1,1
23442139,,0,0.000297,8,0.000013,0,2,2,0,2,2
23416110,,0,0.000038,8,0.000013,0,1,1,0,1,1
23376408,,0,0.000038,8,0.000013,0,1,1,0,1,1
23344974,,0,0.000415,8,0.000013,0,6,6,0,6,6
23071527,,0.000002,0.000575,0,0.000016,1,6,7,1,6,7
22977246,,0,0.000038,8,0.000013,0,1,1,0,1,1
22837683,,0,0.000038,8,0.000013,0,1,1,0,1,1
22691778,,0,0.000038,8,0.000013,0,1,1,0,1,1
22465956,,0,0.000038,8,0.000013,0,1,1,0,1,1
22325348,,0,0.000038,8,0.000013,0,1,1,0,1,1
21576230,,0.000003,0.000533,8,0.000047,4,10,14,4,10,14
21509745,,0,0.000038,8,0.000013,0,1,1,0,1,1
21496641,,0,0.000038,8,0.000013,0,1,1,0,1,1
21459001,,0,0.00011,8,0.000013,0,2,2,0,2,2
21035462,,0,0.000135,8,0.000013,0,2,2,0,2,2
20975223,,0,0.000038,8,0.000013,0,1,1,0,1,1
20729858,,0.002425,0.000383,8,0.000486,86,7,93,86,7,93
20439160,,0,0.000038,8,0.000013,0,1,1,0,1,1
20299221,,0,0.000158,8,0.000013,0,5,5,0,5,5
20206282,,0,0.000038,8,0.000013,0,1,1,0,1,1
20184389,,0,0.000038,8,0.000013,0,1,1,0,1,1
20062530,,0,0.000038,8,0.000013,0,1,1,0,1,1
19804755,,0,0.000038,8,0.000013,0,1,1,0,1,1
19593371,,0,0.000038,8,0.000013,0,1,1,0,1,1
19587234,,0,0.000062,8,0.000013,0,2,2,0,2,2
19540850,,0,0.000062,8,0.000013,0,2,2,0,2,2
19501598,,0,0.000038,8,0.000013,0,1,1,0,1,1
19447914,,0,0.000038,8,0.000013,0,1,1,0,1,1
19414020,,0,0.000038,8,0.000013,0,1,1,0,1,1
19327367,,0,0.000038,8,0.000013,0,1,1,0,1,1
19295907,,0,0.000038,8,0.000013,0,1,1,0,1,1
19282450,,0,0.000038,8,0.000013,0,1,1,0,1,1
19066203,,0,0.000038,8,0.000013,0,1,1,0,1,1
19063897,,0,0.000038,8,0.000013,0,1,1,0,1,1
18842000,,0,0.000038,8,0.000013,0,1,1,0,1,1
18566005,,0,0.000038,8,0.000013,0,1,1,0,1,1
18402694,,0,0.000038,8,0.000013,0,1,1,0,1,1
18285819,,0,0.00008,8,0.000013,0,4,4,0,4,4
17848989,,0,0.000064,8,0.000013,0,2,2,0,2,2
17709342,,0,0.000042,8,0.000013,0,2,2,0,2,2
17329376,,0,0.000038,8,0.000013,0,1,1,0,1,1
17308348,,0,0.000038,8,0.000013,0,1,1,0,1,1
17255937,,0,0.000038,8,0.000013,0,1,1,0,1,1
17174478,,0,0.000038,8,0.000013,0,1,1,0,1,1
16945962,,0,0.000038,8,0.000013,0,1,1,0,1,1
16717288,,0,0.000038,8,0.000013,0,1,1,0,1,1
16648471,,0,0.000147,8,0.000013,0,2,2,0,2,2
16432240,,0,0.000038,8,0.000013,0,1,1,0,1,1
16356270,,0,0.000038,8,0.000013,0,1,1,0,1,1
16326865,,0,0.000038,8,0.000013,0,1,1,0,1,1
15956102,,0,0.000038,8,0.000013,0,1,1,0,1,1
15944450,,0,0.000038,8,0.000013,0,1,1,0,1,1
15774902,,0,0.000038,8,0.000013,0,1,1,0,1,1
15755748,,0,0.000038,8,0.000013,0,1,1,0,1,1
15356290,,0,0.000038,8,0.000013,0,1,1,0,1,1
14704354,,0,0.000038,8,0.000013,0,1,1,0,1,1
27286788,,0.000124,0.000209,2,0.000019,6,13,19,6,13,19
22929433,,0,0.000032,2,0.000013,0,4,4,0,4,4
22117567,,0,0.000003,0,0.000013,0,1,1,0,1,1
28399571,,0,0.000123,2,0.000013,0,7,7,0,7,7
23942072,,0,0.000119,0,0.000013,0,6,6,0,6,6
23116406,,0.000772,0.000219,35,0.000076,17,9,26,17,9,26
17631130,,0,0.000006,2,0.000013,0,1,1,0,1,1
24832469,,0,0.000002,29,0.000013,0,2,2,0,2,2
16436631,,0,0,29,0.000013,0,1,1,0,1,1
24131966,,0.009239,0.000283,41,0.00016,32,3,35,32,3,35
24032550,,0,0.000012,41,0.000013,0,1,1,0,1,1
22496782,,0,0.000012,41,0.000013,0,1,1,0,1,1
22403726,,0,0.022135,41,0.000013,0,2,2,0,2,2
21978460,,0,0.000012,41,0.000013,0,1,1,0,1,1
21521521,,0,0.000012,41,0.000013,0,1,1,0,1,1
21421660,,0,0.000221,41,0.000013,0,3,3,0,3,3
20649989,,0,0.000012,41,0.000013,0,1,1,0,1,1
20195382,,0,0.000012,41,0.000013,0,1,1,0,1,1
20034397,,0,0.000012,41,0.000013,0,1,1,0,1,1
19012856,,0,0.000012,41,0.000013,0,1,1,0,1,1
18854563,,0,0.000264,41,0.000013,0,3,3,0,3,3
18855126,,0.000649,0.000091,51,0.00003,7,5,12,7,5,12
29611029,,0,0.000304,5,0.000013,0,10,10,0,10,10
29293876,,0.000013,0.001078,31,0.000014,1,7,8,1,7,8
28415599,,0.000049,0.000167,51,0.000028,4,6,10,4,6,10
28331702,,0,0.000534,5,0.000013,0,4,4,0,4,4
28150129,,0,0.000058,0,0.000013,0,6,6,0,6,6
26640291,,0,0.001073,0,0.000035,2,5,7,2,5,7
25816289,,0.000089,0.000232,35,0.000037,7,8,15,7,8,15
25759620,,0,0.000261,0,0.000013,0,7,7,0,7,7
25293656,,0,0.00002,0,0.000013,0,1,1,0,1,1
25187270,,0.000003,0.000042,5,0.000031,3,5,8,3,5,8
25177489,,0,0.00114,0,0.000013,0,4,4,0,4,4
23370825,,0.00108,0.002175,35,0.000029,5,7,12,5,7,12
22157293,,0.000607,0.001147,5,0.000035,10,13,23,10,13,23
21830012,,0.000902,0.000565,35,0.000116,23,8,31,23,8,31
21264845,,0.000223,0.00002,35,0.000206,16,1,17,16,1,17
19429480,,0,0.000369,41,0.000013,0,3,3,0,3,3
18521744,,0,0.000061,33,0.000013,0,2,2,0,2,2
18405391,,0,0.000022,0,0.000013,0,2,2,0,2,2
17377838,,0,0.00002,0,0.000013,0,1,1,0,1,1
16563182,,0,0.00002,0,0.000013,0,1,1,0,1,1
16356211,,0,0.00002,0,0.000013,0,1,1,0,1,1
15138474,,0,0.00002,0,0.000013,0,1,1,0,1,1
29472318,,0,0.002653,8,0.000013,0,19,19,0,19,19
29106372,,0,0.000658,32,0.000013,0,5,5,0,5,5
29053959,,0.000278,0.000804,8,0.000064,15,9,24,15,9,24
28698210,,0,0.000987,8,0.000013,0,4,4,0,4,4
28653981,,0,0.00131,8,0.000013,0,8,8,0,8,8
28587102,,0,0.000106,41,0.000013,0,3,3,0,3,3
28575672,,0.000295,0.000609,8,0.000115,15,6,21,15,6,21
27898391,,0,0.000341,8,0.000013,0,2,2,0,2,2
27322732,,0.000209,0.000525,8,0.000064,12,5,17,12,5,17
27308329,,0,0.000366,8,0.000013,0,3,3,0,3,3
27264184,,0.000291,0.023854,8,0.000059,15,12,27,15,12,27
26699641,,0,0.001295,8,0.000013,0,8,8,0,8,8
26584049,,0,0.000341,8,0.000013,0,2,2,0,2,2
26420831,,0,0.000082,8,0.000013,0,1,1,0,1,1
25927241,,0.000036,0.000514,8,0.000027,3,6,9,3,6,9
25282148,,0.001168,0.001628,8,0.000094,20,14,34,20,14,34
24835992,,0.000313,0.000668,8,0.000076,15,7,22,15,7,22
24753408,,0,0.000082,8,0.000013,0,1,1,0,1,1
24598993,,0.000013,0.022759,8,0.000028,3,11,14,3,11,14
24489370,,0,0.000082,8,0.000013,0,1,1,0,1,1
24296172,,0,0.000082,8,0.000013,0,1,1,0,1,1
23481354,,0.000606,0.000938,8,0.000076,8,8,16,8,8,16
22789542,,0.007278,0.000438,8,0.001192,241,6,247,241,6,247
22187435,,0,0.000352,29,0.000013,0,3,3,0,3,3
22171788,,0,0.000769,8,0.000013,0,7,7,0,7,7
21565612,,0.011532,0.001173,8,0.002275,293,6,299,293,6,299
19941822,,0,0.000082,8,0.000013,0,1,1,0,1,1
19575778,,0,0.000082,8,0.000013,0,1,1,0,1,1
19047177,,0,0.000082,8,0.000013,0,1,1,0,1,1
18852298,,0,0.000082,8,0.000013,0,1,1,0,1,1
18285820,,0,0.000082,8,0.000013,0,1,1,0,1,1
17898070,,0,0.000235,11,0.000013,0,3,3,0,3,3
17664283,,0,0.000082,8,0.000013,0,1,1,0,1,1
17476307,,0,0.000276,23,0.000013,0,2,2,0,2,2
16738325,,0,0.000235,11,0.000013,0,3,3,0,3,3
15716375,,0,0.000082,8,0.000013,0,1,1,0,1,1
15616582,,0,0.000082,8,0.000013,0,1,1,0,1,1
15314022,,0,0.000116,11,0.000013,0,2,2,0,2,2
29387823,,0,0,9,0.000013,0,1,1,0,1,1
14684685,,0,0,9,0.000056,4,0,4,4,0,4
25033203,,0,0,9,0.000013,0,1,1,0,1,1
17519034,,0,0,9,0.000013,0,1,1,0,1,1
16670003,,0,0,9,0.000013,0,1,1,0,1,1
29281161,,0,0.000747,5,0.000013,0,7,7,0,7,7
28727259,,0,0.000004,5,0.000013,0,1,1,0,1,1
25451990,,0,0.000028,5,0.000013,0,4,4,0,4,4
24446671,,0,0.000004,5,0.000013,0,1,1,0,1,1
23503693,,0,0.000039,5,0.000013,0,7,7,0,7,7
20876346,,0.000184,0.000512,5,0.000081,16,4,20,16,4,20
20347649,,0,0.000197,5,0.000013,0,4,4,0,4,4
20204945,,0.000005,0.000013,5,0.000076,8,3,11,8,3,11
19291763,,0,0.000008,5,0.000013,0,3,3,0,3,3
19210013,,0.000364,0.000504,5,0.00026,34,3,37,34,3,37
17324194,,0,0.000004,5,0.000013,0,1,1,0,1,1
16911137,,0,0.000008,5,0.000013,0,2,2,0,2,2
16617243,,0,0.000008,5,0.000013,0,3,3,0,3,3
27866340,,0,0.000002,10,0.000013,0,1,1,0,1,1
27014339,,0,0.000002,10,0.000013,0,2,2,0,2,2
24371622,,0,0.000002,10,0.000018,1,1,2,1,1,2
22781090,,0,0.000002,10,0.000013,0,1,1,0,1,1
20307669,,0,0.000002,10,0.000013,0,1,1,0,1,1
16786041,,0,0.000002,10,0.000013,0,1,1,0,1,1
24326041,,0,0.000091,51,0.000013,0,3,3,0,3,3
14757871,,0.000112,0,2,0.000093,7,0,7,7,0,7
29788478,,0,0.000453,8,0.000013,0,4,4,0,4,4
14983014,,0.00111,0,11,0.002657,89,0,89,89,0,89
29273621,,0,0.000028,8,0.000013,0,3,3,0,3,3
29186203,,0,0.000025,11,0.000013,0,1,1,0,1,1
28968953,,0,0.00111,11,0.000013,0,5,5,0,5,5
28471392,,0.000506,0.000044,32,0.000015,1,3,4,1,3,4
27560145,,0,0.000026,41,0.000013,0,2,2,0,2,2
27399284,,0,0.000647,23,0.000013,0,3,3,0,3,3
27279728,,0,0.000108,8,0.000013,0,5,5,0,5,5
26926912,,0,0.000564,8,0.000013,0,8,8,0,8,8
26870246,,0,0.000025,11,0.000013,0,1,1,0,1,1
26336824,,0,0.000136,8,0.000013,0,4,4,0,4,4
26055704,,0,0.000025,11,0.000013,0,1,1,0,1,1
25712102,,0,0.000025,11,0.000013,0,1,1,0,1,1
25655665,,0,0.000025,11,0.000013,0,1,1,0,1,1
25409515,,0,0.000025,11,0.000013,0,1,1,0,1,1
25376984,,0,0.000025,11,0.000013,0,1,1,0,1,1
25374583,,0,0.000294,8,0.000013,0,3,3,0,3,3
25070891,,0,0.000058,11,0.000013,0,2,2,0,2,2
25059658,,0,0.000025,11,0.000013,0,1,1,0,1,1
24966277,,0,0.000923,8,0.000013,0,4,4,0,4,4
24573678,,0,0.00003,11,0.000013,0,4,4,0,4,4
24560558,,0,0.000025,11,0.000013,0,1,1,0,1,1
24351291,,0,0.000025,11,0.000013,0,1,1,0,1,1
24086532,,0,0.000025,11,0.000013,0,1,1,0,1,1
23802008,,0,0.000236,8,0.000013,0,3,3,0,3,3
23543275,,0,0.000041,11,0.000013,0,2,2,0,2,2
23530059,,0,0.000032,11,0.000013,0,3,3,0,3,3
23276657,,0,0.000029,11,0.000013,0,2,2,0,2,2
23108394,,0,0.00027,41,0.000013,0,3,3,0,3,3
23021409,,0.000022,0.000309,0,0.000069,8,9,17,8,9,17
22792074,,0,0.000025,11,0.000013,0,1,1,0,1,1
22751483,,0,0.000029,11,0.000013,0,2,2,0,2,2
22582397,,0,0.000025,11,0.000013,0,1,1,0,1,1
22500020,,0,0.000025,11,0.000013,0,1,1,0,1,1
22369660,,0,0.000224,8,0.000013,0,5,5,0,5,5
22306997,,0,0.000369,8,0.000013,0,4,4,0,4,4
22287629,,0,0.000027,11,0.000013,0,2,2,0,2,2
22166102,,0,0.000025,11,0.000013,0,1,1,0,1,1
21943249,,0,0.000025,11,0.000013,0,1,1,0,1,1
21509200,,0,0.000025,11,0.000013,0,1,1,0,1,1
21398521,,0,0.000058,11,0.000013,0,2,2,0,2,2
21240188,,0,0.000044,11,0.000013,0,3,3,0,3,3
20980836,,0,0.000025,11,0.000013,0,1,1,0,1,1
20978114,,0,0.000025,11,0.000013,0,1,1,0,1,1
20676667,,0,0.000122,11,0.000013,0,3,3,0,3,3
20670277,,0,0.00003,11,0.000013,0,4,4,0,4,4
20639400,,0,0.000037,11,0.000013,0,6,6,0,6,6
20637196,,0,0.000025,11,0.000013,0,1,1,0,1,1
20484397,,0,0.001959,8,0.000013,0,14,14,0,14,14
20173781,,0,0.00003,11,0.000013,0,2,2,0,2,2
20167274,,0,0.000025,11,0.000013,0,1,1,0,1,1
19748362,,0,0.000025,11,0.000013,0,1,1,0,1,1
19704708,,0,0.000025,11,0.000013,0,1,1,0,1,1
19686080,,0,0.001004,11,0.000013,0,7,7,0,7,7
19419957,,0,0.000032,11,0.000013,0,3,3,0,3,3
19379763,,0.000104,0.000044,11,0.000047,12,3,15,12,3,15
19150983,,0,0.000044,11,0.000013,0,3,3,0,3,3
19099189,,0,0.000032,11,0.000013,0,3,3,0,3,3
19074432,,0,0.000025,11,0.000013,0,1,1,0,1,1
18978354,,0,0.000025,11,0.000013,0,1,1,0,1,1
18510924,,0,0.000025,11,0.000013,0,1,1,0,1,1
18426915,,0,0.000025,11,0.000013,0,1,1,0,1,1
18086896,,0,0.000039,11,0.000013,0,4,4,0,4,4
17596542,,0,0.000028,11,0.000013,0,2,2,0,2,2
17581638,,0,0.000025,11,0.000013,0,1,1,0,1,1
17504528,,0.000065,0.000028,11,0.000076,13,3,16,13,3,16
17431503,,0,0.000067,11,0.000013,0,4,4,0,4,4
17342202,,0,0.000035,11,0.000013,0,4,4,0,4,4
17145708,,0,0.000025,11,0.000013,0,1,1,0,1,1
17062629,,0,0.000025,11,0.000013,0,1,1,0,1,1
16116422,,0.000705,0.000025,11,0.001761,187,1,188,187,1,188
16024792,,0,0.000025,11,0.000013,0,1,1,0,1,1
15955849,,0,0.000025,11,0.000013,0,1,1,0,1,1
15242590,,0,0.000025,11,0.000013,0,1,1,0,1,1
21719596,,0.000949,0.000325,22,0.000053,12,8,20,12,8,20
30083277,,0,0,12,0.000013,0,1,1,0,1,1
15057823,,0,0,12,0.00022,19,0,19,19,0,19
29765523,,0,0,12,0.000013,0,1,1,0,1,1
29495400,,0,0,12,0.000013,0,1,1,0,1,1
28546998,,0,0,12,0.000013,0,1,1,0,1,1
25340050,,0,0,12,0.000013,0,1,1,0,1,1
25043885,,0,0,12,0.000013,0,1,1,0,1,1
24433316,,0,0,12,0.000013,0,1,1,0,1,1
23060996,,0,0,12,0.000013,0,1,1,0,1,1
21926179,,0,0,12,0.000013,0,1,1,0,1,1
21419134,,0,0,12,0.000013,0,1,1,0,1,1
21179469,,0,0,12,0.000013,0,1,1,0,1,1
19765109,,0,0,12,0.000013,0,1,1,0,1,1
18541412,,0,0,12,0.000013,0,1,1,0,1,1
17040560,,0,0,12,0.000013,0,1,1,0,1,1
16925836,,0,0,12,0.000013,0,1,1,0,1,1
16699601,,0,0,12,0.000013,0,1,1,0,1,1
16683025,,0,0,12,0.000013,0,1,1,0,1,1
15772651,,0,0,12,0.000013,0,1,1,0,1,1
15342559,,0,0,12,0.000013,0,1,1,0,1,1
21847406,,0,0.000016,2,0.000013,0,1,1,0,1,1
28182133,,0,0.000247,5,0.000013,0,4,4,0,4,4
27899969,,0,0.000071,5,0.000013,0,1,1,0,1,1
25199754,,0.001482,0.002078,5,0.000059,17,11,28,17,11,28
24567435,,0.005756,0.00046,5,0.000352,80,5,85,80,5,85
22405464,,0,0.022688,41,0.000013,0,6,6,0,6,6
22025930,,0,0.0004,5,0.000013,0,3,3,0,3,3
21278312,,0.001259,0.000135,5,0.000069,13,4,17,13,4,17
20445756,,0,0.00028,41,0.000013,0,3,3,0,3,3
19636370,,0,0.000097,5,0.000013,0,2,2,0,2,2
19038766,,0,0.000071,5,0.000013,0,1,1,0,1,1
28648147,,0,0,13,0.000013,0,1,1,0,1,1
15084242,,0,0,13,0.000035,2,0,2,2,0,2
16989720,,0,0,13,0.000013,0,1,1,0,1,1
29620998,,0,0.000558,0,0.000013,0,9,9,0,9,9
15084244,,0.000277,0,0,0.000574,50,0,50,50,0,50
28938640,,0,0.000006,0,0.000013,0,1,1,0,1,1
28724391,,0,0.000039,0,0.000016,1,2,3,1,2,3
28521362,,0,0.000067,0,0.000013,0,7,7,0,7,7
27700016,,0,0.000067,0,0.000013,0,4,4,0,4,4
26940994,,0,0.000006,0,0.000013,0,1,1,0,1,1
26751177,,0,0.000033,0,0.000013,0,3,3,0,3,3
25556339,,0,0.000057,22,0.000013,0,4,4,0,4,4
24755714,,0,0.000006,0,0.000013,0,1,1,0,1,1
24752044,,0,0.000039,0,0.000013,0,2,2,0,2,2
24490143,,0,0.000127,0,0.000013,0,9,9,0,9,9
24379824,,0,0.000072,0,0.000013,0,7,7,0,7,7
23775025,,0,0.00001,0,0.000013,0,2,2,0,2,2
23594496,,0,0.000068,0,0.000013,0,4,4,0,4,4
23565321,,0,0.000006,0,0.000013,0,1,1,0,1,1
23269995,,0.000108,0.000075,0,0.000188,28,4,32,28,4,32
23033454,,0,0.000006,0,0.000013,0,1,1,0,1,1
22759508,,0,0.000006,0,0.000013,0,1,1,0,1,1
22483700,,0,0.000006,0,0.000013,0,1,1,0,1,1
22241545,,0,0.000744,23,0.000013,0,13,13,0,13,13
22087758,,0,0.000083,0,0.000013,0,5,5,0,5,5
22009789,,0,0.000068,22,0.000013,0,5,5,0,5,5
21898661,,0,0.000042,0,0.000013,0,3,3,0,3,3
21892703,,0,0.000006,0,0.000013,0,1,1,0,1,1
21520273,,0.000033,0.000256,22,0.000088,13,9,22,13,9,22
21161372,,0.000007,0.000071,0,0.000018,3,5,8,3,5,8
20707869,,0,0.000011,22,0.000013,0,3,3,0,3,3
20305132,,0,0.000124,0,0.000013,0,6,6,0,6,6
20212493,,0,0.000007,0,0.000013,0,2,2,0,2,2
20070199,,0,0.000006,0,0.000013,0,1,1,0,1,1
19966311,,0,0.000006,0,0.000013,0,1,1,0,1,1
19597986,,0.000036,0.000052,0,0.000039,2,3,5,2,3,5
19401906,,0,0.000006,0,0.000013,0,1,1,0,1,1
19211621,,0,0.000006,0,0.000013,0,1,1,0,1,1
18701470,,0,0.000006,0,0.000013,0,1,1,0,1,1
18647297,,0,0.000006,0,0.000013,0,1,1,0,1,1
18640936,,0,0.000006,0,0.000013,0,1,1,0,1,1
18556141,,0,0.000006,0,0.000013,0,1,1,0,1,1
18097677,,0,0.000006,0,0.000013,0,1,1,0,1,1
15642178,,0,0.000008,11,0.000013,0,2,2,0,2,2
28365882,,0,0,22,0.000013,0,1,1,0,1,1
15087495,,0.000001,0,22,0.000095,8,0,8,8,0,8
22965134,,0,0,22,0.000013,0,1,1,0,1,1
21905110,,0,0,22,0.000013,0,1,1,0,1,1
19455225,,0,0.000046,22,0.000013,0,2,2,0,2,2
18704161,,0,0,22,0.000013,0,1,1,0,1,1
18005451,,0,0,22,0.000013,0,1,1,0,1,1
17668383,,0,0,22,0.000013,0,1,1,0,1,1
15965030,,0,0,22,0.000013,0,1,1,0,1,1
30344713,,0,0.000002,11,0.000013,0,1,1,0,1,1
29138235,,0,0.000227,11,0.000013,0,6,6,0,6,6
28382101,,0,0.000006,11,0.000013,0,3,3,0,3,3
24583393,,0,0.000002,11,0.000013,0,1,1,0,1,1
23887657,,0,0.000004,11,0.000013,0,2,2,0,2,2
23795232,,0,0.000002,11,0.000013,0,1,1,0,1,1
23023028,,0,0.000002,11,0.000013,0,1,1,0,1,1
20951805,,0,0.000002,11,0.000013,0,1,1,0,1,1
20442803,,0,0.000002,11,0.000013,0,1,1,0,1,1
20039378,,0,0.000002,11,0.000013,0,1,1,0,1,1
16280050,,0,0.000002,11,0.000013,0,1,1,0,1,1
26629949,,0,0.000004,19,0.000013,0,3,3,0,3,3
16033919,,0,0.000001,19,0.000013,0,1,1,0,1,1
28418854,,0,0.000026,14,0.000035,2,11,13,2,11,13
15138483,,0.000012,0,14,0.00032,24,0,24,24,0,24
28346693,,0,0,14,0.000013,0,1,1,0,1,1
27022282,,0,0.000015,14,0.000013,0,2,2,0,2,2
26424559,,0,0,14,0.000013,0,1,1,0,1,1
26034701,,0,0.000007,0,0.000013,0,8,8,0,8,8
25820350,,0,0,14,0.000013,0,1,1,0,1,1
25729241,,0,0,14,0.000013,0,1,1,0,1,1
25545243,,0,0,14,0.000013,0,1,1,0,1,1
25348552,,0.000034,0.000002,14,0.000127,14,5,19,14,5,19
24884893,,0,0,14,0.000013,0,1,1,0,1,1
23860519,,0,0,14,0.000013,0,1,1,0,1,1
23737888,,0,0.000003,0,0.000013,0,5,5,0,5,5
23674270,,0,0.000011,0,0.000013,0,6,6,0,6,6
23358185,,0,0,14,0.000013,0,1,1,0,1,1
22802750,,0,0,14,0.000013,0,1,1,0,1,1
21483798,,0,0,14,0.000013,0,1,1,0,1,1
21220432,,0,0,14,0.000013,0,1,1,0,1,1
21034357,,0,0,14,0.000013,0,1,1,0,1,1
19628038,,0,0,14,0.000013,0,1,1,0,1,1
18663360,,0,0,14,0.000013,0,1,1,0,1,1
16595073,,0.000006,0,14,0.000096,6,1,7,6,1,7
16111488,,0,0,14,0.000013,0,1,1,0,1,1
26834486,,0,0.000006,0,0.000013,0,2,2,0,2,2
26108708,,0,0.000087,0,0.000013,0,4,4,0,4,4
24728564,,0,0.000005,0,0.000013,0,2,2,0,2,2
19092773,,0.001518,0.000464,0,0.00034,54,10,64,54,10,64
18579371,,0,0.000006,14,0.000013,0,2,2,0,2,2
28222693,,0,0.000288,22,0.000013,0,13,13,0,13,13
28210550,,0,0.000151,0,0.000013,0,6,6,0,6,6
27769293,,0,0.000049,2,0.000013,0,1,1,0,1,1
27552275,,0,0.000635,2,0.000013,0,7,7,0,7,7
27192127,,0,0.000086,2,0.000013,0,3,3,0,3,3
26669451,,0.000193,0.025124,5,0.000023,3,7,10,3,7,10
26350514,,0,0.001842,22,0.000013,0,8,8,0,8,8
25248401,,0,0.000049,2,0.000013,0,1,1,0,1,1
22109790,,0,0.000677,2,0.000013,0,10,10,0,10,10
19781682,,0,0.000323,22,0.000013,0,8,8,0,8,8
18951437,,0,0.000181,22,0.000013,0,6,6,0,6,6
18627636,,0.000368,0.000249,2,0.000144,24,9,33,24,9,33
18581219,,0,0.000102,2,0.000017,1,2,3,1,2,3
15475941,,0.000552,0.000049,2,0.000563,44,1,45,44,1,45
29059323,,0,0.000624,8,0.000013,0,8,8,0,8,8
29021208,,0,0.000498,8,0.000013,0,6,6,0,6,6
28820495,,0,0.000181,11,0.000013,0,2,2,0,2,2
28666371,,0,0.000151,11,0.000013,0,4,4,0,4,4
28317934,,0,0.000367,8,0.000013,0,4,4,0,4,4
27819275,,0,0.00042,32,0.000013,0,2,2,0,2,2
27760710,,0,0.000508,8,0.000013,0,8,8,0,8,8
27760317,,0,0.000314,8,0.000013,0,7,7,0,7,7
27642590,,0,0.003145,8,0.000013,0,24,24,0,24,24
27398234,,0,0.000033,11,0.000013,0,1,1,0,1,1
27277787,,0,0.00082,8,0.000013,0,11,11,0,11,11
27121511,,0,0.000046,11,0.000013,0,2,2,0,2,2
26851293,,0,0.000033,11,0.000013,0,1,1,0,1,1
26683461,,0,0.000328,8,0.000013,0,4,4,0,4,4
26625197,,0,0.000056,11,0.000013,0,3,3,0,3,3
26384272,,0,0.000178,51,0.000013,0,3,3,0,3,3
26123487,,0,0.00017,11,0.000013,0,3,3,0,3,3
26083937,,0,0.000355,8,0.000013,0,5,5,0,5,5
25733871,,0,0.000328,8,0.000013,0,4,4,0,4,4
25669972,,0,0.000074,33,0.000013,0,3,3,0,3,3
25404613,,0,0.000159,41,0.000013,0,2,2,0,2,2
25219499,,0,0.000835,8,0.000013,0,6,6,0,6,6
25010009,,0,0.000049,11,0.000013,0,2,2,0,2,2
24688021,,0,0.000316,8,0.000013,0,3,3,0,3,3
24626199,,0,0.000456,8,0.000013,0,3,3,0,3,3
24451376,,0,0.000033,11,0.000013,0,1,1,0,1,1
24003026,,0,0.000056,11,0.000013,0,3,3,0,3,3
23797609,,0,0.000037,32,0.000013,0,2,2,0,2,2
23333482,,0,0.000613,11,0.000013,0,8,8,0,8,8
23333308,,0,0.00006,11,0.000013,0,4,4,0,4,4
23114602,,0,0.00004,11,0.000013,0,2,2,0,2,2
22987153,,0,0.000575,11,0.000013,0,4,4,0,4,4
22872149,,0,0.000033,11,0.000013,0,1,1,0,1,1
22855611,,0,0.000049,8,0.000013,0,2,2,0,2,2
22675617,,0,0.000056,11,0.000013,0,3,3,0,3,3
22408259,,0,0.000033,11,0.000013,0,1,1,0,1,1
21968427,,0,0.003475,32,0.000013,0,12,12,0,12,12
21948210,,0,0.000267,8,0.000013,0,5,5,0,5,5
21939290,,0,0.000033,11,0.000013,0,1,1,0,1,1
21865299,,0,0.000053,8,0.000013,0,3,3,0,3,3
21741379,,0,0.000134,22,0.000013,0,5,5,0,5,5
21701511,,0,0.0003,8,0.000013,0,6,6,0,6,6
21685936,,0.000049,0.000168,8,0.000075,11,3,14,11,3,14
21520247,,0,0.000033,11,0.000013,0,1,1,0,1,1
21478670,,0,0.000153,11,0.000013,0,2,2,0,2,2
21478198,,0,0.000153,11,0.000013,0,2,2,0,2,2
21464321,,0,0.000033,11,0.000013,0,1,1,0,1,1
21421559,,0,0.000033,11,0.000013,0,1,1,0,1,1
21355096,,0,0.000064,8,0.000013,0,3,3,0,3,3
21291880,,0,0.000033,11,0.000013,0,1,1,0,1,1
21098284,,0.000247,0.000108,8,0.000089,13,3,16,13,3,16
20937877,,0,0.000033,11,0.000013,0,1,1,0,1,1
20937699,,0,0.000086,8,0.000013,0,3,3,0,3,3
20713514,,0,0.000979,8,0.000013,0,10,10,0,10,10
20606166,,0,0.000049,11,0.000013,0,2,2,0,2,2
20363922,,0,0.00007,11,0.000013,0,3,3,0,3,3
20154706,,0,0.000033,11,0.000013,0,1,1,0,1,1
20089964,,0,0.000033,11,0.000013,0,1,1,0,1,1
19965384,,0,0.000038,11,0.000013,0,2,2,0,2,2
19934314,,0,0.000243,23,0.000013,0,3,3,0,3,3
19861535,,0.000679,0.000035,11,0.0001,22,2,24,22,2,24
19671671,,0,0.000033,11,0.000013,0,1,1,0,1,1
19589784,,0,0.000033,11,0.000013,0,1,1,0,1,1
19561358,,0,0.000036,11,0.000013,0,2,2,0,2,2
19473884,,0,0.000035,11,0.000013,0,2,2,0,2,2
19466639,,0,0.000131,8,0.000013,0,2,2,0,2,2
19270156,,0,0.000168,11,0.000013,0,3,3,0,3,3
19049966,,0,0.000033,11,0.000013,0,1,1,0,1,1
19007437,,0,0.00006,11,0.000013,0,5,5,0,5,5
18786657,,0,0.000056,11,0.000013,0,3,3,0,3,3
18571479,,0,0.000049,11,0.000013,0,2,2,0,2,2
18483568,,0,0.000153,11,0.000013,0,2,2,0,2,2
18468964,,0,0.000033,11,0.000013,0,1,1,0,1,1
18258493,,0,0.000033,11,0.000013,0,1,1,0,1,1
17420278,,0,0.000363,23,0.000013,0,4,4,0,4,4
17308347,,0,0.000052,11,0.000013,0,3,3,0,3,3
17304220,,0,0.000153,11,0.000013,0,2,2,0,2,2
17296736,,0,0.000049,11,0.000013,0,2,2,0,2,2
17222504,,0,0.000033,11,0.000013,0,1,1,0,1,1
17060614,,0,0.000033,11,0.000013,0,1,1,0,1,1
16943440,,0,0.000168,11,0.000013,0,3,3,0,3,3
16893675,,0,0.000153,11,0.000056,4,2,6,4,2,6
16818604,,0,0.000033,11,0.000013,0,1,1,0,1,1
16741161,,0.000106,0.000033,17,0.000981,36,1,37,36,1,37
15802532,,0,0.000033,11,0.000013,0,1,1,0,1,1
29767749,,0.000001,0.000301,22,0.000018,1,5,6,1,5,6
15566570,,0,0.000028,0,0.000013,0,1,1,0,1,1
23572025,,0,0,33,0.000013,0,1,1,0,1,1
30197789,,0,0.000816,5,0.000013,0,8,8,0,8,8
19348699,,0,0.000002,0,0.000013,0,2,2,0,2,2
29601120,,0,0.000381,22,0.000013,1,9,10,1,9,10
29254190,,0,0.00001,22,0.000013,0,1,1,0,1,1
28781887,,0,0.000434,22,0.000013,0,7,7,0,7,7
28486781,,0.00007,0.001126,2,0.000015,3,8,11,3,8,11
27644547,,0,0.00001,22,0.000013,0,1,1,0,1,1
26787654,,0,0.000182,22,0.000013,0,11,11,0,11,11
25056273,,0,0.000016,22,0.000013,0,2,2,0,2,2
24845084,,0,0.000477,22,0.000013,0,10,10,0,10,10
24796624,,0.000199,0.000547,22,0.000041,9,14,23,9,14,23
24728327,,0.000068,0.000134,22,0.000215,25,7,32,25,7,32
24281179,,0.00004,0.000157,22,0.000038,6,10,16,6,10,16
23704879,,0.000046,0.000335,22,0.000015,2,6,8,2,6,8
23615697,,0.000918,0.000387,22,0.000103,26,20,46,26,20,46
23161852,,0,0.000388,22,0.000013,0,10,10,0,10,10
22855649,,0,0.00001,22,0.000013,0,1,1,0,1,1
22509377,,0,0.00001,22,0.000013,0,1,1,0,1,1
21990165,,0.001006,0.000208,22,0.000128,30,9,39,30,9,39
21480434,,0,0.000057,22,0.000013,0,3,3,0,3,3
20947785,,0,0.000056,22,0.000013,0,2,2,0,2,2
20513136,,0.000298,0.000148,22,0.000215,22,7,29,22,7,29
18951461,,0,0.00036,22,0.000013,0,5,5,0,5,5
18951440,,0,0.000167,22,0.000013,0,5,5,0,5,5
18284688,,0.000026,0.000155,22,0.000093,7,4,11,7,4,11
17308087,,0,0.000061,22,0.000013,0,4,4,0,4,4
15923272,,0.000676,0.00001,22,0.000295,14,1,15,14,1,15
15814069,,0,0.00001,22,0.000013,0,1,1,0,1,1
29425759,,0,0.000007,11,0.000013,0,1,1,0,1,1
29307198,,0,0.000674,23,0.000013,0,19,19,0,19,19
28687971,,0.000001,0.000168,8,0.000031,2,9,11,2,9,11
27910856,,0,0.000007,11,0.000013,0,1,1,0,1,1
27616351,,0,0.000189,32,0.000013,0,4,4,0,4,4
26385482,,0,0.000013,11,0.000013,0,2,2,0,2,2
26385075,,0,0.001296,23,0.000013,0,10,10,0,10,10
26185420,,0,0.000816,11,0.000013,0,3,3,0,3,3
25954303,,0,0.000979,8,0.000013,0,7,7,0,7,7
25635223,,0,0.000007,11,0.000013,0,1,1,0,1,1
25532146,,0,0.000007,11,0.000013,0,1,1,0,1,1
25170203,,0,0.000608,23,0.000013,0,11,11,0,11,11
24536047,,0,0.000007,11,0.000013,0,1,1,0,1,1
24200853,,0,0.000308,8,0.000013,0,6,6,0,6,6
23937566,,0,0.000007,11,0.000013,0,1,1,0,1,1
21793181,,0,0.000007,11,0.000013,0,1,1,0,1,1
21203397,,0,0.000009,11,0.000013,0,2,2,0,2,2
20953138,,0,0.000007,11,0.000013,0,1,1,0,1,1
20935499,,0,0.00051,11,0.000013,0,3,3,0,3,3
20516478,,0,0.000007,11,0.000013,0,1,1,0,1,1
20509860,,0,0.000218,11,0.000013,0,6,6,0,6,6
19343140,,0,0.000007,11,0.000013,0,1,1,0,1,1
19305140,,0,0.000007,11,0.000013,0,1,1,0,1,1
19039293,,0,0.000007,11,0.000013,0,1,1,0,1,1
18224251,,0.000001,0.000007,51,0.000044,4,1,5,4,1,5
18039136,,0,0.000007,11,0.000013,0,1,1,0,1,1
15846069,,0,0.000007,11,0.000013,0,1,1,0,1,1
30001421,,0,0.000103,22,0.000013,0,3,3,0,3,3
29356820,,0,0.000053,5,0.000013,0,4,4,0,4,4
28903733,,0,0.000009,5,0.000013,0,2,2,0,2,2
28439532,,0,0.000005,5,0.000013,0,2,2,0,2,2
28327157,,0,0.000004,5,0.000013,0,1,1,0,1,1
27594054,,0,0.000149,5,0.000013,0,2,2,0,2,2
27453770,,0,0.000004,5,0.000013,0,1,1,0,1,1
27267490,,0,0.00003,5,0.000013,0,4,4,0,4,4
27043759,,0,0.000004,5,0.000013,0,1,1,0,1,1
26938633,,0,0.000012,5,0.000013,0,2,2,0,2,2
26866579,,0,0.000201,5,0.000013,0,2,2,0,2,2
26813512,,0,0.000016,5,0.000013,0,3,3,0,3,3
26628877,,0,0.000004,5,0.000013,0,1,1,0,1,1
26334178,,0,0.000088,23,0.000013,0,2,2,0,2,2
25822675,,0,0.00001,5,0.000013,0,4,4,0,4,4
25765282,,0,0.000004,5,0.000013,0,1,1,0,1,1
25733982,,0,0.000207,5,0.000013,0,6,6,0,6,6
25499536,,0,0.000004,5,0.000013,0,1,1,0,1,1
25473590,,0,0.000032,2,0.000013,0,3,3,0,3,3
25473429,,0,0.000004,5,0.000013,0,1,1,0,1,1
25019639,,0,0.000004,5,0.000013,0,1,1,0,1,1
24829276,,0,0.000004,5,0.000013,0,1,1,0,1,1
24624995,,0,0.000004,5,0.000013,0,1,1,0,1,1
24577154,,0,0.000004,5,0.000013,0,1,1,0,1,1
24550180,,0,0.000004,5,0.000013,0,1,1,0,1,1
24508326,,0,0.000004,5,0.000013,0,1,1,0,1,1
24422989,,0,0.000009,5,0.000013,0,2,2,0,2,2
24355094,,0,0.000013,5,0.000013,0,4,4,0,4,4
24292896,,0,0.000004,5,0.000013,0,2,2,0,2,2
24251086,,0,0.000004,5,0.000013,0,1,1,0,1,1
24007351,,0,0.000004,5,0.000013,0,1,1,0,1,1
23603653,,0,0.000004,5,0.000013,0,1,1,0,1,1
23504675,,0,0.000004,5,0.000013,0,2,2,0,2,2
22694298,,0,0.000004,5,0.000013,0,2,2,0,2,2
22498844,,0,0.000004,5,0.000013,0,1,1,0,1,1
22394647,,0,0.000021,5,0.000013,0,3,3,0,3,3
22109722,,0,0.000004,5,0.000013,0,1,1,0,1,1
22048556,,0.000062,0.000041,5,0.000049,5,3,8,5,3,8
21818696,,0,0.000153,5,0.000013,0,4,4,0,4,4
21555944,,0,0.000501,5,0.000013,0,3,3,0,3,3
21233722,,0,0.000004,5,0.000013,0,1,1,0,1,1
21212064,,0,0.000004,5,0.000013,0,1,1,0,1,1
20856693,,0,0.000012,5,0.000013,0,2,2,0,2,2
20699375,,0,0.000011,5,0.000013,0,2,2,0,2,2
20490636,,0,0.000004,2,0.000013,0,2,2,0,2,2
20379908,,0,0.000004,5,0.000013,0,2,2,0,2,2
19318436,,0,0.000012,5,0.000013,0,3,3,0,3,3
19279297,,0,0.000004,5,0.000013,0,1,1,0,1,1
18990739,,0.000076,0.000011,5,0.000119,16,2,18,16,2,18
18823445,,0,0.000004,5,0.000013,0,2,2,0,2,2
18481162,,0,0.000004,5,0.000013,0,2,2,0,2,2
17949286,,0.000704,0.000004,5,0.000108,18,1,19,18,1,19
15280931,,0.001216,0,51,0.000162,23,0,23,23,0,23
30194396,,0,0.000027,22,0.000013,0,2,2,0,2,2
29690565,,0,0.000812,51,0.000013,0,14,14,0,14,14
28825373,,0,0.000027,51,0.000013,0,1,1,0,1,1
27958289,,0,0.00003,32,0.000013,0,3,3,0,3,3
27764772,,0,0.000029,22,0.000013,0,2,2,0,2,2
27599564,,0,0.000895,10,0.000013,0,3,3,0,3,3
26528698,,0,0.000027,51,0.000013,0,1,1,0,1,1
25861265,,0,0.000039,14,0.000013,0,2,2,0,2,2
23272087,,0,0.000027,51,0.000013,0,1,1,0,1,1
23125224,,0,0.000027,51,0.000013,0,1,1,0,1,1
22438227,,0,0.000039,14,0.000013,0,2,2,0,2,2
22200742,,0,0.000027,51,0.000013,0,1,1,0,1,1
21095241,,0,0.000027,51,0.000013,0,1,1,0,1,1
19109789,,0,0.000027,51,0.000013,0,1,1,0,1,1
16311626,,0,0.000027,51,0.000013,0,1,1,0,1,1
29483509,,0,0.000017,32,0.000013,0,2,2,0,2,2
29293652,,0,0.000017,32,0.000013,0,2,2,0,2,2
29228550,,0,0.000017,32,0.000013,0,2,2,0,2,2
28992046,,0,0.000017,32,0.000013,0,2,2,0,2,2
28743957,,0,0.000586,8,0.000024,1,8,9,1,8,9
28535027,,0,0.000004,32,0.000013,0,1,1,0,1,1
28040451,,0,0.000004,32,0.000013,0,1,1,0,1,1
28031783,,0,0.000004,32,0.000013,0,1,1,0,1,1
27446204,,0,0.000583,32,0.000013,0,5,5,0,5,5
27335169,,0,0.000017,32,0.000013,0,2,2,0,2,2
26649820,,0,0.000789,8,0.000013,0,8,8,0,8,8
26644404,,0,0.000322,32,0.000013,0,6,6,0,6,6
26503449,,0,0.000004,32,0.000013,0,1,1,0,1,1
26455393,,0,0.000017,32,0.000013,0,2,2,0,2,2
25972356,,0,0.000004,32,0.000013,0,1,1,0,1,1
25969536,,0,0.000017,32,0.000013,0,2,2,0,2,2
25606592,,0,0.000468,32,0.000013,0,3,3,0,3,3
25471832,,0,0.000017,32,0.000013,0,2,2,0,2,2
25121098,,0,0.000017,32,0.000013,0,2,2,0,2,2
24756567,,0,0.000017,32,0.000013,0,2,2,0,2,2
24724799,,0,0.000017,32,0.000013,0,2,2,0,2,2
24441036,,0,0.000024,32,0.000013,0,3,3,0,3,3
23337751,,0,0.000075,32,0.000013,0,4,4,0,4,4
23319376,,0.000041,0.000023,44,0.000101,12,5,17,12,5,17
23300358,,0,0.000045,1,0.000013,0,2,2,0,2,2
22909820,,0,0.000675,8,0.000013,0,5,5,0,5,5
22773947,,0,0.000017,32,0.000013,0,2,2,0,2,2
22467216,,0,0.002279,8,0.000013,0,27,27,0,27,27
20924359,,0,0.000004,32,0.000013,0,1,1,0,1,1
20601937,,0,0.000004,32,0.000013,0,1,1,0,1,1
20332121,,0.000628,0.000315,23,0.000253,30,4,34,30,4,34
20233726,,0.000586,0.00012,32,0.000308,49,2,51,49,2,51
19917254,,0,0.000004,32,0.000013,0,1,1,0,1,1
19874889,,0,0.000004,32,0.000013,0,1,1,0,1,1
19602254,,0,0.000004,32,0.000013,0,1,1,0,1,1
19522845,,0,0.000029,32,0.000013,0,2,2,0,2,2
19489724,,0,0.000004,32,0.000013,0,1,1,0,1,1
19007433,,0,0.000004,32,0.000013,0,1,1,0,1,1
18687060,,0,0.000004,32,0.000013,0,1,1,0,1,1
24582497,,0,0.000012,32,0.000013,0,2,2,0,2,2
21939546,,0.000084,0.000568,8,0.000023,5,6,11,5,6,11
26300996,,0,0.000034,2,0.000013,0,3,3,0,3,3
22489151,,0,0.000018,2,0.000013,0,3,3,0,3,3
21637642,,0,0.000004,2,0.000013,0,2,2,0,2,2
15833136,,0,0.000002,2,0.000013,0,1,1,0,1,1
27899501,,0,0.000027,8,0.000013,0,2,2,0,2,2
22116401,,0.000047,0.000076,1,0.000058,5,3,8,5,3,8
21605559,,0,0.000045,11,0.000013,0,3,3,0,3,3
21364637,,0,0.000025,8,0.000013,0,1,1,0,1,1
20613862,,0,0.000025,8,0.000013,0,1,1,0,1,1
20231270,,0,0.000027,8,0.000013,0,2,2,0,2,2
20174551,,0,0.000025,8,0.000013,0,1,1,0,1,1
18166982,,0.004352,0.000055,8,0.001814,200,4,204,200,4,204
17000754,,0,0.000144,11,0.000013,0,2,2,0,2,2
29943416,,0,0.000759,2,0.000013,0,6,6,0,6,6
29490057,,0,0.0001,0,0.000013,0,4,4,0,4,4
29436922,,0,0.000057,33,0.000013,0,4,4,0,4,4
29335492,,0,0.000051,2,0.000013,0,2,2,0,2,2
29318406,,0,0.000033,2,0.000013,0,2,2,0,2,2
29291027,,0,0.000032,2,0.000013,0,1,1,0,1,1
29178508,,0,0.000067,10,0.000013,0,2,2,0,2,2
28595647,,0,0.000032,23,0.000013,0,2,2,0,2,2
28350789,,0,0.000102,0,0.000013,0,4,4,0,4,4
28340626,,0,0.000845,5,0.000013,0,22,22,0,22,22
28166807,,0,0.000099,0,0.000013,0,3,3,0,3,3
27990198,,0,0.000529,2,0.000013,0,3,3,0,3,3
27799157,,0,0.000032,2,0.000013,0,1,1,0,1,1
26987530,,0,0.000036,33,0.000013,0,4,4,0,4,4
26844277,,0.000004,0.000056,23,0.000026,2,2,4,2,2,4
26829160,,0,0.000049,5,0.000013,0,4,4,0,4,4
26451244,,0,0.000064,5,0.000013,0,6,6,0,6,6
26174520,,0,0.000116,0,0.000013,0,8,8,0,8,8
25722355,,0,0.000528,2,0.000013,0,2,2,0,2,2
25478077,,0,0.000032,2,0.000013,0,1,1,0,1,1
23323793,,0,0.000168,5,0.000013,0,5,5,0,5,5
23169493,,0,0.00009,2,0.000013,0,2,2,0,2,2
23127309,,0,0.000052,2,0.000013,0,2,2,0,2,2
22662004,,0,0.000032,0,0.000013,0,2,2,0,2,2
22518193,,0,0.000032,2,0.000013,0,1,1,0,1,1
22490389,,0,0.00009,2,0.000013,0,2,2,0,2,2
21705679,,0,0.000032,2,0.000013,0,1,1,0,1,1
22515449,,0,0.000001,26,0.000013,0,2,2,0,2,2
15383145,,0.000022,0,26,0.000121,5,0,5,5,0,5
21465317,,0.000001,0.00052,26,0.000135,12,3,15,12,3,15
18777135,,0,0,26,0.000013,0,2,2,0,2,2
18071589,,0,0,26,0.000013,0,1,1,0,1,1
15389697,,0.000042,0.000015,5,0.00002,2,1,3,2,1,3
19545972,,0.000045,0.000024,5,0.000021,4,3,7,4,3,7
29158497,,0,0.000022,0,0.000013,0,3,3,0,3,3
27716369,,0,0.000035,0,0.000013,0,2,2,0,2,2
26553136,,0.000581,0.00064,32,0.000057,8,4,12,8,4,12
25958056,,0.0002,0.000017,31,0.000018,3,1,4,3,1,4
24918820,,0,0.000033,0,0.000013,0,4,4,0,4,4
24879340,,0.00309,0.024059,41,0.000081,8,6,14,8,6,14
22461340,,0,0.000031,14,0.000013,0,3,3,0,3,3
21191117,,0,0.000019,0,0.000013,0,3,3,0,3,3
20308648,,0,0.000031,14,0.000013,0,3,3,0,3,3
19805189,,0,0.000018,0,0.000013,0,2,2,0,2,2
18416817,,0,0.000023,0,0.000013,0,2,2,0,2,2
17997823,,0,0.00022,0,0.000013,0,4,4,0,4,4
28423635,,0,0.000012,2,0.000013,0,1,1,0,1,1
27372966,,0,0.000012,2,0.000013,0,1,1,0,1,1
26970738,,0,0.000012,2,0.000013,0,1,1,0,1,1
26586118,,0,0.000012,2,0.000013,0,1,1,0,1,1
25906114,,0,0.000012,33,0.000013,0,2,2,0,2,2
25644941,,0,0.022151,2,0.000013,0,3,3,0,3,3
25628946,,0,0.00005,33,0.000013,0,2,2,0,2,2
25323485,,0,0.000012,2,0.000013,0,1,1,0,1,1
25110415,,0,0.000184,23,0.000013,0,3,3,0,3,3
25077177,,0,0.000012,2,0.000013,0,1,1,0,1,1
24775443,,0,0.000028,2,0.000013,0,3,3,0,3,3
24367641,,0,0.000012,2,0.000013,0,1,1,0,1,1
24161962,,0,0.000012,2,0.000013,0,1,1,0,1,1
23926543,,0,0.000012,2,0.000013,0,1,1,0,1,1
23484096,,0,0.000012,2,0.000013,0,1,1,0,1,1
23299532,,0,0.000012,2,0.000013,0,1,1,0,1,1
22527098,,0,0.000012,2,0.000013,0,1,1,0,1,1
22314128,,0.000666,0.000019,2,0.000277,33,3,36,33,3,36
22191007,,0,0.000012,2,0.000013,0,1,1,0,1,1
21881559,,0,0.000012,2,0.000013,0,1,1,0,1,1
21547576,,0,0.000012,2,0.000013,0,1,1,0,1,1
21541733,,0,0.000012,2,0.000013,0,1,1,0,1,1
20223028,,0,0.000012,2,0.000013,0,1,1,0,1,1
20223024,,0,0.000012,2,0.000013,0,1,1,0,1,1
20167067,,0,0.000012,2,0.000013,0,1,1,0,1,1
19930554,,0,0.000013,2,0.000013,0,2,2,0,2,2
19793575,,0,0.000012,2,0.000013,0,1,1,0,1,1
19685247,,0,0.000012,2,0.000013,0,1,1,0,1,1
19196998,,0,0.000012,2,0.000013,0,1,1,0,1,1
18269114,,0,0.000012,2,0.000013,0,1,1,0,1,1
17533400,,0,0.000012,2,0.000013,0,1,1,0,1,1
17522144,,0,0.000012,2,0.000013,0,1,1,0,1,1
17351131,,0,0.000012,2,0.000013,0,1,1,0,1,1
17251345,,0,0.000012,2,0.000013,0,1,1,0,1,1
16950820,,0.000135,0.000019,2,0.000236,12,3,15,12,3,15
16791841,,0,0.000012,2,0.000013,0,1,1,0,1,1
16582077,,0,0.000012,2,0.000013,0,1,1,0,1,1
30382096,,0,0.000121,33,0.000013,0,2,2,0,2,2
30345412,,0,0.006948,8,0.000013,0,48,48,0,48,48
30154076,,0,0.000109,32,0.000013,0,2,2,0,2,2
30057198,,0,0.000239,11,0.000013,0,3,3,0,3,3
29898385,,0,0.000249,8,0.000013,0,5,5,0,5,5
29718910,,0,0.000239,8,0.000013,0,2,2,0,2,2
29641431,,0,0.000353,32,0.000013,0,4,4,0,4,4
29636371,,0,0.000606,8,0.000013,0,4,4,0,4,4
29617652,,0,0.025768,32,0.000013,0,13,13,0,13,13
29590107,,0,0.00055,8,0.000013,0,5,5,0,5,5
29548335,,0,0.000309,8,0.000013,0,5,5,0,5,5
29530982,,0,0.000135,8,0.000013,0,2,2,0,2,2
29475976,,0,0.00155,44,0.000013,0,7,7,0,7,7
29416069,,0,0.000109,8,0.000013,0,1,1,0,1,1
29399538,,0,0.000109,8,0.000013,0,1,1,0,1,1
29335415,,0,0.000135,8,0.000013,0,2,2,0,2,2
29273627,,0,0.000164,8,0.000013,0,3,3,0,3,3
29228718,,0,0.003154,5,0.000013,0,19,19,0,19,19
29212152,,0,0.000387,8,0.000013,0,4,4,0,4,4
29168504,,0.00009,0.000662,31,0.000018,3,7,10,3,7,10
29036662,,0,0.000747,32,0.000013,0,4,4,0,4,4
28973861,,0,0.00015,29,0.000013,0,2,2,0,2,2
28956767,,0,0.000109,8,0.000013,0,1,1,0,1,1
28858227,,0.000011,0.004088,8,0.00003,3,46,49,3,46,49
28735897,,0.00031,0.002331,8,0.000058,13,10,23,13,10,23
28722656,,0,0.000783,8,0.000013,0,7,7,0,7,7
28711786,,0,0.000109,8,0.000013,0,1,1,0,1,1
28677643,,0,0.000109,8,0.000013,0,1,1,0,1,1
28659469,,0,0.001161,32,0.000013,0,5,5,0,5,5
28549257,,0,0.000362,8,0.000013,0,7,7,0,7,7
28431397,,0,0.000109,8,0.000013,0,1,1,0,1,1
28411036,,0,0.000109,8,0.000013,0,3,3,0,3,3
28329678,,0,0.000168,8,0.000013,0,3,3,0,3,3
28278729,,0,0.000116,8,0.000013,0,2,2,0,2,2
28179977,,0,0.000207,8,0.000013,0,2,2,0,2,2
28161399,,0,0.000112,10,0.000013,0,3,3,0,3,3
27779185,,0,0.00069,8,0.000013,0,3,3,0,3,3
27649245,,0.000243,0.000354,8,0.000037,11,6,17,11,6,17
27449664,,0.000003,0.000297,8,0.000034,4,3,7,4,3,7
27261202,,0,0.00024,8,0.000013,0,3,3,0,3,3
27259208,,0,0.026818,31,0.000013,0,19,19,0,19,19
27222516,,0,0.000279,8,0.000013,0,3,3,0,3,3
27148484,,0,0.000232,8,0.000013,0,2,2,0,2,2
27131361,,0,0.000239,8,0.000013,0,2,2,0,2,2
27084940,,0,0.001102,8,0.000013,0,5,5,0,5,5
27049177,,0,0.000368,8,0.000013,0,2,2,0,2,2
27001513,,0,0.00024,8,0.000013,0,3,3,0,3,3
26942043,,0,0.000109,8,0.000013,0,2,2,0,2,2
26927663,,0,0.000152,70,0.000013,0,2,2,0,2,2
26873923,,0,0.000488,8,0.000013,0,7,7,0,7,7
26833090,,0.000032,0.001801,8,0.000047,4,13,17,4,13,17
26784987,,0.000293,0.000169,8,0.000044,12,3,15,12,3,15
26745677,,0,0.000512,8,0.000013,0,5,5,0,5,5
26423459,,0,0.000109,8,0.000013,0,1,1,0,1,1
26391948,,0,0.000111,8,0.000013,0,2,2,0,2,2
26213561,,0,0.000244,11,0.000013,0,3,3,0,3,3
25731763,,0,0.000468,8,0.000013,0,6,6,0,6,6
25629353,,0,0.000798,41,0.000013,0,6,6,0,6,6
25337968,,0,0.000585,8,0.000013,0,2,2,0,2,2
25122754,,0,0.000109,8,0.000013,0,1,1,0,1,1
24842372,,0,0.000637,8,0.000013,0,3,3,0,3,3
24829461,,0,0.022853,8,0.000013,0,5,5,0,5,5
24792170,,0,0.004748,8,0.000013,0,17,17,0,17,17
24699519,,0,0.000109,8,0.000013,0,1,1,0,1,1
24685129,,0,0.000109,8,0.000013,0,1,1,0,1,1
24521615,,0,0.00011,41,0.000013,0,2,2,0,2,2
24461734,,0,0.000109,8,0.000013,0,1,1,0,1,1
24366315,,0,0.000585,8,0.000013,0,2,2,0,2,2
24319145,,0,0.000334,8,0.000013,0,4,4,0,4,4
24310611,,0,0.000194,31,0.000013,0,2,2,0,2,2
24278037,,0,0.000109,8,0.000013,0,1,1,0,1,1
24214339,,0,0.000109,8,0.000013,0,1,1,0,1,1
24155971,,0,0.000257,8,0.000013,0,2,2,0,2,2
24121685,,0,0.000109,8,0.000013,0,1,1,0,1,1
24027196,,0,0.000109,8,0.000013,0,1,1,0,1,1
23997120,,0,0.000585,8,0.000013,0,2,2,0,2,2
23969417,,0,0.000585,8,0.000013,0,2,2,0,2,2
23836560,,0.00028,0.000163,8,0.000282,40,2,42,40,2,42
23712259,,0,0.000612,8,0.000013,0,3,3,0,3,3
23612114,,0,0.000109,8,0.000013,0,1,1,0,1,1
23585894,,0.000135,0.002397,29,0.000099,15,15,30,15,15,30
23585275,,0,0.000163,8,0.000013,0,2,2,0,2,2
23565119,,0,0.000109,8,0.000013,0,1,1,0,1,1
23460207,,0,0.000109,8,0.000013,0,1,1,0,1,1
23337116,,0,0.000109,8,0.000013,0,1,1,0,1,1
23287531,,0,0.000587,32,0.000013,0,3,3,0,3,3
23251575,,0,0.000326,11,0.000013,0,3,3,0,3,3
23251422,,0,0.000109,8,0.000013,0,1,1,0,1,1
23231413,,0,0.000112,8,0.000013,0,2,2,0,2,2
23181949,,0,0.001067,8,0.000013,0,3,3,0,3,3
23181561,,0,0.000584,29,0.000013,0,3,3,0,3,3
23170228,,0,0.000109,8,0.000013,0,1,1,0,1,1
23144625,,0,0.000109,8,0.000013,0,1,1,0,1,1
23108140,,0,0.000109,8,0.000013,0,1,1,0,1,1
22964643,,0,0.001543,8,0.000013,0,9,9,0,9,9
22912580,,0,0.000109,8,0.000013,0,1,1,0,1,1
22841003,,0,0.000163,8,0.000013,0,2,2,0,2,2
22778135,,0,0.00012,29,0.000013,0,2,2,0,2,2
22573178,,0,0.000127,8,0.000013,0,3,3,0,3,3
22412831,,0,0.000109,8,0.000013,0,1,1,0,1,1
22193408,,0.020055,0.001442,29,0.001797,259,18,277,259,18,277
22027841,,0,0.000109,8,0.000013,0,1,1,0,1,1
21978436,,0,0.000109,8,0.000013,0,1,1,0,1,1
21898685,,0,0.000109,8,0.000013,0,1,1,0,1,1
21804533,,0,0.000476,8,0.000013,0,7,7,0,7,7
21743461,,0,0.000109,8,0.000013,0,1,1,0,1,1
21709021,,0,0.000209,8,0.000013,0,2,2,0,2,2
21633706,,0,0.000228,11,0.000013,0,2,2,0,2,2
21546543,,0,0.000109,8,0.000013,0,1,1,0,1,1
21504984,,0,0.000277,8,0.000013,0,2,2,0,2,2
21335604,,0,0.001039,8,0.000013,0,6,6,0,6,6
21189297,,0,0.001194,8,0.000013,0,5,5,0,5,5
20690856,,0,0.000207,8,0.000013,0,2,2,0,2,2
20489199,,0,0.000228,11,0.000013,0,2,2,0,2,2
20483915,,0,0.000109,8,0.000013,0,1,1,0,1,1
20371343,,0,0.000109,8,0.000013,0,1,1,0,1,1
20208544,,0,0.000109,8,0.000013,0,1,1,0,1,1
20195511,,0,0.000207,8,0.000013,0,2,2,0,2,2
20081207,,0,0.000109,8,0.000013,0,1,1,0,1,1
19571320,,0,0.000228,11,0.000013,0,2,2,0,2,2
19357644,,0,0.000109,8,0.000013,0,1,1,0,1,1
19187759,,0,0.000122,8,0.000013,0,2,2,0,2,2
19002164,,0,0.000109,8,0.000013,0,1,1,0,1,1
18987339,,0,0.000109,8,0.000013,0,1,1,0,1,1
18757400,,0,0.000109,8,0.000013,0,1,1,0,1,1
18647997,,0,0.000109,8,0.000013,0,1,1,0,1,1
18584027,,0,0.000109,8,0.000013,0,1,1,0,1,1
18541667,,0,0.000109,8,0.000013,0,1,1,0,1,1
18083071,,0,0.000109,8,0.000013,0,1,1,0,1,1
18025267,,0,0.000109,8,0.000013,0,1,1,0,1,1
17693593,,0,0.000109,8,0.000013,0,1,1,0,1,1
17567608,,0,0.000109,8,0.000013,0,1,1,0,1,1
17082765,,0,0.000228,11,0.000013,0,2,2,0,2,2
17030607,,0,0.000109,8,0.000013,0,1,1,0,1,1
16957774,,0,0.000109,8,0.000013,0,1,1,0,1,1
16923963,,0,0.000109,8,0.000013,0,1,1,0,1,1
16908537,,0,0.000109,8,0.000013,0,1,1,0,1,1
16793422,,0,0.000228,11,0.000013,0,2,2,0,2,2
16354685,,0,0.000228,11,0.000013,0,2,2,0,2,2
16299390,,0,0.000228,11,0.000013,0,2,2,0,2,2
16297667,,0,0.000109,8,0.000013,0,1,1,0,1,1
16195334,,0,0.000109,8,0.000013,0,1,1,0,1,1
29439543,,0,0.000161,0,0.000013,0,7,7,0,7,7
26300672,,0,0.00031,5,0.000013,0,8,8,0,8,8
24586286,,0.000021,0.000739,5,0.000028,5,5,10,5,5,10
23462725,,0.000593,0.000548,5,0.000038,6,8,14,6,8,14
23403902,,0,0.000005,5,0.000013,0,1,1,0,1,1
23400672,,0,0.000021,5,0.000013,0,2,2,0,2,2
23369270,,0,0.000007,5,0.000013,0,2,2,0,2,2
23157996,,0,0.000023,5,0.000013,0,2,2,0,2,2
22864682,,0.000036,0.000596,2,0.000028,4,5,9,4,5,9
22328347,,0.000678,0.000461,5,0.000099,19,12,31,19,12,31
21267012,,0.000087,0.000216,5,0.000047,11,5,16,11,5,16
20967240,,0,0.000005,5,0.000013,0,1,1,0,1,1
19594276,,0.000799,0.000005,5,0.000254,40,1,41,40,1,41
16237201,,0,0.000005,5,0.000013,0,1,1,0,1,1
24493630,,0,0.000027,0,0.000013,0,3,3,0,3,3
21523452,,0,0.000001,0,0.000013,0,1,1,0,1,1
19804599,,0,0.000005,2,0.000013,0,3,3,0,3,3
26557407,,0,0.001788,5,0.000013,0,11,11,0,11,11
25279173,,0,0.000024,5,0.000013,0,1,1,0,1,1
24482576,,0,0.000073,19,0.000013,0,7,7,0,7,7
24398512,,0,0.000045,30,0.000013,0,4,4,0,4,4
23730224,,0,0.000024,5,0.000013,0,1,1,0,1,1
20644999,,0.000425,0.000417,5,0.000118,18,7,25,18,7,25
26576347,,0,0.000011,2,0.000013,0,3,3,0,3,3
24039299,,0,0.000001,2,0.000013,0,1,1,0,1,1
16354585,,0,0.000001,2,0.000013,0,2,2,0,2,2
29434897,,0,0.000003,11,0.000013,0,1,1,0,1,1
27347118,,0,0.000293,11,0.000013,0,3,3,0,3,3
25566506,,0,0.001071,32,0.000013,0,5,5,0,5,5
24980822,,0,0.000003,11,0.000013,0,1,1,0,1,1
23573237,,0,0.000003,11,0.000013,0,1,1,0,1,1
22303414,,0,0.000003,11,0.000013,0,1,1,0,1,1
21347172,,0,0.000003,11,0.000013,0,1,1,0,1,1
20689651,,0.000048,0.000003,29,0.000082,9,1,10,9,1,10
20418948,,0,0.000003,11,0.000013,0,1,1,0,1,1
18843024,,0,0.000003,11,0.000013,0,1,1,0,1,1
18438432,,0,0.000003,11,0.000013,0,1,1,0,1,1
18366613,,0,0.000003,11,0.000013,0,1,1,0,1,1
17447839,,0,0.000003,1,0.000438,39,1,40,39,1,40
30026836,,0,0.022256,41,0.000013,0,3,3,0,3,3
29321957,,0,0.00046,8,0.000013,0,6,6,0,6,6
22723937,,0,0.000012,41,0.000013,0,1,1,0,1,1
22110403,,0.000178,0.000283,0,0.000299,32,7,39,32,7,39
21880184,,0,0.000012,41,0.000013,0,1,1,0,1,1
17201907,,0,0.000012,41,0.000013,0,1,1,0,1,1
16038031,,0,0.000012,41,0.000046,3,1,4,3,1,4
15635067,,0.000015,0,2,0.000023,2,0,2,2,0,2
29805665,,0,0.000242,2,0.000013,0,11,11,0,11,11
27880720,,0,0.000067,0,0.000013,0,5,5,0,5,5
26312763,,0,0.000007,28,0.000013,0,2,2,0,2,2
25425654,,0,0.000005,28,0.000013,0,1,1,0,1,1
25338681,,0,0.000005,28,0.000013,0,1,1,0,1,1
21792894,,0,0.000662,41,0.000013,0,3,3,0,3,3
19293801,,0,0.000005,28,0.000013,0,1,1,0,1,1
18314063,,0,0.000005,28,0.000013,0,1,1,0,1,1
17727696,,0,0.000005,28,0.000013,0,1,1,0,1,1
16670718,,0,0.000005,28,0.000013,0,1,1,0,1,1
30022024,,0,0.000488,8,0.000013,0,7,7,0,7,7
29459202,,0,0.000204,11,0.000013,0,4,4,0,4,4
29352063,,0,0.000159,8,0.000013,0,4,4,0,4,4
29192276,,0,0.000119,11,0.000013,0,1,1,0,1,1
29156836,,0,0.000141,0,0.000013,0,4,4,0,4,4
28976962,,0.000724,0.001135,8,0.000039,9,8,17,9,8,17
28899930,,0,0.000119,11,0.000013,0,1,1,0,1,1
28634400,,0,0.000277,32,0.000013,0,4,4,0,4,4
28148839,,0,0.000733,51,0.000013,0,5,5,0,5,5
28114741,,0,0.00012,8,0.000013,0,2,2,0,2,2
28096467,,0,0.000162,70,0.000013,0,2,2,0,2,2
28092266,,0,0.000119,11,0.000013,0,1,1,0,1,1
27721405,,0,0.000119,11,0.000013,0,1,1,0,1,1
27148358,,0,0.000126,11,0.000013,0,2,2,0,2,2
26765540,,0,0.000567,8,0.000013,0,6,6,0,6,6
26468441,,0,0.000119,11,0.000013,0,1,1,0,1,1
26323318,,0,0.000412,8,0.000013,0,9,9,0,9,9
26283729,,0,0.000378,8,0.000013,0,2,2,0,2,2
26237645,,0,0.000119,11,0.000013,0,1,1,0,1,1
26187992,,0,0.000542,8,0.000013,0,3,3,0,3,3
25996477,,0,0.000119,11,0.000013,0,1,1,0,1,1
25893307,,0.000182,0.000397,8,0.000088,18,4,22,18,4,22
25753673,,0,0.000298,8,0.000013,0,3,3,0,3,3
25712099,,0,0.022619,32,0.000013,0,4,4,0,4,4
25661488,,0,0.000119,11,0.000013,0,1,1,0,1,1
25642963,,0,0.023084,41,0.000013,0,3,3,0,3,3
25578966,,0,0.000119,11,0.000013,0,1,1,0,1,1
25398341,,0,0.00012,8,0.000013,0,2,2,0,2,2
25160628,,0,0.000119,11,0.000013,0,1,1,0,1,1
25025768,,0,0.000268,32,0.000013,0,2,2,0,2,2
25016020,,0,0.002114,8,0.000013,0,16,16,0,16,16
24954902,,0,0.000124,11,0.000013,0,2,2,0,2,2
24843000,,0.002449,0.023063,32,0.000128,19,5,24,19,5,24
24798692,,0,0.026863,32,0.000013,0,10,10,0,10,10
24556218,,0.001289,0.000542,8,0.000132,29,3,32,29,3,32
24466340,,0,0.00057,11,0.000013,0,2,2,0,2,2
24141787,,0.000777,0.001567,8,0.000068,29,16,45,29,16,45
23966292,,0,0.000119,11,0.000013,0,1,1,0,1,1
23589568,,0,0.000174,11,0.000013,0,2,2,0,2,2
23478019,,0,0.000119,11,0.000013,0,1,1,0,1,1
23195997,,0,0.000606,11,0.000013,0,3,3,0,3,3
23065650,,0,0.000139,8,0.000013,0,3,3,0,3,3
22980747,,0,0.000119,11,0.000013,0,1,1,0,1,1
22869732,,0,0.000763,32,0.000013,0,4,4,0,4,4
22751496,,0,0.000694,11,0.000013,0,3,3,0,3,3
22744751,,0,0.000156,8,0.000013,0,5,5,0,5,5
22665067,,0,0.000595,11,0.000013,0,2,2,0,2,2
22623772,,0,0.000119,11,0.000013,0,1,1,0,1,1
22562176,,0.000032,0.000119,41,0.000107,11,1,12,11,1,12
22542292,,0,0.000119,11,0.000013,0,1,1,0,1,1
22537224,,0,0.001046,32,0.000013,0,3,3,0,3,3
22464731,,0,0.000119,11,0.000013,0,1,1,0,1,1
22449149,,0,0.000119,11,0.000024,1,1,2,1,1,2
22153967,,0,0.000351,8,0.000013,0,4,4,0,4,4
21917757,,0,0.000119,11,0.000013,0,1,1,0,1,1
21896657,,0,0.000119,11,0.000013,0,1,1,0,1,1
21731742,,0,0.000119,11,0.000013,0,1,1,0,1,1
21519342,,0,0.000119,11,0.000013,0,1,1,0,1,1
21389083,,0,0.000185,8,0.000013,0,3,3,0,3,3
21383063,,0,0.000119,11,0.000013,0,1,1,0,1,1
21372787,,0,0.000244,22,0.000013,0,5,5,0,5,5
21247901,,0,0.000119,11,0.000013,0,1,1,0,1,1
21229326,,0,0.000119,11,0.000013,0,1,1,0,1,1
21195000,,0,0.000595,11,0.000013,0,2,2,0,2,2
20603015,,0,0.000126,11,0.000013,0,2,2,0,2,2
20196133,,0,0.000119,11,0.000013,0,1,1,0,1,1
19995904,,0,0.000119,11,0.000013,0,1,1,0,1,1
19609304,,0,0.000119,11,0.000013,0,1,1,0,1,1
19217432,,0,0.000119,11,0.000013,0,1,1,0,1,1
19109555,,0,0.000142,11,0.000013,0,3,3,0,3,3
18995829,,0,0.000135,11,0.000013,0,2,2,0,2,2
18796496,,0,0.000119,11,0.000013,0,1,1,0,1,1
18719106,,0,0.000119,11,0.000013,0,1,1,0,1,1
18469862,,0,0.000119,11,0.000013,0,1,1,0,1,1
17621610,,0,0.000119,11,0.000013,0,1,1,0,1,1
17525340,,0,0.000119,11,0.000013,0,1,1,0,1,1
17436244,,0,0.000138,11,0.000013,0,3,3,0,3,3
17412408,,0,0.000119,11,0.000013,0,1,1,0,1,1
29912901,,0,0.000005,11,0.000013,0,1,1,0,1,1
15689453,,0.000203,0,11,0.009341,27,0,27,27,0,27
29707605,,0,0.000044,11,0.000013,0,8,8,0,8,8
28881592,,0,0.000005,11,0.000013,0,1,1,0,1,1
28631178,,0.000071,0.000241,8,0.000062,9,6,15,9,6,15
28341737,,0,0.000005,11,0.000013,0,1,1,0,1,1
26064523,,0,0.000219,11,0.000051,4,8,12,4,8,12
24909261,,0,0.000005,11,0.000013,0,1,1,0,1,1
24765528,,0,0.000199,11,0.000013,0,3,3,0,3,3
22692065,,0,0.000017,11,0.000013,0,2,2,0,2,2
22504776,,0,0.000176,23,0.000013,0,2,2,0,2,2
19530235,,0.000024,0.000017,11,0.000048,5,2,7,5,2,7
17200668,,0.008644,0.000005,23,0.009042,277,1,278,277,1,278
16857697,,0,0.000005,11,0.000013,0,1,1,0,1,1
22006311,,0.038346,0.02278,5,0.001259,181,6,187,181,6,187
21569354,,0.000001,0.00003,0,0.000025,2,2,4,2,2,4
29047390,,0,0.000487,1,0.000013,0,10,10,0,10,10
28936205,,0,0.000314,8,0.000013,0,5,5,0,5,5
28394342,,0,0.000004,1,0.000013,0,5,5,0,5,5
27694622,,0.000023,0.000403,8,0.000015,2,10,12,2,10,12
27535137,,0,0.000002,1,0.000024,1,1,2,1,1,2
27090750,,0,0.000002,1,0.000013,0,2,2,0,2,2
26684013,,0,0.001227,1,0.000013,0,5,5,0,5,5
25891025,,0,0.000002,1,0.000013,0,1,1,0,1,1
24145349,,0.000016,0.000006,1,0.000105,12,7,19,12,7,19
23889991,,0,0.000002,1,0.000013,0,2,2,0,2,2
22292003,,0,0.000003,1,0.000013,0,4,4,0,4,4
22213200,,0,0.000002,1,0.000013,0,1,1,0,1,1
21966279,,0,0.000257,1,0.000013,0,11,11,0,11,11
19713748,,0,0.000003,1,0.000013,0,2,2,0,2,2
19653894,,0.000026,0.000009,1,0.000069,10,5,15,10,5,15
19535303,,0,0.000002,1,0.000013,0,1,1,0,1,1
19273072,,0,0.000002,1,0.000013,0,1,1,0,1,1
19046788,,0.000017,0.000003,1,0.000055,6,3,9,6,3,9
18773976,,0,0.000002,1,0.000013,0,1,1,0,1,1
18773424,,0,0.000004,1,0.000013,0,4,4,0,4,4
18440304,,0.000001,0.000003,1,0.000327,31,3,34,31,3,34
18414481,,0,0.000002,1,0.000013,0,1,1,0,1,1
18187509,,0,0.000002,1,0.000013,0,1,1,0,1,1
17452982,,0,0.000003,1,0.000013,0,2,2,0,2,2
16581784,,0,0.000002,1,0.000013,0,1,1,0,1,1
16332963,,0,0.000002,1,0.000013,0,1,1,0,1,1
28649800,,0,0,1,0.000013,0,1,1,0,1,1
28576945,,0,0,1,0.000013,0,1,1,0,1,1
27392607,,0,0,1,0.000013,0,1,1,0,1,1
26991106,,0,0.000164,1,0.000013,0,3,3,0,3,3
26933806,,0,0,1,0.000013,0,1,1,0,1,1
26561205,,0,0,1,0.000013,0,1,1,0,1,1
25263164,,0,0,1,0.000013,0,1,1,0,1,1
24830722,,0,0,1,0.000013,0,1,1,0,1,1
23665016,,0,0,1,0.000013,0,1,1,0,1,1
23393140,,0,0,1,0.000013,0,1,1,0,1,1
23102646,,0,0,1,0.000013,0,1,1,0,1,1
23011797,,0,0.000003,1,0.000013,0,2,2,0,2,2
22567133,,0,0,1,0.000013,0,1,1,0,1,1
22496452,,0,0,1,0.000013,0,2,2,0,2,2
21593765,,0,0,1,0.000013,0,1,1,0,1,1
21149457,,0,0,1,0.000013,0,2,2,0,2,2
21123171,,0,0,1,0.000013,0,1,1,0,1,1
21044962,,0,0,1,0.000013,0,2,2,0,2,2
20721976,,0,0,1,0.000013,0,1,1,0,1,1
20691079,,0,0,1,0.000013,0,1,1,0,1,1
19506021,,0,0,1,0.000013,0,1,1,0,1,1
19277896,,0,0,1,0.000013,0,1,1,0,1,1
19010907,,0,0,1,0.000013,0,1,1,0,1,1
18485278,,0,0,1,0.000013,0,1,1,0,1,1
18385519,,0,0,1,0.000013,0,1,1,0,1,1
17984306,,0,0,1,0.000013,0,1,1,0,1,1
17662696,,0,0,1,0.000013,0,1,1,0,1,1
17194444,,0,0,1,0.000013,0,1,1,0,1,1
16940173,,0,0,1,0.000013,0,1,1,0,1,1
15955815,,0,0,1,0.000013,0,1,1,0,1,1
23467468,,0,0.000002,0,0.000013,0,1,1,0,1,1
19889198,,0,0.000002,0,0.000013,0,1,1,0,1,1
19442316,,0,0.000002,0,0.000013,0,1,1,0,1,1
30130155,,0,0.001683,5,0.000013,0,12,12,0,12,12
15744044,,0.000146,0,2,0.000369,10,0,10,10,0,10
24614139,,0,0.000003,2,0.000013,0,1,1,0,1,1
15983021,,0.000128,0.000003,2,0.000303,20,1,21,20,1,21
29152592,,0,0,27,0.000013,0,1,1,0,1,1
25759589,,0,0,27,0.000013,0,1,1,0,1,1
25384883,,0,0,27,0.000013,0,1,1,0,1,1
24720804,,0,0,27,0.000013,0,1,1,0,1,1
24599585,,0,0,27,0.000013,0,1,1,0,1,1
23576795,,0,0,27,0.000013,0,1,1,0,1,1
19240240,,0,0,27,0.000013,0,1,1,0,1,1
18813311,,0,0,27,0.000013,0,1,1,0,1,1
17311016,,0,0,27,0.000013,0,1,1,0,1,1
29132330,,0,0.000001,0,0.000013,0,1,1,0,1,1
28139534,,0,0.000001,0,0.000013,0,1,1,0,1,1
23675098,,0,0.000001,0,0.000013,0,1,1,0,1,1
23192612,,0,0.000001,0,0.000013,0,1,1,0,1,1
23071787,,0,0.000002,0,0.000013,0,2,2,0,2,2
22662219,,0,0.000001,0,0.000013,0,1,1,0,1,1
22354696,,0,0.000001,0,0.000013,0,1,1,0,1,1
19682377,,0,0.000003,1,0.000013,0,3,3,0,3,3
15784723,,0.000339,0,5,0.000451,47,0,47,47,0,47
29433521,,0,0.000008,5,0.000013,0,1,1,0,1,1
29246147,,0,0.000165,5,0.000013,0,7,7,0,7,7
27910721,,0,0.000229,5,0.000013,0,15,15,0,15,15
27417607,,0,0.000354,5,0.000013,0,5,5,0,5,5
27350384,,0,0.000075,5,0.000013,0,2,2,0,2,2
26590592,,0,0.000013,5,0.000013,0,2,2,0,2,2
25589525,,0,0.000008,5,0.000013,0,1,1,0,1,1
25410893,,0,0.000008,5,0.000013,0,1,1,0,1,1
25205405,,0,0.000011,2,0.000013,0,2,2,0,2,2
25050348,,0,0.000008,5,0.000013,0,1,1,0,1,1
24885316,,0,0.000009,5,0.000013,0,2,2,0,2,2
24745633,,0,0.000026,5,0.000013,0,4,4,0,4,4
24519100,,0,0.00021,5,0.000013,0,4,4,0,4,4
24506336,,0,0.000221,5,0.000013,0,2,2,0,2,2
24449235,,0.001523,0.000296,5,0.000153,39,6,45,39,6,45
24002367,,0,0.000008,5,0.000013,0,1,1,0,1,1
23942200,,0,0.000008,5,0.000013,0,1,1,0,1,1
23771953,,0,0.000008,5,0.000013,0,1,1,0,1,1
23438721,,0.000727,0.000017,5,0.000025,7,3,10,7,3,10
23150730,,0,0.000505,5,0.000013,0,3,3,0,3,3
22736296,,0.00006,0.000026,5,0.000019,3,3,6,3,3,6
22698141,,0,0.000008,5,0.000013,0,1,1,0,1,1
21886501,,0,0.000008,5,0.000013,0,1,1,0,1,1
21770772,,0,0.000008,5,0.000013,0,1,1,0,1,1
21637104,,0,0.000034,5,0.000013,0,4,4,0,4,4
21465171,,0,0.000008,5,0.000013,0,1,1,0,1,1
21311998,,0,0.000008,5,0.000013,0,1,1,0,1,1
21224735,,0,0.000013,5,0.000013,0,2,2,0,2,2
21097566,,0,0.000008,5,0.000013,0,1,1,0,1,1
20008584,,0,0.000008,5,0.000013,0,1,1,0,1,1
19707152,,0,0.000008,5,0.000013,0,1,1,0,1,1
19643018,,0,0.000008,5,0.000013,0,1,1,0,1,1
19323816,,0,0.000008,5,0.000013,0,1,1,0,1,1
18584467,,0,0.000008,5,0.000013,0,1,1,0,1,1
22654484,,0,0,16,0.000013,0,1,1,0,1,1
15796777,,0,0,16,0.000133,11,0,11,11,0,11
20428234,,0,0,16,0.000013,0,1,1,0,1,1
19498079,,0,0,16,0.000013,0,1,1,0,1,1
19458778,,0,0,16,0.000013,0,1,1,0,1,1
19045817,,0,0,16,0.000013,0,1,1,0,1,1
18950739,,0,0,16,0.000013,0,1,1,0,1,1
17678535,,0,0,16,0.000013,0,1,1,0,1,1
17202287,,0,0,16,0.000013,0,1,1,0,1,1
17126079,,0,0,16,0.000013,0,1,1,0,1,1
17090329,,0,0,16,0.000013,0,1,1,0,1,1
16803617,,0,0,16,0.000013,0,1,1,0,1,1
28946846,,0,0.000142,51,0.000013,0,5,5,0,5,5
15798766,,0.000014,0,2,0.000124,8,0,8,8,0,8
25948676,,0,0,2,0.000013,0,2,2,0,2,2
23205077,,0,0,2,0.000013,0,1,1,0,1,1
22007238,,0,0,2,0.000024,1,1,2,1,1,2
21734883,,0,0,2,0.000013,0,1,1,0,1,1
17254323,,0,0,2,0.000013,0,1,1,0,1,1
26476466,,0,0.000014,5,0.000013,0,2,2,0,2,2
25749548,,0,0,5,0.000013,0,1,1,0,1,1
23669153,,0,0,5,0.000013,0,1,1,0,1,1
23616873,,0,0,5,0.000013,0,1,1,0,1,1
21902773,,0,0,5,0.000013,0,1,1,0,1,1
20135903,,0,0,5,0.000013,0,1,1,0,1,1
29910702,,0,0,27,0.000013,0,1,1,0,1,1
15841079,,0.000018,0,27,0.000266,22,0,22,22,0,22
28652811,,0,0,27,0.000013,0,1,1,0,1,1
28532474,,0,0,27,0.000013,0,1,1,0,1,1
28446533,,0,0,22,0.000013,0,2,2,0,2,2
28436422,,0,0.000483,27,0.000013,0,2,2,0,2,2
28271910,,0,0.000133,27,0.000013,0,2,2,0,2,2
27765917,,0,0.000001,33,0.000013,0,3,3,0,3,3
26267891,,0,0,27,0.000013,0,1,1,0,1,1
25435280,,0,0,27,0.000013,0,1,1,0,1,1
23951046,,0,0,27,0.000013,0,1,1,0,1,1
23073759,,0,0.000133,27,0.000013,0,2,2,0,2,2
22584712,,0,0,27,0.000013,0,1,1,0,1,1
22475688,,0,0,27,0.000013,0,1,1,0,1,1
22192147,,0,0,27,0.000013,0,1,1,0,1,1
21457545,,0,0,27,0.000013,0,1,1,0,1,1
19811662,,0,0,27,0.000013,0,1,1,0,1,1
19026532,,0,0.000002,27,0.000013,0,2,2,0,2,2
18282701,,0,0.000002,27,0.000013,0,2,2,0,2,2
17975657,,0,0.000002,27,0.000013,0,2,2,0,2,2
16869771,,0,0,27,0.000013,0,1,1,0,1,1
16280056,,0,0,27,0.000013,0,1,1,0,1,1
17405987,,0,0,1,0.000013,0,1,1,0,1,1
30263092,,0,0.000574,2,0.000013,0,11,11,0,11,11
15863663,,0.000175,0,2,0.000203,18,0,18,18,0,18
27412241,,0,0.000004,2,0.000013,0,1,1,0,1,1
30091314,,0,0,26,0.000013,0,1,1,0,1,1
15879497,,0.000012,0,26,0.000159,15,0,15,15,0,15
29883022,,0,0,26,0.000013,0,1,1,0,1,1
29352271,,0,0,26,0.000013,0,1,1,0,1,1
26342808,,0,0,26,0.000013,0,1,1,0,1,1
24581183,,0,0,26,0.000013,0,1,1,0,1,1
23782947,,0,0,26,0.000013,0,1,1,0,1,1
23556484,,0,0,26,0.000013,0,1,1,0,1,1
22634755,,0,0,26,0.000013,0,1,1,0,1,1
22146940,,0,0,26,0.000013,0,1,1,0,1,1
20509947,,0,0,26,0.000013,0,1,1,0,1,1
18303113,,0,0,26,0.000013,0,1,1,0,1,1
17570480,,0,0,26,0.000013,0,1,1,0,1,1
29884136,,0,0.000189,22,0.000013,0,11,11,0,11,11
25643705,,0,0.000411,22,0.000013,0,9,9,0,9,9
18036263,,0,0.000318,22,0.000013,0,4,4,0,4,4
16280041,,0,0.000061,22,0.000013,0,2,2,0,2,2
22935435,,0,0.000001,1,0.000013,0,1,1,0,1,1
22109660,,0,0.000001,1,0.000013,0,1,1,0,1,1
21383881,,0,0.000001,1,0.000013,0,1,1,0,1,1
20646279,,0,0.000001,1,0.000013,0,1,1,0,1,1
19898689,,0,0.000001,1,0.000013,0,1,1,0,1,1
30271574,,0,0.000465,8,0.000013,0,13,13,0,13,13
29458759,,0,0.00069,8,0.000013,0,8,8,0,8,8
29100040,,0,0.000028,8,0.000013,0,4,4,0,4,4
27362509,,0,0.000425,8,0.000013,0,5,5,0,5,5
25218467,,0,0.000128,8,0.000013,0,7,7,0,7,7
23548139,,0,0.001109,8,0.000013,0,9,9,0,9,9
22740911,,0,0.000024,8,0.000013,0,1,1,0,1,1
22645136,,0.000097,0.000475,8,0.00016,21,9,30,21,9,30
22505581,,0,0.000622,8,0.000013,0,9,9,0,9,9
21166902,,0,0.00023,8,0.000013,0,5,5,0,5,5
21037856,,0,0.000037,8,0.000013,0,2,2,0,2,2
20976249,,0,0.00011,8,0.000013,0,3,3,0,3,3
20798837,,0,0.000024,8,0.000013,0,1,1,0,1,1
20684611,,0.000103,0.000129,8,0.000044,9,4,13,9,4,13
20403813,,0,0.000129,8,0.000013,0,4,4,0,4,4
19919104,,0,0.000024,8,0.000013,0,2,2,0,2,2
19628690,,0.001018,0.000266,8,0.00034,32,7,39,32,7,39
19622740,,0,0.000029,8,0.000013,0,2,2,0,2,2
19457980,,0,0.000024,8,0.000013,0,1,1,0,1,1
19329439,,0,0.000039,8,0.000013,0,3,3,0,3,3
19182269,,0,0.000126,8,0.000013,0,7,7,0,7,7
18417535,,0,0.000024,8,0.000013,0,1,1,0,1,1
18174332,,0,0.000035,8,0.000013,0,2,2,0,2,2
29113350,,0,0,30,0.000013,0,1,1,0,1,1
15955237,,0.000011,0,30,0.000124,9,1,10,9,1,10
25825707,,0,0.000053,30,0.000013,0,3,3,0,3,3
25393451,,0,0,30,0.000013,0,1,1,0,1,1
24623250,,0,0,30,0.000013,0,1,1,0,1,1
21849032,,0,0,30,0.000013,0,1,1,0,1,1
21118987,,0,0,30,0.000013,0,1,1,0,1,1
18575893,,0,0,30,0.000013,0,1,1,0,1,1
18158561,,0.000009,0,30,0.000027,2,2,4,2,2,4
26849396,,0,0,2,0.000013,0,1,1,0,1,1
15967112,,0,0,2,0.000062,5,0,5,5,0,5
23514407,,0,0,2,0.000013,0,1,1,0,1,1
23441164,,0,0,2,0.000013,0,1,1,0,1,1
20182587,,0,0,2,0.000013,0,1,1,0,1,1
28660599,,0,0.000003,2,0.000013,0,1,1,0,1,1
27503959,,0,0.000255,5,0.000013,0,5,5,0,5,5
26250392,,0.000596,0.000332,5,0.000026,5,12,17,5,12,17
25452441,,0.00356,0.000982,22,0.000342,94,16,110,94,16,110
25301325,,0.000091,0.000013,5,0.000025,6,5,11,6,5,11
25045831,,0,0.000003,2,0.000013,0,2,2,0,2,2
23330026,,0,0.000003,2,0.000013,0,1,1,0,1,1
23266352,,0,0.000027,2,0.000013,0,2,2,0,2,2
19001605,,0,0.000003,2,0.000013,0,1,1,0,1,1
18298840,,0,0.000003,2,0.000013,0,1,1,0,1,1
17472751,,0,0.000003,2,0.000013,0,1,1,0,1,1
15987430,,0.000026,0,0,0.000025,3,0,3,3,0,3
19183483,,0,0.000195,0,0.000013,0,2,2,0,2,2
22545048,,0,0.000087,51,0.000013,0,3,3,0,3,3
20847878,,0,0.000002,28,0.000013,0,1,1,0,1,1
18053234,,0,0.000083,51,0.000013,0,2,2,0,2,2
27006077,,0,0.000001,0,0.000013,0,1,1,0,1,1
26920143,,0,0.00051,0,0.000013,0,4,4,0,4,4
24752797,,0,0.000023,32,0.000013,0,3,3,0,3,3
23569343,,0,0.000988,0,0.000013,0,9,9,0,9,9
23533280,,0,0.000014,0,0.000013,0,2,2,0,2,2
30123055,,0,0.000016,2,0.000013,0,1,1,0,1,1
15994883,,0.000707,0,2,0.000837,33,0,33,33,0,33
29725248,,0,0.000016,2,0.000013,0,1,1,0,1,1
29162880,,0,0.000016,2,0.000013,0,1,1,0,1,1
26758508,,0,0.000031,2,0.000013,0,2,2,0,2,2
22896692,,0,0.000303,2,0.000013,0,4,4,0,4,4
22666503,,0.000116,0.000345,35,0.000062,11,6,17,11,6,17
30254663,,0,0.000114,22,0.000013,0,7,7,0,7,7
30212499,,0,0.000064,22,0.000013,0,2,2,0,2,2
30209399,,0,0.000259,5,0.000013,0,2,2,0,2,2
30108616,,0,0.000046,22,0.000013,0,1,1,0,1,1
29945567,,0,0.00038,22,0.000013,0,10,10,0,10,10
29854292,,0,0.000205,22,0.000013,0,5,5,0,5,5
29808027,,0,0.000046,22,0.000013,0,1,1,0,1,1
29707410,,0,0.000046,22,0.000013,0,1,1,0,1,1
29707409,,0,0.000046,22,0.000013,0,1,1,0,1,1
29707112,,0,0.001667,8,0.000013,0,29,29,0,29,29
29664915,,0,0.000046,22,0.000013,0,1,1,0,1,1
29552441,,0,0.000046,22,0.000013,0,1,1,0,1,1
29458332,,0,0.00019,22,0.000013,0,11,11,0,11,11
29394989,,0,0.000602,22,0.00004,3,14,17,3,14,17
29393334,,0,0.000046,22,0.000013,0,1,1,0,1,1
29309402,,0,0.000046,22,0.000013,0,1,1,0,1,1
29261847,,0,0.000046,22,0.000013,0,1,1,0,1,1
29255180,,0,0.000798,5,0.000013,0,10,10,0,10,10
29179779,,0,0.000046,22,0.000013,0,1,1,0,1,1
28993434,,0,0.000841,2,0.000013,0,13,13,0,13,13
28947085,,0,0.000046,22,0.000013,0,1,1,0,1,1
28944237,,0,0.000046,22,0.000013,0,1,1,0,1,1
28944233,,0,0.000046,22,0.000013,0,1,1,0,1,1
28875981,,0,0.000046,22,0.000013,0,1,1,0,1,1
28779002,,0,0.000195,0,0.000013,0,4,4,0,4,4
28754924,,0,0.000046,22,0.000013,0,1,1,0,1,1
28748566,,0,0.000046,22,0.000013,0,1,1,0,1,1
28503092,,0,0.000142,22,0.000013,0,3,3,0,3,3
28462921,,0,0.000046,22,0.000013,0,1,1,0,1,1
28461331,,0,0.000046,22,0.000013,0,1,1,0,1,1
28435519,,0,0.000309,22,0.000024,1,4,5,1,4,5
28410371,,0,0.000046,22,0.000013,0,1,1,0,1,1
28386624,,0,0.000046,22,0.000013,0,1,1,0,1,1
28327576,,0,0.000046,22,0.000013,0,1,1,0,1,1
28289718,,0,0.000046,22,0.000013,0,1,1,0,1,1
28230923,,0,0.000046,22,0.000013,0,1,1,0,1,1
28186987,,0,0.000207,22,0.000013,0,6,6,0,6,6
28065471,,0,0.000046,22,0.000013,0,1,1,0,1,1
28050887,,0.000001,0.000179,22,0.000028,2,4,6,2,4,6
28018905,,0,0.000046,22,0.000013,0,1,1,0,1,1
27914478,,0,0.001571,2,0.000013,0,10,10,0,10,10
27899486,,0,0.000047,22,0.000013,0,2,2,0,2,2
27896051,,0,0.000046,22,0.000013,0,1,1,0,1,1
27881154,,0,0.000046,22,0.000013,0,1,1,0,1,1
27848944,,0,0.000259,5,0.000013,0,2,2,0,2,2
27830735,,0,0.000046,22,0.000013,0,1,1,0,1,1
27805902,,0,0.000046,22,0.000013,0,1,1,0,1,1
27799058,,0,0.000046,22,0.000013,0,1,1,0,1,1
27767231,,0.000619,0.025889,5,0.000046,8,13,21,8,13,21
27693233,,0,0.000046,22,0.000013,0,1,1,0,1,1
27647865,,0,0.000046,22,0.000013,0,1,1,0,1,1
27449771,,0,0.000104,23,0.000013,0,4,4,0,4,4
27391102,,0,0.000046,22,0.000013,0,1,1,0,1,1
27353947,,0,0.000046,22,0.000013,0,1,1,0,1,1
27081550,,0,0.000046,22,0.000013,0,1,1,0,1,1
26962677,,0,0.000046,22,0.000013,0,1,1,0,1,1
26700889,,0,0.000046,22,0.000013,0,1,1,0,1,1
26543556,,0.000628,0.001384,2,0.000047,8,17,25,8,17,25
26493074,,0,0.000046,22,0.000013,0,1,1,0,1,1
26436105,,0,0.000259,5,0.000013,0,2,2,0,2,2
26420286,,0,0.000046,22,0.000013,0,1,1,0,1,1
26284702,,0,0.000046,22,0.000013,0,1,1,0,1,1
26228265,,0,0.000046,22,0.000013,0,1,1,0,1,1
26187044,,0,0.000046,22,0.000013,0,1,1,0,1,1
26061005,,0,0.000046,22,0.000013,0,1,1,0,1,1
26052455,,0,0.000275,22,0.000013,0,8,8,0,8,8
26008905,,0,0.000046,22,0.000013,0,1,1,0,1,1
26000024,,0,0.000046,22,0.000013,0,1,1,0,1,1
25892863,,0,0.000217,23,0.000013,0,2,2,0,2,2
25823446,,0,0.000072,22,0.000013,0,3,3,0,3,3
25763369,,0,0.000046,22,0.000013,0,1,1,0,1,1
25759012,,0,0.000046,22,0.000013,0,1,1,0,1,1
25735936,,0,0.000046,22,0.000013,0,1,1,0,1,1
25710878,,0,0.000046,22,0.000013,0,1,1,0,1,1
25692141,,0,0.000046,22,0.000013,0,1,1,0,1,1
25674388,,0,0.000046,22,0.000013,0,1,1,0,1,1
25657822,,0,0.000046,22,0.000013,0,1,1,0,1,1
25431241,,0,0.000046,22,0.000013,0,1,1,0,1,1
25407002,,0,0.000046,22,0.000013,0,1,1,0,1,1
25333066,,0,0.000259,5,0.000013,0,2,2,0,2,2
25234433,,0,0.000046,22,0.000013,0,1,1,0,1,1
25135762,,0,0.000046,22,0.000013,0,1,1,0,1,1
25133505,,0,0.000046,22,0.000013,0,1,1,0,1,1
25066811,,0,0.000046,22,0.000013,0,1,1,0,1,1
25054154,,0,0.000046,22,0.000013,0,1,1,0,1,1
24980720,,0,0.000046,22,0.000013,0,1,1,0,1,1
24886813,,0,0.000046,22,0.000013,0,1,1,0,1,1
24828207,,0,0.000046,22,0.000013,0,1,1,0,1,1
24796702,,0,0.000046,22,0.000013,0,1,1,0,1,1
24713488,,0,0.000046,22,0.000013,0,1,1,0,1,1
24652797,,0,0.000046,22,0.000013,0,1,1,0,1,1
24633898,,0,0.000046,22,0.000013,0,1,1,0,1,1
24603341,,0,0.000046,22,0.000013,0,1,1,0,1,1
24578721,,0,0.000046,22,0.000013,0,1,1,0,1,1
24498598,,0,0.000046,22,0.000013,0,1,1,0,1,1
24463578,,0,0.000046,22,0.000013,0,1,1,0,1,1
24297533,,0,0.000064,22,0.000013,0,2,2,0,2,2
24265693,,0,0.000046,22,0.000013,0,1,1,0,1,1
24139550,,0.00195,0.00024,17,0.000152,21,2,23,21,2,23
24108129,,0,0.000046,22,0.000013,0,1,1,0,1,1
24033266,,0,0.000046,22,0.000013,0,1,1,0,1,1
23962656,,0,0.000046,22,0.000013,0,1,1,0,1,1
23836555,,0,0.000159,22,0.000013,0,3,3,0,3,3
23819521,,0,0.000046,22,0.000013,0,1,1,0,1,1
23702511,,0,0.000046,22,0.000013,0,1,1,0,1,1
23613828,,0.00008,0.000188,22,0.000045,4,5,9,4,5,9
23369113,,0,0.000046,22,0.000013,0,1,1,0,1,1
23334666,,0,0.000046,22,0.000013,0,2,2,0,2,2
23316295,,0,0.000046,22,0.000013,0,1,1,0,1,1
23301036,,0,0.000046,22,0.000013,0,1,1,0,1,1
23033316,,0,0.000046,22,0.000013,0,1,1,0,1,1
22949387,,0,0.00015,22,0.000013,0,4,4,0,4,4
22928142,,0,0.000046,22,0.000013,0,1,1,0,1,1
22848613,,0,0.000046,22,0.000013,0,1,1,0,1,1
22815630,,0,0.000046,22,0.000013,0,1,1,0,1,1
22799452,,0,0.000046,22,0.000013,0,1,1,0,1,1
22623965,,0,0.000046,22,0.000013,0,1,1,0,1,1
22605915,,0,0.000046,22,0.000013,0,1,1,0,1,1
22581972,,0,0.000046,22,0.000013,0,1,1,0,1,1
22319177,,0,0.000047,22,0.000013,0,2,2,0,2,2
22185115,,0,0.000046,22,0.000013,0,1,1,0,1,1
22144684,,0.000747,0.000107,22,0.000133,24,7,31,24,7,31
21990134,,0.000807,0.000317,22,0.000242,57,12,69,57,12,69
21936944,,0,0.000046,22,0.000013,0,1,1,0,1,1
21932393,,0.000291,0.000721,23,0.000056,15,10,25,15,10,25
21926548,,0,0.000046,22,0.000013,0,1,1,0,1,1
21919745,,0,0.000046,22,0.000013,0,1,1,0,1,1
21784901,,0,0.000046,22,0.000013,0,1,1,0,1,1
21673748,,0.0002,0.000378,22,0.000376,32,7,39,32,7,39
21647151,,0,0.000046,22,0.000013,0,1,1,0,1,1
21447777,,0,0.000343,22,0.000013,0,6,6,0,6,6
21415313,,0,0.000046,22,0.000013,0,1,1,0,1,1
21368279,,0,0.000046,22,0.000013,0,1,1,0,1,1
21244692,,0.000822,0.000482,0,0.000185,35,7,42,35,7,42
21159622,,0,0.000046,22,0.000013,0,1,1,0,1,1
20507924,,0,0.000046,22,0.000013,0,1,1,0,1,1
20399638,,0,0.000046,22,0.000013,0,1,1,0,1,1
19558493,,0,0.000046,22,0.000013,0,1,1,0,1,1
19543972,,0.000682,0.00016,22,0.000088,15,5,20,15,5,20
19267393,,0,0.000046,22,0.000013,0,1,1,0,1,1
19025647,,0,0.000046,22,0.000013,0,1,1,0,1,1
18951438,,0.000073,0.000146,22,0.000303,14,4,18,14,4,18
18951436,,0,0.000147,22,0.000013,0,5,5,0,5,5
18575738,,0,0.000046,22,0.000013,0,1,1,0,1,1
18416845,,0,0.000046,22,0.000013,0,1,1,0,1,1
18285836,,0,0.000144,22,0.000013,0,3,3,0,3,3
17305420,,0,0.000049,22,0.000013,0,2,2,0,2,2
16522644,,0,0.000046,22,0.000013,0,1,1,0,1,1
17076557,,0,0,18,0.000013,0,1,1,0,1,1
16018805,,0,0,18,0.000024,1,0,1,1,0,1
29707144,,0,0.00018,32,0.000013,0,8,8,0,8,8
19630580,,0,0,32,0.000013,0,1,1,0,1,1
19139136,,0,0,41,0.000013,0,1,1,0,1,1
18710598,,0,0,41,0.000013,0,1,1,0,1,1
16831226,,0,0,41,0.000013,0,1,1,0,1,1
30227649,,0,0.00136,2,0.000013,0,10,10,0,10,10
29977348,,0,0.000014,5,0.000013,0,3,3,0,3,3
29456469,,0,0.000228,5,0.000013,0,5,5,0,5,5
28770017,,0,0.000034,5,0.000013,0,5,5,0,5,5
28352801,,0,0.000007,5,0.000056,4,1,5,4,1,5
27469117,,0,0.000018,5,0.000013,0,4,4,0,4,4
27355266,,0,0.000007,5,0.000013,0,1,1,0,1,1
25975955,,0.000042,0.000123,0,0.000021,3,10,13,3,10,13
25700605,,0.000005,0.00024,0,0.000015,1,10,11,1,10,11
25192678,,0,0.000007,5,0.000013,0,1,1,0,1,1
24950272,,0,0.000027,5,0.000013,0,3,3,0,3,3
24849045,,0,0.000007,5,0.000013,0,1,1,0,1,1
24423928,,0.000012,0.000055,5,0.000025,5,5,10,5,5,10
24042365,,0.00007,0.000218,5,0.000371,43,5,48,43,5,48
23893127,,0,0.000019,5,0.000013,0,4,4,0,4,4
22696239,,0,0.000007,5,0.000013,0,1,1,0,1,1
21947589,,0,0.000007,5,0.000013,0,1,1,0,1,1
21717445,,0.000413,0.000411,5,0.00016,38,9,47,38,9,47
21672945,,0,0.000012,5,0.000013,0,2,2,0,2,2
21219598,,0.000088,0.000031,5,0.000041,9,2,11,9,2,11
20853163,,0,0.000012,5,0.000013,0,2,2,0,2,2
20185801,,0,0.000007,5,0.000013,0,1,1,0,1,1
19172584,,0,0.000007,5,0.000013,0,1,1,0,1,1
28657194,,0,0,11,0.000013,0,2,2,0,2,2
16080203,,0,0,11,0.000258,23,0,23,23,0,23
26807197,,0,0,11,0.000013,0,1,1,0,1,1
25694100,,0,0,11,0.000013,0,1,1,0,1,1
25545894,,0,0,11,0.000013,0,1,1,0,1,1
23637568,,0,0,11,0.000013,0,1,1,0,1,1
23052692,,0,0,11,0.000013,0,1,1,0,1,1
21949562,,0,0,11,0.000013,0,1,1,0,1,1
21778734,,0,0,11,0.000013,0,1,1,0,1,1
21537451,,0,0,11,0.000013,0,1,1,0,1,1
21031455,,0,0,11,0.000013,0,1,1,0,1,1
20543902,,0,0,11,0.000013,0,1,1,0,1,1
20348396,,0,0,11,0.000013,0,1,1,0,1,1
20233650,,0,0,11,0.000013,0,1,1,0,1,1
19430598,,0,0,11,0.000013,0,1,1,0,1,1
19384427,,0,0,11,0.000013,0,1,1,0,1,1
19022825,,0,0,11,0.000013,0,1,1,0,1,1
18770519,,0,0,11,0.000013,0,1,1,0,1,1
18365008,,0,0,11,0.000013,0,1,1,0,1,1
18047538,,0,0,11,0.000013,0,1,1,0,1,1
17490987,,0,0,11,0.000013,0,1,1,0,1,1
17380613,,0,0,11,0.000013,0,1,1,0,1,1
17123302,,0,0,11,0.000013,0,1,1,0,1,1
16907993,,0,0,11,0.000013,0,1,1,0,1,1
30075111,,0,0.000029,35,0.000013,0,3,3,0,3,3
30047418,,0,0.000077,11,0.000013,0,4,4,0,4,4
29846688,,0,0.000016,11,0.000013,0,1,1,0,1,1
29742103,,0,0.000022,11,0.000013,0,2,2,0,2,2
29399332,,0,0.000134,8,0.000013,0,7,7,0,7,7
29254745,,0,0.000265,35,0.000013,0,7,7,0,7,7
29209094,,0,0.000016,11,0.000013,0,1,1,0,1,1
29198440,,0,0.000375,8,0.000013,0,4,4,0,4,4
28825622,,0,0.00021,11,0.000013,0,2,2,0,2,2
28687786,,0,0.00021,11,0.000013,0,2,2,0,2,2
28673972,,0,0.000026,11,0.000013,0,2,2,0,2,2
28506294,,0,0.000016,11,0.000013,0,1,1,0,1,1
28468824,,0,0.000016,11,0.000013,0,1,1,0,1,1
28157704,,0,0.00021,11,0.000013,0,2,2,0,2,2
28058110,,0,0.000022,11,0.000013,0,2,2,0,2,2
27884703,,0,0.000018,35,0.000013,0,2,2,0,2,2
27870251,,0,0.000016,11,0.000013,0,1,1,0,1,1
27729585,,0,0.000673,11,0.000013,0,6,6,0,6,6
27466228,,0,0.000016,11,0.000013,0,1,1,0,1,1
27351285,,0,0.000152,32,0.000013,0,4,4,0,4,4
27094386,,0,0.00004,8,0.000013,0,4,4,0,4,4
26966246,,0,0.000016,11,0.000013,0,1,1,0,1,1
26825464,,0,0.000093,8,0.000013,0,3,3,0,3,3
26640811,,0,0.000097,8,0.000013,0,4,4,0,4,4
26474416,,0,0.000016,11,0.000013,0,1,1,0,1,1
26430909,,0,0.000287,8,0.000013,0,4,4,0,4,4
26385365,,0,0.000089,11,0.000013,0,2,2,0,2,2
26341555,,0,0.000179,8,0.000013,0,2,2,0,2,2
26194820,,0,0.000338,32,0.000013,0,4,4,0,4,4
25516598,,0,0.000016,11,0.000013,0,1,1,0,1,1
25381364,,0,0.000016,11,0.000013,0,1,1,0,1,1
25190078,,0,0.000258,8,0.000013,0,4,4,0,4,4
25135477,,0,0.000224,8,0.000013,0,4,4,0,4,4
25078778,,0,0.000016,11,0.000013,0,1,1,0,1,1
24998779,,0.000446,0.006566,8,0.000068,22,31,53,22,31,53
24947516,,0,0.000016,11,0.000013,0,1,1,0,1,1
24699063,,0,0.000016,11,0.000013,0,1,1,0,1,1
24465218,,0,0.000016,11,0.000013,0,1,1,0,1,1
24390579,,0,0.000016,11,0.000013,0,1,1,0,1,1
24207054,,0,0.000016,11,0.000013,0,1,1,0,1,1
24192486,,0,0.000016,11,0.000013,0,1,1,0,1,1
24170812,,0,0.000025,11,0.000013,0,3,3,0,3,3
24049073,,0,0.000016,11,0.000013,0,1,1,0,1,1
24026537,,0,0.000016,11,0.000013,0,1,1,0,1,1
24025411,,0,0.00021,23,0.000013,0,2,2,0,2,2
23999858,,0,0.000022,11,0.000013,0,2,2,0,2,2
23998004,,0,0.000227,11,0.000013,0,4,4,0,4,4
23932590,,0,0.000016,11,0.000013,0,1,1,0,1,1
23842644,,0,0.000016,11,0.000013,0,1,1,0,1,1
23813586,,0,0.000016,11,0.000013,0,1,1,0,1,1
23698467,,0,0.000022,11,0.000013,0,2,2,0,2,2
23658231,,0,0.000438,11,0.000013,0,3,3,0,3,3
23516370,,0,0.000016,11,0.000013,0,1,1,0,1,1
23161012,,0,0.000016,11,0.000013,0,1,1,0,1,1
23062727,,0,0.000016,11,0.000013,0,1,1,0,1,1
22912599,,0,0.000016,11,0.000013,0,1,1,0,1,1
22895051,,0,0.000016,11,0.000013,0,1,1,0,1,1
22844101,,0,0.000019,11,0.000013,0,2,2,0,2,2
22828653,,0,0.000218,8,0.000013,0,4,4,0,4,4
22778927,,0,0.000295,23,0.000013,0,5,5,0,5,5
22737580,,0,0.000038,11,0.000013,0,3,3,0,3,3
22615860,,0,0.000022,11,0.000013,0,2,2,0,2,2
22547783,,0,0.000016,11,0.000013,0,1,1,0,1,1
22510687,,0,0.000016,11,0.000013,0,1,1,0,1,1
22392978,,0,0.000016,11,0.000013,0,1,1,0,1,1
22343915,,0,0.000022,11,0.000013,0,2,2,0,2,2
22314235,,0,0.000016,11,0.000013,0,1,1,0,1,1
22219386,,0,0.000126,32,0.000013,0,2,2,0,2,2
22194614,,0,0.000022,11,0.000013,0,2,2,0,2,2
22090425,,0,0.000016,11,0.000013,0,1,1,0,1,1
21880555,,0,0.000016,11,0.000013,0,1,1,0,1,1
21619704,,0,0.000016,11,0.000013,0,1,1,0,1,1
21615334,,0,0.000016,11,0.000013,0,1,1,0,1,1
21527828,,0,0.000022,11,0.000013,0,2,2,0,2,2
21324673,,0,0.000016,11,0.000013,0,1,1,0,1,1
21138837,,0,0.000016,11,0.000013,0,1,1,0,1,1
20730555,,0,0.00002,11,0.000013,0,2,2,0,2,2
20670894,,0,0.00002,11,0.000013,0,2,2,0,2,2
20660481,,0,0.000016,11,0.000013,0,1,1,0,1,1
20407210,,0,0.000217,11,0.000013,0,3,3,0,3,3
20347429,,0,0.000018,11,0.000013,0,2,2,0,2,2
20160754,,0,0.000016,11,0.000013,0,1,1,0,1,1
20057355,,0,0.000016,11,0.000013,0,1,1,0,1,1
19995966,,0,0.000016,11,0.000013,0,1,1,0,1,1
19948885,,0,0.000016,11,0.000013,0,1,1,0,1,1
19633289,,0,0.000016,11,0.000013,0,1,1,0,1,1
19609302,,0,0.000016,11,0.000013,0,1,1,0,1,1
19580815,,0,0.000016,11,0.000013,0,1,1,0,1,1
19465393,,0,0.000022,11,0.000013,0,2,2,0,2,2
19423727,,0,0.000016,11,0.000013,0,1,1,0,1,1
19406929,,0,0.000016,11,0.000013,0,1,1,0,1,1
19405097,,0,0.000027,11,0.000013,0,4,4,0,4,4
19357093,,0,0.000016,11,0.000013,0,1,1,0,1,1
19321451,,0,0.000016,11,0.000013,0,1,1,0,1,1
19270262,,0,0.000016,11,0.000013,0,1,1,0,1,1
19245838,,0,0.000022,11,0.000013,0,2,2,0,2,2
19159486,,0,0.000016,11,0.000013,0,1,1,0,1,1
19158388,,0,0.000016,11,0.000013,0,1,1,0,1,1
19136626,,0,0.000016,11,0.000013,0,1,1,0,1,1
19047147,,0,0.000016,11,0.000013,0,1,1,0,1,1
19015634,,0,0.00021,23,0.000013,0,2,2,0,2,2
18923082,,0,0.000016,11,0.000013,0,1,1,0,1,1
18851838,,0,0.000016,11,0.000013,0,1,1,0,1,1
18843105,,0,0.000016,11,0.000013,0,1,1,0,1,1
18591428,,0,0.000016,11,0.000013,0,1,1,0,1,1
18550849,,0,0.000016,11,0.000013,0,1,1,0,1,1
18475298,,0,0.000016,11,0.000013,0,1,1,0,1,1
18473724,,0,0.000016,11,0.000013,0,1,1,0,1,1
18285517,,0,0.000267,11,0.000013,0,4,4,0,4,4
18174376,,0,0.00021,23,0.000013,0,2,2,0,2,2
18082605,,0,0.000016,11,0.000013,0,1,1,0,1,1
17938197,,0,0.000217,11,0.000013,0,3,3,0,3,3
17507419,,0,0.000016,11,0.000013,0,1,1,0,1,1
17404312,,0,0.000016,11,0.000013,0,1,1,0,1,1
17333336,,0,0.000016,11,0.000013,0,1,1,0,1,1
17206143,,0,0.000016,11,0.000013,0,1,1,0,1,1
17105750,,0,0.000016,11,0.000013,0,1,1,0,1,1
16946306,,0,0.000016,11,0.000013,0,1,1,0,1,1
16738128,,0,0.000016,11,0.000013,0,1,1,0,1,1
16720839,,0,0.000016,11,0.000013,0,1,1,0,1,1
16397136,,0,0.000016,11,0.000013,0,1,1,0,1,1
16269617,,0,0.000016,11,0.000013,0,1,1,0,1,1
16141007,,0.002351,0,51,0.003582,87,0,87,87,0,87
29321669,,0,0.000145,32,0.000013,0,5,5,0,5,5
29301143,,0,0.000254,51,0.000013,0,9,9,0,9,9
29254387,,0,0.000566,51,0.000013,0,9,9,0,9,9
29113170,,0,0.000053,51,0.000013,0,1,1,0,1,1
29069866,,0.00006,0.001271,51,0.000044,6,11,17,6,11,17
28670070,,0,0.000053,51,0.000013,0,1,1,0,1,1
28609837,,0,0.000466,23,0.000013,0,5,5,0,5,5
28608931,,0.000139,0.002398,51,0.000034,8,10,18,8,10,18
28559958,,0,0.000174,2,0.000013,0,6,6,0,6,6
28450803,,0,0.000207,23,0.000013,0,3,3,0,3,3
27865274,,0,0.000333,23,0.000013,0,6,6,0,6,6
27124700,,0,0.000447,23,0.000013,0,7,7,0,7,7
26844259,,0,0.000077,23,0.000013,0,2,2,0,2,2
26484312,,0.000309,0.002083,5,0.000065,19,17,36,19,17,36
26440929,,0.000655,0.001224,51,0.000075,22,8,30,22,8,30
26229410,,0,0.000058,23,0.000013,0,2,2,0,2,2
25960721,,0.000016,0.000818,0,0.00002,2,9,11,2,9,11
25838448,,0.00011,0.000064,22,0.000052,9,3,12,9,3,12
25684935,,0,0.000255,23,0.000013,0,4,4,0,4,4
25645574,,0,0.000259,23,0.000013,0,4,4,0,4,4
25170207,,0,0.000084,23,0.000013,0,3,3,0,3,3
25152581,,0.000116,0.000259,23,0.000088,15,4,19,15,4,19
25101567,,0.000175,0.000169,51,0.000108,14,5,19,14,5,19
25050558,,0,0.000231,0,0.000013,0,9,9,0,9,9
25031786,,0,0.000248,23,0.000013,0,3,3,0,3,3
24484606,,0.000367,0.000227,51,0.000183,39,7,46,39,7,46
24303367,,0,0.000335,51,0.000013,0,6,6,0,6,6
23456555,,0.000158,0.000735,2,0.000064,10,10,20,10,10,20
23303449,,0,0.000053,51,0.000013,0,1,1,0,1,1
23135763,,0.001057,0.000323,23,0.001013,120,5,125,120,5,125
23075238,,0,0.00006,23,0.000013,0,2,2,0,2,2
22429592,,0,0.000053,51,0.000013,0,1,1,0,1,1
22312493,,0,0.000287,23,0.000013,0,3,3,0,3,3
22245846,,0,0.000248,23,0.000013,0,3,3,0,3,3
21633635,,0,0.000224,23,0.000013,0,2,2,0,2,2
21631264,,0,0.000224,23,0.000013,0,2,2,0,2,2
20567579,,0,0.000053,51,0.000013,0,1,1,0,1,1
19461915,,0,0.000116,23,0.000013,0,2,2,0,2,2
19360152,,0,0.000053,51,0.000013,0,1,1,0,1,1
19089664,,0,0.000053,51,0.000013,0,1,1,0,1,1
18577985,,0.001054,0.000077,51,0.000605,35,3,38,35,3,38
18356318,,0,0.000053,51,0.000013,0,1,1,0,1,1
17872573,,0,0.000053,51,0.000013,0,1,1,0,1,1
28545058,,0,0.000002,8,0.000013,0,1,1,0,1,1
26142280,,0,0.000002,8,0.000013,0,1,1,0,1,1
25306921,,0,0.000003,8,0.000013,0,2,2,0,2,2
22951400,,0,0.000002,8,0.000013,0,1,1,0,1,1
30128007,,0,0.00001,2,0.000013,0,2,2,0,2,2
29649263,,0,0.000011,32,0.000013,0,3,3,0,3,3
29113215,,0,0.000294,2,0.000013,0,5,5,0,5,5
28030839,,0,0.000005,29,0.000013,0,2,2,0,2,2
27504877,,0,0.000085,2,0.000013,0,2,2,0,2,2
26057125,,0.000134,0.000266,5,0.000018,3,4,7,3,4,7
23649806,,0,0.000004,2,0.000013,0,1,1,0,1,1
20222996,,0.000043,0.000004,2,0.000022,2,1,3,2,1,3
16168123,,0.000024,0,22,0.000063,2,0,2,2,0,2
29887787,,0,0.000043,0,0.000013,0,5,5,0,5,5
29570247,,0,0.000009,5,0.000013,0,3,3,0,3,3
29254161,,0,0.000007,19,0.000013,0,2,2,0,2,2
26510851,,0.000019,0.000005,19,0.000048,4,1,5,4,1,5
26028963,,0.000007,0.000036,19,0.000033,3,5,8,3,5,8
25759623,,0,0.000005,19,0.000013,0,1,1,0,1,1
24910535,,0,0.000259,32,0.000013,0,3,3,0,3,3
24824314,,0.001628,0.001023,0,0.000174,31,23,54,31,23,54
23517070,,0.000003,0.000042,19,0.000026,2,4,6,2,4,6
21903887,,0,0.000202,19,0.000013,0,2,2,0,2,2
21296025,,0,0.000005,19,0.000013,0,1,1,0,1,1
17593981,,0,0.000005,19,0.000013,0,1,1,0,1,1
29184569,,0,0,8,0.000013,0,1,1,0,1,1
28611389,,0,0,8,0.000013,0,1,1,0,1,1
27064363,,0,0,8,0.000013,0,1,1,0,1,1
25947323,,0,0,8,0.000013,0,1,1,0,1,1
24072514,,0,0,8,0.000013,0,1,1,0,1,1
23567907,,0,0,8,0.000013,0,1,1,0,1,1
20356374,,0,0,8,0.000013,0,1,1,0,1,1
18346777,,0,0,8,0.000013,0,1,1,0,1,1
16199546,,0.000114,0,2,0.000191,13,0,13,13,0,13
25657065,,0,0.000003,2,0.000013,0,1,1,0,1,1
16817944,,0,0.000003,2,0.000013,0,1,1,0,1,1
16280052,,0.000087,0,29,0.000156,12,0,12,12,0,12
24935269,,0,0.000002,29,0.000013,0,1,1,0,1,1
24364541,,0,0.000002,29,0.000013,0,1,1,0,1,1
21332380,,0,0.000002,29,0.000013,0,1,1,0,1,1
18402686,,0,0.000002,29,0.000013,0,1,1,0,1,1
18316559,,0,0.000002,29,0.000013,0,1,1,0,1,1
17044938,,0,0.000002,29,0.000013,0,1,1,0,1,1
16677416,,0,0.000004,29,0.000013,0,2,2,0,2,2
19804603,,0,0.000001,2,0.000013,0,1,1,0,1,1
27099843,,0,0,32,0.000013,0,1,1,0,1,1
24240191,,0,0,32,0.000013,0,1,1,0,1,1
23357869,,0,0,32,0.000013,0,1,1,0,1,1
22517433,,0,0,32,0.000013,0,1,1,0,1,1
21029754,,0,0,32,0.000013,0,1,1,0,1,1
20960203,,0,0,32,0.000013,0,1,1,0,1,1
20805321,,0,0,32,0.000013,0,1,1,0,1,1
20463003,,0,0,32,0.000013,0,1,1,0,1,1
19259423,,0,0,32,0.000013,0,1,1,0,1,1
18573877,,0,0,32,0.000013,0,1,1,0,1,1
18458157,,0,0,32,0.000013,0,1,1,0,1,1
27055113,,0,0,2,0.000013,0,1,1,0,1,1
25741186,,0,0,2,0.000013,0,1,1,0,1,1
22675624,,0,0,2,0.000013,0,1,1,0,1,1
19593396,,0,0.000004,30,0.000013,0,3,3,0,3,3
30065750,,0,0.000021,17,0.000013,0,1,1,0,1,1
29698419,,0,0.000031,17,0.000013,0,4,4,0,4,4
29338080,,0,0.001023,51,0.000013,0,4,4,0,4,4
29017571,,0,0.000327,11,0.000013,0,8,8,0,8,8
28900478,,0,0.000021,17,0.000013,0,1,1,0,1,1
28869585,,0,0.00008,23,0.000013,0,2,2,0,2,2
28824918,,0,0.000041,51,0.000013,0,3,3,0,3,3
28761745,,0,0.000067,17,0.000013,0,2,2,0,2,2
28678401,,0,0.000097,17,0.000013,0,2,2,0,2,2
28487881,,0.000001,0.000247,51,0.000026,2,4,6,2,4,6
28452926,,0,0.000041,51,0.000013,0,2,2,0,2,2
28028375,,0.000001,0.000136,51,0.000016,1,5,6,1,5,6
27926510,,0,0.000528,0,0.000013,0,8,8,0,8,8
27721756,,0,0.000045,17,0.000035,2,3,5,2,3,5
27356891,,0.000004,0.000021,17,0.000014,1,1,2,1,1,2
26856619,,0,0.000021,17,0.000013,0,1,1,0,1,1
26610810,,0,0.000096,10,0.000013,0,6,6,0,6,6
26464424,,0,0.000198,17,0.000013,0,3,3,0,3,3
26150619,,0,0.001133,31,0.000024,1,7,8,1,7,8
25869442,,0,0.001518,23,0.000013,0,9,9,0,9,9
25583476,,0.000591,0.000863,17,0.000286,30,2,32,30,2,32
25212775,,0,0.000021,17,0.000013,0,1,1,0,1,1
25083302,,0,0.000021,17,0.000013,0,1,1,0,1,1
24155760,,0.000561,0.000039,35,0.000038,5,3,8,5,3,8
23091540,,0.000086,0.000024,2,0.000034,5,2,7,5,2,7
23047548,,0.020101,0.025327,31,0.000884,76,9,85,76,9,85
21468218,,0,0.000021,17,0.000013,0,1,1,0,1,1
21256203,,0,0.000025,19,0.000013,0,2,2,0,2,2
21056906,,0,0.000021,17,0.000013,0,1,1,0,1,1
18313025,,0.000013,0.00003,23,0.000172,18,2,20,18,2,20
23877285,,0,0.000001,0,0.000013,0,2,2,0,2,2
23671654,,0,0,23,0.000013,0,1,1,0,1,1
21849470,,0,0,23,0.000013,0,1,1,0,1,1
18773902,,0,0,23,0.000013,0,1,1,0,1,1
25683334,,0.000041,0.0001,22,0.000046,4,5,9,4,5,9
22781088,,0,0.000091,2,0.000013,0,3,3,0,3,3
20032143,,0,0.00008,2,0.000013,0,2,2,0,2,2
29466248,,0,0.000003,11,0.000013,0,3,3,0,3,3
29904587,,0,0.000002,32,0.000013,0,1,1,0,1,1
29866056,,0,0.000002,32,0.000013,0,1,1,0,1,1
28930233,,0,0.000002,32,0.000013,0,1,1,0,1,1
28638498,,0,0.000021,32,0.000013,0,2,2,0,2,2
27766946,,0,0.000002,32,0.000013,0,1,1,0,1,1
27016037,,0,0.000002,32,0.000013,0,1,1,0,1,1
26309132,,0,0.000002,32,0.000013,0,1,1,0,1,1
26252364,,0,0.000002,32,0.000013,0,1,1,0,1,1
25736055,,0,0.00019,32,0.000013,0,3,3,0,3,3
25636033,,0,0.000002,32,0.000013,0,1,1,0,1,1
25485588,,0,0.000034,32,0.000013,0,4,4,0,4,4
25323003,,0,0.000034,32,0.000013,0,4,4,0,4,4
24447199,,0,0.000006,32,0.000013,0,2,2,0,2,2
24375392,,0,0.000002,32,0.000013,0,1,1,0,1,1
24312140,,0,0.000002,32,0.000013,0,1,1,0,1,1
24127581,,0,0.000002,32,0.000013,0,1,1,0,1,1
22814257,,0,0.000002,32,0.000013,0,1,1,0,1,1
22583402,,0,0.000002,32,0.000013,0,1,1,0,1,1
22247744,,0,0.000068,32,0.000013,0,2,2,0,2,2
22073281,,0.002308,0.00034,8,0.000185,22,4,26,22,4,26
21680703,,0,0.000003,30,0.000013,0,2,2,0,2,2
21122939,,0,0.000002,32,0.000013,0,1,1,0,1,1
20980638,,0,0.000002,32,0.000013,0,1,1,0,1,1
20716925,,0,0.000002,32,0.000013,0,1,1,0,1,1
19837944,,0,0.000002,32,0.000013,0,1,1,0,1,1
19721820,,0,0.000002,32,0.000013,0,1,1,0,1,1
19706645,,0,0.000002,32,0.000013,0,1,1,0,1,1
19622773,,0,0.000002,32,0.000013,0,1,1,0,1,1
19364506,,0,0.000002,32,0.000013,0,1,1,0,1,1
18501502,,0,0.000002,32,0.000013,0,1,1,0,1,1
18392054,,0,0.000002,32,0.000013,0,1,1,0,1,1
17916904,,0,0.000002,32,0.000013,0,1,1,0,1,1
19683484,,0,0.000002,29,0.000013,0,1,1,0,1,1
28469042,,0,0.002048,35,0.000013,0,13,13,0,13,13
27835912,,0,0.000246,41,0.000013,0,2,2,0,2,2
27698005,,0,0.000071,2,0.000013,0,2,2,0,2,2
27488874,,0.000678,0.001329,22,0.000029,4,8,12,4,8,12
27058005,,0,0.000734,2,0.000013,0,6,6,0,6,6
26779366,,0,0.000061,2,0.000013,0,1,1,0,1,1
24962108,,0.00001,0.000518,32,0.000047,4,6,10,4,6,10
24789859,,0,0.000061,2,0.000013,0,1,1,0,1,1
22275995,,0,0.000096,2,0.000013,0,3,3,0,3,3
22109874,,0,0.000061,2,0.000013,0,1,1,0,1,1
21629494,,0,0.000061,2,0.000013,0,1,1,0,1,1
21424107,,0.000148,0.001287,32,0.00008,12,4,16,12,4,16
19738611,,0,0.000077,14,0.000013,0,3,3,0,3,3
18320027,,0,0.000061,2,0.000013,0,1,1,0,1,1
16916448,,0.000082,0.000061,5,0.000214,12,1,13,12,1,13
24591997,,0,0.000007,5,0.000013,0,1,1,0,1,1
19684876,,0,0.000189,5,0.000013,0,2,2,0,2,2
19504173,,0,0.000033,5,0.000013,0,2,2,0,2,2
19240799,,0,0.000041,5,0.000013,0,2,2,0,2,2
17047659,,0,0.000007,5,0.000013,0,1,1,0,1,1
17047658,,0,0.000007,5,0.000013,0,1,1,0,1,1
29802286,,0,0.000263,51,0.000013,0,9,9,0,9,9
29665859,,0,0.000893,0,0.000013,0,7,7,0,7,7
29621994,,0,0.000015,5,0.000013,0,2,2,0,2,2
28893223,,0.000001,0.000058,33,0.000015,1,8,9,1,8,9
26727311,,0,0.000212,22,0.000013,0,10,10,0,10,10
24489791,,0.000013,0.000239,22,0.000024,4,10,14,4,10,14
23372765,,0.000197,0.001253,5,0.000047,9,3,12,9,3,12
22464251,,0,0.000254,0,0.000013,0,5,5,0,5,5
22434526,,0,0.000014,33,0.000013,0,1,1,0,1,1
21194473,,0,0.000015,14,0.000013,0,2,2,0,2,2
20921021,,0.000036,0.000041,0,0.000091,9,3,12,9,3,12
20411323,,0.000448,0.000192,5,0.000083,19,3,22,19,3,22
20020529,,0.000032,0.000014,22,0.000042,4,1,5,4,1,5
30024881,,0,0.000782,8,0.000013,0,10,10,0,10,10
29481689,,0,0.000551,8,0.000013,0,10,10,0,10,10
27628236,,0,0.000682,8,0.000013,0,11,11,0,11,11
26276393,,0,0.000035,8,0.000013,0,2,2,0,2,2
26215801,,0,0.000013,8,0.000013,0,1,1,0,1,1
25576484,,0,0.000013,8,0.000013,0,1,1,0,1,1
25165823,,0,0.000013,8,0.000013,0,1,1,0,1,1
24465215,,0,0.000013,8,0.000013,0,1,1,0,1,1
23769192,,0,0.000013,8,0.000013,0,1,1,0,1,1
23100628,,0.000008,0.000516,17,0.000147,14,5,19,14,5,19
22202891,,0,0.000013,8,0.000013,0,1,1,0,1,1
21555554,,0.001052,0.000804,8,0.00053,55,2,57,55,2,57
21552479,,0,0.000013,8,0.000013,0,1,1,0,1,1
21543267,,0,0.000013,8,0.000013,0,1,1,0,1,1
21149701,,0.000044,0.000253,8,0.000197,20,3,23,20,3,23
20871616,,0.002258,0.000454,8,0.000459,56,4,60,56,4,60
19884492,,0,0.000013,8,0.000013,0,1,1,0,1,1
19729509,,0,0.000013,8,0.000013,0,1,1,0,1,1
19605344,,0,0.000013,8,0.000013,0,1,1,0,1,1
19506039,,0,0.000023,8,0.000013,0,2,2,0,2,2
19270307,,0,0.000013,8,0.000013,0,1,1,0,1,1
18416603,,0,0.000013,8,0.000013,0,1,1,0,1,1
18347097,,0,0.000013,8,0.000013,0,1,1,0,1,1
17947332,,0,0.000013,8,0.000013,0,1,1,0,1,1
17523678,,0,0.000013,8,0.000013,0,1,1,0,1,1
28936272,,0,0.002055,2,0.000013,0,11,11,0,11,11
23052947,,0,0.000019,0,0.000013,0,1,1,0,1,1
21918596,,0,0.000052,0,0.000013,0,2,2,0,2,2
20383776,,0,0.000035,17,0.000013,0,3,3,0,3,3
19620486,,0.000006,0.000835,23,0.000026,2,3,5,2,3,5
27246982,,0,0.000196,19,0.000013,0,3,3,0,3,3
18466613,,0,0.000002,19,0.000013,0,1,1,0,1,1
17553133,,0,0.000002,19,0.000013,0,1,1,0,1,1
28426665,,0,0.000005,17,0.000013,0,2,2,0,2,2
16542006,,0,0,17,0.000062,5,0,5,5,0,5
22753356,,0,0,17,0.000013,0,1,1,0,1,1
22389766,,0,0,17,0.000013,0,1,1,0,1,1
20454629,,0,0,17,0.000013,0,1,1,0,1,1
18300938,,0,0,17,0.000013,0,1,1,0,1,1
29504989,,0,0.000002,19,0.000013,0,1,1,0,1,1
28831696,,0,0.00055,19,0.000013,0,9,9,0,9,9
26224004,,0.000108,0.000073,19,0.000062,11,9,20,11,9,20
24377088,,0,0.000638,41,0.000013,0,6,6,0,6,6
24281364,,0,0.000025,19,0.000013,0,3,3,0,3,3
23730757,,0,0.000005,19,0.000013,0,2,2,0,2,2
28391240,,0,0.000022,0,0.000013,0,2,2,0,2,2
24242184,,0,0.000053,0,0.000013,0,3,3,0,3,3
23190577,,0,0.000068,0,0.000013,0,3,3,0,3,3
22280365,,0,0.000009,0,0.000013,0,2,2,0,2,2
22188651,,0,0.00001,0,0.000013,0,3,3,0,3,3
21424380,,0,0.000215,23,0.000013,0,3,3,0,3,3
20106545,,0,0.000024,0,0.000013,0,4,4,0,4,4
19153073,,0.000115,0.000008,33,0.000423,44,2,46,44,2,46
19074869,,0,0.000041,0,0.000127,11,4,15,11,4,15
18681954,,0,0.000007,0,0.000013,0,1,1,0,1,1
17903305,,0,0.000201,23,0.000013,0,2,2,0,2,2
30283335,,0,0,14,0.000013,0,2,2,0,2,2
26559253,,0,0,14,0.000013,0,1,1,0,1,1
26301412,,0,0.000098,14,0.000013,0,4,4,0,4,4
25157349,,0,0,14,0.000013,0,1,1,0,1,1
27881737,,0,0.000614,19,0.000013,0,5,5,0,5,5
25690937,,0.000015,0.000116,28,0.00004,7,4,11,7,4,11
23963114,,0,0.000003,0,0.000013,0,1,1,0,1,1
23949920,,0,0.000003,0,0.000013,0,1,1,0,1,1
23308200,,0,0.000005,0,0.000013,0,2,2,0,2,2
23217244,,0,0.000003,0,0.000013,0,1,1,0,1,1
22915751,,0,0.000007,0,0.000013,0,3,3,0,3,3
22695343,,0,0.000003,0,0.000013,0,1,1,0,1,1
22662240,,0,0.000003,0,0.000013,0,1,1,0,1,1
22135625,,0,0.000058,0,0.000013,0,3,3,0,3,3
21396117,,0,0.000044,0,0.000013,0,2,2,0,2,2
21336637,,0,0.000499,0,0.000013,0,2,2,0,2,2
20941507,,0,0.000007,35,0.000013,0,2,2,0,2,2
19190334,,0,0.000003,0,0.000013,0,1,1,0,1,1
18779610,,0,0.000176,0,0.000013,0,4,4,0,4,4
28472603,,0,0.000005,5,0.000013,0,2,2,0,2,2
16612057,,0.000031,0,5,0.000145,10,0,10,10,0,10
27586379,,0,0.000001,5,0.000013,0,1,1,0,1,1
23598841,,0,0.000015,5,0.000013,0,2,2,0,2,2
22276070,,0,0.000001,5,0.000013,0,1,1,0,1,1
21731059,,0,0.000001,5,0.000013,0,1,1,0,1,1
21358336,,0.000635,0.000095,5,0.00032,61,4,65,61,4,65
16418597,,0,0.000001,5,0.000013,0,1,1,0,1,1
29116468,,0,0.000223,0,0.000013,0,6,6,0,6,6
27651551,,0,0.000023,0,0.000013,0,1,1,0,1,1
27413552,,0,0.00008,33,0.000013,0,4,4,0,4,4
26172878,,0,0.000023,0,0.000013,0,1,1,0,1,1
25713150,,0,0.000023,0,0.000013,0,1,1,0,1,1
24477977,,0,0.000027,0,0.000013,0,3,3,0,3,3
24327995,,0,0.000023,0,0.000013,0,1,1,0,1,1
23006497,,0,0.000053,0,0.000013,0,3,3,0,3,3
22947396,,0,0.000023,0,0.000013,0,1,1,0,1,1
21422863,,0,0.000023,0,0.000013,0,1,1,0,1,1
19174449,,0,0.000023,0,0.000013,0,1,1,0,1,1
18061512,,0,0.000023,0,0.000013,0,1,1,0,1,1
28413448,,0,0,26,0.000013,0,1,1,0,1,1
22792269,,0,0,26,0.000013,0,1,1,0,1,1
20226061,,0,0,26,0.000013,0,1,1,0,1,1
19486517,,0,0,26,0.000013,0,1,1,0,1,1
18642290,,0,0,26,0.000013,0,1,1,0,1,1
29750086,,0,0,10,0.000013,0,1,1,0,1,1
29449618,,0,0,10,0.000013,0,1,1,0,1,1
28664150,,0,0,10,0.000013,0,1,1,0,1,1
28094323,,0,0,10,0.000013,0,1,1,0,1,1
28039167,,0,0,10,0.000013,0,1,1,0,1,1
27824142,,0,0,10,0.000013,0,1,1,0,1,1
27294121,,0,0,10,0.000013,0,1,1,0,1,1
26579796,,0,0,10,0.000013,0,1,1,0,1,1
26527528,,0,0,10,0.000013,0,1,1,0,1,1
26491354,,0,0,10,0.000013,0,1,1,0,1,1
25785002,,0,0,10,0.000013,0,1,1,0,1,1
25763929,,0,0.000001,10,0.000013,0,2,2,0,2,2
24386251,,0,0,10,0.000013,0,1,1,0,1,1
24267921,,0,0,10,0.000013,0,1,1,0,1,1
24101192,,0,0,10,0.000013,0,1,1,0,1,1
23755158,,0.000017,0.000209,10,0.000186,19,4,23,19,4,23
23641305,,0,0,10,0.000013,0,1,1,0,1,1
23593297,,0,0,10,0.000013,0,1,1,0,1,1
23593148,,0,0,10,0.000013,0,1,1,0,1,1
23039364,,0,0,10,0.000013,0,1,1,0,1,1
22823061,,0,0,10,0.000013,0,1,1,0,1,1
21860737,,0,0,10,0.000013,0,1,1,0,1,1
21655367,,0,0.000002,10,0.000013,0,2,2,0,2,2
21566726,,0,0,10,0.000013,0,1,1,0,1,1
20860802,,0,0,10,0.000013,0,1,1,0,1,1
19412175,,0,0.000003,10,0.000013,0,2,2,0,2,2
19336415,,0,0,10,0.000013,0,1,1,0,1,1
19208188,,0,0,10,0.000013,0,1,1,0,1,1
19199618,,0,0,10,0.000013,0,1,1,0,1,1
18992148,,0,0,10,0.000013,0,1,1,0,1,1
18194538,,0,0,10,0.000013,0,1,1,0,1,1
18037162,,0,0,10,0.000013,0,1,1,0,1,1
17683639,,0,0,10,0.000013,0,1,1,0,1,1
17567920,,0,0,10,0.000013,0,1,1,0,1,1
17033960,,0,0,10,0.000013,0,1,1,0,1,1
30061624,,0,0.000003,11,0.000013,0,1,1,0,1,1
16675878,,0.000123,0,11,0.0003,44,0,44,44,0,44
29741737,,0,0.000003,11,0.000013,0,1,1,0,1,1
29481998,,0,0.000003,11,0.000013,0,1,1,0,1,1
28717661,,0,0.00008,8,0.000013,0,4,4,0,4,4
27121516,,0,0.000003,11,0.000013,0,1,1,0,1,1
25662766,,0,0.000003,11,0.000013,0,1,1,0,1,1
25340704,,0,0.000166,11,0.000013,0,2,2,0,2,2
25237197,,0,0.000431,11,0.000013,0,6,6,0,6,6
24794262,,0,0.000003,11,0.000013,0,1,1,0,1,1
24349332,,0,0.000003,11,0.000013,0,1,1,0,1,1
22701786,,0,0.000003,11,0.000013,0,1,1,0,1,1
22090717,,0,0.000003,11,0.000013,0,1,1,0,1,1
21930984,,0,0.000003,11,0.000013,0,1,1,0,1,1
21282347,,0,0.000003,11,0.000013,0,1,1,0,1,1
20518486,,0,0.000003,11,0.000013,0,1,1,0,1,1
20461087,,0,0.000003,11,0.000013,0,1,1,0,1,1
19129219,,0,0.000003,11,0.000013,0,1,1,0,1,1
19114129,,0,0.000003,51,0.000013,0,2,2,0,2,2
19001603,,0,0.000003,11,0.000013,0,1,1,0,1,1
18684868,,0,0.000003,11,0.000013,0,1,1,0,1,1
18083760,,0,0.000003,11,0.000013,0,1,1,0,1,1
27752289,,0,0.000001,27,0.000013,0,1,1,0,1,1
26613077,,0,0.000483,27,0.000013,0,2,2,0,2,2
26378051,,0.000059,0.000498,27,0.000044,5,3,8,5,3,8
25836596,,0.000073,0.00062,29,0.000059,12,3,15,12,3,15
25530743,,0,0.000001,27,0.000013,0,1,1,0,1,1
24748104,,0,0.000001,27,0.00004,3,1,4,3,1,4
23918601,,0,0.000001,27,0.000013,0,1,1,0,1,1
23077482,,0,0.000001,27,0.000013,0,1,1,0,1,1
23047605,,0,0.000001,27,0.000013,0,1,1,0,1,1
22629442,,0,0.000001,27,0.000013,0,1,1,0,1,1
22568983,,0,0.000001,27,0.000013,0,1,1,0,1,1
22042555,,0,0.000001,27,0.000013,0,1,1,0,1,1
21778829,,0,0.000001,27,0.000013,0,1,1,0,1,1
21521946,,0,0.000001,27,0.000013,0,1,1,0,1,1
21209778,,0,0.000001,27,0.000013,0,1,1,0,1,1
20885788,,0,0.0001,27,0.000013,0,2,2,0,2,2
20835983,,0,0.000001,27,0.000013,0,1,1,0,1,1
20160967,,0,0.000001,27,0.000013,0,1,1,0,1,1
20019834,,0,0.000001,27,0.000013,0,1,1,0,1,1
19091631,,0,0.000001,27,0.000013,0,1,1,0,1,1
18594537,,0,0.000001,27,0.000013,0,1,1,0,1,1
18408720,,0,0.000001,27,0.000013,0,1,1,0,1,1
28860160,,0.000143,0.000559,8,0.000017,4,5,9,4,5,9
28481221,,0,0.000524,29,0.000013,0,5,5,0,5,5
25883215,,0.000037,0.000916,32,0.000034,5,5,10,5,5,10
24240700,,0.009772,0.02351,32,0.000256,52,7,59,52,7,59
22733811,,0,0.000055,8,0.000013,0,2,2,0,2,2
20871615,,0.005582,0.000943,8,0.000657,92,10,102,92,10,102
20545304,,0,0.000044,8,0.000013,0,1,1,0,1,1
20515430,,0,0.000116,8,0.000013,0,2,2,0,2,2
20049735,,0.017223,0.00016,32,0.019461,188,2,190,188,2,190
19609323,,0.002201,0.001351,8,0.000365,49,6,55,49,6,55
29487568,,0,0.000002,17,0.000013,0,1,1,0,1,1
29370121,,0,0.000002,17,0.000013,0,1,1,0,1,1
28967904,,0,0.000002,17,0.000013,0,1,1,0,1,1
28739589,,0,0.000002,17,0.000013,0,1,1,0,1,1
28181565,,0,0.000008,17,0.000013,0,2,2,0,2,2
27863399,,0,0.000002,17,0.000013,0,1,1,0,1,1
27713227,,0,0.000002,17,0.000013,0,1,1,0,1,1
27222311,,0,0.000008,17,0.000013,0,2,2,0,2,2
25994375,,0.000026,0.001796,0,0.000052,6,11,17,6,11,17
25884493,,0,0.000002,17,0.000013,0,1,1,0,1,1
25430685,,0,0.000002,17,0.000013,0,1,1,0,1,1
25225571,,0,0.000002,17,0.000013,0,1,1,0,1,1
25010205,,0.00006,0.000002,32,0.000736,72,1,73,72,1,73
24603722,,0,0.000002,17,0.000013,0,1,1,0,1,1
23900982,,0,0.000002,17,0.000013,0,1,1,0,1,1
23349013,,0,0.000014,14,0.000013,0,2,2,0,2,2
22899653,,0,0.000002,17,0.000013,0,1,1,0,1,1
22761665,,0,0.000002,17,0.000013,0,1,1,0,1,1
21304900,,0,0.000002,17,0.000013,0,1,1,0,1,1
21303977,,0,0.000002,17,0.000013,0,1,1,0,1,1
21296743,,0,0.000002,17,0.000013,0,1,1,0,1,1
20445798,,0,0.000002,17,0.000013,0,1,1,0,1,1
20385987,,0,0.000002,17,0.000013,0,1,1,0,1,1
20106900,,0,0.000002,17,0.000013,0,1,1,0,1,1
19956425,,0,0.000002,17,0.000013,0,1,1,0,1,1
19390575,,0,0.000002,17,0.000013,0,1,1,0,1,1
18828895,,0,0.000002,17,0.000013,0,1,1,0,1,1
18757527,,0,0.000002,17,0.000013,0,1,1,0,1,1
18715499,,0,0.000002,17,0.000013,0,1,1,0,1,1
18673292,,0,0.000002,17,0.000013,0,1,1,0,1,1
17895998,,0,0.000002,17,0.000013,0,1,1,0,1,1
17597095,,0,0.000002,17,0.000013,0,1,1,0,1,1
17589952,,0,0.000002,17,0.000013,0,1,1,0,1,1
17020920,,0,0.000002,17,0.000013,0,1,1,0,1,1
24811120,,0,0.000106,8,0.000013,0,5,5,0,5,5
23161755,,0.000013,0.000014,70,0.000109,10,2,12,10,2,12
29292755,,0,0.000254,0,0.000013,0,3,3,0,3,3
26941572,,0,0.000006,0,0.000013,0,2,2,0,2,2
26241669,,0,0.000464,0,0.000013,0,5,5,0,5,5
21346931,,0,0.000003,0,0.000013,0,1,1,0,1,1
19503599,,0,0.000003,0,0.000013,0,1,1,0,1,1
18568368,,0,0.000003,0,0.000013,0,1,1,0,1,1
18480049,,0,0.000006,0,0.000013,0,2,2,0,2,2
30279435,,0,0.000001,33,0.000013,0,1,1,0,1,1
16773567,,0.000044,0,33,0.000943,71,0,71,71,0,71
29456549,,0,0.000001,33,0.000013,0,1,1,0,1,1
28387368,,0,0.000001,33,0.000013,0,1,1,0,1,1
28140401,,0,0.000001,33,0.000013,0,1,1,0,1,1
27462375,,0,0.000001,33,0.000013,0,1,1,0,1,1
27122015,,0,0.000001,33,0.000013,0,1,1,0,1,1
27089098,,0,0.000001,33,0.000013,0,1,1,0,1,1
26789724,,0,0.000001,33,0.000013,0,1,1,0,1,1
26244889,,0,0.000001,33,0.000013,0,1,1,0,1,1
26030274,,0,0.000001,33,0.000013,0,1,1,0,1,1
25556821,,0,0.000001,33,0.000013,0,1,1,0,1,1
25543204,,0,0.000004,33,0.000013,0,2,2,0,2,2
25391845,,0,0.000001,33,0.000013,0,1,1,0,1,1
25327398,,0,0.000001,33,0.000013,0,1,1,0,1,1
25298744,,0,0.000001,33,0.000013,0,1,1,0,1,1
25104619,,0,0.000001,33,0.000013,0,1,1,0,1,1
25003289,,0,0.000001,33,0.000013,0,1,1,0,1,1
24923457,,0,0.000001,33,0.000013,0,1,1,0,1,1
24780920,,0,0.000001,33,0.000013,0,1,1,0,1,1
24342859,,0,0.000001,33,0.000013,0,1,1,0,1,1
24273195,,0,0.000001,33,0.000013,0,1,1,0,1,1
23996961,,0,0.000001,33,0.000013,0,1,1,0,1,1
23856356,,0,0.000001,33,0.000013,0,1,1,0,1,1
23792949,,0,0.000001,33,0.000013,0,1,1,0,1,1
23764993,,0,0.000001,33,0.000013,0,1,1,0,1,1
23750642,,0,0.000001,33,0.000013,0,1,1,0,1,1
23234572,,0,0.000001,33,0.000013,0,1,1,0,1,1
23174095,,0,0.000001,33,0.000013,0,1,1,0,1,1
23155458,,0,0.000001,33,0.000013,0,1,1,0,1,1
23130832,,0,0.000001,33,0.000013,0,1,1,0,1,1
23125956,,0,0.000001,33,0.000013,0,1,1,0,1,1
23071498,,0,0.000001,33,0.000013,0,1,1,0,1,1
23044827,,0,0.001887,31,0.000013,0,5,5,0,5,5
23028365,,0,0.000001,33,0.000013,0,1,1,0,1,1
22984615,,0,0.000001,33,0.000013,0,1,1,0,1,1
22495928,,0,0.000001,33,0.000013,0,1,1,0,1,1
22470404,,0,0.000001,33,0.000013,0,1,1,0,1,1
22313030,,0,0.000001,33,0.000013,0,1,1,0,1,1
22290605,,0,0.000001,33,0.000013,0,1,1,0,1,1
22267841,,0,0.000001,33,0.000013,0,1,1,0,1,1
22035967,,0,0.000001,33,0.000013,0,1,1,0,1,1
21948560,,0,0.000001,33,0.000013,0,1,1,0,1,1
21884617,,0,0.000001,33,0.000013,0,1,1,0,1,1
21541011,,0,0.000001,33,0.000013,0,1,1,0,1,1
21484196,,0,0.000001,33,0.000013,0,1,1,0,1,1
21482442,,0,0.000001,33,0.000013,0,1,1,0,1,1
21278160,,0,0.000001,33,0.000013,0,1,1,0,1,1
21060777,,0,0.000001,33,0.000013,0,1,1,0,1,1
21044947,,0,0.000001,33,0.000013,0,1,1,0,1,1
20971919,,0,0.000001,33,0.000013,0,1,1,0,1,1
20685756,,0,0.000001,33,0.000013,0,1,1,0,1,1
20620140,,0,0.000001,33,0.000013,0,1,1,0,1,1
20518699,,0,0.000001,33,0.000013,0,1,1,0,1,1
20497546,,0,0.000001,33,0.000013,0,1,1,0,1,1
20495664,,0,0.000001,33,0.000013,0,1,1,0,1,1
20100941,,0,0.000001,33,0.000013,0,1,1,0,1,1
20041141,,0,0.000001,33,0.000013,0,1,1,0,1,1
19838307,,0,0.000001,33,0.000013,0,1,1,0,1,1
19783603,,0,0.000001,33,0.000013,0,1,1,0,1,1
19774229,,0,0.000001,33,0.000013,0,1,1,0,1,1
19687144,,0,0.000001,33,0.000013,0,1,1,0,1,1
19503609,,0,0.000001,33,0.000013,0,1,1,0,1,1
19139055,,0,0.000001,33,0.000013,0,1,1,0,1,1
18628954,,0,0.000001,33,0.000013,0,1,1,0,1,1
18612301,,0,0.000001,33,0.000013,0,1,1,0,1,1
18397301,,0,0.000001,33,0.000013,0,1,1,0,1,1
18319075,,0,0.000001,33,0.000013,0,1,1,0,1,1
18074014,,0,0.000001,33,0.000013,0,1,1,0,1,1
17949945,,0,0.000001,33,0.000013,0,1,1,0,1,1
17878930,,0,0.000001,33,0.000013,0,1,1,0,1,1
18389253,,0,0,30,0.000013,0,1,1,0,1,1
29739757,,0,0.000568,23,0.000013,0,10,10,0,10,10
29712865,,0,0.001454,8,0.000013,0,8,8,0,8,8
29238724,,0,0.000013,11,0.000013,0,1,1,0,1,1
29222241,,0,0.000013,11,0.000013,0,2,2,0,2,2
29167174,,0,0.000013,11,0.000013,0,2,2,0,2,2
29051281,,0,0.000013,11,0.000013,0,1,1,0,1,1
28533057,,0,0.000013,11,0.000013,0,1,1,0,1,1
28115275,,0,0.000013,11,0.000013,0,1,1,0,1,1
27929686,,0,0.000014,11,0.000013,0,3,3,0,3,3
26990772,,0.000033,0.000598,8,0.000015,2,9,11,2,9,11
26846091,,0,0.000013,11,0.000013,0,1,1,0,1,1
26835356,,0,0.000013,11,0.000013,0,1,1,0,1,1
26834852,,0,0.000054,8,0.000016,1,2,3,1,2,3
26724991,,0,0.000013,11,0.000013,0,2,2,0,2,2
26681308,,0,0.000114,8,0.000013,0,3,3,0,3,3
26253028,,0,0.000751,8,0.000013,0,7,7,0,7,7
26183081,,0.000001,0.000015,11,0.000062,6,4,10,6,4,10
26106590,,0,0.000013,11,0.000013,0,1,1,0,1,1
25455269,,0.000072,0.000013,11,0.000171,26,3,29,26,3,29
25263539,,0,0.002006,8,0.000013,0,14,14,0,14,14
25227706,,0,0.000508,11,0.000013,0,2,2,0,2,2
24489863,,0.00004,0.001143,11,0.000026,5,7,12,5,7,12
24389050,,0,0.000463,29,0.000013,0,2,2,0,2,2
24246701,,0,0.000049,11,0.000013,0,5,5,0,5,5
23767878,,0.00004,0.000123,35,0.000028,4,2,6,4,2,6
23653579,,0.000006,0.000013,11,0.000153,12,1,13,12,1,13
23165726,,0,0.000013,11,0.000013,0,1,1,0,1,1
21846383,,0,0.000013,11,0.000013,0,1,1,0,1,1
20858716,,0.003352,0.00088,23,0.000354,56,13,69,56,13,69
20507306,,0,0.000013,11,0.000013,0,1,1,0,1,1
20425471,,0,0.000013,11,0.000013,0,1,1,0,1,1
20417588,,0,0.000013,11,0.000013,0,1,1,0,1,1
19660449,,0,0.000013,11,0.000013,0,1,1,0,1,1
30049288,,0,0.000068,33,0.000013,0,2,2,0,2,2
29938573,,0,0.000116,8,0.000013,0,3,3,0,3,3
29693332,,0,0.000041,33,0.000013,0,1,1,0,1,1
29541423,,0,0.000041,33,0.000013,0,1,1,0,1,1
29391830,,0,0.000204,31,0.000013,0,3,3,0,3,3
29229672,,0,0.000041,33,0.000013,0,1,1,0,1,1
29217907,,0,0.000041,33,0.000013,0,1,1,0,1,1
28968398,,0,0.000041,33,0.000013,0,1,1,0,1,1
28881597,,0,0.000275,2,0.000013,0,6,6,0,6,6
28685150,,0,0.000175,33,0.000013,0,2,2,0,2,2
28434943,,0,0.000041,33,0.000013,0,1,1,0,1,1
28403857,,0,0.000081,33,0.000013,0,3,3,0,3,3
27959926,,0.000559,0.022897,31,0.00011,14,6,20,14,6,20
27747088,,0.000065,0.004684,51,0.000019,3,31,34,3,31,34
27666291,,0,0.000042,28,0.000013,0,3,3,0,3,3
27293554,,0,0.000041,33,0.000013,0,1,1,0,1,1
26979459,,0.000003,0.00014,33,0.000058,5,2,7,5,2,7
26967246,,0,0.000913,2,0.000013,0,9,9,0,9,9
26807247,,0,0.000082,1,0.000013,0,2,2,0,2,2
26643130,,0,0.000147,31,0.000013,0,2,2,0,2,2
26438025,,0,0.000041,33,0.000013,0,1,1,0,1,1
26392358,,0,0.000043,33,0.000013,0,2,2,0,2,2
26268938,,0.001003,0.005784,32,0.000233,48,22,70,48,22,70
25692096,,0,0.000041,33,0.000013,0,1,1,0,1,1
25616998,,0.000567,0.001234,33,0.000039,6,6,12,6,6,12
25606572,,0,0.000041,33,0.000013,0,1,1,0,1,1
25421674,,0,0.000079,33,0.000013,0,2,2,0,2,2
25403427,,0,0.000083,33,0.000013,0,3,3,0,3,3
24977105,,0,0.000041,33,0.000013,0,1,1,0,1,1
24622770,,0,0.000041,33,0.000013,0,1,1,0,1,1
24191908,,0,0.000948,33,0.000013,0,4,4,0,4,4
24171172,,0.00001,0.000062,10,0.000056,5,4,9,5,4,9
24096489,,0,0.000041,33,0.000013,0,1,1,0,1,1
23054610,,0,0.000041,33,0.000013,0,1,1,0,1,1
22956504,,0,0.000041,33,0.000013,0,1,1,0,1,1
22935141,,0,0.000041,33,0.000013,0,1,1,0,1,1
22423979,,0,0.00059,33,0.000013,0,3,3,0,3,3
22419895,,0,0.000041,33,0.000013,0,1,1,0,1,1
22016618,,0,0.000041,33,0.000013,0,1,1,0,1,1
21672285,,0,0.000041,33,0.000013,0,1,1,0,1,1
21430268,,0,0.000041,33,0.000013,0,1,1,0,1,1
21212030,,0,0.00008,33,0.000013,0,3,3,0,3,3
21169070,,0,0.00008,33,0.000013,0,3,3,0,3,3
20610549,,0,0.000041,33,0.000013,0,1,1,0,1,1
20407015,,0.000515,0.000041,41,0.000224,21,1,22,21,1,22
19921426,,0,0.000041,33,0.000013,0,1,1,0,1,1
19644562,,0,0.000041,33,0.000013,0,1,1,0,1,1
19452229,,0,0.000056,33,0.000013,0,2,2,0,2,2
19072646,,0,0.000041,33,0.000013,0,1,1,0,1,1
18997820,,0,0.000041,33,0.000013,0,1,1,0,1,1
17939862,,0,0.000041,33,0.000013,0,1,1,0,1,1
17922032,,0,0.000041,33,0.000013,0,1,1,0,1,1
29184099,,0,0.000523,31,0.000013,0,6,6,0,6,6
16880780,,0.000094,0,29,0.000081,11,0,11,11,0,11
29109259,,0,0.000003,29,0.000013,0,2,2,0,2,2
29093438,,0,0.000002,29,0.000013,0,1,1,0,1,1
26861772,,0,0.000003,29,0.000013,0,2,2,0,2,2
26106036,,0,0.000479,29,0.000013,0,4,4,0,4,4
23750209,,0,0.000002,29,0.000013,0,1,1,0,1,1
21295272,,0,0.000002,29,0.000013,0,1,1,0,1,1
21059815,,0,0.000002,29,0.000013,0,1,1,0,1,1
27907204,,0,0,11,0.000013,0,1,1,0,1,1
25076963,,0,0,11,0.000013,0,1,1,0,1,1
21670593,,0,0,11,0.000013,0,1,1,0,1,1
20430016,,0,0,11,0.000013,0,1,1,0,1,1
25598768,,0,0.000041,10,0.000013,0,2,2,0,2,2
21248744,,0.000029,0.000011,2,0.000024,4,3,7,4,3,7
19523210,,0.000061,0.000019,0,0.000072,9,2,11,9,2,11
19088722,,0.00038,0.000006,2,0.000128,25,1,26,25,1,26
26784176,,0,0.000831,51,0.000013,0,5,5,0,5,5
25470112,,0,0.00001,8,0.000013,0,1,1,0,1,1
21779174,,0,0.000578,8,0.000013,0,7,7,0,7,7
21647941,,0,0.000305,8,0.000013,0,4,4,0,4,4
18042714,,0,0.00001,8,0.000013,0,1,1,0,1,1
24821458,,0,0.000002,5,0.000013,0,2,2,0,2,2
23984098,,0,0.000002,5,0.000013,0,2,2,0,2,2
22788119,,0,0.000002,5,0.000013,0,1,1,0,1,1
21691207,,0.000003,0.000002,5,0.000059,8,1,9,8,1,9
21467941,,0,0.000002,5,0.000013,0,1,1,0,1,1
18371194,,0,0.000196,5,0.000013,0,2,2,0,2,2
30245752,,0,0,20,0.000013,0,1,1,0,1,1
16945136,,0.000001,0,20,0.000318,29,0,29,29,0,29
30188935,,0,0,20,0.000013,0,1,1,0,1,1
30008961,,0,0,20,0.000013,0,1,1,0,1,1
29900989,,0,0,20,0.000013,0,1,1,0,1,1
29411539,,0,0,20,0.000013,0,1,1,0,1,1
29398562,,0,0,20,0.000013,0,1,1,0,1,1
28587495,,0,0,20,0.000013,0,1,1,0,1,1
28386271,,0,0,20,0.000013,0,1,1,0,1,1
28087256,,0,0,20,0.000013,0,1,1,0,1,1
26446998,,0,0,20,0.000013,0,1,1,0,1,1
26007340,,0,0,20,0.000013,0,1,1,0,1,1
25416100,,0,0.000014,20,0.000013,0,2,2,0,2,2
24740004,,0,0,20,0.000013,0,1,1,0,1,1
24437375,,0,0,20,0.000013,0,1,1,0,1,1
24058403,,0,0,20,0.000013,0,1,1,0,1,1
24039907,,0,0.000022,20,0.000013,0,2,2,0,2,2
23259684,,0,0,20,0.000013,0,1,1,0,1,1
22982047,,0,0,20,0.000013,0,1,1,0,1,1
22964634,,0,0,20,0.000013,0,1,1,0,1,1
22593803,,0,0,20,0.000013,0,1,1,0,1,1
21087145,,0,0,20,0.000013,0,1,1,0,1,1
21052528,,0,0,20,0.000013,0,1,1,0,1,1
20477822,,0,0,20,0.000013,0,1,1,0,1,1
19826042,,0,0,20,0.000013,0,1,1,0,1,1
19428448,,0,0,20,0.000013,0,1,1,0,1,1
19289153,,0,0,20,0.000013,0,1,1,0,1,1
18821846,,0,0,20,0.000013,0,1,1,0,1,1
18682580,,0,0,20,0.000013,0,1,1,0,1,1
17587443,,0,0,20,0.000013,0,1,1,0,1,1
29774317,,0,0.000045,2,0.000013,0,9,9,0,9,9
27514839,,0,0.001693,22,0.000013,0,14,14,0,14,14
26152678,,0,0.000018,2,0.000013,0,2,2,0,2,2
19566914,,0,0.000003,2,0.000013,0,1,1,0,1,1
19168852,,0,0.000003,2,0.000013,0,1,1,0,1,1
18252213,,0,0.000003,2,0.000013,0,1,1,0,1,1
29623263,,0,0.000857,51,0.000013,0,6,6,0,6,6
28383487,,0,0.00045,23,0.000013,0,7,7,0,7,7
28347313,,0,0.000002,2,0.000013,0,1,1,0,1,1
26989465,,0,0.000002,2,0.000013,0,1,1,0,1,1
26425543,,0,0.000002,2,0.000013,0,1,1,0,1,1
24959366,,0,0.00052,2,0.000035,2,4,6,2,4,6
24713777,,0,0.000002,2,0.000013,0,1,1,0,1,1
23152778,,0,0.000002,2,0.000013,0,1,1,0,1,1
22446714,,0,0.000002,2,0.000013,0,1,1,0,1,1
21960811,,0,0.000002,2,0.000013,0,1,1,0,1,1
21611088,,0,0.000389,2,0.000013,0,2,2,0,2,2
21547248,,0,0.000002,2,0.000013,0,1,1,0,1,1
21468009,,0,0.000002,2,0.000013,0,1,1,0,1,1
29805046,,0,0.000003,22,0.000013,0,2,2,0,2,2
21633318,,0,0.000174,23,0.000013,0,2,2,0,2,2
19770520,,0.001675,0.000131,22,0.000269,29,3,32,29,3,32
24448499,,0.011742,0.023137,5,0.00033,60,5,65,60,5,65
23761956,,0,0.000514,28,0.000013,0,3,3,0,3,3
23301075,,0,0.000013,0,0.000013,0,1,1,0,1,1
20861269,,0,0.000013,0,0.000013,0,1,1,0,1,1
19451652,,0,0.000013,0,0.000013,0,1,1,0,1,1
29107353,,0,0.000004,30,0.000013,0,1,1,0,1,1
17016484,,0.000184,0,30,0.000228,25,0,25,25,0,25
28138893,,0,0.000025,5,0.000013,0,3,3,0,3,3
27725679,,0,0.000004,30,0.000013,0,1,1,0,1,1
25559398,,0,0.000004,30,0.000013,0,1,1,0,1,1
25086548,,0,0.000004,30,0.000013,0,2,2,0,2,2
24959552,,0,0.000004,30,0.000013,0,1,1,0,1,1
24247482,,0,0.000008,30,0.000013,0,2,2,0,2,2
23074406,,0.00006,0.000004,2,0.000051,6,1,7,6,1,7
23031619,,0,0.000004,30,0.000013,0,2,2,0,2,2
21241473,,0,0.000004,30,0.000013,0,1,1,0,1,1
19727744,,0,0.000004,30,0.000013,0,1,1,0,1,1
19277668,,0,0.000004,30,0.000013,0,1,1,0,1,1
19144138,,0,0.000004,30,0.000013,0,1,1,0,1,1
18852075,,0,0.000004,30,0.000013,0,1,1,0,1,1
17475915,,0,0.000016,2,0.000013,0,2,2,0,2,2
21479187,,0,0.000007,2,0.000013,0,1,1,0,1,1
17697367,,0.000068,0.000202,0,0.000166,20,2,22,20,2,22
29785135,,0,0.000018,2,0.000018,1,8,9,1,8,9
26577449,,0.000066,0.000238,2,0.000031,5,11,16,5,11,16
25763229,,0,0.000005,2,0.000013,0,1,1,0,1,1
24502646,,0.000019,0.00001,1,0.000065,6,2,8,6,2,8
24465095,,0,0.000005,2,0.000013,0,1,1,0,1,1
20459777,,0,0.000005,2,0.000013,0,1,1,0,1,1
17397524,,0,0.000005,2,0.000013,0,1,1,0,1,1
27763633,,0,0.000071,5,0.000013,0,6,6,0,6,6
26727092,,0,0.000005,5,0.000013,0,1,1,0,1,1
24690515,,0.000613,0.000587,5,0.000027,4,8,12,4,8,12
20234119,,0.00002,0.000005,5,0.000217,11,2,13,11,2,13
20200423,,0,0.000031,5,0.000013,0,3,3,0,3,3
20014126,,0.000062,0.000048,5,0.000065,7,4,11,7,4,11
19214961,,0.000225,0.0005,5,0.000132,23,2,25,23,2,25
29507082,,0,0.000032,2,0.000013,0,2,2,0,2,2
28202063,,0,0.000319,2,0.000013,0,11,11,0,11,11
28184943,,0,0.000537,2,0.000013,0,11,11,0,11,11
24594998,,0,0.00005,5,0.000013,0,3,3,0,3,3
23448362,,0,0.000053,0,0.000013,0,3,3,0,3,3
19664195,,0,0.000012,2,0.000013,0,1,1,0,1,1
17673443,,0.000165,0.000012,2,0.000041,10,1,11,10,1,11
17673441,,0,0.000012,2,0.000013,0,1,1,0,1,1
17551082,,0,0.000012,2,0.000013,0,1,1,0,1,1
17400795,,0,0.000012,2,0.000013,0,1,1,0,1,1
30208972,,0,0.000125,41,0.000013,0,1,1,0,1,1
29789556,,0,0.000126,41,0.000013,0,2,2,0,2,2
29769561,,0,0.000125,41,0.000013,0,1,1,0,1,1
29549558,,0,0.000125,41,0.000013,0,1,1,0,1,1
29541214,,0,0.000125,41,0.000013,0,1,1,0,1,1
29518028,,0,0.000126,41,0.000013,0,2,2,0,2,2
28482906,,0,0.022442,41,0.000013,0,4,4,0,4,4
28454276,,0,0.000245,41,0.000013,0,2,2,0,2,2
28454214,,0,0.02275,51,0.000013,0,5,5,0,5,5
28446681,,0,0.000125,41,0.000013,0,1,1,0,1,1
28416635,,0,0.022249,41,0.000013,0,2,2,0,2,2
28387346,,0,0.000245,41,0.000013,0,2,2,0,2,2
28378765,,0,0.000125,41,0.000013,0,1,1,0,1,1
28358012,,0,0.000125,41,0.000013,0,1,1,0,1,1
28286049,,0,0.000125,41,0.000013,0,1,1,0,1,1
28154085,,0,0.000125,41,0.000013,0,1,1,0,1,1
27923917,,0,0.000125,41,0.000013,0,1,1,0,1,1
27764801,,0,0.000125,41,0.000013,0,1,1,0,1,1
27542221,,0,0.000125,41,0.000013,0,1,1,0,1,1
27482906,,0,0.000125,41,0.000013,0,1,1,0,1,1
27464526,,0,0.000125,41,0.000013,0,1,1,0,1,1
27439614,,0,0.000125,41,0.000013,0,1,1,0,1,1
27162244,,0,0.000125,41,0.000013,0,1,1,0,1,1
26788148,,0,0.000125,41,0.000013,0,1,1,0,1,1
26588055,,0,0.000245,41,0.000013,0,2,2,0,2,2
26573794,,0,0.000125,41,0.000013,0,1,1,0,1,1
26560505,,0,0.000125,41,0.000013,0,1,1,0,1,1
26451068,,0,0.000125,41,0.000013,0,1,1,0,1,1
26434584,,0,0.000125,41,0.000013,0,1,1,0,1,1
26350477,,0,0.000125,41,0.000013,0,1,1,0,1,1
26344694,,0,0.000125,41,0.000013,0,1,1,0,1,1
26045783,,0,0.022368,41,0.000013,0,3,3,0,3,3
25557114,,0,0.000245,41,0.000013,0,2,2,0,2,2
25537512,,0,0.023688,32,0.000013,0,5,5,0,5,5
25531207,,0,0.000125,41,0.000013,0,1,1,0,1,1
25486198,,0,0.000125,41,0.000013,0,1,1,0,1,1
25477198,,0,0.000245,41,0.000013,0,2,2,0,2,2
25418858,,0,0.022249,41,0.000013,0,2,2,0,2,2
25329542,,0,0.000125,41,0.000013,0,1,1,0,1,1
25287128,,0,0.022368,41,0.000013,0,3,3,0,3,3
25051366,,0,0.000293,32,0.000013,0,3,3,0,3,3
24824601,,0,0.022368,41,0.000013,0,3,3,0,3,3
24743237,,0,0.000125,41,0.000013,0,1,1,0,1,1
24600246,,0,0.003332,51,0.000013,0,10,10,0,10,10
23776527,,0,0.000125,41,0.000013,0,1,1,0,1,1
23762832,,0,0.000125,41,0.000013,0,1,1,0,1,1
23706767,,0,0.000245,41,0.000013,0,2,2,0,2,2
23680298,,0,0.000125,41,0.000013,0,1,1,0,1,1
23467617,,0,0.000245,41,0.000013,0,2,2,0,2,2
23449389,,0,0.000125,41,0.000013,0,1,1,0,1,1
23443798,,0,0.022368,41,0.000013,0,3,3,0,3,3
23427295,,0,0.000245,41,0.000013,0,2,2,0,2,2
23386997,,0,0.000125,41,0.000013,0,1,1,0,1,1
23229761,,0,0.000125,41,0.000013,0,1,1,0,1,1
23192351,,0,0.000125,41,0.000013,0,1,1,0,1,1
23137030,,0,0.000132,8,0.000013,0,2,2,0,2,2
23136192,,0,0.000125,41,0.000013,0,1,1,0,1,1
23087907,,0,0.000125,41,0.000013,0,1,1,0,1,1
22802261,,0,0.000245,41,0.000013,0,2,2,0,2,2
22783724,,0,0.000125,41,0.000013,0,1,1,0,1,1
22581827,,0,0.000245,41,0.000013,0,2,2,0,2,2
22574151,,0,0.000125,41,0.000013,0,1,1,0,1,1
22393369,,0,0.000245,41,0.000013,0,2,2,0,2,2
21963792,,0,0.000125,41,0.000013,0,1,1,0,1,1
21907711,,0,0.000125,41,0.000013,0,1,1,0,1,1
21880590,,0,0.000245,41,0.000013,0,2,2,0,2,2
21845174,,0,0.000125,41,0.000013,0,1,1,0,1,1
21772273,,0,0.000125,41,0.000013,0,1,1,0,1,1
21763263,,0,0.000245,41,0.000013,0,2,2,0,2,2
21722802,,0,0.000126,41,0.000013,0,2,2,0,2,2
21518729,,0,0.000245,41,0.000013,0,2,2,0,2,2
21281787,,0,0.000125,41,0.000013,0,1,1,0,1,1
20715180,,0,0.000125,41,0.000013,0,1,1,0,1,1
20702419,,0,0.000125,41,0.000013,0,1,1,0,1,1
20379221,,0,0.000125,41,0.000013,0,1,1,0,1,1
20187950,,0,0.000245,41,0.000013,0,2,2,0,2,2
20111592,,0,0.000125,41,0.000013,0,1,1,0,1,1
20068070,,0.005316,0.001445,41,0.000632,75,3,78,75,3,78
20022709,,0,0.000125,41,0.000013,0,1,1,0,1,1
19836377,,0.000008,0.000257,41,0.000164,16,3,19,16,3,19
19749794,,0,0.000125,41,0.000013,0,1,1,0,1,1
19658174,,0,0.000125,41,0.000013,0,1,1,0,1,1
19287496,,0,0.000125,41,0.000013,0,1,1,0,1,1
19139420,,0,0.000125,41,0.000013,0,1,1,0,1,1
18971944,,0,0.000125,41,0.000013,0,1,1,0,1,1
18813320,,0,0.000125,41,0.000013,0,1,1,0,1,1
18456676,,0,0.000125,41,0.000013,0,1,1,0,1,1
18408007,,0,0.000125,41,0.000013,0,1,1,0,1,1
18348985,,0,0.000125,41,0.000013,0,1,1,0,1,1
17940040,,0,0.000125,41,0.000013,0,1,1,0,1,1
30271127,,0,0.000053,2,0.000013,0,4,4,0,4,4
26916898,,0,0,2,0.000013,0,1,1,0,1,1
22914993,,0,0,2,0.000013,0,1,1,0,1,1
29996906,,0,0.000186,32,0.000013,0,2,2,0,2,2
17105822,,0.000069,0,32,0.000281,26,0,26,26,0,26
29575318,,0,0.000002,32,0.000013,0,1,1,0,1,1
28717401,,0,0.001251,32,0.000013,0,10,10,0,10,10
28029660,,0,0.000002,32,0.000013,0,1,1,0,1,1
27556296,,0,0.000002,32,0.000013,0,2,2,0,2,2
26998170,,0,0.000002,32,0.000013,0,1,1,0,1,1
26759246,,0,0.000002,32,0.000013,0,1,1,0,1,1
26629063,,0,0.000002,32,0.000013,0,1,1,0,1,1
24936335,,0,0.000002,32,0.000013,0,1,1,0,1,1
24847890,,0,0.000002,32,0.000013,0,1,1,0,1,1
24649067,,0,0.000002,32,0.000013,0,1,1,0,1,1
24281106,,0,0.000002,32,0.000013,0,1,1,0,1,1
24262018,,0,0.000002,32,0.000013,0,1,1,0,1,1
23449631,,0,0.000002,32,0.000013,0,1,1,0,1,1
22763464,,0,0.000002,32,0.000013,0,1,1,0,1,1
22427740,,0,0.000002,32,0.000013,0,1,1,0,1,1
21716849,,0,0.000002,32,0.000013,0,1,1,0,1,1
21606433,,0,0.000002,32,0.000013,0,1,1,0,1,1
21069385,,0,0.000002,32,0.000013,0,1,1,0,1,1
20215423,,0,0.000023,32,0.000013,0,2,2,0,2,2
19393583,,0,0.000002,32,0.000013,0,1,1,0,1,1
18632620,,0,0.000002,32,0.000013,0,1,1,0,1,1
18381417,,0,0.000002,32,0.000013,0,1,1,0,1,1
29545900,,0,0.000001,21,0.000013,0,1,1,0,1,1
17109766,,0.000025,0,21,0.000268,25,0,25,25,0,25
28624099,,0,0.000001,21,0.000013,0,1,1,0,1,1
27738320,,0,0.000001,21,0.000013,0,1,1,0,1,1
27605886,,0,0.000001,21,0.000013,0,1,1,0,1,1
26309596,,0,0.000001,21,0.000013,0,1,1,0,1,1
25678841,,0,0.000001,21,0.000013,0,1,1,0,1,1
24943349,,0,0.000001,21,0.000013,0,1,1,0,1,1
23961321,,0,0.000001,21,0.000013,0,1,1,0,1,1
23951231,,0,0.000001,21,0.000013,0,1,1,0,1,1
23516639,,0,0.000001,21,0.000013,0,1,1,0,1,1
23472076,,0,0.000001,21,0.000013,0,1,1,0,1,1
23304343,,0,0.000001,21,0.000013,0,1,1,0,1,1
23244446,,0,0.000001,21,0.000013,0,1,1,0,1,1
23085767,,0,0.000001,21,0.000013,0,1,1,0,1,1
22087314,,0,0.000001,21,0.000013,0,1,1,0,1,1
21383188,,0,0.000001,21,0.000013,0,1,1,0,1,1
20665615,,0,0.000001,21,0.000013,0,1,1,0,1,1
19924244,,0,0.000001,21,0.000013,0,1,1,0,1,1
19732438,,0,0.000001,21,0.000013,0,1,1,0,1,1
18478343,,0,0.000001,21,0.000013,0,1,1,0,1,1
18398040,,0,0.000001,21,0.000013,0,1,1,0,1,1
18302196,,0,0.000001,21,0.000013,0,1,1,0,1,1
18216022,,0,0.000001,21,0.000013,0,1,1,0,1,1
29367697,,0,0.000001,1,0.000013,0,1,1,0,1,1
28386336,,0,0.000002,1,0.000024,1,4,5,1,4,5
27754743,,0,0.000001,1,0.000013,0,1,1,0,1,1
25995247,,0,0.000001,1,0.000013,0,1,1,0,1,1
25961742,,0,0.000032,1,0.000013,0,4,4,0,4,4
25487856,,0,0.000001,1,0.000013,0,2,2,0,2,2
24375404,,0,0.000001,1,0.000013,0,1,1,0,1,1
21687633,,0,0.000001,1,0.000013,0,1,1,0,1,1
20631398,,0,0.000001,1,0.000013,0,1,1,0,1,1
19933256,,0,0.000001,1,0.000013,0,1,1,0,1,1
27690218,,0.000907,0.004991,41,0.000027,4,18,22,4,18,22
27350785,,0.00098,0.002832,41,0.000014,3,9,12,3,9,12
26151456,,0,0.000229,41,0.000013,0,3,3,0,3,3
25348513,,0.003485,0.003765,41,0.00009,27,12,39,27,12,39
24788697,,0.00303,0.003938,41,0.000104,17,8,25,17,8,25
23257159,,0.006767,0.00201,41,0.000253,31,4,35,31,4,35
21543942,,0,0.000643,41,0.000013,0,2,2,0,2,2
28441790,,0,0.000008,0,0.000013,0,1,1,0,1,1
23740344,,0,0.000551,5,0.000016,1,4,5,1,4,5
17381827,,0,0.000008,0,0.000013,0,1,1,0,1,1
30344923,,0,0.000213,23,0.000013,0,2,2,0,2,2
29909963,,0,0.000331,23,0.000013,0,5,5,0,5,5
29593731,,0,0.000627,23,0.000013,0,4,4,0,4,4
29387807,,0,0.000882,8,0.000013,1,19,20,1,19,20
29382703,,0,0.000947,0,0.000013,0,25,25,0,25,25
29116104,,0,0.000272,2,0.000013,0,5,5,0,5,5
29093764,,0.000017,0.000713,0,0.000013,1,6,7,1,6,7
29026209,,0,0.000194,23,0.000013,0,1,1,0,1,1
28673974,,0.000112,0.001205,8,0.000025,3,12,15,3,12,15
28569218,,0,0.001053,17,0.000013,0,8,8,0,8,8
28413668,,0,0.000766,23,0.000013,0,15,15,0,15,15
28279176,,0,0.000585,23,0.000013,0,15,15,0,15,15
27829436,,0,0.000218,23,0.000013,0,3,3,0,3,3
27792995,,0,0.000474,0,0.000013,0,8,8,0,8,8
27757719,,0,0.002987,23,0.000013,0,19,19,0,19,19
27624329,,0,0.000929,23,0.000013,0,7,7,0,7,7
27270457,,0,0.001006,8,0.000013,0,6,6,0,6,6
27113759,,0,0.001257,8,0.000013,0,14,14,0,14,14
26960396,,0,0.000195,33,0.000013,0,3,3,0,3,3
26720728,,0.011107,0.003902,5,0.000166,58,12,70,58,12,70
26712228,,0,0.000208,5,0.000013,0,2,2,0,2,2
26692951,,0,0.000194,23,0.000013,0,1,1,0,1,1
26640152,,0.000347,0.002635,8,0.000025,10,23,33,10,23,33
26525148,,0,0.000972,8,0.000013,0,10,10,0,10,10
26420486,,0,0.001185,8,0.000013,0,15,15,0,15,15
26283626,,0.000063,0.000872,23,0.000021,6,18,24,6,18,24
26186187,,0.000196,0.000557,8,0.000194,29,7,36,29,7,36
26126726,,0,0.002365,51,0.000013,0,5,5,0,5,5
25945795,,0.000081,0.000194,35,0.000136,19,1,20,19,1,20
25923920,,0.000601,0.000228,0,0.000014,1,3,4,1,3,4
25852742,,0,0.026409,32,0.000013,0,16,16,0,16,16
25652398,,0,0.000209,0,0.000013,0,2,2,0,2,2
25636233,,0,0.000786,23,0.000013,0,18,18,0,18,18
25575445,,0.000099,0.000424,23,0.00003,5,9,14,5,9,14
25506515,,0,0.000709,30,0.000013,0,5,5,0,5,5
25394353,,0,0.000194,23,0.000013,0,1,1,0,1,1
25343521,,0,0.000228,23,0.000013,0,2,2,0,2,2
25297947,,0,0.000686,5,0.000013,0,7,7,0,7,7
25225577,,0.000017,0.001874,23,0.000014,1,15,16,1,15,16
25113031,,0.000415,0.001095,8,0.000191,28,8,36,28,8,36
25112280,,0,0.000228,23,0.000013,0,2,2,0,2,2
25027116,,0.000002,0.000222,8,0.00005,5,3,8,5,3,8
24949998,,0.000008,0.000576,23,0.000019,2,11,13,2,11,13
24885126,,0,0.000275,51,0.000013,0,2,2,0,2,2
24733792,,0.0021,0.001325,22,0.000457,96,8,104,96,8,104
24591564,,0,0.000612,8,0.000013,0,4,4,0,4,4
24449244,,0,0.023467,23,0.000013,0,7,7,0,7,7
24315737,,0,0.001227,23,0.000013,0,3,3,0,3,3
24153426,,0.001543,0.00056,8,0.000501,22,6,28,22,6,28
23977390,,0.000092,0.000314,23,0.000029,7,7,14,7,7,14
23977314,,0,0.000206,23,0.000013,0,2,2,0,2,2
23934222,,0,0.000365,23,0.000013,0,2,2,0,2,2
23933242,,0,0.000194,23,0.000013,0,1,1,0,1,1
23884293,,0,0.000194,23,0.000013,0,1,1,0,1,1
23776363,,0.000003,0.000362,14,0.000062,6,2,8,6,2,8
23717390,,0,0.000208,23,0.000013,0,2,2,0,2,2
23657012,,0,0.001429,8,0.000013,0,11,11,0,11,11
23650262,,0,0.001377,8,0.000013,0,9,9,0,9,9
23409019,,0.001403,0.000197,0,0.000167,33,2,35,33,2,35
23354978,,0.000037,0.000422,0,0.000061,10,3,13,10,3,13
23325218,,0,0.001533,11,0.000013,0,6,6,0,6,6
23242139,,0,0.000194,23,0.000013,0,1,1,0,1,1
23222481,,0,0.000517,23,0.000013,0,5,5,0,5,5
23211700,,0.000099,0.000408,23,0.000049,6,4,10,6,4,10
23196058,,0,0.001508,23,0.000013,0,8,8,0,8,8
23110154,,0.000153,0.000683,35,0.000155,13,11,24,13,11,24
23099437,,0,0.000194,23,0.000013,0,1,1,0,1,1
23038782,,0,0.000744,8,0.000013,0,8,8,0,8,8
22941656,,0,0.001795,8,0.000013,0,14,14,0,14,14
22843421,,0,0.002948,8,0.000013,0,9,9,0,9,9
22606018,,0,0.000242,0,0.000013,0,3,3,0,3,3
22589078,,0,0.00039,23,0.000013,0,3,3,0,3,3
22527104,,0,0.001056,23,0.000013,0,2,2,0,2,2
22476429,,0.000026,0.000365,22,0.000045,2,4,6,2,4,6
22401137,,0.00001,0.000194,23,0.000049,4,1,5,4,1,5
22383991,,0.00001,0.000209,23,0.000049,4,2,6,4,2,6
22331464,,0.000532,0.000953,8,0.000349,43,9,52,43,9,52
22294761,,0,0.000194,23,0.000013,0,1,1,0,1,1
22258532,,0,0.000196,0,0.000013,0,2,2,0,2,2
22193777,,0,0.000771,8,0.000013,0,8,8,0,8,8
22166947,,0.000513,0.000505,23,0.000253,18,5,23,18,5,23
22162228,,0.000331,0.000453,23,0.00032,51,4,55,51,4,55
21610108,,0,0.000216,23,0.000013,0,3,3,0,3,3
21507882,,0,0.000194,23,0.000013,0,1,1,0,1,1
21466675,,0.000241,0.000513,0,0.000053,6,6,12,6,6,12
21285249,,0.004508,0.000968,23,0.000535,58,9,67,58,9,67
21240275,,0,0.000194,23,0.000013,0,1,1,0,1,1
21113654,,0,0.000617,8,0.000013,0,5,5,0,5,5
21074729,,0,0.00039,23,0.000013,0,4,4,0,4,4
21049069,,0,0.000335,0,0.000051,4,5,9,4,5,9
20888394,,0,0.000365,23,0.000013,0,2,2,0,2,2
20826828,,0,0.000194,23,0.000013,0,1,1,0,1,1
20740639,,0,0.000589,8,0.000013,0,5,5,0,5,5
20723205,,0,0.000194,23,0.000013,0,1,1,0,1,1
20616022,,0.009511,0.000194,5,0.001728,140,1,141,140,1,141
20603073,,0,0.000194,23,0.000013,0,1,1,0,1,1
20512659,,0,0.000294,23,0.000013,0,2,2,0,2,2
20460509,,0,0.000208,23,0.000013,0,2,2,0,2,2
20029420,,0,0.000544,8,0.000013,0,5,5,0,5,5
19843679,,0,0.000365,23,0.000013,0,2,2,0,2,2
19748364,,0.000205,0.000194,11,0.000366,52,1,53,52,1,53
19737971,,0,0.000194,23,0.000013,0,1,1,0,1,1
19423707,,0,0.000491,8,0.000013,0,4,4,0,4,4
19369211,,0.006551,0.000244,8,0.001081,150,2,152,150,2,152
19330030,,0,0.000384,23,0.000013,0,4,4,0,4,4
19264984,,0.007612,0.000194,23,0.003774,238,1,239,238,1,239
19145234,,0,0.000194,23,0.000013,0,1,1,0,1,1
19064566,,0,0.000194,23,0.000013,0,1,1,0,1,1
18786261,,0.000056,0.000244,23,0.000052,8,2,10,8,2,10
17909071,,0,0.000194,23,0.000013,0,1,1,0,1,1
30190865,,0,0.000081,51,0.000013,0,1,1,0,1,1
30190834,,0,0.000099,19,0.000013,0,3,3,0,3,3
30112437,,0,0.000081,51,0.000013,0,1,1,0,1,1
29855275,,0,0.001479,5,0.000013,0,4,4,0,4,4
29254281,,0,0.023222,2,0.000013,0,8,8,0,8,8
28676659,,0.000007,0.000551,51,0.000014,1,12,13,1,12,13
28341421,,0,0.000081,51,0.000013,0,1,1,0,1,1
28138571,,0,0.000492,32,0.000013,0,4,4,0,4,4
27488020,,0,0.000879,51,0.000013,0,3,3,0,3,3
26848770,,0,0.000113,8,0.000013,0,4,4,0,4,4
26468334,,0,0.00026,5,0.000013,0,9,9,0,9,9
26453319,,0,0.000081,51,0.000013,0,1,1,0,1,1
26414677,,0,0.000103,51,0.000013,0,2,2,0,2,2
26088128,,0,0.000081,51,0.000013,0,1,1,0,1,1
26052229,,0.000017,0.000096,8,0.000015,1,3,4,1,3,4
25653541,,0,0.000081,51,0.000013,0,1,1,0,1,1
25350069,,0,0.000544,0,0.000013,0,6,6,0,6,6
25336561,,0.001019,0.000335,0,0.000044,7,5,12,7,5,12
25093514,,0.005751,0.026022,31,0.00015,38,12,50,38,12,50
24763995,,0,0.000081,51,0.000013,0,1,1,0,1,1
22297469,,0.000088,0.000081,0,0.000054,7,1,8,7,1,8
20492709,,0,0.000081,51,0.000013,0,1,1,0,1,1
19170079,,0,0.000081,51,0.000013,0,1,1,0,1,1
18709563,,0,0.000081,51,0.000013,0,1,1,0,1,1
18190724,,0,0.000081,51,0.000013,0,1,1,0,1,1
18160407,,0,0.000081,51,0.000013,0,1,1,0,1,1
27660763,,0,0,24,0.000013,0,1,1,0,1,1
17217518,,0,0,24,0.000122,10,0,10,10,0,10
27510562,,0,0,24,0.000013,0,1,1,0,1,1
24678894,,0,0,24,0.000013,0,1,1,0,1,1
21223564,,0,0,24,0.000013,0,1,1,0,1,1
20727150,,0,0,24,0.000013,0,1,1,0,1,1
19615083,,0,0,24,0.000013,0,1,1,0,1,1
19383128,,0,0,24,0.000013,0,1,1,0,1,1
18463141,,0,0,24,0.000013,0,1,1,0,1,1
18366602,,0,0,24,0.000013,0,1,1,0,1,1
17217501,,0,0,24,0.000013,0,1,1,0,1,1
29409476,,0,0.000786,2,0.000013,0,13,13,0,13,13
25780794,,0,0.000012,2,0.000013,0,3,3,0,3,3
23533376,,0,0.000004,2,0.000024,1,1,2,1,1,2
23017167,,0,0,25,0.000013,0,1,1,0,1,1
17238429,,0,0,25,0.000024,1,0,1,1,0,1
26475052,,0,0.000025,5,0.000024,1,3,4,1,3,4
25566359,,0,0.000002,5,0.000013,0,1,1,0,1,1
24286369,,0,0.000052,0,0.000013,0,6,6,0,6,6
23632793,,0,0.000002,5,0.000013,0,1,1,0,1,1
22460301,,0,0.000002,5,0.000013,0,1,1,0,1,1
20967219,,0,0.000002,5,0.000013,0,1,1,0,1,1
19390990,,0.000001,0.000006,5,0.000031,4,3,7,4,3,7
29882812,,0,0.000494,32,0.000013,0,3,3,0,3,3
29492227,,0,0.000026,1,0.000013,0,4,4,0,4,4
28135145,,0.000564,0.001194,32,0.000099,17,8,25,17,8,25
24523856,,0,0.000009,32,0.000013,0,1,1,0,1,1
22984553,,0.000007,0.000031,19,0.000095,10,2,12,10,2,12
22814582,,0,0.000009,32,0.000013,0,1,1,0,1,1
22736197,,0,0.000035,17,0.000127,11,2,13,11,2,13
22622148,,0,0.000009,32,0.000013,0,1,1,0,1,1
21693656,,0,0.000009,32,0.000013,0,1,1,0,1,1
21577316,,0,0.000009,32,0.000013,0,1,1,0,1,1
17312386,,0.000022,0,2,0.00003,4,0,4,4,0,4
19336541,,0,0,2,0.000013,0,1,1,0,1,1
29614786,,0,0.000036,33,0.000013,0,2,2,0,2,2
27028854,,0,0.000002,33,0.000013,0,3,3,0,3,3
26078587,,0,0,33,0.000013,0,1,1,0,1,1
24737128,,0,0,33,0.000013,0,1,1,0,1,1
21825015,,0,0.000038,33,0.000013,0,2,2,0,2,2
19799643,,0,0,33,0.000013,0,1,1,0,1,1
19768562,,0,0.000015,33,0.000013,0,3,3,0,3,3
19235040,,0,0,33,0.000013,0,1,1,0,1,1
18516675,,0,0,33,0.000013,0,1,1,0,1,1
24271037,,0.000032,0.000022,5,0.000036,3,5,8,3,5,8
28615293,,0,0.000028,8,0.000013,0,2,2,0,2,2
28073364,,0,0.025375,5,0.000013,0,10,10,0,10,10
27590262,,0,0.000372,8,0.000013,0,5,5,0,5,5
26726318,,0,0.001096,8,0.000013,0,6,6,0,6,6
24813610,,0,0.000022,8,0.000013,0,1,1,0,1,1
23781282,,0,0.000022,8,0.000013,0,1,1,0,1,1
21963239,,0,0.000026,11,0.000013,0,2,2,0,2,2
21487248,,0.004329,0.001884,23,0.000411,53,17,70,53,17,70
21076401,,0.000474,0.000497,29,0.000568,62,2,64,62,2,64
21055983,,0,0.000022,8,0.000013,0,1,1,0,1,1
20935632,,0,0.000094,8,0.000013,0,2,2,0,2,2
20351172,,0,0.000022,8,0.000013,0,1,1,0,1,1
19704162,,0.000682,0.000022,8,0.000339,27,1,28,27,1,28
19180185,,0,0.000022,8,0.000013,0,1,1,0,1,1
19112184,,0,0.000022,8,0.000013,0,1,1,0,1,1
19088202,,0,0.000022,8,0.000013,0,1,1,0,1,1
18773878,,0,0.000022,8,0.000013,0,1,1,0,1,1
18722555,,0,0.000022,8,0.000013,0,1,1,0,1,1
18711219,,0,0.000022,8,0.000013,0,1,1,0,1,1
30200453,,0,0.000434,11,0.000013,0,5,5,0,5,5
29082557,,0,0.000007,11,0.000013,0,1,1,0,1,1
28575657,,0,0.000079,11,0.000013,0,2,2,0,2,2
26512453,,0,0.000507,8,0.000013,0,5,5,0,5,5
25862789,,0,0.000007,11,0.000013,0,1,1,0,1,1
25751062,,0,0.000007,11,0.000013,0,1,1,0,1,1
25319828,,0,0.000007,11,0.000013,0,1,1,0,1,1
25038251,,0,0.00001,8,0.000013,0,2,2,0,2,2
23912945,,0,0.000007,11,0.000013,0,1,1,0,1,1
23555887,,0,0.000007,11,0.000013,0,1,1,0,1,1
22745689,,0,0.000007,11,0.000013,0,1,1,0,1,1
22693661,,0,0.001055,41,0.000013,0,5,5,0,5,5
22396592,,0,0.000011,11,0.000013,0,2,2,0,2,2
22206413,,0,0.000007,11,0.000013,0,1,1,0,1,1
21826217,,0,0.000009,11,0.000013,0,2,2,0,2,2
18923083,,0,0.000007,11,0.000013,0,1,1,0,1,1
30363743,,0,0.001749,32,0.000013,0,4,4,0,4,4
30333000,,0,0.001834,51,0.000013,0,10,10,0,10,10
30327455,,0,0.000506,32,0.000013,0,3,3,0,3,3
29867226,,0.000017,0.006141,31,0.000015,1,28,29,1,28,29
29852322,,0,0.000509,32,0.000013,0,4,4,0,4,4
29631858,,0,0.000532,5,0.000013,0,3,3,0,3,3
29566172,,0,0.000496,2,0.000013,0,1,1,0,1,1
29435075,,0,0.000597,8,0.000013,0,3,3,0,3,3
29383629,,0,0.000496,2,0.000013,0,2,2,0,2,2
29351560,,0,0.000496,2,0.000013,0,1,1,0,1,1
29330845,,0.00005,0.000499,19,0.000014,1,3,4,1,3,4
29313279,,0,0.024047,32,0.000013,0,6,6,0,6,6
29209143,,0,0.000501,35,0.000013,0,3,3,0,3,3
29162887,,0,0.000496,2,0.000013,0,1,1,0,1,1
29152499,,0,0.0007,5,0.000013,0,3,3,0,3,3
29020732,,0.000558,0.002124,5,0.000014,1,8,9,1,8,9
28970858,,0.000002,0.000558,2,0.000018,1,3,4,1,3,4
28903167,,0.000031,0.000926,5,0.000025,2,8,10,2,8,10
28888541,,0.000751,0.003158,5,0.000016,2,10,12,2,10,12
28782058,,0.000033,0.000562,22,0.000046,5,4,9,5,4,9
28620529,,0,0.000693,2,0.000013,0,2,2,0,2,2
28610746,,0.000558,0.001799,5,0.000014,1,5,6,1,5,6
28449691,,0,0.000641,0,0.000013,0,4,4,0,4,4
28368389,,0,0.001283,32,0.000013,0,3,3,0,3,3
28299592,,0,0.000543,5,0.000013,0,4,4,0,4,4
28274004,,0,0.000496,2,0.000013,0,1,1,0,1,1
28135048,,0,0.000782,35,0.000013,0,9,9,0,9,9
28127413,,0,0.000625,2,0.000013,0,14,14,0,14,14
28083845,,0,0.00051,5,0.000013,0,2,2,0,2,2
27739325,,0.000622,0.001742,32,0.000064,5,6,11,5,6,11
27514840,,0,0.025648,5,0.000013,0,11,11,0,11,11
27468326,,0,0.000497,2,0.000013,0,2,2,0,2,2
27417765,,0,0.000609,5,0.000013,0,6,6,0,6,6
27382401,,0.000031,0.000745,5,0.000014,1,6,7,1,6,7
27265406,,0,0.00092,5,0.000013,0,11,11,0,11,11
27259235,,0,0.000964,29,0.000013,0,4,4,0,4,4
27257965,,0.000034,0.025961,2,0.00003,4,14,18,4,14,18
27221539,,0.000631,0.002605,5,0.00002,2,11,13,2,11,13
27191893,,0,0.027726,5,0.000013,0,10,10,0,10,10
26976419,,0.000839,0.001302,22,0.00012,32,11,43,32,11,43
26896565,,0,0.002452,51,0.000013,0,8,8,0,8,8
26886774,,0,0.000944,5,0.000013,0,8,8,0,8,8
26770289,,0,0.000735,0,0.000013,0,5,5,0,5,5
26669313,,0.000073,0.002393,5,0.00002,4,10,14,4,10,14
26578231,,0,0.000496,2,0.000013,0,1,1,0,1,1
26567039,,0,0.000648,2,0.000024,1,3,4,1,3,4
26538066,,0,0.00051,2,0.00004,3,2,5,3,2,5
26510816,,0,0.001591,35,0.000013,0,7,7,0,7,7
26313374,,0.000047,0.000693,5,0.000043,6,2,8,6,2,8
26202562,,0,0.000496,2,0.000013,0,1,1,0,1,1
26175193,,0,0.000509,5,0.000013,0,3,3,0,3,3
26056364,,0,0.000498,19,0.000013,0,2,2,0,2,2
25986460,,0.000019,0.000693,19,0.000125,12,2,14,12,2,14
25664222,,0,0.000496,2,0.000013,0,1,1,0,1,1
25620993,,0,0.000496,2,0.000013,0,1,1,0,1,1
25311111,,0.000207,0.001013,5,0.000031,7,6,13,7,6,13
25217519,,0,0.000532,0,0.000013,0,4,4,0,4,4
25196046,,0,0.001753,5,0.000013,0,5,5,0,5,5
25120034,,0,0.000552,2,0.000013,0,4,4,0,4,4
25083498,,0,0.000496,2,0.000013,0,1,1,0,1,1
24963353,,0,0.000496,2,0.000013,0,1,1,0,1,1
24946155,,0.000003,0.000899,5,0.000044,4,5,9,4,5,9
24638981,,0,0.00067,5,0.000013,0,3,3,0,3,3
24634322,,0,0.000496,2,0.000013,0,1,1,0,1,1
24481326,,0,0.000496,2,0.000013,0,1,1,0,1,1
24335192,,0,0.000681,41,0.000013,0,2,2,0,2,2
24204725,,0,0.000496,2,0.000013,0,1,1,0,1,1
24054997,,0,0.000496,2,0.000013,0,1,1,0,1,1
23880734,,0,0.000496,2,0.000013,0,1,1,0,1,1
23674086,,0,0.000496,2,0.000013,0,1,1,0,1,1
23627498,,0,0.000537,2,0.000013,0,3,3,0,3,3
22987526,,0,0.000499,2,0.000013,0,2,2,0,2,2
22838957,,0.000045,0.000866,0,0.000023,5,7,12,5,7,12
22638694,,0,0.000496,2,0.000013,0,1,1,0,1,1
22618995,,0,0.000496,2,0.000013,0,1,1,0,1,1
22377908,,0.000174,0.000788,32,0.000203,26,2,28,26,2,28
22257650,,0,0.000531,5,0.000013,0,6,6,0,6,6
22085394,,0,0.000516,5,0.000013,0,5,5,0,5,5
21913181,,0.00057,0.000496,5,0.000065,19,1,20,19,1,20
21711529,,0.000017,0.000496,5,0.000061,4,1,5,4,1,5
21556001,,0,0.000496,2,0.000013,0,1,1,0,1,1
21092082,,0,0.000496,2,0.000013,0,1,1,0,1,1
20948822,,0.000029,0.000496,32,0.000069,9,1,10,9,1,10
20877358,,0.000554,0.000496,23,0.000146,16,1,17,16,1,17
20823142,,0,0.001948,0,0.000013,0,7,7,0,7,7
20383578,,0.000067,0.00069,5,0.000065,10,4,14,10,4,14
20151317,,0,0.000496,2,0.000013,0,1,1,0,1,1
20061960,,0.00016,0.000556,2,0.00017,27,3,30,27,3,30
19825178,,0.000562,0.001926,41,0.000047,5,6,11,5,6,11
19210733,,0,0.000529,2,0.000013,0,2,2,0,2,2
18385162,,0.000089,0.000496,5,0.000108,14,1,15,14,1,15
28319063,,0.000239,0.002539,23,0.000026,8,19,27,8,19,27
28158555,,0,0.000824,8,0.000013,0,15,15,0,15,15
26848151,,0,0.002858,32,0.000013,0,8,8,0,8,8
26119737,,0,0.000124,8,0.000013,0,2,2,0,2,2
26083025,,0.000088,0.001299,35,0.000029,4,11,15,4,11,15
25022261,,0,0.00005,23,0.000013,0,1,1,0,1,1
24839956,,0,0.00005,23,0.000013,0,1,1,0,1,1
23284877,,0,0.000184,2,0.000038,3,3,6,3,3,6
23063585,,0,0.00005,23,0.000013,0,1,1,0,1,1
21205968,,0,0.00005,23,0.000013,0,1,1,0,1,1
25586903,,0,0.001154,5,0.000013,0,7,7,0,7,7
24316306,,0,0.00006,5,0.000013,0,2,2,0,2,2
23868002,,0,0.000027,5,0.000013,0,1,1,0,1,1
22940489,,0,0.000379,5,0.000013,0,4,4,0,4,4
22031719,,0,0.000027,5,0.000013,0,1,1,0,1,1
29285037,,0,0.000005,0,0.000013,0,3,3,0,3,3
26217162,,0,0.000001,0,0.000013,0,1,1,0,1,1
29765957,,0,0.000002,0,0.000013,0,1,1,0,1,1
27294143,,0,0.000002,0,0.000013,0,1,1,0,1,1
26620132,,0,0.000002,0,0.000013,0,1,1,0,1,1
26236721,,0,0.000002,0,0.000013,0,1,1,0,1,1
26223354,,0,0.000002,0,0.000013,0,1,1,0,1,1
24723968,,0,0.000002,0,0.000013,0,1,1,0,1,1
22919278,,0,0.000002,1,0.000013,0,2,2,0,2,2
22581838,,0,0.000086,23,0.000013,0,3,3,0,3,3
21454829,,0,0.000002,0,0.000013,0,1,1,0,1,1
20510605,,0,0.000002,0,0.000013,0,1,1,0,1,1
19377877,,0,0.000002,0,0.000013,0,1,1,0,1,1
18781154,,0.000025,0.000061,0,0.000037,4,2,6,4,2,6
18638378,,0,0.000002,0,0.000013,0,1,1,0,1,1
30081598,,0,0,1,0.000013,0,1,1,0,1,1
29246163,,0,0,1,0.000013,0,1,1,0,1,1
29137403,,0,0,1,0.000013,0,1,1,0,1,1
29108255,,0,0,1,0.000013,0,1,1,0,1,1
29042633,,0,0,1,0.000013,0,1,1,0,1,1
27716056,,0,0,1,0.000013,0,1,1,0,1,1
27558448,,0,0,1,0.000013,0,1,1,0,1,1
27512065,,0,0,1,0.000013,0,1,1,0,1,1
26791953,,0,0,1,0.000013,0,1,1,0,1,1
26763932,,0,0,1,0.000013,0,1,1,0,1,1
25588111,,0,0,1,0.000013,0,1,1,0,1,1
25559261,,0,0,1,0.000013,0,1,1,0,1,1
24972996,,0,0,1,0.000013,0,1,1,0,1,1
24962804,,0,0,1,0.000013,0,1,1,0,1,1
24916849,,0,0,1,0.000013,0,1,1,0,1,1
24481480,,0,0,1,0.000013,0,1,1,0,1,1
24355542,,0,0,1,0.000013,0,1,1,0,1,1
24261334,,0,0,1,0.000013,0,1,1,0,1,1
23369456,,0,0,1,0.000013,0,1,1,0,1,1
21402863,,0,0,1,0.000013,0,1,1,0,1,1
21172051,,0,0,1,0.000013,0,1,1,0,1,1
20498846,,0,0,1,0.000013,0,1,1,0,1,1
20386740,,0,0,1,0.000013,0,1,1,0,1,1
20157479,,0,0,1,0.000013,0,1,1,0,1,1
20126624,,0,0,1,0.000013,0,1,1,0,1,1
19820013,,0,0,1,0.000013,0,1,1,0,1,1
19738042,,0,0,1,0.000013,0,1,1,0,1,1
19594877,,0,0,1,0.000013,0,1,1,0,1,1
19393065,,0,0,1,0.000013,0,1,1,0,1,1
19374772,,0,0,1,0.000013,0,1,1,0,1,1
19128496,,0,0,1,0.000013,0,1,1,0,1,1
19094208,,0,0,1,0.000013,0,1,1,0,1,1
18831800,,0,0,1,0.000013,0,1,1,0,1,1
18831794,,0,0,1,0.000013,0,1,1,0,1,1
18831769,,0,0,1,0.000013,0,1,1,0,1,1
18541062,,0,0,1,0.000013,0,1,1,0,1,1
18366619,,0,0,1,0.000013,0,1,1,0,1,1
18366609,,0,0,1,0.000013,0,1,1,0,1,1
30120290,,0,0.000182,41,0.000013,0,1,1,0,1,1
30095490,,0,0.000182,41,0.000013,0,1,1,0,1,1
29731507,,0,0.000182,41,0.000013,0,1,1,0,1,1
29623957,,0,0.000182,41,0.000013,0,1,1,0,1,1
29416699,,0,0.000242,41,0.000013,0,2,2,0,2,2
29187928,,0,0.000182,41,0.000013,0,1,1,0,1,1
29162958,,0,0.000182,41,0.000013,0,1,1,0,1,1
28357094,,0,0.023406,41,0.000013,0,3,3,0,3,3
28101406,,0,0.000182,41,0.000013,0,1,1,0,1,1
28097235,,0.001172,0.023206,51,0.000039,5,4,9,5,4,9
28017973,,0,0.000182,41,0.000013,0,1,1,0,1,1
27482544,,0,0.023082,41,0.000013,0,3,3,0,3,3
27259716,,0,0.02329,41,0.000013,0,4,4,0,4,4
26986692,,0,0.000182,41,0.000013,0,1,1,0,1,1
26970137,,0,0.000959,41,0.000013,0,2,2,0,2,2
26885070,,0,0.000182,41,0.000013,0,1,1,0,1,1
25918438,,0,0.000182,41,0.000013,0,1,1,0,1,1
25916844,,0.002576,0.022769,41,0.000049,7,4,11,7,4,11
25894736,,0,0.000182,41,0.000013,0,1,1,0,1,1
25815421,,0,0.023082,41,0.000013,0,3,3,0,3,3
25736266,,0,0.022757,51,0.000013,0,4,4,0,4,4
25473747,,0,0.000366,41,0.000013,0,2,2,0,2,2
25346935,,0,0.000327,41,0.000013,0,2,2,0,2,2
25316178,,0,0.000551,41,0.000013,0,4,4,0,4,4
24998918,,0,0.000182,41,0.000013,0,1,1,0,1,1
24966933,,0,0.000182,41,0.000013,0,1,1,0,1,1
24936210,,0,0.023241,41,0.000013,0,5,5,0,5,5
24575389,,0,0.000379,41,0.000013,0,2,2,0,2,2
24511245,,0,0.000355,41,0.000013,0,3,3,0,3,3
24367487,,0,0.000369,41,0.000013,0,2,2,0,2,2
24303006,,0,0.022321,29,0.000013,0,3,3,0,3,3
24170201,,0,0.022506,41,0.000013,0,3,3,0,3,3
24023729,,0,0.023612,31,0.000013,0,4,4,0,4,4
23737679,,0,0.000182,41,0.000013,0,1,1,0,1,1
23276799,,0,0.000182,41,0.000013,0,1,1,0,1,1
23074172,,0,0.000182,41,0.000013,0,1,1,0,1,1
23045324,,0,0.000182,41,0.000013,0,1,1,0,1,1
22911892,,0,0.000182,41,0.000013,0,1,1,0,1,1
22592533,,0,0.000327,41,0.000013,0,2,2,0,2,2
22028616,,0,0.000618,41,0.000013,0,3,3,0,3,3
21826275,,0,0.000327,41,0.000013,0,2,2,0,2,2
21813729,,0,0.000182,41,0.000013,0,1,1,0,1,1
21777513,,0,0.000542,44,0.000013,0,4,4,0,4,4
21683992,,0,0.000349,41,0.000013,0,3,3,0,3,3
21607090,,0,0.000184,41,0.000013,0,2,2,0,2,2
21437439,,0.000669,0.000182,32,0.000049,6,1,7,6,1,7
21423204,,0,0.000182,41,0.000013,0,1,1,0,1,1
20952655,,0,0.000182,41,0.000013,0,1,1,0,1,1
20561909,,0,0.000281,41,0.000013,0,2,2,0,2,2
19798417,,0.002061,0.00049,27,0.000552,33,2,35,33,2,35
19776209,,0,0.000182,41,0.000013,0,1,1,0,1,1
19383883,,0,0.000182,41,0.000013,0,1,1,0,1,1
19294001,,0,0.000182,41,0.000013,0,1,1,0,1,1
19176311,,0,0.000182,41,0.000013,0,1,1,0,1,1
19032793,,0,0.000182,41,0.000013,0,1,1,0,1,1
18842102,,0,0.00049,41,0.000013,0,2,2,0,2,2
18779727,,0,0.000182,41,0.000013,0,1,1,0,1,1
18704718,,0,0.000182,41,0.000013,0,1,1,0,1,1
18451228,,0,0.000182,41,0.000013,0,1,1,0,1,1
29899584,,0,0.000059,0,0.000013,0,1,1,0,1,1
27601076,,0,0.022546,0,0.000013,0,5,5,0,5,5
27459855,,0.000011,0.000093,0,0.000072,8,3,11,8,3,11
26980106,,0,0.000137,0,0.000035,2,2,4,2,2,4
26928228,,0,0.000394,0,0.000013,0,4,4,0,4,4
25919761,,0.001169,0.00061,0,0.000071,14,8,22,14,8,22
25581431,,0,0.022771,0,0.000013,0,9,9,0,9,9
25288876,,0,0.000086,0,0.000013,0,2,2,0,2,2
25274085,,0,0.000122,0,0.000024,1,7,8,1,7,8
24045926,,0,0.000313,22,0.000013,0,5,5,0,5,5
22669161,,0.000002,0.00023,0,0.000129,12,4,16,12,4,16
21610218,,0,0.000059,0,0.000013,0,1,1,0,1,1
21593217,,0.000506,0.00053,0,0.000333,35,11,46,35,11,46
19864167,,0,0.000093,0,0.000013,0,2,2,0,2,2
19707196,,0.000117,0.000172,0,0.000082,9,4,13,9,4,13
18245329,,0,0.000059,0,0.000013,0,1,1,0,1,1
26903030,,0,0.000005,8,0.000013,0,1,1,0,1,1
23638006,,0,0.000005,8,0.000013,0,1,1,0,1,1
23071261,,0.000453,0.001543,8,0.000183,39,10,49,39,10,49
22872477,,0,0.000005,8,0.000013,0,1,1,0,1,1
20308162,,0,0.000005,8,0.000013,0,1,1,0,1,1
18840682,,0,0.000005,8,0.000013,0,1,1,0,1,1
18535008,,0,0.000005,8,0.000013,0,1,1,0,1,1
18243065,,0,0.000005,8,0.000013,0,1,1,0,1,1
26921362,,0,0.000251,23,0.000013,0,8,8,0,8,8
23448375,,0,0.000001,11,0.000013,0,1,1,0,1,1
23300510,,0,0.000001,11,0.000013,0,1,1,0,1,1
21593744,,0,0.000001,11,0.000013,0,1,1,0,1,1
17953491,,0,0.000001,11,0.000013,0,1,1,0,1,1
30305635,,0,0.00016,8,0.000013,0,3,3,0,3,3
26976601,,0,0.000541,8,0.000013,0,8,8,0,8,8
25820426,,0,0.000027,8,0.000013,0,2,2,0,2,2
25787082,,0,0.000026,1,0.000013,0,2,2,0,2,2
24567357,,0,0.000026,8,0.000013,0,1,1,0,1,1
21903585,,0.000025,0.000026,8,0.000055,10,1,11,10,1,11
20098639,,0,0.000026,8,0.000013,0,1,1,0,1,1
18458103,,0,0.000026,8,0.000013,0,1,1,0,1,1
29998078,,0,0.000206,5,0.000013,0,2,2,0,2,2
29109519,,0,0.000009,5,0.000013,0,1,1,0,1,1
19338651,,0.000058,0.000009,5,0.000017,2,1,3,2,1,3
17899294,,0,0.000009,5,0.000013,0,1,1,0,1,1
25204323,,0,0.000035,2,0.000024,1,3,4,1,3,4
28577564,,0,0.000062,2,0.000013,0,8,8,0,8,8
27446417,,0.000001,0.000035,2,0.000025,2,5,7,2,5,7
25628955,,0.000081,0.000085,2,0.000025,3,6,9,3,6,9
24282434,,0,0.000012,2,0.000013,0,1,1,0,1,1
23390954,,0,0.000012,2,0.000013,0,1,1,0,1,1
23325777,,0,0.000012,2,0.000013,0,1,1,0,1,1
22594601,,0,0.000012,2,0.000013,0,1,1,0,1,1
20707610,,0,0.000012,2,0.000013,0,1,1,0,1,1
20431033,,0,0.000012,2,0.000013,0,1,1,0,1,1
20220173,,0,0.000012,2,0.000013,0,1,1,0,1,1
20164272,,0,0.000012,2,0.000013,0,1,1,0,1,1
19889900,,0,0.000012,2,0.000013,0,1,1,0,1,1
19402901,,0,0.000012,2,0.000013,0,1,1,0,1,1
18402672,,0,0.000012,2,0.000013,0,1,1,0,1,1
28095866,,0,0,0,0.000013,0,1,1,0,1,1
24790468,,0,0,0,0.000013,0,1,1,0,1,1
21396807,,0,0,0,0.000013,0,1,1,0,1,1
19578481,,0,0,0,0.000013,0,1,1,0,1,1
29285471,,0,0.000102,28,0.000013,0,4,4,0,4,4
25281711,,0,0.024112,28,0.000013,0,8,8,0,8,8
23232854,,0.003063,0.023393,28,0.000076,14,6,20,14,6,20
17627006,,0.000156,0,0,0.00021,10,0,10,10,0,10
25830658,,0,0.00026,0,0.000046,4,5,9,4,5,9
25253995,,0,0.000004,0,0.000013,0,1,1,0,1,1
23253645,,0,0.000081,0,0.000013,0,2,2,0,2,2
25172839,,0,0.000001,2,0.000013,0,1,1,0,1,1
22190738,,0,0.000001,2,0.000013,0,1,1,0,1,1
21461994,,0.000037,0.000029,2,0.000085,8,2,10,8,2,10
20429896,,0,0.000001,2,0.000013,0,1,1,0,1,1
19799798,,0,0.000005,2,0.000149,14,2,16,14,2,16
17660459,,0.000351,0,0,0.000284,31,0,31,31,0,31
28572256,,0,0.000938,31,0.000013,0,6,6,0,6,6
27512640,,0,0.000008,0,0.000013,0,1,1,0,1,1
27192129,,0,0.000075,22,0.000013,0,3,3,0,3,3
26380059,,0,0.000008,0,0.000013,0,1,1,0,1,1
26285011,,0,0.000008,2,0.000013,0,2,2,0,2,2
25853090,,0,0.000008,0,0.000013,0,1,1,0,1,1
24424122,,0,0.000008,0,0.000013,0,1,1,0,1,1
24366306,,0,0.000009,0,0.000013,0,2,2,0,2,2
24204729,,0,0.000009,0,0.000013,0,2,2,0,2,2
23953708,,0,0.000008,0,0.000013,0,1,1,0,1,1
23577028,,0,0.000008,0,0.000013,0,1,1,0,1,1
22943016,,0,0.000008,0,0.000013,0,1,1,0,1,1
22080244,,0,0.000008,0,0.000013,0,1,1,0,1,1
20842455,,0,0.000008,0,0.000013,0,1,1,0,1,1
20457567,,0,0.000008,0,0.000013,0,1,1,0,1,1
19965908,,0,0.000008,0,0.000013,0,1,1,0,1,1
19583841,,0,0.000008,0,0.000013,0,1,1,0,1,1
19048123,,0,0.000008,0,0.000013,0,1,1,0,1,1
28359295,,0,0.000121,41,0.000013,0,2,2,0,2,2
27459695,,0,0.000041,1,0.000013,0,2,2,0,2,2
27459694,,0,0.000044,1,0.000013,0,5,5,0,5,5
27022037,,0.000059,0.026796,31,0.000029,5,17,22,5,17,22
26642256,,0,0.000155,23,0.000013,0,3,3,0,3,3
25954594,,0,0.000041,1,0.000013,0,1,1,0,1,1
25913414,,0,0.000041,1,0.000013,0,1,1,0,1,1
25721899,,0,0.000893,1,0.000013,0,2,2,0,2,2
24794429,,0,0.022499,41,0.000013,0,5,5,0,5,5
24762499,,0,0.000065,1,0.000013,0,2,2,0,2,2
23880067,,0,0.000041,1,0.000013,0,1,1,0,1,1
23757365,,0,0.000041,1,0.000013,0,1,1,0,1,1
23071855,,0,0.000041,1,0.000013,0,1,1,0,1,1
22979947,,0,0.000041,1,0.000013,0,1,1,0,1,1
22957304,,0,0.000041,1,0.000013,0,1,1,0,1,1
22661641,,0,0.000041,1,0.000013,0,1,1,0,1,1
22280838,,0,0.000041,1,0.000013,0,1,1,0,1,1
21987080,,0,0.000041,1,0.000013,0,1,1,0,1,1
20603075,,0,0.000041,1,0.000013,0,1,1,0,1,1
20076807,,0,0.000041,1,0.000013,0,1,1,0,1,1
29566726,,0,0.000002,0,0.000013,0,1,1,0,1,1
27455160,,0,0.000008,5,0.000013,0,2,2,0,2,2
26029704,,0,0.000016,0,0.000013,0,2,2,0,2,2
25964295,,0,0.000002,0,0.000013,0,1,1,0,1,1
25897948,,0,0.000002,0,0.000013,0,1,1,0,1,1
25890600,,0,0.000002,0,0.000013,0,1,1,0,1,1
25849327,,0,0.000002,0,0.000013,0,1,1,0,1,1
25675148,,0,0.000002,0,0.000013,0,1,1,0,1,1
25526632,,0,0.000002,0,0.000013,0,1,1,0,1,1
25091503,,0,0.000002,0,0.000013,0,1,1,0,1,1
24937182,,0,0.000455,0,0.000013,0,3,3,0,3,3
24149174,,0,0.000002,0,0.000013,0,1,1,0,1,1
23894323,,0,0.000002,0,0.000013,0,1,1,0,1,1
23319801,,0,0.000002,0,0.000013,0,1,1,0,1,1
26879601,,0,0,26,0.000013,0,1,1,0,1,1
19409108,,0,0.000005,5,0.000013,0,2,2,0,2,2
29719433,,0,0.000212,51,0.000013,0,9,9,0,9,9
27084275,,0.000023,0.000093,51,0.000031,4,4,8,4,4,8
19826425,,0.000047,0.000005,23,0.000032,5,1,6,5,1,6
27173777,,0,0.000001,0,0.000013,0,1,1,0,1,1
26063962,,0,0.000001,0,0.000013,0,1,1,0,1,1
22607048,,0,0.000001,0,0.000013,0,1,1,0,1,1
25303976,,0,0.022146,41,0.000013,0,2,2,0,2,2
17764207,,0.000998,0,41,0.000078,7,0,7,7,0,7
23484135,,0,0.022146,41,0.000013,0,2,2,0,2,2
23024885,,0,0.000022,41,0.000013,0,1,1,0,1,1
20808229,,0,0.000022,41,0.000013,0,1,1,0,1,1
20501939,,0,0.000022,41,0.000013,0,1,1,0,1,1
19663525,,0,0.000022,41,0.000013,0,1,1,0,1,1
18492273,,0,0.000022,41,0.000013,0,1,1,0,1,1
27148582,,0,0.000002,14,0.000013,0,3,3,0,3,3
26496279,,0.00002,0.000202,14,0.000016,1,4,5,1,4,5
26102504,,0,0.000001,14,0.000013,0,1,1,0,1,1
20877684,,0,0.000001,14,0.000013,0,1,1,0,1,1
18973653,,0,0.000001,14,0.000013,0,1,1,0,1,1
18840816,,0,0.000029,14,0.000013,0,2,2,0,2,2
19222106,,0,0,41,0.000013,0,1,1,0,1,1
29846844,,0,0.000017,2,0.000013,0,1,1,0,1,1
28962650,,0,0.000018,2,0.000013,0,2,2,0,2,2
25883419,,0,0.00006,2,0.000013,0,3,3,0,3,3
25076829,,0,0.000018,2,0.000013,0,2,2,0,2,2
22740885,,0,0.000017,2,0.000013,0,1,1,0,1,1
22729968,,0,0.000017,2,0.000013,0,1,1,0,1,1
21475638,,0,0.000017,2,0.000013,0,1,1,0,1,1
29151150,,0,0.000063,2,0.000013,0,8,8,0,8,8
28337405,,0,0.000021,2,0.000013,0,1,1,0,1,1
20841391,,0,0.000078,2,0.000013,0,2,2,0,2,2
19276457,,0,0.000021,2,0.000013,0,1,1,0,1,1
30219179,,0,0.000143,22,0.000013,0,5,5,0,5,5
29887214,,0,0.000101,22,0.000013,0,4,4,0,4,4
29605812,,0,0.000095,22,0.000013,0,1,1,0,1,1
29269525,,0,0.000095,22,0.000013,0,1,1,0,1,1
29215753,,0,0.000135,22,0.000013,1,6,7,1,6,7
29021619,,0.00088,0.02494,31,0.000026,8,15,23,8,15,23
28265380,,0,0.000099,2,0.000024,1,3,4,1,3,4
28196272,,0,0.000095,22,0.000013,0,1,1,0,1,1
28112740,,0,0.000942,31,0.000013,0,5,5,0,5,5
28111427,,0,0.000166,22,0.000013,0,5,5,0,5,5
27658390,,0,0.000116,22,0.000024,1,6,7,1,6,7
27527004,,0,0.000095,22,0.000013,0,1,1,0,1,1
27272900,,0,0.000131,22,0.000013,0,5,5,0,5,5
26778126,,0,0.000095,22,0.000013,0,1,1,0,1,1
26608569,,0,0.000201,22,0.000013,0,7,7,0,7,7
26332594,,0,0.000156,22,0.000013,0,3,3,0,3,3
26246475,,0.000009,0.000271,22,0.000025,2,6,8,2,6,8
25831438,,0,0.000096,22,0.000013,0,3,3,0,3,3
25649125,,0,0.000095,22,0.000013,0,2,2,0,2,2
25632303,,0,0.000095,22,0.000013,0,1,1,0,1,1
25593598,,0,0.000273,22,0.000013,0,6,6,0,6,6
25486560,,0,0.000135,8,0.000013,0,2,2,0,2,2
25331574,,0,0.000095,22,0.000013,0,1,1,0,1,1
24894818,,0.000286,0.000165,22,0.00006,20,5,25,20,5,25
24838940,,0,0.000248,22,0.000013,0,2,2,0,2,2
24824029,,0,0.000106,22,0.000035,2,2,4,2,2,4
24560445,,0.010481,0.026006,41,0.000204,34,8,42,34,8,42
24466223,,0,0.000095,22,0.000013,0,1,1,0,1,1
24387988,,0,0.000124,22,0.000013,0,2,2,0,2,2
24362816,,0,0.000148,22,0.000013,0,5,5,0,5,5
23974870,,0,0.000095,22,0.000013,0,1,1,0,1,1
23150081,,0,0.000137,22,0.000013,0,3,3,0,3,3
22949379,,0,0.000103,22,0.000013,0,4,4,0,4,4
22640420,,0,0.000095,22,0.000013,0,1,1,0,1,1
22307713,,0,0.000095,22,0.000013,0,1,1,0,1,1
22251874,,0,0.000095,22,0.000013,0,1,1,0,1,1
22128052,,0,0.000095,22,0.000013,0,1,1,0,1,1
21990146,,0.001281,0.000344,22,0.000331,64,7,71,64,7,71
21725363,,0,0.000095,22,0.000013,0,1,1,0,1,1
21707452,,0,0.000095,22,0.000013,0,1,1,0,1,1
21473589,,0,0.000095,22,0.000013,0,1,1,0,1,1
20940738,,0,0.000095,22,0.000013,0,1,1,0,1,1
20927378,,0,0.000095,22,0.000013,0,1,1,0,1,1
20691492,,0,0.000095,22,0.000013,0,1,1,0,1,1
20359249,,0,0.000095,22,0.000013,0,1,1,0,1,1
20103620,,0,0.000125,22,0.000013,0,4,4,0,4,4
19841300,,0,0.000095,22,0.000013,0,1,1,0,1,1
19306393,,0,0.000095,22,0.000013,0,1,1,0,1,1
19141585,,0,0.000095,22,0.000013,0,1,1,0,1,1
19092772,,0,0.000164,0,0.000013,0,3,3,0,3,3
18951448,,0,0.000111,22,0.000013,0,4,4,0,4,4
18951446,,0,0.00017,22,0.000013,0,6,6,0,6,6
18832462,,0,0.000095,22,0.000013,0,1,1,0,1,1
21448340,,0,0,8,0.000013,0,1,1,0,1,1
30133114,,0,0.000001,1,0.000013,0,1,1,0,1,1
28924235,,0,0.000001,1,0.000013,0,1,1,0,1,1
25567974,,0,0.000001,1,0.000013,0,1,1,0,1,1
24416147,,0,0.000001,1,0.000013,0,1,1,0,1,1
23133645,,0,0.000001,1,0.000013,0,1,1,0,1,1
21092294,,0.000004,0.00004,1,0.000048,4,3,7,4,3,7
28510697,,0,0.000002,1,0.000013,0,3,3,0,3,3
26185454,,0,0.000001,1,0.000013,0,3,3,0,3,3
23372718,,0,0.000001,1,0.000013,0,3,3,0,3,3
22419889,,0,0.000001,1,0.000013,0,3,3,0,3,3
22051193,,0,0.000001,1,0.000084,10,2,12,10,2,12
21660142,,0,0.000001,1,0.000013,0,1,1,0,1,1
20700465,,0,0.000001,1,0.000013,0,1,1,0,1,1
26443265,,0,0.000016,5,0.000013,0,1,1,0,1,1
25099078,,0.000002,0.00004,5,0.000014,1,9,10,1,9,10
23825307,,0.000053,0.00004,5,0.000042,7,6,13,7,6,13
23795707,,0.000021,0.000059,5,0.000037,4,9,13,4,9,13
20144329,,0,0.000016,5,0.000013,0,1,1,0,1,1
19277853,,0,0.000016,5,0.000013,0,1,1,0,1,1
19060299,,0,0.000018,5,0.000013,0,2,2,0,2,2
18288593,,0,0.000016,5,0.000013,0,1,1,0,1,1
29162146,,0,0.000039,19,0.000013,0,2,2,0,2,2
27769050,,0,0.000002,19,0.000013,0,1,1,0,1,1
24642621,,0,0.000003,19,0.000013,0,2,2,0,2,2
23378890,,0,0.000002,19,0.000013,0,1,1,0,1,1
21719745,,0,0.000002,19,0.000013,0,1,1,0,1,1
21507987,,0,0.000003,19,0.000013,0,2,2,0,2,2
20591176,,0,0.000002,19,0.000013,0,1,1,0,1,1
20145170,,0,0.000002,19,0.000013,0,1,1,0,1,1
20110285,,0,0.000002,19,0.000013,0,1,1,0,1,1
19104203,,0,0.000002,19,0.000013,0,1,1,0,1,1
28148898,,0,0.000078,0,0.000013,0,1,1,0,1,1
27796283,,0,0.000078,0,0.000013,0,1,1,0,1,1
26992833,,0,0.000078,0,0.000013,0,1,1,0,1,1
25743260,,0,0.000078,0,0.000013,0,2,2,0,2,2
24930116,,0,0.000078,0,0.000013,0,2,2,0,2,2
24475258,,0,0.000078,0,0.000013,0,1,1,0,1,1
24223453,,0,0.00008,0,0.000013,0,2,2,0,2,2
23544012,,0.003766,0.000459,0,0.000278,51,11,62,51,11,62
23319983,,0,0.000078,0,0.000013,0,1,1,0,1,1
22454379,,0,0.000079,30,0.000013,0,2,2,0,2,2
22351618,,0.001783,0.000264,0,0.000142,19,9,28,19,9,28
21385923,,0.001078,0.000126,2,0.000142,21,2,23,21,2,23
21368091,,0.000003,0.000078,17,0.000144,13,1,14,13,1,14
21104022,,0,0.000078,0,0.000013,0,1,1,0,1,1
19794065,,0,0.000078,0,0.000013,0,1,1,0,1,1
19106292,,0,0.000078,0,0.000013,0,1,1,0,1,1
18978339,,0,0.000078,0,0.000013,0,1,1,0,1,1
29584547,,0,0.000041,2,0.000013,0,4,4,0,4,4
29085449,,0,0.000028,2,0.000013,0,1,1,0,1,1
28915487,,0,0.000028,2,0.000013,0,1,1,0,1,1
28542378,,0,0.000074,5,0.000013,0,9,9,0,9,9
27777885,,0,0.000028,2,0.000013,0,2,2,0,2,2
27248471,,0,0.000028,2,0.000013,0,2,2,0,2,2
25349739,,0,0.000028,2,0.000013,0,1,1,0,1,1
24940099,,0,0.000028,2,0.000013,0,1,1,0,1,1
23354980,,0.000028,0.000179,5,0.000019,3,5,8,3,5,8
22987302,,0,0.000041,2,0.000013,0,2,2,0,2,2
26109920,,0,0.000003,23,0.000013,0,2,2,0,2,2
25749046,,0,0.000001,11,0.000013,0,1,1,0,1,1
25041817,,0,0.000003,22,0.000013,0,2,2,0,2,2
24913674,,0,0.000028,8,0.000013,0,3,3,0,3,3
24571325,,0,0.000001,11,0.000013,0,2,2,0,2,2
24182359,,0,0.000001,11,0.000013,0,1,1,0,1,1
21217819,,0,0.000001,11,0.000013,0,1,1,0,1,1
20456353,,0,0.000101,11,0.000013,0,3,3,0,3,3
19790261,,0,0.000001,11,0.000013,0,1,1,0,1,1
19748363,,0,0.000001,11,0.000013,0,1,1,0,1,1
19736315,,0,0.000001,11,0.000013,0,1,1,0,1,1
19616740,,0,0.000001,11,0.000013,0,1,1,0,1,1
29038438,,0,0.000002,14,0.000013,0,2,2,0,2,2
18086758,,0.000042,0,14,0.000557,28,0,28,28,0,28
28781691,,0,0.000001,14,0.000013,0,1,1,0,1,1
28749098,,0,0.000189,2,0.000013,0,3,3,0,3,3
27863412,,0,0.000252,14,0.000013,0,2,2,0,2,2
25006581,,0,0.000074,41,0.000013,0,4,4,0,4,4
24621646,,0,0.000001,14,0.000013,0,1,1,0,1,1
24254304,,0,0.000002,0,0.000013,0,2,2,0,2,2
23339595,,0,0.000001,14,0.000013,0,1,1,0,1,1
23209746,,0,0.000054,14,0.000013,0,2,2,0,2,2
21965274,,0,0.000001,14,0.000013,0,1,1,0,1,1
21637745,,0,0.000001,14,0.000013,0,1,1,0,1,1
21422097,,0,0.000016,14,0.000013,0,2,2,0,2,2
21148628,,0,0.000001,14,0.000013,0,1,1,0,1,1
21129770,,0,0.000001,14,0.000013,0,1,1,0,1,1
20386703,,0,0.000001,14,0.000013,0,1,1,0,1,1
19690184,,0,0.000001,14,0.000013,0,1,1,0,1,1
19432957,,0,0.000001,14,0.000013,0,1,1,0,1,1
19127255,,0,0.000016,14,0.000013,0,2,2,0,2,2
18431743,,0.000657,0.000001,14,0.000374,41,1,42,41,1,42
22955851,,0,0,30,0.000013,0,1,1,0,1,1
30319685,,0,0.000098,8,0.000013,0,1,1,0,1,1
30310080,,0,0.000098,8,0.000013,0,1,1,0,1,1
30287511,,0,0.000098,8,0.000013,0,1,1,0,1,1
30258062,,0,0.000166,23,0.000013,0,4,4,0,4,4
30133561,,0,0.028012,5,0.000013,0,16,16,0,16,16
29769340,,0,0.000098,8,0.000013,0,1,1,0,1,1
29726094,,0,0.000098,8,0.000013,0,1,1,0,1,1
29688260,,0,0.000121,41,0.000013,0,2,2,0,2,2
29660024,,0,0.000098,8,0.000013,0,1,1,0,1,1
29599445,,0,0.000098,8,0.000013,0,1,1,0,1,1
29468011,,0,0.000098,8,0.000013,0,1,1,0,1,1
29458757,,0,0.000535,8,0.000013,0,5,5,0,5,5
29436502,,0,0.000098,8,0.000013,0,1,1,0,1,1
29427417,,0,0.000261,8,0.000013,0,2,2,0,2,2
29371815,,0,0.000098,8,0.000013,0,1,1,0,1,1
29293601,,0,0.000098,8,0.000013,0,1,1,0,1,1
29227281,,0,0.000314,32,0.000013,0,4,4,0,4,4
29156644,,0,0.000245,8,0.000013,0,2,2,0,2,2
28939762,,0,0.000098,8,0.000013,0,1,1,0,1,1
28796254,,0,0.000186,8,0.000013,0,2,2,0,2,2
28784724,,0,0.000186,8,0.000013,0,2,2,0,2,2
28749454,,0,0.000098,8,0.000013,0,1,1,0,1,1
28534480,,0,0.000098,8,0.000013,0,1,1,0,1,1
28513583,,0,0.000098,8,0.000013,0,1,1,0,1,1
28485537,,0,0.000271,8,0.000013,0,4,4,0,4,4
28356832,,0,0.000098,8,0.000013,0,1,1,0,1,1
28057929,,0,0.000098,8,0.000013,0,1,1,0,1,1
27978798,,0.000122,0.002188,51,0.000034,4,7,11,4,7,11
27933097,,0,0.000098,8,0.000013,0,1,1,0,1,1
27921283,,0,0.000164,8,0.000013,0,2,2,0,2,2
27751184,,0,0.000098,8,0.000013,0,1,1,0,1,1
27671650,,0,0.000625,8,0.000013,0,8,8,0,8,8
27568560,,0,0.000098,8,0.000013,0,1,1,0,1,1
27552084,,0,0.000098,8,0.000013,0,1,1,0,1,1
27499778,,0,0.000098,17,0.000013,0,2,2,0,2,2
27484786,,0,0.000246,8,0.000013,0,3,3,0,3,3
27308331,,0,0.000098,8,0.000013,0,1,1,0,1,1
27237587,,0,0.000098,8,0.000013,0,1,1,0,1,1
27230014,,0,0.000098,8,0.000013,0,1,1,0,1,1
27224545,,0,0.000841,8,0.000013,0,14,14,0,14,14
27186434,,0,0.000715,0,0.000013,0,8,8,0,8,8
27001511,,0,0.000098,8,0.000013,0,1,1,0,1,1
26984527,,0,0.000098,8,0.000013,0,1,1,0,1,1
26964031,,0,0.024851,32,0.000013,0,8,8,0,8,8
26939887,,0,0.00052,8,0.000013,0,3,3,0,3,3
26886024,,0,0.000098,8,0.000013,0,1,1,0,1,1
26881472,,0.000154,0.00363,51,0.000028,7,15,22,7,15,22
26750263,,0,0.000098,8,0.000013,0,1,1,0,1,1
26658019,,0,0.022598,32,0.000013,0,4,4,0,4,4
26622786,,0,0.000098,8,0.000013,0,1,1,0,1,1
26607450,,0,0.000098,8,0.000013,0,1,1,0,1,1
26546619,,0.000341,0.000654,32,0.000068,13,4,17,13,4,17
26546517,,0,0.000098,8,0.000013,0,1,1,0,1,1
26471728,,0,0.000098,8,0.000013,0,1,1,0,1,1
26271991,,0,0.000098,8,0.000013,0,1,1,0,1,1
26238353,,0,0.000897,8,0.000013,0,5,5,0,5,5
26230935,,0,0.000114,8,0.000013,0,2,2,0,2,2
26138487,,0,0.000098,8,0.000013,0,1,1,0,1,1
26101701,,0,0.000098,8,0.000013,0,1,1,0,1,1
25963654,,0,0.000098,8,0.000013,0,1,1,0,1,1
25731766,,0,0.000211,8,0.000013,0,3,3,0,3,3
25721418,,0,0.000098,8,0.000013,0,1,1,0,1,1
25699708,,0,0.000098,8,0.000013,0,1,1,0,1,1
25646444,,0,0.000098,8,0.000013,0,1,1,0,1,1
25635998,,0,0.00012,41,0.000013,0,2,2,0,2,2
25550423,,0,0.000098,8,0.000013,0,1,1,0,1,1
25535332,,0,0.000104,8,0.000013,0,2,2,0,2,2
25449597,,0,0.000098,8,0.000013,0,1,1,0,1,1
25417172,,0,0.000098,8,0.000013,0,1,1,0,1,1
25289647,,0,0.000098,8,0.000013,0,1,1,0,1,1
25262353,,0,0.000098,8,0.000013,0,1,1,0,1,1
25249620,,0,0.000098,8,0.000013,0,1,1,0,1,1
25170075,,0,0.000642,8,0.000013,0,6,6,0,6,6
25054302,,0,0.000536,32,0.000013,0,3,3,0,3,3
25037209,,0,0.000098,8,0.000013,0,1,1,0,1,1
25017126,,0,0.000098,8,0.000013,0,1,1,0,1,1
24970150,,0,0.000852,8,0.000013,0,5,5,0,5,5
24938228,,0,0.000098,8,0.000013,0,1,1,0,1,1
24732344,,0,0.00017,17,0.000013,0,3,3,0,3,3
24711454,,0,0.000098,8,0.000013,0,1,1,0,1,1
24531842,,0,0.000098,8,0.000013,0,1,1,0,1,1
24358152,,0,0.000098,8,0.000013,0,1,1,0,1,1
24267451,,0,0.000098,8,0.000013,0,1,1,0,1,1
24202319,,0,0.022849,32,0.000013,0,4,4,0,4,4
24174542,,0,0.000098,8,0.000013,0,1,1,0,1,1
24157870,,0,0.000338,8,0.000013,0,3,3,0,3,3
24080495,,0,0.000098,8,0.000013,0,1,1,0,1,1
24062231,,0,0.000115,0,0.000013,0,4,4,0,4,4
24013362,,0,0.000098,8,0.000013,0,1,1,0,1,1
23986589,,0,0.000098,8,0.000013,0,1,1,0,1,1
23935538,,0,0.000098,8,0.000013,0,1,1,0,1,1
23925293,,0,0.000261,8,0.000013,0,2,2,0,2,2
23893481,,0,0.000098,8,0.000013,0,1,1,0,1,1
23783034,,0,0.000098,8,0.000013,0,1,1,0,1,1
23720674,,0,0.000116,8,0.000013,0,3,3,0,3,3
23686288,,0,0.000098,8,0.000013,0,1,1,0,1,1
23677613,,0,0.000098,8,0.000013,0,1,1,0,1,1
23592964,,0,0.000444,32,0.000013,0,3,3,0,3,3
23365640,,0,0.000098,8,0.000013,0,1,1,0,1,1
23255604,,0,0.000104,8,0.000013,0,2,2,0,2,2
23251687,,0,0.000098,8,0.000013,0,1,1,0,1,1
22933979,,0,0.000098,8,0.000013,0,1,1,0,1,1
22859673,,0,0.000098,8,0.000013,0,1,1,0,1,1
22801543,,0,0.000098,8,0.000013,0,1,1,0,1,1
22705796,,0,0.000098,8,0.000013,0,1,1,0,1,1
22555442,,0,0.000098,8,0.000013,0,1,1,0,1,1
22399496,,0,0.000098,8,0.000013,0,1,1,0,1,1
22369616,,0,0.000098,8,0.000013,0,1,1,0,1,1
22336907,,0,0.0003,32,0.000013,0,3,3,0,3,3
22313133,,0,0.000107,8,0.000013,0,2,2,0,2,2
22305526,,0,0.000338,8,0.000013,0,3,3,0,3,3
22199229,,0,0.000098,8,0.000013,0,1,1,0,1,1
22020516,,0,0.000098,8,0.000013,0,1,1,0,1,1
21946623,,0,0.000098,8,0.000013,0,1,1,0,1,1
21875370,,0,0.000098,8,0.000013,0,1,1,0,1,1
21773671,,0,0.000104,8,0.000013,0,2,2,0,2,2
21741981,,0,0.000098,8,0.000013,0,1,1,0,1,1
21704205,,0,0.000338,8,0.000013,0,3,3,0,3,3
21660705,,0,0.000098,8,0.000013,0,1,1,0,1,1
21628845,,0,0.000098,8,0.000013,0,1,1,0,1,1
21417933,,0,0.000098,8,0.000013,0,1,1,0,1,1
21383502,,0,0.000098,8,0.000013,0,1,1,0,1,1
21369956,,0,0.000098,8,0.000013,0,1,1,0,1,1
21343337,,0,0.000098,8,0.000013,0,1,1,0,1,1
21252998,,0,0.000098,8,0.000013,0,1,1,0,1,1
21113733,,0,0.000098,8,0.000013,0,1,1,0,1,1
21097884,,0,0.000098,8,0.000013,0,1,1,0,1,1
21050828,,0,0.000098,8,0.000013,0,1,1,0,1,1
20847899,,0,0.000098,8,0.000013,0,1,1,0,1,1
20728025,,0,0.000098,8,0.000013,0,1,1,0,1,1
20708636,,0,0.000098,8,0.000013,0,1,1,0,1,1
20658646,,0,0.000102,11,0.000013,0,2,2,0,2,2
20617203,,0,0.000098,8,0.000013,0,1,1,0,1,1
20599771,,0,0.000098,8,0.000013,0,1,1,0,1,1
20444977,,0,0.000098,8,0.000013,0,1,1,0,1,1
20436294,,0,0.000098,8,0.000013,0,1,1,0,1,1
20406785,,0,0.000098,8,0.000013,0,1,1,0,1,1
20371517,,0,0.000098,8,0.000013,0,1,1,0,1,1
20356803,,0,0.000098,8,0.000013,0,1,1,0,1,1
20347845,,0,0.000098,8,0.000013,0,1,1,0,1,1
20308280,,0,0.000098,8,0.000013,0,1,1,0,1,1
20203697,,0,0.000098,8,0.000013,0,1,1,0,1,1
20188668,,0,0.00017,8,0.000013,0,2,2,0,2,2
20095849,,0,0.000098,8,0.000013,0,1,1,0,1,1
20061370,,0,0.000098,8,0.000013,0,1,1,0,1,1
19949546,,0,0.000112,2,0.000013,0,2,2,0,2,2
19941829,,0,0.000098,8,0.000013,0,1,1,0,1,1
19901069,,0,0.000098,8,0.000013,0,1,1,0,1,1
19878555,,0,0.000098,8,0.000013,0,1,1,0,1,1
19855395,,0,0.000098,8,0.000013,0,1,1,0,1,1
19812186,,0,0.000098,8,0.000013,0,1,1,0,1,1
19674975,,0,0.000098,8,0.000013,0,1,1,0,1,1
19661435,,0,0.000098,8,0.000013,0,1,1,0,1,1
19595722,,0,0.000098,8,0.000013,0,1,1,0,1,1
19595720,,0,0.000098,8,0.000013,0,1,1,0,1,1
19581589,,0,0.000098,8,0.000013,0,1,1,0,1,1
19424425,,0,0.000098,8,0.000013,0,1,1,0,1,1
19327148,,0,0.000109,8,0.000013,0,2,2,0,2,2
19270065,,0,0.000098,8,0.000013,0,1,1,0,1,1
19134208,,0,0.000098,8,0.000013,0,1,1,0,1,1
19083132,,0,0.000098,8,0.000013,0,1,1,0,1,1
19072762,,0,0.000098,8,0.000013,0,1,1,0,1,1
18957201,,0,0.000098,8,0.000013,0,1,1,0,1,1
18710952,,0,0.000098,8,0.000013,0,1,1,0,1,1
18413719,,0,0.000098,8,0.000013,0,1,1,0,1,1
29670073,,0,0.000001,44,0.000013,0,1,1,0,1,1
18172292,,0.00005,0,44,0.000195,15,0,15,15,0,15
27880743,,0,0.000001,44,0.000013,0,1,1,0,1,1
26587041,,0,0.000001,44,0.000013,0,1,1,0,1,1
26158424,,0,0.000001,44,0.000013,0,1,1,0,1,1
25368379,,0,0.000001,44,0.000013,0,1,1,0,1,1
25218637,,0.00019,0.000533,44,0.000189,23,5,28,23,5,28
23915220,,0,0.000001,44,0.000013,0,1,1,0,1,1
23865079,,0,0.000001,44,0.000013,0,1,1,0,1,1
22701175,,0,0.000001,44,0.000013,0,1,1,0,1,1
22649770,,0,0.000001,44,0.000013,0,1,1,0,1,1
22577550,,0,0.000001,44,0.000013,0,1,1,0,1,1
22389451,,0,0.000001,44,0.000013,0,1,1,0,1,1
19962312,,0,0.000001,44,0.000013,0,1,1,0,1,1
28948196,,0,0,30,0.000013,0,2,2,0,2,2
18175183,,0.000014,0,30,0.000307,21,0,21,21,0,21
28924576,,0,0.000001,30,0.00004,3,4,7,3,4,7
28042590,,0,0.000001,30,0.000013,0,4,4,0,4,4
27645219,,0,0.000002,30,0.000013,0,5,5,0,5,5
26762357,,0,0,30,0.000013,0,1,1,0,1,1
26158105,,0,0,30,0.000013,0,1,1,0,1,1
26158050,,0,0.000002,30,0.000064,8,3,11,8,3,11
25851469,,0,0.000001,30,0.000013,0,3,3,0,3,3
25159706,,0,0.000623,30,0.000123,14,6,20,14,6,20
24593735,,0,0,30,0.000013,0,1,1,0,1,1
23570938,,0,0,30,0.000013,0,1,1,0,1,1
23298092,,0,0,30,0.000013,0,1,1,0,1,1
22246204,,0.000014,0,30,0.000111,10,1,11,10,1,11
21771961,,0,0,30,0.000013,0,1,1,0,1,1
21482168,,0,0,30,0.000013,0,1,1,0,1,1
21158272,,0,0,30,0.000013,0,1,1,0,1,1
20619697,,0,0,30,0.000013,0,1,1,0,1,1
20443480,,0,0,30,0.000013,0,1,1,0,1,1
19594292,,0,0,30,0.000013,0,1,1,0,1,1
19544793,,0,0,30,0.000013,0,1,1,0,1,1
19201357,,0,0,30,0.000013,0,1,1,0,1,1
26534921,,0,0.000033,0,0.000013,0,1,1,0,1,1
26215859,,0,0.000033,0,0.000013,0,1,1,0,1,1
25394171,,0,0.000033,0,0.000013,0,1,1,0,1,1
24587872,,0,0.000082,0,0.000013,0,6,6,0,6,6
24331190,,0,0.000033,0,0.000013,0,1,1,0,1,1
24097065,,0,0.000033,0,0.000013,0,1,1,0,1,1
22323072,,0,0.000033,0,0.000013,0,1,1,0,1,1
21949568,,0,0.000033,0,0.000013,0,1,1,0,1,1
21380934,,0,0.00006,0,0.000013,0,2,2,0,2,2
30135717,,0,0.001267,51,0.000013,0,10,10,0,10,10
27486019,,0.000027,0.001179,51,0.00003,4,5,9,4,5,9
27225637,,0.000008,0.000413,51,0.000014,1,13,14,1,13,14
23792811,,0,0.000088,51,0.000046,3,3,6,3,3,6
21963805,,0,0.00002,51,0.000013,0,2,2,0,2,2
21959049,,0,0.000019,51,0.000013,0,1,1,0,1,1
20592016,,0,0.000331,51,0.000013,0,3,3,0,3,3
20569440,,0,0.000019,51,0.000013,0,1,1,0,1,1
20388772,,0,0.000133,51,0.000013,0,3,3,0,3,3
30181190,,0,0.000676,5,0.000013,0,10,10,0,10,10
29801090,,0,0.000236,5,0.000013,0,6,6,0,6,6
29710224,,0.000546,0.000179,5,0.000015,2,4,6,2,4,6
29319429,,0,0.000167,5,0.000013,0,3,3,0,3,3
27382334,,0,0.000045,5,0.000013,0,4,4,0,4,4
26646754,,0,0.000036,5,0.000013,0,2,2,0,2,2
26217598,,0,0.000036,5,0.000013,0,1,1,0,1,1
25494812,,0.001024,0.000697,5,0.000079,22,7,29,22,7,29
24647776,,0,0.00007,5,0.000013,0,4,4,0,4,4
24499499,,0,0.000036,5,0.000013,0,1,1,0,1,1
23095764,,0,0.000047,5,0.000013,0,3,3,0,3,3
23046572,,0,0.000036,5,0.000013,0,1,1,0,1,1
22655123,,0.000101,0.000426,0,0.000021,4,3,7,4,3,7
20975871,,0,0.000111,5,0.000013,0,2,2,0,2,2
20829330,,0,0.000249,5,0.000013,0,5,5,0,5,5
19523124,,0,0.000036,5,0.000013,0,1,1,0,1,1
19306394,,0,0.00004,22,0.000013,0,2,2,0,2,2
18614462,,0,0.000036,5,0.000013,0,1,1,0,1,1
28782606,,0,0.02426,31,0.000013,0,5,5,0,5,5
28727822,,0,0.000308,41,0.000013,0,1,1,0,1,1
27613518,,0.000053,0.00239,32,0.000031,4,10,14,4,10,14
27268121,,0,0.023562,41,0.000013,0,5,5,0,5,5
26557500,,0,0.02821,0,0.000013,0,13,13,0,13,13
26464562,,0,0.000308,41,0.000013,0,1,1,0,1,1
26099008,,0,0.000308,41,0.000013,0,1,1,0,1,1
25608477,,0.00654,0.024696,41,0.000127,20,5,25,20,5,25
25483088,,0,0.023756,32,0.000013,0,5,5,0,5,5
25184681,,0,0.000511,8,0.000013,0,4,4,0,4,4
24431628,,0,0.000308,41,0.000013,0,1,1,0,1,1
24363999,,0,0.023846,23,0.000013,0,5,5,0,5,5
24281100,,0,0.00051,41,0.000013,0,3,3,0,3,3
24281034,,0,0.000308,41,0.000013,0,1,1,0,1,1
24213462,,0.000007,0.000308,41,0.000029,2,1,3,2,1,3
23780408,,0,0.022914,41,0.000013,0,3,3,0,3,3
23666104,,0,0.000308,41,0.000013,0,1,1,0,1,1
23289505,,0,0.022431,41,0.000013,0,2,2,0,2,2
22481932,,0.003045,0.002709,41,0.000127,15,9,24,15,9,24
22416079,,0.011167,0.023335,41,0.000814,82,4,86,82,4,86
22330607,,0,0.000601,32,0.000013,0,2,2,0,2,2
22266861,,0,0.022444,1,0.000013,0,3,3,0,3,3
22076125,,0,0.022515,41,0.000013,0,3,3,0,3,3
21941283,,0,0.022813,5,0.000013,0,4,4,0,4,4
21789144,,0,0.000308,41,0.000013,0,1,1,0,1,1
21577260,,0,0.000308,41,0.000013,0,1,1,0,1,1
21537476,,0,0.000308,41,0.000013,0,1,1,0,1,1
21196359,,0,0.000308,41,0.000013,0,1,1,0,1,1
20943616,,0,0.000308,41,0.000013,0,1,1,0,1,1
20942669,,0,0.000308,41,0.000013,0,1,1,0,1,1
20132554,,0,0.000308,41,0.000013,0,1,1,0,1,1
20069122,,0,0.000308,41,0.000013,0,1,1,0,1,1
20069115,,0,0.000308,41,0.000013,0,1,1,0,1,1
19854495,,0,0.000308,41,0.000013,0,1,1,0,1,1
19834951,,0.001708,0.000308,41,0.000046,9,1,10,9,1,10
19707197,,0,0.000308,41,0.000013,0,1,1,0,1,1
19602459,,0,0.000308,41,0.000013,0,1,1,0,1,1
19574400,,0,0.000308,41,0.000013,0,1,1,0,1,1
19383377,,0,0.000308,41,0.000013,0,1,1,0,1,1
18628764,,0,0.001099,41,0.000013,0,2,2,0,2,2
28143445,,0,0.000052,51,0.000013,0,3,3,0,3,3
27455328,,0,0,51,0.000013,0,1,1,0,1,1
19725922,,0,0,51,0.000013,0,1,1,0,1,1
25952684,,0,0,5,0.000013,0,1,1,0,1,1
24872228,,0,0,5,0.000013,0,1,1,0,1,1
24317580,,0,0.000326,2,0.000013,0,4,4,0,4,4
19584277,,0,0,2,0.000013,0,1,1,0,1,1
30266954,,0,0.027176,5,0.000013,0,17,17,0,17,17
30166399,,0,0.001637,31,0.000013,0,7,7,0,7,7
30134550,,0,0.000966,23,0.000013,0,4,4,0,4,4
30051098,,0,0.00315,31,0.000013,0,11,11,0,11,11
30001383,,0,0.000854,32,0.000013,0,2,2,0,2,2
29992957,,0,0.001813,8,0.000013,0,8,8,0,8,8
29805738,,0,0.001359,32,0.000013,0,8,8,0,8,8
29765043,,0,0.000792,32,0.000013,0,1,1,0,1,1
29660759,,0,0.003989,31,0.000013,0,11,11,0,11,11
29560343,,0,0.000792,32,0.000013,0,1,1,0,1,1
29522117,,0,0.001342,31,0.000013,0,3,3,0,3,3
29427345,,0,0.003357,32,0.000013,1,12,13,1,12,13
29334356,,0,0.001488,32,0.000013,0,4,4,0,4,4
29262651,,0,0.002376,41,0.000013,0,8,8,0,8,8
29262321,,0,0.000956,51,0.000013,0,3,3,0,3,3
29189915,,0,0.002525,32,0.000013,0,8,8,0,8,8
29138572,,0,0.029487,32,0.000013,0,23,23,0,23,23
29093439,,0,0.001571,32,0.000013,0,3,3,0,3,3
29089615,,0,0.000792,32,0.000013,0,1,1,0,1,1
29048400,,0,0.001526,32,0.000013,0,3,3,0,3,3
28984489,,0,0.001249,32,0.000013,0,5,5,0,5,5
28829366,,0,0.002817,51,0.000013,0,11,11,0,11,11
28765325,,0.000983,0.023637,31,0.000035,6,6,12,6,6,12
28752247,,0,0.000792,32,0.000013,0,1,1,0,1,1
28747513,,0,0.003196,51,0.000013,0,11,11,0,11,11
28617445,,0,0.002622,22,0.000013,0,11,11,0,11,11
28588062,,0.004111,0.027852,32,0.000032,13,14,27,13,14,27
28490629,,0,0.000792,32,0.000013,0,1,1,0,1,1
28460466,,0,0.000792,32,0.000013,0,1,1,0,1,1
28450426,,0.00279,0.001037,51,0.00003,11,4,15,11,4,15
28359078,,0,0.022915,32,0.000013,0,2,2,0,2,2
28356425,,0.000292,0.002272,31,0.000025,7,10,17,7,10,17
28299801,,0.000666,0.005694,31,0.000019,4,15,19,4,15,19
28291774,,0.001049,0.003226,32,0.000018,6,7,13,6,7,13
28275299,,0,0.000792,32,0.000013,0,1,1,0,1,1
28255272,,0,0.003176,32,0.000013,0,17,17,0,17,17
28242626,,0.001037,0.004198,8,0.000051,14,21,35,14,21,35
28228161,,0,0.002025,32,0.000013,0,5,5,0,5,5
28215705,,0,0.000792,32,0.000013,0,1,1,0,1,1
28144362,,0,0.000792,32,0.000013,0,1,1,0,1,1
28143617,,0,0.000792,32,0.000013,0,1,1,0,1,1
28117679,,0,0.025878,32,0.000013,0,7,7,0,7,7
28108739,,0,0.002153,32,0.000013,0,6,6,0,6,6
28087643,,0.000423,0.002989,31,0.000042,8,11,19,8,11,19
28082821,,0,0.002561,51,0.000013,0,5,5,0,5,5
28008141,,0,0.003538,32,0.000013,0,9,9,0,9,9
27892797,,0,0.001306,32,0.000013,0,5,5,0,5,5
27828713,,0,0.02646,5,0.000013,0,11,11,0,11,11
27821802,,0,0.00132,32,0.000013,0,2,2,0,2,2
27566247,,0,0.001142,32,0.000013,0,2,2,0,2,2
27555886,,0,0.008664,31,0.000013,0,35,35,0,35,35
27415012,,0,0.00274,32,0.000013,0,5,5,0,5,5
27259061,,0,0.003315,5,0.000013,0,6,6,0,6,6
27193186,,0,0.000805,29,0.000013,0,2,2,0,2,2
27161042,,0,0.001277,32,0.000013,0,3,3,0,3,3
27094881,,0,0.000792,32,0.000013,0,1,1,0,1,1
27069769,,0,0.001727,32,0.000013,0,6,6,0,6,6
26997874,,0,0.005183,51,0.000013,0,20,20,0,20,20
26991853,,0,0.000927,32,0.000013,0,2,2,0,2,2
26800494,,0,0.025947,51,0.000013,0,9,9,0,9,9
26528434,,0,0.001281,32,0.000013,0,4,4,0,4,4
26493647,,0,0.029432,5,0.000013,0,21,21,0,21,21
26463832,,0,0.034394,32,0.000013,0,31,31,0,31,31
26439531,,0,0.000792,32,0.000013,0,1,1,0,1,1
26380221,,0.000007,0.000794,11,0.000014,1,4,5,1,4,5
26097394,,0,0.001631,32,0.000013,0,3,3,0,3,3
26048987,,0,0.00378,8,0.000013,0,17,17,0,17,17
25965574,,0,0.000793,11,0.000013,0,2,2,0,2,2
25818403,,0.015479,0.005006,32,0.000206,54,9,63,54,9,63
25779564,,0.011198,0.029233,32,0.000261,66,25,91,66,25,91
25737278,,0.002772,0.024516,32,0.000145,25,6,31,25,6,31
25642960,,0,0.000792,32,0.000013,0,1,1,0,1,1
25634215,,0.003867,0.025898,32,0.000259,18,6,24,18,6,24
25531777,,0,0.000792,32,0.000013,0,1,1,0,1,1
25526776,,0.000048,0.001367,28,0.000033,3,3,6,3,3,6
25522274,,0.000001,0.001331,32,0.000067,6,3,9,6,3,9
25398451,,0.007295,0.026931,0,0.000111,27,9,36,27,9,36
25158060,,0,0.024632,35,0.000013,0,10,10,0,10,10
25096996,,0,0.00132,32,0.000013,0,2,2,0,2,2
24959421,,0,0.000792,32,0.000013,0,1,1,0,1,1
24874729,,0,0.000927,32,0.000013,0,2,2,0,2,2
24862760,,0.002689,0.001874,32,0.000212,18,3,21,18,3,21
24784564,,0.00001,0.001212,32,0.000095,8,5,13,8,5,13
24670686,,0,0.000792,32,0.000013,0,1,1,0,1,1
24639951,,0,0.001142,32,0.000013,0,2,2,0,2,2
24521710,,0,0.023443,32,0.000013,0,3,3,0,3,3
24484288,,0,0.002098,32,0.000013,0,8,8,0,8,8
24462293,,0,0.000792,32,0.000013,0,1,1,0,1,1
24240112,,0.034157,0.028655,5,0.000304,105,11,116,105,11,116
24219164,,0,0.001293,32,0.000013,0,4,4,0,4,4
24113180,,0,0.000927,32,0.000013,0,2,2,0,2,2
24088786,,0.002306,0.002003,32,0.000208,27,3,30,27,3,30
24019998,,0,0.000792,32,0.000013,0,1,1,0,1,1
23956056,,0,0.000792,32,0.000013,0,1,1,0,1,1
23760025,,0,0.02339,32,0.000013,0,3,3,0,3,3
23682925,,0,0.003086,8,0.000013,0,12,12,0,12,12
23450678,,0,0.003463,32,0.000013,0,10,10,0,10,10
23370117,,0.003008,0.003388,32,0.000599,79,9,88,79,9,88
23346316,,0,0.024637,41,0.000013,0,4,4,0,4,4
22863786,,0,0.000792,32,0.000013,0,1,1,0,1,1
22858414,,0,0.001524,32,0.000013,0,2,2,0,2,2
22806981,,0,0.001142,33,0.000247,22,2,24,22,2,24
22788767,,0,0.003044,41,0.000013,0,5,5,0,5,5
22771033,,0.001497,0.001168,8,0.000172,26,5,31,26,5,31
22761336,,0,0.00124,32,0.000013,0,3,3,0,3,3
22759740,,0,0.005613,8,0.000013,0,11,11,0,11,11
22685209,,0,0.022915,32,0.000013,0,2,2,0,2,2
22659329,,0,0.001723,32,0.000013,0,5,5,0,5,5
22576213,,0.013634,0.023919,31,0.000768,56,4,60,56,4,60
22505475,,0,0.026147,32,0.000013,0,8,8,0,8,8
22325354,,0,0.001206,8,0.000013,0,6,6,0,6,6
22291137,,0.00787,0.000792,32,0.00063,56,1,57,56,1,57
22084640,,0,0.002581,32,0.000013,0,7,7,0,7,7
22007174,,0,0.000834,70,0.000013,0,2,2,0,2,2
21989215,,0,0.002471,8,0.000013,0,7,7,0,7,7
21969054,,0,0.000792,32,0.000013,0,1,1,0,1,1
21968702,,0,0.001452,32,0.000013,0,5,5,0,5,5
21953712,,0,0.001267,32,0.000013,0,2,2,0,2,2
21884642,,0,0.000792,32,0.000013,0,1,1,0,1,1
21718592,,0.003547,0.001178,41,0.000134,20,2,22,20,2,22
21693595,,0,0.000792,32,0.000013,0,1,1,0,1,1
21679440,,0,0.00167,32,0.000013,0,3,3,0,3,3
21614176,,0,0.000792,32,0.000013,0,1,1,0,1,1
21603316,,0,0.001924,32,0.000013,0,5,5,0,5,5
21436469,,0,0.000792,32,0.000013,0,1,1,0,1,1
21385444,,0.002144,0.001142,32,0.000173,22,2,24,22,2,24
21278454,,0,0.002159,8,0.000013,0,8,8,0,8,8
21138871,,0,0.001142,32,0.000013,0,2,2,0,2,2
21125682,,0,0.000997,32,0.000013,0,3,3,0,3,3
20924112,,0,0.001295,32,0.000013,0,3,3,0,3,3
20855963,,0,0.00132,32,0.000013,0,2,2,0,2,2
20815774,,0,0.000792,32,0.000013,0,1,1,0,1,1
20807817,,0,0.00132,32,0.000013,0,2,2,0,2,2
20739886,,0,0.001267,32,0.000013,0,2,2,0,2,2
20676117,,0,0.001808,32,0.000013,0,4,4,0,4,4
20655286,,0,0.000792,32,0.000013,0,1,1,0,1,1
20589834,,0,0.000792,32,0.000013,0,1,1,0,1,1
20581869,,0,0.001774,32,0.000013,0,4,4,0,4,4
20547991,,0.026928,0.00132,41,0.001095,120,2,122,120,2,122
20466604,,0,0.000806,35,0.000013,0,2,2,0,2,2
20395368,,0,0.000829,32,0.000013,0,2,2,0,2,2
20216476,,0,0.000792,32,0.000013,0,1,1,0,1,1
20205718,,0,0.00132,32,0.000013,0,2,2,0,2,2
20200537,,0,0.001346,32,0.000013,0,4,4,0,4,4
20164690,,0,0.001295,32,0.000013,0,3,3,0,3,3
20060285,,0,0.000792,32,0.000013,0,1,1,0,1,1
20030863,,0,0.00132,32,0.000013,0,2,2,0,2,2
20009567,,0,0.000792,32,0.000013,0,1,1,0,1,1
19931353,,0,0.000792,32,0.000013,0,1,1,0,1,1
19805003,,0,0.00167,32,0.000013,0,3,3,0,3,3
19792967,,0,0.000792,32,0.000013,0,1,1,0,1,1
19755856,,0,0.000792,32,0.000013,0,1,1,0,1,1
19754664,,0,0.000792,32,0.000013,0,1,1,0,1,1
19549900,,0,0.000792,32,0.000013,0,1,1,0,1,1
19461667,,0,0.000792,32,0.000013,0,1,1,0,1,1
19403702,,0.001678,0.000792,32,0.000428,38,1,39,38,1,39
19274461,,0,0.00132,32,0.000013,0,2,2,0,2,2
19269363,,0,0.000792,32,0.000013,0,1,1,0,1,1
19089915,,0,0.000792,32,0.000013,0,1,1,0,1,1
18971340,,0,0.00132,32,0.000013,0,2,2,0,2,2
18809224,,0,0.000792,32,0.000013,0,1,1,0,1,1
18720553,,0.00025,0.00132,32,0.000165,10,2,12,10,2,12
29263364,,0,0.000004,8,0.000013,0,1,1,0,1,1
28040742,,0,0.000133,8,0.000013,0,2,2,0,2,2
26963612,,0,0.000004,8,0.000013,0,1,1,0,1,1
26477511,,0,0.000004,8,0.000013,0,1,1,0,1,1
26051888,,0,0.000004,8,0.000013,0,1,1,0,1,1
25596822,,0,0.000004,8,0.000013,0,1,1,0,1,1
25231760,,0,0.000004,8,0.000013,0,1,1,0,1,1
24709634,,0,0.000004,8,0.000013,0,1,1,0,1,1
23833215,,0,0.000004,8,0.000013,0,1,1,0,1,1
23555814,,0,0.000004,8,0.000013,0,1,1,0,1,1
23316441,,0,0.000004,8,0.000013,0,1,1,0,1,1
22673804,,0,0.000004,8,0.000013,0,1,1,0,1,1
22666434,,0,0.000004,8,0.000013,0,1,1,0,1,1
22542963,,0,0.000004,8,0.000013,0,1,1,0,1,1
22384403,,0,0.000004,8,0.000013,0,1,1,0,1,1
21205937,,0,0.000004,8,0.000013,0,1,1,0,1,1
20522776,,0,0.000004,8,0.000013,0,1,1,0,1,1
19056684,,0,0.000004,8,0.000013,0,1,1,0,1,1
30369626,,0,0.000442,5,0.000013,0,7,7,0,7,7
30288491,,0,0.000441,5,0.000013,0,7,7,0,7,7
30210910,,0,0.022506,0,0.000013,0,6,6,0,6,6
30061853,,0,0.000371,5,0.000013,0,5,5,0,5,5
29483951,,0,0.000145,5,0.000013,0,1,1,0,1,1
28986566,,0,0.000146,29,0.000013,0,2,2,0,2,2
28719396,,0,0.001414,5,0.000013,0,7,7,0,7,7
28382802,,0,0.000673,5,0.000013,0,5,5,0,5,5
27670257,,0.000002,0.000751,5,0.000014,1,5,6,1,5,6
27403072,,0,0.000145,5,0.000024,1,1,2,1,1,2
27367496,,0.00075,0.022718,5,0.000034,7,6,13,7,6,13
27208206,,0.000101,0.004103,5,0.000016,2,12,14,2,12,14
26669862,,0,0.023622,5,0.000013,0,7,7,0,7,7
26264691,,0,0.000343,5,0.000013,0,2,2,0,2,2
26264690,,0,0.000145,5,0.000013,0,1,1,0,1,1
25311333,,0,0.000145,5,0.000073,6,1,7,6,1,7
24582866,,0,0.000371,5,0.000013,0,3,3,0,3,3
23819026,,0,0.000145,5,0.000013,0,1,1,0,1,1
22996101,,0,0.000145,5,0.000013,0,1,1,0,1,1
22986143,,0,0.001339,5,0.000013,0,5,5,0,5,5
22929033,,0,0.000343,5,0.000013,0,2,2,0,2,2
22177185,,0,0.000343,5,0.000013,0,2,2,0,2,2
22079017,,0,0.000543,5,0.000013,0,3,3,0,3,3
21532809,,0,0.000154,2,0.000013,0,2,2,0,2,2
21286375,,0,0.000145,5,0.000013,0,1,1,0,1,1
21149333,,0.00004,0.000169,2,0.000026,3,2,5,3,2,5
20093870,,0,0.000145,5,0.000013,0,1,1,0,1,1
19933147,,0,0.000145,5,0.000013,0,1,1,0,1,1
19389812,,0,0.000145,5,0.000013,0,1,1,0,1,1
18757330,,0,0.000145,5,0.000013,0,1,1,0,1,1
18269736,,0.000644,0,33,0.000237,28,0,28,28,0,28
29659014,,0,0.000042,33,0.000013,0,2,2,0,2,2
27895805,,0,0.000017,33,0.000013,0,2,2,0,2,2
27463681,,0,0.000048,33,0.000013,0,3,3,0,3,3
26911705,,0,0.000014,33,0.000013,0,1,1,0,1,1
26284132,,0,0.000017,33,0.000013,0,3,3,0,3,3
26132880,,0,0.000014,33,0.000013,0,1,1,0,1,1
23935121,,0,0.000014,33,0.000013,0,1,1,0,1,1
23383130,,0,0.000014,33,0.000013,0,1,1,0,1,1
23054940,,0,0.000014,33,0.000013,0,1,1,0,1,1
22843497,,0.001217,0.000017,33,0.000086,15,2,17,15,2,17
22735547,,0,0.000014,33,0.000013,0,1,1,0,1,1
22207351,,0,0.000014,33,0.000013,0,1,1,0,1,1
22129206,,0,0.000017,33,0.000013,0,2,2,0,2,2
20978112,,0,0.000034,33,0.000013,0,2,2,0,2,2
20682973,,0,0.000014,33,0.000013,0,1,1,0,1,1
20054818,,0,0.000014,33,0.000013,0,1,1,0,1,1
19454604,,0,0.000014,33,0.000013,0,1,1,0,1,1
19014416,,0,0.000014,33,0.000013,0,1,1,0,1,1
18628296,,0,0.000014,33,0.000013,0,1,1,0,1,1
18502416,,0,0.000028,33,0.000013,0,2,2,0,2,2
29732009,,0,0.000013,5,0.000013,0,1,1,0,1,1
18270717,,0.000595,0,5,0.00008,8,0,8,8,0,8
26587797,,0,0.000013,5,0.000013,0,1,1,0,1,1
24824169,,0,0.000013,5,0.000013,0,1,1,0,1,1
24620909,,0,0.000018,5,0.000013,0,2,2,0,2,2
19696299,,0,0.000013,5,0.000013,0,1,1,0,1,1
29357906,,0,0.000014,35,0.000013,0,2,2,0,2,2
28086982,,0,0.000014,35,0.000013,0,2,2,0,2,2
24206657,,0,0.000018,23,0.000013,0,2,2,0,2,2
23176254,,0,0.001125,23,0.000013,0,6,6,0,6,6
26645154,,0,0,29,0.000013,0,1,1,0,1,1
18296025,,0.000014,0,29,0.000048,4,0,4,4,0,4
25961153,,0,0,29,0.000013,0,1,1,0,1,1
24278741,,0,0.000618,29,0.000013,0,4,4,0,4,4
21406404,,0,0,29,0.000013,0,1,1,0,1,1
28018378,,0,0.000014,22,0.000013,0,1,1,0,1,1
27169102,,0,0.000014,22,0.000013,0,1,1,0,1,1
26919240,,0,0.000015,0,0.000013,0,2,2,0,2,2
25885115,,0,0.000014,22,0.000024,1,1,2,1,1,2
24482604,,0,0.000014,22,0.000013,0,1,1,0,1,1
22315563,,0,0.000014,22,0.000013,0,1,1,0,1,1
22008521,,0,0.000014,22,0.000013,0,1,1,0,1,1
21896204,,0,0.000014,22,0.000013,0,1,1,0,1,1
21704276,,0,0.000014,22,0.000013,0,1,1,0,1,1
21501492,,0,0.000014,22,0.000013,0,1,1,0,1,1
21264207,,0,0.000014,22,0.000013,0,1,1,0,1,1
19347964,,0,0.000015,22,0.000013,0,2,2,0,2,2
19222838,,0,0.000014,22,0.000013,0,1,1,0,1,1
18495026,,0,0.000014,22,0.000013,0,1,1,0,1,1
29081690,,0,0.000171,23,0.000013,0,2,2,0,2,2
28280339,,0,0,23,0.000013,0,1,1,0,1,1
24643042,,0,0,23,0.000013,0,1,1,0,1,1
23055136,,0,0,23,0.000013,0,1,1,0,1,1
22675446,,0,0,23,0.000013,0,1,1,0,1,1
22347533,,0,0,23,0.000013,0,1,1,0,1,1
21970370,,0,0,23,0.000013,0,1,1,0,1,1
21829229,,0,0.000171,23,0.000013,0,2,2,0,2,2
21165777,,0,0,23,0.000013,0,1,1,0,1,1
20697352,,0,0.000001,23,0.000013,0,2,2,0,2,2
20659471,,0,0,23,0.000013,0,1,1,0,1,1
20467480,,0,0,23,0.000013,0,1,1,0,1,1
20459617,,0,0,23,0.000013,0,1,1,0,1,1
20420945,,0,0.000187,23,0.000013,0,2,2,0,2,2
20407467,,0,0,23,0.000013,0,1,1,0,1,1
19797908,,0,0,23,0.000013,0,1,1,0,1,1
30323354,,0,0.000112,2,0.000013,0,7,7,0,7,7
29727689,,0,0.000031,0,0.000013,0,3,3,0,3,3
29391886,,0,0.000014,0,0.000013,0,1,1,0,1,1
28957314,,0,0.000015,23,0.000013,0,2,2,0,2,2
28919786,,0,0.000014,0,0.000013,0,1,1,0,1,1
28263985,,0,0.000014,0,0.000013,0,1,1,0,1,1
27863437,,0,0.000014,0,0.000013,0,1,1,0,1,1
27848153,,0,0.000651,0,0.000013,0,7,7,0,7,7
27600231,,0,0.000052,2,0.000013,0,4,4,0,4,4
27576376,,0,0.000014,0,0.000013,0,1,1,0,1,1
26421298,,0,0.000014,0,0.000013,0,1,1,0,1,1
26401662,,0,0.000014,0,0.000013,0,1,1,0,1,1
26364163,,0,0.000113,0,0.000013,0,3,3,0,3,3
26279618,,0,0.000014,0,0.000013,0,1,1,0,1,1
26070784,,0,0.000033,0,0.000013,0,3,3,0,3,3
25717406,,0,0.000015,0,0.000013,0,2,2,0,2,2
25477366,,0,0.000033,0,0.000013,0,3,3,0,3,3
25327703,,0,0.000252,0,0.000013,0,3,3,0,3,3
25255808,,0,0.000014,0,0.000013,0,1,1,0,1,1
25139936,,0,0.000014,0,0.000013,0,1,1,0,1,1
25010664,,0,0.000115,32,0.000013,0,2,2,0,2,2
24895409,,0,0.000045,0,0.000013,0,4,4,0,4,4
24586528,,0,0.000014,0,0.000013,0,1,1,0,1,1
24551380,,0,0.000014,30,0.000013,0,2,2,0,2,2
24510657,,0,0.000014,0,0.000013,0,1,1,0,1,1
24467842,,0,0.000041,0,0.000013,0,3,3,0,3,3
24454854,,0,0.000014,0,0.000013,0,1,1,0,1,1
24386390,,0,0.000014,0,0.000013,0,1,1,0,1,1
24266904,,0,0.000014,0,0.000013,0,1,1,0,1,1
24244489,,0,0.000014,0,0.000013,0,1,1,0,1,1
24218030,,0,0.000014,0,0.000013,0,1,1,0,1,1
24204614,,0,0.000049,0,0.000013,0,2,2,0,2,2
24177593,,0,0.000027,35,0.000013,0,2,2,0,2,2
24143190,,0,0.000027,0,0.000013,0,2,2,0,2,2
23776684,,0,0.000021,0,0.000013,0,2,2,0,2,2
23637977,,0,0.000014,0,0.000013,0,1,1,0,1,1
23635555,,0,0.000014,0,0.000013,0,1,1,0,1,1
23593120,,0,0.000014,0,0.000013,0,1,1,0,1,1
23563089,,0,0.000014,0,0.000013,0,1,1,0,1,1
23486537,,0,0.000014,0,0.000013,0,1,1,0,1,1
23475944,,0,0.000026,0,0.000013,0,2,2,0,2,2
23474973,,0,0.000395,5,0.000013,0,3,3,0,3,3
23435034,,0,0.000014,0,0.000013,0,1,1,0,1,1
23411593,,0,0.000496,0,0.000013,0,2,2,0,2,2
23333936,,0,0.000014,0,0.000013,0,1,1,0,1,1
23272245,,0,0.000043,0,0.000013,0,3,3,0,3,3
23221726,,0,0.000014,0,0.000013,0,1,1,0,1,1
23136140,,0,0.000014,0,0.000013,0,1,1,0,1,1
22972951,,0,0.000026,0,0.000013,0,2,2,0,2,2
22970228,,0,0.000014,0,0.000013,0,1,1,0,1,1
22768030,,0.000075,0.000014,0,0.000049,5,1,6,5,1,6
22532573,,0,0.000029,14,0.000013,0,2,2,0,2,2
22452962,,0,0.000014,0,0.000013,0,1,1,0,1,1
22412388,,0,0.000014,0,0.000013,0,1,1,0,1,1
22383897,,0,0.000014,0,0.000013,0,1,1,0,1,1
22363593,,0,0.000014,0,0.000013,0,1,1,0,1,1
22357627,,0,0.000014,0,0.000013,0,1,1,0,1,1
22314178,,0,0.000071,0,0.000013,0,2,2,0,2,2
22303333,,0,0.000014,0,0.000013,0,1,1,0,1,1
22301832,,0,0.000014,0,0.000013,0,1,1,0,1,1
22276117,,0,0.000016,22,0.000013,0,2,2,0,2,2
22274711,,0,0.000014,0,0.000013,0,1,1,0,1,1
22271044,,0,0.000018,0,0.000013,0,2,2,0,2,2
22240105,,0,0.000014,0,0.000013,0,1,1,0,1,1
22228098,,0,0.000014,0,0.000013,0,1,1,0,1,1
22151803,,0,0.000014,0,0.000013,0,1,1,0,1,1
22045194,,0,0.000014,0,0.000013,0,1,1,0,1,1
22034206,,0,0.000014,0,0.000013,0,1,1,0,1,1
21958427,,0.000078,0.000113,22,0.000082,9,2,11,9,2,11
21908515,,0,0.000026,0,0.000013,0,2,2,0,2,2
21852249,,0,0.000027,0,0.000013,0,3,3,0,3,3
21840856,,0,0.000014,0,0.000013,0,1,1,0,1,1
21829199,,0,0.000014,0,0.000013,0,1,1,0,1,1
21825151,,0,0.000014,0,0.000013,0,1,1,0,1,1
21795501,,0,0.000014,0,0.000013,0,1,1,0,1,1
21791674,,0,0.000014,0,0.000013,0,1,1,0,1,1
21618606,,0,0.000014,0,0.000013,0,1,1,0,1,1
21514219,,0,0.000014,0,0.000013,0,1,1,0,1,1
21390212,,0,0.000014,0,0.000013,0,1,1,0,1,1
21382839,,0,0.000014,0,0.000013,0,1,1,0,1,1
21211033,,0,0.000014,0,0.000013,0,1,1,0,1,1
21205740,,0,0.000014,0,0.000013,0,1,1,0,1,1
20957429,,0,0.000014,0,0.000013,0,1,1,0,1,1
20699374,,0,0.000014,0,0.000013,0,1,1,0,1,1
20669227,,0,0.000014,0,0.000013,0,1,1,0,1,1
20585626,,0,0.000014,0,0.000013,0,1,1,0,1,1
20554749,,0,0.000014,0,0.000013,0,1,1,0,1,1
20526366,,0,0.000014,0,0.000013,0,1,1,0,1,1
20505153,,0,0.000014,0,0.000013,0,1,1,0,1,1
20484103,,0,0.000014,0,0.000013,0,1,1,0,1,1
20482849,,0,0.000014,0,0.000013,0,1,1,0,1,1
20407466,,0,0.000014,0,0.000013,0,1,1,0,1,1
20368714,,0,0.000014,0,0.000013,0,1,1,0,1,1
20193855,,0,0.000049,0,0.000013,0,2,2,0,2,2
20085711,,0,0.000014,0,0.000013,0,1,1,0,1,1
20056641,,0,0.000014,0,0.000013,0,1,1,0,1,1
19843668,,0,0.000014,0,0.000013,0,1,1,0,1,1
19811689,,0,0.000014,0,0.000013,0,1,1,0,1,1
19789366,,0,0.000014,0,0.000013,0,1,1,0,1,1
19738052,,0,0.000014,0,0.000013,0,1,1,0,1,1
19727433,,0,0.000048,5,0.000013,0,2,2,0,2,2
19696932,,0,0.000014,0,0.000013,0,1,1,0,1,1
19683667,,0,0.000016,0,0.000013,0,2,2,0,2,2
19639606,,0,0.000014,0,0.000013,0,1,1,0,1,1
19497887,,0,0.000014,0,0.000013,0,1,1,0,1,1
19434427,,0,0.000014,0,0.000013,0,1,1,0,1,1
19223389,,0,0.000014,0,0.000013,0,1,1,0,1,1
19219042,,0,0.000014,0,0.000013,0,1,1,0,1,1
19096721,,0,0.000014,0,0.000013,0,1,1,0,1,1
30340058,,0,0.000135,5,0.000013,0,2,2,0,2,2
29243522,,0,0.000006,5,0.000013,0,1,1,0,1,1
26870783,,0,0.000053,5,0.000013,0,5,5,0,5,5
26816823,,0,0.000006,5,0.000013,0,2,2,0,2,2
21990416,,0.000231,0.000032,5,0.000055,14,3,17,14,3,17
28758102,,0,0.000034,5,0.000013,0,1,1,0,1,1
28190649,,0.000079,0.000545,5,0.000016,2,4,6,2,4,6
28143870,,0,0.000265,5,0.000013,0,3,3,0,3,3
27433858,,0,0.000047,5,0.000013,0,2,2,0,2,2
27117159,,0,0.000606,5,0.000013,0,11,11,0,11,11
26433556,,0,0.000131,0,0.000013,0,5,5,0,5,5
25225597,,0,0.022157,5,0.000013,0,2,2,0,2,2
24559780,,0,0.000034,5,0.000013,0,1,1,0,1,1
23650423,,0,0.000034,5,0.000013,0,1,1,0,1,1
22940485,,0,0.000064,5,0.000013,0,3,3,0,3,3
22543916,,0,0.000034,5,0.000013,0,1,1,0,1,1
22216306,,0,0.000034,5,0.000013,0,1,1,0,1,1
21893500,,0,0.000231,5,0.000013,0,2,2,0,2,2
21831023,,0,0.000034,5,0.000013,0,1,1,0,1,1
20233625,,0,0.000054,5,0.000013,0,2,2,0,2,2
20130984,,0.000043,0.000035,30,0.000176,16,2,18,16,2,18
19141782,,0,0.000218,5,0.000013,0,2,2,0,2,2
17872763,,0,0.000034,5,0.000013,0,1,1,0,1,1
29774201,,0,0.000074,22,0.000013,0,6,6,0,6,6
29373076,,0,0.000192,31,0.000013,0,2,2,0,2,2
29214373,,0,0.000079,5,0.000013,0,3,3,0,3,3
29058716,,0,0.000312,0,0.000013,0,3,3,0,3,3
28376175,,0.000844,0.000708,0,0.000064,13,8,21,13,8,21
28320467,,0,0.000255,5,0.000013,0,3,3,0,3,3
28288659,,0,0.000058,0,0.000013,0,1,1,0,1,1
28029312,,0,0.000298,0,0.000013,0,4,4,0,4,4
27171545,,0,0.000084,0,0.000013,0,2,2,0,2,2
26909793,,0,0.000261,5,0.000013,0,5,5,0,5,5
25337278,,0,0.000125,2,0.000013,0,5,5,0,5,5
24565270,,0,0.000079,0,0.000013,0,2,2,0,2,2
23861169,,0.000108,0.000446,5,0.000049,9,4,13,9,4,13
23819032,,0,0.000058,0,0.000013,0,1,1,0,1,1
23275181,,0,0.000086,5,0.000013,0,6,6,0,6,6
22253297,,0,0.000141,14,0.000013,0,2,2,0,2,2
21792198,,0,0.000058,0,0.000013,0,1,1,0,1,1
21337591,,0,0.000058,0,0.000013,0,1,1,0,1,1
21212066,,0,0.000058,0,0.000013,0,1,1,0,1,1
19903338,,0,0.000058,30,0.000378,34,1,35,34,1,35
28241424,,0.000014,0.00012,0,0.000013,1,6,7,1,6,7
27966449,,0,0.000035,0,0.000013,0,1,1,0,1,1
27590509,,0,0.00007,0,0.000013,0,3,3,0,3,3
27486757,,0,0.000058,0,0.000013,0,5,5,0,5,5
27350156,,0,0.000035,0,0.000013,0,1,1,0,1,1
27154171,,0,0.000035,0,0.000013,0,1,1,0,1,1
26239137,,0.000004,0.000099,0,0.000024,3,4,7,3,4,7
26151267,,0,0.000035,0,0.000013,0,1,1,0,1,1
26109217,,0,0.000035,0,0.000013,0,1,1,0,1,1
26052370,,0,0.000249,0,0.000013,0,8,8,0,8,8
25529635,,0,0.000035,0,0.000013,0,1,1,0,1,1
24069142,,0,0.000035,0,0.000013,0,1,1,0,1,1
23270421,,0,0.000111,0,0.000013,0,4,4,0,4,4
23011509,,0.000021,0.000122,0,0.000013,1,7,8,1,7,8
23001124,,0,0.000035,0,0.000013,0,1,1,0,1,1
22993404,,0,0.000035,0,0.000013,0,1,1,0,1,1
22215421,,0,0.000037,0,0.000013,0,2,2,0,2,2
21844186,,0,0.000061,0,0.000013,0,2,2,0,2,2
21596841,,0,0.000084,0,0.000013,0,4,4,0,4,4
21559014,,0,0.000035,0,0.000013,0,1,1,0,1,1
20853316,,0,0.000036,19,0.000013,0,2,2,0,2,2
20406955,,0,0.000035,0,0.000013,0,1,1,0,1,1
20361209,,0,0.000035,0,0.000013,0,1,1,0,1,1
19925429,,0,0.000035,0,0.000013,0,1,1,0,1,1
19247306,,0,0.000035,0,0.000013,0,1,1,0,1,1
19210754,,0,0.000035,0,0.000013,0,1,1,0,1,1
19094230,,0,0.000035,0,0.000013,0,1,1,0,1,1
19082709,,0.000074,0.000035,0,0.000057,4,1,5,4,1,5
18987618,,0,0.000035,0,0.000013,0,1,1,0,1,1
28698603,,0,0.000007,19,0.000013,0,2,2,0,2,2
25481507,,0,0.000005,8,0.000013,0,1,1,0,1,1
25092866,,0,0.001091,8,0.000013,0,7,7,0,7,7
21621538,,0,0.00048,8,0.000013,0,2,2,0,2,2
20817926,,0,0.000005,8,0.000013,0,1,1,0,1,1
20656689,,0,0.000018,8,0.000013,0,2,2,0,2,2
20544021,,0,0.000005,8,0.000013,0,1,1,0,1,1
20175908,,0,0.000005,8,0.000013,0,1,1,0,1,1
20107318,,0,0.000007,8,0.000051,4,2,6,4,2,6
19261748,,0,0.000005,8,0.000013,0,1,1,0,1,1
19202061,,0,0.000005,8,0.000013,0,1,1,0,1,1
29385580,,0,0.000273,5,0.000013,0,8,8,0,8,8
27422778,,0.00001,0.000038,5,0.000026,3,4,7,3,4,7
26897130,,0.000006,0.000008,5,0.000025,3,2,5,3,2,5
26858951,,0,0.000083,5,0.000013,0,5,5,0,5,5
24649895,,0,0.000008,5,0.000013,0,2,2,0,2,2
24131499,,0,0.000008,2,0.000016,1,3,4,1,3,4
23865787,,0,0.000007,5,0.000013,0,1,1,0,1,1
23420550,,0.000019,0.000009,5,0.0001,12,2,14,12,2,14
23340514,,0,0.000009,5,0.000013,0,2,2,0,2,2
21150785,,0,0.000007,5,0.000013,0,1,1,0,1,1
20648056,,0,0.00001,5,0.000013,0,2,2,0,2,2
20142257,,0,0.000012,5,0.000013,0,2,2,0,2,2
26479563,,0,0.000002,5,0.000013,0,1,1,0,1,1
24338635,,0,0.000002,5,0.000013,0,1,1,0,1,1
23875800,,0,0.000005,5,0.000013,0,4,4,0,4,4
23763537,,0,0.000002,5,0.000013,0,1,1,0,1,1
21502235,,0,0.000002,5,0.000013,0,1,1,0,1,1
19129267,,0,0.000002,5,0.000013,0,1,1,0,1,1
30035173,,0,0.000116,32,0.000013,0,1,1,0,1,1
29959327,,0,0.000249,32,0.000013,0,2,2,0,2,2
29765774,,0,0.000485,31,0.000013,0,7,7,0,7,7
29348461,,0,0.000116,32,0.000013,0,1,1,0,1,1
29104272,,0,0.001318,32,0.000013,0,4,4,0,4,4
28993682,,0,0.000648,32,0.000013,0,8,8,0,8,8
28678836,,0,0.000116,32,0.000013,0,1,1,0,1,1
28596978,,0,0.000116,32,0.000013,0,1,1,0,1,1
28092680,,0,0.000116,32,0.000013,0,1,1,0,1,1
28025559,,0,0.000116,32,0.000013,0,1,1,0,1,1
27917404,,0,0.000116,32,0.000013,0,1,1,0,1,1
27902462,,0,0.000336,32,0.000013,0,2,2,0,2,2
27900051,,0,0.000184,41,0.000013,0,3,3,0,3,3
27738492,,0,0.000116,32,0.000013,0,1,1,0,1,1
27507046,,0,0.000252,32,0.000013,0,2,2,0,2,2
27406233,,0,0.000116,32,0.000013,0,1,1,0,1,1
26719576,,0,0.000557,32,0.000013,0,3,3,0,3,3
26627871,,0,0.000368,32,0.000013,0,2,2,0,2,2
26610585,,0,0.024348,8,0.000013,0,15,15,0,15,15
26608097,,0,0.000116,32,0.000013,0,1,1,0,1,1
26579514,,0,0.000567,32,0.000013,0,2,2,0,2,2
26516187,,0,0.000116,32,0.000013,0,1,1,0,1,1
26312527,,0.000582,0.000306,32,0.000077,10,3,13,10,3,13
26256959,,0,0.000116,32,0.000013,0,1,1,0,1,1
26237679,,0,0.000116,32,0.000013,0,1,1,0,1,1
26041102,,0,0.000217,32,0.000013,0,2,2,0,2,2
25965342,,0,0.000986,32,0.000013,0,4,4,0,4,4
25886061,,0,0.000213,32,0.000013,0,2,2,0,2,2
25733866,,0,0.000116,32,0.000013,0,1,1,0,1,1
25679396,,0,0.000116,32,0.000013,0,1,1,0,1,1
25673854,,0,0.000116,32,0.000013,0,1,1,0,1,1
25604826,,0,0.000116,32,0.000013,0,1,1,0,1,1
25520658,,0,0.000116,32,0.000013,0,1,1,0,1,1
25500906,,0,0.000116,32,0.000013,0,1,1,0,1,1
25331900,,0,0.000116,32,0.000013,0,1,1,0,1,1
25216638,,0,0.000116,32,0.000013,0,1,1,0,1,1
25193464,,0,0.000116,32,0.000013,0,1,1,0,1,1
25118937,,0,0.000116,32,0.000013,0,1,1,0,1,1
25091469,,0,0.000116,32,0.000013,0,1,1,0,1,1
24952721,,0,0.000116,32,0.000013,0,1,1,0,1,1
24856239,,0,0.000116,32,0.000013,0,1,1,0,1,1
24841718,,0.000809,0.000693,32,0.000162,25,4,29,25,4,29
24838331,,0,0.000333,5,0.000013,0,3,3,0,3,3
24684389,,0,0.000116,32,0.000013,0,1,1,0,1,1
24632590,,0,0.00027,32,0.000013,0,3,3,0,3,3
24625110,,0,0.000859,35,0.000013,0,4,4,0,4,4
24387336,,0,0.000514,32,0.000013,0,3,3,0,3,3
24252502,,0.001566,0.000394,32,0.000163,29,3,32,29,3,32
24037788,,0,0.02224,32,0.000013,0,2,2,0,2,2
23824739,,0,0.000116,32,0.000013,0,1,1,0,1,1
23752180,,0,0.000116,32,0.000013,0,1,1,0,1,1
23744832,,0,0.000116,32,0.000013,0,1,1,0,1,1
23708066,,0,0.000265,32,0.000013,0,2,2,0,2,2
23591868,,0,0.000116,32,0.000013,0,1,1,0,1,1
23388100,,0,0.000116,32,0.000013,0,1,1,0,1,1
22987154,,0,0.000116,32,0.000013,0,1,1,0,1,1
22933245,,0,0.02224,32,0.000013,0,2,2,0,2,2
22761791,,0,0.000116,32,0.000013,0,1,1,0,1,1
22683780,,0,0.000116,32,0.000013,0,1,1,0,1,1
22503772,,0,0.000116,32,0.000013,0,1,1,0,1,1
22433433,,0,0.000151,33,0.000013,0,2,2,0,2,2
22416035,,0.003936,0.000217,32,0.000419,43,2,45,43,2,45
22403547,,0,0.000116,32,0.000013,0,1,1,0,1,1
22240506,,0,0.000116,32,0.000013,0,1,1,0,1,1
22223166,,0,0.000591,32,0.000013,0,2,2,0,2,2
22114138,,0,0.000717,51,0.000013,0,6,6,0,6,6
21984977,,0,0.000978,32,0.000013,0,3,3,0,3,3
21922195,,0,0.000116,32,0.000013,0,1,1,0,1,1
21834757,,0,0.000116,32,0.000013,0,1,1,0,1,1
21821012,,0,0.000116,32,0.000013,0,1,1,0,1,1
21787120,,0,0.000129,32,0.000013,0,2,2,0,2,2
21706030,,0.006611,0.000116,32,0.000914,75,1,76,75,1,76
21406553,,0,0.000116,32,0.000013,0,1,1,0,1,1
21289309,,0,0.000116,32,0.000013,0,1,1,0,1,1
21094158,,0,0.000516,32,0.000013,0,3,3,0,3,3
20940411,,0,0.000116,32,0.000013,0,1,1,0,1,1
20932174,,0,0.000116,32,0.000013,0,1,1,0,1,1
20725763,,0,0.000655,32,0.000013,0,4,4,0,4,4
20603072,,0,0.000116,32,0.000013,0,1,1,0,1,1
20516069,,0,0.000116,32,0.000013,0,1,1,0,1,1
20427703,,0,0.000116,32,0.000013,0,1,1,0,1,1
20189989,,0,0.000116,32,0.000013,0,1,1,0,1,1
20179196,,0,0.000116,32,0.000013,0,1,1,0,1,1
20101236,,0,0.000116,32,0.000013,0,1,1,0,1,1
20080934,,0,0.000116,32,0.000013,0,1,1,0,1,1
20080862,,0,0.000116,32,0.000013,0,1,1,0,1,1
19951140,,0,0.000116,32,0.000013,0,1,1,0,1,1
19671688,,0,0.000116,32,0.000013,0,1,1,0,1,1
19282972,,0,0.000116,32,0.000013,0,1,1,0,1,1
19218431,,0,0.000116,32,0.000013,0,1,1,0,1,1
18986507,,0,0.000116,32,0.000013,0,1,1,0,1,1
18927583,,0,0.000116,32,0.000013,0,1,1,0,1,1
30309383,,0,0.000001,0,0.000013,0,2,2,0,2,2
23620777,,0,0,0,0.000013,0,1,1,0,1,1
21808882,,0,0,0,0.000013,0,1,1,0,1,1
27378229,,0,0.000002,2,0.000013,0,1,1,0,1,1
23737081,,0,0.000002,2,0.000013,0,2,2,0,2,2
20707868,,0,0.000002,2,0.000013,0,1,1,0,1,1
22894485,,0,0.000006,5,0.000013,0,2,2,0,2,2
30127642,,0,0.002883,32,0.000013,0,5,5,0,5,5
30023007,,0,0.024828,32,0.000013,0,11,11,0,11,11
29768208,,0,0.00147,32,0.000013,0,6,6,0,6,6
29095114,,0,0.000757,31,0.000013,0,3,3,0,3,3
27465688,,0,0.000625,32,0.000024,1,2,3,1,2,3
27002934,,0.005307,0.023175,51,0.000051,23,3,26,23,3,26
26929734,,0,0.002465,32,0.000013,0,9,9,0,9,9
25960722,,0,0.025639,0,0.000013,0,7,7,0,7,7
25429431,,0,0.000662,41,0.000013,0,4,4,0,4,4
24831086,,0,0.002111,32,0.000013,0,6,6,0,6,6
24748377,,0,0.02372,41,0.000013,0,7,7,0,7,7
24553445,,0,0.001842,32,0.000013,0,6,6,0,6,6
24507701,,0,0.000528,32,0.000013,0,1,1,0,1,1
24413181,,0,0.001921,32,0.000013,0,5,5,0,5,5
24085845,,0.007343,0.002555,32,0.000634,44,8,52,44,8,52
21939554,,0,0.000528,32,0.000013,0,1,1,0,1,1
21135055,,0,0.001133,41,0.000013,0,2,2,0,2,2
20861225,,0,0.000528,32,0.000013,0,1,1,0,1,1
20858840,,0,0.000528,32,0.000013,0,1,1,0,1,1
20453858,,0.021154,0.000528,32,0.003196,314,1,315,314,1,315
19904273,,0,0.000528,32,0.000013,0,1,1,0,1,1
29145865,,0,0.001199,8,0.000024,1,10,11,1,10,11
29038466,,0,0.001249,8,0.000013,0,9,9,0,9,9
27984746,,0,0.000205,8,0.000013,0,5,5,0,5,5
25395584,,0,0.000131,8,0.000013,0,3,3,0,3,3
25288561,,0,0.000092,8,0.000013,0,4,4,0,4,4
24204313,,0,0.000318,8,0.000013,0,3,3,0,3,3
24131924,,0,0.000006,8,0.000013,0,1,1,0,1,1
22222428,,0,0.000006,8,0.000013,0,1,1,0,1,1
20457750,,0,0.000006,8,0.000013,0,1,1,0,1,1
28408614,,0.000598,0.000077,22,0.000053,6,10,16,6,10,16
22507745,,0.000201,0.000019,2,0.000087,11,3,14,11,3,14
29463556,,0,0.000015,14,0.000013,0,1,1,0,1,1
28063166,,0,0.000015,14,0.000013,0,1,1,0,1,1
27941069,,0,0.000015,14,0.000013,0,1,1,0,1,1
26851750,,0,0.000015,14,0.000013,0,1,1,0,1,1
23582060,,0,0.000019,14,0.000013,0,2,2,0,2,2
23456270,,0,0.000015,14,0.000013,0,1,1,0,1,1
23404857,,0,0.000015,14,0.000013,0,1,1,0,1,1
21949822,,0,0.000015,14,0.000013,0,1,1,0,1,1
21532840,,0,0.000015,14,0.000013,0,1,1,0,1,1
21415361,,0,0.000098,14,0.000013,0,2,2,0,2,2
20628624,,0,0.000015,14,0.000013,0,1,1,0,1,1
20570913,,0,0.000015,14,0.000013,0,1,1,0,1,1
20473893,,0,0.000015,14,0.000013,0,1,1,0,1,1
20176653,,0,0.000015,14,0.000013,0,1,1,0,1,1
20142253,,0,0.000015,14,0.000013,0,1,1,0,1,1
20111712,,0,0.000202,41,0.000013,0,2,2,0,2,2
20056644,,0,0.000015,14,0.000013,0,1,1,0,1,1
19531679,,0,0.000015,14,0.000013,0,1,1,0,1,1
19419758,,0,0.000015,14,0.000013,0,1,1,0,1,1
19304784,,0,0.000015,14,0.000013,0,1,1,0,1,1
19258477,,0,0.000015,14,0.000013,0,1,1,0,1,1
19064572,,0,0.000015,14,0.000013,0,1,1,0,1,1
18974127,,0,0.000015,14,0.000013,0,1,1,0,1,1
18433505,,0.000081,0,22,0.000075,12,0,12,12,0,12
22927776,,0,0.000002,22,0.000013,0,1,1,0,1,1
22369572,,0,0.000002,22,0.000013,0,1,1,0,1,1
20799949,,0,0.000002,22,0.000013,0,1,1,0,1,1
28731152,,0,0,1,0.000013,0,1,1,0,1,1
28627585,,0,0,1,0.000013,0,1,1,0,1,1
28469766,,0,0,1,0.000013,0,1,1,0,1,1
25684730,,0,0,1,0.000013,0,1,1,0,1,1
25519903,,0,0,1,0.000013,0,1,1,0,1,1
25279212,,0,0,1,0.000013,0,1,1,0,1,1
25242325,,0,0,1,0.000013,0,1,1,0,1,1
25074613,,0,0,1,0.000013,0,1,1,0,1,1
25009642,,0,0,1,0.000013,0,1,1,0,1,1
24855648,,0,0,1,0.000013,0,1,1,0,1,1
24708550,,0,0,1,0.000013,0,1,1,0,1,1
24529480,,0,0,1,0.000013,0,1,1,0,1,1
24520526,,0,0,1,0.000013,0,1,1,0,1,1
24256614,,0,0,1,0.000013,0,1,1,0,1,1
23889988,,0,0,1,0.000013,0,1,1,0,1,1
23889986,,0,0,1,0.000013,0,1,1,0,1,1
22884085,,0,0,1,0.000013,0,1,1,0,1,1
22866094,,0,0,1,0.000013,0,1,1,0,1,1
22199357,,0,0,1,0.000013,0,1,1,0,1,1
21957284,,0,0,1,0.000013,0,1,1,0,1,1
21520169,,0,0,1,0.000013,0,1,1,0,1,1
21478147,,0,0,1,0.000013,0,1,1,0,1,1
21256156,,0,0,1,0.000013,0,1,1,0,1,1
21084864,,0,0,1,0.000013,0,1,1,0,1,1
19903854,,0,0,1,0.000013,0,1,1,0,1,1
19773449,,0,0,1,0.000013,0,1,1,0,1,1
19723648,,0,0,1,0.000013,0,1,1,0,1,1
27017506,,0,0,5,0.000013,0,1,1,0,1,1
18447953,,0.000007,0,5,0.000272,11,0,11,11,0,11
25037667,,0,0,5,0.000013,0,1,1,0,1,1
24454502,,0,0,5,0.000013,0,1,1,0,1,1
23625025,,0,0,5,0.000013,0,1,1,0,1,1
23320029,,0,0,5,0.000013,0,1,1,0,1,1
21651825,,0,0,5,0.000013,0,1,1,0,1,1
21496245,,0,0,5,0.000013,0,1,1,0,1,1
19833996,,0.000081,0.000002,5,0.000366,41,2,43,41,2,43
19515245,,0,0,5,0.000013,0,1,1,0,1,1
19423520,,0,0,5,0.000013,0,1,1,0,1,1
30101128,,0,0.000097,22,0.000013,0,8,8,0,8,8
29453630,,0,0.000925,22,0.000013,0,8,8,0,8,8
28339459,,0.000014,0.000534,22,0.000025,4,14,18,4,14,18
26824983,,0.000662,0.000282,22,0.000067,10,6,16,10,6,16
26544944,,0,0.000026,22,0.000013,0,3,3,0,3,3
24970653,,0,0.000012,32,0.000013,0,2,2,0,2,2
24366412,,0.001055,0.000939,51,0.000111,12,3,15,12,3,15
24302565,,0.000008,0.000045,22,0.000051,5,3,8,5,3,8
24285959,,0,0.000011,22,0.000013,0,1,1,0,1,1
19029836,,0,0.000018,2,0.000013,0,1,1,0,1,1
26240090,,0,0,2,0.000013,0,1,1,0,1,1
24845082,,0,0.000015,2,0.000013,0,2,2,0,2,2
23610051,,0,0,2,0.000013,0,1,1,0,1,1
22224593,,0,0,2,0.000013,0,1,1,0,1,1
22191677,,0,0,2,0.000013,0,1,1,0,1,1
21822773,,0,0.0001,2,0.000013,0,3,3,0,3,3
21275654,,0,0.000003,2,0.000013,0,2,2,0,2,2
23008246,,0,0.000001,19,0.000013,0,1,1,0,1,1
19587089,,0,0.000001,19,0.000013,0,1,1,0,1,1
29785153,,0,0.001161,2,0.000013,0,17,17,0,17,17
25382762,,0.000062,0.000037,22,0.000042,9,8,17,9,8,17
27171182,,0,0.000028,22,0.000013,0,2,2,0,2,2
26969729,,0,0.00003,29,0.000013,0,2,2,0,2,2
20038569,,0,0.000015,22,0.000013,0,1,1,0,1,1
24906410,,0.000005,0.000008,2,0.000017,3,4,7,3,4,7
30131069,,0,0.000104,41,0.000013,0,1,1,0,1,1
28976942,,0,0.000104,41,0.000013,0,1,1,0,1,1
27374179,,0,0.022641,41,0.000013,0,5,5,0,5,5
26883919,,0,0.000104,41,0.000013,0,1,1,0,1,1
26861753,,0,0.022227,41,0.000013,0,2,2,0,2,2
25886299,,0,0.022414,41,0.000013,0,3,3,0,3,3
24860781,,0,0.022813,32,0.000013,0,4,4,0,4,4
24576319,,0,0.000104,41,0.000013,0,1,1,0,1,1
24403987,,0,0.022227,41,0.000013,0,2,2,0,2,2
24220695,,0,0.000104,41,0.000013,0,1,1,0,1,1
23552840,,0,0.022355,41,0.000013,0,3,3,0,3,3
23029043,,0,0.022542,41,0.000013,0,4,4,0,4,4
22931248,,0,0.000104,41,0.000013,0,1,1,0,1,1
22163003,,0,0.022227,41,0.000013,0,2,2,0,2,2
21695196,,0,0.000104,41,0.000013,0,1,1,0,1,1
20942967,,0,0.000104,41,0.000013,0,1,1,0,1,1
20689764,,0,0.000104,41,0.000013,0,1,1,0,1,1
19366455,,0,0.000104,41,0.000013,0,1,1,0,1,1
28343309,,0.000029,0.000039,2,0.000032,4,3,7,4,3,7
28050010,,0,0.001098,0,0.000013,0,8,8,0,8,8
27759032,,0,0.000036,0,0.000013,0,1,1,0,1,1
27248321,,0,0.000036,0,0.000013,0,2,2,0,2,2
26202431,,0,0.000093,0,0.000024,1,7,8,1,7,8
26037256,,0,0.000037,0,0.000013,0,2,2,0,2,2
25467785,,0,0.000053,0,0.000013,0,2,2,0,2,2
25339628,,0,0.000099,0,0.000013,0,4,4,0,4,4
23468275,,0,0.02355,5,0.000013,0,6,6,0,6,6
23036231,,0.00002,0.000036,52,0.000182,16,1,17,16,1,17
22471976,,0.000015,0.000043,0,0.000023,3,2,5,3,2,5
24891760,,0,0.000002,0,0.000013,0,1,1,0,1,1
23536562,,0.000818,0.000438,35,0.000678,48,7,55,48,7,55
21673823,,0,0.000002,0,0.000013,0,1,1,0,1,1
27936036,,0,0.000001,0,0.000013,0,1,1,0,1,1
26550155,,0,0.000001,0,0.000013,0,1,1,0,1,1
23826324,,0,0.000001,0,0.000013,0,1,1,0,1,1
23594316,,0,0.000001,0,0.000013,0,1,1,0,1,1
22496977,,0,0.000001,0,0.000013,0,1,1,0,1,1
22310978,,0,0.000001,0,0.000013,0,1,1,0,1,1
19161404,,0,0.000001,0,0.000013,0,1,1,0,1,1
30108227,,0,0.000015,2,0.000013,0,1,1,0,1,1
29928381,,0,0.000015,2,0.000013,0,1,1,0,1,1
29264190,,0,0.000015,2,0.000013,0,1,1,0,1,1
29063235,,0,0.000015,2,0.000013,0,1,1,0,1,1
26384969,,0,0.000015,2,0.000013,0,1,1,0,1,1
25161364,,0,0.000202,41,0.000013,0,3,3,0,3,3
22970055,,0,0.000015,2,0.000013,0,1,1,0,1,1
21140452,,0,0.000202,41,0.000013,0,2,2,0,2,2
20811826,,0,0.000336,2,0.000013,0,4,4,0,4,4
20631828,,0,0.000015,2,0.000013,0,1,1,0,1,1
29334951,,0,0.000043,0,0.000013,0,2,2,0,2,2
26960971,,0,0.000008,0,0.000013,0,1,1,0,1,1
26334176,,0,0.000008,0,0.000013,0,1,1,0,1,1
24058901,,0,0.00014,17,0.000013,0,5,5,0,5,5
23457453,,0,0.000008,0,0.000013,0,1,1,0,1,1
21931171,,0,0.000008,0,0.000013,0,1,1,0,1,1
20501846,,0,0.000028,22,0.000013,0,2,2,0,2,2
29104507,,0,0.000046,0,0.000013,0,3,3,0,3,3
18563556,,0.000091,0,0,0.000118,13,0,13,13,0,13
28339036,,0,0.000002,0,0.000013,0,1,1,0,1,1
25973541,,0,0.000257,0,0.000013,0,3,3,0,3,3
25309874,,0,0.000002,0,0.000013,0,1,1,0,1,1
23863842,,0,0.000002,0,0.000013,0,1,1,0,1,1
23593544,,0,0.000002,0,0.000013,0,1,1,0,1,1
19667198,,0,0.000002,0,0.000013,0,1,1,0,1,1
29266472,,0,0.000241,51,0.000013,0,2,2,0,2,2
29059045,,0,0.000107,51,0.000013,0,6,6,0,6,6
26258074,,0.000171,0.00094,51,0.000025,5,4,9,5,4,9
24588670,,0,0.000089,51,0.000013,0,2,2,0,2,2
22771493,,0,0.000024,51,0.000013,0,1,1,0,1,1
22160565,,0,0.000024,51,0.000013,0,1,1,0,1,1
29796165,,0,0.000034,8,0.000013,0,1,1,0,1,1
27076919,,0,0.024172,0,0.000013,0,8,8,0,8,8
25820262,,0,0.00051,32,0.000013,0,2,2,0,2,2
25170953,,0,0.000034,8,0.000013,0,1,1,0,1,1
23056640,,0,0.000034,8,0.000013,0,1,1,0,1,1
20581473,,0,0.000034,8,0.000013,0,1,1,0,1,1
29263839,,0.00002,0.000527,5,0.000021,2,5,7,2,5,7
29021281,,0,0.00038,8,0.000013,0,3,3,0,3,3
27498558,,0,0.001082,32,0.000013,0,6,6,0,6,6
27443740,,0.003904,0.001046,8,0.000361,76,7,83,76,7,83
26455428,,0.000119,0.000391,22,0.000024,6,4,10,6,4,10
24722541,,0,0.000034,22,0.000013,0,1,1,0,1,1
24395671,,0.000025,0.000506,22,0.000018,3,4,7,3,4,7
22373437,,0,0.000034,22,0.000013,0,1,1,0,1,1
22368509,,0,0.000034,22,0.000013,0,1,1,0,1,1
20226561,,0,0.000034,22,0.000013,0,1,1,0,1,1
19155299,,0,0.000034,22,0.000013,0,1,1,0,1,1
30190603,,0,0.000133,8,0.000013,0,2,2,0,2,2
29594222,,0,0.000014,8,0.000013,0,2,2,0,2,2
29463647,,0,0.000034,8,0.000013,0,3,3,0,3,3
26456802,,0,0.000015,29,0.000013,0,3,3,0,3,3
26156420,,0,0.000209,8,0.000013,0,7,7,0,7,7
25938445,,0,0.000004,8,0.000013,0,1,1,0,1,1
25486020,,0,0.000902,8,0.000013,0,4,4,0,4,4
25456133,,0,0.000426,8,0.000013,0,3,3,0,3,3
24971740,,0,0.000004,8,0.000013,0,1,1,0,1,1
24753542,,0,0.000019,8,0.000013,0,2,2,0,2,2
24627085,,0,0.000478,32,0.000013,0,3,3,0,3,3
24589464,,0,0.000776,51,0.000013,0,6,6,0,6,6
21647442,,0,0.000004,8,0.000013,0,1,1,0,1,1
26852015,,0.000199,0.00014,22,0.000017,4,11,15,4,11,15
25621047,,0,0.000854,32,0.000013,0,5,5,0,5,5
24961674,,0.000096,0.000171,35,0.000025,8,6,14,8,6,14
29121674,,0,0.000004,11,0.000013,0,1,1,0,1,1
26790966,,0.00002,0.000004,11,0.000016,2,1,3,2,1,3
26292924,,0,0.000004,11,0.000013,0,1,1,0,1,1
19706752,,0.000001,0.000009,22,0.00005,6,2,8,6,2,8
30263132,,0,0.000607,2,0.000013,0,18,18,0,18,18
29121898,,0,0.000045,2,0.000013,0,5,5,0,5,5
27152840,,0,0.000009,2,0.000024,1,3,4,1,3,4
28179314,,0,0.000003,33,0.000013,0,2,2,0,2,2
26690196,,0,0.000073,33,0.000013,0,4,4,0,4,4
25841351,,0,0.000002,33,0.000013,0,2,2,0,2,2
25331261,,0,0.000065,33,0.000013,0,4,4,0,4,4
25065733,,0,0.000002,33,0.000013,0,1,1,0,1,1
24212716,,0,0.00004,33,0.000013,0,3,3,0,3,3
22765268,,0.000004,0.000002,33,0.000153,16,1,17,16,1,17
22059908,,0,0.000052,33,0.000013,0,3,3,0,3,3
21368160,,0,0.000002,33,0.000013,0,1,1,0,1,1
20565864,,0.001681,0.000037,33,0.000785,92,2,94,92,2,94
20505321,,0,0.000002,33,0.000013,0,1,1,0,1,1
20101445,,0,0.000002,33,0.000013,0,1,1,0,1,1
23645553,,0,0,0,0.000013,0,1,1,0,1,1
20204501,,0,0,0,0.000013,0,1,1,0,1,1
29433565,,0,0.00009,2,0.000013,0,6,6,0,6,6
29487071,,0,0.000112,5,0.000013,0,2,2,0,2,2
28716792,,0,0.000107,5,0.000013,0,2,2,0,2,2
28072594,,0.000558,0.025631,5,0.000014,1,8,9,1,8,9
27555795,,0,0.000031,5,0.000013,0,1,1,0,1,1
24409196,,0,0.000041,5,0.000013,0,2,2,0,2,2
23696713,,0,0.000048,5,0.000013,0,3,3,0,3,3
22003420,,0,0.000048,5,0.000013,0,3,3,0,3,3
21866412,,0,0.000059,5,0.000013,0,3,3,0,3,3
21843413,,0,0.000031,5,0.000013,0,1,1,0,1,1
20798982,,0,0.000056,5,0.000013,0,2,2,0,2,2
19929403,,0,0.000056,5,0.000013,0,2,2,0,2,2
29710084,,0,0.000021,51,0.000013,0,2,2,0,2,2
22381132,,0,0.000004,5,0.000013,0,3,3,0,3,3
28751759,,0,0.00123,2,0.000013,0,2,2,0,2,2
27896289,,0,0.000078,5,0.000013,0,4,4,0,4,4
27529704,,0,0.000008,2,0.000013,0,1,1,0,1,1
26287763,,0.00005,0.000224,2,0.000057,10,7,17,10,7,17
25871653,,0,0.000008,2,0.000013,0,1,1,0,1,1
25176351,,0.000064,0.000066,2,0.00003,8,4,12,8,4,12
23369278,,0,0.000222,5,0.000013,0,2,2,0,2,2
22453011,,0,0.000008,2,0.000013,0,1,1,0,1,1
20412787,,0,0.000008,2,0.000013,0,1,1,0,1,1
28302160,,0,0.000094,2,0.000013,0,5,5,0,5,5
27902704,,0.000094,0.000067,0,0.000016,2,6,8,2,6,8
22731764,,0,0.00002,22,0.000013,0,1,1,0,1,1
20807450,,0.000023,0.00002,22,0.000016,2,1,3,2,1,3
19505912,,0,0.00002,2,0.000013,0,2,2,0,2,2
26629066,,0,0.000002,0,0.000013,0,1,1,0,1,1
29976633,,0,0.000006,51,0.000013,0,2,2,0,2,2
28790484,,0,0.000332,51,0.000013,0,4,4,0,4,4
27749331,,0,0.000305,51,0.000013,0,4,4,0,4,4
27245282,,0,0.00126,51,0.000013,0,8,8,0,8,8
23738079,,0,0.000003,51,0.000013,0,1,1,0,1,1
22236224,,0,0.000003,51,0.000013,0,1,1,0,1,1
19616151,,0,0.000003,51,0.000013,0,1,1,0,1,1
26553648,,0,0.000006,32,0.000013,0,1,1,0,1,1
25232236,,0,0.0006,32,0.000013,0,4,4,0,4,4
19936915,,0,0.000006,32,0.000013,0,1,1,0,1,1
30341280,,0,0,35,0.000013,0,1,1,0,1,1
25486564,,0,0,35,0.000013,0,1,1,0,1,1
23865427,,0,0,35,0.000013,0,1,1,0,1,1
23209644,,0,0,35,0.000013,0,1,1,0,1,1
21621067,,0,0,35,0.000013,0,1,1,0,1,1
21574023,,0,0,35,0.000013,0,1,1,0,1,1
21134280,,0,0,35,0.000013,0,1,1,0,1,1
20388783,,0,0,35,0.000013,0,1,1,0,1,1
19527773,,0.000016,0.000014,35,0.000479,46,2,48,46,2,48
29197036,,0,0.000068,2,0.000013,0,9,9,0,9,9
28170472,,0,0.000024,22,0.000013,0,2,2,0,2,2
28740454,,0,0.001526,2,0.000013,0,7,7,0,7,7
30086788,,0,0.000061,23,0.000013,0,5,5,0,5,5
29891941,,0,0.000021,23,0.000013,0,2,2,0,2,2
29416752,,0,0.000114,23,0.000013,0,2,2,0,2,2
21739583,,0,0.000001,23,0.000013,0,1,1,0,1,1
28824300,,0,0.000002,32,0.000013,0,1,1,0,1,1
21339190,,0,0.000002,32,0.000013,0,1,1,0,1,1
20232484,,0,0.000002,32,0.000013,0,1,1,0,1,1
29225669,,0,0.000033,5,0.000013,0,3,3,0,3,3
28295040,,0,0.00013,5,0.000013,0,3,3,0,3,3
26340858,,0,0,5,0.000013,0,1,1,0,1,1
22544165,,0,0,5,0.000013,0,1,1,0,1,1
18816317,,0,0,5,0.000013,0,1,1,0,1,1
29449315,,0,0.000011,22,0.000013,0,1,1,0,1,1
23885284,,0.000534,0.000035,22,0.000021,3,4,7,3,4,7
22802312,,0,0.000255,22,0.000013,0,4,4,0,4,4
21706342,,0,0.000247,0,0.000013,0,4,4,0,4,4
23468868,,0,0,34,0.000013,0,1,1,0,1,1
18832373,,0,0,34,0.000056,4,0,4,4,0,4
22125594,,0,0,34,0.000013,0,1,1,0,1,1
21586164,,0,0,34,0.000013,0,1,1,0,1,1
20081217,,0,0,34,0.000013,0,1,1,0,1,1
27069714,,0,0.000102,51,0.000013,0,3,3,0,3,3
24704793,,0,0.000701,51,0.000013,0,5,5,0,5,5
22246618,,0,0.000186,51,0.000013,0,2,2,0,2,2
28714477,,0,0.000727,8,0.000013,0,4,4,0,4,4
25402475,,0.000006,0.000476,8,0.000029,2,3,5,2,3,5
24974076,,0.000095,0.023365,32,0.000073,9,7,16,9,7,16
27270698,,0,0.000002,22,0.000013,0,1,1,0,1,1
24195946,,0,0.000029,22,0.000013,0,2,2,0,2,2
23861362,,0,0.000029,22,0.000013,0,2,2,0,2,2
20683926,,0,0.000002,22,0.000013,0,1,1,0,1,1
28765196,,0,0.000021,22,0.000013,0,4,4,0,4,4
22824075,,0,0.000005,22,0.000013,0,2,2,0,2,2
22547953,,0,0.000005,22,0.000013,0,2,2,0,2,2
21839162,,0,0.000085,23,0.000013,0,2,2,0,2,2
20704743,,0,0.000001,22,0.000013,0,1,1,0,1,1
30283497,,0,0.00031,22,0.000013,0,7,7,0,7,7
28250766,,0,0.000004,22,0.000013,0,1,1,0,1,1
22321913,,0,0.000004,22,0.000013,0,1,1,0,1,1
21120944,,0,0.000004,22,0.000013,0,1,1,0,1,1
20052762,,0,0.000004,22,0.000013,0,1,1,0,1,1
19781088,,0,0.000004,22,0.000013,0,1,1,0,1,1
19766128,,0,0.000004,22,0.000013,0,1,1,0,1,1
30183731,,0,0.000003,5,0.000013,0,1,1,0,1,1
26173961,,0,0.000003,2,0.000013,0,4,4,0,4,4
25574277,,0,0.000003,5,0.000013,0,1,1,0,1,1
22115285,,0,0.000003,5,0.000013,0,1,1,0,1,1
21896163,,0.000038,0.000187,5,0.000024,3,3,6,3,3,6
21731580,,0,0.000003,5,0.000013,0,1,1,0,1,1
20677341,,0,0.000003,5,0.000013,0,1,1,0,1,1
19850180,,0,0.000003,5,0.000013,0,1,1,0,1,1
29416602,,0,0.000001,11,0.000013,0,1,1,0,1,1
18990233,,0.000033,0,11,0.000265,20,0,20,20,0,20
28994305,,0,0.000001,11,0.000013,0,1,1,0,1,1
28607325,,0,0.000001,11,0.000013,0,1,1,0,1,1
28450737,,0,0.000476,11,0.000013,0,2,2,0,2,2
27624071,,0,0.000001,11,0.000013,0,1,1,0,1,1
26065921,,0,0.000001,11,0.000013,0,1,1,0,1,1
25554384,,0,0.000001,11,0.000013,0,1,1,0,1,1
25503972,,0,0.000001,11,0.000013,0,1,1,0,1,1
25243787,,0.000004,0.000154,11,0.000148,12,3,15,12,3,15
25099186,,0,0.000001,11,0.000013,0,1,1,0,1,1
24579949,,0,0.000001,11,0.000013,0,1,1,0,1,1
24066089,,0,0.000001,11,0.000013,0,1,1,0,1,1
23358096,,0,0.000001,11,0.000013,0,1,1,0,1,1
23269547,,0.002384,0.000619,32,0.000133,20,4,24,20,4,24
23088658,,0,0.000001,11,0.000013,0,1,1,0,1,1
22051041,,0,0.000001,11,0.000013,0,1,1,0,1,1
21167174,,0,0.000001,11,0.000013,0,1,1,0,1,1
19654296,,0,0.000001,11,0.000013,0,1,1,0,1,1
19595308,,0,0.000001,11,0.000013,0,1,1,0,1,1
28087741,,0,0.000002,1,0.000013,0,1,1,0,1,1
27791122,,0,0.000002,1,0.000013,0,1,1,0,1,1
25528020,,0,0.000006,1,0.000013,0,2,2,0,2,2
24970148,,0,0.000621,1,0.000013,0,3,3,0,3,3
22605334,,0,0.000009,1,0.000013,0,2,2,0,2,2
21779467,,0,0.000002,1,0.000013,0,1,1,0,1,1
29891880,,0,0.000002,5,0.000013,0,1,1,0,1,1
27995427,,0,0.000061,5,0.000013,0,8,8,0,8,8
25129323,,0,0.000002,5,0.000013,0,1,1,0,1,1
24808804,,0,0.000002,5,0.000013,0,1,1,0,1,1
22585186,,0,0.000002,5,0.000013,0,1,1,0,1,1
22109876,,0,0.000002,5,0.000013,0,1,1,0,1,1
21921576,,0,0.000002,5,0.000013,0,1,1,0,1,1
20001580,,0,0.000002,5,0.000013,0,1,1,0,1,1
28880857,,0,0.000006,5,0.000024,1,2,3,1,2,3
27980798,,0.000046,0.001294,5,0.000014,1,3,4,1,3,4
25888346,,0,0.000005,5,0.000013,0,1,1,0,1,1
21039431,,0.000036,0.000006,5,0.00011,14,2,16,14,2,16
24775809,,0.000583,0.00005,44,0.000071,8,5,13,8,5,13
23711090,,0,0.000012,1,0.000051,4,1,5,4,1,5
30042185,,0,0.024834,5,0.000013,0,14,14,0,14,14
24103405,,0,0.000089,5,0.000013,0,2,2,0,2,2
22021765,,0,0.000076,5,0.000013,0,1,1,0,1,1
28381301,,0,0.000001,2,0.000013,0,1,1,0,1,1
26799372,,0,0.000001,2,0.000013,0,2,2,0,2,2
20140702,,0,0.000001,2,0.000013,0,1,1,0,1,1
22740347,,0,0,1,0.000013,0,1,1,0,1,1
29206193,,0,0,17,0.000013,0,1,1,0,1,1
27845303,,0,0,17,0.000013,0,1,1,0,1,1
26227971,,0,0,17,0.000013,0,1,1,0,1,1
21466232,,0,0,17,0.000013,0,1,1,0,1,1
29892687,,0,0.022515,41,0.000013,0,3,3,0,3,3
19048115,,0.005698,0,41,0.000207,25,0,25,25,0,25
29662612,,0,0.000128,41,0.000013,0,1,1,0,1,1
28637487,,0,0.022527,10,0.000013,0,4,4,0,4,4
27382132,,0,0.000128,41,0.000013,0,1,1,0,1,1
27313208,,0,0.000128,41,0.000013,0,1,1,0,1,1
26851632,,0,0.000128,41,0.000013,0,1,1,0,1,1
25710373,,0,0.022382,41,0.000013,0,4,4,0,4,4
25106096,,0,0.023161,41,0.000013,0,5,5,0,5,5
25054200,,0,0.023103,41,0.000013,0,3,3,0,3,3
25026295,,0,0.022252,41,0.000013,0,2,2,0,2,2
23522120,,0.002034,0.023994,41,0.000079,10,4,14,10,4,14
23499052,,0,0.022502,41,0.000013,0,3,3,0,3,3
23372829,,0,0.000128,41,0.000013,0,1,1,0,1,1
22240541,,0,0.000128,41,0.000013,0,1,1,0,1,1
22155606,,0,0.000128,41,0.000013,0,1,1,0,1,1
22118770,,0,0.000128,41,0.000013,0,1,1,0,1,1
21305617,,0,0.000128,41,0.000013,0,1,1,0,1,1
21170260,,0,0.000142,44,0.000013,0,3,3,0,3,3
20844748,,0,0.000128,41,0.000013,0,1,1,0,1,1
20019833,,0,0.000128,41,0.000013,0,1,1,0,1,1
19881956,,0,0.000128,41,0.000013,0,1,1,0,1,1
19048110,,0,0.000128,41,0.000013,0,1,1,0,1,1
30246169,,0,0.000709,5,0.000013,0,11,11,0,11,11
29564165,,0,0.000063,23,0.000013,0,1,1,0,1,1
29330289,,0,0.000155,32,0.000013,0,4,4,0,4,4
29309945,,0,0.000401,35,0.000013,0,13,13,0,13,13
28736628,,0,0.001109,23,0.000013,0,6,6,0,6,6
28454122,,0.000095,0.001217,51,0.000016,3,4,7,3,4,7
27213343,,0.000002,0.022397,41,0.000078,7,5,12,7,5,12
27114434,,0,0.000063,23,0.000013,0,1,1,0,1,1
26741064,,0,0.000063,23,0.000013,0,1,1,0,1,1
26361402,,0,0.000063,23,0.000013,0,1,1,0,1,1
25278713,,0,0.000063,23,0.000013,0,1,1,0,1,1
24782983,,0,0.000063,23,0.000013,0,1,1,0,1,1
24737347,,0.000212,0.000119,23,0.000057,11,3,14,11,3,14
23856911,,0,0.000479,23,0.000013,0,7,7,0,7,7
23204224,,0,0.000063,23,0.000013,0,1,1,0,1,1
21934105,,0.001984,0.000152,51,0.000948,49,2,51,49,2,51
21734801,,0,0.000063,23,0.000013,0,1,1,0,1,1
20876541,,0,0.000162,23,0.000013,0,2,2,0,2,2
20856847,,0,0.000063,23,0.000013,0,1,1,0,1,1
29250191,,0,0,0,0.000013,0,1,1,0,1,1
28123843,,0,0,0,0.000013,0,1,1,0,1,1
28002441,,0,0,0,0.000013,0,1,1,0,1,1
27446434,,0,0,0,0.000013,0,1,1,0,1,1
25902539,,0,0,0,0.000013,0,1,1,0,1,1
24657939,,0,0,0,0.000013,0,1,1,0,1,1
23658855,,0,0,0,0.000013,0,1,1,0,1,1
23125197,,0,0.000012,0,0.000013,0,2,2,0,2,2
21446041,,0,0,0,0.000013,0,1,1,0,1,1
20672323,,0,0,0,0.000013,0,1,1,0,1,1
20162566,,0,0,0,0.000013,0,1,1,0,1,1
22282583,,0,0.000002,0,0.000013,0,1,1,0,1,1
29983986,,0,0.000046,5,0.000013,0,2,2,0,2,2
29674173,,0,0.000001,5,0.000013,0,1,1,0,1,1
28706996,,0,0.000001,5,0.000013,0,1,1,0,1,1
28502988,,0,0.000001,5,0.000013,0,1,1,0,1,1
27901486,,0,0.000001,5,0.000013,0,1,1,0,1,1
27884978,,0,0.000002,33,0.000013,0,2,2,0,2,2
27570547,,0,0.000001,5,0.000013,0,1,1,0,1,1
27449149,,0,0.000001,5,0.000013,0,1,1,0,1,1
27255336,,0,0.000001,5,0.000013,0,1,1,0,1,1
26917489,,0,0.000003,32,0.000013,0,2,2,0,2,2
25555816,,0,0.000005,5,0.000013,0,2,2,0,2,2
25355401,,0.000025,0.000074,5,0.000035,6,7,13,6,7,13
24648932,,0,0.000001,5,0.000013,0,1,1,0,1,1
24375389,,0,0.000001,5,0.000013,0,1,1,0,1,1
24049592,,0,0.000001,5,0.000013,0,1,1,0,1,1
23945250,,0,0.000001,5,0.000013,0,1,1,0,1,1
23805216,,0,0.000001,5,0.000013,0,1,1,0,1,1
23453263,,0,0.000001,5,0.000013,0,1,1,0,1,1
23109866,,0,0.000001,5,0.000013,0,1,1,0,1,1
23087162,,0,0.000001,5,0.000013,0,1,1,0,1,1
22899924,,0,0.000026,5,0.000013,0,4,4,0,4,4
22279410,,0,0.000001,5,0.000013,0,1,1,0,1,1
22231763,,0.000706,0.000001,5,0.00012,13,1,14,13,1,14
22190978,,0,0.000001,5,0.000013,0,1,1,0,1,1
21739182,,0,0.000001,5,0.000013,0,1,1,0,1,1
21431873,,0,0.000016,0,0.000013,0,2,2,0,2,2
21410589,,0,0.000001,5,0.000013,0,1,1,0,1,1
21281275,,0,0.000001,5,0.000013,0,1,1,0,1,1
21188101,,0,0.000001,5,0.000013,0,1,1,0,1,1
21105689,,0,0.000001,5,0.000013,0,1,1,0,1,1
20872853,,0,0.000001,5,0.000013,0,1,1,0,1,1
20584319,,0,0.000001,5,0.000013,0,1,1,0,1,1
20576803,,0,0.000001,5,0.000013,0,1,1,0,1,1
20543960,,0,0.000001,5,0.000013,0,1,1,0,1,1
20464842,,0,0.000001,5,0.000013,0,1,1,0,1,1
20094772,,0,0.000001,5,0.000013,0,1,1,0,1,1
20051122,,0,0.000001,5,0.000013,0,1,1,0,1,1
19563639,,0,0.000001,5,0.000013,0,1,1,0,1,1
19481061,,0,0.000001,5,0.000013,0,1,1,0,1,1
27095934,,0,0.000009,2,0.000013,0,1,1,0,1,1
25148879,,0,0.000268,2,0.000013,0,4,4,0,4,4
24619173,,0.000028,0.000009,0,0.000037,5,1,6,5,1,6
22685544,,0,0.000009,2,0.000013,0,1,1,0,1,1
20174458,,0,0.000009,2,0.000013,0,1,1,0,1,1
30252892,,0,0,0,0.000013,0,1,1,0,1,1
27273296,,0,0,0,0.000013,0,1,1,0,1,1
20234390,,0,0,0,0.000013,0,1,1,0,1,1
30152850,,0,0.000034,0,0.000013,0,1,1,0,1,1
29116111,,0,0.02386,31,0.000013,0,7,7,0,7,7
29100317,,0,0.000532,2,0.000013,0,4,4,0,4,4
28382090,,0,0.000225,0,0.000013,0,5,5,0,5,5
27705915,,0,0.000393,32,0.000013,0,4,4,0,4,4
27335639,,0,0.000121,22,0.000013,0,3,3,0,3,3
27275820,,0,0.000034,0,0.000013,0,1,1,0,1,1
27221150,,0,0.000034,0,0.000013,0,1,1,0,1,1
27121310,,0,0.000034,0,0.000013,0,1,1,0,1,1
26692152,,0.000043,0.000552,29,0.0001,11,4,15,11,4,15
26046002,,0,0.000162,0,0.000013,0,3,3,0,3,3
25956309,,0,0.000725,0,0.000013,0,5,5,0,5,5
25613373,,0,0.000034,0,0.000013,0,1,1,0,1,1
25437005,,0.001362,0.024348,31,0.00003,7,8,15,7,8,15
25260874,,0,0.000034,0,0.000013,0,1,1,0,1,1
21774837,,0,0.000048,8,0.000024,1,2,3,1,2,3
21504591,,0,0.000034,0,0.000013,0,1,1,0,1,1
21197657,,0,0.000034,0,0.000013,0,1,1,0,1,1
20697532,,0,0.000034,0,0.000013,0,1,1,0,1,1
20646866,,0,0.000034,0,0.000013,0,1,1,0,1,1
20434834,,0,0.000034,0,0.000013,0,1,1,0,1,1
20053841,,0,0.000034,0,0.000013,0,1,1,0,1,1
19908385,,0,0.000034,0,0.000013,0,1,1,0,1,1
19830129,,0,0.000034,0,0.000013,0,1,1,0,1,1
19755511,,0,0.000034,0,0.000013,0,1,1,0,1,1
19733727,,0,0.000034,0,0.000013,0,1,1,0,1,1
19322652,,0,0.000034,0,0.000013,0,1,1,0,1,1
30093976,,0,0.000047,2,0.000013,0,4,4,0,4,4
27759028,,0,0.001228,2,0.000013,0,3,3,0,3,3
25722743,,0,0.001225,2,0.000013,0,2,2,0,2,2
19141130,,0.000097,0,5,0.00004,6,0,6,6,0,6
25886583,,0,0.000002,5,0.000013,0,1,1,0,1,1
21153485,,0,0.000002,5,0.000013,0,1,1,0,1,1
30166705,,0,0.000434,5,0.000013,0,3,3,0,3,3
29599518,,0,0.000313,5,0.000013,0,6,6,0,6,6
29244844,,0,0.000187,5,0.000013,0,2,2,0,2,2
28721366,,0,0.000184,5,0.000013,0,1,1,0,1,1
28720130,,0,0.000402,5,0.000013,0,4,4,0,4,4
28273020,,0,0.000184,5,0.000013,0,1,1,0,1,1
27793381,,0,0.000197,5,0.000013,0,2,2,0,2,2
27602174,,0,0.000184,5,0.000013,0,1,1,0,1,1
27469118,,0,0.000197,5,0.000013,0,4,4,0,4,4
27447168,,0,0.001067,5,0.000013,0,5,5,0,5,5
26436112,,0.000138,0.001469,5,0.000125,21,10,31,21,10,31
25478323,,0,0.001294,5,0.000013,0,6,6,0,6,6
24824132,,0,0.001604,5,0.000013,0,3,3,0,3,3
24810653,,0,0.000184,5,0.000013,0,1,1,0,1,1
24809009,,0,0.000184,5,0.000013,0,1,1,0,1,1
24693956,,0,0.000184,5,0.000013,0,1,1,0,1,1
24253486,,0,0.000184,5,0.000013,0,1,1,0,1,1
24160328,,0,0.000184,5,0.000013,0,1,1,0,1,1
23737686,,0,0.000184,5,0.000013,0,1,1,0,1,1
23634337,,0,0.000184,5,0.000013,0,1,1,0,1,1
23462925,,0,0.000184,5,0.000013,0,1,1,0,1,1
23237768,,0,0.000184,5,0.000013,0,1,1,0,1,1
22747109,,0,0.000184,5,0.000013,0,1,1,0,1,1
22461645,,0,0.000184,5,0.000013,0,1,1,0,1,1
22350789,,0,0.000184,5,0.000013,0,1,1,0,1,1
21765195,,0,0.000391,5,0.000013,0,3,3,0,3,3
20495088,,0,0.000371,41,0.000013,0,2,2,0,2,2
20104523,,0,0.000184,5,0.000013,0,1,1,0,1,1
19923253,,0,0.000184,5,0.000013,0,1,1,0,1,1
19733988,,0,0.000184,5,0.000013,0,1,1,0,1,1
20842223,,0,0.000002,0,0.000013,0,1,1,0,1,1
20368986,,0,0.000002,0,0.000013,0,1,1,0,1,1
29776342,,0,0.000038,33,0.000013,0,2,2,0,2,2
29562656,,0,0.000003,33,0.000013,0,1,1,0,1,1
29480000,,0,0.000003,33,0.000013,0,2,2,0,2,2
29172272,,0,0.000003,33,0.000013,0,1,1,0,1,1
28978057,,0,0.000005,23,0.000013,0,2,2,0,2,2
28955137,,0,0.000038,33,0.000013,0,2,2,0,2,2
28821281,,0,0.000003,33,0.000013,0,1,1,0,1,1
28296597,,0,0.000003,33,0.000013,0,1,1,0,1,1
28180025,,0,0.000003,33,0.000013,0,1,1,0,1,1
27577081,,0,0.000003,33,0.000013,0,1,1,0,1,1
27466510,,0,0.000003,33,0.000013,0,1,1,0,1,1
26744410,,0,0.000003,33,0.000013,0,1,1,0,1,1
26106605,,0,0.000017,33,0.000013,0,3,3,0,3,3
25927974,,0,0.000003,33,0.000013,0,1,1,0,1,1
25742469,,0,0.000157,32,0.000013,0,5,5,0,5,5
25739728,,0,0.000003,33,0.000013,0,1,1,0,1,1
25386189,,0,0.000003,33,0.000013,0,1,1,0,1,1
25067956,,0.001583,0.0002,33,0.000152,19,3,22,19,3,22
24925058,,0,0.000003,33,0.000013,0,1,1,0,1,1
24288045,,0,0.000028,33,0.000013,0,2,2,0,2,2
24130171,,0,0.000003,33,0.000013,0,1,1,0,1,1
23974097,,0,0.000104,33,0.000013,0,2,2,0,2,2
23741392,,0,0.000029,0,0.000013,0,2,2,0,2,2
23578854,,0,0.000003,33,0.000013,0,1,1,0,1,1
22863985,,0,0.000003,33,0.000013,0,1,1,0,1,1
22531363,,0,0.000003,33,0.000013,0,1,1,0,1,1
22414247,,0,0.000003,33,0.000013,0,1,1,0,1,1
22166804,,0,0.000003,33,0.000013,0,1,1,0,1,1
21636973,,0,0.000003,33,0.000013,0,1,1,0,1,1
21386994,,0,0.000003,33,0.000013,0,1,1,0,1,1
20084101,,0,0.000003,33,0.000013,0,1,1,0,1,1
29996106,,0,0.000001,11,0.000013,0,1,1,0,1,1
19164512,,0.000055,0,11,0.000312,30,0,30,30,0,30
29549248,,0,0.000001,11,0.000013,0,1,1,0,1,1
27815386,,0,0.000001,11,0.000013,0,1,1,0,1,1
27803059,,0,0.000001,11,0.000013,0,1,1,0,1,1
27245308,,0,0.000452,11,0.000013,0,2,2,0,2,2
27229128,,0,0.000001,11,0.000013,0,1,1,0,1,1
26633513,,0,0.000001,11,0.000013,0,1,1,0,1,1
26475605,,0,0.000001,11,0.000013,0,1,1,0,1,1
25253693,,0,0.000001,11,0.000013,0,1,1,0,1,1
24141309,,0,0.000001,11,0.000013,0,1,1,0,1,1
23880852,,0,0.000001,11,0.000013,0,1,1,0,1,1
23861962,,0,0.000001,11,0.000013,0,1,1,0,1,1
23852537,,0,0.000001,11,0.000013,0,1,1,0,1,1
23352430,,0,0.000165,11,0.000013,0,2,2,0,2,2
23097684,,0,0.000001,11,0.000013,0,1,1,0,1,1
23085857,,0,0.000001,11,0.000013,0,1,1,0,1,1
22438824,,0,0.000001,11,0.000013,0,1,1,0,1,1
21874045,,0,0.000001,11,0.000013,0,1,1,0,1,1
21860067,,0,0.000001,11,0.000013,0,1,1,0,1,1
21775419,,0,0.000001,11,0.000013,0,1,1,0,1,1
21747117,,0,0.000001,11,0.000013,0,1,1,0,1,1
21718590,,0,0.000001,11,0.000013,0,1,1,0,1,1
21614026,,0,0.000001,11,0.000013,0,1,1,0,1,1
21150899,,0,0.000001,11,0.000013,0,1,1,0,1,1
20716670,,0,0.000001,11,0.000013,0,1,1,0,1,1
19673023,,0,0.000001,11,0.000013,0,1,1,0,1,1
21150936,,0,0.000007,35,0.000013,0,2,2,0,2,2
23573233,,0,0.000004,51,0.000013,0,2,2,0,2,2
23292084,,0,0.000004,51,0.000013,0,1,1,0,1,1
22552941,,0,0.000004,51,0.000013,0,1,1,0,1,1
21844305,,0,0.000004,51,0.000013,0,1,1,0,1,1
21207418,,0,0.000004,51,0.000013,0,1,1,0,1,1
20564318,,0,0.000004,51,0.000013,0,1,1,0,1,1
21946536,,0,0.000042,22,0.000013,0,2,2,0,2,2
29526281,,0,0.000023,5,0.000013,0,2,2,0,2,2
29201388,,0,0.000008,5,0.000013,0,1,1,0,1,1
28257920,,0,0.000013,5,0.000013,0,2,2,0,2,2
26510161,,0,0.000008,5,0.000013,0,1,1,0,1,1
25411643,,0,0.000008,5,0.000013,0,1,1,0,1,1
24240626,,0,0.000008,5,0.000013,0,1,1,0,1,1
22922173,,0,0.000012,5,0.000013,0,2,2,0,2,2
22328115,,0,0.000008,5,0.000013,0,1,1,0,1,1
22055988,,0,0.000008,5,0.000013,0,1,1,0,1,1
20604704,,0,0.000008,5,0.000013,0,1,1,0,1,1
19751083,,0.000073,0.000013,5,0.000096,12,2,14,12,2,14
29124491,,0,0.000304,22,0.000013,0,7,7,0,7,7
28851761,,0,0.000005,5,0.000013,0,1,1,0,1,1
28594412,,0,0.000005,5,0.000013,0,2,2,0,2,2
28470451,,0,0.000387,5,0.000013,0,7,7,0,7,7
27913496,,0,0.00005,5,0.000013,0,4,4,0,4,4
27422780,,0,0.000956,22,0.000013,0,6,6,0,6,6
25666435,,0,0.000005,5,0.000013,0,2,2,0,2,2
24075727,,0.00001,0.000024,5,0.000041,6,4,10,6,4,10
28096293,,0,0,0,0.000013,0,1,1,0,1,1
27149669,,0.000123,0.00027,35,0.000019,3,8,11,3,8,11
24098868,,0.001953,0.00136,32,0.000092,13,5,18,13,5,18
30305646,,0,0,39,0.000013,0,1,1,0,1,1
19240249,,0,0,39,0.000377,34,0,34,34,0,34
29658371,,0,0,39,0.000013,0,1,1,0,1,1
28543179,,0,0,39,0.000013,0,1,1,0,1,1
28138564,,0,0,39,0.000013,0,1,1,0,1,1
27742740,,0,0,39,0.000013,0,1,1,0,1,1
26905411,,0,0,39,0.000013,0,1,1,0,1,1
26721774,,0,0,39,0.000013,0,1,1,0,1,1
25918964,,0,0,39,0.000013,0,1,1,0,1,1
25874018,,0,0,39,0.000013,0,1,1,0,1,1
25783644,,0,0,39,0.000013,0,1,1,0,1,1
25670930,,0,0,39,0.000013,0,1,1,0,1,1
25423363,,0,0,39,0.000013,0,1,1,0,1,1
25419472,,0,0,39,0.000013,0,1,1,0,1,1
25096017,,0,0,39,0.000013,0,1,1,0,1,1
25085266,,0,0,39,0.000013,0,1,1,0,1,1
24908172,,0,0.000005,39,0.000013,0,3,3,0,3,3
24708496,,0,0,39,0.000013,0,1,1,0,1,1
24682224,,0,0,39,0.000013,0,1,1,0,1,1
24641912,,0,0,39,0.000013,0,1,1,0,1,1
23936266,,0,0,39,0.000013,0,1,1,0,1,1
23657238,,0,0,39,0.000013,0,1,1,0,1,1
23215885,,0,0,39,0.000013,0,1,1,0,1,1
23168091,,0,0,39,0.000013,0,1,1,0,1,1
22479307,,0,0,39,0.000013,0,1,1,0,1,1
22411504,,0,0,39,0.000013,0,1,1,0,1,1
21992406,,0,0,39,0.000013,0,1,1,0,1,1
21709725,,0,0,39,0.000013,0,1,1,0,1,1
21681434,,0,0,39,0.000013,0,1,1,0,1,1
21493200,,0,0,39,0.000013,0,1,1,0,1,1
21464040,,0,0,39,0.000013,0,1,1,0,1,1
21357376,,0,0,39,0.000013,0,1,1,0,1,1
19917083,,0,0,39,0.000013,0,1,1,0,1,1
19908237,,0,0,39,0.000013,0,1,1,0,1,1
19760636,,0,0,39,0.000013,0,1,1,0,1,1
30207104,,0,0.001246,2,0.000013,0,2,2,0,2,2
30093794,,0,0.000026,5,0.000013,0,3,3,0,3,3
29485423,,0,0.000024,2,0.000013,0,1,1,0,1,1
28971318,,0,0.000177,2,0.000013,0,12,12,0,12,12
28545225,,0,0.000128,2,0.000013,0,8,8,0,8,8
28439188,,0.000001,0.000191,2,0.000026,2,8,10,2,8,10
28283772,,0.000031,0.000463,23,0.000029,5,10,15,5,10,15
28033448,,0,0.000071,22,0.000013,0,2,2,0,2,2
27939182,,0,0.000031,5,0.000013,0,3,3,0,3,3
27380242,,0,0.000024,2,0.000013,0,1,1,0,1,1
27161971,,0.000229,0.000061,5,0.00005,15,6,21,15,6,21
26833044,,0,0.000067,2,0.000013,0,6,6,0,6,6
26555145,,0,0.000046,5,0.000013,0,3,3,0,3,3
26455498,,0.000022,0.000129,5,0.000038,7,11,18,7,11,18
25980754,,0.000873,0.000947,5,0.000216,32,4,36,32,4,36
25716084,,0.000227,0.000381,2,0.00004,13,12,25,13,12,25
25585323,,0,0.000024,2,0.000013,0,1,1,0,1,1
25428789,,0.000175,0.001434,5,0.0001,20,9,29,20,9,29
24992205,,0,0.000081,5,0.000013,0,5,5,0,5,5
23194586,,0,0.000024,2,0.000013,0,1,1,0,1,1
22616718,,0,0.000024,2,0.000013,0,1,1,0,1,1
22373165,,0,0.000024,2,0.000013,0,1,1,0,1,1
22307564,,0,0.000024,2,0.000013,0,1,1,0,1,1
21666281,,0,0.000024,2,0.000013,0,1,1,0,1,1
28088463,,0,0.000001,33,0.000013,0,1,1,0,1,1
27261491,,0,0.000001,33,0.000013,0,1,1,0,1,1
25505691,,0,0.000001,33,0.000013,0,1,1,0,1,1
25155055,,0,0.000001,33,0.000013,0,1,1,0,1,1
25032259,,0,0.000001,33,0.000013,0,1,1,0,1,1
24348208,,0,0.000001,33,0.000013,0,1,1,0,1,1
23392570,,0,0.000001,33,0.000013,0,1,1,0,1,1
21812955,,0,0.000001,33,0.000013,0,1,1,0,1,1
21670155,,0,0.000001,33,0.000013,0,1,1,0,1,1
21242333,,0,0.000001,33,0.000013,0,1,1,0,1,1
20627767,,0,0.000001,33,0.000013,0,1,1,0,1,1
30309438,,0,0.000254,23,0.000013,0,3,3,0,3,3
30023066,,0,0.000203,23,0.000013,0,4,4,0,4,4
29863166,,0,0.000171,23,0.000013,0,1,1,0,1,1
29803839,,0,0.000219,23,0.000013,0,3,3,0,3,3
29669919,,0,0.000239,23,0.000013,0,7,7,0,7,7
29463004,,0,0.000342,23,0.000013,0,3,3,0,3,3
29426021,,0,0.000178,23,0.000013,0,2,2,0,2,2
29422604,,0,0.000174,23,0.000013,0,2,2,0,2,2
29074453,,0.000007,0.000374,23,0.000019,2,6,8,2,6,8
29068423,,0,0.000368,17,0.000013,0,4,4,0,4,4
28881607,,0,0.000183,23,0.000013,0,3,3,0,3,3
28849200,,0,0.000171,23,0.000013,0,1,1,0,1,1
28736627,,0,0.001207,23,0.000013,0,6,6,0,6,6
28726808,,0.000087,0.000305,23,0.000021,6,10,16,6,10,16
28507210,,0,0.000179,23,0.000013,0,2,2,0,2,2
28454282,,0,0.000183,23,0.000013,0,2,2,0,2,2
28428707,,0,0.000405,23,0.000013,0,4,4,0,4,4
28139655,,0,0.000342,23,0.000013,0,3,3,0,3,3
27899186,,0.000056,0.000332,23,0.00003,6,11,17,6,11,17
27732944,,0,0.000458,23,0.000013,0,6,6,0,6,6
27673558,,0,0.00023,23,0.000013,0,2,2,0,2,2
27518363,,0,0.000349,23,0.000013,0,6,6,0,6,6
27374183,,0,0.000175,23,0.000013,0,2,2,0,2,2
27279102,,0,0.000171,23,0.000013,0,1,1,0,1,1
27267993,,0,0.000393,23,0.000013,0,9,9,0,9,9
27197284,,0,0.000182,23,0.000013,0,3,3,0,3,3
27096032,,0,0.000362,51,0.000013,0,3,3,0,3,3
27045993,,0,0.001047,51,0.000013,0,7,7,0,7,7
27006629,,0,0.000171,23,0.000013,0,1,1,0,1,1
26883357,,0,0.000855,23,0.000013,0,7,7,0,7,7
26709353,,0,0.000171,23,0.000013,0,1,1,0,1,1
26658419,,0.000391,0.000342,23,0.000149,34,3,37,34,3,37
26546047,,0,0.000377,51,0.000013,0,5,5,0,5,5
26498691,,0,0.000171,23,0.000013,0,1,1,0,1,1
26498142,,0,0.000174,23,0.000013,0,2,2,0,2,2
26366677,,0,0.00028,11,0.000013,0,4,4,0,4,4
26280575,,0,0.000171,23,0.000013,0,1,1,0,1,1
26261723,,0,0.000195,23,0.000013,0,2,2,0,2,2
26259033,,0,0.000171,23,0.000013,0,1,1,0,1,1
26226902,,0.000055,0.000356,23,0.000026,5,7,12,5,7,12
26226901,,0,0.000171,23,0.000013,0,1,1,0,1,1
26171187,,0,0.000455,23,0.000013,0,5,5,0,5,5
26098869,,0.000141,0.000171,23,0.000394,50,1,51,50,1,51
26020105,,0,0.000234,23,0.000013,0,2,2,0,2,2
25959245,,0,0.000171,23,0.000013,0,1,1,0,1,1
25855536,,0,0.000171,23,0.000013,0,1,1,0,1,1
25719666,,0.006536,0.023682,23,0.003545,360,7,367,360,7,367
25714017,,0,0.000234,23,0.000013,0,2,2,0,2,2
25623214,,0,0.000247,23,0.000013,0,3,3,0,3,3
25469546,,0,0.000171,23,0.000013,0,1,1,0,1,1
25464936,,0,0.000171,23,0.000013,0,1,1,0,1,1
25441308,,0,0.000279,51,0.000013,0,3,3,0,3,3
25423447,,0,0.000171,23,0.000013,0,1,1,0,1,1
25364649,,0,0.000171,23,0.000013,0,1,1,0,1,1
25356972,,0.001066,0.00038,23,0.000126,32,10,42,32,10,42
25250326,,0,0.000171,27,0.000013,0,2,2,0,2,2
25136840,,0,0.000171,23,0.000013,0,1,1,0,1,1
25002126,,0,0.000274,23,0.000013,0,3,3,0,3,3
24976721,,0,0.000171,23,0.000013,0,2,2,0,2,2
24909162,,0.000019,0.000219,2,0.00004,4,3,7,4,3,7
24763289,,0.002102,0.001328,5,0.000283,62,5,67,62,5,67
24705963,,0,0.000234,23,0.000013,0,2,2,0,2,2
24556680,,0,0.000171,23,0.000013,0,1,1,0,1,1
24532888,,0,0.000171,23,0.000013,0,1,1,0,1,1
24486587,,0,0.00032,23,0.000013,0,3,3,0,3,3
24395243,,0.000155,0.000336,23,0.000112,17,5,22,17,5,22
24319668,,0,0.000318,23,0.000013,0,2,2,0,2,2
24305783,,0,0.000171,23,0.000013,0,1,1,0,1,1
24152948,,0,0.000204,23,0.000013,0,4,4,0,4,4
24088737,,0,0.000171,23,0.000013,0,1,1,0,1,1
24058443,,0,0.000171,23,0.000013,0,1,1,0,1,1
23860716,,0,0.000171,23,0.000013,0,1,1,0,1,1
23610017,,0,0.000171,23,0.000013,0,1,1,0,1,1
23599619,,0,0.000469,23,0.000013,0,3,3,0,3,3
23561644,,0,0.000196,23,0.000013,0,2,2,0,2,2
23436799,,0,0.000963,23,0.000013,0,5,5,0,5,5
23359155,,0,0.000195,23,0.000013,0,2,2,0,2,2
23112885,,0,0.000171,23,0.000013,0,1,1,0,1,1
23099806,,0.002621,0.000216,23,0.000226,42,2,44,42,2,44
23060061,,0,0.000171,23,0.000013,0,1,1,0,1,1
22965149,,0,0.022392,23,0.000013,0,3,3,0,3,3
22859495,,0,0.000171,23,0.000013,0,1,1,0,1,1
22839973,,0,0.022478,23,0.000013,0,4,4,0,4,4
22759592,,0,0.000248,23,0.000013,0,3,3,0,3,3
22585167,,0,0.000171,23,0.000013,0,1,1,0,1,1
22550237,,0,0.000171,23,0.000013,0,1,1,0,1,1
22508028,,0,0.000247,23,0.000013,0,3,3,0,3,3
22472521,,0,0.000171,23,0.000013,0,1,1,0,1,1
22458528,,0,0.000171,23,0.000013,0,1,1,0,1,1
22253119,,0,0.000255,23,0.000013,0,2,2,0,2,2
22125481,,0,0.000234,23,0.000013,0,2,2,0,2,2
21727090,,0,0.000171,23,0.000013,0,1,1,0,1,1
21673092,,0,0.000234,23,0.000013,0,2,2,0,2,2
21656739,,0,0.000171,23,0.000013,0,1,1,0,1,1
21620466,,0,0.000259,23,0.000013,0,3,3,0,3,3
21614589,,0,0.000184,23,0.000013,0,2,2,0,2,2
21610144,,0,0.000171,23,0.000013,0,1,1,0,1,1
21378412,,0,0.000171,23,0.000013,0,1,1,0,1,1
21285061,,0,0.000171,23,0.000013,0,1,1,0,1,1
21135251,,0.002818,0.000271,23,0.001269,74,2,76,74,2,76
20810605,,0,0.000196,23,0.000013,0,2,2,0,2,2
20686608,,0,0.000171,23,0.000013,0,1,1,0,1,1
20552648,,0,0.000171,23,0.000013,0,1,1,0,1,1
20551052,,0,0.000171,23,0.000013,0,1,1,0,1,1
20393554,,0,0.000171,23,0.000013,0,1,1,0,1,1
20215501,,0,0.000171,23,0.000013,0,1,1,0,1,1
20068195,,0,0.000171,23,0.000013,0,1,1,0,1,1
19996207,,0,0.000171,23,0.000013,0,1,1,0,1,1
19843670,,0,0.000171,23,0.000013,0,1,1,0,1,1
19740696,,0,0.000171,23,0.000013,0,1,1,0,1,1
19718393,,0,0.000171,23,0.000013,0,1,1,0,1,1
19690177,,0.000017,0.000171,23,0.000026,2,1,3,2,1,3
19684890,,0,0.000171,23,0.000013,0,1,1,0,1,1
19684571,,0,0.000171,23,0.000013,0,1,1,0,1,1
19635604,,0.001096,0.000171,23,0.000506,50,1,51,50,1,51
29426838,,0,0.000762,8,0.000013,0,4,4,0,4,4
29355244,,0,0.001009,8,0.000013,0,13,13,0,13,13
29207595,,0,0.000508,32,0.000013,0,3,3,0,3,3
28912125,,0,0.001267,8,0.000013,0,7,7,0,7,7
28240985,,0,0.00065,8,0.000013,0,8,8,0,8,8
28122244,,0.00001,0.000454,8,0.000016,1,5,6,1,5,6
28089683,,0,0.00072,8,0.000013,0,8,8,0,8,8
28032817,,0,0.000787,8,0.000013,0,4,4,0,4,4
27815389,,0,0.000314,8,0.000013,0,4,4,0,4,4
27452521,,0,0.003122,31,0.000013,0,9,9,0,9,9
27429856,,0,0.0001,8,0.000013,0,1,1,0,1,1
26983989,,0,0.00023,8,0.000013,0,2,2,0,2,2
26895423,,0,0.000291,8,0.000013,0,4,4,0,4,4
26835350,,0.000021,0.000247,11,0.000029,4,2,6,4,2,6
26722478,,0,0.000724,8,0.000013,0,7,7,0,7,7
26569225,,0,0.000164,8,0.000013,0,2,2,0,2,2
26489409,,0,0.000595,23,0.000013,0,10,10,0,10,10
26400172,,0,0.0001,8,0.000013,0,1,1,0,1,1
26320175,,0,0.000248,8,0.000013,0,3,3,0,3,3
26101254,,0,0.000337,8,0.000013,0,4,4,0,4,4
25803638,,0.000003,0.000639,32,0.000142,13,3,16,13,3,16
25789554,,0,0.0001,8,0.000013,0,1,1,0,1,1
25668003,,0,0.000221,41,0.000056,4,2,6,4,2,6
25565522,,0,0.000247,8,0.000013,0,2,2,0,2,2
25512560,,0,0.000288,8,0.000013,0,3,3,0,3,3
24948741,,0,0.00068,8,0.000013,0,5,5,0,5,5
24914237,,0,0.000787,8,0.000013,0,4,4,0,4,4
24485656,,0.001095,0.001655,8,0.000097,20,11,31,20,11,31
24067368,,0,0.000286,8,0.000013,0,3,3,0,3,3
23986477,,0,0.0001,8,0.000013,0,1,1,0,1,1
23896398,,0,0.000312,8,0.000013,0,4,4,0,4,4
23319807,,0,0.000164,8,0.000013,0,2,2,0,2,2
21363960,,0,0.000606,8,0.000013,0,6,6,0,6,6
21329877,,0,0.0001,8,0.000013,0,1,1,0,1,1
21252223,,0,0.000247,8,0.000013,0,2,2,0,2,2
21203981,,0,0.000311,8,0.000013,0,3,3,0,3,3
20713705,,0,0.0001,8,0.000013,0,1,1,0,1,1
19875294,,0,0.000311,8,0.000013,0,3,3,0,3,3
19759019,,0,0.0001,8,0.000013,0,1,1,0,1,1
19553677,,0,0.000247,8,0.000013,0,2,2,0,2,2
28684677,,0,0.000014,31,0.000013,0,3,3,0,3,3
26226484,,0,0.000002,0,0.000013,0,1,1,0,1,1
25360583,,0,0.000017,0,0.000013,0,2,2,0,2,2
23145106,,0,0.000002,0,0.000013,0,1,1,0,1,1
22136207,,0,0.000002,0,0.000013,0,1,1,0,1,1
20693321,,0,0.000002,0,0.000013,0,1,1,0,1,1
26161390,,0,0.00062,5,0.000013,0,7,7,0,7,7
24489419,,0,0.000004,19,0.000013,0,1,1,0,1,1
22809218,,0,0.000004,19,0.000013,0,1,1,0,1,1
20546593,,0,0.000004,19,0.000013,0,1,1,0,1,1
30054449,,0,0,8,0.000013,0,1,1,0,1,1
28334829,,0,0,8,0.000013,0,1,1,0,1,1
27672037,,0,0,8,0.000013,0,1,1,0,1,1
27422657,,0,0,8,0.000013,0,1,1,0,1,1
27016737,,0,0,8,0.000013,0,1,1,0,1,1
26476453,,0,0,8,0.000013,0,1,1,0,1,1
26051714,,0,0,8,0.000013,0,1,1,0,1,1
25845599,,0,0,8,0.000013,0,1,1,0,1,1
25802992,,0,0,8,0.000013,0,1,1,0,1,1
25294824,,0,0,8,0.000013,0,1,1,0,1,1
24746923,,0,0.000012,31,0.000013,0,2,2,0,2,2
24152732,,0,0.000001,8,0.000013,0,2,2,0,2,2
23907389,,0,0,8,0.000013,0,1,1,0,1,1
23599000,,0,0.000001,8,0.000013,0,2,2,0,2,2
23212245,,0,0,8,0.000013,0,1,1,0,1,1
22956913,,0,0,8,0.000013,0,1,1,0,1,1
22567364,,0,0,8,0.000013,0,1,1,0,1,1
22343721,,0,0.000001,8,0.000013,0,2,2,0,2,2
22307388,,0,0,8,0.000013,0,1,1,0,1,1
21749979,,0,0,8,0.000013,0,1,1,0,1,1
21701562,,0,0,8,0.000013,0,1,1,0,1,1
21289098,,0,0,8,0.000013,0,1,1,0,1,1
21195085,,0,0,8,0.000013,0,1,1,0,1,1
21149575,,0,0,8,0.000013,0,1,1,0,1,1
20800708,,0,0,8,0.000013,0,1,1,0,1,1
20007317,,0,0,8,0.000013,0,1,1,0,1,1
30007403,,0,0.000676,35,0.000013,0,12,12,0,12,12
29928469,,0,0.00127,35,0.000013,0,11,11,0,11,11
29875927,,0,0.000094,35,0.000013,0,3,3,0,3,3
28239279,,0,0.000014,35,0.000013,0,1,1,0,1,1
27785100,,0,0.00015,32,0.000013,0,6,6,0,6,6
27770782,,0,0.000227,35,0.000013,0,3,3,0,3,3
27756336,,0,0.000631,33,0.000013,0,6,6,0,6,6
27242900,,0,0.000014,35,0.000013,0,1,1,0,1,1
27127342,,0,0.000014,35,0.000013,0,1,1,0,1,1
26966075,,0,0.000014,35,0.000013,0,1,1,0,1,1
26849082,,0,0.000035,35,0.000013,0,3,3,0,3,3
26832993,,0,0.000014,35,0.000013,0,1,1,0,1,1
26280679,,0.000053,0.000014,35,0.000025,3,1,4,3,1,4
26161039,,0,0.00002,35,0.000013,0,2,2,0,2,2
26136950,,0,0.000014,35,0.000013,0,1,1,0,1,1
26011570,,0,0.000147,35,0.000013,0,2,2,0,2,2
25475740,,0.005483,0.000905,31,0.000119,35,4,39,35,4,39
25436920,,0,0.0005,0,0.000013,0,3,3,0,3,3
25400908,,0,0.000014,35,0.000013,0,1,1,0,1,1
23071421,,0,0.000041,35,0.000013,0,2,2,0,2,2
22419176,,0,0.000149,5,0.000013,0,3,3,0,3,3
21863131,,0,0.000014,35,0.000013,0,1,1,0,1,1
21435948,,0,0.000063,2,0.000013,0,3,3,0,3,3
21233401,,0.005907,0.000537,35,0.000851,136,3,139,136,3,139
21172086,,0,0.000014,35,0.000013,0,1,1,0,1,1
21118481,,0,0.000017,32,0.000013,0,2,2,0,2,2
20030882,,0,0.000014,35,0.000013,0,1,1,0,1,1
29807999,,0,0.000863,8,0.000013,0,10,10,0,10,10
28886273,,0,0.000523,29,0.000013,0,2,2,0,2,2
27797818,,0,0.000505,8,0.000013,0,8,8,0,8,8
27407148,,0,0.000072,8,0.000013,0,1,1,0,1,1
24943459,,0,0.00015,8,0.000013,0,3,3,0,3,3
24600040,,0,0.000377,8,0.000013,0,4,4,0,4,4
24062981,,0,0.025723,32,0.000013,0,15,15,0,15,15
23810717,,0,0.000282,8,0.000013,0,3,3,0,3,3
23622866,,0,0.000114,8,0.000013,0,2,2,0,2,2
23401855,,0,0.000072,8,0.000013,0,1,1,0,1,1
22761450,,0,0.000282,8,0.000013,0,3,3,0,3,3
22735704,,0,0.000831,8,0.000013,0,5,5,0,5,5
21857994,,0,0.000251,8,0.000013,0,3,3,0,3,3
21512314,,0,0.000072,8,0.000013,0,1,1,0,1,1
20864034,,0,0.000095,8,0.000013,0,2,2,0,2,2
19996105,,0,0.000072,8,0.000013,0,1,1,0,1,1
19945909,,0,0.000072,8,0.000013,0,1,1,0,1,1
29725124,,0,0.000013,8,0.000013,0,2,2,0,2,2
28681078,,0,0.000013,8,0.000013,0,2,2,0,2,2
28242625,,0,0.000581,8,0.000013,0,4,4,0,4,4
27375678,,0,0.000028,8,0.000013,0,2,2,0,2,2
26748910,,0,0.000013,8,0.000013,0,1,1,0,1,1
26412854,,0,0.000067,8,0.000013,0,3,3,0,3,3
26338419,,0,0.000592,8,0.000013,0,7,7,0,7,7
24627472,,0.000001,0.000013,8,0.000035,3,1,4,3,1,4
24039796,,0,0.000013,8,0.000013,0,1,1,0,1,1
22896338,,0,0.000464,8,0.000013,0,2,2,0,2,2
22706632,,0,0.000013,8,0.000013,0,1,1,0,1,1
23691506,,0,0.000002,2,0.000013,0,1,1,0,1,1
22796560,,0,0.000002,2,0.000013,0,1,1,0,1,1
24442642,,0,0.000453,29,0.000013,0,3,3,0,3,3
21847699,,0,0.000001,29,0.000013,0,1,1,0,1,1
21452712,,0,0.000001,29,0.000013,0,1,1,0,1,1
20976003,,0,0.000001,29,0.000013,0,1,1,0,1,1
20443067,,0,0.000001,29,0.000013,0,1,1,0,1,1
27755135,,0,0.000001,2,0.000013,0,1,1,0,1,1
24396275,,0,0.000002,2,0.000013,0,2,2,0,2,2
26949839,,0,0.000134,29,0.000013,0,3,3,0,3,3
23226513,,0,0.000001,29,0.000013,0,1,1,0,1,1
19948035,,0,0.000001,29,0.000013,0,1,1,0,1,1
30112106,,0,0.000159,8,0.000013,0,3,3,0,3,3
30108055,,0,0.001847,8,0.000013,0,17,17,0,17,17
29985131,,0,0.000147,8,0.000013,0,1,1,0,1,1
29456719,,0,0.000486,33,0.000013,0,5,5,0,5,5
28278048,,0,0.00044,32,0.000013,0,2,2,0,2,2
28168276,,0.000193,0.000634,8,0.00004,6,8,14,6,8,14
27836727,,0,0.000147,8,0.000013,0,1,1,0,1,1
27670884,,0,0.001454,8,0.000013,0,6,6,0,6,6
26811421,,0,0.000181,8,0.000013,0,4,4,0,4,4
26485759,,0,0.000478,8,0.000013,0,7,7,0,7,7
26383678,,0.000029,0.00152,29,0.000034,5,8,13,5,8,13
25117068,,0,0.000147,8,0.000013,0,1,1,0,1,1
24320053,,0,0.000694,8,0.000013,0,3,3,0,3,3
24142877,,0,0.001806,29,0.000013,0,6,6,0,6,6
23684799,,0,0.000666,8,0.000013,0,4,4,0,4,4
23486525,,0,0.00082,8,0.000013,0,4,4,0,4,4
21468892,,0,0.000197,8,0.000013,0,2,2,0,2,2
20347427,,0,0.000147,8,0.000013,0,1,1,0,1,1
20107609,,0,0.000147,8,0.000013,0,1,1,0,1,1
29973640,,0,0.000025,28,0.000013,0,1,1,0,1,1
29189711,,0,0.000025,28,0.000013,0,1,1,0,1,1
29143133,,0,0.000026,28,0.000013,0,2,2,0,2,2
28819025,,0,0.000025,28,0.000013,0,1,1,0,1,1
28559769,,0,0.000133,22,0.000013,0,5,5,0,5,5
28436950,,0,0.000025,28,0.000013,0,1,1,0,1,1
28243543,,0,0.000545,5,0.000013,0,16,16,0,16,16
27768860,,0,0.00004,29,0.000013,0,2,2,0,2,2
27014724,,0,0.000051,28,0.000013,0,2,2,0,2,2
26973813,,0,0.000025,28,0.000013,0,1,1,0,1,1
26759753,,0,0.000154,28,0.000013,0,2,2,0,2,2
26735576,,0,0.000035,28,0.000013,0,2,2,0,2,2
26455503,,0,0.000025,28,0.000013,0,1,1,0,1,1
26261599,,0,0.000025,28,0.000013,0,1,1,0,1,1
25938776,,0,0.000025,28,0.000013,0,1,1,0,1,1
25435281,,0,0.000025,28,0.000013,0,1,1,0,1,1
24955146,,0.000072,0.000072,2,0.00004,6,4,10,6,4,10
24811059,,0,0.000025,28,0.000013,0,1,1,0,1,1
24754999,,0,0.000284,8,0.000013,0,2,2,0,2,2
24642965,,0,0.000077,28,0.000013,0,2,2,0,2,2
24120666,,0,0.000032,8,0.000013,0,2,2,0,2,2
24093751,,0,0.000027,28,0.000013,0,2,2,0,2,2
24079363,,0,0.000025,28,0.000013,0,1,1,0,1,1
23977219,,0,0.000025,28,0.000013,0,1,1,0,1,1
23912341,,0,0.000025,28,0.000013,0,1,1,0,1,1
23181716,,0,0.000025,28,0.000013,0,1,1,0,1,1
22983061,,0.003328,0.000895,32,0.000392,47,5,52,47,5,52
22508697,,0,0.000025,28,0.000013,0,1,1,0,1,1
22065898,,0,0.000025,28,0.000013,0,1,1,0,1,1
21843977,,0,0.000533,44,0.000013,0,4,4,0,4,4
21511873,,0,0.000025,28,0.000013,0,1,1,0,1,1
21374732,,0,0.000025,28,0.000013,0,1,1,0,1,1
20940395,,0,0.000025,28,0.000013,0,1,1,0,1,1
20122942,,0,0.000025,28,0.000013,0,1,1,0,1,1
29204512,,0,0.000316,41,0.000013,0,2,2,0,2,2
28983627,,0,0.02231,41,0.000013,0,2,2,0,2,2
28685067,,0,0.022915,41,0.000013,0,3,3,0,3,3
28115406,,0,0.02231,41,0.000013,0,2,2,0,2,2
27458531,,0,0.027321,5,0.000013,0,12,12,0,12,12
26699384,,0,0.000187,41,0.000013,0,1,1,0,1,1
26657901,,0,0.000316,41,0.000013,0,2,2,0,2,2
26497752,,0,0.000187,41,0.000013,0,1,1,0,1,1
26179662,,0,0.000187,41,0.000013,0,1,1,0,1,1
25625843,,0,0.022495,41,0.000013,0,3,3,0,3,3
25093288,,0,0.000187,41,0.000013,0,1,1,0,1,1
25058905,,0,0.000187,41,0.000013,0,1,1,0,1,1
24592355,,0,0.000387,41,0.000013,0,2,2,0,2,2
24302632,,0,0.023172,41,0.000013,0,3,3,0,3,3
23301148,,0,0.000187,41,0.000013,0,1,1,0,1,1
22089527,,0,0.000499,41,0.000013,0,4,4,0,4,4
21984931,,0,0.000187,41,0.000013,0,1,1,0,1,1
21946537,,0,0.000187,41,0.000013,0,1,1,0,1,1
21526198,,0,0.000187,41,0.000013,0,1,1,0,1,1
21502498,,0,0.000187,41,0.000013,0,1,1,0,1,1
20811322,,0,0.000187,41,0.000013,0,1,1,0,1,1
28904804,,0,0.002777,5,0.000013,0,5,5,0,5,5
27148939,,0,0.000136,2,0.000013,0,2,2,0,2,2
26552420,,0,0.00011,2,0.000013,0,1,1,0,1,1
26357657,,0,0.000233,2,0.000013,0,2,2,0,2,2
26109557,,0.000134,0.00029,2,0.000022,3,2,5,3,2,5
24885465,,0,0.00011,2,0.000013,0,1,1,0,1,1
24504028,,0.008032,0.026153,0,0.000069,19,12,31,19,12,31
22936386,,0,0.00011,2,0.000013,0,1,1,0,1,1
21224353,,0,0.00011,2,0.000013,0,1,1,0,1,1
28028993,,0,0.022147,41,0.000013,0,2,2,0,2,2
23273547,,0,0.022147,41,0.000013,0,2,2,0,2,2
28924212,,0,0.000083,14,0.000013,0,1,1,0,1,1
27911851,,0,0.022207,14,0.000013,0,2,2,0,2,2
27391345,,0,0.000399,5,0.000013,0,4,4,0,4,4
27378695,,0,0.022599,5,0.000013,0,4,4,0,4,4
26264211,,0,0.022207,14,0.000013,0,2,2,0,2,2
25797960,,0,0.00018,0,0.000013,0,3,3,0,3,3
25684786,,0,0.00018,0,0.000013,0,3,3,0,3,3
24740199,,0,0.000083,14,0.000013,0,1,1,0,1,1
24729980,,0,0.000083,14,0.000013,0,1,1,0,1,1
24653663,,0,0.000083,14,0.000013,0,1,1,0,1,1
23742121,,0,0.000084,0,0.000013,0,2,2,0,2,2
23555554,,0,0.022207,14,0.000013,0,2,2,0,2,2
23538968,,0,0.000083,14,0.000013,0,1,1,0,1,1
23535648,,0,0.022401,0,0.000013,0,4,4,0,4,4
21724856,,0,0.000083,14,0.000013,0,1,1,0,1,1
21447778,,0,0.000083,14,0.000013,0,1,1,0,1,1
20233418,,0,0.000083,14,0.000013,0,1,1,0,1,1
27551110,,0,0.000018,5,0.000046,3,5,8,3,5,8
26482668,,0,0.000018,5,0.000013,0,5,5,0,5,5
21955955,,0,0.000002,5,0.000013,0,2,2,0,2,2
29683380,,0,0.000173,32,0.000013,0,2,2,0,2,2
29644000,,0,0.000038,32,0.000013,0,1,1,0,1,1
29245943,,0,0.000038,32,0.000013,0,1,1,0,1,1
28888100,,0,0.000173,32,0.000013,0,2,2,0,2,2
28448462,,0,0.000207,51,0.000013,0,6,6,0,6,6
28230817,,0,0.000067,8,0.000013,0,2,2,0,2,2
27875297,,0,0.000038,32,0.000013,0,1,1,0,1,1
27713304,,0,0.000038,32,0.000013,0,1,1,0,1,1
27550999,,0,0.000038,32,0.000013,0,1,1,0,1,1
27223080,,0,0.000038,32,0.000013,0,1,1,0,1,1
26593718,,0,0.000201,32,0.000013,0,2,2,0,2,2
26494862,,0,0.000582,32,0.000013,0,5,5,0,5,5
26312135,,0,0.000038,32,0.000013,0,1,1,0,1,1
25767374,,0,0.000038,32,0.000013,0,1,1,0,1,1
25686830,,0,0.000038,32,0.000013,0,1,1,0,1,1
25249630,,0,0.000201,32,0.000013,0,2,2,0,2,2
25216529,,0,0.000038,32,0.000013,0,1,1,0,1,1
25010037,,0,0.000905,32,0.000013,0,3,3,0,3,3
24819514,,0,0.000038,32,0.000013,0,1,1,0,1,1
24737042,,0,0.000038,32,0.000013,0,1,1,0,1,1
24573252,,0,0.000038,32,0.000013,0,1,1,0,1,1
24554720,,0.006995,0.023829,32,0.000136,29,9,38,29,9,38
24376779,,0,0.000038,32,0.000013,0,1,1,0,1,1
24369536,,0,0.000038,32,0.000013,0,1,1,0,1,1
23593991,,0,0.000038,32,0.000013,0,1,1,0,1,1
23560058,,0,0.000038,32,0.000013,0,1,1,0,1,1
23548269,,0.006031,0.000354,32,0.000284,44,3,47,44,3,47
23380594,,0,0.000038,32,0.000013,0,1,1,0,1,1
22869869,,0,0.000038,32,0.000013,0,1,1,0,1,1
22833573,,0.002931,0.022997,32,0.00015,15,6,21,15,6,21
22721696,,0,0.000038,32,0.000013,0,1,1,0,1,1
22258035,,0,0.000038,32,0.000013,0,1,1,0,1,1
22194930,,0,0.022548,32,0.000013,0,3,3,0,3,3
21613406,,0,0.000038,32,0.000013,0,1,1,0,1,1
21258400,,0,0.000038,32,0.000013,0,1,1,0,1,1
27069556,,0,0.000147,41,0.000013,0,2,2,0,2,2
19407856,,0.000072,0,41,0.000066,10,0,10,10,0,10
26692952,,0,0.000147,41,0.000013,0,2,2,0,2,2
25014991,,0,0.000147,41,0.000013,0,2,2,0,2,2
24036443,,0,0.001102,41,0.000013,0,2,2,0,2,2
22343226,,0,0.000275,41,0.000013,0,3,3,0,3,3
21421661,,0,0.000024,41,0.000013,0,2,2,0,2,2
19961615,,0,0.000002,41,0.000013,0,1,1,0,1,1
28578437,,0,0.000013,5,0.000013,0,1,1,0,1,1
27764122,,0,0.000013,5,0.000013,0,1,1,0,1,1
26713052,,0,0.000013,5,0.000013,0,1,1,0,1,1
25699101,,0,0.000013,5,0.000013,0,1,1,0,1,1
24252907,,0,0.000013,5,0.000013,0,1,1,0,1,1
23819707,,0,0.000013,5,0.000013,0,1,1,0,1,1
23590973,,0,0.000013,5,0.000013,0,1,1,0,1,1
23502467,,0,0.000013,5,0.000013,0,1,1,0,1,1
22984370,,0,0.000013,5,0.000013,0,1,1,0,1,1
22962406,,0,0.000013,5,0.000013,0,1,1,0,1,1
22247801,,0,0.000013,5,0.000013,0,1,1,0,1,1
22155417,,0,0.000013,5,0.000013,0,1,1,0,1,1
21643459,,0,0.000013,5,0.000013,0,1,1,0,1,1
21589862,,0,0.000013,5,0.000013,0,1,1,0,1,1
21570499,,0,0.000013,5,0.000013,0,1,1,0,1,1
21085651,,0,0.000013,5,0.000013,0,1,1,0,1,1
20467042,,0,0.000013,5,0.000013,0,1,1,0,1,1
20381233,,0,0.000013,5,0.000013,0,1,1,0,1,1
19945742,,0,0.000013,5,0.000013,0,1,1,0,1,1
19879639,,0,0.000013,5,0.000013,0,1,1,0,1,1
28649660,,0,0,5,0.000013,0,1,1,0,1,1
26036266,,0,0,5,0.000013,0,1,1,0,1,1
25642790,,0,0,5,0.000013,0,1,1,0,1,1
23956815,,0,0,5,0.000013,0,1,1,0,1,1
28427429,,0,0.000022,35,0.000013,0,3,3,0,3,3
19442290,,0.000001,0,35,0.000038,3,0,3,3,0,3
24424211,,0,0,35,0.000013,0,1,1,0,1,1
21823222,,0,0,35,0.000013,0,1,1,0,1,1
29263804,,0,0.000133,10,0.000013,0,4,4,0,4,4
27417602,,0,0.000048,5,0.000013,0,2,2,0,2,2
25242499,,0,0.000017,5,0.000013,0,2,2,0,2,2
24498597,,0,0.000002,5,0.000013,0,1,1,0,1,1
22426886,,0,0.00007,5,0.000013,0,2,2,0,2,2
21514559,,0,0.000002,5,0.000013,0,1,1,0,1,1
20361271,,0,0.000002,5,0.000013,0,1,1,0,1,1
30214602,,0,0.000004,19,0.000013,0,1,1,0,1,1
30131927,,0,0.000004,19,0.000013,0,1,1,0,1,1
30123884,,0,0.000004,19,0.000013,0,1,1,0,1,1
30025533,,0,0.000004,19,0.000013,0,1,1,0,1,1
29721475,,0,0.000004,19,0.000013,0,1,1,0,1,1
29706651,,0,0.000004,19,0.000013,0,1,1,0,1,1
29694620,,0,0.000004,19,0.000013,0,1,1,0,1,1
29545918,,0,0.000004,19,0.000013,0,1,1,0,1,1
29387122,,0,0.000004,19,0.000013,0,1,1,0,1,1
29336662,,0,0.000004,19,0.000013,0,1,1,0,1,1
29270058,,0,0.000027,19,0.000013,0,3,3,0,3,3
29264752,,0,0.000004,19,0.000013,0,1,1,0,1,1
29218996,,0,0.000004,19,0.000013,0,1,1,0,1,1
29203594,,0,0.000004,19,0.000013,0,1,1,0,1,1
29138205,,0,0.000004,19,0.000013,0,1,1,0,1,1
28903991,,0,0.000004,19,0.000013,0,1,1,0,1,1
28894168,,0,0.000008,19,0.000013,0,2,2,0,2,2
28702893,,0,0.000004,19,0.000013,0,1,1,0,1,1
28670139,,0,0.000006,19,0.000013,0,2,2,0,2,2
28652435,,0,0.000004,19,0.000013,0,1,1,0,1,1
28463969,,0,0.000004,19,0.000013,0,1,1,0,1,1
28432514,,0,0.000004,19,0.000013,0,1,1,0,1,1
28382099,,0,0.000004,19,0.000013,0,1,1,0,1,1
28331746,,0,0.000004,19,0.000013,0,1,1,0,1,1
28331706,,0,0.000004,19,0.000013,0,1,1,0,1,1
28331652,,0,0.000004,19,0.000013,0,1,1,0,1,1
28181113,,0,0.000004,19,0.000013,0,1,1,0,1,1
28144097,,0,0.000004,19,0.000013,0,1,1,0,1,1
28101229,,0,0.000004,19,0.000013,0,1,1,0,1,1
28085947,,0,0.000004,19,0.000013,0,1,1,0,1,1
28032733,,0,0.000004,19,0.000013,0,1,1,0,1,1
28018557,,0,0.000004,19,0.000013,0,1,1,0,1,1
27889052,,0,0.000004,19,0.000013,0,1,1,0,1,1
27867299,,0,0.000004,19,0.000013,0,1,1,0,1,1
27792934,,0,0.000004,19,0.000013,0,1,1,0,1,1
27782035,,0,0.000004,19,0.000013,0,1,1,0,1,1
27542972,,0,0.000004,19,0.000013,0,1,1,0,1,1
27492244,,0,0.000004,19,0.000013,0,1,1,0,1,1
27402505,,0,0.000004,19,0.000013,0,1,1,0,1,1
27358599,,0,0.000004,19,0.000013,0,1,1,0,1,1
27294746,,0,0.000004,19,0.000013,0,1,1,0,1,1
27107570,,0,0.000004,19,0.000013,0,1,1,0,1,1
27103842,,0,0.000004,19,0.000013,0,1,1,0,1,1
27031236,,0,0.000004,19,0.000013,0,1,1,0,1,1
27023002,,0,0.000004,19,0.000013,0,1,1,0,1,1
26970739,,0,0.000004,19,0.000013,0,1,1,0,1,1
26934127,,0,0.000004,19,0.000013,0,1,1,0,1,1
26925917,,0,0.000004,19,0.000013,0,1,1,0,1,1
26775907,,0,0.000004,19,0.000013,0,1,1,0,1,1
26775906,,0,0.000006,19,0.000013,0,2,2,0,2,2
26775903,,0,0.000004,19,0.000013,0,1,1,0,1,1
26739972,,0,0.000004,19,0.000013,0,1,1,0,1,1
26730210,,0,0.000084,19,0.000013,0,2,2,0,2,2
26687192,,0,0.000004,19,0.000013,0,1,1,0,1,1
26622183,,0,0.000004,19,0.000013,0,1,1,0,1,1
26504418,,0,0.000004,19,0.000013,0,1,1,0,1,1
26480944,,0,0.000004,19,0.000013,0,1,1,0,1,1
26310372,,0,0.000004,19,0.000013,0,1,1,0,1,1
26251034,,0,0.000004,19,0.000013,0,1,1,0,1,1
26239242,,0,0.000004,19,0.000013,0,1,1,0,1,1
26210198,,0,0.000004,19,0.000013,0,1,1,0,1,1
26137435,,0,0.000004,19,0.000013,0,1,1,0,1,1
26107848,,0,0.000004,19,0.000013,0,1,1,0,1,1
26101247,,0,0.000004,19,0.000013,0,1,1,0,1,1
26036192,,0,0.000004,19,0.000013,0,1,1,0,1,1
26030770,,0,0.000004,19,0.000013,0,1,1,0,1,1
25999348,,0,0.000004,19,0.000013,0,1,1,0,1,1
25990390,,0,0.000004,19,0.000013,0,1,1,0,1,1
25951746,,0,0.000004,19,0.000013,0,1,1,0,1,1
25905842,,0,0.000004,19,0.000013,0,1,1,0,1,1
25889186,,0,0.000004,19,0.000013,0,1,1,0,1,1
25848342,,0,0.000005,19,0.000013,0,2,2,0,2,2
25493246,,0,0.000019,0,0.000013,0,2,2,0,2,2
25300196,,0,0.000004,19,0.000013,0,1,1,0,1,1
25057437,,0,0.000004,19,0.000013,0,1,1,0,1,1
24976976,,0,0.000004,19,0.000013,0,1,1,0,1,1
24890659,,0,0.000004,19,0.000013,0,1,1,0,1,1
24707345,,0,0.000004,19,0.000013,0,1,1,0,1,1
24592003,,0,0.000004,19,0.000013,0,1,1,0,1,1
24354443,,0,0.000004,19,0.000013,0,1,1,0,1,1
24162333,,0,0.000004,19,0.000013,0,1,1,0,1,1
24136668,,0,0.000004,19,0.000013,0,1,1,0,1,1
24131591,,0,0.000004,19,0.000013,0,1,1,0,1,1
23825759,,0,0.000004,19,0.000013,0,1,1,0,1,1
23800380,,0,0.000004,19,0.000013,0,1,1,0,1,1
23443036,,0,0.000004,19,0.000013,0,1,1,0,1,1
22941561,,0,0.000004,19,0.000013,0,1,1,0,1,1
22713661,,0,0.000004,19,0.000013,0,1,1,0,1,1
22614158,,0,0.000004,19,0.000013,0,1,1,0,1,1
22520938,,0,0.000004,19,0.000013,0,1,1,0,1,1
22280212,,0,0.000004,19,0.000013,0,1,1,0,1,1
21576642,,0,0.000004,19,0.000013,0,1,1,0,1,1
21472708,,0,0.000004,19,0.000013,0,1,1,0,1,1
21436065,,0,0.000004,19,0.000013,0,1,1,0,1,1
21272867,,0,0.000004,19,0.000013,0,1,1,0,1,1
21193648,,0,0.000004,19,0.000013,0,1,1,0,1,1
21172092,,0,0.000004,19,0.000013,0,1,1,0,1,1
20811852,,0,0.000004,19,0.000013,0,1,1,0,1,1
20623416,,0,0.000004,19,0.000013,0,1,1,0,1,1
26925970,,0,0.000014,22,0.000013,0,1,1,0,1,1
25717368,,0,0.000015,22,0.000013,0,3,3,0,3,3
21345208,,0,0.000014,22,0.000013,0,1,1,0,1,1
21151513,,0,0.000014,22,0.000013,0,1,1,0,1,1
19478387,,0.000116,0,8,0.000112,8,0,8,8,0,8
22988245,,0,0.000003,8,0.000013,0,2,2,0,2,2
20492670,,0,0.000003,8,0.000013,0,1,1,0,1,1
29433451,,0,0.000001,0,0.000013,0,2,2,0,2,2
28117658,,0,0.000001,0,0.000013,0,1,1,0,1,1
27270314,,0,0.000015,17,0.000013,0,2,2,0,2,2
26998278,,0,0.000008,22,0.000013,0,2,2,0,2,2
22454259,,0,0.000001,2,0.000013,0,1,1,0,1,1
30338035,,0,0,35,0.000013,0,1,1,0,1,1
30199553,,0,0,35,0.000013,0,1,1,0,1,1
29146555,,0,0,35,0.000013,0,2,2,0,2,2
28865460,,0,0.000009,0,0.000013,0,5,5,0,5,5
27853380,,0,0,35,0.000013,0,1,1,0,1,1
27798863,,0,0,35,0.000013,0,1,1,0,1,1
27671774,,0,0,35,0.000013,0,1,1,0,1,1
27548161,,0,0.000036,33,0.000013,0,2,2,0,2,2
27498697,,0,0,35,0.000013,0,1,1,0,1,1
27404381,,0,0,35,0.000013,0,1,1,0,1,1
27375730,,0,0,35,0.000013,0,1,1,0,1,1
27357940,,0,0.000482,35,0.000013,0,2,2,0,2,2
27345400,,0,0,35,0.000013,0,1,1,0,1,1
27314054,,0,0,35,0.000013,0,1,1,0,1,1
27279236,,0,0.000143,35,0.000018,1,3,4,1,3,4
27228477,,0,0,35,0.000013,0,1,1,0,1,1
26927093,,0,0,35,0.000013,0,1,1,0,1,1
25874233,,0,0.000011,0,0.000013,0,2,2,0,2,2
25496649,,0,0,35,0.000013,0,1,1,0,1,1
25429827,,0,0,35,0.000013,0,1,1,0,1,1
25360516,,0,0,35,0.000013,0,1,1,0,1,1
25275589,,0,0,35,0.000013,0,1,1,0,1,1
24834064,,0,0,35,0.000013,0,1,1,0,1,1
24534923,,0,0,35,0.000013,0,1,1,0,1,1
24223915,,0,0,35,0.000013,0,1,1,0,1,1
24086418,,0,0,35,0.000013,0,1,1,0,1,1
23762292,,0,0,35,0.000013,0,1,1,0,1,1
23552734,,0,0,35,0.000013,0,1,1,0,1,1
23095743,,0,0,35,0.000013,0,1,1,0,1,1
22547109,,0,0,35,0.000013,0,1,1,0,1,1
22495674,,0,0,35,0.000013,0,1,1,0,1,1
22485142,,0,0,35,0.000013,0,1,1,0,1,1
22290080,,0,0,35,0.000013,0,1,1,0,1,1
22190050,,0,0,35,0.000013,0,1,1,0,1,1
22128797,,0,0,35,0.000013,0,1,1,0,1,1
22060274,,0,0,35,0.000013,0,1,1,0,1,1
22031799,,0,0,35,0.000013,0,1,1,0,1,1
21979956,,0,0,35,0.000013,0,1,1,0,1,1
21955614,,0,0,35,0.000013,0,1,1,0,1,1
21846369,,0,0,35,0.000013,0,1,1,0,1,1
21492444,,0,0,35,0.000013,0,1,1,0,1,1
21390186,,0,0,35,0.000013,0,1,1,0,1,1
21367394,,0,0,35,0.000013,0,1,1,0,1,1
20943808,,0,0,35,0.000013,0,1,1,0,1,1
20712900,,0,0,35,0.000013,0,1,1,0,1,1
20492711,,0,0,35,0.000013,0,1,1,0,1,1
23112754,,0,0.000001,11,0.000013,0,1,1,0,1,1
30109230,,0,0.000133,32,0.000013,0,2,2,0,2,2
27033256,,0,0.000108,70,0.000013,0,2,2,0,2,2
26701150,,0,0.000329,44,0.000013,0,3,3,0,3,3
26437586,,0,0.000242,8,0.000013,0,5,5,0,5,5
25349192,,0,0.000214,32,0.000013,0,2,2,0,2,2
23589305,,0,0.000066,8,0.000013,0,1,1,0,1,1
23550213,,0,0.000066,8,0.000013,0,1,1,0,1,1
22099307,,0,0.000066,8,0.000013,0,1,1,0,1,1
22071147,,0,0.000066,8,0.000013,0,1,1,0,1,1
21893598,,0,0.000066,8,0.000013,0,1,1,0,1,1
21637299,,0.001721,0.000242,8,0.000145,22,3,25,22,3,25
20679434,,0,0.000066,8,0.000013,0,1,1,0,1,1
20457012,,0,0.000066,8,0.000013,0,1,1,0,1,1
28759630,,0,0,14,0.000013,0,1,1,0,1,1
28404885,,0,0,14,0.000013,0,1,1,0,1,1
27732938,,0,0,14,0.000013,0,1,1,0,1,1
23546553,,0,0,14,0.000013,0,1,1,0,1,1
22479503,,0,0,14,0.000013,0,1,1,0,1,1
29783652,,0,0,15,0.000013,0,1,1,0,1,1
28167969,,0,0,15,0.000013,0,1,1,0,1,1
26940077,,0,0,15,0.000013,0,1,1,0,1,1
25650663,,0,0,15,0.000013,0,1,1,0,1,1
25278026,,0,0,15,0.000013,0,1,1,0,1,1
24499675,,0,0,15,0.000013,0,1,1,0,1,1
24291234,,0,0,15,0.000013,0,1,1,0,1,1
23935510,,0,0,15,0.000013,0,1,1,0,1,1
23762568,,0,0,15,0.000024,1,1,2,1,1,2
22895066,,0,0,15,0.000013,0,1,1,0,1,1
22174709,,0,0,15,0.000013,0,1,1,0,1,1
22091411,,0,0,15,0.000013,0,1,1,0,1,1
21804822,,0,0.000005,15,0.000013,0,2,2,0,2,2
21687637,,0,0,15,0.000013,0,1,1,0,1,1
26254484,,0,0.000013,8,0.000013,0,2,2,0,2,2
29158857,,0.000003,0.000004,22,0.00002,2,2,4,2,2,4
28695303,,0,0.000037,22,0.000013,0,5,5,0,5,5
28534081,,0,0.000022,22,0.000013,0,2,2,0,2,2
27742414,,0,0.00019,22,0.000013,0,8,8,0,8,8
24784157,,0,0.000031,22,0.000013,0,2,2,0,2,2
23626751,,0,0.000006,22,0.000013,0,4,4,0,4,4
28772291,,0,0,2,0.000013,0,1,1,0,1,1
28091804,,0,0,2,0.000013,0,1,1,0,1,1
25789917,,0,0.000005,5,0.000013,0,3,3,0,3,3
29616112,,0,0,36,0.000013,0,1,1,0,1,1
19582179,,0,0,36,0.000024,1,0,1,1,0,1
27644328,,0,0.000401,8,0.000013,0,4,4,0,4,4
27208205,,0,0.000294,8,0.000013,0,7,7,0,7,7
27199954,,0,0.000895,8,0.000013,0,10,10,0,10,10
26889944,,0,0.000496,8,0.000013,0,4,4,0,4,4
23259762,,0,0.000064,8,0.000013,0,1,1,0,1,1
23249736,,0,0.000064,8,0.000013,0,1,1,0,1,1
21620140,,0,0.000064,8,0.000013,0,1,1,0,1,1
26811424,,0,0.000005,0,0.000013,0,1,1,0,1,1
24403251,,0,0.000005,22,0.000013,0,2,2,0,2,2
22499703,,0,0.000008,0,0.000013,0,2,2,0,2,2
29404286,,0,0.000001,28,0.000013,0,1,1,0,1,1
27134706,,0,0.000001,28,0.000013,0,2,2,0,2,2
27065666,,0,0.000001,28,0.000013,0,1,1,0,1,1
23634426,,0,0.000001,28,0.000013,0,1,1,0,1,1
28611535,,0,0.000983,51,0.000013,0,3,3,0,3,3
28212313,,0,0.000099,33,0.000013,0,1,1,0,1,1
28099152,,0.000005,0.022564,32,0.000018,2,6,8,2,6,8
25416589,,0,0.022257,33,0.000013,0,3,3,0,3,3
25083859,,0,0.000102,32,0.000013,0,2,2,0,2,2
24390738,,0,0.000099,33,0.000013,0,1,1,0,1,1
24276237,,0,0.000099,33,0.000013,0,1,1,0,1,1
23591842,,0,0.0002,33,0.000013,0,2,2,0,2,2
22513288,,0,0.000099,33,0.000013,0,1,1,0,1,1
22423251,,0,0.000099,33,0.000013,0,1,1,0,1,1
21795423,,0,0.000099,33,0.000013,0,1,1,0,1,1
21633166,,0,0.000099,33,0.000013,0,1,1,0,1,1
20712882,,0,0.000099,33,0.000013,0,1,1,0,1,1
20592421,,0,0.000099,33,0.000013,0,1,1,0,1,1
20434415,,0,0.000486,32,0.000013,0,2,2,0,2,2
29385581,,0,0.000042,5,0.000013,0,2,2,0,2,2
28628391,,0,0.000018,5,0.000013,0,1,1,0,1,1
28570656,,0,0.000153,5,0.000013,0,10,10,0,10,10
28424789,,0,0.000018,5,0.000013,0,1,1,0,1,1
27242960,,0,0.000353,5,0.000013,0,13,13,0,13,13
26831751,,0.000009,0.000072,5,0.000041,5,5,10,5,5,10
26389838,,0,0.00023,5,0.000013,0,4,4,0,4,4
26110993,,0,0.000018,5,0.000013,0,1,1,0,1,1
25968807,,0,0.000018,5,0.000013,0,1,1,0,1,1
24951607,,0,0.000022,5,0.000013,0,3,3,0,3,3
24707160,,0,0.000018,5,0.000013,0,1,1,0,1,1
24706727,,0,0.000027,5,0.000013,0,2,2,0,2,2
24428912,,0,0.000018,5,0.000013,0,1,1,0,1,1
23619276,,0,0.000032,5,0.000013,0,2,2,0,2,2
23485718,,0,0.000018,5,0.000013,0,1,1,0,1,1
23430402,,0,0.000018,5,0.000013,0,1,1,0,1,1
21934710,,0,0.000018,5,0.000013,0,1,1,0,1,1
29137324,,0,0.023107,31,0.000013,0,4,4,0,4,4
26363302,,0,0.02521,32,0.000013,0,6,6,0,6,6
25537514,,0.002183,0.024628,41,0.000271,18,7,25,18,7,25
25250324,,0,0.00011,32,0.000013,0,1,1,0,1,1
24748501,,0,0.00011,32,0.000013,0,1,1,0,1,1
24583204,,0,0.00011,32,0.000013,0,1,1,0,1,1
24212667,,0,0.00011,32,0.000013,0,1,1,0,1,1
23246380,,0.001138,0.026406,32,0.000046,7,7,14,7,7,14
23226780,,0,0.00011,32,0.000013,0,1,1,0,1,1
22261301,,0,0.00011,32,0.000013,0,1,1,0,1,1
20564122,,0,0.00011,32,0.000013,0,1,1,0,1,1
29745845,,0,0.000049,8,0.000013,0,1,1,0,1,1
29460995,,0.000002,0.000147,22,0.00002,3,9,12,3,9,12
27974827,,0,0.000082,8,0.000013,0,2,2,0,2,2
25254204,,0,0.000049,8,0.000013,0,1,1,0,1,1
25149288,,0,0.000049,8,0.000013,0,1,1,0,1,1
22090426,,0,0.000049,8,0.000013,0,1,1,0,1,1
20502673,,0,0.000049,8,0.000013,0,1,1,0,1,1
30149579,,0,0.022438,41,0.000013,0,5,5,0,5,5
19615727,,0.001015,0,41,0.000055,7,0,7,7,0,7
26630225,,0,0.000023,41,0.000013,0,1,1,0,1,1
22506137,,0,0.022146,41,0.000013,0,2,2,0,2,2
21785733,,0,0.000023,41,0.000013,0,1,1,0,1,1
27737711,,0,0.000002,2,0.000013,0,2,2,0,2,2
25253066,,0,0.001273,35,0.00004,3,4,7,3,4,7
22931052,,0,0.000002,2,0.000013,0,2,2,0,2,2
29547922,,0,0.000011,14,0.000013,0,1,1,0,1,1
19626602,,0.000502,0,14,0.000136,12,0,12,12,0,12
27434122,,0,0.000011,14,0.000013,0,1,1,0,1,1
26267116,,0,0.000011,14,0.000013,0,1,1,0,1,1
23975433,,0,0.022135,14,0.000013,0,2,2,0,2,2
23659246,,0,0.000011,14,0.000013,0,1,1,0,1,1
22312134,,0,0.000011,14,0.000013,0,1,1,0,1,1
22046296,,0,0.000011,14,0.000013,0,1,1,0,1,1
20649980,,0,0.000011,14,0.000013,0,1,1,0,1,1
25288749,,0,0.000245,8,0.000013,0,3,3,0,3,3
27486979,,0,0.00003,23,0.000013,0,3,3,0,3,3
28276523,,0,0.000001,19,0.000013,0,1,1,0,1,1
26528328,,0,0.000037,19,0.000013,0,5,5,0,5,5
24357391,,0,0.00003,19,0.000013,0,3,3,0,3,3
23445948,,0,0.000004,19,0.000013,0,2,2,0,2,2
23362014,,0.000272,0.000026,19,0.000125,21,3,24,21,3,24
27598149,,0,0.000001,1,0.000013,0,1,1,0,1,1
26803811,,0,0.000001,1,0.000013,0,1,1,0,1,1
23289018,,0,0.000001,1,0.000013,0,3,3,0,3,3
30375481,,0,0.000398,32,0.000013,0,3,3,0,3,3
30181600,,0,0.00035,32,0.000013,0,1,1,0,1,1
29464053,,0,0.00035,32,0.000013,0,1,1,0,1,1
29340034,,0,0.024461,51,0.000013,0,11,11,0,11,11
28423594,,0,0.00035,32,0.000013,0,1,1,0,1,1
28401178,,0,0.00035,32,0.000013,0,1,1,0,1,1
28211448,,0,0.000774,32,0.000013,0,5,5,0,5,5
28159673,,0,0.00035,32,0.000013,0,1,1,0,1,1
28055979,,0,0.004167,51,0.000013,0,18,18,0,18,18
27614696,,0.000643,0.025528,5,0.000019,4,11,15,4,11,15
26850462,,0,0.000405,32,0.000013,0,2,2,0,2,2
26683361,,0,0.00035,32,0.000013,0,1,1,0,1,1
26579492,,0,0.022891,32,0.000013,0,6,6,0,6,6
26452665,,0,0.024836,32,0.000013,0,5,5,0,5,5
26116172,,0.00009,0.000612,51,0.000019,3,3,6,3,3,6
26021697,,0.000009,0.000858,32,0.000027,2,4,6,2,4,6
25375122,,0,0.00035,32,0.000013,0,1,1,0,1,1
25252917,,0,0.00035,32,0.000013,0,1,1,0,1,1
25043256,,0.000029,0.000406,32,0.000045,5,4,9,5,4,9
23720056,,0,0.022474,32,0.000013,0,2,2,0,2,2
22131882,,0,0.00035,32,0.000013,0,1,1,0,1,1
21571862,,0,0.000867,32,0.000013,0,2,2,0,2,2
21300883,,0,0.001313,32,0.000013,0,4,4,0,4,4
29860987,,0,0.00011,0,0.000013,0,4,4,0,4,4
27634905,,0,0.000021,0,0.000013,0,1,1,0,1,1
25417853,,0,0.000021,0,0.000013,0,1,1,0,1,1
23976942,,0,0.000021,0,0.000013,0,2,2,0,2,2
23894282,,0,0.000234,5,0.000013,0,2,2,0,2,2
23565189,,0,0.000021,0,0.000013,0,1,1,0,1,1
22726230,,0,0.000021,0,0.000013,0,1,1,0,1,1
22326833,,0,0.000021,0,0.000013,0,1,1,0,1,1
20140701,,0,0.000021,0,0.000013,0,1,1,0,1,1
19931039,,0,0.000021,0,0.000013,0,1,1,0,1,1
28952019,,0,0.000051,32,0.000013,0,1,1,0,1,1
19671736,,0.002278,0,32,0.00041,36,0,36,36,0,36
28314386,,0,0.000312,32,0.000013,0,4,4,0,4,4
28099914,,0,0.000051,32,0.000013,0,1,1,0,1,1
27515310,,0,0.000332,51,0.000013,0,4,4,0,4,4
27462787,,0,0.000051,32,0.000013,0,1,1,0,1,1
27302171,,0,0.000051,32,0.000013,0,1,1,0,1,1
26794465,,0,0.000578,32,0.000013,0,3,3,0,3,3
26133775,,0,0.00031,32,0.000013,0,3,3,0,3,3
25117293,,0,0.000067,32,0.000013,0,2,2,0,2,2
24550033,,0,0.000486,32,0.000013,0,4,4,0,4,4
24335147,,0,0.000055,32,0.000013,0,2,2,0,2,2
24121277,,0,0.000513,32,0.000013,0,3,3,0,3,3
23873297,,0,0.000051,32,0.000013,0,1,1,0,1,1
23631609,,0,0.000099,32,0.000013,0,2,2,0,2,2
23594434,,0,0.000051,32,0.000013,0,1,1,0,1,1
22530121,,0,0.000051,32,0.000013,0,1,1,0,1,1
22523597,,0,0.000051,32,0.000013,0,1,1,0,1,1
22347438,,0,0.000051,32,0.000013,0,1,1,0,1,1
22248541,,0,0.00055,8,0.000013,0,4,4,0,4,4
22236878,,0,0.000051,32,0.000013,0,1,1,0,1,1
22134241,,0.00069,0.000075,32,0.000181,27,2,29,27,2,29
20501802,,0,0.000051,32,0.000013,0,1,1,0,1,1
20457135,,0,0.000051,32,0.000013,0,1,1,0,1,1
27463890,,0,0.00005,8,0.000013,0,4,4,0,4,4
26149689,,0,0.000015,8,0.000013,0,1,1,0,1,1
25557546,,0,0.000015,8,0.000013,0,1,1,0,1,1
24278431,,0,0.000016,8,0.000013,0,2,2,0,2,2
23580141,,0,0.000015,8,0.000013,0,1,1,0,1,1
22753026,,0,0.000015,8,0.000013,0,1,1,0,1,1
22266823,,0,0.000015,8,0.000013,0,1,1,0,1,1
20675655,,0,0.000015,8,0.000013,0,1,1,0,1,1
24601692,,0,0,22,0.000013,0,1,1,0,1,1
19706204,,0.000001,0,22,0.000029,2,0,2,2,0,2
28570563,,0,0,22,0.000013,0,1,1,0,1,1
24287335,,0,0.000004,22,0.000013,0,2,2,0,2,2
22717603,,0,0,22,0.000013,0,1,1,0,1,1
24820515,,0,0.000003,0,0.000013,0,1,1,0,1,1
21833626,,0,0.000003,0,0.000013,0,1,1,0,1,1
21656578,,0,0.000003,0,0.000013,0,1,1,0,1,1
29949923,,0,0,37,0.000013,0,1,1,0,1,1
19707334,,0,0,37,0.0001,8,0,8,8,0,8
29849103,,0,0,37,0.000013,0,1,1,0,1,1
28841163,,0,0,37,0.000013,0,1,1,0,1,1
28454355,,0,0,37,0.000013,0,1,1,0,1,1
28420336,,0,0,37,0.000013,0,1,1,0,1,1
27539783,,0,0,37,0.000013,0,1,1,0,1,1
25881543,,0,0,37,0.000013,0,1,1,0,1,1
23094148,,0,0,37,0.000013,0,1,1,0,1,1
25989018,,0,0,38,0.000013,0,1,1,0,1,1
19709072,,0,0,38,0.000067,5,0,5,5,0,5
25979570,,0,0,38,0.000013,0,1,1,0,1,1
25242395,,0,0,38,0.000013,0,1,1,0,1,1
22306115,,0,0,38,0.000013,0,1,1,0,1,1
21732332,,0,0,38,0.000013,0,1,1,0,1,1
19720778,,0.000011,0,23,0.000104,9,0,9,9,0,9
26137463,,0,0.000014,23,0.000013,0,3,3,0,3,3
25743105,,0.000026,0.000058,23,0.000092,12,3,15,12,3,15
25441307,,0,0.000013,23,0.000013,0,2,2,0,2,2
24278398,,0,0,23,0.000013,0,1,1,0,1,1
23450128,,0,0,23,0.000013,0,1,1,0,1,1
23426888,,0,0,23,0.000013,0,1,1,0,1,1
23187835,,0,0,23,0.000013,0,1,1,0,1,1
20042556,,0,0,23,0.000013,0,1,1,0,1,1
29658001,,0,0.000001,5,0.000013,0,1,1,0,1,1
29584711,,0,0.000001,5,0.000013,0,3,3,0,3,3
29435987,,0,0.000001,5,0.000013,0,1,1,0,1,1
27779676,,0,0.000001,5,0.000013,0,1,1,0,1,1
27751350,,0,0.000001,5,0.000013,0,1,1,0,1,1
27663981,,0,0.000001,5,0.000013,0,1,1,0,1,1
26152113,,0,0.00017,5,0.000013,0,2,2,0,2,2
26046764,,0,0.000001,5,0.000013,0,1,1,0,1,1
25351418,,0,0.000001,5,0.000013,0,1,1,0,1,1
25333258,,0,0.000001,5,0.000013,0,3,3,0,3,3
25269858,,0,0.000001,5,0.000013,0,1,1,0,1,1
24015760,,0,0.000001,5,0.000013,0,1,1,0,1,1
23326384,,0,0.00002,5,0.000013,0,2,2,0,2,2
23232696,,0,0.000001,5,0.000013,0,1,1,0,1,1
22804960,,0,0.000001,5,0.000013,0,1,1,0,1,1
22225988,,0,0.000001,5,0.000013,0,1,1,0,1,1
22007214,,0,0.000001,5,0.000013,0,1,1,0,1,1
21297970,,0,0.000001,5,0.000013,0,1,1,0,1,1
21255398,,0,0.000001,5,0.000013,0,1,1,0,1,1
19725991,,0.001078,0,32,0.000037,4,0,4,4,0,4
25268752,,0,0,33,0.000013,0,1,1,0,1,1
19736695,,0.000663,0,5,0.000176,19,0,19,19,0,19
28345121,,0,0.000017,5,0.000013,0,2,2,0,2,2
27734221,,0,0.000015,5,0.000013,0,1,1,0,1,1
26969308,,0,0.000084,5,0.000013,0,7,7,0,7,7
26930535,,0,0.000015,5,0.000013,0,1,1,0,1,1
25889602,,0,0.000015,5,0.000013,0,1,1,0,1,1
25833335,,0,0.000049,5,0.000013,0,2,2,0,2,2
24926413,,0,0.000015,5,0.000013,0,1,1,0,1,1
23604904,,0,0.000015,5,0.000013,0,2,2,0,2,2
22790832,,0.000068,0.000015,39,0.000056,12,2,14,12,2,14
22302620,,0,0.000015,5,0.000013,0,1,1,0,1,1
21129092,,0,0.000015,5,0.000013,0,1,1,0,1,1
29651103,,0,0.000005,11,0.000013,0,1,1,0,1,1
28262582,,0,0.000005,11,0.000013,0,1,1,0,1,1
27242893,,0,0.000005,11,0.000013,0,1,1,0,1,1
25818288,,0,0.000005,11,0.000013,0,1,1,0,1,1
25801034,,0,0.000005,11,0.000013,0,1,1,0,1,1
25580447,,0,0.000168,11,0.000013,0,2,2,0,2,2
25066119,,0,0.000182,8,0.000013,0,3,3,0,3,3
24837675,,0,0.000005,11,0.000013,0,1,1,0,1,1
24086043,,0,0.000005,11,0.000013,0,1,1,0,1,1
23219604,,0,0.000005,11,0.000013,0,1,1,0,1,1
22941606,,0,0.000005,11,0.000013,0,1,1,0,1,1
22928046,,0,0.000037,11,0.000013,0,4,4,0,4,4
22810206,,0,0.000005,11,0.000013,0,1,1,0,1,1
22754656,,0,0.000005,11,0.000013,0,1,1,0,1,1
22705371,,0,0.000005,11,0.000013,0,1,1,0,1,1
22101340,,0,0.000005,11,0.000013,0,1,1,0,1,1
21919919,,0,0.000005,11,0.000013,0,1,1,0,1,1
21896658,,0,0.000005,11,0.000013,0,1,1,0,1,1
21764741,,0,0.000005,11,0.000013,0,1,1,0,1,1
20855601,,0,0.000005,11,0.000013,0,1,1,0,1,1
20798760,,0,0.000005,11,0.000013,0,1,1,0,1,1
20711169,,0,0.000005,11,0.000013,0,1,1,0,1,1
20658645,,0,0.000005,11,0.000013,0,1,1,0,1,1
20536192,,0,0.000005,11,0.000013,0,1,1,0,1,1
20347428,,0,0.000005,11,0.000013,0,1,1,0,1,1
20209624,,0,0.000005,11,0.000013,0,1,1,0,1,1
30271826,,0,0.000002,5,0.000013,0,1,1,0,1,1
25730718,,0,0.000002,5,0.000013,0,1,1,0,1,1
24246567,,0,0.000003,5,0.000013,0,2,2,0,2,2
20498392,,0,0.000002,5,0.000013,0,1,1,0,1,1
25986045,,0,0,40,0.000013,0,1,1,0,1,1
19758657,,0,0,40,0.000046,3,0,3,3,0,3
21751189,,0,0,40,0.000013,0,1,1,0,1,1
20550845,,0,0,40,0.000013,0,1,1,0,1,1
29527004,,0,0.000038,22,0.000013,0,1,1,0,1,1
26284487,,0,0.000038,22,0.000013,0,1,1,0,1,1
24171803,,0,0.000513,32,0.000013,0,2,2,0,2,2
23624935,,0,0.000038,22,0.000013,0,1,1,0,1,1
22403740,,0,0.000038,22,0.000013,0,1,1,0,1,1
20399958,,0,0.000038,22,0.000013,0,1,1,0,1,1
27212895,,0,0,5,0.000013,0,1,1,0,1,1
25563224,,0,0,5,0.000013,0,1,1,0,1,1
25562140,,0,0,5,0.000013,0,1,1,0,1,1
23445478,,0,0,5,0.000013,0,1,1,0,1,1
29472816,,0,0.000046,27,0.000013,0,2,2,0,2,2
28459042,,0,0.000046,27,0.000013,0,1,1,0,1,1
27917453,,0,0.000046,27,0.000013,0,1,1,0,1,1
27036018,,0,0.02217,27,0.000013,0,2,2,0,2,2
26885691,,0,0.000046,27,0.000013,0,1,1,0,1,1
26731723,,0,0.000046,27,0.000013,0,1,1,0,1,1
26260454,,0,0.000046,27,0.000013,0,1,1,0,1,1
26213923,,0,0.000311,41,0.000013,0,3,3,0,3,3
25894979,,0,0.000046,27,0.000013,0,1,1,0,1,1
25705321,,0,0.000205,35,0.000013,0,5,5,0,5,5
25304686,,0.002544,0.02217,41,0.000244,25,2,27,25,2,27
24822185,,0,0.000046,27,0.000013,0,1,1,0,1,1
24373327,,0,0.000046,27,0.000013,0,1,1,0,1,1
23785667,,0,0.02217,27,0.000013,0,2,2,0,2,2
23774697,,0.000005,0.000063,27,0.000106,10,3,13,10,3,13
23526566,,0,0.000046,27,0.000013,0,1,1,0,1,1
23484144,,0,0.000046,27,0.000013,0,1,1,0,1,1
23237306,,0,0.000046,27,0.000013,0,1,1,0,1,1
22925189,,0,0.000046,27,0.000013,0,1,1,0,1,1
22701724,,0,0.000046,27,0.000013,0,1,1,0,1,1
22580610,,0,0.000046,27,0.000013,0,1,1,0,1,1
22492723,,0,0.000046,27,0.000013,0,1,1,0,1,1
22395642,,0,0.000046,27,0.000013,0,1,1,0,1,1
22235203,,0,0.02217,27,0.000013,0,2,2,0,2,2
22085651,,0,0.000046,27,0.000013,0,1,1,0,1,1
21931508,,0,0.000046,27,0.000013,0,1,1,0,1,1
21354374,,0,0.000095,2,0.000013,0,3,3,0,3,3
21323862,,0,0.000046,27,0.000013,0,1,1,0,1,1
20716115,,0,0.000046,27,0.000013,0,1,1,0,1,1
20454511,,0.000004,0.000046,44,0.000105,10,1,11,10,1,11
20345848,,0,0.000046,27,0.000013,0,1,1,0,1,1
30190844,,0,0,2,0.000013,0,1,1,0,1,1
29492214,,0,0,2,0.000013,0,1,1,0,1,1
28125434,,0,0,2,0.000013,0,1,1,0,1,1
26650572,,0,0,2,0.000013,0,1,1,0,1,1
26488006,,0,0.000015,2,0.000013,0,2,2,0,2,2
25627962,,0,0,2,0.000013,0,1,1,0,1,1
24917043,,0,0,2,0.000013,0,1,1,0,1,1
23987572,,0,0,2,0.000013,0,1,1,0,1,1
23904845,,0,0,2,0.000013,0,1,1,0,1,1
23470635,,0,0,2,0.000013,0,1,1,0,1,1
23237222,,0,0,2,0.000013,0,1,1,0,1,1
22862891,,0,0,2,0.000013,0,1,1,0,1,1
29615978,,0,0,1,0.000013,0,1,1,0,1,1
29434999,,0,0,1,0.000013,0,1,1,0,1,1
27391408,,0,0,1,0.000013,0,2,2,0,2,2
27104924,,0,0,1,0.000013,0,1,1,0,1,1
25759396,,0,0,1,0.000013,0,1,1,0,1,1
25257395,,0,0,1,0.000013,0,1,1,0,1,1
24946857,,0,0,1,0.000013,0,2,2,0,2,2
24603113,,0,0,1,0.000013,0,1,1,0,1,1
24550283,,0,0,1,0.000013,0,1,1,0,1,1
24108109,,0,0,1,0.000013,0,1,1,0,1,1
23519742,,0,0,1,0.000013,0,1,1,0,1,1
23388158,,0,0,1,0.000013,0,2,2,0,2,2
22924026,,0,0,1,0.000013,0,1,1,0,1,1
22451927,,0,0,1,0.000013,0,1,1,0,1,1
22307607,,0,0,1,0.000013,0,1,1,0,1,1
29973223,,0,0.000052,41,0.000013,0,2,2,0,2,2
27764790,,0,0.000013,41,0.000013,0,1,1,0,1,1
23964347,,0,0.02447,41,0.000013,0,6,6,0,6,6
23388584,,0,0.000013,41,0.000013,0,1,1,0,1,1
29903880,,0,0.000985,23,0.000013,0,9,9,0,9,9
21762627,,0,0.000001,23,0.000013,0,1,1,0,1,1
29346616,,0,0.000002,5,0.000013,0,1,1,0,1,1
29094272,,0,0.000002,5,0.000013,0,1,1,0,1,1
28327574,,0,0.000002,5,0.000013,0,1,1,0,1,1
28248624,,0,0.000002,5,0.000013,0,1,1,0,1,1
27618810,,0,0.000002,5,0.000013,0,1,1,0,1,1
27507685,,0,0.000002,5,0.000013,0,1,1,0,1,1
26735646,,0,0.000005,2,0.000013,0,2,2,0,2,2
26566980,,0,0.000002,5,0.000013,0,1,1,0,1,1
26479555,,0,0.000002,5,0.000013,0,1,1,0,1,1
26280996,,0,0.000002,5,0.000013,0,1,1,0,1,1
25901453,,0,0.000002,5,0.000013,0,1,1,0,1,1
25842388,,0,0.000002,5,0.000013,0,1,1,0,1,1
25730634,,0,0.000002,5,0.000013,0,1,1,0,1,1
25622080,,0,0.000002,5,0.000013,0,1,1,0,1,1
25398057,,0,0.000002,5,0.000013,0,1,1,0,1,1
25337828,,0,0.000002,5,0.000013,0,1,1,0,1,1
25321314,,0,0.000002,5,0.000013,0,2,2,0,2,2
25074679,,0,0.000002,5,0.000013,0,1,1,0,1,1
24690678,,0,0.000002,5,0.000013,0,1,1,0,1,1
24463396,,0,0.000002,5,0.000013,0,1,1,0,1,1
24177906,,0,0.000002,5,0.000013,0,1,1,0,1,1
22197261,,0,0.000002,5,0.000013,0,1,1,0,1,1
21562245,,0,0.000002,5,0.000013,0,1,1,0,1,1
21562055,,0,0.000002,5,0.000013,0,1,1,0,1,1
21512927,,0,0.000002,5,0.000013,0,1,1,0,1,1
21382509,,0,0.000002,5,0.000013,0,1,1,0,1,1
21067573,,0,0.000002,5,0.000013,0,1,1,0,1,1
20401527,,0,0.000002,5,0.000013,0,1,1,0,1,1
20307808,,0,0.000002,5,0.000013,0,1,1,0,1,1
19846685,,0,0.000002,5,0.000013,0,1,1,0,1,1
26255629,,0,0.000038,41,0.000013,0,1,1,0,1,1
24030860,,0,0.000189,41,0.000013,0,3,3,0,3,3
29287602,,0,0,41,0.000013,0,1,1,0,1,1
27683112,,0,0,41,0.000013,0,1,1,0,1,1
27093577,,0,0,41,0.000013,0,1,1,0,1,1
27035619,,0,0.000042,41,0.000013,0,2,2,0,2,2
26322164,,0,0,41,0.000013,0,1,1,0,1,1
23474028,,0,0,41,0.000013,0,1,1,0,1,1
23300565,,0,0,41,0.000013,0,1,1,0,1,1
22871735,,0,0,41,0.000013,0,1,1,0,1,1
21603305,,0,0,41,0.000013,0,1,1,0,1,1
21571946,,0,0,41,0.000013,0,1,1,0,1,1
21339823,,0,0,41,0.000013,0,1,1,0,1,1
21278894,,0,0,41,0.000013,0,1,1,0,1,1
21191148,,0,0,41,0.000013,0,2,2,0,2,2
20454509,,0,0,41,0.000013,0,1,1,0,1,1
30323899,,0,0.000016,0,0.000013,0,3,3,0,3,3
30075530,,0,0.000004,0,0.000013,0,1,1,0,1,1
29240257,,0,0.000552,29,0.000027,2,10,12,2,10,12
28191281,,0,0.000004,0,0.000013,0,1,1,0,1,1
27483248,,0,0.000005,0,0.000013,0,2,2,0,2,2
27405474,,0,0.000004,0,0.000013,0,1,1,0,1,1
27376028,,0,0.000004,0,0.000013,0,1,1,0,1,1
26976855,,0,0.000158,0,0.000013,0,2,2,0,2,2
26217584,,0,0.000016,32,0.000013,0,2,2,0,2,2
21625632,,0,0.000019,0,0.000013,0,2,2,0,2,2
20663687,,0,0.000004,0,0.000013,0,1,1,0,1,1
20631049,,0,0.000004,0,0.000013,0,1,1,0,1,1
29054375,,0,0.000205,51,0.000013,0,6,6,0,6,6
24623813,,0,0.000015,11,0.000013,0,1,1,0,1,1
24348213,,0,0.000091,11,0.000013,0,2,2,0,2,2
23613359,,0,0.000015,11,0.000013,0,1,1,0,1,1
23105925,,0,0.000015,11,0.000013,0,1,1,0,1,1
20971953,,0,0.000015,11,0.000013,0,1,1,0,1,1
29331492,,0,0.000022,17,0.000013,0,2,2,0,2,2
23094644,,0,0.000108,8,0.000013,0,2,2,0,2,2
28905013,,0,0.000001,0,0.000013,0,1,1,0,1,1
25106495,,0,0.000001,0,0.000013,0,1,1,0,1,1
30123346,,0,0,0,0.000013,0,1,1,0,1,1
29298992,,0,0,0,0.000013,0,1,1,0,1,1
28797198,,0,0,0,0.000013,0,1,1,0,1,1
28489582,,0,0,0,0.000013,0,1,1,0,1,1
28415770,,0,0,0,0.000013,0,1,1,0,1,1
28330811,,0,0,0,0.000013,0,1,1,0,1,1
28206966,,0,0,0,0.000013,0,1,1,0,1,1
27248666,,0,0,0,0.000013,0,1,1,0,1,1
27194394,,0,0.000002,0,0.000013,0,2,2,0,2,2
26770390,,0,0,51,0.000013,0,2,2,0,2,2
26649000,,0,0,0,0.000013,0,1,1,0,1,1
25952580,,0,0,0,0.000013,0,1,1,0,1,1
25927275,,0,0,0,0.000013,0,1,1,0,1,1
24886180,,0,0,0,0.000013,0,1,1,0,1,1
24802942,,0,0,0,0.000013,0,1,1,0,1,1
24353636,,0,0,0,0.000013,0,1,1,0,1,1
24349526,,0,0,0,0.000013,0,1,1,0,1,1
24093803,,0,0,0,0.000013,0,1,1,0,1,1
24086516,,0,0,0,0.000013,0,1,1,0,1,1
24070418,,0,0,0,0.000013,0,1,1,0,1,1
23028604,,0,0,0,0.000013,0,1,1,0,1,1
22768293,,0,0,0,0.000013,0,1,1,0,1,1
22382185,,0,0,0,0.000013,0,1,1,0,1,1
22114677,,0,0,0,0.000013,0,1,1,0,1,1
21426550,,0,0,0,0.000013,0,1,1,0,1,1
21171015,,0,0,0,0.000013,0,1,1,0,1,1
29708210,,0,0,30,0.000013,0,1,1,0,1,1
29706765,,0,0,30,0.000013,0,1,1,0,1,1
29630755,,0,0,30,0.000013,0,1,1,0,1,1
29524207,,0,0,30,0.000013,0,1,1,0,1,1
29140420,,0,0,30,0.000013,0,1,1,0,1,1
28477346,,0,0,30,0.000013,0,1,1,0,1,1
28121639,,0,0,30,0.000013,0,1,1,0,1,1
27729066,,0,0,30,0.000013,0,1,1,0,1,1
27692872,,0,0,30,0.000013,0,1,1,0,1,1
27197283,,0,0,30,0.000013,0,1,1,0,1,1
27133695,,0,0,30,0.000013,0,1,1,0,1,1
27108300,,0,0,30,0.000013,0,1,1,0,1,1
27106750,,0,0,30,0.000013,0,1,1,0,1,1
27011312,,0,0,30,0.000013,0,1,1,0,1,1
26692524,,0,0,30,0.000013,0,1,1,0,1,1
26489749,,0,0,30,0.000013,0,1,1,0,1,1
26429241,,0,0,30,0.000013,0,1,1,0,1,1
26041651,,0,0,30,0.000013,0,1,1,0,1,1
25979021,,0,0,30,0.000013,0,1,1,0,1,1
25371447,,0,0,30,0.000013,0,1,1,0,1,1
25132995,,0,0,30,0.000013,0,1,1,0,1,1
24892933,,0,0,30,0.000013,0,1,1,0,1,1
24131968,,0,0,30,0.000013,0,1,1,0,1,1
23940080,,0,0,30,0.000013,0,1,1,0,1,1
23661294,,0,0,30,0.000013,0,1,1,0,1,1
23091737,,0,0,30,0.000013,0,1,1,0,1,1
23044556,,0,0,30,0.000013,0,1,1,0,1,1
22894415,,0,0,30,0.000013,0,1,1,0,1,1
22047360,,0,0,30,0.000013,0,1,1,0,1,1
22015449,,0,0,30,0.000013,0,1,1,0,1,1
21361206,,0,0,30,0.000013,0,1,1,0,1,1
21361169,,0,0,30,0.000013,0,1,1,0,1,1
20632587,,0,0,30,0.000013,0,1,1,0,1,1
24083102,,0,0.000001,0,0.000013,0,1,1,0,1,1
29681946,,0,0.000011,8,0.000013,0,1,1,0,1,1
29511339,,0,0.000011,8,0.000013,0,1,1,0,1,1
28560068,,0,0.000011,8,0.000013,0,1,1,0,1,1
28334891,,0,0.000565,8,0.000013,0,6,6,0,6,6
26910887,,0,0.000084,41,0.000013,0,3,3,0,3,3
26317153,,0,0.000476,8,0.000013,0,6,6,0,6,6
26176175,,0,0.000062,32,0.000013,0,2,2,0,2,2
25712090,,0,0.000136,8,0.000013,0,2,2,0,2,2
25110436,,0,0.00027,8,0.000013,0,2,2,0,2,2
24781030,,0,0.000026,8,0.000013,0,2,2,0,2,2
24440048,,0,0.000011,8,0.000013,0,1,1,0,1,1
24222661,,0,0.000465,32,0.000013,0,3,3,0,3,3
24204272,,0,0.000011,8,0.000013,0,1,1,0,1,1
23435420,,0,0.000284,8,0.000013,0,3,3,0,3,3
23399959,,0,0.000417,32,0.000013,0,3,3,0,3,3
22008909,,0,0.000026,8,0.000013,0,2,2,0,2,2
21954437,,0,0.000486,8,0.000013,0,2,2,0,2,2
20705614,,0,0.000011,8,0.000013,0,1,1,0,1,1
30235328,,0,0.000025,19,0.000013,0,2,2,0,2,2
19996028,,0.000995,0,19,0.000605,68,0,68,68,0,68
29962516,,0,0.000022,19,0.000013,0,1,1,0,1,1
29692923,,0,0.000022,19,0.000013,0,1,1,0,1,1
29416435,,0,0.000022,19,0.000013,0,1,1,0,1,1
29393227,,0,0.000022,19,0.000013,0,1,1,0,1,1
29231814,,0,0.000048,35,0.000013,0,5,5,0,5,5
28855565,,0,0.000025,19,0.000013,0,2,2,0,2,2
28841705,,0,0.000022,19,0.000013,0,1,1,0,1,1
27817040,,0,0.000029,19,0.000013,0,4,4,0,4,4
27468354,,0,0.000022,19,0.000013,0,1,1,0,1,1
27200291,,0,0.000022,19,0.000013,0,1,1,0,1,1
26728489,,0,0.000022,19,0.000013,0,1,1,0,1,1
26126877,,0,0.000038,19,0.000013,0,5,5,0,5,5
25957622,,0,0.000028,19,0.000013,0,2,2,0,2,2
25906823,,0,0.000022,19,0.000013,0,1,1,0,1,1
25880215,,0.000001,0.000054,19,0.000117,11,4,15,11,4,15
25736492,,0,0.000022,19,0.000013,0,1,1,0,1,1
25729417,,0,0.000022,19,0.000013,0,1,1,0,1,1
25595540,,0,0.000022,19,0.000013,0,1,1,0,1,1
25246776,,0,0.000032,19,0.000013,0,4,4,0,4,4
25191024,,0,0.000022,19,0.000013,0,1,1,0,1,1
25036526,,0,0.000226,0,0.000024,1,5,6,1,5,6
24493387,,0,0.000022,19,0.000013,0,1,1,0,1,1
24453520,,0,0.000022,19,0.000013,0,1,1,0,1,1
24348557,,0,0.000022,19,0.000013,0,1,1,0,1,1
24096576,,0,0.000022,19,0.000013,0,1,1,0,1,1
24065114,,0,0.000023,19,0.000013,0,2,2,0,2,2
24065113,,0,0.000046,19,0.000013,0,3,3,0,3,3
23980083,,0.000067,0.000022,19,0.000063,9,1,10,9,1,10
23562954,,0,0.000022,19,0.000013,0,1,1,0,1,1
23443918,,0,0.000022,19,0.000013,0,1,1,0,1,1
23415997,,0,0.000022,19,0.000013,0,1,1,0,1,1
23408054,,0,0.000028,19,0.000013,0,2,2,0,2,2
22771027,,0,0.000022,19,0.000013,0,1,1,0,1,1
21869459,,0,0.000022,19,0.000013,0,1,1,0,1,1
21573682,,0,0.000022,19,0.000013,0,1,1,0,1,1
21371704,,0,0.000022,19,0.000013,0,1,1,0,1,1
21048442,,0,0.000022,19,0.000013,0,1,1,0,1,1
20876425,,0,0.000022,19,0.000013,0,1,1,0,1,1
30364812,,0,0.00017,5,0.000013,0,3,3,0,3,3
29164420,,0,0.000093,5,0.000013,0,5,5,0,5,5
27742670,,0.000002,0.000143,51,0.000048,4,4,8,4,4,8
27087880,,0.000003,0.000024,5,0.000018,1,2,3,1,2,3
25255803,,0,0.000029,5,0.000013,0,2,2,0,2,2
25182099,,0,0.000223,5,0.000013,0,3,3,0,3,3
23443028,,0,0.000024,5,0.000013,0,1,1,0,1,1
21778574,,0,0.000499,32,0.000013,0,2,2,0,2,2
29483142,,0,0.000397,32,0.000013,0,3,3,0,3,3
29036688,,0,0.000371,8,0.000013,0,9,9,0,9,9
28627709,,0,0.000016,51,0.000013,0,1,1,0,1,1
28500233,,0,0.001065,51,0.000013,0,5,5,0,5,5
27495836,,0,0.000016,51,0.000013,0,1,1,0,1,1
25989275,,0,0.000096,41,0.000013,0,2,2,0,2,2
25538733,,0,0.000016,51,0.000013,0,1,1,0,1,1
25401086,,0,0.000016,51,0.000013,0,1,1,0,1,1
24065387,,0,0.000016,51,0.000013,0,1,1,0,1,1
23389043,,0,0.000016,51,0.000013,0,1,1,0,1,1
22266465,,0,0.000016,51,0.000013,0,1,1,0,1,1
22174876,,0,0.000016,51,0.000013,0,1,1,0,1,1
21858113,,0,0.000016,51,0.000013,0,1,1,0,1,1
21799931,,0,0.000016,51,0.000013,0,1,1,0,1,1
21779455,,0,0.000016,51,0.000013,0,1,1,0,1,1
21363882,,0,0.000016,51,0.000013,0,1,1,0,1,1
20003265,,0.000568,0,1,0.000116,15,0,15,15,0,15
29023530,,0,0.000013,1,0.000013,0,1,1,0,1,1
28905878,,0.000002,0.000121,22,0.000015,1,7,8,1,7,8
26824188,,0,0.000013,1,0.000013,0,1,1,0,1,1
26452166,,0,0.000013,1,0.000013,0,2,2,0,2,2
24069272,,0,0.000013,1,0.000013,0,1,1,0,1,1
22436612,,0,0.000013,1,0.000013,0,1,1,0,1,1
21047379,,0,0.000013,1,0.000013,0,1,1,0,1,1
20852633,,0,0.000013,1,0.000013,0,1,1,0,1,1
20332777,,0,0.000013,1,0.000013,0,1,1,0,1,1
22750893,,0,0.000001,5,0.000013,0,1,1,0,1,1
22515423,,0,0.000001,5,0.000013,0,1,1,0,1,1
21699725,,0,0.000001,5,0.000013,0,1,1,0,1,1
20890722,,0,0.000001,5,0.000013,0,1,1,0,1,1
23103111,,0,0.000019,22,0.000013,0,2,2,0,2,2
29732049,,0,0,8,0.000013,0,1,1,0,1,1
26947150,,0,0,8,0.000013,0,1,1,0,1,1
26675729,,0,0,8,0.000013,0,1,1,0,1,1
26565746,,0,0,8,0.000013,0,1,1,0,1,1
26517897,,0,0,8,0.000013,0,1,1,0,1,1
25989348,,0,0,8,0.000013,0,1,1,0,1,1
25784145,,0,0,8,0.000013,0,1,1,0,1,1
24659515,,0,0,8,0.000013,0,1,1,0,1,1
24268152,,0,0,8,0.000013,0,1,1,0,1,1
24014183,,0,0,8,0.000013,0,1,1,0,1,1
23594813,,0,0,8,0.000013,0,1,1,0,1,1
22170589,,0,0,8,0.000013,0,1,1,0,1,1
20860358,,0,0,8,0.000013,0,1,1,0,1,1
27956495,,0,0.000002,17,0.000013,0,1,1,0,1,1
25988138,,0,0.000931,51,0.000013,0,4,4,0,4,4
25849309,,0,0.000002,17,0.000013,0,1,1,0,1,1
25483840,,0,0.000002,17,0.000013,0,1,1,0,1,1
23913516,,0,0.000002,17,0.000013,0,1,1,0,1,1
23913414,,0,0.000002,17,0.000013,0,1,1,0,1,1
23847811,,0,0.000002,17,0.000013,0,1,1,0,1,1
23226616,,0,0.000002,17,0.000013,0,1,1,0,1,1
22794079,,0,0.000026,17,0.000013,0,2,2,0,2,2
22722496,,0,0.000002,17,0.000013,0,1,1,0,1,1
22252118,,0,0.000295,17,0.000013,0,2,2,0,2,2
22237395,,0,0.000002,17,0.000013,0,1,1,0,1,1
22122465,,0,0.000002,17,0.000013,0,1,1,0,1,1
21642373,,0,0.000002,17,0.000013,0,1,1,0,1,1
21333614,,0,0.000002,17,0.000013,0,1,1,0,1,1
21258395,,0,0.000026,17,0.000013,0,2,2,0,2,2
22937159,,0,0.000004,32,0.000013,0,1,1,0,1,1
22619725,,0,0.000004,32,0.000013,0,1,1,0,1,1
22198566,,0,0.000488,32,0.000013,0,3,3,0,3,3
21293287,,0,0.000004,32,0.000013,0,1,1,0,1,1
21151709,,0,0.000004,32,0.000013,0,1,1,0,1,1
30200539,,0,0.000741,51,0.000013,0,5,5,0,5,5
29921876,,0,0.000387,32,0.000013,0,1,1,0,1,1
29880869,,0,0.000387,32,0.000013,0,1,1,0,1,1
29579325,,0,0.000387,32,0.000013,0,1,1,0,1,1
29527223,,0,0.000387,32,0.000013,0,1,1,0,1,1
29511362,,0,0.000387,32,0.000013,0,1,1,0,1,1
29500400,,0,0.000387,32,0.000013,0,1,1,0,1,1
29465803,,0,0.001508,51,0.000013,0,7,7,0,7,7
29321523,,0,0.00068,32,0.000013,0,2,2,0,2,2
29274141,,0,0.001662,32,0.000013,0,10,10,0,10,10
29203787,,0,0.02564,5,0.000013,0,9,9,0,9,9
29152062,,0,0.00089,32,0.000013,0,6,6,0,6,6
29108454,,0,0.000387,32,0.000013,0,1,1,0,1,1
28945226,,0,0.001454,32,0.000013,0,6,6,0,6,6
28886696,,0,0.000676,51,0.000013,0,3,3,0,3,3
28521333,,0,0.002884,8,0.000013,0,17,17,0,17,17
28454476,,0,0.000387,32,0.000013,0,1,1,0,1,1
28399901,,0,0.000488,32,0.000013,0,2,2,0,2,2
28255082,,0,0.000387,32,0.000013,0,1,1,0,1,1
28166537,,0,0.001239,32,0.000013,0,2,2,0,2,2
27899992,,0,0.022657,41,0.000024,1,3,4,1,3,4
27866910,,0,0.000831,51,0.000013,0,3,3,0,3,3
27725894,,0,0.000489,8,0.000013,0,3,3,0,3,3
27702988,,0,0.000387,32,0.000013,0,1,1,0,1,1
27588595,,0,0.000465,32,0.000024,1,3,4,1,3,4
27559053,,0,0.000387,32,0.000013,0,1,1,0,1,1
27447864,,0.000043,0.000839,32,0.00006,6,2,8,6,2,8
27385001,,0,0.000412,28,0.000013,0,4,4,0,4,4
27375368,,0,0.001157,32,0.000013,0,4,4,0,4,4
27308587,,0,0.004549,32,0.000013,0,22,22,0,22,22
27160857,,0,0.000512,32,0.000013,0,2,2,0,2,2
27087632,,0,0.026156,31,0.000013,0,12,12,0,12,12
27016231,,0,0.02389,32,0.000013,0,6,6,0,6,6
26987799,,0,0.00121,51,0.000013,0,5,5,0,5,5
26936394,,0,0.000445,32,0.000013,0,2,2,0,2,2
26934123,,0,0.000387,32,0.000013,0,1,1,0,1,1
26931795,,0.000631,0.003825,31,0.000065,7,13,20,7,13,20
26909613,,0,0.00063,32,0.000013,0,2,2,0,2,2
26816739,,0,0.000402,32,0.000013,0,2,2,0,2,2
26778300,,0.000092,0.000455,51,0.000044,5,2,7,5,2,7
26632267,,0,0.001378,31,0.000013,0,4,4,0,4,4
26626479,,0,0.00068,32,0.000013,0,2,2,0,2,2
26544897,,0,0.000387,32,0.000013,0,1,1,0,1,1
26505995,,0.000113,0.001162,32,0.00007,10,3,13,10,3,13
26483957,,0,0.000681,32,0.000013,0,4,4,0,4,4
26218629,,0,0.000391,32,0.000013,0,2,2,0,2,2
26059434,,0,0.000387,32,0.000013,0,1,1,0,1,1
25946202,,0,0.000387,32,0.000013,0,1,1,0,1,1
25892236,,0,0.000433,51,0.000013,0,2,2,0,2,2
25888415,,0,0.000536,32,0.000013,0,2,2,0,2,2
25887099,,0,0.022511,32,0.000013,0,2,2,0,2,2
25806236,,0,0.000387,32,0.000013,0,1,1,0,1,1
25763354,,0,0.000387,32,0.000013,0,1,1,0,1,1
25606064,,0,0.000996,32,0.000013,0,3,3,0,3,3
25576921,,0,0.000387,32,0.000013,0,1,1,0,1,1
25443274,,0,0.000387,32,0.000013,0,1,1,0,1,1
25342917,,0.001796,0.001122,32,0.000069,10,8,18,10,8,18
25143530,,0,0.000387,32,0.000013,0,1,1,0,1,1
25103497,,0,0.022568,51,0.000013,0,5,5,0,5,5
25026298,,0,0.000833,51,0.000013,0,7,7,0,7,7
24922587,,0,0.00046,32,0.000013,0,3,3,0,3,3
24874429,,0,0.000433,51,0.000013,0,2,2,0,2,2
24866151,,0,0.000387,32,0.000013,0,1,1,0,1,1
24830350,,0,0.000408,32,0.000013,0,3,3,0,3,3
24817481,,0,0.001117,0,0.000013,0,8,8,0,8,8
24770870,,0,0.000904,32,0.000013,0,5,5,0,5,5
24675890,,0,0.000387,32,0.000013,0,1,1,0,1,1
24625059,,0,0.000632,51,0.000013,0,4,4,0,4,4
24387334,,0,0.022598,32,0.000013,0,3,3,0,3,3
24356813,,0,0.000747,32,0.000013,0,3,3,0,3,3
24349107,,0,0.000387,32,0.000013,0,1,1,0,1,1
24212927,,0,0.000387,32,0.000013,0,1,1,0,1,1
23883586,,0,0.000387,32,0.000013,0,1,1,0,1,1
23740600,,0,0.000474,32,0.000013,0,2,2,0,2,2
23729402,,0.004552,0.022612,32,0.00007,23,3,26,23,3,26
23478237,,0,0.000387,32,0.000013,0,1,1,0,1,1
23382697,,0,0.00044,32,0.000013,0,2,2,0,2,2
23271352,,0,0.000387,32,0.000013,0,1,1,0,1,1
23227453,,0,0.00089,11,0.000013,0,4,4,0,4,4
23144700,,0,0.000387,32,0.000013,0,1,1,0,1,1
22987487,,0,0.000656,32,0.000013,0,4,4,0,4,4
22875744,,0,0.000616,0,0.000013,0,4,4,0,4,4
22865098,,0,0.000387,32,0.000013,0,1,1,0,1,1
22704491,,0,0.000652,32,0.000013,0,3,3,0,3,3
22678161,,0,0.00052,32,0.000013,0,3,3,0,3,3
22448121,,0,0.000387,32,0.000013,0,1,1,0,1,1
22401667,,0,0.022608,32,0.000013,0,3,3,0,3,3
22184287,,0,0.000387,32,0.000013,0,1,1,0,1,1
22179663,,0,0.000387,32,0.000013,0,1,1,0,1,1
22114931,,0,0.000387,32,0.000013,0,1,1,0,1,1
22101337,,0.000221,0.000484,32,0.000153,15,2,17,15,2,17
22040803,,0,0.000387,32,0.000013,0,1,1,0,1,1
21775534,,0,0.000387,32,0.000013,0,1,1,0,1,1
21756279,,0.000083,0.000402,51,0.000125,5,2,7,5,2,7
21720365,,0.984619,0.000387,41,0.020826,1935,1,1936,1935,1,1936
21699706,,0,0.000387,32,0.000013,0,1,1,0,1,1
21654880,,0,0.000387,32,0.000013,0,1,1,0,1,1
21577233,,0,0.000387,32,0.000013,0,1,1,0,1,1
21571912,,0,0.000387,32,0.000013,0,1,1,0,1,1
21504625,,0,0.000992,41,0.000013,0,2,2,0,2,2
21385925,,0,0.000387,32,0.000013,0,1,1,0,1,1
21335596,,0,0.000387,32,0.000013,0,1,1,0,1,1
21285347,,0,0.000387,32,0.000013,0,1,1,0,1,1
21208854,,0,0.000387,32,0.000013,0,1,1,0,1,1
20802015,,0,0.000387,32,0.000013,0,1,1,0,1,1
20610628,,0,0.000387,32,0.000013,0,1,1,0,1,1
20604711,,0,0.000387,32,0.000013,0,1,1,0,1,1
20530668,,0,0.000387,32,0.000013,0,1,1,0,1,1
20452298,,0,0.000387,32,0.000013,0,1,1,0,1,1
20444606,,0,0.000387,32,0.000013,0,1,1,0,1,1
20049732,,0,0.000387,32,0.000013,0,1,1,0,1,1
20051372,,0.00068,0,29,0.000236,26,0,26,26,0,26
27862655,,0,0.000017,29,0.000013,0,2,2,0,2,2
27682873,,0,0.000015,29,0.000013,0,1,1,0,1,1
26017022,,0,0.000015,29,0.000013,0,1,1,0,1,1
24294976,,0,0.000015,29,0.000013,0,1,1,0,1,1
24123833,,0,0.000015,29,0.000013,0,1,1,0,1,1
23907126,,0,0.000015,29,0.000013,0,1,1,0,1,1
21833082,,0,0.000015,29,0.000013,0,1,1,0,1,1
21785464,,0,0.000015,29,0.000013,0,1,1,0,1,1
21622727,,0,0.000015,29,0.000013,0,1,1,0,1,1
21575279,,0,0.000015,29,0.000013,0,1,1,0,1,1
21411865,,0,0.000015,29,0.000013,0,1,1,0,1,1
21311097,,0,0.000015,29,0.000013,0,1,1,0,1,1
21115743,,0,0.000015,29,0.000013,0,1,1,0,1,1
29801061,,0,0.000004,2,0.000013,0,1,1,0,1,1
28442450,,0,0.000004,2,0.000013,0,1,1,0,1,1
28191505,,0,0.000004,2,0.000013,0,1,1,0,1,1
27957667,,0,0.000031,2,0.000013,0,4,4,0,4,4
26774790,,0,0.000004,2,0.000013,0,1,1,0,1,1
26660317,,0,0.000004,2,0.000013,0,1,1,0,1,1
26141228,,0,0.000004,2,0.000013,0,1,1,0,1,1
25320901,,0,0.000004,2,0.000013,0,1,1,0,1,1
24080971,,0,0.000004,2,0.000013,0,1,1,0,1,1
22678665,,0,0.000004,2,0.000013,0,1,1,0,1,1
22109723,,0,0.000004,2,0.000013,0,1,1,0,1,1
30201862,,0,0.000119,41,0.000013,0,1,1,0,1,1
29959570,,0,0.000119,41,0.000013,0,1,1,0,1,1
29859987,,0,0.000119,41,0.000013,0,1,1,0,1,1
29707121,,0,0.000119,41,0.000013,0,1,1,0,1,1
29416660,,0,0.000119,41,0.000013,0,1,1,0,1,1
29228593,,0,0.000119,41,0.000013,0,1,1,0,1,1
29085450,,0,0.000119,41,0.000013,0,1,1,0,1,1
28498805,,0,0.000119,41,0.000013,0,1,1,0,1,1
28051999,,0,0.000119,41,0.000013,0,1,1,0,1,1
28040803,,0,0.000119,41,0.000013,0,1,1,0,1,1
27526106,,0,0.000119,41,0.000013,0,1,1,0,1,1
26942015,,0,0.000119,41,0.000013,0,1,1,0,1,1
26918606,,0,0.000119,41,0.000013,0,1,1,0,1,1
26629049,,0,0.000119,41,0.000013,0,1,1,0,1,1
26559972,,0,0.000119,41,0.000013,0,1,1,0,1,1
26510790,,0,0.000167,41,0.000013,0,2,2,0,2,2
26487740,,0,0.000119,41,0.000013,0,1,1,0,1,1
26484143,,0,0.000119,41,0.000013,0,1,1,0,1,1
26444992,,0,0.000119,41,0.000013,0,1,1,0,1,1
26148240,,0,0.000119,41,0.000013,0,1,1,0,1,1
26136074,,0,0.000119,41,0.000013,0,1,1,0,1,1
26004083,,0,0.000884,41,0.000013,0,2,2,0,2,2
25961928,,0,0.000119,41,0.000013,0,1,1,0,1,1
25897210,,0,0.000119,41,0.000013,0,1,1,0,1,1
25869208,,0,0.000119,41,0.000013,0,1,1,0,1,1
25476899,,0,0.000119,41,0.000013,0,1,1,0,1,1
25426548,,0,0.022243,41,0.000013,0,2,2,0,2,2
25411964,,0,0.000119,41,0.000013,0,1,1,0,1,1
25387393,,0,0.022564,41,0.000013,0,4,4,0,4,4
24909172,,0,0.000119,41,0.000013,0,1,1,0,1,1
24866763,,0,0.000119,41,0.000013,0,1,1,0,1,1
24636070,,0,0.00012,41,0.000013,0,2,2,0,2,2
24628949,,0,0.000119,41,0.000013,0,1,1,0,1,1
24476342,,0,0.000119,41,0.000013,0,1,1,0,1,1
24382352,,0,0.00012,22,0.000013,0,2,2,0,2,2
24141789,,0,0.000119,41,0.000013,0,1,1,0,1,1
24109597,,0,0.000119,41,0.000013,0,1,1,0,1,1
23761826,,0,0.022243,41,0.000013,0,2,2,0,2,2
23372748,,0,0.000119,41,0.000013,0,1,1,0,1,1
23347430,,0,0.000119,41,0.000013,0,1,1,0,1,1
23343772,,0,0.000119,41,0.000013,0,1,1,0,1,1
22977194,,0,0.000119,41,0.000013,0,1,1,0,1,1
22813746,,0,0.000119,41,0.000013,0,1,1,0,1,1
22761781,,0,0.000119,41,0.000013,0,1,1,0,1,1
22447226,,0,0.000119,41,0.000013,0,1,1,0,1,1
22203467,,0,0.000119,41,0.000013,0,1,1,0,1,1
22128155,,0,0.000119,41,0.000013,0,1,1,0,1,1
21858223,,0,0.022243,41,0.000013,0,2,2,0,2,2
21712406,,0,0.000119,41,0.000013,0,1,1,0,1,1
20824697,,0,0.000119,41,0.000013,0,1,1,0,1,1
20530690,,0,0.000119,41,0.000013,0,1,1,0,1,1
28994273,,0,0,53,0.000013,0,1,1,0,1,1
20072677,,0,0,53,0.000073,3,0,3,3,0,3
25382741,,0,0,53,0.000013,0,1,1,0,1,1
22011321,,0,0,53,0.000046,3,1,4,3,1,4
22988495,,0,0.000002,5,0.000013,0,1,1,0,1,1
29204511,,0,0.000004,22,0.000013,0,1,1,0,1,1
28887371,,0,0.000436,22,0.000013,0,4,4,0,4,4
24965603,,0,0.000004,22,0.000024,1,1,2,1,1,2
24736632,,0,0.000004,22,0.000013,0,1,1,0,1,1
22573477,,0,0.000004,22,0.000013,0,1,1,0,1,1
28167661,,0,0,8,0.000013,0,1,1,0,1,1
25346790,,0,0,8,0.000013,0,1,1,0,1,1
24302766,,0,0,8,0.000013,0,1,1,0,1,1
27171242,,0,0.000004,2,0.000013,0,1,1,0,1,1
27037420,,0,0.000004,2,0.000013,0,1,1,0,1,1
26818920,,0,0.000004,2,0.000013,0,1,1,0,1,1
25981295,,0,0.000004,2,0.000013,0,1,1,0,1,1
23738773,,0,0.000072,2,0.000013,0,2,2,0,2,2
23383041,,0,0.000004,2,0.000013,0,1,1,0,1,1
22553503,,0,0.000004,2,0.000013,0,1,1,0,1,1
20606732,,0,0.000004,2,0.000013,0,1,1,0,1,1
28293802,,0,0.000036,23,0.000013,0,1,1,0,1,1
23587053,,0.000003,0.023457,23,0.000017,2,4,6,2,4,6
20124459,,0.004496,0,32,0.000691,62,0,62,62,0,62
29620203,,0,0.000101,32,0.000013,0,1,1,0,1,1
29339439,,0,0.000354,32,0.000013,0,3,3,0,3,3
28948212,,0,0.002243,31,0.000013,0,10,10,0,10,10
28751718,,0,0.000136,32,0.000013,0,2,2,0,2,2
28376230,,0,0.000101,32,0.000013,0,1,1,0,1,1
28210138,,0,0.022225,32,0.000013,0,2,2,0,2,2
28182994,,0,0.000619,32,0.000013,0,6,6,0,6,6
27922010,,0,0.000101,32,0.000013,0,1,1,0,1,1
27844328,,0,0.000101,32,0.000013,0,1,1,0,1,1
26650448,,0.000034,0.000123,28,0.000017,1,2,3,1,2,3
26113859,,0,0.00039,32,0.000013,0,5,5,0,5,5
25520331,,0,0.000101,32,0.000013,0,1,1,0,1,1
24927542,,0,0.000101,32,0.000013,0,1,1,0,1,1
24324828,,0,0.000101,32,0.000013,0,1,1,0,1,1
23620409,,0,0.000189,32,0.000013,0,2,2,0,2,2
23565244,,0.002062,0.000263,51,0.000195,30,3,33,30,3,33
23390603,,0,0.000101,32,0.000013,0,1,1,0,1,1
23099922,,0,0.000264,32,0.000013,0,3,3,0,3,3
23023712,,0,0.000143,32,0.000013,0,2,2,0,2,2
22493268,,0,0.000101,32,0.000013,0,1,1,0,1,1
22485171,,0,0.000101,32,0.000013,0,1,1,0,1,1
21840268,,0,0.000101,32,0.000013,0,1,1,0,1,1
21765465,,0,0.000101,32,0.000013,0,1,1,0,1,1
23876209,,0,0,0,0.000013,0,1,1,0,1,1
23770079,,0.00002,0.000451,29,0.000304,30,2,32,30,2,32
29502324,,0,0.000001,30,0.000013,0,1,1,0,1,1
29182397,,0,0.000001,30,0.000013,0,1,1,0,1,1
26784251,,0,0.000001,30,0.000013,0,2,2,0,2,2
26163143,,0.000001,0.000001,30,0.000038,3,1,4,3,1,4
26040322,,0,0.000001,30,0.000013,0,1,1,0,1,1
25761408,,0,0.000001,30,0.000013,0,1,1,0,1,1
23284617,,0,0.000001,30,0.000013,0,1,1,0,1,1
22267690,,0,0.000001,30,0.000013,0,1,1,0,1,1
28132393,,0,0.000004,0,0.000013,0,2,2,0,2,2
27400983,,0,0.000003,0,0.000013,0,1,1,0,1,1
26467044,,0,0.000263,0,0.000024,1,9,10,1,9,10
27665502,,0,0.000003,0,0.000013,0,1,1,0,1,1
26721669,,0,0.000009,2,0.000013,0,3,3,0,3,3
25713754,,0,0.00006,2,0.000013,0,3,3,0,3,3
23977244,,0,0.000003,0,0.000013,0,1,1,0,1,1
22276059,,0,0.000003,0,0.000013,0,1,1,0,1,1
21667121,,0,0.000003,0,0.000013,0,1,1,0,1,1
21104130,,0,0.000003,0,0.000013,0,1,1,0,1,1
21062454,,0,0.000003,0,0.000013,0,1,1,0,1,1
29535531,,0,0,2,0.000013,0,1,1,0,1,1
29246025,,0,0,2,0.000013,0,1,1,0,1,1
26852230,,0,0,2,0.000013,0,1,1,0,1,1
26384425,,0,0,2,0.000013,0,1,1,0,1,1
26207374,,0,0,2,0.000013,0,1,1,0,1,1
26191186,,0,0,2,0.000013,0,1,1,0,1,1
24795757,,0,0,2,0.000013,0,1,1,0,1,1
24603541,,0,0,2,0.000013,0,1,1,0,1,1
21969817,,0,0,2,0.000013,0,1,1,0,1,1
21949547,,0,0,2,0.000013,0,1,1,0,1,1
20460640,,0,0,2,0.000013,0,1,1,0,1,1
26835415,,0,0,22,0.000013,0,1,1,0,1,1
28368298,,0,0.000221,5,0.000013,0,3,3,0,3,3
27189894,,0,0.000036,5,0.000013,0,2,2,0,2,2
24567396,,0,0.000245,32,0.000013,0,2,2,0,2,2
24199600,,0,0.000003,5,0.000013,0,1,1,0,1,1
29152326,,0,0,5,0.000013,0,1,1,0,1,1
20180951,,0.000009,0,5,0.000077,7,0,7,7,0,7
27428375,,0,0.000057,5,0.000024,1,7,8,1,7,8
22241091,,0,0,5,0.000013,0,1,1,0,1,1
21254913,,0,0,5,0.000029,2,1,3,2,1,3
28130327,,0,0,1,0.000013,0,1,1,0,1,1
26496228,,0,0.000004,2,0.000013,0,2,2,0,2,2
25688240,,0,0,1,0.000013,0,1,1,0,1,1
23827238,,0,0,1,0.000013,0,1,1,0,1,1
23445492,,0,0,1,0.000013,0,1,1,0,1,1
22732570,,0,0,1,0.000013,0,1,1,0,1,1
28810355,,0,0,5,0.000013,0,1,1,0,1,1
28363197,,0,0,5,0.000013,0,1,1,0,1,1
22271582,,0,0,5,0.000013,0,1,1,0,1,1
30223503,,0,0.000001,33,0.000013,0,1,1,0,1,1
29731982,,0,0.00004,33,0.000013,0,5,5,0,5,5
29491469,,0,0.000055,23,0.000013,0,5,5,0,5,5
27330889,,0,0.000039,33,0.000013,0,2,2,0,2,2
27043660,,0,0.000261,33,0.000013,0,3,3,0,3,3
26633365,,0,0.000042,33,0.000013,0,3,3,0,3,3
25797072,,0,0.000001,33,0.000013,0,1,1,0,1,1
25773928,,0,0.000039,33,0.000013,0,2,2,0,2,2
25531315,,0,0.000001,33,0.000013,0,1,1,0,1,1
24691403,,0,0.000001,33,0.000013,0,1,1,0,1,1
24278132,,0,0.000001,33,0.000013,0,1,1,0,1,1
23144859,,0,0.000001,33,0.000013,0,1,1,0,1,1
23115197,,0,0.000001,33,0.000013,0,1,1,0,1,1
22494847,,0,0.000001,33,0.000013,0,1,1,0,1,1
22135302,,0,0.000001,33,0.000013,0,1,1,0,1,1
21910250,,0,0.000039,33,0.000013,0,2,2,0,2,2
21603310,,0,0.000001,33,0.000013,0,1,1,0,1,1
29616091,,0,0.000469,51,0.000013,0,5,5,0,5,5
29595348,,0,0.002391,51,0.000013,0,16,16,0,16,16
29237415,,0,0.000015,51,0.000013,0,1,1,0,1,1
28280302,,0.000133,0.001173,51,0.000026,5,8,13,5,8,13
27819754,,0,0.000015,51,0.000013,0,1,1,0,1,1
27433846,,0.00207,0.001863,51,0.000506,102,9,111,102,9,111
27167109,,0,0.000015,51,0.000013,0,1,1,0,1,1
26975494,,0,0.000103,51,0.000013,0,3,3,0,3,3
26493786,,0,0.000015,51,0.000013,0,1,1,0,1,1
25426449,,0,0.000081,32,0.000013,0,4,4,0,4,4
24387052,,0,0.000015,51,0.000013,0,1,1,0,1,1
23986348,,0,0.000088,51,0.000013,0,3,3,0,3,3
23636849,,0,0.000063,51,0.000013,0,2,2,0,2,2
23569463,,0,0.000015,51,0.000013,0,1,1,0,1,1
23564043,,0,0.000015,51,0.000013,0,1,1,0,1,1
22543676,,0,0.000082,51,0.000013,0,3,3,0,3,3
22211699,,0,0.000015,51,0.000013,0,1,1,0,1,1
21575865,,0.003879,0.000015,51,0.001654,150,1,151,150,1,151
21173100,,0,0.000015,51,0.000013,0,1,1,0,1,1
20460480,,0,0.000015,51,0.000013,0,1,1,0,1,1
29152070,,0,0.000586,35,0.000013,0,11,11,0,11,11
25013433,,0.000588,0.000139,35,0.000016,2,3,5,2,3,5
24348864,,0,0.001045,35,0.000013,0,5,5,0,5,5
20222999,,0.000013,0,22,0.000037,3,0,3,3,0,3
23946869,,0,0.000019,22,0.000013,0,2,2,0,2,2
29381731,,0,0,42,0.000013,0,1,1,0,1,1
20223002,,0,0,42,0.000035,2,0,2,2,0,2
29088888,,0,0,42,0.000013,0,1,1,0,1,1
20223016,,0,0,43,0.000013,0,1,1,0,1,1
20223043,,0,0,43,0.000024,1,0,1,1,0,1
29086202,,0,0.000012,30,0.000013,0,1,1,0,1,1
20230646,,0.000536,0,30,0.000318,31,0,31,31,0,31
28798234,,0,0.000012,30,0.000013,0,1,1,0,1,1
28589519,,0,0.000012,30,0.000013,0,1,1,0,1,1
27821816,,0,0.000012,30,0.000013,0,1,1,0,1,1
27414988,,0,0.000012,30,0.000013,0,1,1,0,1,1
27242268,,0,0.000012,30,0.000013,0,1,1,0,1,1
27015562,,0,0.000012,30,0.000013,0,1,1,0,1,1
26889975,,0,0.000012,30,0.000013,0,1,1,0,1,1
26629077,,0,0.000012,30,0.000013,0,1,1,0,1,1
26617774,,0,0.000012,30,0.000013,0,1,1,0,1,1
26474850,,0,0.000012,30,0.000013,0,1,1,0,1,1
26221242,,0,0.000012,30,0.000013,0,1,1,0,1,1
25955408,,0,0.000012,30,0.000013,0,1,1,0,1,1
25879294,,0,0.000012,30,0.000013,0,1,1,0,1,1
25639875,,0,0.000012,30,0.000013,0,1,1,0,1,1
25482944,,0,0.000012,30,0.000013,0,1,1,0,1,1
25373623,,0,0.000012,30,0.000013,0,1,1,0,1,1
25165101,,0,0.000012,30,0.000013,0,1,1,0,1,1
24710488,,0,0.000012,30,0.000013,0,1,1,0,1,1
24554038,,0,0.000012,30,0.000013,0,1,1,0,1,1
23285162,,0,0.000012,30,0.000013,0,1,1,0,1,1
23192274,,0,0.000012,30,0.000013,0,1,1,0,1,1
23070475,,0,0.000012,30,0.000013,0,1,1,0,1,1
21912435,,0,0.000012,30,0.000013,0,1,1,0,1,1
21839055,,0,0.000012,30,0.000013,0,1,1,0,1,1
21622715,,0,0.000012,30,0.000013,0,1,1,0,1,1
21051947,,0,0.000012,30,0.000013,0,1,1,0,1,1
29963222,,0,0.000002,0,0.000013,0,1,1,0,1,1
26767006,,0,0.000001,8,0.000013,0,1,1,0,1,1
20233484,,0.000006,0,33,0.00002,2,0,2,2,0,2
26793774,,0,0.000001,33,0.000013,0,3,3,0,3,3
30102008,,0,0.000013,32,0.000013,0,1,1,0,1,1
29666278,,0,0.000013,32,0.000013,0,1,1,0,1,1
29429988,,0,0.000013,32,0.000013,0,1,1,0,1,1
29242641,,0,0.000013,32,0.000013,0,1,1,0,1,1
29029505,,0,0.000013,32,0.000013,0,1,1,0,1,1
28154181,,0,0.000013,32,0.000013,0,1,1,0,1,1
27448760,,0,0.000013,32,0.000013,0,1,1,0,1,1
27098756,,0,0.000553,32,0.000013,0,3,3,0,3,3
26507658,,0,0.000065,32,0.000013,0,2,2,0,2,2
26442100,,0,0.000488,32,0.000013,0,2,2,0,2,2
25305019,,0,0.000013,32,0.000013,0,1,1,0,1,1
25194926,,0,0.000013,32,0.000013,0,1,1,0,1,1
24001775,,0,0.000054,29,0.000013,0,2,2,0,2,2
22666630,,0,0.000013,32,0.000013,0,1,1,0,1,1
22655236,,0,0.000013,32,0.000013,0,1,1,0,1,1
22649774,,0,0.000013,32,0.000013,0,1,1,0,1,1
21482670,,0,0.000488,32,0.000013,0,2,2,0,2,2
20589164,,0,0.000013,32,0.000013,0,1,1,0,1,1
29301327,,0,0.000024,17,0.000013,0,1,1,0,1,1
20233878,,0.001054,0,17,0.000355,38,0,38,38,0,38
29126306,,0,0.000024,17,0.000013,0,2,2,0,2,2
29058711,,0,0.000111,17,0.000013,0,2,2,0,2,2
28668117,,0,0.000024,17,0.000013,0,1,1,0,1,1
28523942,,0,0.000024,17,0.000013,0,1,1,0,1,1
28494188,,0,0.000024,17,0.000013,0,1,1,0,1,1
27657134,,0,0.000272,32,0.000013,0,4,4,0,4,4
27591252,,0,0.000024,17,0.000013,0,1,1,0,1,1
27533083,,0,0.022249,32,0.000056,5,4,9,5,4,9
27264557,,0,0.000316,17,0.000013,0,2,2,0,2,2
27154913,,0,0.000024,17,0.000013,0,1,1,0,1,1
26755646,,0,0.000275,17,0.000013,0,2,2,0,2,2
26636256,,0,0.022147,17,0.000013,0,2,2,0,2,2
26514729,,0,0.000024,17,0.000013,0,1,1,0,1,1
26077599,,0,0.000024,17,0.000013,0,1,1,0,1,1
25875766,,0,0.000024,17,0.000013,0,1,1,0,1,1
25853515,,0,0.000062,17,0.000013,0,2,2,0,2,2
25788274,,0,0.000024,17,0.000013,0,1,1,0,1,1
25775267,,0,0.000024,17,0.000013,0,1,1,0,1,1
25593194,,0,0.000024,17,0.000013,0,1,1,0,1,1
25428364,,0,0.000024,17,0.000013,0,1,1,0,1,1
25275444,,0,0.000024,17,0.000013,0,1,1,0,1,1
25144319,,0,0.000024,17,0.000013,0,1,1,0,1,1
25131498,,0,0.000024,17,0.000013,0,1,1,0,1,1
25113768,,0,0.000024,17,0.000013,0,1,1,0,1,1
24922006,,0,0.0002,17,0.000013,0,2,2,0,2,2
23219161,,0,0.000024,17,0.000013,0,1,1,0,1,1
22768051,,0,0.000024,17,0.000013,0,1,1,0,1,1
22553304,,0,0.000024,17,0.000013,0,1,1,0,1,1
22135286,,0,0.000024,17,0.000013,0,1,1,0,1,1
22016832,,0,0.000024,17,0.000013,0,1,1,0,1,1
21301045,,0,0.000024,17,0.000013,0,1,1,0,1,1
21050863,,0,0.000024,17,0.000013,0,1,1,0,1,1
20700469,,0,0.000024,17,0.000013,0,1,1,0,1,1
28056967,,0,0,5,0.000013,0,1,1,0,1,1
27656640,,0,0,5,0.000013,0,1,1,0,1,1
25375116,,0,0,5,0.000013,0,1,1,0,1,1
23862292,,0.000163,0,5,0.000154,23,1,24,23,1,24
29228676,,0,0.000004,0,0.000013,0,1,1,0,1,1
26245209,,0,0.000023,0,0.000013,0,5,5,0,5,5
22939227,,0,0.000004,0,0.000013,0,1,1,0,1,1
28957405,,0,0,14,0.000013,0,1,1,0,1,1
27123284,,0,0,14,0.000013,0,1,1,0,1,1
24814518,,0,0,14,0.000013,0,1,1,0,1,1
24691479,,0,0,14,0.000013,0,1,1,0,1,1
20949563,,0,0,14,0.000013,0,1,1,0,1,1
24265860,,0.000009,0.000014,30,0.000127,12,2,14,12,2,14
21751195,,0,0.000013,0,0.000013,0,1,1,0,1,1
28546430,,0,0.000014,23,0.000013,0,1,1,0,1,1
27638467,,0,0.000014,23,0.000013,0,1,1,0,1,1
27573846,,0,0.000014,23,0.000013,0,1,1,0,1,1
25960410,,0,0.000014,23,0.000013,0,1,1,0,1,1
25758823,,0,0.000014,23,0.000013,0,1,1,0,1,1
25514756,,0,0.000014,23,0.000013,0,1,1,0,1,1
25190814,,0,0.000014,23,0.000013,0,1,1,0,1,1
24043423,,0,0.000014,23,0.000013,0,1,1,0,1,1
23348929,,0,0.000014,23,0.000013,0,1,1,0,1,1
22244764,,0,0.000014,23,0.000013,0,1,1,0,1,1
22038470,,0,0.000014,23,0.000013,0,1,1,0,1,1
22023491,,0,0.000014,23,0.000013,0,1,1,0,1,1
21621175,,0,0.000014,23,0.000013,0,1,1,0,1,1
21440557,,0,0.000014,23,0.000013,0,1,1,0,1,1
21049000,,0,0.000014,23,0.000013,0,1,1,0,1,1
29132568,,0,0.000024,0,0.000013,0,1,1,0,1,1
26894298,,0,0.000024,0,0.000013,0,1,1,0,1,1
26867710,,0.00025,0.000034,5,0.000088,17,3,20,17,3,20
26796517,,0,0.000024,5,0.000013,0,2,2,0,2,2
26770245,,0,0.000024,0,0.000035,2,1,3,2,1,3
26339424,,0,0.000024,0,0.000013,0,1,1,0,1,1
25961464,,0,0.000075,2,0.000013,0,4,4,0,4,4
25277819,,0,0.000037,0,0.000013,0,3,3,0,3,3
24646362,,0,0.000024,0,0.000013,0,1,1,0,1,1
22903686,,0,0.000024,0,0.000013,0,1,1,0,1,1
22827973,,0,0.000024,0,0.000013,0,1,1,0,1,1
22766984,,0,0.000305,5,0.000013,0,5,5,0,5,5
22588325,,0,0.000024,0,0.000013,0,1,1,0,1,1
22076478,,0,0.000024,0,0.000013,0,1,1,0,1,1
21593785,,0,0.000024,0,0.000013,0,1,1,0,1,1
29150431,,0,0,41,0.000013,0,1,1,0,1,1
20376879,,0.000011,0,41,0.000089,8,0,8,8,0,8
28724724,,0,0,41,0.000013,0,1,1,0,1,1
25362854,,0,0,41,0.000013,0,1,1,0,1,1
25197360,,0,0,41,0.000013,0,1,1,0,1,1
23471416,,0,0,41,0.000013,0,1,1,0,1,1
21738835,,0,0,41,0.000013,0,1,1,0,1,1
20965415,,0,0.000476,41,0.000013,0,2,2,0,2,2
26101521,,0,0.000001,2,0.000013,0,1,1,0,1,1
28599763,,0,0.000022,5,0.000013,0,3,3,0,3,3
27708721,,0,0.000001,5,0.000013,0,1,1,0,1,1
27059031,,0,0.000011,5,0.000013,0,2,2,0,2,2
25533642,,0,0.000017,5,0.000013,0,4,4,0,4,4
23447452,,0,0.000001,5,0.000013,0,1,1,0,1,1
23280632,,0.000043,0.000026,5,0.000025,3,3,6,3,3,6
29456550,,0,0.000146,41,0.000013,0,2,2,0,2,2
29382728,,0,0.000012,41,0.000013,0,1,1,0,1,1
28835367,,0,0.000012,41,0.000013,0,1,1,0,1,1
28679689,,0,0.022259,41,0.000013,0,3,3,0,3,3
28555173,,0,0.000012,41,0.000013,0,1,1,0,1,1
27533082,,0,0.000012,41,0.000013,0,1,1,0,1,1
27467582,,0,0.000012,41,0.000013,0,1,1,0,1,1
27248495,,0,0.000012,41,0.000013,0,1,1,0,1,1
26672768,,0,0.000012,41,0.000013,0,1,1,0,1,1
26177827,,0,0.000012,41,0.000013,0,1,1,0,1,1
25739012,,0,0.000012,41,0.000013,0,1,1,0,1,1
23527225,,0,0.000012,41,0.000013,0,1,1,0,1,1
22971344,,0,0.000012,41,0.000013,0,1,1,0,1,1
22908277,,0,0.000012,41,0.000013,0,1,1,0,1,1
22899882,,0,0.000012,41,0.000013,0,1,1,0,1,1
22822097,,0,0.000012,41,0.000013,0,1,1,0,1,1
22673234,,0,0.000012,41,0.000013,0,1,1,0,1,1
22614020,,0,0.000304,41,0.000013,0,2,2,0,2,2
22349084,,0,0.000012,41,0.000013,0,1,1,0,1,1
22090360,,0,0.000012,41,0.000013,0,1,1,0,1,1
21389785,,0,0.000012,41,0.000013,0,1,1,0,1,1
30238071,,0,0.000191,5,0.000013,0,5,5,0,5,5
28334914,,0,0.000094,5,0.000013,0,2,2,0,2,2
28120249,,0,0.000295,5,0.000013,0,8,8,0,8,8
25705576,,0,0.000082,5,0.000013,0,2,2,0,2,2
24771847,,0,0.000067,5,0.000013,0,1,1,0,1,1
24493722,,0,0.000067,5,0.000013,0,1,1,0,1,1
23888949,,0,0.000067,5,0.000013,0,1,1,0,1,1
26785281,,0,0.000018,5,0.000013,0,3,3,0,3,3
26217111,,0,0.00001,5,0.000013,0,1,1,0,1,1
30301218,,0,0.000009,0,0.000013,0,1,1,0,1,1
30004685,,0,0.000009,0,0.000013,0,1,1,0,1,1
29805625,,0,0.000009,54,0.000013,0,2,2,0,2,2
28218735,,0,0.000009,0,0.000013,0,1,1,0,1,1
26432751,,0,0.00001,0,0.000013,0,2,2,0,2,2
25208626,,0,0.000094,0,0.000013,0,2,2,0,2,2
24255707,,0,0.000009,0,0.000013,0,1,1,0,1,1
24039999,,0,0.000036,0,0.000013,0,2,2,0,2,2
23830898,,0,0.000009,0,0.000013,0,1,1,0,1,1
23675859,,0,0.000011,0,0.000013,0,2,2,0,2,2
22876301,,0,0.000009,0,0.000013,0,1,1,0,1,1
22759382,,0,0.000009,0,0.000013,0,1,1,0,1,1
30233552,,0,0.000003,8,0.000013,0,1,1,0,1,1
27590526,,0,0.000003,8,0.000013,0,1,1,0,1,1
26018553,,0,0.000003,8,0.000013,0,1,1,0,1,1
24830552,,0,0.000003,8,0.000013,0,1,1,0,1,1
24646834,,0,0.000003,8,0.000013,0,1,1,0,1,1
23316052,,0,0.000003,8,0.000013,0,1,1,0,1,1
23267009,,0,0.000003,8,0.000013,0,1,1,0,1,1
23118962,,0,0.000003,8,0.000013,0,1,1,0,1,1
22505655,,0,0.000003,8,0.000013,0,1,1,0,1,1
29693178,,0,0.00005,44,0.000013,0,3,3,0,3,3
29088801,,0,0.000003,44,0.000013,0,1,1,0,1,1
28147341,,0,0.000004,44,0.000013,0,3,3,0,3,3
28073841,,0,0.000003,44,0.000013,0,1,1,0,1,1
27925454,,0,0.000015,44,0.000013,0,3,3,0,3,3
27382431,,0,0.000003,44,0.000013,0,1,1,0,1,1
27082306,,0,0.000003,44,0.000013,0,1,1,0,1,1
26234682,,0,0.000003,44,0.000013,0,1,1,0,1,1
26221076,,0,0.000003,44,0.000013,0,1,1,0,1,1
26045992,,0,0.000003,44,0.000013,0,1,1,0,1,1
25987188,,0,0.000003,44,0.000013,0,1,1,0,1,1
25781640,,0,0.000003,44,0.000013,0,1,1,0,1,1
25625960,,0,0.000014,44,0.000013,0,2,2,0,2,2
24348907,,0,0.000003,44,0.000013,0,1,1,0,1,1
24244431,,0,0.000003,44,0.000013,0,1,1,0,1,1
23754740,,0,0.000014,44,0.000013,0,2,2,0,2,2
23376638,,0,0.000003,44,0.000013,0,1,1,0,1,1
23255113,,0,0.000003,44,0.000013,0,1,1,0,1,1
23222713,,0,0.000014,44,0.000013,0,2,2,0,2,2
22988055,,0,0.000003,44,0.000013,0,1,1,0,1,1
22864622,,0,0.000014,44,0.000013,0,2,2,0,2,2
22043171,,0,0.000003,44,0.000013,0,1,1,0,1,1
21852209,,0.000048,0.000003,44,0.000527,51,2,53,51,2,53
21584819,,0,0.000003,44,0.000013,0,1,1,0,1,1
21441901,,0.000511,0.000003,44,0.000158,18,1,19,18,1,19
21072053,,0,0.000003,44,0.000013,0,1,1,0,1,1
30345028,,0,0.000475,32,0.000013,0,1,1,0,1,1
30297887,,0,0.000475,32,0.000013,0,1,1,0,1,1
30274183,,0,0.000478,32,0.000013,0,2,2,0,2,2
30254368,,0,0.001122,32,0.000013,0,6,6,0,6,6
30032296,,0.000042,0.001415,8,0.000013,1,10,11,1,10,11
30022168,,0,0.000608,32,0.000013,0,2,2,0,2,2
30022158,,0,0.000475,32,0.000013,0,1,1,0,1,1
29967538,,0,0.000475,32,0.000013,0,1,1,0,1,1
29891926,,0,0.000485,8,0.000013,0,2,2,0,2,2
29844495,,0,0.000475,32,0.000013,0,1,1,0,1,1
29748565,,0,0.024592,32,0.000013,0,9,9,0,9,9
29709199,,0,0.001133,8,0.000013,0,8,8,0,8,8
29697047,,0,0.000716,32,0.000013,0,3,3,0,3,3
29669295,,0,0.024009,32,0.000013,0,7,7,0,7,7
29620483,,0,0.022994,32,0.000013,0,6,6,0,6,6
29606854,,0,0.027043,32,0.000013,0,17,17,0,17,17
29504908,,0,0.000526,51,0.000013,0,5,5,0,5,5
29414795,,0,0.000677,8,0.000013,0,4,4,0,4,4
29378830,,0,0.000989,8,0.000013,0,5,5,0,5,5
29209638,,0,0.000884,32,0.000013,0,3,3,0,3,3
29203878,,0,0.000475,32,0.000013,0,1,1,0,1,1
29191918,,0,0.000475,32,0.000013,0,1,1,0,1,1
29190394,,0,0.00054,32,0.000013,0,2,2,0,2,2
29160738,,0,0.000475,32,0.000013,0,1,1,0,1,1
29037806,,0,0.026476,32,0.000013,0,17,17,0,17,17
28973445,,0,0.000475,32,0.000013,0,1,1,0,1,1
28943310,,0,0.000528,32,0.000013,0,2,2,0,2,2
28729482,,0.000168,0.001762,8,0.000022,4,10,14,4,10,14
28649435,,0.000139,0.001396,32,0.000041,4,4,8,4,4,8
28582599,,0,0.000475,32,0.000013,0,1,1,0,1,1
28506460,,0,0.000475,32,0.000013,0,1,1,0,1,1
28494179,,0,0.001283,31,0.000013,0,9,9,0,9,9
28475402,,0,0.00048,32,0.000013,0,2,2,0,2,2
28415769,,0,0.000475,32,0.000013,0,1,1,0,1,1
28414200,,0,0.000665,32,0.000013,0,5,5,0,5,5
28412751,,0,0.00124,51,0.000013,0,2,2,0,2,2
28389531,,0,0.001208,32,0.000013,0,2,2,0,2,2
28255090,,0,0.000566,32,0.000013,0,3,3,0,3,3
28241136,,0,0.000475,32,0.000013,0,1,1,0,1,1
28228534,,0,0.000605,32,0.000013,0,2,2,0,2,2
28213517,,0,0.00054,32,0.000013,0,2,2,0,2,2
28180300,,0,0.000488,8,0.000013,0,2,2,0,2,2
28073589,,0,0.000898,8,0.000013,0,3,3,0,3,3
28053956,,0,0.00056,32,0.000013,0,5,5,0,5,5
28049724,,0,0.000482,8,0.000013,0,2,2,0,2,2
28003236,,0,0.003633,32,0.000013,0,12,12,0,12,12
27974460,,0,0.000482,8,0.000013,0,2,2,0,2,2
27880910,,0,0.001519,32,0.000013,0,7,7,0,7,7
27842255,,0,0.000605,32,0.000013,0,2,2,0,2,2
27641504,,0,0.000475,32,0.000013,0,1,1,0,1,1
27589844,,0,0.000488,44,0.000013,0,2,2,0,2,2
27546791,,0,0.000475,32,0.000013,0,1,1,0,1,1
27494840,,0,0.000555,41,0.000013,0,2,2,0,2,2
27462418,,0,0.000555,41,0.000013,0,2,2,0,2,2
27453047,,0,0.000543,32,0.000013,0,2,2,0,2,2
27248179,,0,0.000476,8,0.000013,0,2,2,0,2,2
27174871,,0,0.000543,32,0.000013,0,2,2,0,2,2
27170701,,0,0.000598,32,0.000013,0,2,2,0,2,2
27165790,,0,0.00049,29,0.000013,0,2,2,0,2,2
27041576,,0,0.000475,32,0.000013,0,1,1,0,1,1
26900729,,0,0.000482,8,0.000013,0,2,2,0,2,2
26774475,,0.002644,0.023386,32,0.000024,9,4,13,9,4,13
26727879,,0,0.000475,32,0.000013,0,1,1,0,1,1
26544937,,0,0.000475,32,0.000013,0,1,1,0,1,1
26481584,,0,0.000622,23,0.000013,0,2,2,0,2,2
26442173,,0,0.000475,32,0.000013,0,1,1,0,1,1
26424850,,0,0.000475,32,0.000013,0,1,1,0,1,1
26324327,,0,0.000475,32,0.000013,0,1,1,0,1,1
26299995,,0,0.000475,32,0.000013,0,1,1,0,1,1
26287259,,0,0.000475,32,0.000013,0,1,1,0,1,1
26261485,,0,0.000475,32,0.000013,0,1,1,0,1,1
26011542,,0,0.000475,32,0.000013,0,1,1,0,1,1
25956866,,0,0.000475,32,0.000013,0,1,1,0,1,1
25941165,,0,0.00055,32,0.000013,0,2,2,0,2,2
25916843,,0,0.02265,32,0.000013,0,4,4,0,4,4
25905708,,0,0.000475,32,0.000013,0,1,1,0,1,1
25855810,,0,0.000543,32,0.000013,0,2,2,0,2,2
25806231,,0,0.000475,32,0.000013,0,1,1,0,1,1
25799992,,0,0.000926,29,0.000013,0,2,2,0,2,2
25695757,,0,0.000475,32,0.000013,0,1,1,0,1,1
25686825,,0,0.001208,32,0.000013,0,2,2,0,2,2
25586219,,0,0.000501,8,0.000013,0,2,2,0,2,2
25582120,,0,0.000475,32,0.000013,0,1,1,0,1,1
25569305,,0,0.000475,32,0.000013,0,1,1,0,1,1
25512557,,0.002891,0.000475,32,0.000174,32,1,33,32,1,33
25422456,,0,0.00055,32,0.000013,0,2,2,0,2,2
25287622,,0,0.000599,32,0.000013,0,3,3,0,3,3
25264618,,0,0.000652,32,0.000013,0,2,2,0,2,2
25259924,,0,0.000475,32,0.000013,0,1,1,0,1,1
25221646,,0,0.000475,32,0.000013,0,1,1,0,1,1
25166505,,0,0.000547,32,0.000013,0,2,2,0,2,2
25131201,,0,0.000516,29,0.000013,0,2,2,0,2,2
25085909,,0,0.000475,32,0.000013,0,1,1,0,1,1
24953651,,0,0.000475,32,0.000013,0,1,1,0,1,1
24843002,,0,0.000475,32,0.000013,0,1,1,0,1,1
24746645,,0.002995,0.000528,32,0.000434,58,2,60,58,2,60
24721906,,0,0.000475,32,0.000013,0,1,1,0,1,1
24703952,,0,0.000475,32,0.000013,0,1,1,0,1,1
24687851,,0,0.000475,32,0.000013,0,1,1,0,1,1
24658350,,0,0.000475,32,0.000013,0,1,1,0,1,1
24598253,,0,0.000475,32,0.000013,0,1,1,0,1,1
24579667,,0,0.000475,32,0.000013,0,1,1,0,1,1
24563357,,0,0.000475,32,0.000013,0,1,1,0,1,1
24469398,,0,0.000475,32,0.000013,0,1,1,0,1,1
24363387,,0,0.000475,32,0.000013,0,1,1,0,1,1
24362840,,0,0.000574,32,0.000013,0,2,2,0,2,2
24324146,,0,0.000475,32,0.000013,0,1,1,0,1,1
24197907,,0,0.000647,32,0.000013,0,3,3,0,3,3
24107634,,0,0.000475,32,0.000013,0,1,1,0,1,1
24094932,,0,0.000475,32,0.000013,0,1,1,0,1,1
24065984,,0,0.000475,32,0.000013,0,1,1,0,1,1
24040364,,0,0.000475,32,0.000013,0,1,1,0,1,1
24013561,,0,0.000475,32,0.000013,0,1,1,0,1,1
23928696,,0,0.000475,32,0.000013,0,1,1,0,1,1
23858098,,0,0.000475,32,0.000013,0,1,1,0,1,1
23857982,,0,0.00051,33,0.000013,0,2,2,0,2,2
23852170,,0,0.000957,31,0.000013,0,2,2,0,2,2
23847653,,0,0.000475,32,0.000013,0,1,1,0,1,1
23761435,,0,0.000475,32,0.000013,0,1,1,0,1,1
23760478,,0,0.000475,32,0.000013,0,1,1,0,1,1
23727112,,0,0.000475,32,0.000013,0,1,1,0,1,1
23664375,,0,0.000475,32,0.000013,0,1,1,0,1,1
23615962,,0,0.000475,32,0.000013,0,1,1,0,1,1
23589625,,0,0.000475,32,0.000013,0,1,1,0,1,1
23555296,,0,0.000475,32,0.000013,0,1,1,0,1,1
23554604,,0,0.000475,32,0.000013,0,1,1,0,1,1
23530749,,0,0.000475,32,0.000013,0,1,1,0,1,1
23473603,,0,0.000475,32,0.000013,0,1,1,0,1,1
23385724,,0,0.000516,29,0.000013,0,2,2,0,2,2
23377543,,0,0.000528,32,0.000013,0,2,2,0,2,2
23358416,,0,0.000475,32,0.000013,0,1,1,0,1,1
23345616,,0,0.000475,32,0.000013,0,1,1,0,1,1
23345425,,0,0.000475,32,0.000013,0,1,1,0,1,1
23333305,,0,0.000768,32,0.000013,0,2,2,0,2,2
23290917,,0,0.000475,32,0.000013,0,1,1,0,1,1
23271346,,0,0.000926,29,0.000013,0,2,2,0,2,2
23185480,,0,0.000475,32,0.000013,0,1,1,0,1,1
23061048,,0,0.000486,29,0.000013,0,2,2,0,2,2
23032267,,0,0.000647,32,0.000013,0,3,3,0,3,3
22915756,,0,0.000475,32,0.000013,0,1,1,0,1,1
22909323,,0,0.000475,32,0.000013,0,1,1,0,1,1
22869595,,0,0.000475,32,0.000013,0,1,1,0,1,1
22679557,,0,0.001337,32,0.000013,0,2,2,0,2,2
22635276,,0,0.000475,32,0.000013,0,1,1,0,1,1
22556254,,0,0.000475,32,0.000013,0,1,1,0,1,1
22530743,,0,0.000475,32,0.000013,0,1,1,0,1,1
22508511,,0,0.000475,32,0.000013,0,1,1,0,1,1
22492721,,0,0.000475,32,0.000013,0,1,1,0,1,1
22445484,,0,0.022599,32,0.000013,0,2,2,0,2,2
22366898,,0,0.001116,33,0.000013,0,3,3,0,3,3
22326273,,0,0.000475,32,0.000013,0,1,1,0,1,1
22323184,,0,0.000475,32,0.000013,0,1,1,0,1,1
22285574,,0,0.000475,32,0.000013,0,1,1,0,1,1
22249206,,0,0.000475,32,0.000013,0,1,1,0,1,1
22075984,,0,0.000475,32,0.000013,0,1,1,0,1,1
22045204,,0,0.000475,32,0.000013,0,1,1,0,1,1
21852388,,0,0.000475,32,0.000013,0,1,1,0,1,1
21821475,,0.013027,0.000734,32,0.000931,148,3,151,148,3,151
21779182,,0,0.000475,32,0.000013,0,1,1,0,1,1
21750527,,0,0.000475,32,0.000013,0,1,1,0,1,1
21701264,,0,0.000475,32,0.000013,0,1,1,0,1,1
21659603,,0,0.000475,32,0.000013,0,1,1,0,1,1
21482716,,0,0.000475,32,0.000013,0,1,1,0,1,1
21444690,,0,0.000475,32,0.000013,0,1,1,0,1,1
21383990,,0,0.000475,32,0.000013,0,1,1,0,1,1
21054854,,0,0.000475,32,0.000013,0,1,1,0,1,1
20871591,,0,0.000475,32,0.000013,0,1,1,0,1,1
28652417,,0,0.000001,44,0.000013,0,2,2,0,2,2
26956045,,0,0,44,0.000013,0,1,1,0,1,1
23308059,,0,0.000014,44,0.000013,0,2,2,0,2,2
22830422,,0,0,44,0.000013,0,1,1,0,1,1
22737227,,0,0,44,0.000013,0,1,1,0,1,1
22241964,,0,0.000014,44,0.000013,0,2,2,0,2,2
21148749,,0,0,44,0.000013,0,1,1,0,1,1
20660741,,0,0,44,0.000013,0,1,1,0,1,1
22331944,,0,0.000004,2,0.000013,0,1,1,0,1,1
27153553,,0,0.000003,32,0.000013,0,1,1,0,1,1
24947262,,0,0.000011,32,0.000013,0,3,3,0,3,3
23825533,,0,0.000609,32,0.000013,0,2,2,0,2,2
23569533,,0,0.000013,29,0.000013,0,3,3,0,3,3
22135624,,0,0.000003,32,0.000013,0,1,1,0,1,1
22122463,,0,0.000003,32,0.000013,0,1,1,0,1,1
21963404,,0,0.000003,32,0.000013,0,1,1,0,1,1
21707865,,0,0.000003,32,0.000013,0,1,1,0,1,1
21622940,,0,0.000003,32,0.000013,0,1,1,0,1,1
21317450,,0,0.000003,32,0.000013,0,1,1,0,1,1
21069451,,0,0.000003,32,0.000013,0,1,1,0,1,1
25992589,,0,0,11,0.000013,0,1,1,0,1,1
23393222,,0,0,11,0.000013,0,1,1,0,1,1
23361220,,0,0,11,0.000013,0,1,1,0,1,1
21155762,,0,0,11,0.000013,0,1,1,0,1,1
29175378,,0,0.000041,32,0.000013,0,2,2,0,2,2
28802254,,0.000001,0.000013,32,0.00004,3,1,4,3,1,4
26858310,,0,0.00013,32,0.000013,0,3,3,0,3,3
24231389,,0,0.000013,32,0.000013,0,1,1,0,1,1
23075701,,0,0.000013,32,0.000013,0,1,1,0,1,1
22739266,,0,0.000013,32,0.000013,0,1,1,0,1,1
28050152,,0,0.000046,0,0.000013,0,4,4,0,4,4
21965309,,0,0.000021,0,0.000013,0,1,1,0,1,1
28758972,,0,0.000004,22,0.000013,0,3,3,0,3,3
24451234,,0,0.000001,22,0.000013,0,1,1,0,1,1
22113256,,0,0.000001,22,0.000013,0,1,1,0,1,1
25503501,,0,0.002062,5,0.000013,0,10,10,0,10,10
24793961,,0,0.000003,2,0.000013,0,1,1,0,1,1
29183387,,0,0.000056,22,0.000013,0,4,4,0,4,4
30186165,,0,0.000219,35,0.000013,0,10,10,0,10,10
25695063,,0,0.000081,35,0.000013,0,7,7,0,7,7
25419146,,0,0.000005,35,0.000013,0,1,1,0,1,1
21847700,,0,0.000005,35,0.000013,0,1,1,0,1,1
30249004,,0,0.00003,35,0.000013,0,5,5,0,5,5
22901290,,0,0.000001,30,0.000013,0,2,2,0,2,2
22779044,,0,0.000001,30,0.000013,0,1,1,0,1,1
29731666,,0,0.000015,0,0.000013,0,1,1,0,1,1
29344009,,0,0.000015,0,0.000013,0,1,1,0,1,1
29316957,,0,0.00019,17,0.000013,0,5,5,0,5,5
29137303,,0,0.000015,0,0.000013,0,1,1,0,1,1
28830573,,0,0.000036,35,0.000013,0,4,4,0,4,4
28761624,,0,0.000015,0,0.000013,0,1,1,0,1,1
28416762,,0,0.000015,0,0.000013,0,1,1,0,1,1
28280355,,0,0.000015,0,0.000013,0,1,1,0,1,1
28179588,,0,0.000015,0,0.000013,0,1,1,0,1,1
27806084,,0,0.000015,0,0.000013,0,1,1,0,1,1
27742919,,0,0.00005,0,0.000013,0,3,3,0,3,3
27657059,,0,0.000015,0,0.000013,0,1,1,0,1,1
27467053,,0,0.000631,0,0.000013,0,3,3,0,3,3
27354352,,0,0.000185,0,0.000013,0,3,3,0,3,3
27187374,,0,0.000015,0,0.000013,0,1,1,0,1,1
27143914,,0,0.000015,0,0.000013,0,1,1,0,1,1
27087578,,0,0.000015,0,0.000013,0,1,1,0,1,1
26785832,,0.000018,0.000021,2,0.000015,1,4,5,1,4,5
26426992,,0,0.000786,31,0.000013,0,4,4,0,4,4
26155287,,0,0.000015,0,0.000013,0,1,1,0,1,1
25855707,,0,0.000015,0,0.000013,0,1,1,0,1,1
25586992,,0,0.000015,0,0.000013,0,1,1,0,1,1
25392194,,0,0.000015,0,0.000013,0,1,1,0,1,1
25352026,,0,0.000015,0,0.000013,0,1,1,0,1,1
25342391,,0,0.000015,0,0.000013,0,1,1,0,1,1
25258465,,0,0.000015,0,0.000013,0,1,1,0,1,1
25105660,,0,0.000015,0,0.000013,0,1,1,0,1,1
25038754,,0,0.000015,0,0.000013,0,1,1,0,1,1
24475217,,0.000045,0.000015,0,0.000177,20,1,21,20,1,21
24466379,,0,0.000015,0,0.000013,0,1,1,0,1,1
24304664,,0,0.000015,0,0.000013,0,1,1,0,1,1
24292867,,0,0.000015,0,0.000013,0,1,1,0,1,1
24248812,,0,0.000253,0,0.000013,0,3,3,0,3,3
23935996,,0,0.000026,0,0.000013,0,2,2,0,2,2
23785296,,0,0.000015,0,0.000013,0,1,1,0,1,1
23544014,,0,0.000015,0,0.000013,0,1,1,0,1,1
23535733,,0,0.000168,0,0.000013,0,2,2,0,2,2
23151807,,0,0.000015,0,0.000013,0,1,1,0,1,1
23107584,,0,0.000015,0,0.000084,7,1,8,7,1,8
22984585,,0,0.000015,0,0.000013,0,1,1,0,1,1
22953181,,0,0.000015,0,0.000013,0,1,1,0,1,1
22806168,,0,0.00005,0,0.000013,0,2,2,0,2,2
21457555,,0,0.000015,0,0.000013,0,1,1,0,1,1
21281495,,0,0.000015,0,0.000013,0,1,1,0,1,1
20483673,,0,0.000015,0,0.000013,0,1,1,0,1,1
30056367,,0,0.022752,32,0.000013,0,3,3,0,3,3
29932943,,0,0.002372,32,0.000013,0,5,5,0,5,5
29908887,,0,0.02358,41,0.000013,0,3,3,0,3,3
29871594,,0,0.000605,41,0.000013,0,1,1,0,1,1
29649003,,0,0.000629,41,0.000013,0,3,3,0,3,3
29570891,,0,0.001335,31,0.000013,0,6,6,0,6,6
29025907,,0,0.000605,41,0.000013,0,1,1,0,1,1
28991194,,0,0.00184,32,0.000013,0,7,7,0,7,7
28966695,,0,0.023829,41,0.000013,0,3,3,0,3,3
28958991,,0,0.001215,0,0.000013,0,5,5,0,5,5
28887051,,0,0.002354,0,0.000013,0,5,5,0,5,5
28851888,,0,0.000752,41,0.000013,0,2,2,0,2,2
28851423,,0,0.000837,0,0.000013,0,3,3,0,3,3
28454085,,0,0.002064,32,0.000013,0,7,7,0,7,7
28416487,,0,0.000605,41,0.000013,0,1,1,0,1,1
28389631,,0,0.000757,41,0.000013,0,2,2,0,2,2
28187748,,0.000034,0.023951,41,0.000021,2,3,5,2,3,5
27926932,,0,0.000605,41,0.000013,0,1,1,0,1,1
27898521,,0.001077,0.027906,5,0.000068,8,15,23,8,15,23
27784327,,0,0.000605,41,0.000013,0,1,1,0,1,1
27702751,,0,0.000605,41,0.000013,0,1,1,0,1,1
27486299,,0,0.000605,41,0.000013,0,1,1,0,1,1
27357673,,0,0.02358,41,0.000013,0,3,3,0,3,3
27287041,,0,0.000605,41,0.000013,0,1,1,0,1,1
27077368,,0,0.000612,41,0.000013,0,2,2,0,2,2
27022824,,0,0.001999,51,0.000013,0,5,5,0,5,5
27016230,,0,0.024733,41,0.000013,0,7,7,0,7,7
26616728,,0,0.001467,41,0.000013,0,2,2,0,2,2
26447876,,0.000639,0.001186,51,0.000034,5,3,8,5,3,8
26220590,,0,0.001446,41,0.000013,0,2,2,0,2,2
26099277,,0,0.02358,41,0.000013,0,3,3,0,3,3
26087191,,0,0.000605,41,0.000013,0,1,1,0,1,1
25868852,,0,0.000848,41,0.000013,0,2,2,0,2,2
25654734,,0,0.000628,41,0.000013,0,3,3,0,3,3
25344116,,0,0.001122,41,0.000013,0,2,2,0,2,2
25246945,,0,0.000605,41,0.000013,0,1,1,0,1,1
25061068,,0,0.023829,41,0.000013,0,3,3,0,3,3
24908656,,0,0.000671,32,0.000013,0,2,2,0,2,2
24887359,,0.000455,0.000914,31,0.000178,16,3,19,16,3,19
24842883,,0.011534,0.003024,51,0.00016,52,5,57,52,5,57
24700803,,0,0.023829,41,0.000013,0,3,3,0,3,3
24700801,,0,0.022729,41,0.000013,0,2,2,0,2,2
24510983,,0,0.001018,41,0.000013,0,4,4,0,4,4
24473064,,0.000581,0.001096,29,0.000583,60,3,63,60,3,63
24371674,,0,0.000605,41,0.000013,0,1,1,0,1,1
24037242,,0,0.025612,41,0.000013,0,6,6,0,6,6
23945238,,0,0.024856,41,0.000013,0,5,5,0,5,5
23730208,,0,0.022906,41,0.000013,0,4,4,0,4,4
23666744,,0,0.023829,41,0.000013,0,3,3,0,3,3
23550061,,0,0.022729,41,0.000013,0,2,2,0,2,2
23257362,,0.04899,0.024451,41,0.001062,141,4,145,141,4,145
23072336,,0,0.000605,41,0.000013,0,1,1,0,1,1
22912389,,0,0.002344,5,0.000013,0,3,3,0,3,3
22505474,,0,0.022729,41,0.000013,0,2,2,0,2,2
22253870,,0.003957,0.001122,41,0.000069,14,2,16,14,2,16
22032731,,0,0.000605,41,0.000013,0,1,1,0,1,1
21799864,,0,0.000605,41,0.000013,0,1,1,0,1,1
21734812,,0,0.000605,41,0.000013,0,1,1,0,1,1
21683865,,0,0.000605,41,0.000013,0,1,1,0,1,1
20670407,,0,0.000605,41,0.000013,0,1,1,0,1,1
30275851,,0,0.000143,31,0.000013,0,2,2,0,2,2
30135434,,0,0.000038,33,0.000013,0,1,1,0,1,1
29675884,,0,0.000038,33,0.000013,0,1,1,0,1,1
29642861,,0,0.000038,33,0.000013,0,1,1,0,1,1
29615825,,0,0.000038,33,0.000013,0,1,1,0,1,1
29606612,,0,0.000038,29,0.000013,0,2,2,0,2,2
29434411,,0,0.000038,33,0.000013,0,1,1,0,1,1
29341157,,0,0.000336,33,0.000013,0,4,4,0,4,4
29333206,,0,0.000038,33,0.000013,0,1,1,0,1,1
29137596,,0,0.000038,0,0.000013,0,2,2,0,2,2
29123100,,0,0.000038,33,0.000013,0,1,1,0,1,1
29026100,,0,0.000038,33,0.000013,0,1,1,0,1,1
28933369,,0,0.000038,33,0.000013,0,2,2,0,2,2
28220843,,0,0.000038,33,0.000013,0,2,2,0,2,2
28155687,,0,0.00052,33,0.000013,0,2,2,0,2,2
27979916,,0,0.000038,33,0.000013,0,1,1,0,1,1
27911866,,0,0.000038,33,0.000013,0,1,1,0,1,1
27896993,,0,0.022161,33,0.000013,0,2,2,0,2,2
27856957,,0,0.000038,33,0.000013,0,1,1,0,1,1
27711132,,0,0.000038,33,0.000013,0,1,1,0,1,1
27386846,,0,0.000038,33,0.000013,0,1,1,0,1,1
27073531,,0,0.000038,33,0.000013,0,1,1,0,1,1
26923702,,0,0.000073,33,0.000013,0,2,2,0,2,2
26918343,,0,0.000038,33,0.000013,0,1,1,0,1,1
26756854,,0,0.000038,33,0.000013,0,1,1,0,1,1
26686634,,0,0.000038,33,0.000013,0,1,1,0,1,1
26657508,,0,0.000038,33,0.000013,0,2,2,0,2,2
26005711,,0,0.000038,33,0.000013,0,1,1,0,1,1
25990542,,0,0.000038,33,0.000013,0,2,2,0,2,2
25960784,,0,0.000038,33,0.000013,0,2,2,0,2,2
25689414,,0,0.000038,33,0.000013,0,1,1,0,1,1
25655580,,0,0.000038,33,0.000013,0,1,1,0,1,1
25482617,,0,0.000038,33,0.000013,0,1,1,0,1,1
25468711,,0,0.000038,33,0.000013,0,1,1,0,1,1
25287138,,0,0.000038,33,0.000013,0,1,1,0,1,1
25146004,,0,0.000038,33,0.000013,0,1,1,0,1,1
25137136,,0,0.000038,33,0.000013,0,1,1,0,1,1
25083786,,0,0.000038,33,0.000013,0,1,1,0,1,1
24971511,,0,0.000038,23,0.000013,0,2,2,0,2,2
24818602,,0,0.000038,33,0.000013,0,1,1,0,1,1
24653980,,0,0.000038,33,0.000013,0,1,1,0,1,1
24587839,,0,0.022161,33,0.000013,0,2,2,0,2,2
24434785,,0,0.000038,33,0.000013,0,1,1,0,1,1
24416132,,0,0.000038,33,0.000013,0,1,1,0,1,1
24382390,,0,0.000038,33,0.000013,0,1,1,0,1,1
24368439,,0,0.000038,33,0.000013,0,1,1,0,1,1
24316975,,0,0.000038,33,0.000013,0,1,1,0,1,1
24196486,,0,0.000038,33,0.000013,0,1,1,0,1,1
24176112,,0,0.000038,33,0.000013,0,1,1,0,1,1
24093668,,0,0.000038,33,0.000013,0,1,1,0,1,1
24079712,,0,0.000038,33,0.000013,0,1,1,0,1,1
24052748,,0,0.000038,33,0.000013,0,1,1,0,1,1
23967231,,0,0.000038,33,0.000013,0,1,1,0,1,1
23887935,,0,0.000038,33,0.000013,0,1,1,0,1,1
23341493,,0,0.022161,33,0.000013,0,2,2,0,2,2
23293768,,0,0.000038,33,0.000013,0,1,1,0,1,1
23168266,,0,0.000038,33,0.000013,0,1,1,0,1,1
23151021,,0,0.000038,33,0.000013,0,1,1,0,1,1
22839103,,0,0.000073,33,0.000013,0,2,2,0,2,2
22766277,,0,0.000073,33,0.000013,0,2,2,0,2,2
22705924,,0,0.000038,33,0.000013,0,1,1,0,1,1
22683778,,0,0.000038,33,0.000013,0,1,1,0,1,1
22391556,,0,0.000038,33,0.000013,0,1,1,0,1,1
22371529,,0,0.000038,33,0.000013,0,1,1,0,1,1
22078060,,0,0.000038,33,0.000013,0,1,1,0,1,1
21965338,,0,0.000038,33,0.000013,0,1,1,0,1,1
21672245,,0,0.000038,33,0.000013,0,1,1,0,1,1
21641572,,0,0.000038,33,0.000013,0,1,1,0,1,1
21394915,,0,0.000038,33,0.000013,0,1,1,0,1,1
21092249,,0,0.000038,33,0.000013,0,1,1,0,1,1
20920229,,0,0.000038,33,0.000013,0,1,1,0,1,1
20830311,,0,0.000038,33,0.000013,0,1,1,0,1,1
21151400,,0,0.000001,2,0.000013,0,1,1,0,1,1
29974077,,0,0,76,0.000013,0,2,2,0,2,2
29435041,,0,0,76,0.000013,0,1,1,0,1,1
28467443,,0,0,76,0.000013,0,1,1,0,1,1
28133539,,0,0,76,0.000013,0,1,1,0,1,1
28090171,,0,0,76,0.000013,0,2,2,0,2,2
27881578,,0,0,76,0.000013,0,1,1,0,1,1
27695480,,0,0,76,0.000013,0,1,1,0,1,1
27553713,,0,0,76,0.000013,0,2,2,0,2,2
27182644,,0,0,76,0.000013,0,1,1,0,1,1
26997872,,0,0,76,0.000013,0,2,2,0,2,2
26942882,,0,0.000081,76,0.000013,0,2,2,0,2,2
26928812,,0,0,76,0.000013,0,1,1,0,1,1
26837394,,0,0,76,0.000013,0,1,1,0,1,1
26752563,,0,0,76,0.000013,0,1,1,0,1,1
26692764,,0,0,76,0.000013,0,2,2,0,2,2
25537728,,0,0,76,0.000013,0,1,1,0,1,1
25296018,,0,0,76,0.000013,0,1,1,0,1,1
25031741,,0,0,76,0.000013,0,1,1,0,1,1
24967588,,0,0,76,0.000013,0,1,1,0,1,1
23601191,,0,0,76,0.000013,0,1,1,0,1,1
23595559,,0,0,76,0.000013,0,1,1,0,1,1
23304239,,0,0,76,0.000013,0,1,1,0,1,1
23045280,,0,0,76,0.000013,0,1,1,0,1,1
22844464,,0,0,76,0.000013,0,1,1,0,1,1
21955753,,0,0,76,0.000013,0,1,1,0,1,1
21954337,,0,0,76,0.000013,0,1,1,0,1,1
21423209,,0,0,76,0.000013,0,1,1,0,1,1
20576095,,0.001565,0,33,0.000967,71,0,71,71,0,71
29180805,,0,0.000035,33,0.000013,0,1,1,0,1,1
29157313,,0,0.000035,33,0.000013,0,1,1,0,1,1
29049316,,0,0.000035,33,0.000013,0,1,1,0,1,1
28761739,,0,0.000035,33,0.000013,0,1,1,0,1,1
28473876,,0,0.000035,33,0.000013,0,1,1,0,1,1
28338617,,0,0.000035,33,0.000013,0,1,1,0,1,1
28300085,,0,0.000035,33,0.000013,0,1,1,0,1,1
27600228,,0,0.000035,33,0.000013,0,1,1,0,1,1
27566577,,0,0.000064,33,0.000024,1,3,4,1,3,4
26799285,,0,0.000035,33,0.000013,0,1,1,0,1,1
26581858,,0,0.000035,33,0.000013,0,1,1,0,1,1
26460951,,0,0.000035,33,0.000013,0,1,1,0,1,1
26235388,,0,0.000035,33,0.000013,0,1,1,0,1,1
25987569,,0,0.000517,33,0.000013,0,2,2,0,2,2
25764003,,0,0.000035,33,0.000013,0,1,1,0,1,1
25698970,,0,0.000035,33,0.000013,0,1,1,0,1,1
25669979,,0,0.000035,33,0.000013,0,1,1,0,1,1
25655188,,0,0.000035,33,0.000013,0,1,1,0,1,1
25546585,,0,0.000035,33,0.000013,0,1,1,0,1,1
25391423,,0,0.000035,33,0.000013,0,1,1,0,1,1
25186909,,0,0.000035,33,0.000013,0,1,1,0,1,1
25148247,,0,0.000035,33,0.000013,0,1,1,0,1,1
25011954,,0,0.000035,33,0.000013,0,1,1,0,1,1
24887297,,0,0.000035,33,0.000013,0,1,1,0,1,1
24194916,,0,0.000035,33,0.000013,0,1,1,0,1,1
24156016,,0,0.000035,33,0.000013,0,1,1,0,1,1
23990412,,0,0.000035,33,0.000013,0,1,1,0,1,1
23562422,,0,0.000035,33,0.000013,0,1,1,0,1,1
23483937,,0,0.000035,33,0.000013,0,1,1,0,1,1
23431153,,0,0.000035,33,0.000013,0,1,1,0,1,1
23319288,,0,0.000035,33,0.000013,0,1,1,0,1,1
23186559,,0,0.000035,33,0.000013,0,1,1,0,1,1
22938721,,0,0.000035,33,0.000013,0,1,1,0,1,1
22815890,,0,0.000035,33,0.000013,0,1,1,0,1,1
22815804,,0,0.000035,33,0.000013,0,1,1,0,1,1
22719901,,0,0.000035,33,0.000013,0,1,1,0,1,1
22363434,,0,0.000035,33,0.000013,0,1,1,0,1,1
22362584,,0,0.000048,8,0.000013,0,2,2,0,2,2
22333393,,0,0.000035,33,0.000013,0,1,1,0,1,1
22169037,,0,0.000035,33,0.000013,0,1,1,0,1,1
22048815,,0,0.000035,33,0.000013,0,1,1,0,1,1
22025283,,0,0.000035,33,0.000013,0,1,1,0,1,1
22022496,,0,0.000035,33,0.000013,0,1,1,0,1,1
21965335,,0,0.000035,33,0.000013,0,1,1,0,1,1
21957977,,0,0.000035,33,0.000013,0,1,1,0,1,1
21785460,,0,0.000035,33,0.000013,0,1,1,0,1,1
21752925,,0,0.000035,33,0.000013,0,1,1,0,1,1
21277939,,0,0.000035,33,0.000013,0,1,1,0,1,1
30096791,,0,0.023083,41,0.000013,0,4,4,0,4,4
20597068,,0.006457,0,41,0.000188,33,0,33,33,0,33
29928489,,0,0.000145,41,0.000013,0,1,1,0,1,1
29857829,,0,0.000145,41,0.000013,0,1,1,0,1,1
29703236,,0,0.023493,41,0.000013,0,4,4,0,4,4
29100356,,0,0.000145,41,0.000013,0,1,1,0,1,1
28811894,,0,0.000206,41,0.000013,0,2,2,0,2,2
28664938,,0,0.001046,41,0.000013,0,3,3,0,3,3
28257098,,0,0.023369,41,0.000013,0,3,3,0,3,3
27991925,,0,0.023106,41,0.000013,0,4,4,0,4,4
27733814,,0,0.000145,41,0.000013,0,1,1,0,1,1
26643275,,0,0.023046,41,0.000013,0,3,3,0,3,3
25130537,,0,0.000278,5,0.000013,0,3,3,0,3,3
25034878,,0,0.023253,41,0.000013,0,4,4,0,4,4
24868556,,0,0.022269,41,0.000013,0,2,2,0,2,2
24804229,,0,0.000922,41,0.000013,0,2,2,0,2,2
24696706,,0,0.022269,41,0.000013,0,2,2,0,2,2
23638231,,0,0.000145,41,0.000013,0,1,1,0,1,1
23502471,,0,0.000145,41,0.000013,0,1,1,0,1,1
30042330,,0,0.001318,5,0.000013,0,3,3,0,3,3
30036377,,0,0.02264,41,0.000013,0,2,2,0,2,2
29731958,,0,0.001374,5,0.000013,0,9,9,0,9,9
29313444,,0,0.002101,51,0.000013,0,5,5,0,5,5
29254167,,0,0.000555,22,0.000013,0,5,5,0,5,5
29215764,,0.000031,0.003436,5,0.000014,2,10,12,2,10,12
29179445,,0,0.024436,41,0.000013,0,5,5,0,5,5
29093017,,0.000029,0.000558,32,0.000025,2,3,5,2,3,5
28693226,,0,0.000517,5,0.000013,0,1,1,0,1,1
28591715,,0.000016,0.022702,32,0.00006,6,5,11,6,5,11
28541638,,0,0.025127,5,0.000013,0,9,9,0,9,9
28541631,,0.000565,0.02729,5,0.000014,1,9,10,1,9,10
28525389,,0.001414,0.023514,22,0.000039,8,7,15,8,7,15
27907908,,0.000621,0.027761,5,0.000044,6,13,19,6,13,19
27793035,,0.000032,0.000869,5,0.000016,2,10,12,2,10,12
27331884,,0,0.000517,5,0.000013,0,1,1,0,1,1
27029752,,0,0.001982,5,0.000013,0,3,3,0,3,3
26181259,,0.003269,0.024363,41,0.00009,11,4,15,11,4,15
25859162,,0.000839,0.002627,5,0.000049,9,4,13,9,4,13
25556615,,0,0.023862,5,0.000013,0,3,3,0,3,3
25183480,,0,0.000517,5,0.000013,0,1,1,0,1,1
24836647,,0,0.000614,23,0.000013,0,2,2,0,2,2
23548133,,0,0.002707,5,0.000013,0,8,8,0,8,8
23524581,,0,0.000517,5,0.000013,0,1,1,0,1,1
29651020,,0,0.000002,33,0.000013,0,1,1,0,1,1
20614009,,0.000071,0,33,0.00019,18,0,18,18,0,18
28338320,,0,0.000002,33,0.000013,0,1,1,0,1,1
27758883,,0,0.000002,33,0.000013,0,1,1,0,1,1
27556302,,0,0.000002,33,0.000013,0,1,1,0,1,1
27054335,,0,0.000002,33,0.000013,0,1,1,0,1,1
26686581,,0,0.000002,33,0.000013,0,1,1,0,1,1
26020839,,0,0.000042,33,0.000013,0,2,2,0,2,2
25970731,,0,0.000002,33,0.000013,0,1,1,0,1,1
25951181,,0,0.000002,33,0.000013,0,1,1,0,1,1
25879655,,0,0.000002,33,0.000013,0,1,1,0,1,1
25406853,,0,0.000002,33,0.000013,0,1,1,0,1,1
24921003,,0,0.000002,33,0.000013,0,1,1,0,1,1
24379414,,0,0.000002,33,0.000013,0,1,1,0,1,1
23656789,,0,0.000002,33,0.000013,0,1,1,0,1,1
23388725,,0,0.000002,33,0.000013,0,1,1,0,1,1
30026820,,0,0.000214,5,0.000013,0,1,1,0,1,1
30020434,,0,0.000214,5,0.000013,0,1,1,0,1,1
29915322,,0,0.000389,51,0.000013,0,7,7,0,7,7
29872499,,0,0.023543,41,0.000013,0,6,6,0,6,6
29760829,,0,0.000214,5,0.000013,0,1,1,0,1,1
29162161,,0,0.000214,5,0.000013,0,1,1,0,1,1
29108297,,0,0.00164,51,0.000013,0,9,9,0,9,9
28852190,,0,0.023667,41,0.000013,0,6,6,0,6,6
28727877,,0.000077,0.001024,5,0.000023,5,3,8,5,3,8
28526081,,0.000003,0.001075,23,0.000028,3,2,5,3,2,5
28418444,,0,0.000849,5,0.000013,0,9,9,0,9,9
28281021,,0.000074,0.001332,2,0.000025,4,8,12,4,8,12
28051113,,0,0.000462,5,0.000013,0,8,8,0,8,8
27573169,,0,0.023434,41,0.000013,0,4,4,0,4,4
27418648,,0,0.001095,23,0.000013,0,3,3,0,3,3
27229674,,0,0.000214,5,0.000013,0,1,1,0,1,1
26867194,,0,0.000523,5,0.000013,0,6,6,0,6,6
26847329,,0,0.001843,5,0.000013,0,3,3,0,3,3
26664327,,0,0.000214,5,0.000013,0,1,1,0,1,1
26587011,,0,0.001075,5,0.000013,0,2,2,0,2,2
26401056,,0,0.000214,5,0.000013,0,1,1,0,1,1
26146607,,0,0.000987,5,0.000013,0,4,4,0,4,4
26084827,,0,0.000214,5,0.000013,0,1,1,0,1,1
25927356,,0.000611,0.000438,2,0.000037,9,5,14,9,5,14
25886519,,0.000916,0.001176,5,0.000109,18,4,22,18,4,22
25802882,,0.000721,0.023623,5,0.000091,18,7,25,18,7,25
25565622,,0,0.000214,5,0.000013,0,1,1,0,1,1
25262649,,0,0.000214,5,0.000013,0,1,1,0,1,1
25255306,,0,0.000214,5,0.000013,0,1,1,0,1,1
25239263,,0,0.001075,5,0.000013,0,2,2,0,2,2
25221608,,0,0.000214,32,0.000013,0,2,2,0,2,2
25167919,,0,0.022337,5,0.000013,0,2,2,0,2,2
25123297,,0.000048,0.001075,10,0.000107,14,2,16,14,2,16
24963352,,0,0.000214,5,0.000013,0,1,1,0,1,1
24947485,,0,0.000214,5,0.000013,0,1,1,0,1,1
24752294,,0,0.000214,5,0.000013,0,1,1,0,1,1
24712574,,0,0.000214,5,0.000013,0,1,1,0,1,1
24691501,,0,0.000214,5,0.000013,0,1,1,0,1,1
24689082,,0,0.00026,5,0.000013,0,2,2,0,2,2
23942198,,0,0.000214,5,0.000013,0,1,1,0,1,1
23841703,,0,0.000214,5,0.000013,0,1,1,0,1,1
23770805,,0,0.001075,5,0.000013,0,2,2,0,2,2
23675233,,0,0.000214,5,0.000013,0,1,1,0,1,1
23559859,,0,0.000214,5,0.000013,0,1,1,0,1,1
23368785,,0,0.000214,5,0.000013,0,1,1,0,1,1
23148716,,0,0.000214,5,0.000013,0,1,1,0,1,1
23000897,,0,0.023189,5,0.000013,0,3,3,0,3,3
22980418,,0,0.001055,41,0.000013,0,2,2,0,2,2
22811390,,0.002405,0.001075,5,0.000112,16,2,18,16,2,18
22773737,,0,0.000214,5,0.000013,0,1,1,0,1,1
22658618,,0,0.001075,5,0.000013,0,2,2,0,2,2
22647651,,0,0.000214,5,0.000013,0,1,1,0,1,1
22559009,,0,0.000214,5,0.000013,0,1,1,0,1,1
22526018,,0,0.000214,5,0.000013,0,1,1,0,1,1
22474122,,0,0.000214,5,0.000013,0,1,1,0,1,1
22445068,,0,0.022366,5,0.000013,0,3,3,0,3,3
22189465,,0,0.000214,5,0.000013,0,1,1,0,1,1
22177090,,0,0.000214,5,0.000013,0,1,1,0,1,1
22147957,,0,0.022421,23,0.000013,0,3,3,0,3,3
22016077,,0,0.000214,5,0.000013,0,1,1,0,1,1
21917145,,0,0.000214,5,0.000013,0,1,1,0,1,1
21910929,,0,0.000214,5,0.000013,0,1,1,0,1,1
21795084,,0,0.000214,5,0.000013,0,1,1,0,1,1
21765009,,0,0.000214,5,0.000013,0,1,1,0,1,1
21704268,,0,0.000214,5,0.000013,0,1,1,0,1,1
21698376,,0,0.000214,5,0.000013,0,1,1,0,1,1
21493627,,0,0.000214,5,0.000013,0,1,1,0,1,1
21486468,,0,0.000214,5,0.000013,0,1,1,0,1,1
21345283,,0,0.000214,5,0.000013,0,1,1,0,1,1
21270641,,0,0.000214,5,0.000013,0,1,1,0,1,1
20673864,,0,0.000214,5,0.000013,0,1,1,0,1,1
29127457,,0,0.000047,32,0.000013,0,1,1,0,1,1
29057791,,0,0.000091,32,0.000013,0,2,2,0,2,2
28945288,,0,0.000224,5,0.000013,0,4,4,0,4,4
28138029,,0,0.000228,32,0.000013,0,2,2,0,2,2
27313062,,0,0.000047,32,0.000013,0,2,2,0,2,2
27233076,,0,0.000047,32,0.000013,0,1,1,0,1,1
27196668,,0,0.00034,32,0.000013,0,2,2,0,2,2
26537256,,0,0.000047,32,0.000013,0,1,1,0,1,1
26486089,,0.000071,0.000047,31,0.00008,12,1,13,12,1,13
25589624,,0,0.023611,32,0.000013,0,6,6,0,6,6
25516420,,0,0.000047,32,0.000013,0,1,1,0,1,1
21705453,,0,0.000047,32,0.000013,0,1,1,0,1,1
21205838,,0,0.000047,32,0.000013,0,1,1,0,1,1
22174901,,0,0.000002,0,0.000013,0,1,1,0,1,1
29185118,,0,0.00001,5,0.000013,0,1,1,0,1,1
25569439,,0,0.000246,22,0.000013,0,4,4,0,4,4
24847485,,0,0.00001,30,0.000013,0,2,2,0,2,2
24809301,,0,0.00001,5,0.000013,0,1,1,0,1,1
29275364,,0,0.000048,2,0.000013,0,1,1,0,1,1
20647319,,0.002138,0,2,0.000511,54,0,54,54,0,54
28704519,,0,0.000048,2,0.000013,0,1,1,0,1,1
28610418,,0,0.000049,2,0.000013,0,2,2,0,2,2
28006059,,0,0.000048,2,0.000013,0,1,1,0,1,1
27365541,,0,0.000048,2,0.000013,0,1,1,0,1,1
27274271,,0,0.000048,2,0.000013,0,1,1,0,1,1
26605296,,0,0.000048,2,0.000013,0,1,1,0,1,1
26392416,,0,0.000049,2,0.000013,0,2,2,0,2,2
25940428,,0,0.000336,2,0.000024,1,7,8,1,7,8
25633745,,0,0.000048,2,0.000013,0,1,1,0,1,1
25433809,,0,0.000073,2,0.000013,0,3,3,0,3,3
25361550,,0,0.000073,2,0.000013,0,3,3,0,3,3
25245095,,0,0.000048,2,0.000013,0,1,1,0,1,1
25210463,,0,0.000073,2,0.000013,0,4,4,0,4,4
25183481,,0,0.000073,2,0.000013,0,3,3,0,3,3
25114582,,0,0.000097,2,0.000013,0,4,4,0,4,4
24935732,,0,0.000048,2,0.000013,0,1,1,0,1,1
24890702,,0,0.000049,2,0.000013,0,3,3,0,3,3
24732316,,0,0.000049,2,0.000013,0,2,2,0,2,2
24552817,,0,0.000048,2,0.000013,0,1,1,0,1,1
24353399,,0,0.000072,2,0.000013,0,2,2,0,2,2
24314048,,0,0.022172,2,0.000013,0,2,2,0,2,2
23614619,,0,0.000073,2,0.000013,0,3,3,0,3,3
23472213,,0,0.000048,2,0.000013,0,1,1,0,1,1
23180788,,0,0.022172,2,0.000013,0,2,2,0,2,2
23167843,,0,0.000073,2,0.000013,0,4,4,0,4,4
22964086,,0,0.000048,2,0.000013,0,1,1,0,1,1
22679560,,0.001097,0.000072,2,0.000038,6,2,8,6,2,8
22536442,,0,0.022172,2,0.000013,0,2,2,0,2,2
22436609,,0.000022,0.000073,2,0.000104,16,3,19,16,3,19
22424228,,0,0.000048,2,0.000013,0,1,1,0,1,1
22307873,,0,0.000048,2,0.000013,0,1,1,0,1,1
22303394,,0,0.000048,2,0.000013,0,1,1,0,1,1
22297295,,0,0.000048,2,0.000013,0,1,1,0,1,1
22213511,,0,0.000048,2,0.000013,0,1,1,0,1,1
22139083,,0,0.000073,2,0.000013,0,3,3,0,3,3
21994416,,0,0.000072,2,0.000013,0,2,2,0,2,2
21956427,,0,0.000048,2,0.000013,0,1,1,0,1,1
21810988,,0,0.000048,2,0.000013,0,1,1,0,1,1
21761362,,0,0.000048,2,0.000013,0,1,1,0,1,1
21636674,,0,0.000072,2,0.000013,0,2,2,0,2,2
21543894,,0,0.000048,2,0.000013,0,1,1,0,1,1
21514318,,0,0.000048,2,0.000013,0,1,1,0,1,1
21501518,,0,0.000048,2,0.000013,0,1,1,0,1,1
21364863,,0,0.000048,2,0.000013,0,1,1,0,1,1
21119596,,0,0.000048,2,0.000013,0,1,1,0,1,1
30186385,,0,0,8,0.000013,0,1,1,0,1,1
20664703,,0.000005,0,8,0.000402,37,0,37,37,0,37
29868118,,0,0,8,0.000013,0,1,1,0,1,1
29071030,,0,0,8,0.000013,0,1,1,0,1,1
28573988,,0,0,8,0.000013,0,1,1,0,1,1
28505181,,0,0,8,0.000013,0,1,1,0,1,1
28211617,,0,0,8,0.000013,0,1,1,0,1,1
28099942,,0,0,8,0.000013,0,1,1,0,1,1
27799869,,0,0,8,0.000013,0,1,1,0,1,1
27661116,,0,0,8,0.000013,0,1,1,0,1,1
27308363,,0,0,8,0.000013,0,1,1,0,1,1
27034707,,0,0,8,0.000013,0,1,1,0,1,1
27013893,,0,0,8,0.000013,0,1,1,0,1,1
26511608,,0,0,8,0.000013,0,1,1,0,1,1
26288838,,0,0.000013,8,0.000013,0,2,2,0,2,2
26143641,,0,0,8,0.000013,0,1,1,0,1,1
25520758,,0,0,8,0.000013,0,1,1,0,1,1
25232279,,0,0,8,0.000013,0,1,1,0,1,1
25134804,,0,0,8,0.000013,0,1,1,0,1,1
25100735,,0,0,8,0.000013,0,1,1,0,1,1
24433356,,0,0,8,0.000013,0,1,1,0,1,1
24092970,,0,0,8,0.000013,0,1,1,0,1,1
23998122,,0,0,8,0.000013,0,1,1,0,1,1
23756868,,0,0,8,0.000013,0,1,1,0,1,1
23400111,,0,0,8,0.000013,0,1,1,0,1,1
23251571,,0,0,8,0.000013,0,1,1,0,1,1
23233862,,0,0,8,0.000013,0,1,1,0,1,1
23056178,,0,0,8,0.000013,0,1,1,0,1,1
23015754,,0,0,8,0.000013,0,1,1,0,1,1
22553621,,0,0,8,0.000013,0,1,1,0,1,1
22319212,,0,0,8,0.000013,0,1,1,0,1,1
21840489,,0,0,8,0.000013,0,1,1,0,1,1
21840479,,0,0,8,0.000013,0,1,1,0,1,1
21649900,,0,0,8,0.000013,0,1,1,0,1,1
21571674,,0,0,8,0.000013,0,1,1,0,1,1
21283680,,0,0,8,0.000013,0,1,1,0,1,1
21239885,,0,0,8,0.000013,0,1,1,0,1,1
27152024,,0,0.023113,41,0.000013,0,3,3,0,3,3
26665166,,0,0.000128,41,0.000013,0,1,1,0,1,1
26585234,,0,0.022503,41,0.000013,0,3,3,0,3,3
25587053,,0,0.022252,41,0.000013,0,2,2,0,2,2
25473754,,0,0.022306,41,0.000013,0,3,3,0,3,3
25234469,,0,0.001119,41,0.000013,0,6,6,0,6,6
25135607,,0,0.000905,41,0.000013,0,2,2,0,2,2
24482739,,0,0.000128,41,0.000013,0,2,2,0,2,2
22833080,,0,0.000128,41,0.000013,0,1,1,0,1,1
22498942,,0,0.000143,32,0.000013,0,2,2,0,2,2
21521830,,0.008231,0.000128,41,0.001301,133,1,134,133,1,134
21170264,,0.000624,0.000128,44,0.000061,7,1,8,7,1,8
26316738,,0,0.000025,2,0.000013,0,2,2,0,2,2
25759599,,0,0.000001,2,0.000013,0,2,2,0,2,2
23586049,,0,0.000001,2,0.000013,0,1,1,0,1,1
20683152,,0.000151,0,2,0.000064,10,0,10,10,0,10
25175348,,0,0.000003,2,0.000013,0,1,1,0,1,1
22908982,,0,0.000003,2,0.000013,0,1,1,0,1,1
28192993,,0,0.000024,8,0.000013,0,4,4,0,4,4
24795863,,0,0.000683,8,0.000013,0,4,4,0,4,4
29195029,,0,0.000001,29,0.000013,0,1,1,0,1,1
25579142,,0,0.000001,29,0.000013,0,1,1,0,1,1
24326628,,0,0.000001,29,0.000013,0,1,1,0,1,1
24204768,,0,0.000001,29,0.000013,0,1,1,0,1,1
24185039,,0,0.000001,29,0.000013,0,1,1,0,1,1
23149936,,0,0.000505,29,0.000013,0,3,3,0,3,3
27721718,,0,0,2,0.000013,0,2,2,0,2,2
20697526,,0,0,2,0.00004,3,0,3,3,0,3
25114624,,0,0,2,0.000013,0,1,1,0,1,1
22530182,,0,0,2,0.000013,0,1,1,0,1,1
30364656,,0,0.000013,70,0.000013,0,1,1,0,1,1
30320185,,0,0.000013,70,0.000013,0,1,1,0,1,1
29142597,,0,0.000055,70,0.000013,0,2,2,0,2,2
28928854,,0,0.000013,70,0.000013,0,1,1,0,1,1
28811643,,0,0.000013,70,0.000013,0,1,1,0,1,1
28810654,,0,0.000013,70,0.000013,0,1,1,0,1,1
28750683,,0,0.000013,70,0.000013,0,1,1,0,1,1
28667340,,0,0.000013,70,0.000013,0,1,1,0,1,1
28640191,,0,0.000013,70,0.000013,0,1,1,0,1,1
28367075,,0,0.000013,70,0.000013,0,1,1,0,1,1
28337107,,0,0.000013,70,0.000013,0,1,1,0,1,1
27943262,,0,0.000013,70,0.000013,0,1,1,0,1,1
27494872,,0,0.000013,70,0.000013,0,1,1,0,1,1
27118972,,0,0.000013,70,0.000013,0,1,1,0,1,1
27073477,,0,0.000013,70,0.000013,0,1,1,0,1,1
26900390,,0,0.000013,70,0.000013,0,1,1,0,1,1
26645049,,0,0.000013,70,0.000013,0,1,1,0,1,1
26352260,,0,0.000013,70,0.000013,0,1,1,0,1,1
26140185,,0,0.000013,70,0.000013,0,1,1,0,1,1
26106145,,0,0.000013,70,0.000013,0,1,1,0,1,1
25820259,,0,0.000013,70,0.000013,0,1,1,0,1,1
25808524,,0,0.000013,70,0.000013,0,1,1,0,1,1
25767377,,0,0.000013,70,0.000013,0,1,1,0,1,1
25236463,,0,0.000013,70,0.000013,0,1,1,0,1,1
24886710,,0,0.000013,70,0.000013,0,1,1,0,1,1
24551595,,0,0.023359,70,0.000013,0,3,3,0,3,3
23598467,,0,0.000013,70,0.000013,0,1,1,0,1,1
22847003,,0,0.000013,70,0.000013,0,1,1,0,1,1
22661637,,0,0.000013,70,0.000013,0,1,1,0,1,1
22580604,,0,0.000013,70,0.000013,0,1,1,0,1,1
22553414,,0,0.000013,70,0.000013,0,1,1,0,1,1
22526622,,0,0.000013,70,0.000013,0,1,1,0,1,1
22489661,,0,0.000013,70,0.000013,0,1,1,0,1,1
22396620,,0,0.000013,70,0.000013,0,1,1,0,1,1
22298956,,0,0.000013,70,0.000013,0,1,1,0,1,1
22245967,,0,0.000013,70,0.000013,0,1,1,0,1,1
22174624,,0,0.000013,70,0.000013,0,1,1,0,1,1
22174609,,0,0.000013,70,0.000013,0,1,1,0,1,1
22158108,,0,0.000013,70,0.000013,0,1,1,0,1,1
21646376,,0,0.000013,70,0.000013,0,1,1,0,1,1
30254262,,0,0.000168,8,0.000013,0,1,1,0,1,1
29985128,,0,0.000392,8,0.000013,0,6,6,0,6,6
29599286,,0,0.000549,8,0.000013,0,8,8,0,8,8
29166612,,0,0.000524,8,0.000013,0,4,4,0,4,4
29112132,,0,0.00062,8,0.000013,0,3,3,0,3,3
29020620,,0,0.000168,8,0.000013,0,1,1,0,1,1
28847824,,0,0.00024,8,0.000013,0,2,2,0,2,2
28757209,,0,0.000917,8,0.000013,0,7,7,0,7,7
28718810,,0,0.000283,8,0.000013,0,5,5,0,5,5
28698370,,0,0.000168,8,0.000013,0,1,1,0,1,1
28562599,,0,0.000172,8,0.000013,0,2,2,0,2,2
28560323,,0,0.000554,8,0.000035,2,8,10,2,8,10
28557284,,0,0.000168,8,0.000013,0,2,2,0,2,2
28423184,,0,0.000298,8,0.000013,0,2,2,0,2,2
28258182,,0,0.000185,8,0.000013,0,2,2,0,2,2
28115467,,0,0.000168,8,0.000013,0,1,1,0,1,1
28090586,,0,0.000585,8,0.000013,0,6,6,0,6,6
27932447,,0,0.000297,8,0.000013,0,4,4,0,4,4
27924011,,0.000019,0.000513,8,0.000038,4,6,10,4,6,10
27903895,,0,0.000168,8,0.000013,0,1,1,0,1,1
27867009,,0,0.000325,8,0.000013,0,5,5,0,5,5
27738136,,0,0.000223,8,0.000013,0,2,2,0,2,2
27657132,,0,0.000178,8,0.000013,0,2,2,0,2,2
27550454,,0.000004,0.000386,8,0.000029,2,2,4,2,2,4
27242895,,0,0.000295,8,0.000013,0,3,3,0,3,3
27242363,,0,0.000663,8,0.000013,0,4,4,0,4,4
26902288,,0,0.000194,8,0.000013,0,2,2,0,2,2
26695548,,0,0.00024,8,0.000013,0,2,2,0,2,2
26629180,,0,0.000237,8,0.000013,0,4,4,0,4,4
26520106,,0,0.000168,8,0.000013,0,1,1,0,1,1
25995442,,0,0.024244,8,0.000013,0,7,7,0,7,7
25775266,,0,0.000168,8,0.000013,0,1,1,0,1,1
25646379,,0,0.000295,8,0.000013,0,3,3,0,3,3
25458897,,0,0.000168,8,0.000013,0,1,1,0,1,1
25411316,,0,0.00024,8,0.000013,0,2,2,0,2,2
25400143,,0,0.000168,8,0.000013,0,1,1,0,1,1
25352667,,0,0.000168,8,0.000013,0,1,1,0,1,1
25301930,,0,0.000667,8,0.000013,0,10,10,0,10,10
25195049,,0,0.000221,8,0.000013,0,2,2,0,2,2
25151476,,0,0.000168,8,0.000013,0,1,1,0,1,1
25128760,,0,0.000487,8,0.000013,0,5,5,0,5,5
25128695,,0,0.000457,8,0.000013,0,4,4,0,4,4
25104768,,0,0.000339,8,0.000013,0,3,3,0,3,3
25091156,,0,0.000168,8,0.000013,0,1,1,0,1,1
25083707,,0,0.000168,8,0.000013,0,1,1,0,1,1
23974101,,0,0.000168,8,0.000013,0,1,1,0,1,1
23828040,,0,0.000293,8,0.000013,0,3,3,0,3,3
23824136,,0,0.000168,8,0.000013,0,1,1,0,1,1
23757189,,0,0.000482,8,0.000013,0,3,3,0,3,3
23730541,,0,0.000168,8,0.000013,0,1,1,0,1,1
23684800,,0,0.000168,8,0.000013,0,1,1,0,1,1
23589858,,0,0.000168,8,0.000013,0,1,1,0,1,1
23438602,,0,0.000592,8,0.000013,0,4,4,0,4,4
23384538,,0,0.000232,8,0.000013,0,4,4,0,4,4
22902627,,0,0.000168,8,0.000013,0,1,1,0,1,1
22661229,,0,0.000393,8,0.000013,0,4,4,0,4,4
22491672,,0,0.000295,8,0.000013,0,3,3,0,3,3
22366461,,0,0.000168,8,0.000013,0,1,1,0,1,1
22179778,,0,0.00024,8,0.000013,0,2,2,0,2,2
22020281,,0,0.00024,8,0.000013,0,2,2,0,2,2
21971174,,0,0.000221,8,0.000013,0,2,2,0,2,2
21825106,,0,0.000169,8,0.000013,0,2,2,0,2,2
21705756,,0,0.00024,8,0.000013,0,2,2,0,2,2
21642535,,0,0.000245,8,0.000013,0,3,3,0,3,3
21615552,,0,0.000168,8,0.000013,0,1,1,0,1,1
21508974,,0,0.000168,8,0.000013,0,1,1,0,1,1
21376743,,0,0.000168,8,0.000013,0,1,1,0,1,1
21129202,,0,0.00024,8,0.000013,0,2,2,0,2,2
30250803,,0,0.000054,8,0.000013,0,1,1,0,1,1
28630472,,0,0.000054,8,0.000013,0,1,1,0,1,1
24193370,,0,0.00018,8,0.000013,0,2,2,0,2,2
24005675,,0,0.000054,8,0.000013,0,1,1,0,1,1
28594346,,0,0.000091,8,0.000013,0,3,3,0,3,3
27781374,,0,0.000582,8,0.000013,0,4,4,0,4,4
27738139,,0,0.000072,8,0.000013,0,1,1,0,1,1
26502056,,0,0.000072,8,0.000013,0,1,1,0,1,1
24991985,,0,0.000307,8,0.000013,0,4,4,0,4,4
24498402,,0,0.000072,8,0.000013,0,1,1,0,1,1
24108124,,0,0.000072,8,0.000013,0,1,1,0,1,1
23075493,,0,0.000072,8,0.000013,0,1,1,0,1,1
27814612,,0,0,45,0.000013,0,1,1,0,1,1
20735386,,0,0,45,0.000024,1,0,1,1,0,1
30111589,,0,0.000108,51,0.000013,0,4,4,0,4,4
29203461,,0,0.0002,32,0.000013,0,3,3,0,3,3
27989676,,0,0.000003,32,0.000013,0,1,1,0,1,1
27702896,,0,0.000003,32,0.000013,0,1,1,0,1,1
23251390,,0,0.000003,32,0.000013,0,1,1,0,1,1
23173005,,0,0.000003,32,0.000013,0,1,1,0,1,1
21070656,,0,0.000003,32,0.000013,0,1,1,0,1,1
29970882,,0,0.000007,51,0.000013,0,1,1,0,1,1
27579296,,0,0.000007,51,0.000013,0,1,1,0,1,1
24747769,,0,0.000007,51,0.000013,0,1,1,0,1,1
23708103,,0,0.000072,51,0.000013,0,2,2,0,2,2
30003187,,0,0.000239,5,0.000013,0,4,4,0,4,4
29998077,,0,0.000197,5,0.000013,0,1,1,0,1,1
29636096,,0,0.000197,5,0.000013,0,1,1,0,1,1
29367421,,0,0.00157,5,0.000013,0,9,9,0,9,9
29266833,,0,0.000334,5,0.000013,1,4,5,1,4,5
28977823,,0,0.001385,5,0.000013,0,7,7,0,7,7
28943990,,0,0.000211,5,0.000013,0,4,4,0,4,4
28827899,,0,0.000197,5,0.000013,0,1,1,0,1,1
28815200,,0,0.000204,5,0.000013,0,2,2,0,2,2
28616458,,0,0.000522,5,0.000013,0,4,4,0,4,4
28211614,,0,0.000762,31,0.000013,0,4,4,0,4,4
28066048,,0,0.001365,51,0.000013,0,6,6,0,6,6
28004011,,0,0.000197,5,0.000013,0,1,1,0,1,1
27927793,,0,0.000197,5,0.000013,0,1,1,0,1,1
27866793,,0.000019,0.000228,2,0.000016,1,7,8,1,7,8
27776531,,0,0.000234,0,0.000013,0,3,3,0,3,3
27665587,,0,0.000197,5,0.000013,0,1,1,0,1,1
26870219,,0,0.000197,5,0.000013,0,1,1,0,1,1
26855909,,0,0.000199,5,0.000024,1,2,3,1,2,3
26759459,,0,0.000197,5,0.000013,0,1,1,0,1,1
26629528,,0.000066,0.000345,19,0.000087,11,5,16,11,5,16
26597091,,0,0.000197,5,0.000013,0,1,1,0,1,1
26478860,,0,0.000197,5,0.000013,0,1,1,0,1,1
26469044,,0,0.000226,22,0.000013,0,2,2,0,2,2
25032987,,0,0.000197,5,0.000013,0,1,1,0,1,1
24807866,,0,0.000197,5,0.000013,0,1,1,0,1,1
24790252,,0,0.000197,5,0.000013,0,1,1,0,1,1
24212828,,0,0.000197,5,0.000013,0,1,1,0,1,1
24172097,,0.002466,0.000201,5,0.000083,14,2,16,14,2,16
24152546,,0,0.000202,5,0.000013,0,2,2,0,2,2
23935382,,0,0.000209,5,0.000024,1,3,4,1,3,4
23722870,,0,0.000197,5,0.000013,0,1,1,0,1,1
23448725,,0,0.000212,5,0.000013,0,2,2,0,2,2
23415259,,0,0.000197,5,0.000013,0,1,1,0,1,1
23209467,,0,0.000207,5,0.000013,0,2,2,0,2,2
22556202,,0,0.000197,5,0.000013,0,1,1,0,1,1
22356776,,0,0.000197,5,0.000013,0,1,1,0,1,1
22252256,,0,0.000197,5,0.000013,0,1,1,0,1,1
22193641,,0,0.000197,5,0.000013,0,1,1,0,1,1
22164127,,0,0.000209,0,0.000013,0,2,2,0,2,2
21970596,,0,0.000197,5,0.000013,0,1,1,0,1,1
21795499,,0,0.000197,5,0.000013,0,1,1,0,1,1
21793850,,0,0.000197,5,0.000013,0,1,1,0,1,1
21364852,,0,0.000197,5,0.000013,0,1,1,0,1,1
21307388,,0,0.000197,5,0.000013,0,1,1,0,1,1
24654775,,0,0.000008,51,0.000013,0,1,1,0,1,1
23596126,,0,0.000008,51,0.000013,0,1,1,0,1,1
21813624,,0,0.000008,51,0.000013,0,1,1,0,1,1
21558387,,0,0.000008,51,0.000013,0,1,1,0,1,1
24784001,,0.000003,0.000012,27,0.000215,19,1,20,19,1,20
25759621,,0,0,30,0.000013,0,1,1,0,1,1
20847885,,0,0,30,0.000056,5,0,5,5,0,5
24722754,,0,0,30,0.000013,0,1,1,0,1,1
22419896,,0,0,30,0.000013,0,1,1,0,1,1
20847882,,0,0,30,0.000013,0,2,2,0,2,2
20852944,,0.000777,0,5,0.000072,15,0,15,15,0,15
27148542,,0,0.000018,5,0.000013,0,2,2,0,2,2
27103421,,0,0.000018,5,0.000013,0,2,2,0,2,2
26245632,,0.000005,0.000037,5,0.000027,3,2,5,3,2,5
24848747,,0,0.000022,5,0.000013,0,2,2,0,2,2
22632157,,0,0.000017,5,0.000013,0,1,1,0,1,1
28331669,,0,0.00029,23,0.000013,0,3,3,0,3,3
27480531,,0,0.000203,23,0.000013,0,3,3,0,3,3
27149063,,0,0.000427,0,0.000013,0,5,5,0,5,5
25099582,,0,0.000747,23,0.000013,0,5,5,0,5,5
24314328,,0,0.000265,35,0.000013,0,4,4,0,4,4
24237972,,0,0.000129,32,0.000013,0,2,2,0,2,2
30224481,,0,0.000125,8,0.000013,0,1,1,0,1,1
30137196,,0,0.000343,51,0.000013,0,2,2,0,2,2
29180466,,0,0.001332,31,0.000013,0,8,8,0,8,8
29079227,,0,0.000541,51,0.000013,0,7,7,0,7,7
29042409,,0,0.000125,8,0.000013,0,1,1,0,1,1
28825054,,0.000055,0.000766,51,0.000065,10,5,15,10,5,15
28757527,,0,0.000125,8,0.000013,0,1,1,0,1,1
27001483,,0,0.000125,8,0.000013,0,1,1,0,1,1
26510020,,0.009689,0.001186,51,0.001389,250,6,256,250,6,256
24970153,,0.00015,0.001671,8,0.000019,3,5,8,3,5,8
24773628,,0,0.000982,0,0.000013,0,4,4,0,4,4
24247247,,0,0.000125,8,0.000013,0,1,1,0,1,1
21210717,,0,0.000125,8,0.000013,0,1,1,0,1,1
27239033,,0,0.000051,8,0.000013,0,2,2,0,2,2
26817820,,0,0.000051,8,0.000013,0,1,1,0,1,1
24322296,,0,0.000051,8,0.000013,0,1,1,0,1,1
26759384,,0,0.000778,5,0.000013,0,2,2,0,2,2
20873867,,0.000066,0,5,0.000048,5,0,5,5,0,5
25999657,,0,0.000001,5,0.000013,0,1,1,0,1,1
23013733,,0,0.000001,5,0.000013,0,1,1,0,1,1
26198675,,0,0.00001,5,0.000013,0,2,2,0,2,2
24155764,,0,0.000004,5,0.000013,0,1,1,0,1,1
28655807,,0,0.000196,8,0.000013,0,7,7,0,7,7
28637796,,0,0.000007,2,0.000013,0,3,3,0,3,3
28049253,,0,0.000006,51,0.000013,0,3,3,0,3,3
26069485,,0,0.000001,2,0.000013,0,1,1,0,1,1
30038706,,0,0.00032,35,0.000013,0,7,7,0,7,7
28499452,,0,0.000032,51,0.000013,0,2,2,0,2,2
27388901,,0,0.000012,23,0.000013,0,1,1,0,1,1
26695443,,0,0.000013,32,0.000013,0,2,2,0,2,2
25476116,,0,0.000012,23,0.000013,0,1,1,0,1,1
24625025,,0,0.000012,23,0.000013,0,1,1,0,1,1
24157811,,0,0.000076,23,0.000013,0,2,2,0,2,2
23999436,,0,0.000012,23,0.000013,0,1,1,0,1,1
23637769,,0,0.000012,23,0.000013,0,1,1,0,1,1
23478236,,0,0.000012,23,0.000013,0,1,1,0,1,1
22941572,,0,0.000012,23,0.000013,0,1,1,0,1,1
22547927,,0,0.000012,23,0.000013,0,1,1,0,1,1
22305267,,0,0.000012,23,0.000013,0,1,1,0,1,1
22247967,,0,0.000012,23,0.000013,0,1,1,0,1,1
28439316,,0,0,2,0.000013,0,1,1,0,1,1
27279791,,0,0,2,0.000013,0,1,1,0,1,1
29700408,,0,0.000001,0,0.000013,0,1,1,0,1,1
29050249,,0,0.000001,0,0.000013,0,1,1,0,1,1
25849106,,0,0.000001,0,0.000013,0,1,1,0,1,1
25067988,,0,0.000001,0,0.000013,0,1,1,0,1,1
22670089,,0,0.000001,0,0.000013,0,1,1,0,1,1
20924075,,0.000176,0,51,0.000045,7,0,7,7,0,7
29483949,,0,0.000009,2,0.000013,0,1,1,0,1,1
28821270,,0,0.000252,32,0.000013,0,2,2,0,2,2
26234720,,0,0.000075,32,0.000013,0,2,2,0,2,2
25377255,,0,0.000026,32,0.000013,0,2,2,0,2,2
23818899,,0,0.000001,32,0.000013,0,1,1,0,1,1
21908578,,0,0.000001,32,0.000013,0,1,1,0,1,1
30066579,,0,0,46,0.000013,0,1,1,0,1,1
20953429,,0,0,46,0.000138,12,0,12,12,0,12
30015387,,0,0,46,0.000013,0,1,1,0,1,1
29710398,,0,0,46,0.000013,0,1,1,0,1,1
28698459,,0,0,46,0.000013,0,2,2,0,2,2
26791479,,0,0,46,0.000013,0,1,1,0,1,1
25152445,,0,0,46,0.000013,0,1,1,0,1,1
24821055,,0,0,46,0.000013,0,1,1,0,1,1
24510468,,0,0,46,0.000013,0,1,1,0,1,1
24278719,,0,0,46,0.000013,0,1,1,0,1,1
23704811,,0,0,46,0.000013,0,1,1,0,1,1
23138465,,0,0,46,0.000013,0,1,1,0,1,1
22583408,,0,0,46,0.000013,0,1,1,0,1,1
29391828,,0,0.000005,5,0.000013,0,1,1,0,1,1
23416446,,0,0.000005,5,0.000013,0,1,1,0,1,1
21933912,,0,0.000005,5,0.000013,0,1,1,0,1,1
29712537,,0,0,47,0.000013,0,1,1,0,1,1
20969754,,0,0,47,0.000024,1,0,1,1,0,1
29975683,,0,0.000014,11,0.000013,0,1,1,0,1,1
28512217,,0,0.000475,11,0.000013,0,6,6,0,6,6
26260237,,0,0.000014,11,0.000013,0,1,1,0,1,1
25798815,,0,0.000015,11,0.000013,0,2,2,0,2,2
25257909,,0,0.000014,11,0.000013,0,1,1,0,1,1
24657535,,0,0.000014,11,0.000013,0,1,1,0,1,1
24038550,,0,0.000014,11,0.000013,0,1,1,0,1,1
22792396,,0,0.000016,11,0.000013,0,2,2,0,2,2
26668627,,0,0.000004,0,0.000013,0,1,1,0,1,1
25544369,,0,0.000004,0,0.000013,0,1,1,0,1,1
25061812,,0,0.000004,0,0.000013,0,1,1,0,1,1
22558117,,0,0.000004,0,0.000013,0,1,1,0,1,1
29875617,,0,0.000002,5,0.000013,0,1,1,0,1,1
28176935,,0,0.000002,5,0.000013,0,1,1,0,1,1
27983769,,0,0.000003,5,0.000013,0,2,2,0,2,2
26401523,,0,0.000002,5,0.000013,0,1,1,0,1,1
25750812,,0,0.000002,5,0.000013,0,1,1,0,1,1
24202698,,0,0.000002,5,0.000013,0,1,1,0,1,1
22138258,,0,0.000002,5,0.000013,0,1,1,0,1,1
29490071,,0,0.00017,5,0.000013,0,9,9,0,9,9
28726810,,0,0.000054,5,0.000013,0,4,4,0,4,4
25898928,,0,0.000001,5,0.000013,0,1,1,0,1,1
25523111,,0,0.000001,5,0.000013,0,1,1,0,1,1
25232856,,0.000052,0.00005,5,0.000034,10,4,14,10,4,14
24091800,,0,0.000016,5,0.000013,0,2,2,0,2,2
26380267,,0,0,0,0.000013,0,1,1,0,1,1
24236125,,0,0,0,0.000013,0,1,1,0,1,1
22623973,,0,0,0,0.000013,0,1,1,0,1,1
30122786,,0,0.000012,0,0.000013,0,1,1,0,1,1
29423075,,0,0.000024,0,0.000013,0,2,2,0,2,2
27814745,,0,0.000012,0,0.000013,0,1,1,0,1,1
26157456,,0,0.000012,0,0.000013,0,1,1,0,1,1
25619839,,0,0.000025,29,0.000013,0,2,2,0,2,2
25531440,,0,0.000024,0,0.000013,0,2,2,0,2,2
25177261,,0,0.000336,0,0.000013,0,5,5,0,5,5
23966166,,0.000008,0.000278,0,0.000063,6,3,9,6,3,9
23776040,,0,0.000019,0,0.000013,0,2,2,0,2,2
22942125,,0,0.000012,0,0.000013,0,1,1,0,1,1
22480918,,0,0.000012,0,0.000013,0,1,1,0,1,1
22135357,,0,0.000012,0,0.000013,0,1,1,0,1,1
30280102,,0,0.000011,29,0.000013,0,1,1,0,1,1
29782524,,0,0.000013,29,0.000013,0,4,4,0,4,4
29734785,,0,0.000012,11,0.000013,0,3,3,0,3,3
29727616,,0,0.000011,29,0.000013,0,1,1,0,1,1
29346668,,0,0.000011,29,0.000013,0,1,1,0,1,1
29161447,,0,0.000011,29,0.000013,0,1,1,0,1,1
28760773,,0,0.00027,29,0.000013,0,2,2,0,2,2
28588610,,0,0.000011,29,0.000013,0,1,1,0,1,1
28357308,,0,0.000011,29,0.000013,0,1,1,0,1,1
28350373,,0,0.000025,29,0.000013,0,2,2,0,2,2
28098815,,0,0.000517,8,0.000013,0,5,5,0,5,5
27761361,,0,0.000011,29,0.000013,0,2,2,0,2,2
27487043,,0,0.000174,29,0.000013,0,2,2,0,2,2
27428329,,0,0.000011,29,0.000013,0,1,1,0,1,1
27228173,,0,0.000011,29,0.000013,0,1,1,0,1,1
27116558,,0,0.000011,29,0.000013,0,1,1,0,1,1
26581520,,0,0.000025,29,0.000013,0,2,2,0,2,2
26572248,,0,0.000011,29,0.000013,0,1,1,0,1,1
26492073,,0,0.00011,29,0.000013,0,2,2,0,2,2
26396917,,0,0.000011,29,0.000013,0,1,1,0,1,1
25922071,,0,0.000011,29,0.000013,0,1,1,0,1,1
25653166,,0,0.000011,29,0.000013,0,1,1,0,1,1
25572391,,0,0.000025,29,0.000013,0,2,2,0,2,2
25115914,,0,0.000011,29,0.000013,0,1,1,0,1,1
25040628,,0,0.000011,29,0.000013,0,1,1,0,1,1
24686846,,0,0.000025,29,0.000013,0,2,2,0,2,2
24642354,,0.000034,0.000013,29,0.00006,7,3,10,7,3,10
24489760,,0.000034,0.000013,29,0.000038,5,3,8,5,3,8
23874233,,0,0.000011,29,0.000013,0,1,1,0,1,1
23732473,,0,0.000011,29,0.000013,0,1,1,0,1,1
23726221,,0,0.00011,29,0.000013,0,2,2,0,2,2
23677619,,0,0.000011,29,0.000013,0,1,1,0,1,1
23638436,,0,0.000011,29,0.000013,0,1,1,0,1,1
23604115,,0,0.000011,29,0.000013,0,1,1,0,1,1
23604072,,0,0.000011,29,0.000013,0,1,1,0,1,1
23571757,,0,0.000011,29,0.000013,0,1,1,0,1,1
23363843,,0,0.000011,29,0.000013,0,1,1,0,1,1
22964711,,0,0.000017,29,0.000013,0,2,2,0,2,2
22863775,,0,0.000011,29,0.000013,0,1,1,0,1,1
22705496,,0,0.000011,29,0.000013,0,1,1,0,1,1
22531781,,0,0.000011,29,0.000013,0,1,1,0,1,1
22415365,,0,0.000011,29,0.000013,0,1,1,0,1,1
28778925,,0,0,1,0.000013,0,1,1,0,1,1
25300428,,0,0,1,0.000013,0,1,1,0,1,1
24709797,,0,0,1,0.000013,0,1,1,0,1,1
29939287,,0,0.000006,8,0.000013,0,1,1,0,1,1
24988341,,0,0.000006,8,0.000013,0,1,1,0,1,1
24629485,,0,0.000006,8,0.000013,0,1,1,0,1,1
23292635,,0,0.000006,8,0.000013,0,1,1,0,1,1
21576470,,0,0.000006,8,0.000013,0,1,1,0,1,1
30105268,,0,0,23,0.000013,0,1,1,0,1,1
21113302,,0,0,23,0.000244,15,0,15,15,0,15
29285261,,0,0,23,0.000013,0,1,1,0,1,1
28191285,,0,0,23,0.000013,0,2,2,0,2,2
27197066,,0,0,23,0.000013,0,1,1,0,1,1
26862520,,0,0,23,0.000013,0,1,1,0,1,1
26693201,,0,0,23,0.000013,0,1,1,0,1,1
26039628,,0,0,23,0.000013,0,1,1,0,1,1
25885889,,0,0,23,0.000013,0,1,1,0,1,1
25484038,,0,0,23,0.000013,0,1,1,0,1,1
25143958,,0,0,23,0.000013,0,1,1,0,1,1
24879526,,0,0,23,0.000013,0,1,1,0,1,1
24641868,,0,0,23,0.000013,0,2,2,0,2,2
24324350,,0,0,23,0.000013,0,2,2,0,2,2
23128437,,0,0,23,0.000013,0,1,1,0,1,1
21423545,,0,0,23,0.000111,10,1,11,10,1,11
28639733,,0,0.000002,0,0.000013,0,1,1,0,1,1
26627005,,0,0.000002,0,0.000013,0,1,1,0,1,1
24852296,,0,0.000002,0,0.000013,0,1,1,0,1,1
23591873,,0,0.000002,0,0.000013,0,1,1,0,1,1
29730597,,0,0.000039,0,0.000013,0,2,2,0,2,2
29384695,,0,0.000044,0,0.000013,0,2,2,0,2,2
28087757,,0,0.000027,0,0.000013,0,1,1,0,1,1
26648873,,0,0.000044,0,0.000013,0,2,2,0,2,2
26379965,,0,0.000027,10,0.000013,0,2,2,0,2,2
25837820,,0,0.000027,0,0.000013,0,1,1,0,1,1
25632947,,0,0.000044,0,0.000013,0,2,2,0,2,2
25428855,,0,0.000044,0,0.000013,0,2,2,0,2,2
25159867,,0,0.000027,0,0.000013,0,1,1,0,1,1
24921005,,0,0.000044,0,0.000013,0,2,2,0,2,2
24344830,,0,0.000027,0,0.000013,0,1,1,0,1,1
23959679,,0,0.000027,0,0.000013,0,1,1,0,1,1
23589833,,0,0.000044,0,0.000013,0,2,2,0,2,2
23506864,,0,0.000044,0,0.000013,0,2,2,0,2,2
23071574,,0,0.000027,0,0.000013,0,1,1,0,1,1
22383045,,0,0.000027,0,0.000013,0,1,1,0,1,1
22040655,,0,0.000027,0,0.000013,0,1,1,0,1,1
30226534,,0,0.000062,0,0.000013,0,2,2,0,2,2
28811702,,0,0.000031,5,0.000013,0,1,1,0,1,1
28199202,,0,0.000031,5,0.000013,0,1,1,0,1,1
27186285,,0,0.000189,32,0.000013,0,3,3,0,3,3
26571215,,0,0.000167,2,0.000013,0,4,4,0,4,4
26045998,,0,0.000032,32,0.000013,0,2,2,0,2,2
25486197,,0,0.000044,32,0.000013,0,3,3,0,3,3
24765210,,0,0.000031,5,0.000013,0,1,1,0,1,1
24629067,,0.000002,0.000044,32,0.000018,2,3,5,2,3,5
24502362,,0,0.000031,5,0.000013,0,1,1,0,1,1
24448423,,0,0.000031,5,0.000013,0,1,1,0,1,1
24321324,,0,0.000043,32,0.000013,0,2,2,0,2,2
23641362,,0,0.000031,5,0.000013,0,1,1,0,1,1
22980163,,0,0.000031,5,0.000013,0,1,1,0,1,1
22047175,,0,0.000031,5,0.000013,0,1,1,0,1,1
21959381,,0,0.000043,5,0.000013,0,2,2,0,2,2
30127946,,0,0.000063,23,0.000013,0,1,1,0,1,1
29733395,,0,0.000063,23,0.000013,0,1,1,0,1,1
29556579,,0,0.000063,23,0.000013,0,1,1,0,1,1
29382047,,0,0.00021,23,0.000013,0,2,2,0,2,2
29156578,,0,0.000294,23,0.000013,0,12,12,0,12,12
29137355,,0,0.000428,23,0.000013,0,3,3,0,3,3
28945830,,0,0.000063,23,0.000013,0,1,1,0,1,1
28903344,,0,0.000063,23,0.000013,0,1,1,0,1,1
28642461,,0,0.000253,51,0.000013,0,3,3,0,3,3
28118322,,0,0.000063,23,0.000013,0,1,1,0,1,1
27441498,,0,0.000063,23,0.000013,0,1,1,0,1,1
27359113,,0,0.000063,23,0.000013,0,1,1,0,1,1
27259561,,0,0.000063,23,0.000013,0,1,1,0,1,1
26806338,,0,0.000545,23,0.000013,0,2,2,0,2,2
26416517,,0,0.000063,23,0.000013,0,1,1,0,1,1
26334103,,0,0.023431,31,0.000013,0,5,5,0,5,5
26154128,,0,0.000063,23,0.000013,0,1,1,0,1,1
26114093,,0,0.023428,5,0.000013,0,5,5,0,5,5
26088171,,0,0.000063,23,0.000013,0,1,1,0,1,1
25726050,,0,0.000165,32,0.000013,0,3,3,0,3,3
25557080,,0,0.000063,23,0.000013,0,1,1,0,1,1
25505613,,0,0.000063,23,0.000013,0,1,1,0,1,1
25436122,,0,0.000108,51,0.000013,0,2,2,0,2,2
25233892,,0,0.023043,32,0.000013,0,4,4,0,4,4
25170201,,0,0.000063,23,0.000013,0,1,1,0,1,1
24976722,,0,0.000905,23,0.000013,0,2,2,0,2,2
24976720,,0,0.000063,23,0.000013,0,1,1,0,1,1
24811890,,0.001019,0.000063,31,0.000301,28,1,29,28,1,29
24634382,,0,0.000063,23,0.000013,0,1,1,0,1,1
24293293,,0.000583,0.000152,23,0.000287,35,2,37,35,2,37
24194913,,0,0.000063,23,0.000013,0,1,1,0,1,1
24172537,,0,0.000063,23,0.000013,0,1,1,0,1,1
23517622,,0,0.000063,23,0.000013,0,1,1,0,1,1
23300415,,0,0.000063,23,0.000013,0,1,1,0,1,1
22991414,,0,0.000063,23,0.000013,0,1,1,0,1,1
22573550,,0,0.000063,23,0.000013,0,1,1,0,1,1
22184402,,0,0.000063,23,0.000013,0,1,1,0,1,1
21820372,,0,0.000063,23,0.000013,0,1,1,0,1,1
21777178,,0,0.000063,23,0.000013,0,1,1,0,1,1
21147910,,0.002138,0,51,0.000609,67,0,67,67,0,67
29254159,,0,0.000048,51,0.000013,0,1,1,0,1,1
29072684,,0,0.000048,51,0.000013,0,1,1,0,1,1
28945760,,0,0.000061,29,0.000013,0,2,2,0,2,2
28928368,,0,0.000132,51,0.000013,0,2,2,0,2,2
28784114,,0,0.000048,51,0.000013,0,1,1,0,1,1
28698647,,0,0.000048,51,0.000013,0,1,1,0,1,1
28096241,,0,0.00011,51,0.000013,0,3,3,0,3,3
27468690,,0,0.000048,51,0.000013,0,1,1,0,1,1
27328849,,0,0.000048,51,0.000013,0,1,1,0,1,1
27000662,,0,0.000048,51,0.000013,0,1,1,0,1,1
26928463,,0,0.001367,51,0.000013,0,3,3,0,3,3
26497688,,0,0.000048,51,0.000013,0,1,1,0,1,1
26245651,,0,0.000048,51,0.000013,0,1,1,0,1,1
26114156,,0,0.000048,51,0.000013,0,1,1,0,1,1
25826086,,0,0.000048,51,0.000013,0,1,1,0,1,1
25825869,,0,0.000048,51,0.000013,0,1,1,0,1,1
25808853,,0,0.000048,51,0.000013,0,1,1,0,1,1
25755696,,0,0.000048,51,0.000013,0,1,1,0,1,1
25701811,,0,0.000048,51,0.000013,0,1,1,0,1,1
25499215,,0,0.000048,51,0.000013,0,1,1,0,1,1
25332847,,0,0.000048,51,0.000013,0,1,1,0,1,1
25115390,,0,0.000048,51,0.000013,0,2,2,0,2,2
24890684,,0,0.000048,51,0.000013,0,1,1,0,1,1
24837363,,0,0.000135,51,0.000013,0,2,2,0,2,2
24752078,,0,0.000048,51,0.000013,0,1,1,0,1,1
24739392,,0,0.000048,51,0.000013,0,1,1,0,1,1
24454811,,0,0.000048,51,0.000013,0,1,1,0,1,1
24419087,,0,0.000048,51,0.000013,0,1,1,0,1,1
24393708,,0,0.000048,51,0.000013,0,1,1,0,1,1
24213111,,0,0.000135,51,0.000013,0,2,2,0,2,2
24120991,,0,0.022172,51,0.000013,0,2,2,0,2,2
24062990,,0,0.000132,51,0.000013,0,2,2,0,2,2
23957008,,0,0.000132,51,0.000013,0,2,2,0,2,2
23896594,,0,0.000132,51,0.000013,0,2,2,0,2,2
23736690,,0,0.000048,51,0.000013,0,1,1,0,1,1
23708091,,0,0.000132,51,0.000013,0,2,2,0,2,2
23704282,,0,0.000132,51,0.000013,0,2,2,0,2,2
23561577,,0,0.000048,51,0.000013,0,1,1,0,1,1
23503423,,0,0.000231,51,0.000013,0,4,4,0,4,4
23420418,,0,0.000048,51,0.000013,0,1,1,0,1,1
23401739,,0,0.000048,51,0.000013,0,1,1,0,1,1
23322780,,0,0.000048,51,0.000013,0,1,1,0,1,1
23318260,,0,0.022172,51,0.000013,0,2,2,0,2,2
23284693,,0,0.022256,51,0.000013,0,3,3,0,3,3
23248095,,0,0.000219,51,0.000013,0,3,3,0,3,3
23204233,,0,0.000048,51,0.000013,0,1,1,0,1,1
22956952,,0,0.000048,51,0.000013,0,1,1,0,1,1
22956944,,0,0.000048,51,0.000013,0,1,1,0,1,1
22867098,,0,0.000048,51,0.000013,0,1,1,0,1,1
22834704,,0,0.000048,51,0.000013,0,1,1,0,1,1
22762308,,0,0.000048,51,0.000013,0,1,1,0,1,1
22722839,,0,0.022172,51,0.000013,0,2,2,0,2,2
22684367,,0,0.000048,51,0.000013,0,1,1,0,1,1
22649426,,0,0.000135,51,0.000013,0,2,2,0,2,2
22294438,,0,0.000132,23,0.000013,0,2,2,0,2,2
22266865,,0,0.000048,51,0.000013,0,1,1,0,1,1
22245832,,0,0.000048,51,0.000013,0,1,1,0,1,1
22179824,,0,0.000048,51,0.000013,0,1,1,0,1,1
22139082,,0,0.000048,51,0.000013,0,1,1,0,1,1
21965145,,0,0.000048,51,0.000013,0,1,1,0,1,1
21949389,,0,0.000048,51,0.000013,0,1,1,0,1,1
21934649,,0,0.000048,51,0.000013,0,1,1,0,1,1
21931736,,0,0.000048,51,0.000013,0,1,1,0,1,1
21689727,,0,0.000048,51,0.000013,0,1,1,0,1,1
21521786,,0,0.000048,51,0.000013,0,1,1,0,1,1
30297739,,0,0.000763,8,0.000013,0,3,3,0,3,3
30250272,,0,0.001038,8,0.000013,0,10,10,0,10,10
30120226,,0,0.002225,31,0.000013,0,12,12,0,12,12
30018062,,0,0.000063,8,0.000013,0,2,2,0,2,2
29784639,,0,0.00006,8,0.000013,0,2,2,0,2,2
29045827,,0,0.000053,8,0.000013,0,1,1,0,1,1
29042365,,0,0.00006,8,0.000013,0,2,2,0,2,2
28551686,,0,0.000212,8,0.000013,0,6,6,0,6,6
28489060,,0,0.000054,29,0.000013,0,2,2,0,2,2
27979922,,0,0.000064,8,0.000013,0,2,2,0,2,2
27705909,,0,0.000352,8,0.000013,0,3,3,0,3,3
27666406,,0,0.000152,8,0.000013,0,2,2,0,2,2
26393661,,0,0.000077,41,0.000013,0,2,2,0,2,2
26218133,,0,0.00007,8,0.000013,0,3,3,0,3,3
26162908,,0,0.000053,8,0.000013,0,1,1,0,1,1
26125600,,0,0.000053,8,0.000013,0,1,1,0,1,1
26100862,,0,0.000053,8,0.000013,0,1,1,0,1,1
26013599,,0,0.000069,8,0.000013,0,3,3,0,3,3
25809609,,0,0.000053,8,0.000013,0,1,1,0,1,1
25793373,,0,0.000078,8,0.000013,0,5,5,0,5,5
24152759,,0,0.000053,8,0.000013,0,1,1,0,1,1
24130504,,0,0.000053,8,0.000013,0,1,1,0,1,1
24043463,,0,0.000053,8,0.000013,0,1,1,0,1,1
22860035,,0,0.000053,8,0.000013,0,1,1,0,1,1
22585858,,0,0.00006,8,0.000013,0,2,2,0,2,2
21893595,,0,0.000053,8,0.000013,0,1,1,0,1,1
29610335,,0,0.000001,8,0.000013,0,1,1,0,1,1
29462140,,0,0.000001,8,0.000013,0,1,1,0,1,1
29329249,,0,0.000001,8,0.000013,0,1,1,0,1,1
26868598,,0,0.000001,8,0.000013,0,1,1,0,1,1
25538725,,0,0.000001,8,0.000013,0,1,1,0,1,1
25484886,,0,0.000001,8,0.000013,0,1,1,0,1,1
25455564,,0,0.000001,8,0.000013,0,1,1,0,1,1
24699527,,0,0.000001,8,0.000013,0,1,1,0,1,1
24207055,,0,0.000001,8,0.000013,0,1,1,0,1,1
23519399,,0,0.000001,8,0.000013,0,1,1,0,1,1
23144181,,0,0.000001,8,0.000013,0,1,1,0,1,1
23064321,,0,0.000001,8,0.000013,0,1,1,0,1,1
22751319,,0,0.000001,8,0.000013,0,1,1,0,1,1
22028460,,0,0.000001,8,0.000013,0,1,1,0,1,1
21841124,,0,0.000001,8,0.000013,0,1,1,0,1,1
29416614,,0,0,8,0.000013,0,1,1,0,1,1
21159167,,0,0,8,0.000258,23,0,23,23,0,23
26690737,,0,0,8,0.000013,0,1,1,0,1,1
26689911,,0,0,8,0.000013,0,1,1,0,1,1
25544757,,0,0.000013,8,0.000013,0,2,2,0,2,2
25254091,,0,0,8,0.000013,0,1,1,0,1,1
25141917,,0,0,8,0.000013,0,1,1,0,1,1
25122124,,0,0,8,0.000013,0,1,1,0,1,1
25111229,,0,0,8,0.000013,0,1,1,0,1,1
24940987,,0,0,8,0.000013,0,1,1,0,1,1
24722292,,0,0,8,0.000013,0,1,1,0,1,1
24431405,,0,0,8,0.000013,0,1,1,0,1,1
24345874,,0,0,8,0.000013,0,1,1,0,1,1
24087929,,0,0,8,0.000013,0,1,1,0,1,1
23959774,,0,0,8,0.000013,0,1,1,0,1,1
23593363,,0,0,8,0.000013,0,1,1,0,1,1
23446998,,0,0,8,0.000013,0,1,1,0,1,1
23395095,,0,0,8,0.000013,0,1,1,0,1,1
22967941,,0,0,8,0.000013,0,1,1,0,1,1
22871739,,0,0,8,0.000013,0,1,1,0,1,1
22403555,,0,0,8,0.000013,0,1,1,0,1,1
22235915,,0,0,8,0.000013,0,1,1,0,1,1
21540473,,0,0,8,0.000013,0,1,1,0,1,1
21454801,,0,0,8,0.000013,0,1,1,0,1,1
27899818,,0,0.000075,0,0.000013,0,2,2,0,2,2
25173882,,0,0.000036,0,0.000013,0,1,1,0,1,1
22669131,,0,0.000036,0,0.000013,0,1,1,0,1,1
22306562,,0,0.000036,0,0.000013,0,1,1,0,1,1
21169538,,0,0.000036,0,0.000013,0,1,1,0,1,1
26702771,,0,0.000014,44,0.000013,0,1,1,0,1,1
27991926,,0,0.00003,23,0.000013,0,2,2,0,2,2
26916719,,0,0.000167,23,0.000013,0,4,4,0,4,4
26438692,,0,0.000017,23,0.000013,0,1,1,0,1,1
23506980,,0,0.000017,23,0.000013,0,1,1,0,1,1
23187836,,0,0.000017,23,0.000013,0,1,1,0,1,1
23114842,,0,0.000017,23,0.000013,0,1,1,0,1,1
22493542,,0,0.000061,51,0.000013,0,2,2,0,2,2
22052106,,0,0.000017,23,0.000013,0,1,1,0,1,1
21441955,,0,0.000017,23,0.000013,0,1,1,0,1,1
29566065,,0,0.000135,32,0.000013,0,1,1,0,1,1
28148541,,0,0.000179,32,0.000013,0,2,2,0,2,2
28078645,,0.000742,0.025178,51,0.00003,5,13,18,5,13,18
27220670,,0,0.00098,32,0.000013,0,3,3,0,3,3
26029013,,0,0.00037,32,0.000013,0,3,3,0,3,3
25909287,,0,0.000162,32,0.000067,5,2,7,5,2,7
25635866,,0,0.000135,32,0.000013,0,1,1,0,1,1
25594068,,0,0.000135,32,0.000013,0,1,1,0,1,1
25523272,,0,0.022259,32,0.000013,0,2,2,0,2,2
24799665,,0,0.000178,32,0.000013,0,2,2,0,2,2
24265793,,0.005666,0.02551,31,0.000236,33,6,39,33,6,39
23255103,,0,0.000135,32,0.000013,0,1,1,0,1,1
22084573,,0,0.000135,32,0.000013,0,1,1,0,1,1
22006825,,0,0.000135,32,0.000013,0,1,1,0,1,1
30210925,,0,0.000133,35,0.000013,0,1,1,0,1,1
30183706,,0,0.000138,35,0.000013,0,2,2,0,2,2
30175120,,0,0.000133,35,0.000013,0,1,1,0,1,1
30150877,,0,0.000176,35,0.000013,0,2,2,0,2,2
30035249,,0,0.000133,35,0.000013,0,1,1,0,1,1
29911111,,0,0.000133,35,0.000013,0,1,1,0,1,1
29910657,,0,0.000133,35,0.000013,0,1,1,0,1,1
29752326,,0,0.000288,35,0.000013,0,8,8,0,8,8
29721485,,0,0.000257,35,0.000013,0,3,3,0,3,3
29622581,,0,0.000133,35,0.000013,0,2,2,0,2,2
29514593,,0.000029,0.000318,35,0.000014,1,7,8,1,7,8
29313063,,0,0.000267,31,0.000013,0,2,2,0,2,2
29298879,,0,0.000427,35,0.000013,0,4,4,0,4,4
29154989,,0,0.000133,35,0.000013,0,1,1,0,1,1
28912973,,0,0.000204,35,0.000035,2,5,7,2,5,7
28721372,,0,0.000302,35,0.000013,0,2,2,0,2,2
28611536,,0,0.001244,35,0.000013,0,9,9,0,9,9
28382189,,0,0.001014,31,0.000013,0,4,4,0,4,4
28333150,,0,0.000133,35,0.000013,0,1,1,0,1,1
28240519,,0,0.000262,35,0.000013,0,2,2,0,2,2
27994514,,0,0.000133,35,0.000013,0,1,1,0,1,1
27980912,,0,0.000145,35,0.000013,0,2,2,0,2,2
27861384,,0,0.000135,0,0.000013,0,2,2,0,2,2
27843605,,0,0.000897,51,0.000013,0,2,2,0,2,2
27401886,,0,0.001865,31,0.000013,0,10,10,0,10,10
27301700,,0,0.000407,35,0.000013,0,7,7,0,7,7
27284266,,0,0.001193,31,0.000013,0,5,5,0,5,5
26801247,,0,0.000812,51,0.000013,0,5,5,0,5,5
26787237,,0,0.000246,35,0.000013,0,2,2,0,2,2
26713603,,0,0.000133,35,0.000013,0,1,1,0,1,1
26676166,,0,0.000133,27,0.000013,0,2,2,0,2,2
26512619,,0,0.000176,35,0.000013,0,2,2,0,2,2
26447756,,0,0.000133,35,0.000013,0,1,1,0,1,1
26399274,,0,0.002511,51,0.000013,0,6,6,0,6,6
26253813,,0,0.001101,51,0.000013,0,4,4,0,4,4
25881743,,0,0.000552,32,0.000013,0,3,3,0,3,3
25825688,,0,0.000146,35,0.000024,1,3,4,1,3,4
25824335,,0,0.000133,35,0.000013,0,1,1,0,1,1
25605252,,0,0.000261,22,0.000013,0,3,3,0,3,3
25347122,,0,0.000133,35,0.000013,0,1,1,0,1,1
25285241,,0,0.000133,35,0.000013,0,1,1,0,1,1
25048467,,0,0.022704,35,0.000013,0,8,8,0,8,8
24790649,,0,0.000754,35,0.000013,0,3,3,0,3,3
24216290,,0,0.000145,35,0.000013,0,2,2,0,2,2
24114677,,0,0.000891,31,0.000013,0,3,3,0,3,3
23915742,,0,0.000133,35,0.000013,0,1,1,0,1,1
23686101,,0,0.000153,35,0.000013,0,2,2,0,2,2
23392193,,0,0.000133,35,0.000013,0,1,1,0,1,1
23039971,,0,0.000133,35,0.000013,0,1,1,0,1,1
23019151,,0,0.000145,0,0.000013,0,2,2,0,2,2
22825326,,0,0.000133,35,0.000013,0,1,1,0,1,1
22347416,,0,0.000133,35,0.000013,0,1,1,0,1,1
22295242,,0,0.000133,35,0.000013,0,1,1,0,1,1
22088140,,0,0.000133,35,0.000013,0,1,1,0,1,1
22082486,,0,0.000133,35,0.000013,0,1,1,0,1,1
21947595,,0,0.000133,35,0.000013,0,1,1,0,1,1
21909479,,0,0.00023,35,0.000013,0,2,2,0,2,2
21457488,,0,0.000133,35,0.000013,0,1,1,0,1,1
28508593,,0,0.000025,22,0.000013,0,2,2,0,2,2
28102005,,0,0.000025,22,0.000013,0,2,2,0,2,2
26506619,,0,0.000019,0,0.000013,0,2,2,0,2,2
26424751,,0,0.023085,0,0.000013,0,4,4,0,4,4
24470074,,0.000035,0.000019,0,0.000071,8,2,10,8,2,10
24362839,,0,0.000018,0,0.000013,0,1,1,0,1,1
21283087,,0,0.000018,0,0.000013,0,1,1,0,1,1
29159708,,0,0.000022,5,0.000013,0,3,3,0,3,3
24569858,,0,0,5,0.000013,0,1,1,0,1,1
27822407,,0,0.000006,35,0.000013,0,2,2,0,2,2
24959302,,0,0.000005,35,0.000013,0,1,1,0,1,1
23662165,,0,0.000005,35,0.000013,0,1,1,0,1,1
26205609,,0,0.000004,5,0.000013,0,3,3,0,3,3
24889689,,0,0.000002,5,0.000013,0,2,2,0,2,2
23457331,,0,0.000002,5,0.000013,0,2,2,0,2,2
26866629,,0,0.000094,0,0.000013,0,2,2,0,2,2
26807161,,0,0.00113,41,0.000013,0,3,3,0,3,3
25038052,,0,0.023613,41,0.000013,0,6,6,0,6,6
30166697,,0,0.022179,5,0.000013,0,3,3,0,3,3
28342087,,0,0.000028,5,0.000013,0,1,1,0,1,1
27539290,,0,0.000028,5,0.000013,0,1,1,0,1,1
26079312,,0,0.022929,41,0.000013,0,3,3,0,3,3
25217774,,0,0.000839,5,0.000013,0,3,3,0,3,3
29489434,,0,0.000007,8,0.000013,0,1,1,0,1,1
29209046,,0,0.000007,8,0.000013,0,1,1,0,1,1
28915668,,0,0.000007,8,0.000013,0,1,1,0,1,1
28066052,,0,0.000416,51,0.000013,0,3,3,0,3,3
27999209,,0,0.000007,8,0.000013,0,1,1,0,1,1
27666928,,0,0.000017,8,0.000013,0,2,2,0,2,2
27630194,,0,0.000019,8,0.000013,0,2,2,0,2,2
27548226,,0,0.001448,8,0.000013,0,6,6,0,6,6
27425845,,0,0.000049,8,0.000013,0,2,2,0,2,2
27017623,,0,0.000007,8,0.000013,0,1,1,0,1,1
26966913,,0,0.000007,8,0.000013,0,1,1,0,1,1
26844887,,0,0.000007,8,0.000013,0,1,1,0,1,1
26765334,,0,0.000007,8,0.000013,0,1,1,0,1,1
26697402,,0,0.000007,8,0.000013,0,1,1,0,1,1
26415217,,0,0.000007,8,0.000013,0,1,1,0,1,1
25965521,,0,0.000007,8,0.000013,0,1,1,0,1,1
25963833,,0,0.000007,8,0.000013,0,1,1,0,1,1
25544751,,0,0.000007,8,0.000013,0,1,1,0,1,1
25184562,,0,0.000007,8,0.000013,0,1,1,0,1,1
25171654,,0,0.000007,8,0.000013,0,1,1,0,1,1
24901438,,0,0.000457,8,0.000013,0,2,2,0,2,2
24819595,,0,0.000007,8,0.000013,0,1,1,0,1,1
24197132,,0,0.000266,8,0.000013,0,2,2,0,2,2
23897887,,0,0.000007,8,0.000013,0,1,1,0,1,1
23851291,,0,0.000007,8,0.000013,0,1,1,0,1,1
23690820,,0,0.000007,8,0.000013,0,1,1,0,1,1
23586618,,0,0.000007,8,0.000013,0,1,1,0,1,1
23563309,,0,0.000007,8,0.000013,0,1,1,0,1,1
23133403,,0,0.000007,8,0.000013,0,1,1,0,1,1
23072995,,0,0.000007,8,0.000013,0,1,1,0,1,1
22977173,,0,0.000007,8,0.000013,0,1,1,0,1,1
22885006,,0,0.000007,8,0.000013,0,1,1,0,1,1
22802932,,0,0.000007,8,0.000013,0,1,1,0,1,1
22706734,,0,0.000007,8,0.000013,0,1,1,0,1,1
22368688,,0,0.000007,8,0.000013,0,1,1,0,1,1
22262948,,0,0.000007,8,0.000013,0,1,1,0,1,1
22261337,,0,0.000007,8,0.000013,0,1,1,0,1,1
21912657,,0,0.000007,8,0.000013,0,1,1,0,1,1
21905210,,0,0.000007,8,0.000013,0,1,1,0,1,1
27547810,,0,0.001719,5,0.000013,0,6,6,0,6,6
21289082,,0.00066,0,32,0.000079,11,0,11,11,0,11
29386125,,0,0.000145,8,0.000029,2,3,5,2,3,5
27621574,,0,0.001414,32,0.000013,0,8,8,0,8,8
24913641,,0,0.000015,32,0.000013,0,1,1,0,1,1
23135916,,0,0.000015,32,0.000013,0,1,1,0,1,1
28980880,,0,0,48,0.000013,0,1,1,0,1,1
21319262,,0,0,48,0.000078,6,0,6,6,0,6
26819409,,0,0,48,0.000013,0,1,1,0,1,1
26246470,,0,0,48,0.000013,0,1,1,0,1,1
25153720,,0,0,48,0.000013,0,1,1,0,1,1
24947164,,0,0,48,0.000013,0,1,1,0,1,1
21672191,,0,0,48,0.000013,0,1,1,0,1,1
24702702,,0,0.000001,8,0.000013,0,1,1,0,1,1
29070975,,0,0.00002,0,0.000013,0,1,1,0,1,1
28163741,,0,0.000047,0,0.000013,0,5,5,0,5,5
27818992,,0,0.00002,0,0.000013,0,1,1,0,1,1
27688708,,0,0.000026,0,0.000013,0,2,2,0,2,2
27034161,,0,0.000025,2,0.000013,0,2,2,0,2,2
25146725,,0,0.00002,0,0.000013,0,1,1,0,1,1
23993780,,0,0.00002,0,0.000013,0,1,1,0,1,1
23717195,,0,0.022995,0,0.000013,0,3,3,0,3,3
23420759,,0,0.00002,0,0.000013,0,1,1,0,1,1
25834501,,0,0,49,0.000013,0,1,1,0,1,1
21340004,,0,0,49,0.000035,2,0,2,2,0,2
23816286,,0,0,49,0.000013,0,1,1,0,1,1
29237686,,0,0.000015,2,0.000013,0,2,2,0,2,2
28971986,,0,0.000036,5,0.000013,0,4,4,0,4,4
28755064,,0,0.000026,5,0.000013,0,3,3,0,3,3
28374161,,0,0.000015,2,0.000013,0,2,2,0,2,2
28289853,,0,0.000024,5,0.000013,0,5,5,0,5,5
28188191,,0,0.000063,5,0.000013,0,3,3,0,3,3
28095174,,0,0.000014,5,0.000013,0,1,1,0,1,1
27788513,,0,0.000028,2,0.000013,0,3,3,0,3,3
26232339,,0,0.000014,5,0.000013,0,1,1,0,1,1
24706196,,0,0.000014,5,0.000013,0,1,1,0,1,1
24554793,,0,0.000014,5,0.000013,0,1,1,0,1,1
24293399,,0,0.000014,5,0.000013,0,1,1,0,1,1
23348082,,0,0.000098,5,0.000013,0,2,2,0,2,2
23293248,,0,0.000014,5,0.000013,0,1,1,0,1,1
23180995,,0,0.000014,5,0.000013,0,1,1,0,1,1
23151590,,0,0.000014,5,0.000013,0,1,1,0,1,1
22773826,,0,0.000014,5,0.000013,0,1,1,0,1,1
29215763,,0,0.000067,0,0.000013,0,3,3,0,3,3
30352587,,0,0,17,0.000013,0,1,1,0,1,1
29905022,,0,0,17,0.000013,0,1,1,0,1,1
29179456,,0,0,17,0.000013,0,1,1,0,1,1
27334422,,0,0.000044,17,0.000013,0,2,2,0,2,2
27308066,,0,0,17,0.000013,0,1,1,0,1,1
27159678,,0,0,17,0.000013,0,1,1,0,1,1
26893866,,0,0,17,0.000013,0,1,1,0,1,1
25778469,,0,0,17,0.000013,0,1,1,0,1,1
25367335,,0,0,17,0.000013,0,1,1,0,1,1
23326239,,0,0,17,0.000013,0,1,1,0,1,1
22300735,,0,0,17,0.000013,0,1,1,0,1,1
22139925,,0,0,17,0.000013,0,1,1,0,1,1
28950679,,0,0,33,0.000013,0,1,1,0,1,1
28918548,,0,0,33,0.000013,0,1,1,0,1,1
28693231,,0,0,33,0.000013,0,1,1,0,1,1
27308263,,0,0,33,0.000013,0,1,1,0,1,1
24090193,,0,0,33,0.000013,0,1,1,0,1,1
23826974,,0,0,33,0.000013,0,1,1,0,1,1
23239149,,0,0,33,0.000013,0,1,1,0,1,1
22986510,,0,0,33,0.000013,0,1,1,0,1,1
21837480,,0,0,33,0.000013,0,1,1,0,1,1
30250597,,0,0.000048,32,0.000013,0,1,1,0,1,1
28376831,,0,0.000159,32,0.000013,0,3,3,0,3,3
25755792,,0,0.000048,32,0.000013,0,1,1,0,1,1
24919117,,0,0.000048,32,0.000013,0,1,1,0,1,1
24525731,,0,0.000048,32,0.000013,0,1,1,0,1,1
24294179,,0,0.000048,32,0.000013,0,1,1,0,1,1
23942068,,0,0.000048,32,0.000013,0,1,1,0,1,1
23761858,,0,0.000048,32,0.000013,0,1,1,0,1,1
23275565,,0,0.000048,32,0.000013,0,1,1,0,1,1
22969896,,0,0.000048,32,0.000013,0,1,1,0,1,1
22174370,,0,0.000048,32,0.000013,0,1,1,0,1,1
22013068,,0,0.000048,32,0.000013,0,1,1,0,1,1
28866430,,0,0.022483,2,0.000013,0,5,5,0,5,5
26573509,,0,0.000049,2,0.000013,0,2,2,0,2,2
24727325,,0,0.000024,2,0.000013,0,1,1,0,1,1
22166496,,0,0.000024,2,0.000013,0,1,1,0,1,1
27322324,,0,0.000008,35,0.000013,0,1,1,0,1,1
24731479,,0,0.000021,35,0.000013,0,2,2,0,2,2
29750258,,0,0.000057,22,0.000013,0,6,6,0,6,6
29416673,,0,0.000003,22,0.000013,0,1,1,0,1,1
22350158,,0,0.000003,22,0.000024,1,1,2,1,1,2
25486196,,0,0.000047,8,0.000013,0,2,2,0,2,2
28224995,,0,0.000032,8,0.000013,0,1,1,0,1,1
26388843,,0,0.000044,32,0.000013,0,2,2,0,2,2
25406946,,0,0.000283,8,0.000013,0,2,2,0,2,2
22315412,,0.000539,0.000032,32,0.000212,23,1,24,23,1,24
27847402,,0,0,23,0.000013,0,1,1,0,1,1
26942066,,0,0,23,0.000013,0,1,1,0,1,1
26137272,,0,0,23,0.000013,0,1,1,0,1,1
25781932,,0,0,23,0.000013,0,1,1,0,1,1
25093332,,0,0,23,0.000013,0,1,1,0,1,1
24212946,,0,0,23,0.000013,0,1,1,0,1,1
23027520,,0,0,23,0.000013,0,1,1,0,1,1
22517435,,0,0,23,0.000013,0,1,1,0,1,1
25859559,,0,0.000005,32,0.000013,0,2,2,0,2,2
25424849,,0,0.000019,32,0.000013,0,2,2,0,2,2
25195882,,0,0.000008,32,0.000013,0,2,2,0,2,2
24970803,,0,0.000016,32,0.000013,0,2,2,0,2,2
23933813,,0,0.000003,32,0.000013,0,1,1,0,1,1
23703322,,0,0.000003,32,0.000013,0,1,1,0,1,1
22494821,,0,0.000003,32,0.000013,0,1,1,0,1,1
22279422,,0,0.00009,32,0.000013,0,2,2,0,2,2
28468520,,0,0.000381,32,0.000013,0,4,4,0,4,4
25518016,,0,0.000015,32,0.000013,0,1,1,0,1,1
21935406,,0,0.000015,32,0.000013,0,1,1,0,1,1
30106117,,0,0.000011,44,0.000013,0,1,1,0,1,1
28469391,,0,0.022135,44,0.000013,0,2,2,0,2,2
27863406,,0,0.000011,44,0.000013,0,1,1,0,1,1
26998095,,0,0.000011,44,0.000013,0,1,1,0,1,1
26327352,,0,0.000144,51,0.000013,0,4,4,0,4,4
25807528,,0,0.000011,44,0.000013,0,1,1,0,1,1
25097550,,0,0.000011,44,0.000013,0,1,1,0,1,1
24705000,,0,0.000011,44,0.000013,0,1,1,0,1,1
24648944,,0,0.000011,44,0.000013,0,1,1,0,1,1
24222664,,0,0.000011,44,0.000013,0,1,1,0,1,1
23627634,,0,0.000011,44,0.000013,0,1,1,0,1,1
29324801,,0,0.000037,23,0.000013,0,2,2,0,2,2
28655029,,0,0.000017,5,0.000013,0,1,1,0,1,1
28522877,,0,0.000017,19,0.000013,0,2,2,0,2,2
27456031,,0,0.000017,5,0.000013,0,1,1,0,1,1
27124054,,0,0.000017,5,0.000013,0,1,1,0,1,1
26962096,,0,0.000017,5,0.000013,0,1,1,0,1,1
26757338,,0,0.000017,5,0.000013,0,1,1,0,1,1
25741458,,0,0.000023,5,0.000013,0,3,3,0,3,3
25301304,,0,0.000021,5,0.000013,0,2,2,0,2,2
22275726,,0,0.000017,5,0.000013,0,1,1,0,1,1
28743916,,0,0.000853,2,0.000013,0,2,2,0,2,2
28719611,,0,0.000001,2,0.000013,0,1,1,0,1,1
27438566,,0,0.000001,2,0.000013,0,1,1,0,1,1
26074400,,0,0.000001,2,0.000013,0,1,1,0,1,1
25344051,,0,0.000001,2,0.000013,0,1,1,0,1,1
22927430,,0,0.000001,2,0.000013,0,1,1,0,1,1
22505939,,0,0.000001,2,0.000013,0,1,1,0,1,1
29399147,,0,0,0,0.000013,0,1,1,0,1,1
21463514,,0.000013,0,0,0.000278,26,0,26,26,0,26
28927157,,0,0,0,0.000013,0,1,1,0,1,1
27746811,,0,0.000004,0,0.000013,0,3,3,0,3,3
27625395,,0,0,0,0.000013,0,1,1,0,1,1
27083050,,0,0,0,0.000013,0,1,1,0,1,1
26697428,,0,0.000123,0,0.000013,0,2,2,0,2,2
26503504,,0,0,0,0.000013,0,1,1,0,1,1
26191270,,0,0,0,0.000013,0,1,1,0,1,1
25893379,,0,0,0,0.000013,0,1,1,0,1,1
25364765,,0,0,0,0.000013,0,1,1,0,1,1
25358394,,0,0,0,0.000013,0,1,1,0,1,1
24883265,,0,0,0,0.000013,0,1,1,0,1,1
24800232,,0,0,0,0.000013,0,1,1,0,1,1
24147011,,0,0,0,0.000013,0,1,1,0,1,1
23597168,,0,0,0,0.000013,0,1,1,0,1,1
23383180,,0,0,0,0.000013,0,1,1,0,1,1
23236401,,0,0,0,0.000013,0,1,1,0,1,1
23071155,,0,0,0,0.000013,0,1,1,0,1,1
23066553,,0,0,0,0.000013,0,1,1,0,1,1
22911661,,0,0,0,0.000013,0,1,1,0,1,1
22798379,,0,0.0001,29,0.000013,0,3,3,0,3,3
22616882,,0,0,0,0.000013,0,1,1,0,1,1
22435726,,0,0,0,0.000013,0,1,1,0,1,1
29157306,,0,0,26,0.000013,0,1,1,0,1,1
29088794,,0,0,26,0.000013,0,1,1,0,1,1
28465452,,0,0,26,0.000013,0,1,1,0,1,1
28322974,,0,0,26,0.000013,0,1,1,0,1,1
26799207,,0,0,26,0.000013,0,1,1,0,1,1
25120790,,0,0,26,0.000013,0,1,1,0,1,1
25071121,,0,0,26,0.000013,0,1,1,0,1,1
24687377,,0,0,26,0.000013,0,1,1,0,1,1
23904830,,0,0,26,0.000013,0,1,1,0,1,1
23396665,,0,0,26,0.000013,0,1,1,0,1,1
23172894,,0,0,26,0.000013,0,1,1,0,1,1
29511213,,0,0.000052,51,0.000013,0,2,2,0,2,2
27420050,,0,0.000005,0,0.000013,0,1,1,0,1,1
24451372,,0,0.000005,0,0.000013,0,1,1,0,1,1
24389248,,0,0.000005,0,0.000013,0,1,1,0,1,1
29568807,,0,0.000002,11,0.000013,0,1,1,0,1,1
28893856,,0,0.000002,11,0.000013,0,1,1,0,1,1
28806732,,0,0.000017,11,0.000013,0,2,2,0,2,2
27556045,,0,0.000002,11,0.000013,0,1,1,0,1,1
25953379,,0,0.000002,11,0.000013,0,1,1,0,1,1
25233988,,0,0.000002,11,0.000013,0,1,1,0,1,1
24263104,,0,0.000002,11,0.000013,0,1,1,0,1,1
24040125,,0,0.000002,11,0.000013,0,1,1,0,1,1
23594743,,0,0.000002,11,0.000013,0,1,1,0,1,1
22916025,,0,0.000002,11,0.000013,0,1,1,0,1,1
29158830,,0,0.00057,29,0.000013,0,3,3,0,3,3
28800752,,0,0.000101,32,0.000013,0,2,2,0,2,2
28521285,,0,0.000862,51,0.000013,0,2,2,0,2,2
28454547,,0,0.002336,32,0.000013,0,8,8,0,8,8
28002809,,0.000526,0.023088,41,0.000021,2,4,6,2,4,6
27845331,,0,0.000553,32,0.000013,0,3,3,0,3,3
27671334,,0,0.000097,23,0.000013,0,1,1,0,1,1
27557507,,0,0.001178,32,0.000013,0,4,4,0,4,4
27555324,,0,0.000097,23,0.000013,0,1,1,0,1,1
26972001,,0,0.000113,51,0.000013,0,3,3,0,3,3
26870836,,0,0.000097,23,0.000013,0,1,1,0,1,1
26180927,,0.000298,0.001155,51,0.00003,6,3,9,6,3,9
25769025,,0,0.000364,41,0.000013,0,5,5,0,5,5
25575562,,0,0.000165,32,0.000013,0,2,2,0,2,2
25526472,,0,0.000097,23,0.000013,0,1,1,0,1,1
25337581,,0.000547,0.001049,32,0.000024,2,6,8,2,6,8
24927325,,0,0.000172,32,0.000013,0,2,2,0,2,2
24439051,,0,0.000097,23,0.000013,0,1,1,0,1,1
24137565,,0,0.000097,23,0.000013,0,1,1,0,1,1
24036544,,0,0.000097,23,0.000013,0,1,1,0,1,1
23203101,,0,0.000097,23,0.000013,0,1,1,0,1,1
22228887,,0,0.000097,23,0.000013,0,1,1,0,1,1
21785441,,0,0.000184,23,0.000013,0,2,2,0,2,2
29857526,,0,0.000019,0,0.000013,0,4,4,0,4,4
28649642,,0,0.000021,5,0.000013,0,4,4,0,4,4
27066455,,0,0.000016,5,0.000013,0,3,3,0,3,3
26259752,,0,0.000088,0,0.000013,0,4,4,0,4,4
24005135,,0,0.000012,0,0.000013,0,1,1,0,1,1
21980244,,0,0.000012,0,0.000013,0,1,1,0,1,1
29326802,,0,0.000084,23,0.000013,0,1,1,0,1,1
21505135,,0.003737,0,23,0.000735,63,0,63,63,0,63
29158552,,0,0.000084,23,0.000013,0,1,1,0,1,1
28977983,,0,0.000084,5,0.000013,0,2,2,0,2,2
28835720,,0,0.000151,23,0.000013,0,4,4,0,4,4
27683180,,0,0.000104,23,0.000013,0,2,2,0,2,2
27621308,,0,0.000085,23,0.000013,0,2,2,0,2,2
27485475,,0,0.000084,23,0.000013,0,1,1,0,1,1
27147571,,0,0.000085,14,0.000013,0,3,3,0,3,3
26932475,,0,0.000084,23,0.000013,0,1,1,0,1,1
26528881,,0,0.000084,23,0.000013,0,1,1,0,1,1
26237023,,0,0.000084,23,0.000013,0,1,1,0,1,1
26126599,,0,0.000084,23,0.000013,0,1,1,0,1,1
25993170,,0,0.000085,10,0.000013,0,2,2,0,2,2
25798291,,0,0.022207,23,0.000013,0,2,2,0,2,2
25736008,,0,0.000084,23,0.000013,0,1,1,0,1,1
25544748,,0,0.000084,23,0.000013,0,1,1,0,1,1
25487151,,0,0.000084,23,0.000013,0,1,1,0,1,1
25222080,,0,0.000084,23,0.000013,0,1,1,0,1,1
25006153,,0,0.000084,23,0.000013,0,1,1,0,1,1
24931631,,0,0.000084,23,0.000013,0,1,1,0,1,1
24782121,,0,0.000084,23,0.000013,0,1,1,0,1,1
24507808,,0,0.000084,23,0.000013,0,1,1,0,1,1
24474533,,0,0.000936,23,0.000013,0,2,2,0,2,2
24304937,,0,0.000084,23,0.000013,0,1,1,0,1,1
24278696,,0,0.000084,23,0.000013,0,1,1,0,1,1
24213133,,0,0.000084,23,0.000013,0,1,1,0,1,1
24030434,,0,0.000084,23,0.000013,0,1,1,0,1,1
24009227,,0,0.000084,23,0.000013,0,1,1,0,1,1
23645565,,0,0.000084,23,0.000013,0,1,1,0,1,1
23613682,,0,0.000084,23,0.000013,0,1,1,0,1,1
23595294,,0,0.000084,23,0.000013,0,1,1,0,1,1
23372575,,0,0.000084,23,0.000013,0,1,1,0,1,1
23355100,,0,0.00095,23,0.000013,0,3,3,0,3,3
23318448,,0,0.000566,23,0.000013,0,2,2,0,2,2
23200536,,0,0.000084,23,0.000013,0,1,1,0,1,1
23184638,,0,0.022243,23,0.000013,0,3,3,0,3,3
23178448,,0,0.000566,23,0.000013,0,2,2,0,2,2
23176617,,0,0.000084,23,0.000013,0,1,1,0,1,1
22938532,,0,0.000084,23,0.000013,0,1,1,0,1,1
22877769,,0,0.000084,23,0.000013,0,1,1,0,1,1
22858243,,0,0.022207,23,0.000013,0,2,2,0,2,2
22817890,,0,0.000084,23,0.000013,0,1,1,0,1,1
22666660,,0,0.000084,23,0.000013,0,1,1,0,1,1
22517761,,0,0.000084,23,0.000013,0,1,1,0,1,1
22422049,,0,0.000084,23,0.000013,0,1,1,0,1,1
22349821,,0,0.000084,23,0.000013,0,1,1,0,1,1
22312362,,0,0.000084,23,0.000013,0,1,1,0,1,1
22301133,,0,0.000084,23,0.000013,0,1,1,0,1,1
22158538,,0,0.000084,23,0.000013,0,1,1,0,1,1
22155605,,0,0.000084,23,0.000013,0,1,1,0,1,1
22110895,,0,0.000084,23,0.000013,0,1,1,0,1,1
28741383,,0,0.000004,0,0.000013,0,3,3,0,3,3
28443211,,0,0.000003,19,0.000013,0,1,1,0,1,1
26018675,,0,0.000003,19,0.000013,0,1,1,0,1,1
25276377,,0,0.000003,19,0.000013,0,1,1,0,1,1
25225901,,0,0.000003,19,0.000013,0,1,1,0,1,1
23316333,,0,0.000003,19,0.000013,0,1,1,0,1,1
29620168,,0,0,51,0.000013,0,1,1,0,1,1
25015320,,0,0,51,0.000013,0,1,1,0,1,1
24798488,,0,0.000003,51,0.000013,0,2,2,0,2,2
24336406,,0.001204,0,51,0.000045,7,1,8,7,1,8
23087899,,0,0,54,0.000013,0,2,2,0,2,2
26005447,,0,0.000001,22,0.000013,0,1,1,0,1,1
24831820,,0,0.000001,22,0.000013,0,1,1,0,1,1
24098138,,0,0.000001,22,0.000013,0,1,1,0,1,1
23594489,,0,0.000001,22,0.000013,0,1,1,0,1,1
23343600,,0,0.000001,22,0.000013,0,1,1,0,1,1
23089009,,0,0.000036,10,0.000013,0,2,2,0,2,2
30336783,,0,0.000185,41,0.000013,0,1,1,0,1,1
30253737,,0,0.000185,41,0.000013,0,1,1,0,1,1
30243303,,0,0.000185,41,0.000013,0,1,1,0,1,1
30186027,,0,0.022703,51,0.000013,0,6,6,0,6,6
30046596,,0,0.000185,41,0.000013,0,1,1,0,1,1
30023630,,0,0.000185,41,0.000013,0,1,1,0,1,1
29983902,,0,0.000185,41,0.000013,0,1,1,0,1,1
29963162,,0,0.000185,41,0.000013,0,1,1,0,1,1
29938002,,0,0.000185,41,0.000013,0,1,1,0,1,1
29928387,,0,0.000185,41,0.000013,0,1,1,0,1,1
29926841,,0,0.000185,41,0.000013,0,1,1,0,1,1
29891015,,0,0.000185,41,0.000013,0,1,1,0,1,1
29861613,,0,0.000185,41,0.000013,0,1,1,0,1,1
29844681,,0,0.000185,41,0.000013,0,1,1,0,1,1
29731973,,0,0.000185,41,0.000013,0,1,1,0,1,1
29577163,,0,0.000185,41,0.000013,0,1,1,0,1,1
29545902,,0,0.000185,41,0.000013,0,1,1,0,1,1
29502561,,0,0.000211,0,0.000013,0,2,2,0,2,2
29499737,,0,0.000962,41,0.000013,0,2,2,0,2,2
29435081,,0,0.000185,41,0.000013,0,1,1,0,1,1
29435063,,0,0.000185,41,0.000013,0,1,1,0,1,1
29423060,,0,0.022308,41,0.000013,0,2,2,0,2,2
29254237,,0,0.000185,41,0.000013,0,1,1,0,1,1
29238081,,0,0.000185,41,0.000013,0,1,1,0,1,1
29226065,,0,0.022308,41,0.000013,0,2,2,0,2,2
29142608,,0,0.000185,41,0.000013,0,1,1,0,1,1
29095547,,0,0.000185,41,0.000013,0,1,1,0,1,1
29051715,,0,0.000185,41,0.000013,0,1,1,0,1,1
28900330,,0,0.000185,41,0.000013,0,1,1,0,1,1
28881822,,0,0.022308,41,0.000013,0,2,2,0,2,2
28808351,,0,0.000185,41,0.000013,0,1,1,0,1,1
28743369,,0,0.000185,41,0.000013,0,1,1,0,1,1
28729634,,0,0.000185,41,0.000013,0,1,1,0,1,1
28721179,,0,0.000185,41,0.000013,0,1,1,0,1,1
28713970,,0,0.000185,41,0.000013,0,1,1,0,1,1
28673005,,0,0.000185,41,0.000013,0,1,1,0,1,1
28646458,,0,0.000185,41,0.000013,0,1,1,0,1,1
28626404,,0,0.000185,41,0.000013,0,1,1,0,1,1
28587379,,0,0.000185,41,0.000013,0,1,1,0,1,1
28446239,,0,0.000185,41,0.000013,0,1,1,0,1,1
28395243,,0,0.000185,41,0.000013,0,1,1,0,1,1
28389671,,0,0.000235,41,0.000013,0,2,2,0,2,2
28382140,,0,0.000185,41,0.000013,0,1,1,0,1,1
28382135,,0,0.000185,41,0.000013,0,1,1,0,1,1
28355289,,0,0.000185,41,0.000013,0,1,1,0,1,1
28290538,,0,0.000185,41,0.000013,0,1,1,0,1,1
28282907,,0,0.000185,41,0.000013,0,1,1,0,1,1
28245631,,0,0.00045,41,0.000013,0,3,3,0,3,3
28134933,,0,0.001142,41,0.000013,0,3,3,0,3,3
28039447,,0,0.022308,41,0.000013,0,2,2,0,2,2
28032864,,0,0.000185,41,0.000013,0,1,1,0,1,1
28013349,,0,0.000185,41,0.000013,0,1,1,0,1,1
27877873,,0,0.000185,41,0.000013,0,1,1,0,1,1
27832351,,0,0.000185,41,0.000013,0,1,1,0,1,1
27812204,,0,0.000185,41,0.000013,0,1,1,0,1,1
27811362,,0,0.000185,41,0.000013,0,1,1,0,1,1
27743201,,0,0.000185,41,0.000013,0,1,1,0,1,1
27694900,,0,0.000185,41,0.000013,0,1,1,0,1,1
27651643,,0,0.000185,41,0.000013,0,1,1,0,1,1
27604260,,0,0.000185,41,0.000013,0,1,1,0,1,1
27603915,,0,0.000185,41,0.000013,0,1,1,0,1,1
27563880,,0,0.000185,41,0.000013,0,1,1,0,1,1
27561100,,0,0.000185,41,0.000013,0,1,1,0,1,1
27526962,,0,0.000185,41,0.000013,0,1,1,0,1,1
27521449,,0,0.000185,41,0.000013,0,1,1,0,1,1
27460076,,0,0.000185,41,0.000013,0,1,1,0,1,1
27446438,,0,0.000185,41,0.000013,0,1,1,0,1,1
27436510,,0,0.000231,41,0.000013,0,2,2,0,2,2
27419385,,0,0.023409,41,0.000013,0,3,3,0,3,3
27351218,,0,0.000185,41,0.000013,0,1,1,0,1,1
27351131,,0,0.000185,41,0.000013,0,1,1,0,1,1
27293459,,0,0.000185,41,0.000013,0,1,1,0,1,1
27253331,,0,0.000185,41,0.000013,0,1,1,0,1,1
27229159,,0,0.000185,41,0.000013,0,1,1,0,1,1
27186298,,0,0.000185,41,0.000013,0,1,1,0,1,1
27184229,,0,0.022308,41,0.000013,0,2,2,0,2,2
27147900,,0,0.000185,41,0.000013,0,1,1,0,1,1
27143932,,0,0.000185,41,0.000013,0,1,1,0,1,1
27051296,,0,0.022308,41,0.000013,0,2,2,0,2,2
26884841,,0,0.000185,41,0.000013,0,1,1,0,1,1
26816537,,0,0.000185,41,0.000013,0,1,1,0,1,1
26668153,,0,0.000185,41,0.000013,0,1,1,0,1,1
26637171,,0,0.022489,41,0.000013,0,3,3,0,3,3
26622357,,0,0.000185,41,0.000013,0,1,1,0,1,1
26618703,,0,0.000185,41,0.000013,0,1,1,0,1,1
26573008,,0,0.022308,41,0.000013,0,2,2,0,2,2
26555399,,0,0.000185,41,0.000013,0,1,1,0,1,1
26539720,,0,0.000185,41,0.000013,0,1,1,0,1,1
26299671,,0,0.000185,41,0.000013,0,1,1,0,1,1
26298430,,0,0.000185,41,0.000013,0,1,1,0,1,1
26284141,,0,0.000185,41,0.000013,0,1,1,0,1,1
26261517,,0,0.000185,41,0.000013,0,1,1,0,1,1
26181758,,0,0.000185,41,0.000013,0,1,1,0,1,1
26116117,,0,0.000185,41,0.000013,0,1,1,0,1,1
25989698,,0,0.000185,41,0.000013,0,1,1,0,1,1
25975261,,0,0.000185,41,0.000013,0,1,1,0,1,1
25947066,,0,0.000185,41,0.000013,0,1,1,0,1,1
25848273,,0,0.000185,41,0.000013,0,1,1,0,1,1
25732960,,0,0.000185,41,0.000013,0,1,1,0,1,1
25673532,,0,0.000185,41,0.000013,0,1,1,0,1,1
25600708,,0,0.000185,41,0.000013,0,1,1,0,1,1
25491408,,0,0.000185,41,0.000013,0,1,1,0,1,1
25469333,,0,0.000185,41,0.000013,0,1,1,0,1,1
25453960,,0,0.000185,41,0.000013,0,1,1,0,1,1
25271436,,0,0.022308,41,0.000013,0,2,2,0,2,2
25237928,,0,0.000185,41,0.000013,0,1,1,0,1,1
25108232,,0,0.000185,41,0.000013,0,1,1,0,1,1
24901400,,0,0.000185,41,0.000013,0,1,1,0,1,1
24598933,,0,0.000185,41,0.000013,0,1,1,0,1,1
24452274,,0,0.000185,41,0.000013,0,1,1,0,1,1
24403249,,0,0.000185,41,0.000013,0,1,1,0,1,1
24379701,,0,0.000185,41,0.000013,0,1,1,0,1,1
24244307,,0,0.000185,41,0.000013,0,1,1,0,1,1
24147897,,0,0.000185,41,0.000013,0,1,1,0,1,1
24061648,,0,0.022308,41,0.000013,0,2,2,0,2,2
23554760,,0,0.000185,41,0.000013,0,1,1,0,1,1
23351307,,0,0.000185,41,0.000013,0,1,1,0,1,1
23324344,,0,0.000185,41,0.000013,0,1,1,0,1,1
23300757,,0,0.022308,41,0.000013,0,2,2,0,2,2
22951414,,0,0.000185,41,0.000013,0,1,1,0,1,1
22807982,,0,0.000185,41,0.000013,0,1,1,0,1,1
22710075,,0,0.000185,41,0.000013,0,1,1,0,1,1
22178261,,0,0.000185,41,0.000013,0,1,1,0,1,1
22115851,,0,0.000185,41,0.000013,0,1,1,0,1,1
21843904,,0,0.000185,41,0.000013,0,1,1,0,1,1
30226898,,0,0.000024,8,0.000013,0,1,1,0,1,1
30115874,,0,0.000024,28,0.000013,0,2,2,0,2,2
30085098,,0,0.000024,8,0.000013,0,1,1,0,1,1
30050799,,0,0.000024,8,0.000013,0,1,1,0,1,1
29353516,,0,0.000024,8,0.000013,0,1,1,0,1,1
29264624,,0,0.000024,8,0.000013,0,1,1,0,1,1
29228626,,0,0.000024,28,0.000013,0,2,2,0,2,2
29038517,,0,0.000024,8,0.000013,0,1,1,0,1,1
28713771,,0,0.000024,8,0.000013,0,1,1,0,1,1
28580312,,0,0.000024,8,0.000013,0,1,1,0,1,1
28580311,,0,0.000024,8,0.000013,0,1,1,0,1,1
28574821,,0,0.000156,32,0.000013,0,2,2,0,2,2
28449703,,0,0.000024,8,0.000013,0,1,1,0,1,1
28369628,,0,0.000024,8,0.000013,0,1,1,0,1,1
28223795,,0,0.000024,8,0.000013,0,1,1,0,1,1
27602767,,0,0.000024,8,0.000013,0,1,1,0,1,1
27552589,,0,0.000024,8,0.000013,0,1,1,0,1,1
27471606,,0,0.000024,8,0.000013,0,1,1,0,1,1
27418635,,0,0.000153,8,0.000013,0,2,2,0,2,2
27229857,,0,0.000024,8,0.000013,0,1,1,0,1,1
26856858,,0,0.000024,8,0.000013,0,1,1,0,1,1
26722249,,0,0.000024,8,0.000013,0,1,1,0,1,1
26518763,,0,0.000024,8,0.000013,0,1,1,0,1,1
26245485,,0,0.000036,8,0.000013,0,2,2,0,2,2
26238561,,0,0.000024,8,0.000013,0,1,1,0,1,1
25973681,,0,0.000024,8,0.000013,0,1,1,0,1,1
25811736,,0,0.000024,8,0.000013,0,1,1,0,1,1
25712125,,0,0.000024,8,0.000013,0,1,1,0,1,1
25635828,,0,0.000024,8,0.000013,0,1,1,0,1,1
25202410,,0,0.000024,8,0.000013,0,1,1,0,1,1
25144817,,0,0.000024,8,0.000013,0,1,1,0,1,1
24547783,,0,0.000024,8,0.000013,0,1,1,0,1,1
24511912,,0,0.000024,8,0.000013,0,1,1,0,1,1
24498890,,0,0.000024,8,0.000013,0,1,1,0,1,1
24330859,,0,0.000024,8,0.000013,0,1,1,0,1,1
24214344,,0,0.000024,8,0.000013,0,1,1,0,1,1
23887651,,0,0.000024,8,0.000013,0,1,1,0,1,1
23448094,,0,0.000024,8,0.000013,0,1,1,0,1,1
23298120,,0,0.000024,8,0.000013,0,1,1,0,1,1
22830502,,0,0.000024,8,0.000013,0,1,1,0,1,1
28288164,,0,0,50,0.000013,0,1,1,0,1,1
21556249,,0,0,50,0.000067,5,0,5,5,0,5
24696529,,0,0,50,0.000013,0,1,1,0,1,1
24520539,,0,0,50,0.000013,0,1,1,0,1,1
24138843,,0,0,50,0.000013,0,1,1,0,1,1
22773931,,0,0,50,0.000013,0,1,1,0,1,1
30258457,,0,0.000951,8,0.000013,0,7,7,0,7,7
30166519,,0,0.000259,8,0.000013,0,1,1,0,1,1
30157471,,0,0.000259,8,0.000013,0,1,1,0,1,1
30124983,,0,0.000815,8,0.000013,0,6,6,0,6,6
30082684,,0,0.000277,8,0.000013,0,2,2,0,2,2
30021152,,0,0.000547,8,0.000013,0,6,6,0,6,6
29959228,,0,0.000259,8,0.000013,0,1,1,0,1,1
29937342,,0,0.000598,8,0.000013,0,7,7,0,7,7
29739811,,0,0.000517,8,0.000013,0,4,4,0,4,4
29654060,,0,0.000259,8,0.000013,0,1,1,0,1,1
29653955,,0,0.00051,8,0.000013,0,3,3,0,3,3
29637811,,0,0.000432,8,0.000013,0,3,3,0,3,3
29581097,,0,0.000259,8,0.000013,0,1,1,0,1,1
29472538,,0,0.000259,8,0.000013,0,1,1,0,1,1
29467415,,0,0.000423,8,0.000013,0,2,2,0,2,2
29466729,,0,0.000268,8,0.000013,0,2,2,0,2,2
29394375,,0,0.000439,8,0.000013,0,3,3,0,3,3
29301856,,0,0.000427,8,0.000013,0,3,3,0,3,3
29290468,,0,0.000272,8,0.000013,0,3,3,0,3,3
29279302,,0,0.000259,8,0.000013,0,1,1,0,1,1
29255170,,0,0.00026,8,0.000013,0,2,2,0,2,2
29249653,,0,0.000463,8,0.000013,0,3,3,0,3,3
29220651,,0,0.000357,8,0.000013,0,4,4,0,4,4
29215009,,0,0.000347,8,0.000013,0,2,2,0,2,2
29206178,,0,0.000423,8,0.000013,0,2,2,0,2,2
29125140,,0,0.000423,8,0.000013,0,2,2,0,2,2
29098742,,0,0.000423,8,0.000013,0,2,2,0,2,2
29021206,,0,0.000354,8,0.000013,0,3,3,0,3,3
28894029,,0,0.000423,8,0.000013,0,2,2,0,2,2
28811338,,0,0.000434,8,0.000013,0,4,4,0,4,4
28717002,,0,0.000271,31,0.000013,0,2,2,0,2,2
28714471,,0,0.000826,32,0.000013,0,6,6,0,6,6
28628639,,0,0.000259,8,0.000013,0,1,1,0,1,1
28380422,,0,0.000259,8,0.000013,0,1,1,0,1,1
28369478,,0,0.000259,8,0.000013,0,1,1,0,1,1
28118071,,0,0.000259,8,0.000013,0,1,1,0,1,1
28067217,,0,0.000553,8,0.000013,0,4,4,0,4,4
27978864,,0,0.000259,8,0.000013,0,1,1,0,1,1
27956499,,0,0.000423,8,0.000013,0,2,2,0,2,2
27939387,,0,0.00051,8,0.000013,0,3,3,0,3,3
27914716,,0,0.000288,8,0.000013,0,2,2,0,2,2
27893960,,0,0.000741,8,0.000013,0,2,2,0,2,2
27857978,,0,0.000259,8,0.000013,0,1,1,0,1,1
27801838,,0,0.000266,8,0.000013,0,3,3,0,3,3
27694619,,0,0.000426,8,0.000013,0,3,3,0,3,3
27672210,,0,0.000423,8,0.000013,0,2,2,0,2,2
27548223,,0,0.000264,8,0.000013,0,2,2,0,2,2
27483323,,0,0.000259,8,0.000013,0,1,1,0,1,1
27304073,,0,0.000259,8,0.000013,0,1,1,0,1,1
27264870,,0,0.000423,8,0.000013,0,2,2,0,2,2
27211550,,0.000542,0.000423,8,0.00012,9,2,11,9,2,11
27171262,,0,0.00062,32,0.000013,0,4,4,0,4,4
27160911,,0,0.000259,8,0.000013,0,1,1,0,1,1
27146074,,0,0.000259,8,0.000013,0,1,1,0,1,1
27146073,,0,0.000259,8,0.000013,0,1,1,0,1,1
27084947,,0,0.00049,8,0.000013,0,3,3,0,3,3
27058754,,0,0.000569,8,0.000013,0,3,3,0,3,3
26993153,,0,0.000423,8,0.000013,0,2,2,0,2,2
26840898,,0,0.000456,8,0.000013,0,4,4,0,4,4
26627254,,0,0.00047,8,0.000013,0,5,5,0,5,5
26578561,,0,0.000259,8,0.000013,0,1,1,0,1,1
26474068,,0,0.000503,8,0.000013,0,4,4,0,4,4
26403191,,0,0.000423,8,0.000013,0,2,2,0,2,2
26354865,,0,0.000939,17,0.000013,0,6,6,0,6,6
26350214,,0,0.000259,8,0.000013,0,1,1,0,1,1
26275776,,0,0.000423,8,0.000013,0,2,2,0,2,2
26203462,,0,0.000547,8,0.000013,0,4,4,0,4,4
26160886,,0,0.000259,8,0.000013,0,1,1,0,1,1
26068589,,0,0.000259,8,0.000013,0,1,1,0,1,1
26004086,,0,0.000423,8,0.000013,0,2,2,0,2,2
25934179,,0,0.000423,8,0.000013,0,2,2,0,2,2
25733714,,0,0.000492,8,0.000013,0,4,4,0,4,4
25733713,,0,0.000452,8,0.000013,0,3,3,0,3,3
25659033,,0.00024,0.000452,8,0.000105,23,3,26,23,3,26
25576492,,0,0.000423,8,0.000013,0,2,2,0,2,2
25567982,,0,0.000423,8,0.000013,0,2,2,0,2,2
25557548,,0,0.000259,8,0.000013,0,1,1,0,1,1
25535335,,0,0.000423,8,0.000013,0,2,2,0,2,2
25474690,,0,0.000259,8,0.000013,0,1,1,0,1,1
25341919,,0,0.000259,8,0.000013,0,1,1,0,1,1
25257608,,0,0.000558,32,0.000013,0,3,3,0,3,3
25122752,,0,0.000259,8,0.000013,0,1,1,0,1,1
25016281,,0,0.000259,8,0.000013,0,1,1,0,1,1
24821763,,0,0.000423,8,0.000013,0,2,2,0,2,2
24800743,,0,0.000259,8,0.000013,0,1,1,0,1,1
24656613,,0,0.000423,8,0.000013,0,2,2,0,2,2
24615940,,0,0.000259,8,0.000013,0,1,1,0,1,1
24493214,,0,0.000259,8,0.000013,0,1,1,0,1,1
24379417,,0,0.000259,8,0.000013,0,1,1,0,1,1
24366029,,0,0.000423,8,0.000013,0,2,2,0,2,2
24339793,,0,0.000423,8,0.000013,0,2,2,0,2,2
24316220,,0,0.000259,8,0.000013,0,1,1,0,1,1
24062528,,0,0.000423,8,0.000013,0,2,2,0,2,2
24013173,,0,0.000423,8,0.000013,0,2,2,0,2,2
23873943,,0,0.000259,8,0.000013,0,1,1,0,1,1
23863462,,0,0.000424,8,0.000013,0,3,3,0,3,3
23684611,,0,0.000423,8,0.000013,0,2,2,0,2,2
23637285,,0,0.000259,8,0.000013,0,1,1,0,1,1
23573231,,0,0.000259,8,0.000013,0,1,1,0,1,1
23563117,,0,0.000259,8,0.000013,0,1,1,0,1,1
23443654,,0,0.000259,8,0.000013,0,1,1,0,1,1
23319047,,0,0.000301,70,0.000013,0,2,2,0,2,2
23253856,,0,0.000259,8,0.000013,0,1,1,0,1,1
23245849,,0,0.000259,8,0.000013,0,1,1,0,1,1
23213480,,0,0.000259,8,0.000013,0,1,1,0,1,1
23095756,,0,0.000259,8,0.000013,0,1,1,0,1,1
23080121,,0,0.000423,8,0.000013,0,2,2,0,2,2
23045680,,0,0.000259,8,0.000013,0,1,1,0,1,1
22937147,,0,0.000259,8,0.000013,0,1,1,0,1,1
22789533,,0.000051,0.000423,8,0.000059,10,2,12,10,2,12
22645306,,0,0.000259,8,0.000013,0,1,1,0,1,1
22565321,,0,0.000259,8,0.000013,0,1,1,0,1,1
22384017,,0,0.000259,8,0.000013,0,1,1,0,1,1
22244820,,0,0.000259,8,0.000013,0,1,1,0,1,1
22187152,,0,0.000259,8,0.000013,0,1,1,0,1,1
22118811,,0,0.000259,8,0.000013,0,1,1,0,1,1
22002307,,0,0.000259,8,0.000013,0,1,1,0,1,1
21826105,,0,0.000259,8,0.000013,0,1,1,0,1,1
27308330,,0,0,0,0.000013,0,1,1,0,1,1
30238427,,0,0.000001,11,0.000013,0,1,1,0,1,1
29805498,,0,0.000001,11,0.000013,0,1,1,0,1,1
29285240,,0,0.000001,11,0.000013,0,2,2,0,2,2
27805789,,0,0.000001,11,0.000013,0,1,1,0,1,1
25995744,,0,0.000001,11,0.000013,0,1,1,0,1,1
25071006,,0,0.000164,11,0.000013,0,2,2,0,2,2
23737949,,0,0.000001,11,0.000013,0,1,1,0,1,1
30319966,,0,0.000394,51,0.000013,0,5,5,0,5,5
29633598,,0,0.000087,51,0.000013,0,1,1,0,1,1
29593397,,0,0.000133,51,0.000013,0,2,2,0,2,2
29581876,,0,0.000231,51,0.000013,0,5,5,0,5,5
29511347,,0,0.000087,51,0.000013,0,1,1,0,1,1
29100211,,0,0.000087,51,0.000013,0,1,1,0,1,1
28887309,,0,0.000087,51,0.000013,0,1,1,0,1,1
28753430,,0,0.000087,51,0.000013,0,1,1,0,1,1
28607007,,0,0.000087,51,0.000013,0,1,1,0,1,1
28536297,,0.000119,0.000891,51,0.00005,9,6,15,9,6,15
28515422,,0,0.000087,51,0.000013,0,1,1,0,1,1
28465491,,0,0.000087,51,0.000013,0,1,1,0,1,1
28344039,,0,0.000087,51,0.000013,0,1,1,0,1,1
28341589,,0,0.000087,51,0.000013,0,1,1,0,1,1
28264478,,0,0.000171,51,0.000013,0,2,2,0,2,2
27906189,,0,0.000087,51,0.000013,0,1,1,0,1,1
27742842,,0,0.000305,51,0.000013,0,2,2,0,2,2
27727003,,0,0.000155,32,0.000013,0,2,2,0,2,2
27427904,,0,0.000087,51,0.000013,0,1,1,0,1,1
27336789,,0,0.000087,51,0.000013,0,1,1,0,1,1
27208692,,0,0.000087,51,0.000013,0,1,1,0,1,1
27183006,,0,0.000087,51,0.000013,0,1,1,0,1,1
27117272,,0,0.000087,51,0.000013,0,1,1,0,1,1
27030083,,0,0.000087,51,0.000013,0,1,1,0,1,1
26944914,,0,0.000305,51,0.000013,0,3,3,0,3,3
26913293,,0,0.000087,51,0.000013,0,1,1,0,1,1
26854235,,0,0.000087,51,0.000013,0,1,1,0,1,1
26843823,,0,0.000087,51,0.000013,0,1,1,0,1,1
26746117,,0,0.000113,70,0.000013,0,3,3,0,3,3
26684754,,0,0.000133,51,0.000013,0,2,2,0,2,2
26571387,,0,0.000087,51,0.000013,0,1,1,0,1,1
26328007,,0,0.000087,51,0.000013,0,1,1,0,1,1
26258891,,0,0.000087,51,0.000013,0,1,1,0,1,1
26175416,,0,0.000087,51,0.000013,0,1,1,0,1,1
26140362,,0,0.000087,51,0.000013,0,1,1,0,1,1
26091341,,0,0.00035,32,0.000013,0,5,5,0,5,5
26069882,,0,0.000087,51,0.000013,0,1,1,0,1,1
26058078,,0,0.000087,51,0.000013,0,1,1,0,1,1
26056084,,0,0.000087,51,0.000013,0,1,1,0,1,1
26026052,,0,0.000133,51,0.000013,0,2,2,0,2,2
25964175,,0,0.000087,51,0.000013,0,1,1,0,1,1
25906745,,0,0.000087,51,0.000013,0,1,1,0,1,1
25896606,,0,0.000171,51,0.000013,0,2,2,0,2,2
25809148,,0,0.000087,51,0.000013,0,1,1,0,1,1
25787974,,0,0.000183,32,0.000013,0,3,3,0,3,3
25653093,,0,0.000133,51,0.000013,0,2,2,0,2,2
25495526,,0,0.000087,51,0.000013,0,1,1,0,1,1
25479232,,0,0.000087,51,0.000013,0,1,1,0,1,1
25420520,,0,0.000087,51,0.000013,0,1,1,0,1,1
25203299,,0,0.000087,51,0.000013,0,1,1,0,1,1
25175909,,0,0.000171,51,0.000013,0,2,2,0,2,2
25173886,,0,0.000259,51,0.000013,0,4,4,0,4,4
25168287,,0,0.000087,51,0.000013,0,1,1,0,1,1
25043157,,0,0.000087,51,0.000013,0,1,1,0,1,1
24958807,,0,0.000141,32,0.000013,0,2,2,0,2,2
24916104,,0,0.000087,51,0.000013,0,1,1,0,1,1
24879454,,0,0.000087,51,0.000013,0,1,1,0,1,1
24855118,,0,0.000087,51,0.000013,0,1,1,0,1,1
24847116,,0,0.000103,32,0.000013,0,2,2,0,2,2
24840521,,0,0.000279,51,0.000013,0,2,2,0,2,2
24764124,,0,0.000087,51,0.000013,0,1,1,0,1,1
24759590,,0,0.000087,51,0.000013,0,1,1,0,1,1
24739220,,0,0.000145,51,0.000013,0,3,3,0,3,3
24591637,,0,0.000087,51,0.000013,0,1,1,0,1,1
24504051,,0,0.000087,51,0.000013,0,1,1,0,1,1
24457600,,0,0.000087,51,0.000013,0,1,1,0,1,1
24450640,,0,0.000087,51,0.000013,0,1,1,0,1,1
24416574,,0,0.000087,51,0.000013,0,1,1,0,1,1
24397478,,0,0.000263,51,0.000013,0,4,4,0,4,4
24350055,,0,0.000087,51,0.000013,0,1,1,0,1,1
24305618,,0,0.000087,51,0.000013,0,1,1,0,1,1
24249419,,0,0.000087,51,0.000013,0,1,1,0,1,1
24204199,,0,0.000133,51,0.000013,0,2,2,0,2,2
24186205,,0,0.000087,51,0.000013,0,1,1,0,1,1
24115221,,0,0.000087,51,0.000013,0,1,1,0,1,1
23966622,,0,0.000141,32,0.000013,0,2,2,0,2,2
23921685,,0,0.000128,29,0.000013,0,2,2,0,2,2
23918819,,0,0.000087,51,0.000013,0,1,1,0,1,1
23908683,,0,0.000087,51,0.000013,0,1,1,0,1,1
23901346,,0,0.000087,51,0.000013,0,1,1,0,1,1
23806491,,0,0.000087,51,0.000013,0,1,1,0,1,1
23759327,,0,0.000171,51,0.000013,0,2,2,0,2,2
23661613,,0,0.000087,51,0.000013,0,1,1,0,1,1
23634237,,0,0.000099,51,0.000013,0,2,2,0,2,2
23589550,,0,0.000087,51,0.000013,0,1,1,0,1,1
23555854,,0,0.000087,51,0.000013,0,1,1,0,1,1
23555182,,0,0.000087,51,0.000013,0,1,1,0,1,1
23458732,,0,0.000087,51,0.000013,0,1,1,0,1,1
23447416,,0,0.000171,51,0.000013,0,2,2,0,2,2
23422672,,0,0.000087,51,0.000013,0,1,1,0,1,1
23410129,,0,0.000087,51,0.000013,0,1,1,0,1,1
23405229,,0,0.00033,32,0.000013,0,2,2,0,2,2
23322116,,0,0.000087,51,0.000013,0,1,1,0,1,1
23268355,,0,0.000826,32,0.000013,0,6,6,0,6,6
23264855,,0,0.000087,51,0.000013,0,1,1,0,1,1
23257359,,0,0.000087,51,0.000013,0,1,1,0,1,1
23105099,,0,0.00013,70,0.000013,0,2,2,0,2,2
23097625,,0,0.000087,51,0.000013,0,1,1,0,1,1
22993403,,0,0.000087,51,0.000013,0,1,1,0,1,1
22918253,,0,0.000087,51,0.000013,0,1,1,0,1,1
22915752,,0.010807,0.000236,32,0.000941,125,2,127,125,2,127
22736790,,0,0.000087,51,0.000013,0,1,1,0,1,1
22705096,,0,0.000087,51,0.000013,0,1,1,0,1,1
22615383,,0,0.000087,51,0.000013,0,1,1,0,1,1
22461644,,0,0.000087,51,0.000013,0,1,1,0,1,1
22460902,,0,0.000087,51,0.000013,0,1,1,0,1,1
22451619,,0,0.000087,51,0.000013,0,1,1,0,1,1
22425584,,0,0.000087,51,0.000013,0,1,1,0,1,1
22391446,,0,0.000087,51,0.000013,0,1,1,0,1,1
22307624,,0,0.000087,51,0.000013,0,1,1,0,1,1
22287547,,0,0.000087,51,0.000013,0,1,1,0,1,1
22140532,,0,0.000087,51,0.000013,0,1,1,0,1,1
22133722,,0,0.022211,41,0.000013,0,2,2,0,2,2
28208801,,0,0,8,0.000013,0,1,1,0,1,1
23855448,,0,0,8,0.000013,0,1,1,0,1,1
22870220,,0,0,8,0.000013,0,1,1,0,1,1
28808214,,0,0.000011,0,0.000013,0,1,1,0,1,1
27542969,,0,0.000011,0,0.000013,0,1,1,0,1,1
23977306,,0,0.000011,0,0.000013,0,1,1,0,1,1
23785413,,0,0.000029,0,0.000013,0,2,2,0,2,2
22879957,,0,0.000011,0,0.000013,0,1,1,0,1,1
22811759,,0,0.000013,0,0.000013,0,1,1,0,1,1
26074660,,0,0,2,0.000013,0,1,1,0,1,1
23878486,,0,0,2,0.000013,0,1,1,0,1,1
23035223,,0,0,2,0.000013,0,1,1,0,1,1
22388100,,0,0,2,0.000013,0,1,1,0,1,1
21738852,,0,0,2,0.000013,0,1,1,0,1,1
21225233,,0,0,2,0.000013,0,1,1,0,1,1
21604016,,0.000012,0,2,0.000027,5,0,5,5,0,5
26791779,,0,0.000039,8,0.000013,0,1,1,0,1,1
26620551,,0,0.000039,8,0.000013,0,1,1,0,1,1
29267878,,0,0.000009,2,0.000013,0,1,1,0,1,1
27663310,,0,0.000009,2,0.000013,0,1,1,0,1,1
23249957,,0.002059,0.000009,5,0.000259,34,1,35,34,1,35
28881705,,0,0.000025,32,0.000013,0,2,2,0,2,2
28392579,,0,0.000022,0,0.000013,0,1,1,0,1,1
27183914,,0,0.000022,0,0.000013,0,1,1,0,1,1
26609257,,0,0.000039,2,0.000013,0,2,2,0,2,2
24325835,,0,0.000046,2,0.000013,0,2,2,0,2,2
29138210,,0,0.001279,5,0.000013,0,6,6,0,6,6
25845383,,0,0.000013,5,0.000013,0,1,1,0,1,1
23363808,,0,0.000013,5,0.000013,0,1,1,0,1,1
22914389,,0,0.000013,5,0.000013,0,1,1,0,1,1
22355468,,0,0.022149,5,0.000013,0,3,3,0,3,3
30185601,,0,0.000042,70,0.000013,0,2,2,0,2,2
21654808,,0.001885,0,70,0.000963,100,0,100,100,0,100
30023183,,0,0.000042,70,0.000013,0,1,1,0,1,1
29990311,,0,0.000042,70,0.000013,0,1,1,0,1,1
29950310,,0,0.000042,70,0.000013,0,1,1,0,1,1
29899857,,0,0.000042,70,0.000013,0,1,1,0,1,1
29899063,,0,0.000042,70,0.000013,0,1,1,0,1,1
29898964,,0,0.000042,70,0.000013,0,1,1,0,1,1
29466320,,0,0.000042,70,0.000013,0,1,1,0,1,1
29416789,,0,0.000042,70,0.000013,0,1,1,0,1,1
29137223,,0.000001,0.000055,70,0.000029,2,2,4,2,2,4
29066743,,0,0.000042,70,0.000013,0,1,1,0,1,1
29044141,,0,0.000042,70,0.000013,0,1,1,0,1,1
28903501,,0,0.000042,70,0.000013,0,1,1,0,1,1
28777932,,0,0.000686,31,0.000013,0,4,4,0,4,4
28693280,,0,0.000042,70,0.000013,0,1,1,0,1,1
28536422,,0,0.000042,70,0.000013,0,1,1,0,1,1
28331449,,0,0.000042,70,0.000013,0,1,1,0,1,1
28203301,,0,0.000042,70,0.000013,0,1,1,0,1,1
27876057,,0,0.000042,70,0.000013,0,1,1,0,1,1
27695879,,0,0.000042,70,0.000013,0,1,1,0,1,1
27681596,,0,0.000042,70,0.000013,0,1,1,0,1,1
27605872,,0,0.000042,70,0.000013,0,1,1,0,1,1
27509055,,0,0.022166,70,0.000013,0,2,2,0,2,2
27479195,,0,0.000042,70,0.000013,0,1,1,0,1,1
27340936,,0,0.000042,70,0.000013,0,1,1,0,1,1
27338091,,0,0.000042,70,0.000013,0,1,1,0,1,1
27274275,,0,0.000042,70,0.000013,0,1,1,0,1,1
27129404,,0,0.000042,70,0.000013,0,1,1,0,1,1
27052795,,0,0.000042,70,0.000013,0,1,1,0,1,1
27014877,,0,0.000042,70,0.000013,0,1,1,0,1,1
26905586,,0,0.000042,70,0.000013,0,1,1,0,1,1
26876175,,0,0.000042,70,0.000013,0,1,1,0,1,1
26801641,,0,0.00011,70,0.000013,0,2,2,0,2,2
26689991,,0,0.000042,70,0.000013,0,1,1,0,1,1
26622662,,0,0.000042,70,0.000013,0,1,1,0,1,1
26414509,,0,0.000042,70,0.000013,0,1,1,0,1,1
26239303,,0,0.000042,70,0.000013,0,1,1,0,1,1
26137553,,0,0.000042,70,0.000013,0,1,1,0,1,1
25940700,,0,0.000042,70,0.000013,0,1,1,0,1,1
25924630,,0,0.000042,70,0.000013,0,1,1,0,1,1
25881299,,0,0.000042,70,0.000013,0,1,1,0,1,1
25738356,,0,0.000042,70,0.000013,0,1,1,0,1,1
25486477,,0,0.000042,70,0.000013,0,1,1,0,1,1
25120779,,0,0.000042,70,0.000013,0,1,1,0,1,1
24980433,,0,0.000042,70,0.000013,0,1,1,0,1,1
24830723,,0,0.000042,70,0.000013,0,1,1,0,1,1
24772304,,0,0.000042,70,0.000013,0,1,1,0,1,1
24649117,,0,0.000042,70,0.000013,0,1,1,0,1,1
24602161,,0,0.000042,70,0.000013,0,1,1,0,1,1
24346768,,0,0.000042,70,0.000013,0,1,1,0,1,1
24186206,,0,0.000191,32,0.000013,0,2,2,0,2,2
24184637,,0,0.000042,70,0.000013,0,1,1,0,1,1
24142626,,0,0.000058,32,0.000013,0,2,2,0,2,2
24104354,,0,0.000042,70,0.000013,0,1,1,0,1,1
23974106,,0,0.000335,32,0.000013,0,2,2,0,2,2
23948297,,0,0.000042,70,0.000013,0,1,1,0,1,1
23897809,,0,0.000042,70,0.000013,0,1,1,0,1,1
23886499,,0,0.000042,70,0.000013,0,1,1,0,1,1
23790801,,0,0.000042,70,0.000013,0,1,1,0,1,1
23786849,,0,0.000042,70,0.000013,0,1,1,0,1,1
23720678,,0,0.000042,70,0.000013,0,1,1,0,1,1
23708653,,0,0.000042,70,0.000013,0,1,1,0,1,1
23634253,,0,0.000042,70,0.000013,0,1,1,0,1,1
23634250,,0,0.000191,32,0.000013,0,2,2,0,2,2
23627734,,0,0.000042,70,0.000013,0,1,1,0,1,1
23552696,,0,0.000042,70,0.000013,0,1,1,0,1,1
23540573,,0,0.000042,70,0.000013,0,1,1,0,1,1
23502783,,0,0.000042,70,0.000013,0,1,1,0,1,1
23378270,,0,0.022166,70,0.000013,0,2,2,0,2,2
23283994,,0,0.000042,70,0.000013,0,1,1,0,1,1
23109711,,0,0.000042,70,0.000013,0,1,1,0,1,1
23099809,,0,0.000042,70,0.000013,0,1,1,0,1,1
22915759,,0,0.000042,70,0.000013,0,1,1,0,1,1
22846430,,0,0.000042,70,0.000013,0,1,1,0,1,1
22833868,,0,0.000042,70,0.000013,0,1,1,0,1,1
22814742,,0,0.000042,70,0.000013,0,1,1,0,1,1
22749963,,0,0.000042,70,0.000013,0,1,1,0,1,1
22542840,,0,0.000042,70,0.000013,0,1,1,0,1,1
22318732,,0,0.000042,70,0.000013,0,1,1,0,1,1
22307325,,0,0.000042,70,0.000013,0,1,1,0,1,1
22262167,,0,0.000042,70,0.000013,0,1,1,0,1,1
22232705,,0,0.000042,70,0.000013,0,1,1,0,1,1
22214766,,0,0.000042,70,0.000013,0,1,1,0,1,1
22034047,,0,0.000042,70,0.000013,0,1,1,0,1,1
22024187,,0,0.000042,70,0.000013,0,1,1,0,1,1
21983179,,0,0.000042,70,0.000013,0,1,1,0,1,1
26198537,,0,0.02273,51,0.000013,0,5,5,0,5,5
26155992,,0,0.000095,22,0.000013,0,2,2,0,2,2
25627791,,0,0.000041,8,0.000013,0,1,1,0,1,1
23939144,,0,0.000041,8,0.000013,0,1,1,0,1,1
23220019,,0,0.000041,8,0.000013,0,1,1,0,1,1
30296263,,0,0.000485,41,0.000013,0,3,3,0,3,3
29533773,,0,0.000001,41,0.000013,0,1,1,0,1,1
28180305,,0,0.000001,41,0.000013,0,1,1,0,1,1
27570645,,0,0.000001,41,0.000013,0,1,1,0,1,1
27556416,,0,0.000001,41,0.000013,0,1,1,0,1,1
27496804,,0,0.000001,41,0.000013,0,1,1,0,1,1
27486298,,0,0.000001,41,0.000013,0,1,1,0,1,1
27246972,,0,0.000001,41,0.000013,0,1,1,0,1,1
26322309,,0,0.000001,41,0.000013,0,1,1,0,1,1
25923423,,0,0.000001,41,0.000013,0,1,1,0,1,1
24959711,,0,0.000001,41,0.000013,0,1,1,0,1,1
23593430,,0,0.000001,41,0.000013,0,1,1,0,1,1
23282137,,0,0.000001,41,0.000013,0,1,1,0,1,1
22956898,,0,0.000001,41,0.000013,0,1,1,0,1,1
22347440,,0,0.000001,41,0.000013,0,1,1,0,1,1
22096502,,0,0.000001,41,0.000013,0,1,1,0,1,1
30233647,,0,0.000017,22,0.000013,0,5,5,0,5,5
29989027,,0,0.000004,22,0.000013,0,1,1,0,1,1
29954149,,0,0.000004,22,0.000013,0,1,1,0,1,1
29680930,,0,0.000004,22,0.000013,0,1,1,0,1,1
29652675,,0,0.000004,22,0.000013,0,1,1,0,1,1
29300302,,0,0.000007,22,0.000013,0,2,2,0,2,2
29021971,,0,0.000004,22,0.000013,0,1,1,0,1,1
28445521,,0,0.000004,22,0.000013,0,1,1,0,1,1
28009814,,0.000001,0.000461,0,0.000024,2,5,7,2,5,7
27976734,,0,0.000004,22,0.000013,0,1,1,0,1,1
27184744,,0,0.000542,0,0.000013,0,5,5,0,5,5
26761715,,0.000108,0.000004,22,0.000214,29,1,30,29,1,30
26247049,,0,0.000009,22,0.000013,0,3,3,0,3,3
24263461,,0,0.000004,22,0.000013,0,1,1,0,1,1
24090359,,0,0.000004,22,0.000013,0,1,1,0,1,1
23169495,,0,0.000004,22,0.000013,0,1,1,0,1,1
23396860,,0,0,5,0.000013,0,1,1,0,1,1
27387666,,0,0.000001,8,0.000013,0,1,1,0,1,1
25838973,,0,0.000001,8,0.000013,0,1,1,0,1,1
23937906,,0,0.000001,8,0.000013,0,1,1,0,1,1
23721813,,0,0.000001,8,0.000013,0,1,1,0,1,1
29322115,,0,0,5,0.000013,0,1,1,0,1,1
28331508,,0,0.000001,2,0.000013,0,2,2,0,2,2
26115846,,0,0.000008,5,0.000013,0,2,2,0,2,2
30045664,,0,0.000149,32,0.000013,0,1,1,0,1,1
30002440,,0,0.000149,32,0.000013,0,1,1,0,1,1
29954437,,0,0.000318,32,0.000013,0,5,5,0,5,5
29686231,,0,0.000391,32,0.000013,0,2,2,0,2,2
29285242,,0,0.000501,32,0.000013,0,4,4,0,4,4
29020632,,0,0.000149,32,0.000013,0,1,1,0,1,1
28982940,,0,0.000149,32,0.000013,0,1,1,0,1,1
28821559,,0,0.000156,32,0.000013,0,2,2,0,2,2
28420963,,0,0.000149,32,0.000013,0,1,1,0,1,1
28345297,,0,0.000149,32,0.000013,0,1,1,0,1,1
28174091,,0,0.000525,32,0.000013,0,3,3,0,3,3
28008934,,0,0.001,32,0.000013,0,2,2,0,2,2
27701148,,0,0.000149,32,0.000013,0,1,1,0,1,1
27149165,,0,0.000149,32,0.000013,0,1,1,0,1,1
27050151,,0,0.000149,32,0.000013,0,1,1,0,1,1
26881434,,0,0.000149,32,0.000013,0,1,1,0,1,1
26034127,,0,0.000149,32,0.000013,0,1,1,0,1,1
25864384,,0,0.000149,32,0.000013,0,1,1,0,1,1
25733019,,0,0.000149,32,0.000013,0,1,1,0,1,1
25633797,,0,0.000359,41,0.000013,0,2,2,0,2,2
25043972,,0,0.000391,32,0.000013,0,2,2,0,2,2
24018379,,0,0.000149,32,0.000013,0,1,1,0,1,1
24013427,,0,0.000441,32,0.000013,0,2,2,0,2,2
23982162,,0,0.000149,32,0.000013,0,1,1,0,1,1
23760496,,0,0.000568,32,0.000013,0,3,3,0,3,3
23647051,,0,0.000149,32,0.000013,0,1,1,0,1,1
23275151,,0,0.000149,32,0.000013,0,1,1,0,1,1
23264621,,0,0.000149,32,0.000013,0,1,1,0,1,1
22795803,,0,0.000149,32,0.000013,0,1,1,0,1,1
22223105,,0,0.000149,32,0.000013,0,1,1,0,1,1
21962084,,0,0.000149,32,0.000013,0,1,1,0,1,1
21945517,,0,0.000149,32,0.000013,0,1,1,0,1,1
27036951,,0,0.000001,0,0.000013,0,1,1,0,1,1
25247297,,0,0.000001,0,0.000013,0,1,1,0,1,1
23720673,,0,0.000001,0,0.000013,0,1,1,0,1,1
28415743,,0,0,0,0.000013,0,1,1,0,1,1
26496499,,0,0,0,0.000013,0,1,1,0,1,1
26035313,,0,0,0,0.000013,0,1,1,0,1,1
26008967,,0,0,0,0.000013,0,1,1,0,1,1
30061175,,0,0.000732,32,0.000013,0,1,1,0,1,1
30012171,,0,0.000953,51,0.000013,0,3,3,0,3,3
29763622,,0,0.00078,31,0.000013,0,2,2,0,2,2
29679802,,0,0.000806,8,0.000013,0,2,2,0,2,2
29533782,,0,0.023829,32,0.000056,4,6,10,4,6,10
28938635,,0,0.000752,5,0.000013,0,3,3,0,3,3
28925391,,0,0.001306,32,0.000013,0,4,4,0,4,4
28921800,,0,0.000732,32,0.000013,0,1,1,0,1,1
28154920,,0,0.0015,32,0.000013,0,2,2,0,2,2
27406232,,0,0.000732,32,0.000013,0,1,1,0,1,1
26645892,,0,0.000732,32,0.000013,0,1,1,0,1,1
26490435,,0,0.000984,32,0.000013,0,2,2,0,2,2
26251615,,0,0.002368,32,0.000013,0,4,4,0,4,4
25928070,,0,0.001214,32,0.000013,0,2,2,0,2,2
25293804,,0,0.001214,32,0.000013,0,2,2,0,2,2
24154874,,0,0.023717,32,0.000013,0,3,3,0,3,3
23254695,,0,0.000732,32,0.000013,0,1,1,0,1,1
22954224,,0,0.001594,32,0.000013,0,2,2,0,2,2
22807625,,0,0.001183,29,0.000013,0,2,2,0,2,2
22295252,,0,0.000732,32,0.000013,0,1,1,0,1,1
26677835,,0,0.000002,5,0.000013,0,2,2,0,2,2
24058877,,0,0.000002,5,0.000013,0,2,2,0,2,2
22317975,,0,0,5,0.000013,0,1,1,0,1,1
27256430,,0,0.000009,5,0.000013,0,1,1,0,1,1
24725756,,0,0.000025,5,0.000013,0,2,2,0,2,2
24504939,,0,0.000036,22,0.000013,0,2,2,0,2,2
24118369,,0,0.000009,5,0.000013,0,1,1,0,1,1
28989247,,0,0.00008,41,0.000013,0,1,1,0,1,1
28239445,,0,0.000174,8,0.000013,0,6,6,0,6,6
28033382,,0.00004,0.000292,51,0.000026,3,4,7,3,4,7
27709282,,0,0.00008,41,0.000013,0,1,1,0,1,1
26369335,,0,0.024549,41,0.000013,0,7,7,0,7,7
25705225,,0,0.00008,41,0.000013,0,1,1,0,1,1
25423885,,0,0.00008,41,0.000013,0,1,1,0,1,1
24833108,,0,0.000108,32,0.000013,0,3,3,0,3,3
24631446,,0,0.023425,41,0.000013,0,3,3,0,3,3
24259968,,0,0.00008,41,0.000013,0,1,1,0,1,1
23869254,,0,0.00008,41,0.000013,0,1,1,0,1,1
23642906,,0,0.00008,41,0.000013,0,1,1,0,1,1
23630229,,0,0.000021,22,0.000013,0,1,1,0,1,1
30375371,,0,0.022124,41,0.000013,0,1,1,0,1,1
30355311,,0,0.022124,41,0.000013,0,1,1,0,1,1
30348959,,0,0.022181,41,0.000013,0,2,2,0,2,2
30345394,,0,0.023224,41,0.000013,0,2,2,0,2,2
30333958,,0,0.022538,32,0.000013,0,6,6,0,6,6
30333487,,0,0.022124,41,0.000013,0,1,1,0,1,1
30305911,,0,0.022124,41,0.000013,0,1,1,0,1,1
30297789,,0,0.023743,41,0.000013,0,3,3,0,3,3
30262850,,0,0.022171,31,0.000013,0,2,2,0,2,2
30261690,,0,0.022208,5,0.000013,0,3,3,0,3,3
30254278,,0,0.023371,41,0.000013,0,3,3,0,3,3
30253799,,0,0.022124,41,0.000013,0,1,1,0,1,1
30246154,,0,0.022343,41,0.000013,0,6,6,0,6,6
30237504,,0,0.022124,41,0.000013,0,1,1,0,1,1
30231564,,0,0.022901,41,0.000013,0,2,2,0,2,2
30228934,,0,0.022124,41,0.000013,0,1,1,0,1,1
30216380,,0,0.022124,41,0.000013,0,1,1,0,1,1
30214298,,0,0.022162,41,0.000013,0,2,2,0,2,2
30204756,,0,0.022124,41,0.000013,0,1,1,0,1,1
30196236,,0,0.022124,41,0.000013,0,1,1,0,1,1
30182054,,0,0.022124,41,0.000013,0,1,1,0,1,1
30181917,,0,0.022124,41,0.000013,0,1,1,0,1,1
30181294,,0,0.022124,41,0.000013,0,1,1,0,1,1
30176911,,0,0.022124,41,0.000013,0,1,1,0,1,1
30142790,,0,0.022124,41,0.000013,0,1,1,0,1,1
30131853,,0,0.022975,41,0.000013,0,2,2,0,2,2
30127274,,0,0.022124,41,0.000013,0,1,1,0,1,1
30104763,,0,0.023745,41,0.000013,0,6,6,0,6,6
30093685,,0,0.022137,29,0.000013,0,2,2,0,2,2
30087267,,0,0.022304,41,0.000013,0,2,2,0,2,2
30084834,,0,0.023224,41,0.000013,0,2,2,0,2,2
30083023,,0,0.022124,41,0.000013,0,1,1,0,1,1
30062862,,0,0.022199,0,0.000013,0,4,4,0,4,4
30061703,,0,0.022169,31,0.000013,0,2,2,0,2,2
30061485,,0,0.022175,41,0.000013,0,2,2,0,2,2
30052649,,0,0.022124,41,0.000013,0,1,1,0,1,1
30051594,,0,0.023224,41,0.000013,0,2,2,0,2,2
30050594,,0,0.022124,41,0.000013,0,1,1,0,1,1
30050129,,0,0.022124,41,0.000013,0,1,1,0,1,1
30045908,,0,0.022124,41,0.000013,0,1,1,0,1,1
30042343,,0,0.022124,41,0.000013,0,1,1,0,1,1
30038317,,0,0.022181,41,0.000013,0,2,2,0,2,2
30034459,,0,0.023346,41,0.000013,0,2,2,0,2,2
30016392,,0,0.022124,41,0.000013,0,1,1,0,1,1
30008853,,0,0.022124,41,0.000013,0,1,1,0,1,1
30004845,,0,0.023285,41,0.000013,0,3,3,0,3,3
30001835,,0,0.022124,41,0.000013,0,1,1,0,1,1
29997359,,0,0.022676,2,0.000013,0,8,8,0,8,8
29996888,,0,0.022404,31,0.000013,0,3,3,0,3,3
29988723,,0,0.022124,41,0.000013,0,1,1,0,1,1
29971090,,0,0.022124,41,0.000013,0,1,1,0,1,1
29969986,,0,0.022136,31,0.000013,0,2,2,0,2,2
29963073,,0,0.022124,41,0.000013,0,1,1,0,1,1
29949979,,0,0.022975,41,0.000013,0,2,2,0,2,2
29946544,,0,0.022124,41,0.000013,0,1,1,0,1,1
29942794,,0,0.022124,41,0.000013,0,1,1,0,1,1
29934362,,0,0.022191,32,0.000013,0,2,2,0,2,2
29929545,,0,0.022124,41,0.000013,0,1,1,0,1,1
29927933,,0,0.022163,41,0.000013,0,2,2,0,2,2
29921308,,0,0.022179,31,0.000013,0,2,2,0,2,2
29901154,,0,0.022124,41,0.000013,0,1,1,0,1,1
29899543,,0,0.022124,41,0.000013,0,1,1,0,1,1
29899393,,0,0.023224,41,0.000013,0,2,2,0,2,2
29898407,,0,0.022124,41,0.000013,0,1,1,0,1,1
29897425,,0,0.022124,41,0.000013,0,1,1,0,1,1
29895694,,0,0.022124,41,0.000013,0,1,1,0,1,1
29881257,,0,0.027293,5,0.000013,0,11,11,0,11,11
29880787,,0,0.022124,41,0.000013,0,1,1,0,1,1
29872707,,0,0.022975,41,0.000013,0,2,2,0,2,2
29850653,,0,0.022124,41,0.000013,0,1,1,0,1,1
29843806,,0,0.022124,41,0.000013,0,1,1,0,1,1
29795571,,0,0.022124,41,0.000013,0,1,1,0,1,1
29795040,,0,0.022124,41,0.000013,0,1,1,0,1,1
29793804,,0,0.022124,41,0.000013,0,1,1,0,1,1
29783665,,0,0.022147,51,0.000013,0,3,3,0,3,3
29780774,,0,0.022124,41,0.000013,0,1,1,0,1,1
29774075,,0,0.023005,41,0.000013,0,2,2,0,2,2
29773902,,0,0.023224,41,0.000013,0,2,2,0,2,2
29765148,,0,0.022124,41,0.000013,0,1,1,0,1,1
29760516,,0,0.022124,41,0.000013,0,1,1,0,1,1
29760377,,0,0.022334,41,0.000013,0,2,2,0,2,2
29749503,,0,0.023458,41,0.000013,0,3,3,0,3,3
29716620,,0,0.022124,41,0.000013,0,1,1,0,1,1
29716549,,0,0.022124,41,0.000013,0,1,1,0,1,1
29712898,,0,0.022965,41,0.000013,0,2,2,0,2,2
29706454,,0,0.022124,41,0.000013,0,1,1,0,1,1
29703902,,0,0.022124,41,0.000013,0,1,1,0,1,1
29700304,,0,0.022124,41,0.000013,0,1,1,0,1,1
29697363,,0,0.022124,41,0.000013,0,1,1,0,1,1
29696206,,0,0.022135,41,0.000013,0,2,2,0,2,2
29688383,,0,0.022124,41,0.000013,0,1,1,0,1,1
29685880,,0,0.022135,41,0.000013,0,2,2,0,2,2
29684207,,0,0.022124,41,0.000013,0,1,1,0,1,1
29671397,,0,0.022124,41,0.000013,0,1,1,0,1,1
29664143,,0,0.022124,41,0.000013,0,1,1,0,1,1
29633253,,0,0.022124,41,0.000013,0,1,1,0,1,1
29628467,,0,0.022124,41,0.000013,0,1,1,0,1,1
29628290,,0,0.02224,31,0.000013,0,3,3,0,3,3
29625055,,0,0.022124,41,0.000013,0,1,1,0,1,1
29625048,,0,0.022147,31,0.000013,0,2,2,0,2,2
29623421,,0,0.022124,41,0.000013,0,1,1,0,1,1
29622466,,0,0.022166,31,0.000013,0,2,2,0,2,2
29622464,,0,0.022124,41,0.000013,0,1,1,0,1,1
29620581,,0,0.022124,41,0.000013,0,1,1,0,1,1
29617659,,0,0.022124,41,0.000013,0,1,1,0,1,1
29599910,,0,0.022277,41,0.000013,0,4,4,0,4,4
29594039,,0,0.022181,41,0.000013,0,2,2,0,2,2
29589561,,0,0.022124,41,0.000013,0,1,1,0,1,1
29584920,,0,0.022838,31,0.000013,0,4,4,0,4,4
29567272,,0,0.023294,32,0.000013,0,5,5,0,5,5
29563500,,0,0.022124,41,0.000013,0,1,1,0,1,1
29560094,,0,0.022124,41,0.000013,0,1,1,0,1,1
29548784,,0,0.022124,41,0.000013,0,1,1,0,1,1
29548303,,0,0.022124,41,0.000013,0,1,1,0,1,1
29535360,,0,0.023224,41,0.000013,0,2,2,0,2,2
29524322,,0,0.022124,41,0.000013,0,1,1,0,1,1
29515689,,0,0.022244,23,0.000013,0,3,3,0,3,3
29479082,,0,0.022124,41,0.000013,0,1,1,0,1,1
29462149,,0,0.022975,41,0.000013,0,2,2,0,2,2
29448954,,0,0.022906,51,0.000013,0,3,3,0,3,3
29440484,,0,0.022124,41,0.000013,0,1,1,0,1,1
29440175,,0,0.022124,41,0.000013,0,1,1,0,1,1
29438696,,0,0.022124,41,0.000013,0,1,1,0,1,1
29435183,,0,0.022124,41,0.000013,0,1,1,0,1,1
29435137,,0,0.022124,41,0.000013,0,1,1,0,1,1
29434898,,0,0.022124,41,0.000013,0,1,1,0,1,1
29434467,,0,0.024517,0,0.000013,0,5,5,0,5,5
29434212,,0,0.022331,41,0.000013,0,2,2,0,2,2
29433427,,0,0.022124,41,0.000013,0,1,1,0,1,1
29423077,,0,0.022124,41,0.000013,0,1,1,0,1,1
29422776,,0,0.022124,41,0.000013,0,1,1,0,1,1
29416878,,0,0.022124,41,0.000013,0,1,1,0,1,1
29416824,,0,0.022124,41,0.000013,0,1,1,0,1,1
29416679,,0,0.022124,41,0.000013,0,1,1,0,1,1
29393731,,0,0.022124,41,0.000013,0,1,1,0,1,1
29389895,,0,0.027103,0,0.000013,0,22,22,0,22,22
29383145,,0,0.022471,32,0.000013,0,2,2,0,2,2
29383036,,0,0.02215,17,0.000013,0,3,3,0,3,3
29382369,,0,0.022124,41,0.000013,0,1,1,0,1,1
29376131,,0,0.022124,41,0.000013,0,1,1,0,1,1
29371993,,0,0.022124,41,0.000013,0,1,1,0,1,1
29358619,,0,0.022124,41,0.000013,0,1,1,0,1,1
29354116,,0,0.022124,41,0.000013,0,1,1,0,1,1
29351920,,0,0.022124,41,0.000013,0,1,1,0,1,1
29324546,,0,0.022124,41,0.000013,0,1,1,0,1,1
29321820,,0,0.022124,41,0.000013,0,1,1,0,1,1
29321816,,0,0.022124,41,0.000013,0,1,1,0,1,1
29312534,,0,0.022901,41,0.000013,0,2,2,0,2,2
29301960,,0,0.022124,41,0.000013,0,1,1,0,1,1
29296220,,0,0.022124,41,0.000013,0,1,1,0,1,1
29296209,,0,0.023224,41,0.000013,0,2,2,0,2,2
29285388,,0,0.022256,41,0.000013,0,3,3,0,3,3
29278600,,0,0.022124,41,0.000013,0,1,1,0,1,1
29276780,,0,0.022265,33,0.000013,0,3,3,0,3,3
29266765,,0,0.022975,41,0.000013,0,2,2,0,2,2
29244808,,0,0.022124,41,0.000013,0,1,1,0,1,1
29228547,,0,0.022124,41,0.000013,0,1,1,0,1,1
29221157,,0,0.022124,41,0.000013,0,1,1,0,1,1
29218871,,0,0.023224,41,0.000013,0,2,2,0,2,2
29216340,,0,0.022183,17,0.000013,0,3,3,0,3,3
29212204,,0,0.022124,41,0.000013,0,1,1,0,1,1
29210986,,0,0.022124,41,0.000013,0,1,1,0,1,1
29207666,,0,0.022124,41,0.000013,0,1,1,0,1,1
29198524,,0,0.022124,41,0.000013,0,1,1,0,1,1
29196464,,0,0.022124,41,0.000013,0,1,1,0,1,1
29195926,,0,0.022287,41,0.000013,0,2,2,0,2,2
29186515,,0,0.022124,41,0.000013,0,1,1,0,1,1
29184441,,0,0.022124,41,0.000013,0,1,1,0,1,1
29183400,,0,0.022124,41,0.000013,0,1,1,0,1,1
29180611,,0,0.022575,31,0.000013,0,2,2,0,2,2
29174566,,0,0.022124,41,0.000013,0,1,1,0,1,1
29162841,,0,0.022124,41,0.000013,0,1,1,0,1,1
29152081,,0,0.022124,41,0.000013,0,1,1,0,1,1
29150601,,0,0.022124,41,0.000013,0,1,1,0,1,1
29141914,,0,0.022124,41,0.000013,0,1,1,0,1,1
29130934,,0,0.023456,5,0.000013,0,4,4,0,4,4
29126163,,0,0.022124,41,0.000013,0,1,1,0,1,1
29114401,,0,0.022124,41,0.000013,0,1,1,0,1,1
29113276,,0,0.02227,41,0.000013,0,2,2,0,2,2
29109301,,0,0.022159,10,0.000013,0,2,2,0,2,2
29104488,,0,0.022124,41,0.000013,0,1,1,0,1,1
29100075,,0,0.022124,41,0.000013,0,1,1,0,1,1
29093603,,0,0.022124,41,0.000013,0,1,1,0,1,1
29091960,,0,0.022124,41,0.000013,0,1,1,0,1,1
29090014,,0,0.0225,32,0.000013,0,3,3,0,3,3
29089486,,0,0.022124,41,0.000013,0,1,1,0,1,1
29066617,,0,0.022124,41,0.000013,0,1,1,0,1,1
29062170,,0,0.022124,41,0.000013,0,1,1,0,1,1
29061967,,0.001669,0.023102,41,0.000062,9,4,13,9,4,13
29059010,,0,0.022124,41,0.000013,0,1,1,0,1,1
29057879,,0,0.022124,41,0.000013,0,1,1,0,1,1
29042553,,0,0.024333,41,0.000013,0,5,5,0,5,5
29032074,,0,0.022124,41,0.000013,0,1,1,0,1,1
29020960,,0,0.022374,41,0.000013,0,2,2,0,2,2
28991261,,0,0.022124,41,0.000013,0,1,1,0,1,1
28984201,,0,0.023224,41,0.000013,0,2,2,0,2,2
28983483,,0,0.022124,41,0.000013,0,1,1,0,1,1
28981122,,0,0.022124,41,0.000013,0,1,1,0,1,1
28979802,,0,0.022224,32,0.000013,0,3,3,0,3,3
28977852,,0,0.022124,41,0.000013,0,1,1,0,1,1
28969028,,0,0.022124,41,0.000013,0,1,1,0,1,1
28967908,,0,0.022124,41,0.000013,0,1,1,0,1,1
28950307,,0,0.022124,41,0.000013,0,1,1,0,1,1
28938536,,0,0.022975,41,0.000013,0,2,2,0,2,2
28927026,,0,0.022124,41,0.000013,0,1,1,0,1,1
28898201,,0,0.022171,44,0.000013,0,3,3,0,3,3
28893231,,0,0.022124,41,0.000013,0,1,1,0,1,1
28892043,,0,0.022124,41,0.000013,0,1,1,0,1,1
28884012,,0,0.022124,41,0.000013,0,1,1,0,1,1
28881577,,0,0.022124,41,0.000013,0,1,1,0,1,1
28872635,,0,0.022124,41,0.000013,0,1,1,0,1,1
28871116,,0,0.022124,41,0.000013,0,1,1,0,1,1
28866885,,0,0.023007,31,0.000013,0,8,8,0,8,8
28854921,,0,0.022124,41,0.000013,0,1,1,0,1,1
28852147,,0,0.022124,41,0.000013,0,1,1,0,1,1
28851311,,0,0.023224,41,0.000013,0,2,2,0,2,2
28848618,,0,0.022124,41,0.000013,0,1,1,0,1,1
28848242,,0,0.022519,32,0.000013,0,4,4,0,4,4
28842505,,0,0.022124,41,0.000013,0,1,1,0,1,1
28841418,,0,0.022124,41,0.000013,0,1,1,0,1,1
28838952,,0,0.022124,41,0.000013,0,1,1,0,1,1
28835735,,0,0.022124,41,0.000013,0,1,1,0,1,1
28827520,,0,0.022124,41,0.000013,0,1,1,0,1,1
28815209,,0,0.022124,41,0.000013,0,1,1,0,1,1
28811376,,0,0.022124,41,0.000013,0,1,1,0,1,1
28798885,,0,0.022124,41,0.000013,0,1,1,0,1,1
28790837,,0,0.024242,5,0.000013,0,8,8,0,8,8
28784174,,0,0.023224,41,0.000013,0,2,2,0,2,2
28781807,,0,0.022124,41,0.000013,0,1,1,0,1,1
28778953,,0,0.022124,41,0.000013,0,1,1,0,1,1
28778862,,0,0.022124,41,0.000013,0,1,1,0,1,1
28777143,,0,0.022124,41,0.000013,0,1,1,0,1,1
28769043,,0,0.022124,41,0.000013,0,1,1,0,1,1
28768687,,0,0.022975,41,0.000013,0,2,2,0,2,2
28765560,,0,0.022124,41,0.000013,0,1,1,0,1,1
28762650,,0,0.022181,41,0.000013,0,2,2,0,2,2
28749468,,0,0.022124,41,0.000013,0,1,1,0,1,1
28747339,,0,0.022124,41,0.000013,0,1,1,0,1,1
28744021,,0,0.022124,41,0.000013,0,1,1,0,1,1
28736741,,0,0.023038,41,0.000013,0,3,3,0,3,3
28729955,,0,0.022124,41,0.000013,0,1,1,0,1,1
28728166,,0,0.022124,41,0.000013,0,1,1,0,1,1
28710496,,0,0.022124,41,0.000013,0,1,1,0,1,1
28708071,,0,0.022124,41,0.000013,0,1,1,0,1,1
28707979,,0,0.022124,41,0.000013,0,1,1,0,1,1
28698296,,0,0.022901,41,0.000013,0,2,2,0,2,2
28691013,,0,0.023224,41,0.000013,0,2,2,0,2,2
28665395,,0,0.022124,41,0.000013,0,1,1,0,1,1
28657225,,0,0.023346,41,0.000013,0,2,2,0,2,2
28650955,,0,0.022251,31,0.000013,0,2,2,0,2,2
28648284,,0,0.022124,41,0.000013,0,1,1,0,1,1
28642588,,0,0.022124,41,0.000013,0,1,1,0,1,1
28641578,,0,0.02333,31,0.000013,0,3,3,0,3,3
28641043,,0,0.023224,41,0.000013,0,2,2,0,2,2
28617578,,0,0.022124,41,0.000013,0,1,1,0,1,1
28615526,,0,0.023397,41,0.000013,0,4,4,0,4,4
28608929,,0,0.023225,41,0.000013,0,4,4,0,4,4
28604753,,0,0.022124,41,0.000013,0,1,1,0,1,1
28594898,,0,0.022124,41,0.000013,0,1,1,0,1,1
28587062,,0,0.022124,41,0.000013,0,1,1,0,1,1
28579319,,0,0.022124,41,0.000013,0,1,1,0,1,1
28578276,,0,0.022124,41,0.000013,0,1,1,0,1,1
28566428,,0.000773,0.022647,32,0.000033,6,2,8,6,2,8
28562334,,0,0.023238,44,0.000013,0,3,3,0,3,3
28560097,,0,0.022124,41,0.000013,0,1,1,0,1,1
28558959,,0,0.022124,41,0.000013,0,1,1,0,1,1
28558767,,0,0.022359,41,0.000013,0,2,2,0,2,2
28554551,,0,0.022124,41,0.000013,0,1,1,0,1,1
28552950,,0,0.022124,41,0.000013,0,1,1,0,1,1
28520777,,0,0.022124,41,0.000013,0,1,1,0,1,1
28514312,,0,0.022124,41,0.000013,0,1,1,0,1,1
28498842,,0,0.022124,41,0.000013,0,1,1,0,1,1
28498246,,0,0.022124,41,0.000013,0,1,1,0,1,1
28497333,,0.000018,0.022203,5,0.000025,2,3,5,2,3,5
28491146,,0,0.025368,51,0.000013,0,9,9,0,9,9
28491011,,0,0.022124,41,0.000013,0,1,1,0,1,1
28489927,,0,0.022124,41,0.000013,0,1,1,0,1,1
28459819,,0,0.022124,41,0.000013,0,1,1,0,1,1
28439015,,0,0.022136,8,0.000013,0,2,2,0,2,2
28435450,,0,0.022124,41,0.000013,0,1,1,0,1,1
28433771,,0,0.022124,41,0.000013,0,1,1,0,1,1
28423358,,0,0.022124,41,0.000013,0,1,1,0,1,1
28415609,,0,0.022975,41,0.000013,0,2,2,0,2,2
28412735,,0,0.022124,41,0.000013,0,1,1,0,1,1
28396911,,0,0.022124,41,0.000013,0,1,1,0,1,1
28392124,,0,0.022124,41,0.000013,0,1,1,0,1,1
28389666,,0,0.022124,41,0.000013,0,1,1,0,1,1
28376174,,0,0.022124,41,0.000013,0,1,1,0,1,1
28376088,,0,0.022192,41,0.000013,0,2,2,0,2,2
28367061,,0,0.022124,41,0.000013,0,1,1,0,1,1
28361690,,0,0.022124,41,0.000013,0,1,1,0,1,1
28361684,,0,0.022124,41,0.000013,0,1,1,0,1,1
28359308,,0,0.022124,41,0.000013,0,1,1,0,1,1
28356928,,0,0.022175,5,0.000013,0,2,2,0,2,2
28355574,,0,0.022124,41,0.000013,0,1,1,0,1,1
28350786,,0,0.022124,41,0.000013,0,1,1,0,1,1
28346442,,0,0.022374,0,0.000013,0,4,4,0,4,4
28346042,,0,0.022124,41,0.000013,0,1,1,0,1,1
28345024,,0,0.022124,41,0.000013,0,1,1,0,1,1
28334900,,0,0.0225,32,0.000013,0,3,3,0,3,3
28334343,,0,0.022124,41,0.000013,0,1,1,0,1,1
28333954,,0,0.022124,41,0.000013,0,1,1,0,1,1
28332630,,0,0.022124,41,0.000013,0,1,1,0,1,1
28320418,,0,0.022429,41,0.000013,0,5,5,0,5,5
28292439,,0,0.022124,41,0.000013,0,1,1,0,1,1
28292312,,0,0.022124,41,0.000013,0,1,1,0,1,1
28288142,,0,0.022124,41,0.000013,0,1,1,0,1,1
28286604,,0,0.022374,41,0.000013,0,2,2,0,2,2
28283672,,0,0.022124,41,0.000013,0,1,1,0,1,1
28280730,,0,0.022124,41,0.000013,0,1,1,0,1,1
28280090,,0,0.024138,31,0.000013,0,6,6,0,6,6
28279692,,0,0.022124,41,0.000013,0,1,1,0,1,1
28278071,,0,0.022124,41,0.000013,0,1,1,0,1,1
28275576,,0,0.023172,41,0.000013,0,4,4,0,4,4
28263311,,0,0.022124,41,0.000013,0,1,1,0,1,1
28255243,,0,0.022124,41,0.000013,0,1,1,0,1,1
28239216,,0,0.022124,41,0.000013,0,1,1,0,1,1
28234008,,0,0.022124,41,0.000013,0,1,1,0,1,1
28232483,,0,0.022124,41,0.000013,0,1,1,0,1,1
28223716,,0,0.023224,41,0.000013,0,2,2,0,2,2
28209595,,0,0.022124,41,0.000013,0,1,1,0,1,1
28206954,,0,0.022124,41,0.000013,0,1,1,0,1,1
28206648,,0,0.022124,41,0.000013,0,1,1,0,1,1
28203520,,0,0.022124,41,0.000013,0,1,1,0,1,1
28202506,,0,0.022124,41,0.000013,0,1,1,0,1,1
28199976,,0,0.022124,41,0.000013,0,1,1,0,1,1
28198375,,0,0.022124,41,0.000013,0,1,1,0,1,1
28187738,,0,0.022124,41,0.000013,0,1,1,0,1,1
28179987,,0,0.022124,41,0.000013,0,1,1,0,1,1
28179590,,0,0.022124,41,0.000013,0,1,1,0,1,1
28178664,,0,0.022124,41,0.000013,0,1,1,0,1,1
28174230,,0,0.022124,41,0.000013,0,1,1,0,1,1
28169314,,0,0.022124,41,0.000013,0,1,1,0,1,1
28159814,,0,0.022124,41,0.000013,0,1,1,0,1,1
28154416,,0,0.023342,41,0.000013,0,4,4,0,4,4
28148293,,0,0.022124,41,0.000013,0,1,1,0,1,1
28146434,,0,0.022124,41,0.000013,0,1,1,0,1,1
28145423,,0.000072,0.022388,0,0.000022,3,4,7,3,4,7
28142321,,0,0.022124,41,0.000013,0,1,1,0,1,1
28139702,,0,0.023218,32,0.000013,0,3,3,0,3,3
28138309,,0,0.022124,41,0.000013,0,1,1,0,1,1
28137908,,0,0.022124,41,0.000013,0,1,1,0,1,1
28123896,,0,0.022124,41,0.000013,0,1,1,0,1,1
28123539,,0,0.022124,41,0.000013,0,1,1,0,1,1
28122348,,0,0.022124,41,0.000013,0,1,1,0,1,1
28115208,,0,0.022901,41,0.000013,0,2,2,0,2,2
28112728,,0,0.022975,41,0.000013,0,2,2,0,2,2
28111004,,0,0.023224,41,0.000013,0,2,2,0,2,2
28105908,,0,0.022124,41,0.000013,0,1,1,0,1,1
28105451,,0,0.022124,41,0.000013,0,1,1,0,1,1
28103826,,0,0.022124,41,0.000013,0,1,1,0,1,1
28100625,,0,0.022124,41,0.000013,0,1,1,0,1,1
28089051,,0,0.022575,31,0.000013,0,2,2,0,2,2
28073843,,0,0.022124,41,0.000013,0,1,1,0,1,1
28073171,,0,0.022124,41,0.000013,0,1,1,0,1,1
28070226,,0,0.022124,41,0.000013,0,1,1,0,1,1
28067895,,0,0.022124,41,0.000013,0,1,1,0,1,1
28061464,,0,0.022124,41,0.000013,0,1,1,0,1,1
28056026,,0,0.022124,41,0.000013,0,1,1,0,1,1
28055897,,0,0.022124,41,0.000013,0,1,1,0,1,1
28053089,,0,0.022124,41,0.000013,0,1,1,0,1,1
28042188,,0,0.022124,41,0.000013,0,1,1,0,1,1
28040685,,0,0.022124,41,0.000013,0,1,1,0,1,1
28039463,,0,0.022124,41,0.000013,0,1,1,0,1,1
28038466,,0,0.022304,41,0.000013,0,2,2,0,2,2
28027945,,0,0.022124,41,0.000013,0,1,1,0,1,1
28008168,,0,0.022124,41,0.000013,0,1,1,0,1,1
28007036,,0,0.022208,51,0.000013,0,2,2,0,2,2
28003870,,0.00015,0.025296,5,0.000013,1,7,8,1,7,8
27999736,,0,0.022124,41,0.000013,0,1,1,0,1,1
27997533,,0,0.022181,41,0.000013,0,2,2,0,2,2
27993965,,0.001405,0.023809,51,0.000051,11,6,17,11,6,17
27993796,,0,0.023131,32,0.000013,0,3,3,0,3,3
27983698,,0,0.025983,51,0.000013,0,8,8,0,8,8
27982081,,0,0.022124,41,0.000013,0,1,1,0,1,1
27959635,,0,0.022124,41,0.000013,0,1,1,0,1,1
27956521,,0,0.022124,41,0.000013,0,1,1,0,1,1
27918551,,0,0.022124,41,0.000013,0,1,1,0,1,1
27917296,,0,0.023224,41,0.000013,0,2,2,0,2,2
27908398,,0,0.022124,41,0.000013,0,1,1,0,1,1
27906134,,0,0.022124,41,0.000013,0,1,1,0,1,1
27905519,,0,0.0225,32,0.000013,0,3,3,0,3,3
27904752,,0,0.022124,41,0.000013,0,1,1,0,1,1
27901492,,0,0.022124,41,0.000013,0,1,1,0,1,1
27900369,,0,0.022281,32,0.000013,0,2,2,0,2,2
27892920,,0,0.022124,41,0.000013,0,1,1,0,1,1
27892457,,0,0.022124,41,0.000013,0,1,1,0,1,1
27875985,,0,0.022124,41,0.000013,0,1,1,0,1,1
27863405,,0,0.0223,32,0.000013,0,3,3,0,3,3
27856443,,0,0.023025,41,0.000013,0,3,3,0,3,3
27852253,,0,0.022124,41,0.000013,0,1,1,0,1,1
27849011,,0,0.022124,41,0.000013,0,1,1,0,1,1
27840695,,0,0.022181,41,0.000013,0,2,2,0,2,2
27836980,,0,0.022124,41,0.000013,0,1,1,0,1,1
27835572,,0,0.022124,41,0.000013,0,1,1,0,1,1
27834954,,0,0.022135,35,0.000013,0,2,2,0,2,2
27833898,,0,0.023224,41,0.000013,0,2,2,0,2,2
27833130,,0,0.022124,41,0.000013,0,1,1,0,1,1
27822512,,0,0.022124,41,0.000013,0,1,1,0,1,1
27821806,,0,0.022124,41,0.000013,0,1,1,0,1,1
27819677,,0,0.022124,41,0.000013,0,1,1,0,1,1
27819294,,0,0.022193,41,0.000013,0,2,2,0,2,2
27819019,,0,0.022287,51,0.000013,0,2,2,0,2,2
27809878,,0,0.022124,41,0.000013,0,1,1,0,1,1
27801298,,0,0.022124,41,0.000013,0,1,1,0,1,1
27798635,,0,0.022124,41,0.000013,0,1,1,0,1,1
27791010,,0,0.022124,41,0.000013,0,1,1,0,1,1
27788220,,0,0.022124,41,0.000013,0,1,1,0,1,1
27788148,,0,0.023346,41,0.000013,0,2,2,0,2,2
27777471,,0,0.022124,41,0.000013,0,1,1,0,1,1
27768182,,0.000074,0.02265,23,0.000078,12,6,18,12,6,18
27766744,,0,0.022124,41,0.000013,0,1,1,0,1,1
27765459,,0,0.022172,51,0.000013,0,3,3,0,3,3
27765068,,0,0.022359,41,0.000013,0,2,2,0,2,2
27765019,,0,0.022124,41,0.000013,0,1,1,0,1,1
27756408,,0,0.022192,41,0.000013,0,2,2,0,2,2
27734929,,0,0.022124,41,0.000013,0,1,1,0,1,1
27729437,,0,0.023224,41,0.000013,0,2,2,0,2,2
27729194,,0,0.022499,41,0.000013,0,3,3,0,3,3
27720231,,0,0.022124,41,0.000013,0,1,1,0,1,1
27713570,,0,0.022146,41,0.000013,0,2,2,0,2,2
27698843,,0,0.022124,41,0.000013,0,1,1,0,1,1
27697594,,0,0.022124,41,0.000013,0,1,1,0,1,1
27680505,,0,0.022124,41,0.000013,0,1,1,0,1,1
27677586,,0,0.022124,41,0.000013,0,1,1,0,1,1
27669434,,0,0.022124,41,0.000013,0,1,1,0,1,1
27667176,,0,0.022124,41,0.000013,0,1,1,0,1,1
27665539,,0,0.023224,41,0.000013,0,2,2,0,2,2
27663592,,0,0.022586,32,0.000013,0,3,3,0,3,3
27661117,,0,0.022124,41,0.000013,0,1,1,0,1,1
27661102,,0,0.024001,41,0.000013,0,3,3,0,3,3
27659538,,0,0.022124,41,0.000013,0,1,1,0,1,1
27659536,,0,0.022146,41,0.000013,0,2,2,0,2,2
27655714,,0,0.022124,41,0.000013,0,1,1,0,1,1
27655640,,0,0.022124,41,0.000013,0,1,1,0,1,1
27617642,,0,0.022124,41,0.000013,0,1,1,0,1,1
27617576,,0,0.022124,41,0.000013,0,1,1,0,1,1
27611952,,0,0.022124,41,0.000013,0,1,1,0,1,1
27602775,,0,0.022901,41,0.000013,0,2,2,0,2,2
27601996,,0,0.022912,41,0.000013,0,3,3,0,3,3
27593933,,0,0.022124,41,0.000013,0,1,1,0,1,1
27588493,,0,0.023063,0,0.000035,2,4,6,2,4,6
27582547,,0,0.022334,41,0.000013,0,2,2,0,2,2
27570657,,0.000026,0.023352,31,0.000019,1,3,4,1,3,4
27569584,,0,0.022124,41,0.000013,0,1,1,0,1,1
27561551,,0,0.023224,41,0.000013,0,2,2,0,2,2
27559151,,0,0.022136,70,0.000013,0,2,2,0,2,2
27558279,,0,0.022124,41,0.000013,0,1,1,0,1,1
27558154,,0,0.022334,41,0.000013,0,2,2,0,2,2
27536319,,0,0.022124,41,0.000013,0,1,1,0,1,1
27530686,,0,0.022124,41,0.000013,0,1,1,0,1,1
27530326,,0.001741,0.02436,41,0.000093,13,5,18,13,5,18
27527602,,0,0.022124,41,0.000013,0,1,1,0,1,1
27516935,,0,0.023869,51,0.000013,0,3,3,0,3,3
27513026,,0,0.022159,10,0.000013,0,2,2,0,2,2
27499925,,0,0.022124,41,0.000013,0,1,1,0,1,1
27499892,,0,0.022124,41,0.000013,0,1,1,0,1,1
27498762,,0,0.023274,41,0.000013,0,3,3,0,3,3
27492892,,0.001138,0.022901,41,0.000051,6,2,8,6,2,8
27490802,,0,0.022124,41,0.000013,0,1,1,0,1,1
27489349,,0,0.022124,41,0.000013,0,1,1,0,1,1
27485054,,0,0.023488,5,0.000013,0,3,3,0,3,3
27478834,,0,0.022124,41,0.000013,0,1,1,0,1,1
27478503,,0,0.022124,41,0.000013,0,1,1,0,1,1
27458529,,0,0.022124,41,0.000013,0,1,1,0,1,1
27453446,,0,0.02227,23,0.000013,0,2,2,0,2,2
27452673,,0,0.022124,41,0.000013,0,1,1,0,1,1
27444372,,0,0.022124,41,0.000013,0,1,1,0,1,1
27444036,,0,0.024929,32,0.000013,0,7,7,0,7,7
27426307,,0,0.023491,32,0.000013,0,5,5,0,5,5
27422332,,0,0.022124,41,0.000013,0,1,1,0,1,1
27421040,,0,0.022124,41,0.000013,0,1,1,0,1,1
27388124,,0,0.022124,41,0.000013,0,1,1,0,1,1
27385216,,0,0.022304,41,0.000013,0,2,2,0,2,2
27381624,,0,0.022124,41,0.000013,0,1,1,0,1,1
27378931,,0,0.022124,41,0.000013,0,1,1,0,1,1
27374141,,0,0.022124,41,0.000013,0,1,1,0,1,1
27372738,,0,0.022124,41,0.000013,0,1,1,0,1,1
27358048,,0,0.022124,41,0.000013,0,1,1,0,1,1
27354067,,0,0.022901,41,0.000013,0,2,2,0,2,2
27353327,,0,0.022124,41,0.000013,0,1,1,0,1,1
27343009,,0,0.022181,41,0.000013,0,2,2,0,2,2
27339942,,0,0.022124,41,0.000013,0,1,1,0,1,1
27329033,,0,0.022124,41,0.000013,0,1,1,0,1,1
27326311,,0,0.022124,41,0.000013,0,1,1,0,1,1
27325851,,0,0.022124,41,0.000013,0,1,1,0,1,1
27323405,,0,0.022124,41,0.000013,0,1,1,0,1,1
27322684,,0,0.022124,41,0.000013,0,1,1,0,1,1
27313331,,0,0.022124,41,0.000013,0,1,1,0,1,1
27308478,,0,0.022124,41,0.000013,0,1,1,0,1,1
27308341,,0,0.023101,41,0.000013,0,3,3,0,3,3
27282150,,0,0.022124,41,0.000013,0,1,1,0,1,1
27275818,,0,0.022124,41,0.000013,0,1,1,0,1,1
27270322,,0,0.022124,41,0.000013,0,1,1,0,1,1
27256873,,0,0.023731,51,0.000013,0,5,5,0,5,5
27253518,,0,0.022124,41,0.000013,0,1,1,0,1,1
27253175,,0,0.023435,41,0.000013,0,3,3,0,3,3
27239958,,0,0.023224,41,0.000013,0,2,2,0,2,2
27235858,,0,0.022124,41,0.000013,0,1,1,0,1,1
27231561,,0,0.022124,41,0.000013,0,1,1,0,1,1
27231557,,0,0.022124,41,0.000013,0,1,1,0,1,1
27231484,,0,0.022244,41,0.000013,0,2,2,0,2,2
27231203,,0,0.022124,41,0.000013,0,1,1,0,1,1
27230211,,0,0.022124,41,0.000013,0,1,1,0,1,1
27229533,,0,0.023224,41,0.000013,0,2,2,0,2,2
27225414,,0,0.022124,41,0.000013,0,1,1,0,1,1
27216078,,0.000516,0.02321,41,0.000044,4,6,10,4,6,10
27215396,,0,0.023224,41,0.000013,0,2,2,0,2,2
27200294,,0,0.023541,5,0.000013,0,5,5,0,5,5
27197945,,0,0.022124,41,0.000013,0,1,1,0,1,1
27197152,,0,0.022124,41,0.000013,0,1,1,0,1,1
27196780,,0,0.023236,33,0.000013,0,3,3,0,3,3
27189670,,0,0.022124,41,0.000013,0,1,1,0,1,1
27189279,,0,0.022124,41,0.000013,0,1,1,0,1,1
27174921,,0,0.022124,41,0.000013,0,1,1,0,1,1
27172797,,0,0.022124,41,0.000013,0,1,1,0,1,1
27170665,,0,0.022124,41,0.000013,0,1,1,0,1,1
27167110,,0,0.022124,41,0.000013,0,1,1,0,1,1
27159635,,0,0.022901,41,0.000013,0,2,2,0,2,2
27157619,,0,0.022124,41,0.000013,0,1,1,0,1,1
27156852,,0,0.022124,41,0.000013,0,1,1,0,1,1
27147568,,0,0.022124,41,0.000013,0,1,1,0,1,1
27147567,,0,0.022647,51,0.000013,0,2,2,0,2,2
27147225,,0,0.022124,41,0.000013,0,1,1,0,1,1
27144941,,0,0.022124,41,0.000013,0,1,1,0,1,1
27142977,,0,0.022197,8,0.000013,0,2,2,0,2,2
27141069,,0,0.022124,41,0.000013,0,1,1,0,1,1
27141062,,0.000592,0.023654,32,0.000027,4,4,8,4,4,8
27129169,,0,0.022124,41,0.000013,0,1,1,0,1,1
27129161,,0,0.022124,41,0.000013,0,1,1,0,1,1
27121307,,0,0.022124,41,0.000013,0,1,1,0,1,1
27119108,,0,0.022124,41,0.000013,0,1,1,0,1,1
27114889,,0,0.022124,41,0.000013,0,1,1,0,1,1
27111033,,0,0.022631,51,0.000013,0,3,3,0,3,3
27105520,,0,0.022124,41,0.000013,0,1,1,0,1,1
27103885,,0,0.022124,41,0.000013,0,1,1,0,1,1
27102436,,0,0.022124,41,0.000013,0,1,1,0,1,1
27102245,,0,0.023005,41,0.000013,0,2,2,0,2,2
27098033,,0,0.022124,41,0.000013,0,1,1,0,1,1
27096160,,0,0.022124,41,0.000013,0,1,1,0,1,1
27096031,,0,0.022124,41,0.000013,0,1,1,0,1,1
27081703,,0,0.023224,41,0.000013,0,2,2,0,2,2
27081328,,0,0.022124,41,0.000013,0,1,1,0,1,1
27081306,,0,0.022124,41,0.000013,0,1,1,0,1,1
27075448,,0,0.023346,41,0.000013,0,2,2,0,2,2
27074572,,0.002211,0.024115,41,0.000551,55,4,59,55,4,59
27071721,,0,0.022124,41,0.000013,0,1,1,0,1,1
27071093,,0,0.022796,31,0.000013,0,4,4,0,4,4
27067410,,0,0.022124,41,0.000013,0,1,1,0,1,1
27065332,,0,0.022124,41,0.000013,0,1,1,0,1,1
27060149,,0,0.022149,41,0.000013,0,2,2,0,2,2
27053923,,0,0.022124,41,0.000013,0,1,1,0,1,1
27052356,,0,0.022124,41,0.000013,0,1,1,0,1,1
27048884,,0,0.022124,41,0.000013,0,1,1,0,1,1
27047702,,0,0.022124,41,0.000013,0,1,1,0,1,1
27041570,,0,0.022124,41,0.000013,0,1,1,0,1,1
27035433,,0,0.022124,41,0.000013,0,1,1,0,1,1
27034613,,0,0.023002,41,0.000013,0,3,3,0,3,3
27027433,,0,0.022359,41,0.000013,0,2,2,0,2,2
27026228,,0,0.022124,41,0.000013,0,1,1,0,1,1
27016308,,0,0.022124,41,0.000013,0,1,1,0,1,1
27016234,,0,0.023224,41,0.000013,0,2,2,0,2,2
27016222,,0,0.022124,41,0.000013,0,1,1,0,1,1
27012190,,0,0.024324,5,0.000013,0,6,6,0,6,6
27009938,,0,0.022124,41,0.000013,0,1,1,0,1,1
26992233,,0,0.022173,41,0.000013,0,2,2,0,2,2
26986515,,0,0.022124,41,0.000013,0,1,1,0,1,1
26974996,,0,0.022124,41,0.000013,0,1,1,0,1,1
26973247,,0,0.022124,41,0.000013,0,1,1,0,1,1
26972162,,0,0.022124,41,0.000013,0,1,1,0,1,1
26968641,,0,0.023224,41,0.000013,0,2,2,0,2,2
26964739,,0,0.022245,41,0.000013,0,2,2,0,2,2
26964623,,0,0.023352,41,0.000013,0,4,4,0,4,4
26961683,,0,0.022124,41,0.000013,0,1,1,0,1,1
26959121,,0,0.022324,41,0.000013,0,2,2,0,2,2
26949157,,0,0.022124,41,0.000013,0,1,1,0,1,1
26943585,,0,0.022124,41,0.000013,0,1,1,0,1,1
26942886,,0,0.022124,41,0.000013,0,1,1,0,1,1
26937756,,0,0.022124,41,0.000013,0,1,1,0,1,1
26936395,,0,0.022606,31,0.000013,0,2,2,0,2,2
26918392,,0,0.022124,41,0.000013,0,1,1,0,1,1
26918345,,0,0.022124,41,0.000013,0,1,1,0,1,1
26908019,,0,0.022124,41,0.000013,0,1,1,0,1,1
26893702,,0,0.022124,41,0.000013,0,1,1,0,1,1
26883286,,0,0.022124,41,0.000013,0,1,1,0,1,1
26879975,,0,0.022901,41,0.000013,0,2,2,0,2,2
26877780,,0,0.022647,51,0.000013,0,2,2,0,2,2
26871602,,0,0.022124,41,0.000013,0,1,1,0,1,1
26871470,,0,0.023201,31,0.000013,0,4,4,0,4,4
26867771,,0,0.022159,35,0.000013,0,3,3,0,3,3
26863568,,0,0.022124,41,0.000013,0,1,1,0,1,1
26860615,,0,0.022124,41,0.000013,0,1,1,0,1,1
26849781,,0,0.022124,41,0.000013,0,1,1,0,1,1
26849037,,0,0.022647,51,0.000013,0,2,2,0,2,2
26832797,,0,0.022124,41,0.000013,0,1,1,0,1,1
26819345,,0,0.022124,41,0.000013,0,1,1,0,1,1
26818060,,0,0.022124,41,0.000013,0,1,1,0,1,1
26817708,,0,0.023224,41,0.000013,0,2,2,0,2,2
26810393,,0,0.022124,41,0.000013,0,1,1,0,1,1
26807235,,0,0.022374,41,0.000013,0,2,2,0,2,2
26796307,,0,0.022124,41,0.000013,0,1,1,0,1,1
26788197,,0,0.022124,41,0.000013,0,1,1,0,1,1
26785814,,0,0.022124,41,0.000013,0,1,1,0,1,1
26779402,,0,0.022124,41,0.000013,0,1,1,0,1,1
26775705,,0,0.022124,41,0.000013,0,1,1,0,1,1
26775699,,0,0.022124,41,0.000013,0,1,1,0,1,1
26771497,,0,0.022124,41,0.000013,0,1,1,0,1,1
26770382,,0,0.022124,41,0.000013,0,1,1,0,1,1
26755556,,0,0.022124,41,0.000013,0,1,1,0,1,1
26751490,,0,0.023224,41,0.000013,0,2,2,0,2,2
26748848,,0,0.022124,41,0.000013,0,1,1,0,1,1
26748214,,0,0.023309,31,0.000013,0,3,3,0,3,3
26738740,,0,0.022124,41,0.000013,0,1,1,0,1,1
26735499,,0,0.022901,41,0.000013,0,2,2,0,2,2
26725650,,0,0.022124,41,0.000013,0,1,1,0,1,1
26720345,,0,0.022124,41,0.000013,0,1,1,0,1,1
26719703,,0,0.022194,41,0.000013,0,3,3,0,3,3
26717985,,0,0.022124,41,0.000013,0,1,1,0,1,1
26716409,,0,0.022124,41,0.000013,0,1,1,0,1,1
26715829,,0,0.022124,41,0.000013,0,1,1,0,1,1
26691761,,0,0.022124,41,0.000013,0,1,1,0,1,1
26684027,,0,0.022124,41,0.000013,0,1,1,0,1,1
26682248,,0,0.022124,41,0.000013,0,1,1,0,1,1
26682011,,0,0.022124,41,0.000013,0,1,1,0,1,1
26675546,,0,0.022192,41,0.000013,0,2,2,0,2,2
26673580,,0,0.022124,41,0.000013,0,1,1,0,1,1
26669450,,0,0.023671,51,0.000013,0,4,4,0,4,4
26666289,,0,0.022124,41,0.000013,0,1,1,0,1,1
26657155,,0,0.022124,41,0.000013,0,1,1,0,1,1
26657142,,0,0.022387,5,0.000013,0,2,2,0,2,2
26655797,,0,0.022124,41,0.000013,0,1,1,0,1,1
26646792,,0,0.022124,41,0.000013,0,1,1,0,1,1
26645725,,0,0.022124,41,0.000013,0,1,1,0,1,1
26640543,,0,0.022124,41,0.000013,0,1,1,0,1,1
26631459,,0,0.022124,41,0.000013,0,1,1,0,1,1
26625204,,0,0.022124,41,0.000013,0,1,1,0,1,1
26622942,,0,0.022124,41,0.000013,0,1,1,0,1,1
26622736,,0,0.022124,41,0.000013,0,1,1,0,1,1
26620706,,0,0.02229,41,0.000013,0,3,3,0,3,3
26617853,,0,0.022124,41,0.000013,0,1,1,0,1,1
26610547,,0,0.022124,41,0.000013,0,1,1,0,1,1
26609213,,0,0.022124,41,0.000013,0,1,1,0,1,1
26606135,,0,0.023224,41,0.000013,0,2,2,0,2,2
26602013,,0,0.022124,41,0.000013,0,1,1,0,1,1
26597175,,0,0.0225,32,0.000013,0,3,3,0,3,3
26586806,,0,0.022124,41,0.000013,0,1,1,0,1,1
26581809,,0,0.022124,41,0.000013,0,1,1,0,1,1
26580601,,0,0.022244,41,0.000013,0,2,2,0,2,2
26577046,,0,0.022124,41,0.000013,0,1,1,0,1,1
26575166,,0,0.022124,41,0.000013,0,1,1,0,1,1
26573438,,0,0.023371,41,0.000013,0,3,3,0,3,3
26569395,,0.000689,0.023392,5,0.00002,3,3,6,3,3,6
26559525,,0,0.022124,41,0.000013,0,1,1,0,1,1
26557882,,0,0.022263,41,0.000013,0,2,2,0,2,2
26556035,,0,0.022124,41,0.000013,0,1,1,0,1,1
26549805,,0,0.023224,41,0.000013,0,2,2,0,2,2
26546806,,0,0.022985,41,0.000013,0,2,2,0,2,2
26546296,,0,0.022124,41,0.000013,0,1,1,0,1,1
26545823,,0,0.022124,41,0.000013,0,1,1,0,1,1
26530441,,0,0.023224,41,0.000013,0,2,2,0,2,2
26523267,,0,0.022124,41,0.000013,0,1,1,0,1,1
26519468,,0,0.02227,23,0.000013,0,2,2,0,2,2
26516350,,0,0.022124,41,0.000013,0,1,1,0,1,1
26515818,,0,0.022124,41,0.000013,0,1,1,0,1,1
26515598,,0,0.022124,41,0.000013,0,1,1,0,1,1
26507825,,0,0.022124,41,0.000013,0,1,1,0,1,1
26506417,,0,0.022124,41,0.000013,0,1,1,0,1,1
26500033,,0,0.022725,51,0.000013,0,3,3,0,3,3
26495758,,0,0.022124,41,0.000013,0,1,1,0,1,1
26494976,,0,0.022124,41,0.000013,0,1,1,0,1,1
26492273,,0,0.022124,41,0.000013,0,1,1,0,1,1
26490766,,0,0.024249,28,0.000013,0,5,5,0,5,5
26486520,,0,0.022124,41,0.000013,0,1,1,0,1,1
26486086,,0,0.023224,41,0.000013,0,2,2,0,2,2
26485143,,0,0.022173,41,0.000013,0,2,2,0,2,2
26485003,,0,0.022124,41,0.000013,0,1,1,0,1,1
26482043,,0,0.022124,41,0.000013,0,1,1,0,1,1
26472020,,0,0.022901,41,0.000013,0,2,2,0,2,2
26456302,,0,0.02346,41,0.000013,0,3,3,0,3,3
26452130,,0,0.022124,41,0.000013,0,1,1,0,1,1
26451959,,0,0.022124,41,0.000013,0,1,1,0,1,1
26428316,,0,0.022124,41,0.000013,0,1,1,0,1,1
26427375,,0,0.023479,41,0.000013,0,4,4,0,4,4
26426684,,0,0.024723,0,0.000013,0,6,6,0,6,6
26418900,,0,0.022124,41,0.000013,0,1,1,0,1,1
26416421,,0,0.022374,41,0.000013,0,2,2,0,2,2
26412982,,0,0.022124,41,0.000013,0,1,1,0,1,1
26411585,,0,0.022124,41,0.000013,0,1,1,0,1,1
26410082,,0,0.022606,31,0.000013,0,2,2,0,2,2
26406377,,0,0.022124,41,0.000013,0,1,1,0,1,1
26404381,,0,0.022124,41,0.000013,0,1,1,0,1,1
26404183,,0,0.022124,41,0.000013,0,1,1,0,1,1
26391404,,0,0.022901,41,0.000013,0,2,2,0,2,2
26383827,,0,0.022124,41,0.000013,0,1,1,0,1,1
26380555,,0,0.023336,41,0.000013,0,4,4,0,4,4
26377073,,0,0.023224,41,0.000013,0,2,2,0,2,2
26374197,,0,0.022124,41,0.000013,0,1,1,0,1,1
26364602,,0,0.023108,41,0.000013,0,3,3,0,3,3
26362996,,0,0.022511,32,0.000013,0,3,3,0,3,3
26356327,,0,0.022124,41,0.000013,0,1,1,0,1,1
26354718,,0.000629,0.022124,32,0.000044,6,1,7,6,1,7
26350498,,0,0.022124,41,0.000013,0,1,1,0,1,1
26345285,,0,0.022124,41,0.000013,0,1,1,0,1,1
26343191,,0,0.022124,41,0.000013,0,1,1,0,1,1
26334131,,0,0.022124,41,0.000013,0,1,1,0,1,1
26329039,,0,0.022124,41,0.000013,0,1,1,0,1,1
26324360,,0,0.022124,41,0.000013,0,1,1,0,1,1
26321251,,0,0.022124,41,0.000013,0,1,1,0,1,1
26320869,,0,0.022124,41,0.000013,0,1,1,0,1,1
26319120,,0,0.022124,41,0.000013,0,1,1,0,1,1
26318585,,0,0.022193,41,0.000013,0,2,2,0,2,2
26317392,,0,0.022975,41,0.000013,0,2,2,0,2,2
26308486,,0,0.022124,41,0.000013,0,1,1,0,1,1
26308346,,0,0.022124,41,0.000013,0,1,1,0,1,1
26306699,,0,0.022124,41,0.000013,0,1,1,0,1,1
26306234,,0,0.022193,41,0.000013,0,2,2,0,2,2
26305917,,0,0.022124,41,0.000013,0,1,1,0,1,1
26299613,,0,0.022124,41,0.000013,0,1,1,0,1,1
26278998,,0,0.022124,41,0.000013,0,1,1,0,1,1
26274927,,0,0.022124,41,0.000013,0,1,1,0,1,1
26270481,,0,0.022124,41,0.000013,0,1,1,0,1,1
26269749,,0,0.022124,41,0.000013,0,1,1,0,1,1
26260910,,0,0.022124,41,0.000013,0,1,1,0,1,1
26248648,,0,0.022124,41,0.000013,0,1,1,0,1,1
26248031,,0,0.022124,41,0.000013,0,1,1,0,1,1
26243836,,0,0.022334,41,0.000013,0,2,2,0,2,2
26238185,,0,0.022124,41,0.000013,0,1,1,0,1,1
26236688,,0,0.023519,41,0.000013,0,5,5,0,5,5
26234182,,0,0.022965,41,0.000013,0,2,2,0,2,2
26231170,,0,0.022124,41,0.000013,0,1,1,0,1,1
26227665,,0,0.023186,41,0.000013,0,3,3,0,3,3
26227489,,0,0.022124,41,0.000013,0,1,1,0,1,1
26224872,,0,0.022124,41,0.000013,0,1,1,0,1,1
26224579,,0,0.022647,51,0.000013,0,2,2,0,2,2
26224133,,0,0.022146,31,0.000013,0,2,2,0,2,2
26222067,,0,0.022147,51,0.000013,0,2,2,0,2,2
26217958,,0,0.022975,41,0.000013,0,2,2,0,2,2
26215675,,0,0.022124,41,0.000013,0,1,1,0,1,1
26209509,,0,0.023054,41,0.000013,0,3,3,0,3,3
26204491,,0,0.022124,41,0.000013,0,1,1,0,1,1
26202601,,0,0.023224,41,0.000013,0,2,2,0,2,2
26192918,,0,0.02262,31,0.000013,0,3,3,0,3,3
26191180,,0,0.022124,41,0.000013,0,1,1,0,1,1
26182352,,0,0.022124,41,0.000013,0,1,1,0,1,1
26181416,,0,0.022124,41,0.000013,0,1,1,0,1,1
26181193,,0.005522,0.022201,41,0.000122,22,2,24,22,2,24
26175968,,0,0.022208,31,0.000013,0,2,2,0,2,2
26170722,,0,0.022135,2,0.000013,0,2,2,0,2,2
26166714,,0,0.022124,41,0.000013,0,1,1,0,1,1
26159569,,0,0.022901,41,0.000013,0,2,2,0,2,2
26158448,,0,0.022124,41,0.000013,0,1,1,0,1,1
26139413,,0,0.022124,41,0.000013,0,1,1,0,1,1
26138921,,0,0.022124,41,0.000013,0,1,1,0,1,1
26132201,,0,0.022124,41,0.000013,0,1,1,0,1,1
26125594,,0,0.022975,41,0.000013,0,2,2,0,2,2
26121317,,0,0.022124,41,0.000013,0,1,1,0,1,1
26119817,,0,0.022124,41,0.000013,0,1,1,0,1,1
26111056,,0,0.022975,41,0.000013,0,2,2,0,2,2
26110023,,0,0.022124,41,0.000013,0,1,1,0,1,1
26101093,,0,0.022124,41,0.000013,0,1,1,0,1,1
26099468,,0,0.022124,41,0.000013,0,1,1,0,1,1
26099452,,0,0.022124,41,0.000013,0,1,1,0,1,1
26098711,,0,0.022374,41,0.000013,0,2,2,0,2,2
26096019,,0,0.022263,41,0.000013,0,2,2,0,2,2
26080861,,0,0.023224,41,0.000013,0,2,2,0,2,2
26076164,,0,0.022308,5,0.000013,0,3,3,0,3,3
26075790,,0,0.024361,5,0.000013,0,4,4,0,4,4
26055813,,0,0.022124,41,0.000013,0,1,1,0,1,1
26051713,,0,0.022124,41,0.000013,0,1,1,0,1,1
26050922,,0,0.023432,41,0.000013,0,3,3,0,3,3
26048077,,0,0.022124,41,0.000013,0,1,1,0,1,1
26047463,,0,0.022124,41,0.000013,0,1,1,0,1,1
26043110,,0.000997,0.022124,41,0.000067,6,1,7,6,1,7
26039994,,0,0.022124,41,0.000013,0,1,1,0,1,1
26015868,,0.001266,0.024103,31,0.000047,9,7,16,9,7,16
26015570,,0,0.023224,41,0.000013,0,2,2,0,2,2
26011384,,0,0.022888,51,0.000013,0,2,2,0,2,2
26000852,,0,0.022975,41,0.000013,0,2,2,0,2,2
26000738,,0,0.022146,41,0.000013,0,2,2,0,2,2
25999347,,0,0.022188,32,0.000013,0,2,2,0,2,2
25991672,,0,0.022124,41,0.000013,0,1,1,0,1,1
25988180,,0,0.022124,41,0.000013,0,1,1,0,1,1
25977900,,0,0.022374,41,0.000013,0,2,2,0,2,2
25977332,,0,0.022124,41,0.000013,0,1,1,0,1,1
25977291,,0,0.022124,41,0.000013,0,1,1,0,1,1
25972361,,0,0.022901,41,0.000013,0,2,2,0,2,2
25971410,,0,0.023047,41,0.000013,0,3,3,0,3,3
25968567,,0,0.022124,41,0.000013,0,1,1,0,1,1
25965947,,0,0.022124,41,0.000013,0,1,1,0,1,1
25964101,,0,0.022124,41,0.000013,0,1,1,0,1,1
25961669,,0,0.022975,41,0.000013,0,2,2,0,2,2
25960768,,0,0.022124,41,0.000013,0,1,1,0,1,1
25960638,,0,0.022124,41,0.000013,0,1,1,0,1,1
25958397,,0,0.022135,31,0.000013,0,2,2,0,2,2
25958393,,0,0.022124,41,0.000013,0,1,1,0,1,1
25958320,,0,0.022124,41,0.000013,0,1,1,0,1,1
25950620,,0,0.023005,41,0.000013,0,2,2,0,2,2
25946318,,0,0.022124,41,0.000013,0,1,1,0,1,1
25944911,,0,0.022124,41,0.000013,0,1,1,0,1,1
25940761,,0,0.022124,41,0.000013,0,1,1,0,1,1
25936886,,0,0.022124,41,0.000013,0,1,1,0,1,1
25934522,,0,0.023732,41,0.000013,0,3,3,0,3,3
25928379,,0,0.022136,35,0.000013,0,2,2,0,2,2
25917195,,0,0.022124,41,0.000013,0,1,1,0,1,1
25907971,,0,0.022124,41,0.000013,0,1,1,0,1,1
25903787,,0,0.022124,41,0.000013,0,1,1,0,1,1
25897373,,0,0.022192,41,0.000013,0,2,2,0,2,2
25896974,,0,0.022124,41,0.000013,0,1,1,0,1,1
25890285,,0,0.022124,41,0.000013,0,1,1,0,1,1
25889361,,0,0.022124,41,0.000013,0,1,1,0,1,1
25888305,,0,0.022135,32,0.000013,0,2,2,0,2,2
25887568,,0,0.022124,41,0.000013,0,1,1,0,1,1
25887147,,0,0.022975,41,0.000013,0,2,2,0,2,2
25886164,,0,0.022124,41,0.000013,0,1,1,0,1,1
25886003,,0,0.022124,41,0.000013,0,1,1,0,1,1
25884494,,0,0.022518,32,0.000013,0,3,3,0,3,3
25881093,,0,0.022124,41,0.000013,0,1,1,0,1,1
25878333,,0,0.022124,41,0.000013,0,1,1,0,1,1
25877891,,0,0.022124,41,0.000013,0,1,1,0,1,1
25877329,,0,0.022124,41,0.000013,0,1,1,0,1,1
25875127,,0,0.022124,41,0.000013,0,1,1,0,1,1
25872896,,0,0.023414,51,0.000013,0,3,3,0,3,3
25867001,,0,0.022124,41,0.000013,0,1,1,0,1,1
25861392,,0,0.022124,41,0.000013,0,1,1,0,1,1
25861213,,0,0.022124,41,0.000013,0,1,1,0,1,1
25860109,,0,0.022124,41,0.000013,0,1,1,0,1,1
25859819,,0,0.022975,41,0.000013,0,2,2,0,2,2
25855048,,0,0.022124,41,0.000013,0,1,1,0,1,1
25849741,,0,0.022124,41,0.000013,0,1,1,0,1,1
25831060,,0,0.022124,41,0.000013,0,1,1,0,1,1
25810107,,0,0.023101,41,0.000013,0,3,3,0,3,3
25804953,,0,0.023346,0,0.000013,0,5,5,0,5,5
25794154,,0,0.022606,31,0.000013,0,2,2,0,2,2
25783201,,0,0.022359,41,0.000013,0,2,2,0,2,2
25779658,,0,0.022124,41,0.000013,0,1,1,0,1,1
25754234,,0,0.022124,41,0.000013,0,1,1,0,1,1
25754088,,0,0.022136,41,0.000013,0,2,2,0,2,2
25748058,,0,0.023224,41,0.000013,0,2,2,0,2,2
25742136,,0,0.022965,41,0.000013,0,2,2,0,2,2
25733895,,0,0.022374,41,0.000013,0,2,2,0,2,2
25721614,,0,0.022124,41,0.000013,0,1,1,0,1,1
25709969,,0,0.022324,41,0.000013,0,2,2,0,2,2
25708199,,0,0.022124,41,0.000013,0,1,1,0,1,1
25707771,,0,0.022124,41,0.000013,0,1,1,0,1,1
25691825,,0,0.023846,41,0.000013,0,3,3,0,3,3
25684390,,0,0.022124,41,0.000013,0,1,1,0,1,1
25671108,,0,0.022124,41,0.000013,0,1,1,0,1,1
25660948,,0,0.022124,41,0.000013,0,1,1,0,1,1
25658832,,0,0.022124,41,0.000013,0,1,1,0,1,1
25655233,,0,0.022124,41,0.000013,0,1,1,0,1,1
25653168,,0,0.022975,41,0.000013,0,2,2,0,2,2
25649242,,0,0.023224,41,0.000013,0,2,2,0,2,2
25646015,,0,0.022124,41,0.000013,0,1,1,0,1,1
25644622,,0,0.02217,41,0.000013,0,2,2,0,2,2
25640961,,0,0.022124,41,0.000013,0,1,1,0,1,1
25639871,,0,0.022124,41,0.000013,0,1,1,0,1,1
25633079,,0,0.022124,41,0.000013,0,1,1,0,1,1
25632305,,0,0.022136,8,0.000013,0,2,2,0,2,2
25628764,,0,0.022124,41,0.000013,0,1,1,0,1,1
25625193,,0,0.022124,41,0.000013,0,1,1,0,1,1
25622902,,0,0.022124,41,0.000013,0,1,1,0,1,1
25611546,,0,0.022124,41,0.000013,0,1,1,0,1,1
25608759,,0,0.02227,41,0.000013,0,2,2,0,2,2
25594067,,0,0.022124,41,0.000013,0,1,1,0,1,1
25587357,,0,0.022124,41,0.000013,0,1,1,0,1,1
25580158,,0,0.022124,41,0.000013,0,1,1,0,1,1
25572314,,0,0.022124,41,0.000013,0,1,1,0,1,1
25569148,,0,0.022975,41,0.000013,0,2,2,0,2,2
25560806,,0,0.023092,32,0.000013,0,4,4,0,4,4
25560400,,0,0.022124,41,0.000013,0,1,1,0,1,1
25560085,,0,0.022124,41,0.000013,0,1,1,0,1,1
25557169,,0,0.024113,41,0.000013,0,5,5,0,5,5
25556618,,0,0.022124,41,0.000013,0,1,1,0,1,1
25556617,,0,0.023883,41,0.000013,0,4,4,0,4,4
25556616,,0,0.022965,41,0.000013,0,2,2,0,2,2
25556614,,0,0.022374,41,0.000013,0,2,2,0,2,2
25556613,,0,0.022124,41,0.000013,0,1,1,0,1,1
25553357,,0,0.022124,41,0.000013,0,1,1,0,1,1
25551281,,0,0.022124,41,0.000013,0,1,1,0,1,1
25545504,,0,0.022124,41,0.000013,0,1,1,0,1,1
25545135,,0,0.022124,41,0.000013,0,1,1,0,1,1
25535366,,0,0.022374,41,0.000013,0,2,2,0,2,2
25527363,,0,0.022901,41,0.000013,0,2,2,0,2,2
25524384,,0,0.022124,41,0.000013,0,1,1,0,1,1
25519148,,0,0.022124,41,0.000013,0,1,1,0,1,1
25506199,,0,0.022124,41,0.000013,0,1,1,0,1,1
25501392,,0,0.022975,41,0.000013,0,2,2,0,2,2
25490527,,0,0.022191,32,0.000013,0,2,2,0,2,2
25490449,,0,0.022124,41,0.000013,0,1,1,0,1,1
25486864,,0,0.022124,41,0.000013,0,1,1,0,1,1
25474241,,0,0.022124,41,0.000013,0,1,1,0,1,1
25473433,,0,0.022159,33,0.000013,0,2,2,0,2,2
25469243,,0,0.022124,41,0.000013,0,1,1,0,1,1
25460179,,0,0.022124,41,0.000013,0,1,1,0,1,1
25456139,,0,0.022124,41,0.000013,0,1,1,0,1,1
25454820,,0,0.024257,0,0.000013,0,4,4,0,4,4
25437919,,0,0.022124,41,0.000013,0,1,1,0,1,1
25437714,,0,0.022124,41,0.000013,0,1,1,0,1,1
25418856,,0,0.022124,41,0.000013,0,1,1,0,1,1
25416196,,0,0.022124,41,0.000013,0,1,1,0,1,1
25413436,,0,0.022124,41,0.000013,0,1,1,0,1,1
25409689,,0,0.022124,41,0.000013,0,1,1,0,1,1
25406591,,0,0.022124,41,0.000013,0,1,1,0,1,1
25404506,,0,0.022124,41,0.000013,0,1,1,0,1,1
25394645,,0,0.022124,41,0.000013,0,1,1,0,1,1
25392696,,0,0.022124,41,0.000013,0,1,1,0,1,1
25392690,,0,0.022124,41,0.000013,0,1,1,0,1,1
25392082,,0,0.022901,41,0.000013,0,2,2,0,2,2
25390899,,0,0.022251,31,0.000013,0,2,2,0,2,2
25385636,,0,0.022124,41,0.000013,0,1,1,0,1,1
25385265,,0,0.022124,41,0.000013,0,1,1,0,1,1
25383459,,0,0.023224,41,0.000013,0,2,2,0,2,2
25382732,,0,0.022124,41,0.000013,0,1,1,0,1,1
25380171,,0,0.023224,41,0.000013,0,2,2,0,2,2
25378557,,0,0.022124,41,0.000013,0,1,1,0,1,1
25378332,,0,0.022124,41,0.000013,0,1,1,0,1,1
25378323,,0,0.022124,41,0.000013,0,1,1,0,1,1
25376608,,0,0.022387,5,0.000013,0,2,2,0,2,2
25374782,,0,0.022124,41,0.000013,0,1,1,0,1,1
25366565,,0,0.022124,41,0.000013,0,1,1,0,1,1
25356755,,0,0.022192,41,0.000013,0,2,2,0,2,2
25356737,,0,0.022124,41,0.000013,0,1,1,0,1,1
25349970,,0,0.022124,41,0.000013,0,1,1,0,1,1
25342990,,0,0.024446,41,0.000013,0,3,3,0,3,3
25340765,,0,0.022606,31,0.000013,0,2,2,0,2,2
25339994,,0,0.022124,41,0.000013,0,1,1,0,1,1
25337550,,0,0.022124,41,0.000013,0,1,1,0,1,1
25335753,,0,0.022124,41,0.000013,0,1,1,0,1,1
25333261,,0,0.022901,41,0.000013,0,2,2,0,2,2
25331876,,0,0.022124,41,0.000013,0,1,1,0,1,1
25326813,,0,0.022124,41,0.000013,0,1,1,0,1,1
25324189,,0,0.022124,41,0.000013,0,1,1,0,1,1
25319062,,0,0.022124,41,0.000013,0,1,1,0,1,1
25316809,,0,0.022124,41,0.000013,0,1,1,0,1,1
25314936,,0,0.022124,41,0.000013,0,1,1,0,1,1
25309732,,0,0.022124,41,0.000013,0,1,1,0,1,1
25295534,,0,0.022124,41,0.000013,0,1,1,0,1,1
25295252,,0,0.022124,41,0.000013,0,1,1,0,1,1
25294702,,0,0.022124,41,0.000013,0,1,1,0,1,1
25288881,,0,0.022147,51,0.000013,0,2,2,0,2,2
25285018,,0,0.022124,41,0.000013,0,1,1,0,1,1
25277212,,0,0.022124,41,0.000013,0,1,1,0,1,1
25269487,,0,0.023224,41,0.000013,0,2,2,0,2,2
25263569,,0,0.022124,41,0.000013,0,1,1,0,1,1
25253940,,0,0.022124,41,0.000013,0,1,1,0,1,1
25253082,,0,0.022124,41,0.000013,0,1,1,0,1,1
25252652,,0,0.022374,41,0.000013,0,2,2,0,2,2
25244152,,0,0.022124,41,0.000013,0,1,1,0,1,1
25236784,,0,0.022975,41,0.000013,0,2,2,0,2,2
25230021,,0,0.023224,41,0.000013,0,2,2,0,2,2
25226589,,0,0.022124,41,0.000013,0,1,1,0,1,1
25220599,,0,0.022124,41,0.000013,0,1,1,0,1,1
25218906,,0.023293,0.023075,51,0.000405,82,4,86,82,4,86
25216223,,0,0.022124,41,0.000013,0,1,1,0,1,1
25214892,,0,0.022124,41,0.000013,0,1,1,0,1,1
25214461,,0,0.023224,41,0.000013,0,2,2,0,2,2
25204415,,0,0.02216,23,0.000013,0,2,2,0,2,2
25202135,,0,0.022124,41,0.000013,0,1,1,0,1,1
25201530,,0,0.022124,41,0.000013,0,1,1,0,1,1
25198155,,0,0.022124,41,0.000013,0,1,1,0,1,1
25194819,,0,0.022124,41,0.000013,0,1,1,0,1,1
25180175,,0,0.022124,41,0.000013,0,1,1,0,1,1
25177370,,0,0.022975,41,0.000013,0,2,2,0,2,2
25171249,,0,0.022124,41,0.000013,0,1,1,0,1,1
25169943,,0,0.022124,41,0.000013,0,1,1,0,1,1
25169931,,0,0.022124,41,0.000013,0,1,1,0,1,1
25165489,,0,0.022124,41,0.000013,0,1,1,0,1,1
25161243,,0,0.022124,41,0.000013,0,1,1,0,1,1
25160522,,0,0.022124,41,0.000013,0,1,1,0,1,1
25158761,,0,0.022124,41,0.000013,0,1,1,0,1,1
25138050,,0,0.022124,41,0.000013,0,1,1,0,1,1
25133172,,0,0.022124,41,0.000013,0,1,1,0,1,1
25132267,,0,0.022124,41,0.000013,0,1,1,0,1,1
25130871,,0,0.023108,41,0.000013,0,3,3,0,3,3
25124162,,0,0.022124,41,0.000013,0,1,1,0,1,1
25115441,,0,0.022124,41,0.000013,0,1,1,0,1,1
25110883,,0,0.022124,41,0.000013,0,1,1,0,1,1
25109877,,0,0.022124,41,0.000013,0,1,1,0,1,1
25109570,,0,0.022124,41,0.000013,0,1,1,0,1,1
25108461,,0,0.022124,41,0.000013,0,1,1,0,1,1
25098269,,0,0.022124,41,0.000013,0,1,1,0,1,1
25088195,,0,0.023224,41,0.000013,0,2,2,0,2,2
25079112,,0,0.022124,41,0.000013,0,1,1,0,1,1
25078979,,0,0.022901,41,0.000013,0,2,2,0,2,2
25072022,,0,0.022124,41,0.000013,0,1,1,0,1,1
25071824,,0,0.022975,41,0.000013,0,2,2,0,2,2
25068849,,0,0.023224,41,0.000013,0,2,2,0,2,2
25060187,,0,0.022124,41,0.000013,0,1,1,0,1,1
25047817,,0,0.022212,41,0.000013,0,2,2,0,2,2
25045437,,0,0.022124,41,0.000013,0,1,1,0,1,1
25043054,,0,0.022124,41,0.000013,0,1,1,0,1,1
25032869,,0,0.022124,41,0.000013,0,1,1,0,1,1
25025074,,0,0.022124,41,0.000013,0,1,1,0,1,1
25013169,,0,0.022965,41,0.000013,0,2,2,0,2,2
25010594,,0,0.022124,41,0.000013,0,1,1,0,1,1
25002826,,0,0.022124,41,0.000013,0,1,1,0,1,1
25002459,,0,0.022124,41,0.000013,0,1,1,0,1,1
25001846,,0,0.023458,41,0.000013,0,3,3,0,3,3
24999802,,0,0.022124,41,0.000013,0,1,1,0,1,1
24994965,,0,0.022975,41,0.000013,0,2,2,0,2,2
24986099,,0,0.022374,41,0.000013,0,2,2,0,2,2
24982872,,0,0.022124,41,0.000013,0,1,1,0,1,1
24971229,,0,0.024237,41,0.000013,0,4,4,0,4,4
24957074,,0,0.022124,41,0.000013,0,1,1,0,1,1
24955791,,0,0.022124,41,0.000013,0,1,1,0,1,1
24952901,,0,0.022124,41,0.000013,0,1,1,0,1,1
24952592,,0,0.022124,41,0.000013,0,1,1,0,1,1
24936796,,0,0.022169,41,0.000013,0,2,2,0,2,2
24932685,,0,0.022124,41,0.000013,0,1,1,0,1,1
24932569,,0,0.022124,41,0.000013,0,1,1,0,1,1
24916698,,0,0.022124,41,0.000013,0,1,1,0,1,1
24904826,,0,0.023346,41,0.000013,0,2,2,0,2,2
24901363,,0,0.022124,41,0.000013,0,1,1,0,1,1
24899686,,0,0.022124,41,0.000013,0,1,1,0,1,1
24894155,,0,0.022124,41,0.000013,0,1,1,0,1,1
24886523,,0,0.022124,41,0.000013,0,1,1,0,1,1
24886194,,0,0.022124,41,0.000013,0,1,1,0,1,1
24884706,,0,0.022124,41,0.000013,0,1,1,0,1,1
24884486,,0,0.023224,41,0.000013,0,2,2,0,2,2
24877083,,0,0.022124,41,0.000013,0,1,1,0,1,1
24874954,,0,0.022124,41,0.000013,0,1,1,0,1,1
24874471,,0,0.022124,41,0.000013,0,1,1,0,1,1
24871328,,0,0.022124,41,0.000013,0,1,1,0,1,1
24865582,,0,0.022124,41,0.000013,0,1,1,0,1,1
24860780,,0,0.022206,5,0.000013,0,3,3,0,3,3
24857111,,0,0.022539,41,0.000013,0,3,3,0,3,3
24848881,,0,0.022124,41,0.000013,0,1,1,0,1,1
24835180,,0,0.022124,41,0.000013,0,1,1,0,1,1
24831101,,0,0.022124,41,0.000013,0,1,1,0,1,1
24825857,,0,0.022124,41,0.000013,0,1,1,0,1,1
24800235,,0,0.022124,41,0.000013,0,1,1,0,1,1
24799088,,0,0.022124,41,0.000013,0,1,1,0,1,1
24796616,,0,0.022124,41,0.000013,0,1,1,0,1,1
24786638,,0,0.022124,41,0.000013,0,1,1,0,1,1
24782321,,0,0.022124,41,0.000013,0,1,1,0,1,1
24774302,,0,0.022124,41,0.000013,0,1,1,0,1,1
24756370,,0,0.022124,41,0.000013,0,1,1,0,1,1
24743243,,0,0.022124,41,0.000013,0,1,1,0,1,1
24743184,,0,0.022124,41,0.000013,0,1,1,0,1,1
24737393,,0,0.022124,41,0.000013,0,1,1,0,1,1
24728075,,0,0.022124,41,0.000013,0,1,1,0,1,1
24719451,,0,0.022124,41,0.000013,0,1,1,0,1,1
24713437,,0,0.022124,41,0.000013,0,1,1,0,1,1
24710071,,0,0.022124,41,0.000013,0,1,1,0,1,1
24708222,,0,0.022124,41,0.000013,0,1,1,0,1,1
24707357,,0,0.022124,41,0.000013,0,1,1,0,1,1
24704825,,0,0.022124,41,0.000013,0,1,1,0,1,1
24699249,,0,0.022208,31,0.000013,0,2,2,0,2,2
24675677,,0,0.022124,41,0.000013,0,1,1,0,1,1
24672774,,0,0.022124,41,0.000013,0,1,1,0,1,1
24671188,,0,0.022124,41,0.000013,0,1,1,0,1,1
24667251,,0,0.022124,41,0.000013,0,1,1,0,1,1
24665131,,0,0.022975,41,0.000013,0,2,2,0,2,2
24662513,,0,0.022124,41,0.000013,0,1,1,0,1,1
24661571,,0,0.022124,41,0.000013,0,1,1,0,1,1
24659709,,0,0.022124,41,0.000013,0,1,1,0,1,1
24653979,,0,0.022331,41,0.000013,0,2,2,0,2,2
24651013,,0,0.022124,41,0.000013,0,1,1,0,1,1
24648345,,0,0.022124,41,0.000013,0,1,1,0,1,1
24627272,,0,0.023422,5,0.000013,0,3,3,0,3,3
24622401,,0,0.022124,41,0.000013,0,1,1,0,1,1
24616881,,0,0.022124,41,0.000013,0,1,1,0,1,1
24608573,,0,0.022124,41,0.000013,0,1,1,0,1,1
24604117,,0,0.022124,41,0.000013,0,1,1,0,1,1
24603336,,0,0.022124,41,0.000013,0,1,1,0,1,1
24597747,,0,0.022124,41,0.000013,0,1,1,0,1,1
24591819,,0,0.022147,33,0.000013,0,2,2,0,2,2
24586866,,0,0.022124,41,0.000013,0,1,1,0,1,1
24578576,,0,0.022124,41,0.000013,0,1,1,0,1,1
24574518,,0,0.022124,41,0.000013,0,1,1,0,1,1
24565562,,0,0.022124,41,0.000013,0,1,1,0,1,1
24565108,,0,0.022124,41,0.000013,0,1,1,0,1,1
24565034,,0,0.022975,41,0.000013,0,2,2,0,2,2
24564884,,0,0.022124,41,0.000013,0,1,1,0,1,1
24564449,,0,0.022124,41,0.000013,0,1,1,0,1,1
24563622,,0,0.022124,41,0.000013,0,1,1,0,1,1
24562574,,0,0.022124,41,0.000013,0,1,1,0,1,1
24561168,,0,0.022124,41,0.000013,0,1,1,0,1,1
24553142,,0,0.022124,41,0.000013,0,1,1,0,1,1
24552141,,0,0.022606,31,0.000013,0,2,2,0,2,2
24532723,,0,0.022124,41,0.000013,0,1,1,0,1,1
24521303,,0,0.022124,41,0.000013,0,1,1,0,1,1
24521265,,0,0.022124,41,0.000013,0,1,1,0,1,1
24520177,,0,0.022124,41,0.000013,0,1,1,0,1,1
24520092,,0,0.022124,41,0.000013,0,1,1,0,1,1
24511378,,0,0.022975,41,0.000013,0,2,2,0,2,2
24505259,,0,0.022124,41,0.000013,0,1,1,0,1,1
24504521,,0,0.022124,41,0.000013,0,1,1,0,1,1
24492837,,0,0.022124,41,0.000013,0,1,1,0,1,1
24489963,,0,0.022124,41,0.000013,0,1,1,0,1,1
24488081,,0,0.022124,41,0.000013,0,1,1,0,1,1
24479672,,0,0.023458,41,0.000013,0,3,3,0,3,3
24475911,,0,0.022124,41,0.000013,0,1,1,0,1,1
24469047,,0,0.022293,41,0.000013,0,2,2,0,2,2
24466374,,0,0.022124,41,0.000013,0,1,1,0,1,1
24465620,,0,0.022124,41,0.000013,0,1,1,0,1,1
24465231,,0,0.022124,41,0.000013,0,1,1,0,1,1
24465228,,0,0.022124,41,0.000013,0,1,1,0,1,1
24464852,,0,0.022124,41,0.000013,0,1,1,0,1,1
24446311,,0,0.022124,41,0.000013,0,1,1,0,1,1
24434212,,0,0.022124,41,0.000013,0,1,1,0,1,1
24418928,,0,0.022124,41,0.000013,0,1,1,0,1,1
24398046,,0,0.023224,41,0.000013,0,2,2,0,2,2
24394555,,0,0.022124,41,0.000013,0,1,1,0,1,1
24386507,,0,0.022124,41,0.000013,0,1,1,0,1,1
24385586,,0,0.022124,41,0.000013,0,1,1,0,1,1
24382385,,0,0.022965,41,0.000013,0,2,2,0,2,2
24377086,,0,0.022124,41,0.000013,0,1,1,0,1,1
24377084,,0,0.022124,41,0.000013,0,1,1,0,1,1
24374933,,0,0.022124,41,0.000013,0,1,1,0,1,1
24366882,,0,0.022495,41,0.000013,0,3,3,0,3,3
24366298,,0,0.022124,41,0.000013,0,1,1,0,1,1
24362534,,0,0.022124,41,0.000013,0,1,1,0,1,1
24359638,,0,0.022124,41,0.000013,0,1,1,0,1,1
24338723,,0,0.022124,41,0.000013,0,1,1,0,1,1
24336498,,0,0.022124,41,0.000013,0,1,1,0,1,1
24336083,,0,0.022124,41,0.000013,0,1,1,0,1,1
24332043,,0.03458,0.023546,41,0.000754,120,3,123,120,3,123
24330428,,0.000521,0.022124,41,0.000048,4,1,5,4,1,5
24320616,,0,0.022124,41,0.000013,0,1,1,0,1,1
24297935,,0,0.022124,41,0.000013,0,1,1,0,1,1
24297540,,0,0.022124,41,0.000013,0,1,1,0,1,1
24292195,,0,0.022606,31,0.000013,0,2,2,0,2,2
24280869,,0,0.022151,33,0.000013,0,2,2,0,2,2
24267866,,0,0.022124,41,0.000013,0,1,1,0,1,1
24265805,,0,0.022124,41,0.000013,0,1,1,0,1,1
24265410,,0,0.022263,41,0.000013,0,2,2,0,2,2
24265398,,0,0.025074,5,0.000013,0,5,5,0,5,5
24264574,,0,0.022124,41,0.000013,0,1,1,0,1,1
24260186,,0,0.022124,41,0.000013,0,1,1,0,1,1
24256813,,0,0.022374,41,0.000013,0,2,2,0,2,2
24250782,,0,0.022124,41,0.000013,0,1,1,0,1,1
24239753,,0,0.022124,41,0.000013,0,1,1,0,1,1
24223834,,0,0.022124,41,0.000013,0,1,1,0,1,1
24223042,,0,0.022124,41,0.000013,0,1,1,0,1,1
24221193,,0,0.023791,31,0.000013,0,4,4,0,4,4
24218601,,0.009382,0.024648,41,0.000255,39,4,43,39,4,43
24218511,,0,0.023224,41,0.000013,0,2,2,0,2,2
24205039,,0,0.022124,41,0.000013,0,1,1,0,1,1
24204800,,0,0.022124,41,0.000013,0,1,1,0,1,1
24201814,,0,0.022124,41,0.000013,0,1,1,0,1,1
24200849,,0,0.022124,41,0.000013,0,1,1,0,1,1
24195073,,0,0.022124,41,0.000013,0,1,1,0,1,1
24195060,,0,0.022124,41,0.000013,0,1,1,0,1,1
24187453,,0,0.023458,41,0.000013,0,3,3,0,3,3
24184755,,0,0.022124,41,0.000013,0,1,1,0,1,1
24178762,,0,0.022124,41,0.000013,0,1,1,0,1,1
24167589,,0,0.022124,41,0.000013,0,1,1,0,1,1
24161930,,0,0.022124,41,0.000013,0,1,1,0,1,1
24151539,,0,0.022124,41,0.000013,0,1,1,0,1,1
24149212,,0,0.022124,41,0.000013,0,1,1,0,1,1
24141004,,0,0.023346,41,0.000013,0,2,2,0,2,2
24136988,,0,0.022124,41,0.000013,0,1,1,0,1,1
24136009,,0,0.022366,32,0.000013,0,2,2,0,2,2
24132290,,0,0.023846,41,0.000013,0,3,3,0,3,3
24130056,,0,0.022192,41,0.000013,0,2,2,0,2,2
24129674,,0,0.022124,41,0.000013,0,1,1,0,1,1
24128673,,0,0.022124,41,0.000013,0,1,1,0,1,1
24127939,,0,0.022362,0,0.000013,0,3,3,0,3,3
24121789,,0,0.022124,41,0.000013,0,1,1,0,1,1
24120142,,0,0.022975,41,0.000013,0,2,2,0,2,2
24113773,,0,0.023224,41,0.000013,0,2,2,0,2,2
24103777,,0,0.022124,41,0.000013,0,1,1,0,1,1
24096364,,0,0.022124,41,0.000013,0,1,1,0,1,1
24092746,,0,0.022606,31,0.000013,0,2,2,0,2,2
24089029,,0,0.022124,41,0.000013,0,1,1,0,1,1
24086153,,0,0.022606,31,0.000013,0,2,2,0,2,2
24074954,,0,0.022124,41,0.000013,0,1,1,0,1,1
24071851,,0,0.022124,41,0.000013,0,1,1,0,1,1
24071850,,0,0.022124,41,0.000013,0,1,1,0,1,1
24071849,,0,0.022124,41,0.000013,0,1,1,0,1,1
24070420,,0,0.022124,41,0.000013,0,1,1,0,1,1
24069583,,0,0.022124,41,0.000013,0,1,1,0,1,1
24069199,,0,0.022124,41,0.000013,0,1,1,0,1,1
24068106,,0,0.022124,41,0.000013,0,1,1,0,1,1
24065105,,0,0.022124,41,0.000013,0,1,1,0,1,1
24064421,,0,0.022124,41,0.000013,0,1,1,0,1,1
24063517,,0,0.022124,41,0.000013,0,1,1,0,1,1
24062525,,0,0.022124,41,0.000013,0,1,1,0,1,1
24055331,,0,0.022124,41,0.000013,0,1,1,0,1,1
24045973,,0,0.022124,41,0.000013,0,1,1,0,1,1
24045689,,0,0.022975,41,0.000013,0,2,2,0,2,2
24044516,,0,0.022124,41,0.000013,0,1,1,0,1,1
24043563,,0,0.022124,41,0.000013,0,1,1,0,1,1
24022702,,0,0.023458,41,0.000013,0,3,3,0,3,3
24018557,,0,0.022124,41,0.000013,0,1,1,0,1,1
24009430,,0,0.022124,41,0.000013,0,1,1,0,1,1
24008095,,0,0.022124,41,0.000013,0,1,1,0,1,1
24002999,,0,0.022124,41,0.000013,0,1,1,0,1,1
23986883,,0,0.022124,41,0.000013,0,1,1,0,1,1
23983606,,0,0.022124,41,0.000013,0,1,1,0,1,1
23977046,,0,0.022124,41,0.000013,0,1,1,0,1,1
23975155,,0,0.022124,41,0.000013,0,1,1,0,1,1
23965899,,0,0.022124,41,0.000013,0,1,1,0,1,1
23962039,,0,0.022124,41,0.000013,0,1,1,0,1,1
23956306,,0,0.022124,41,0.000013,0,1,1,0,1,1
23954162,,0,0.022124,41,0.000013,0,1,1,0,1,1
23940583,,0,0.022175,8,0.000013,0,2,2,0,2,2
23934967,,0,0.022124,41,0.000013,0,1,1,0,1,1
23934194,,0,0.022324,41,0.000013,0,2,2,0,2,2
23922675,,0,0.022124,41,0.000013,0,1,1,0,1,1
23917454,,0,0.023224,41,0.000013,0,2,2,0,2,2
23917080,,0,0.022124,41,0.000013,0,1,1,0,1,1
23916135,,0,0.022124,41,0.000013,0,1,1,0,1,1
23900136,,0,0.022124,41,0.000013,0,1,1,0,1,1
23892434,,0,0.022124,41,0.000013,0,1,1,0,1,1
23889749,,0,0.022124,41,0.000013,0,1,1,0,1,1
23885787,,0,0.022124,41,0.000013,0,1,1,0,1,1
23884416,,0,0.022124,41,0.000013,0,1,1,0,1,1
23872309,,0,0.022124,41,0.000013,0,1,1,0,1,1
23869198,,0,0.022124,41,0.000013,0,1,1,0,1,1
23867999,,0.0013,0.023346,51,0.000176,9,2,11,9,2,11
23867710,,0,0.022124,41,0.000013,0,1,1,0,1,1
23846313,,0,0.022124,41,0.000013,0,1,1,0,1,1
23842645,,0,0.022124,41,0.000013,0,1,1,0,1,1
23840792,,0,0.022124,41,0.000013,0,1,1,0,1,1
23839242,,0,0.022263,41,0.000013,0,2,2,0,2,2
23839233,,0,0.022124,41,0.000013,0,1,1,0,1,1
23825799,,0,0.022124,41,0.000013,0,1,1,0,1,1
23825651,,0,0.022124,41,0.000013,0,1,1,0,1,1
23822816,,0,0.022124,41,0.000013,0,1,1,0,1,1
23820584,,0,0.022124,41,0.000013,0,1,1,0,1,1
23819556,,0,0.022124,41,0.000013,0,1,1,0,1,1
23818604,,0,0.022124,41,0.000013,0,1,1,0,1,1
23804424,,0,0.022124,41,0.000013,0,1,1,0,1,1
23800698,,0,0.022124,41,0.000013,0,1,1,0,1,1
23793816,,0.001053,0.02217,41,0.000165,11,2,13,11,2,13
23792563,,0,0.022975,41,0.000013,0,2,2,0,2,2
23791107,,0,0.022124,41,0.000013,0,1,1,0,1,1
23777306,,0,0.022124,41,0.000013,0,1,1,0,1,1
23774800,,0,0.022124,41,0.000013,0,1,1,0,1,1
23774303,,0,0.022124,41,0.000013,0,1,1,0,1,1
23772050,,0,0.022124,41,0.000013,0,1,1,0,1,1
23770567,,0,0.022606,31,0.000013,0,2,2,0,2,2
23765252,,0,0.022124,41,0.000013,0,1,1,0,1,1
23760067,,0,0.022124,41,0.000013,0,1,1,0,1,1
23759589,,0,0.022124,41,0.000013,0,1,1,0,1,1
23755063,,0,0.022124,41,0.000013,0,1,1,0,1,1
23747483,,0,0.022124,41,0.000013,0,1,1,0,1,1
23743496,,0,0.022124,41,0.000013,0,1,1,0,1,1
23743355,,0,0.022124,41,0.000013,0,1,1,0,1,1
23742247,,0,0.022124,41,0.000013,0,1,1,0,1,1
23741457,,0,0.022324,41,0.000013,0,2,2,0,2,2
23738901,,0,0.022124,41,0.000013,0,1,1,0,1,1
23728290,,0,0.022124,41,0.000013,0,1,1,0,1,1
23723721,,0,0.022124,41,0.000013,0,1,1,0,1,1
23723238,,0,0.022124,41,0.000013,0,1,1,0,1,1
23718799,,0,0.022124,41,0.000013,0,1,1,0,1,1
23716468,,0.002078,0.022124,41,0.000124,11,1,12,11,1,12
23706632,,0,0.022124,41,0.000013,0,1,1,0,1,1
23690307,,0,0.022124,41,0.000013,0,1,1,0,1,1
23637631,,0,0.022124,41,0.000013,0,1,1,0,1,1
23636398,,0,0.022975,41,0.000013,0,2,2,0,2,2
23634284,,0,0.022124,41,0.000013,0,1,1,0,1,1
23634261,,0,0.022135,51,0.000013,0,2,2,0,2,2
23633565,,0,0.022124,41,0.000013,0,1,1,0,1,1
23633034,,0,0.022124,41,0.000013,0,1,1,0,1,1
23630663,,0,0.022124,41,0.000013,0,1,1,0,1,1
23613755,,0,0.022124,41,0.000013,0,1,1,0,1,1
23610446,,0,0.022124,41,0.000013,0,1,1,0,1,1
23610071,,0,0.022124,41,0.000013,0,1,1,0,1,1
23599224,,0,0.022124,41,0.000013,0,1,1,0,1,1
23598999,,0,0.022124,41,0.000013,0,1,1,0,1,1
23595662,,0,0.022124,41,0.000013,0,1,1,0,1,1
23591839,,0,0.022124,41,0.000013,0,1,1,0,1,1
23589546,,0,0.022124,41,0.000013,0,1,1,0,1,1
23589289,,0,0.022124,41,0.000013,0,1,1,0,1,1
23584089,,0,0.022124,41,0.000013,0,1,1,0,1,1
23577104,,0,0.022975,41,0.000013,0,2,2,0,2,2
23573084,,0,0.022124,41,0.000013,0,1,1,0,1,1
23571109,,0,0.022374,41,0.000013,0,2,2,0,2,2
23569385,,0,0.022124,41,0.000013,0,1,1,0,1,1
23569271,,0,0.022124,41,0.000013,0,1,1,0,1,1
23558900,,0,0.022124,41,0.000013,0,1,1,0,1,1
23555212,,0,0.022124,41,0.000013,0,1,1,0,1,1
23555186,,0,0.022124,41,0.000013,0,1,1,0,1,1
23550210,,0,0.022975,41,0.000013,0,2,2,0,2,2
23540689,,0,0.022124,41,0.000013,0,1,1,0,1,1
23538338,,0,0.022124,41,0.000013,0,1,1,0,1,1
23537167,,0,0.022124,41,0.000013,0,1,1,0,1,1
23536770,,0,0.022124,41,0.000013,0,1,1,0,1,1
23535731,,0,0.022208,41,0.000013,0,2,2,0,2,2
23535730,,0,0.022124,41,0.000013,0,1,1,0,1,1
23535649,,0,0.022124,41,0.000013,0,1,1,0,1,1
23528891,,0,0.022124,41,0.000013,0,1,1,0,1,1
23528858,,0,0.022124,41,0.000013,0,1,1,0,1,1
23527012,,0,0.022124,41,0.000013,0,1,1,0,1,1
23525077,,0,0.022124,41,0.000013,0,1,1,0,1,1
23515433,,0,0.022124,41,0.000013,0,1,1,0,1,1
23504936,,0,0.022975,41,0.000013,0,2,2,0,2,2
23493187,,0,0.022124,41,0.000013,0,1,1,0,1,1
23482747,,0,0.022124,41,0.000013,0,1,1,0,1,1
23478441,,0,0.022124,41,0.000013,0,1,1,0,1,1
23476796,,0,0.022124,41,0.000013,0,1,1,0,1,1
23472150,,0,0.022124,41,0.000013,0,1,1,0,1,1
23468608,,0,0.022124,41,0.000013,0,1,1,0,1,1
23467088,,0,0.022324,41,0.000013,0,2,2,0,2,2
23466868,,0,0.022124,41,0.000013,0,1,1,0,1,1
23454583,,0,0.022124,41,0.000013,0,1,1,0,1,1
23445765,,0,0.022124,41,0.000013,0,1,1,0,1,1
23433318,,0,0.022124,41,0.000013,0,1,1,0,1,1
23431203,,0,0.022975,41,0.000013,0,2,2,0,2,2
23430023,,0,0.022975,41,0.000013,0,2,2,0,2,2
23424119,,0,0.022124,41,0.000013,0,1,1,0,1,1
23424118,,0,0.022124,41,0.000013,0,1,1,0,1,1
23418673,,0,0.022124,41,0.000013,0,1,1,0,1,1
23415753,,0,0.022124,41,0.000013,0,1,1,0,1,1
23410973,,0,0.022965,41,0.000013,0,2,2,0,2,2
23408991,,0,0.022975,41,0.000013,0,2,2,0,2,2
23408974,,0,0.022124,41,0.000013,0,1,1,0,1,1
23408683,,0,0.022124,41,0.000013,0,1,1,0,1,1
23406666,,0,0.022124,41,0.000013,0,1,1,0,1,1
23406336,,0,0.023458,41,0.000013,0,3,3,0,3,3
23396013,,0,0.022124,41,0.000013,0,1,1,0,1,1
23393606,,0,0.022124,41,0.000013,0,1,1,0,1,1
23393560,,0,0.022124,41,0.000013,0,1,1,0,1,1
23390377,,0,0.022124,41,0.000013,0,1,1,0,1,1
23385974,,0,0.022208,51,0.000013,0,2,2,0,2,2
23383675,,0,0.022975,41,0.000013,0,2,2,0,2,2
23383610,,0,0.022124,41,0.000013,0,1,1,0,1,1
23382894,,0,0.022124,41,0.000013,0,1,1,0,1,1
23381004,,0,0.022965,41,0.000013,0,2,2,0,2,2
23378788,,0,0.023005,41,0.000013,0,2,2,0,2,2
23377183,,0,0.022124,41,0.000013,0,1,1,0,1,1
23372714,,0,0.024654,41,0.000013,0,5,5,0,5,5
23372550,,0,0.022606,31,0.000013,0,2,2,0,2,2
23363777,,0,0.023458,41,0.000013,0,3,3,0,3,3
23360797,,0,0.022124,41,0.000013,0,1,1,0,1,1
23359684,,0,0.022124,41,0.000013,0,1,1,0,1,1
23354438,,0,0.022124,41,0.000013,0,1,1,0,1,1
23344261,,0,0.022124,41,0.000013,0,1,1,0,1,1
23340843,,0,0.022124,41,0.000013,0,1,1,0,1,1
23336014,,0,0.022124,41,0.000013,0,1,1,0,1,1
23333522,,0,0.022416,32,0.000013,0,2,2,0,2,2
23324396,,0,0.022124,41,0.000013,0,1,1,0,1,1
23323831,,0,0.022124,41,0.000013,0,1,1,0,1,1
23319768,,0,0.022124,41,0.000013,0,1,1,0,1,1
23315066,,0,0.022124,41,0.000013,0,1,1,0,1,1
23307060,,0,0.022124,41,0.000013,0,1,1,0,1,1
23303603,,0,0.022124,41,0.000013,0,1,1,0,1,1
23303602,,0,0.022124,41,0.000013,0,1,1,0,1,1
23301059,,0,0.022124,41,0.000013,0,1,1,0,1,1
23300411,,0,0.022124,41,0.000013,0,1,1,0,1,1
23287472,,0,0.022124,41,0.000013,0,1,1,0,1,1
23284754,,0,0.022124,41,0.000013,0,1,1,0,1,1
23275034,,0,0.022124,41,0.000013,0,1,1,0,1,1
23274563,,0,0.022124,41,0.000013,0,1,1,0,1,1
23233093,,0,0.022124,41,0.000013,0,1,1,0,1,1
23232571,,0,0.022124,41,0.000013,0,1,1,0,1,1
23232254,,0,0.022124,41,0.000013,0,1,1,0,1,1
23228031,,0,0.022124,41,0.000013,0,1,1,0,1,1
23221341,,0,0.022124,41,0.000013,0,1,1,0,1,1
23201680,,0,0.022124,41,0.000013,0,1,1,0,1,1
23200915,,0,0.022124,41,0.000013,0,1,1,0,1,1
23200914,,0,0.022124,41,0.000013,0,1,1,0,1,1
23183705,,0,0.022124,41,0.000013,0,1,1,0,1,1
23181723,,0,0.022975,41,0.000013,0,2,2,0,2,2
23178814,,0,0.022124,41,0.000013,0,1,1,0,1,1
23175120,,0,0.022124,41,0.000013,0,1,1,0,1,1
23162758,,0,0.022124,41,0.000013,0,1,1,0,1,1
23158523,,0,0.022124,41,0.000013,0,1,1,0,1,1
23145359,,0,0.022124,41,0.000013,0,1,1,0,1,1
23139805,,0,0.022124,41,0.000013,0,1,1,0,1,1
23134756,,0,0.022124,41,0.000013,0,1,1,0,1,1
23132910,,0,0.022124,41,0.000013,0,1,1,0,1,1
23128226,,0,0.022124,41,0.000013,0,1,1,0,1,1
23124507,,0,0.022124,41,0.000013,0,1,1,0,1,1
23114871,,0,0.022124,41,0.000013,0,1,1,0,1,1
23110199,,0,0.022124,41,0.000013,0,1,1,0,1,1
23109879,,0,0.022124,41,0.000013,0,1,1,0,1,1
23106814,,0,0.022975,41,0.000013,0,2,2,0,2,2
23105932,,0,0.022124,41,0.000013,0,1,1,0,1,1
23095324,,0,0.022124,41,0.000013,0,1,1,0,1,1
23078675,,0,0.022124,41,0.000013,0,1,1,0,1,1
23074142,,0,0.022124,41,0.000013,0,1,1,0,1,1
23069641,,0.004701,0.024297,31,0.000167,30,4,34,30,4,34
23066107,,0,0.022124,41,0.000013,0,1,1,0,1,1
23056589,,0,0.022124,41,0.000013,0,1,1,0,1,1
23055974,,0,0.022124,41,0.000013,0,1,1,0,1,1
23055531,,0,0.022124,41,0.000013,0,1,1,0,1,1
23046488,,0,0.022124,41,0.000013,0,1,1,0,1,1
23034185,,0,0.022124,41,0.000013,0,1,1,0,1,1
23033966,,0,0.022124,41,0.000013,0,1,1,0,1,1
23029477,,0,0.022124,41,0.000013,0,1,1,0,1,1
23028188,,0,0.022124,41,0.000013,0,1,1,0,1,1
23019585,,0,0.022124,41,0.000013,0,1,1,0,1,1
23014630,,0,0.022124,41,0.000013,0,1,1,0,1,1
23010348,,0,0.022124,41,0.000013,0,1,1,0,1,1
23008289,,0,0.022124,41,0.000013,0,1,1,0,1,1
23006666,,0,0.022124,41,0.000013,0,1,1,0,1,1
22988449,,0,0.022124,41,0.000013,0,1,1,0,1,1
22986455,,0,0.023458,41,0.000013,0,3,3,0,3,3
22980975,,0,0.022124,41,0.000013,0,1,1,0,1,1
22975378,,0,0.022124,41,0.000013,0,1,1,0,1,1
22974323,,0,0.022192,41,0.000013,0,2,2,0,2,2
22973298,,0,0.022124,41,0.000013,0,1,1,0,1,1
22970327,,0,0.022124,41,0.000013,0,1,1,0,1,1
22970311,,0,0.022124,41,0.000013,0,1,1,0,1,1
22970210,,0,0.022124,41,0.000013,0,1,1,0,1,1
22967087,,0,0.022124,41,0.000013,0,1,1,0,1,1
22964433,,0,0.022124,41,0.000013,0,1,1,0,1,1
22962493,,0,0.022124,41,0.000013,0,1,1,0,1,1
22960745,,0,0.022975,41,0.000013,0,2,2,0,2,2
22959562,,0,0.022124,41,0.000013,0,1,1,0,1,1
22956860,,0,0.022124,41,0.000013,0,1,1,0,1,1
22954683,,0,0.022124,41,0.000013,0,1,1,0,1,1
22952919,,0,0.022124,41,0.000013,0,1,1,0,1,1
22942254,,0,0.022124,41,0.000013,0,1,1,0,1,1
22941188,,0,0.022124,41,0.000013,0,1,1,0,1,1
22935582,,0,0.022124,41,0.000013,0,1,1,0,1,1
22930283,,0,0.022124,41,0.000013,0,1,1,0,1,1
22925884,,0,0.022124,41,0.000013,0,1,1,0,1,1
22923510,,0,0.022124,41,0.000013,0,1,1,0,1,1
22912392,,0,0.022124,41,0.000013,0,1,1,0,1,1
22908275,,0,0.022124,41,0.000013,0,1,1,0,1,1
22905095,,0,0.022124,41,0.000013,0,1,1,0,1,1
22904074,,0,0.022975,41,0.000013,0,2,2,0,2,2
22899649,,0,0.022124,41,0.000013,0,1,1,0,1,1
22896676,,0,0.022124,41,0.000013,0,1,1,0,1,1
22896656,,0,0.022124,41,0.000013,0,1,1,0,1,1
22878650,,0,0.022985,41,0.000013,0,2,2,0,2,2
22864111,,0,0.022124,41,0.000013,0,1,1,0,1,1
22858688,,0,0.022124,41,0.000013,0,1,1,0,1,1
22851646,,0,0.022124,41,0.000013,0,1,1,0,1,1
22845482,,0,0.022124,41,0.000013,0,1,1,0,1,1
22839576,,0,0.022124,41,0.000013,0,1,1,0,1,1
22833495,,0,0.022124,41,0.000013,0,1,1,0,1,1
22817889,,0,0.022606,31,0.000013,0,2,2,0,2,2
22810696,,0,0.022975,41,0.000013,0,2,2,0,2,2
22797305,,0,0.022124,41,0.000013,0,1,1,0,1,1
22796942,,0,0.022124,41,0.000013,0,1,1,0,1,1
22789535,,0,0.022124,41,0.000013,0,1,1,0,1,1
22787427,,0,0.022124,41,0.000013,0,1,1,0,1,1
22779056,,0,0.022124,41,0.000013,0,1,1,0,1,1
22773520,,0,0.022124,41,0.000013,0,1,1,0,1,1
22764765,,0,0.022124,41,0.000013,0,1,1,0,1,1
22761580,,0,0.022124,41,0.000013,0,1,1,0,1,1
22759861,,0,0.022124,41,0.000013,0,1,1,0,1,1
22751462,,0,0.022124,41,0.000013,0,1,1,0,1,1
22735379,,0,0.022124,41,0.000013,0,1,1,0,1,1
22733541,,0,0.022124,41,0.000013,0,1,1,0,1,1
22719973,,0,0.022124,41,0.000013,0,1,1,0,1,1
22710723,,0,0.022124,41,0.000013,0,1,1,0,1,1
22705797,,0,0.022124,41,0.000013,0,1,1,0,1,1
22687175,,0,0.022124,41,0.000013,0,1,1,0,1,1
22666502,,0,0.022124,41,0.000013,0,1,1,0,1,1
22665440,,0,0.022124,41,0.000013,0,1,1,0,1,1
22644307,,0,0.022124,41,0.000013,0,1,1,0,1,1
22637570,,0,0.022124,41,0.000013,0,1,1,0,1,1
22624712,,0,0.022124,41,0.000013,0,1,1,0,1,1
22613842,,0,0.022124,41,0.000013,0,1,1,0,1,1
22610119,,0,0.022124,41,0.000013,0,1,1,0,1,1
22609632,,0,0.022124,41,0.000013,0,1,1,0,1,1
22592801,,0,0.022124,41,0.000013,0,1,1,0,1,1
22590557,,0,0.022124,41,0.000013,0,1,1,0,1,1
22590536,,0,0.022124,41,0.000013,0,1,1,0,1,1
22588877,,0,0.022124,41,0.000013,0,1,1,0,1,1
22588155,,0,0.022124,41,0.000013,0,1,1,0,1,1
22585861,,0,0.022124,41,0.000013,0,1,1,0,1,1
22585860,,0,0.022124,41,0.000013,0,1,1,0,1,1
22585163,,0,0.022124,41,0.000013,0,1,1,0,1,1
22580577,,0,0.022124,41,0.000013,0,1,1,0,1,1
22576175,,0,0.022124,41,0.000013,0,1,1,0,1,1
22570537,,0,0.022124,41,0.000013,0,1,1,0,1,1
22567123,,0,0.022124,41,0.000013,0,1,1,0,1,1
22555088,,0,0.022124,41,0.000013,0,1,1,0,1,1
22550129,,0,0.022124,41,0.000013,0,1,1,0,1,1
22545051,,0,0.022124,41,0.000013,0,1,1,0,1,1
22544022,,0,0.022124,41,0.000013,0,1,1,0,1,1
22534183,,0,0.022124,41,0.000013,0,1,1,0,1,1
22532440,,0,0.022124,41,0.000013,0,1,1,0,1,1
22531637,,0,0.022124,41,0.000013,0,1,1,0,1,1
22531354,,0,0.022124,41,0.000013,0,1,1,0,1,1
22516585,,0,0.022124,41,0.000013,0,1,1,0,1,1
22514011,,0.003769,0.022124,31,0.000204,29,1,30,29,1,30
22512864,,0,0.022124,41,0.000013,0,1,1,0,1,1
22510765,,0,0.022124,41,0.000013,0,1,1,0,1,1
22495314,,0,0.022124,41,0.000013,0,1,1,0,1,1
22487539,,0,0.022124,41,0.000013,0,1,1,0,1,1
22479643,,0,0.022124,41,0.000013,0,1,1,0,1,1
22458606,,0,0.022124,41,0.000013,0,1,1,0,1,1
22446384,,0,0.022124,41,0.000013,0,1,1,0,1,1
22443377,,0,0.022124,41,0.000013,0,1,1,0,1,1
22424236,,0,0.022124,41,0.000013,0,1,1,0,1,1
22422451,,0,0.022124,41,0.000013,0,1,1,0,1,1
22422403,,0,0.022124,41,0.000013,0,1,1,0,1,1
22421440,,0,0.022124,41,0.000013,0,1,1,0,1,1
22417201,,0,0.022124,41,0.000013,0,1,1,0,1,1
22409458,,0,0.022124,41,0.000013,0,1,1,0,1,1
22408643,,0,0.022124,41,0.000013,0,1,1,0,1,1
22397650,,0,0.022124,41,0.000013,0,1,1,0,1,1
22396495,,0,0.022124,41,0.000013,0,1,1,0,1,1
22396451,,0,0.022124,41,0.000013,0,1,1,0,1,1
22396450,,0,0.022374,41,0.000013,0,2,2,0,2,2
22391210,,0,0.022124,41,0.000013,0,1,1,0,1,1
22355333,,0,0.022124,41,0.000013,0,1,1,0,1,1
22348002,,0,0.022124,41,0.000013,0,1,1,0,1,1
22342180,,0,0.022124,41,0.000013,0,1,1,0,1,1
22333033,,0,0.022124,41,0.000013,0,1,1,0,1,1
22328975,,0,0.022124,41,0.000013,0,1,1,0,1,1
22322968,,0,0.022124,41,0.000013,0,1,1,0,1,1
22306204,,0,0.022124,41,0.000013,0,1,1,0,1,1
22306135,,0,0.022124,41,0.000013,0,1,1,0,1,1
22303362,,0,0.022124,41,0.000013,0,1,1,0,1,1
22301132,,0,0.022124,41,0.000013,0,1,1,0,1,1
22301131,,0,0.022975,41,0.000013,0,2,2,0,2,2
22300766,,0,0.022124,41,0.000013,0,1,1,0,1,1
22295145,,0,0.022124,41,0.000013,0,1,1,0,1,1
22293752,,0,0.022124,41,0.000013,0,1,1,0,1,1
22282663,,0,0.022124,41,0.000013,0,1,1,0,1,1
22278382,,0,0.022124,41,0.000013,0,1,1,0,1,1
22262733,,0,0.022124,41,0.000013,0,1,1,0,1,1
22260482,,0,0.022124,41,0.000013,0,1,1,0,1,1
22246208,,0,0.022124,41,0.000013,0,1,1,0,1,1
22242939,,0,0.022124,41,0.000013,0,1,1,0,1,1
22237701,,0,0.022124,41,0.000013,0,1,1,0,1,1
22236809,,0,0.022124,41,0.000013,0,1,1,0,1,1
22214849,,0,0.022124,41,0.000013,0,1,1,0,1,1
22194851,,0,0.022124,41,0.000013,0,1,1,0,1,1
22185227,,0,0.022124,41,0.000013,0,1,1,0,1,1
22180401,,0,0.022124,41,0.000013,0,1,1,0,1,1
22174824,,0,0.022124,41,0.000013,0,1,1,0,1,1
22174260,,0,0.022124,41,0.000013,0,1,1,0,1,1
22150006,,0,0.022124,41,0.000013,0,1,1,0,1,1
22144423,,0,0.022124,41,0.000013,0,1,1,0,1,1
22131877,,0,0.022124,41,0.000013,0,1,1,0,1,1
22102578,,0,0.022124,41,0.000013,0,1,1,0,1,1
22102435,,0,0.022124,41,0.000013,0,1,1,0,1,1
22101487,,0,0.022124,41,0.000013,0,1,1,0,1,1
22090379,,0,0.022124,41,0.000013,0,1,1,0,1,1
22071625,,0,0.022124,41,0.000013,0,1,1,0,1,1
22065722,,0,0.022124,41,0.000013,0,1,1,0,1,1
22053303,,0,0.022124,41,0.000013,0,1,1,0,1,1
22011170,,0,0.022124,41,0.000013,0,1,1,0,1,1
21990067,,0,0.022124,41,0.000013,0,1,1,0,1,1
21985277,,0,0.022124,41,0.000013,0,1,1,0,1,1
21953469,,0,0.022124,41,0.000013,0,1,1,0,1,1
21949640,,0,0.022124,41,0.000013,0,1,1,0,1,1
21931712,,0,0.022124,41,0.000013,0,1,1,0,1,1
21908773,,0.037915,0.022124,41,0.001753,206,1,207,206,1,207
21892161,,0,0.022124,41,0.000013,0,1,1,0,1,1
21817115,,0,0.022124,41,0.000013,0,1,1,0,1,1
21803805,,0,0.022124,41,0.000013,0,1,1,0,1,1
21798893,,0,0.022124,41,0.000013,0,1,1,0,1,1
21772823,,0,0.022124,41,0.000013,0,1,1,0,1,1
21746896,,0,0.022124,41,0.000013,0,1,1,0,1,1
30133454,,0,0,30,0.000013,0,1,1,0,1,1
21727289,,0.000013,0,30,0.000719,73,0,73,73,0,73
29736009,,0,0,30,0.000013,0,1,1,0,1,1
29470402,,0,0,30,0.000013,0,1,1,0,1,1
29440151,,0,0,30,0.000013,0,1,1,0,1,1
29412375,,0,0,30,0.000013,0,1,1,0,1,1
29226849,,0,0,30,0.000013,0,1,1,0,1,1
29197417,,0,0.000085,5,0.000013,0,5,5,0,5,5
29166878,,0,0,30,0.000013,0,1,1,0,1,1
28988175,,0,0,30,0.000013,0,1,1,0,1,1
28985233,,0,0.000003,30,0.000013,0,3,3,0,3,3
28943893,,0,0,30,0.000013,0,1,1,0,1,1
28666001,,0,0,30,0.000013,0,1,1,0,1,1
28577623,,0,0,30,0.000013,0,1,1,0,1,1
28427083,,0,0,30,0.000013,0,1,1,0,1,1
28161786,,0,0,30,0.000013,0,1,1,0,1,1
27993168,,0,0,30,0.000013,0,1,1,0,1,1
27565998,,0,0.000174,0,0.000013,0,4,4,0,4,4
27548583,,0,0,30,0.000013,0,1,1,0,1,1
27478819,,0,0,30,0.000013,0,1,1,0,1,1
27387546,,0,0,30,0.000013,0,1,1,0,1,1
27236612,,0,0,30,0.000013,0,1,1,0,1,1
27095854,,0,0,30,0.000013,0,1,1,0,1,1
27022688,,0,0,30,0.000013,0,1,1,0,1,1
26916154,,0,0,30,0.000013,0,1,1,0,1,1
26893548,,0,0,30,0.000013,0,1,1,0,1,1
26886970,,0,0,30,0.000013,0,2,2,0,2,2
26835489,,0,0,30,0.000013,0,1,1,0,1,1
26831305,,0,0,30,0.000013,0,1,1,0,1,1
26799535,,0,0,30,0.000013,0,1,1,0,1,1
26756606,,0,0.000019,35,0.000013,0,2,2,0,2,2
26676235,,0,0,30,0.000013,0,1,1,0,1,1
26537645,,0,0,2,0.000013,0,2,2,0,2,2
26502319,,0,0,30,0.000013,0,1,1,0,1,1
26501844,,0,0,30,0.000013,0,1,1,0,1,1
26335569,,0,0,30,0.000013,0,1,1,0,1,1
26127038,,0,0,30,0.000013,0,1,1,0,1,1
25891052,,0,0,30,0.000013,0,1,1,0,1,1
25884160,,0,0,30,0.000013,0,1,1,0,1,1
25350548,,0,0,30,0.000013,0,1,1,0,1,1
25099904,,0,0,30,0.000013,0,1,1,0,1,1
25018067,,0,0,30,0.000013,0,1,1,0,1,1
24978923,,0,0,30,0.000013,0,1,1,0,1,1
24957223,,0,0,30,0.000013,0,1,1,0,1,1
24872543,,0,0,30,0.000013,0,1,1,0,1,1
24691609,,0,0,30,0.000013,0,1,1,0,1,1
24673749,,0,0,30,0.000013,0,1,1,0,1,1
24658691,,0,0,30,0.000013,0,1,1,0,1,1
24512476,,0,0,30,0.000013,0,1,1,0,1,1
24511273,,0,0,30,0.000013,0,1,1,0,1,1
24498285,,0,0,30,0.000013,0,1,1,0,1,1
24465808,,0,0,30,0.000013,0,1,1,0,1,1
24410848,,0,0,30,0.000013,0,1,1,0,1,1
24200481,,0,0,30,0.000013,0,1,1,0,1,1
23865000,,0,0,30,0.000013,0,1,1,0,1,1
23744877,,0,0,30,0.000013,0,1,1,0,1,1
23718292,,0,0,30,0.000013,0,1,1,0,1,1
23552817,,0,0,30,0.000013,0,1,1,0,1,1
23360535,,0,0,30,0.000013,0,1,1,0,1,1
23144986,,0,0,30,0.000013,0,1,1,0,1,1
23054621,,0,0,30,0.000013,0,1,1,0,1,1
22579527,,0,0,30,0.000013,0,1,1,0,1,1
22547473,,0,0,30,0.000013,0,1,1,0,1,1
22547470,,0,0,30,0.000013,0,1,1,0,1,1
22114898,,0,0,30,0.000013,0,1,1,0,1,1
22106103,,0,0,30,0.000013,0,1,1,0,1,1
30363761,,0,0.000099,8,0.000013,0,1,1,0,1,1
29545922,,0,0.000099,8,0.000013,0,1,1,0,1,1
28713348,,0,0.000099,8,0.000013,0,1,1,0,1,1
28462777,,0,0.000099,8,0.000013,0,1,1,0,1,1
28257090,,0,0.000099,76,0.000013,0,3,3,0,3,3
26997480,,0.004132,0.000099,32,0.002337,230,1,231,230,1,231
26176563,,0,0.000119,8,0.000013,0,2,2,0,2,2
26068472,,0,0.000139,29,0.000013,0,2,2,0,2,2
25142975,,0,0.000099,8,0.000013,0,1,1,0,1,1
25078033,,0,0.000099,8,0.000013,0,1,1,0,1,1
24939994,,0,0.000099,8,0.000013,0,1,1,0,1,1
24856061,,0,0.000342,32,0.000013,0,2,2,0,2,2
24068956,,0,0.000142,8,0.000013,0,2,2,0,2,2
24039993,,0,0.000099,8,0.000013,0,1,1,0,1,1
23823326,,0,0.000099,8,0.000013,0,1,1,0,1,1
23760669,,0,0.000099,8,0.000013,0,1,1,0,1,1
23125966,,0,0.000099,8,0.000013,0,1,1,0,1,1
22212019,,0,0.000099,8,0.000013,0,1,1,0,1,1
30065235,,0,0.000013,8,0.000013,0,1,1,0,1,1
22403682,,0,0.000013,8,0.000013,0,1,1,0,1,1
24970542,,0,0,5,0.000013,0,1,1,0,1,1
27486774,,0,0,8,0.000013,0,1,1,0,1,1
30096175,,0,0.000004,35,0.000013,0,1,1,0,1,1
29938198,,0,0.000004,35,0.000013,0,1,1,0,1,1
29348684,,0,0.000004,35,0.000013,0,1,1,0,1,1
28961844,,0,0.000037,31,0.000013,0,3,3,0,3,3
28442506,,0,0.000004,35,0.000013,0,1,1,0,1,1
24777111,,0,0.000004,35,0.000013,0,1,1,0,1,1
24406729,,0,0.000004,35,0.000013,0,1,1,0,1,1
30370249,,0,0.000055,0,0.000013,0,3,3,0,3,3
29922827,,0.000001,0.000899,23,0.00002,2,10,12,2,10,12
29661970,,0,0.000042,0,0.000013,0,3,3,0,3,3
29506079,,0,0.000462,31,0.000013,0,7,7,0,7,7
29478780,,0,0.000454,51,0.000013,0,10,10,0,10,10
29101015,,0,0.000026,0,0.000013,0,1,1,0,1,1
28324520,,0,0.000026,0,0.000013,0,1,1,0,1,1
28123851,,0,0.000237,22,0.000029,2,4,6,2,4,6
26193321,,0,0.000033,5,0.000013,0,2,2,0,2,2
25960849,,0,0.000026,0,0.000013,0,1,1,0,1,1
25625042,,0,0.000074,0,0.000013,0,2,2,0,2,2
24681585,,0,0.00015,32,0.000013,0,3,3,0,3,3
24512911,,0,0.000026,0,0.000013,0,1,1,0,1,1
29108013,,0,0.000001,8,0.000013,0,1,1,0,1,1
27196893,,0,0.000001,8,0.000013,0,1,1,0,1,1
24339760,,0,0.000001,8,0.000013,0,1,1,0,1,1
23894231,,0,0.000001,8,0.000013,0,1,1,0,1,1
23437387,,0,0.000001,8,0.000013,0,1,1,0,1,1
27875573,,0,0.000001,8,0.000013,0,1,1,0,1,1
26064230,,0,0.000001,8,0.000013,0,1,1,0,1,1
24576043,,0,0.000001,8,0.000013,0,1,1,0,1,1
23462292,,0,0.000001,8,0.000013,0,1,1,0,1,1
29137429,,0,0.000007,5,0.000013,0,1,1,0,1,1
28879638,,0,0.000164,5,0.000013,0,5,5,0,5,5
28573914,,0,0.001148,51,0.000013,0,9,9,0,9,9
28356926,,0,0.000124,5,0.000013,0,3,3,0,3,3
24012080,,0,0.000007,5,0.000013,0,1,1,0,1,1
30013182,,0,0.000293,32,0.000013,0,1,1,0,1,1
29856625,,0,0.000546,32,0.000013,0,4,4,0,4,4
29670134,,0,0.000426,32,0.000013,0,2,2,0,2,2
29593098,,0,0.001223,51,0.000013,0,4,4,0,4,4
29535912,,0,0.000537,32,0.000013,0,3,3,0,3,3
29420337,,0,0.000293,32,0.000013,0,1,1,0,1,1
29404385,,0,0.000456,32,0.000013,0,2,2,0,2,2
29326930,,0,0.000294,8,0.000013,0,2,2,0,2,2
29290694,,0,0.0025,5,0.000013,0,4,4,0,4,4
29254481,,0,0.000293,32,0.000013,0,1,1,0,1,1
29251726,,0,0.000473,41,0.000013,0,2,2,0,2,2
29073231,,0,0.000353,32,0.000013,0,2,2,0,2,2
28978184,,0,0.000873,51,0.000013,0,8,8,0,8,8
28978150,,0,0.000426,32,0.000013,0,2,2,0,2,2
28947502,,0,0.000293,32,0.000013,0,1,1,0,1,1
28886275,,0,0.00052,32,0.000013,0,6,6,0,6,6
28851861,,0,0.000514,51,0.000013,0,3,3,0,3,3
28515503,,0,0.000484,51,0.000013,0,4,4,0,4,4
28222073,,0.000714,0.001793,51,0.000016,3,8,11,3,8,11
28212573,,0.000067,0.000525,32,0.000076,8,3,11,8,3,11
28076755,,0,0.000293,32,0.000013,0,1,1,0,1,1
27811964,,0,0.000293,32,0.000013,0,1,1,0,1,1
27806302,,0,0.000293,32,0.000013,0,1,1,0,1,1
27742776,,0,0.001713,0,0.000013,0,6,6,0,6,6
27437145,,0,0.000418,32,0.000013,0,3,3,0,3,3
27323902,,0.000043,0.000814,32,0.00002,2,5,7,2,5,7
27110282,,0,0.001704,51,0.000013,0,4,4,0,4,4
27067600,,0,0.000293,32,0.000013,0,1,1,0,1,1
26990173,,0,0.000293,32,0.000013,0,1,1,0,1,1
26976643,,0,0.000293,32,0.000013,0,1,1,0,1,1
26959114,,0,0.000422,32,0.000024,1,3,4,1,3,4
26873719,,0,0.001272,32,0.000013,0,6,6,0,6,6
26654227,,0,0.000293,32,0.000013,0,1,1,0,1,1
26539453,,0,0.000293,32,0.000013,0,1,1,0,1,1
26513298,,0,0.00036,32,0.000013,0,2,2,0,2,2
26338418,,0,0.000293,32,0.000013,0,1,1,0,1,1
26257769,,0,0.000795,32,0.000013,0,3,3,0,3,3
25984718,,0,0.000493,32,0.000013,0,4,4,0,4,4
25833379,,0,0.000355,32,0.000013,0,3,3,0,3,3
25774912,,0,0.000293,32,0.000013,0,1,1,0,1,1
25753674,,0,0.000293,32,0.000013,0,1,1,0,1,1
25609062,,0,0.000293,32,0.000013,0,1,1,0,1,1
25551153,,0,0.000293,32,0.000013,0,1,1,0,1,1
25074383,,0,0.000293,32,0.000013,0,1,1,0,1,1
24838527,,0,0.000293,32,0.000013,0,1,1,0,1,1
24650937,,0,0.00036,32,0.000013,0,2,2,0,2,2
24413198,,0,0.000293,32,0.000013,0,1,1,0,1,1
24294592,,0,0.000414,32,0.000013,0,3,3,0,3,3
23834463,,0,0.000747,32,0.000013,0,3,3,0,3,3
23680142,,0,0.000345,32,0.000013,0,2,2,0,2,2
23355608,,0,0.000293,32,0.000013,0,1,1,0,1,1
23355489,,0,0.000293,32,0.000013,0,1,1,0,1,1
23118055,,0,0.000381,32,0.000013,0,2,2,0,2,2
23054213,,0,0.000386,32,0.000013,0,3,3,0,3,3
22943041,,0,0.000293,32,0.000013,0,1,1,0,1,1
22412391,,0,0.000293,32,0.000013,0,1,1,0,1,1
22246237,,0,0.000293,32,0.000013,0,1,1,0,1,1
30157950,,0,0.000002,29,0.000013,0,1,1,0,1,1
30046139,,0,0.000002,29,0.000013,0,1,1,0,1,1
30008696,,0,0.000002,29,0.000013,0,1,1,0,1,1
29568694,,0,0.000002,29,0.000013,0,1,1,0,1,1
29423116,,0,0.000003,29,0.000013,0,3,3,0,3,3
29416566,,0,0.000002,29,0.000013,0,1,1,0,1,1
28410238,,0,0.000002,29,0.000013,0,1,1,0,1,1
26998167,,0,0.000002,29,0.000013,0,1,1,0,1,1
25528024,,0,0.000003,29,0.000013,0,2,2,0,2,2
25379018,,0,0.000002,29,0.000013,0,1,1,0,1,1
25313051,,0,0.000002,29,0.000013,0,1,1,0,1,1
25279981,,0,0.000002,29,0.000013,0,1,1,0,1,1
25084169,,0,0.000002,29,0.000013,0,1,1,0,1,1
24719895,,0,0.000002,29,0.000013,0,1,1,0,1,1
24498269,,0,0.000002,29,0.000013,0,1,1,0,1,1
24019396,,0,0.000002,29,0.000013,0,1,1,0,1,1
23637804,,0,0.000002,29,0.000013,0,1,1,0,1,1
23629941,,0,0.000005,29,0.000013,0,2,2,0,2,2
23273986,,0,0.000002,29,0.000013,0,1,1,0,1,1
22689985,,0,0.000002,29,0.000013,0,1,1,0,1,1
22626625,,0,0.000002,29,0.000013,0,1,1,0,1,1
22489017,,0,0.000002,29,0.000013,0,1,1,0,1,1
28941134,,0,0.00002,35,0.000013,0,1,1,0,1,1
26472563,,0,0.00002,35,0.000013,0,1,1,0,1,1
27270325,,0,0.000001,22,0.000013,0,1,1,0,1,1
24525918,,0,0.000001,22,0.000013,0,1,1,0,1,1
22321641,,0,0.000001,22,0.000013,0,1,1,0,1,1
22204491,,0,0.000001,22,0.000013,0,1,1,0,1,1
30361544,,0,0.000001,44,0.000013,0,1,1,0,1,1
30302273,,0,0.000001,44,0.000013,0,1,1,0,1,1
30240752,,0,0.000001,44,0.000013,0,1,1,0,1,1
30013179,,0,0.000001,44,0.000013,0,1,1,0,1,1
29558460,,0,0.000001,44,0.000013,0,1,1,0,1,1
29440645,,0,0.000001,44,0.000013,0,1,1,0,1,1
29352263,,0,0.000001,44,0.000013,0,1,1,0,1,1
29257060,,0,0.000001,44,0.000013,0,1,1,0,1,1
29170395,,0,0.000001,44,0.000013,0,1,1,0,1,1
28984872,,0,0.000005,44,0.000013,0,2,2,0,2,2
28968390,,0,0.000001,44,0.000013,0,1,1,0,1,1
28661481,,0,0.000001,44,0.000013,0,1,1,0,1,1
28334734,,0,0.000001,44,0.000013,0,1,1,0,1,1
28208750,,0,0.000001,44,0.000013,0,1,1,0,1,1
28193315,,0,0.000001,44,0.000013,0,1,1,0,1,1
27895316,,0,0.000001,44,0.000013,0,1,1,0,1,1
27768121,,0,0.000001,44,0.000013,0,1,1,0,1,1
27252396,,0,0.000001,44,0.000013,0,1,1,0,1,1
27161365,,0,0.000001,44,0.000013,0,1,1,0,1,1
27004936,,0,0.000001,44,0.000013,0,1,1,0,1,1
26958853,,0,0.000001,44,0.000013,0,1,1,0,1,1
26228485,,0,0.000001,44,0.000013,0,1,1,0,1,1
26159997,,0,0.000001,44,0.000013,0,1,1,0,1,1
25877892,,0,0.000483,44,0.000013,0,2,2,0,2,2
25758253,,0,0.000001,44,0.000013,0,1,1,0,1,1
25621497,,0,0.000001,44,0.000013,0,1,1,0,1,1
25519840,,0,0.000001,44,0.000013,0,1,1,0,1,1
25380055,,0,0.000001,44,0.000013,0,1,1,0,1,1
25333414,,0,0.000001,44,0.000013,0,1,1,0,1,1
25010984,,0,0.000001,44,0.000013,0,1,1,0,1,1
24658219,,0,0.000001,44,0.000013,0,1,1,0,1,1
24600564,,0,0.000001,44,0.000013,0,1,1,0,1,1
24348754,,0,0.000001,44,0.000013,0,1,1,0,1,1
24213507,,0,0.000001,44,0.000013,0,1,1,0,1,1
24156017,,0,0.000001,44,0.000013,0,1,1,0,1,1
24067972,,0,0.000001,44,0.000013,0,1,1,0,1,1
23914348,,0,0.000001,44,0.000013,0,1,1,0,1,1
23709119,,0,0.000001,44,0.000013,0,1,1,0,1,1
23705030,,0,0.000001,44,0.000013,0,1,1,0,1,1
23612976,,0,0.000001,44,0.000013,0,1,1,0,1,1
23382223,,0,0.000001,44,0.000013,0,1,1,0,1,1
23300120,,0,0.000001,44,0.000013,0,1,1,0,1,1
23255111,,0,0.000001,44,0.000013,0,1,1,0,1,1
23222436,,0,0.000001,44,0.000013,0,1,1,0,1,1
22804234,,0,0.000001,44,0.000013,0,1,1,0,1,1
22552812,,0,0.000001,44,0.000013,0,1,1,0,1,1
22214600,,0,0.000001,44,0.000013,0,1,1,0,1,1
24741338,,0,0.000026,41,0.000013,0,1,1,0,1,1
30266904,,0,0.000035,10,0.000013,0,1,1,0,1,1
30069249,,0,0.000035,10,0.000013,0,1,1,0,1,1
29492197,,0,0.000035,10,0.000013,0,1,1,0,1,1
29284497,,0,0.000035,10,0.000013,0,1,1,0,1,1
29099854,,0,0.000035,10,0.000013,0,1,1,0,1,1
28916820,,0,0.000035,10,0.000013,0,1,1,0,1,1
28740209,,0,0.000035,10,0.000013,0,1,1,0,1,1
28512778,,0,0.000035,10,0.000013,0,1,1,0,1,1
28510587,,0,0.000035,10,0.000013,0,1,1,0,1,1
28473627,,0,0.000035,10,0.000013,0,1,1,0,1,1
28358029,,0,0.000035,10,0.000013,0,1,1,0,1,1
28170284,,0,0.000035,10,0.000013,0,1,1,0,1,1
28154505,,0,0.000035,10,0.000013,0,1,1,0,1,1
28154504,,0,0.000035,10,0.000013,0,1,1,0,1,1
28056976,,0,0.000035,10,0.000013,0,1,1,0,1,1
27076762,,0,0.000035,10,0.000013,0,1,1,0,1,1
26782991,,0,0.000035,10,0.000013,0,1,1,0,1,1
26746459,,0,0.000035,10,0.000013,0,1,1,0,1,1
26466667,,0,0.000035,10,0.000013,0,1,1,0,1,1
26466382,,0,0.000035,10,0.000013,0,1,1,0,1,1
26207627,,0,0.000035,10,0.000013,0,1,1,0,1,1
26198599,,0,0.000035,10,0.000013,0,1,1,0,1,1
26149738,,0,0.000035,10,0.000013,0,1,1,0,1,1
26063326,,0,0.000035,10,0.000013,0,1,1,0,1,1
25941534,,0,0.000035,10,0.000013,0,1,1,0,1,1
25599712,,0,0.000035,10,0.000013,0,1,1,0,1,1
25549360,,0,0.000035,10,0.000013,0,1,1,0,1,1
25495413,,0,0.000035,10,0.000013,0,1,1,0,1,1
25393026,,0,0.000035,10,0.000013,0,1,1,0,1,1
24963154,,0,0.000035,10,0.000013,0,1,1,0,1,1
24922540,,0,0.000035,10,0.000013,0,1,1,0,1,1
24913378,,0,0.000035,10,0.000013,0,1,1,0,1,1
24843659,,0,0.000035,10,0.000013,0,1,1,0,1,1
24651836,,0,0.000035,10,0.000013,0,1,1,0,1,1
24614931,,0,0.000035,10,0.000013,0,1,1,0,1,1
24600475,,0,0.000035,10,0.000013,0,1,1,0,1,1
24141362,,0,0.000035,10,0.000013,0,1,1,0,1,1
24092415,,0,0.000035,10,0.000013,0,1,1,0,1,1
24023808,,0,0.000035,10,0.000013,0,1,1,0,1,1
24003856,,0,0.000035,10,0.000013,0,1,1,0,1,1
23990773,,0,0.000035,10,0.000013,0,1,1,0,1,1
23961719,,0,0.000035,10,0.000013,0,1,1,0,1,1
23613681,,0,0.000035,10,0.000013,0,1,1,0,1,1
23574466,,0,0.000035,10,0.000013,0,1,1,0,1,1
23566118,,0,0.000035,10,0.000013,0,1,1,0,1,1
23558482,,0,0.000035,10,0.000013,0,1,1,0,1,1
23455638,,0,0.000035,10,0.000013,0,1,1,0,1,1
23362995,,0,0.000035,10,0.000013,0,1,1,0,1,1
23138309,,0,0.000035,10,0.000013,0,1,1,0,1,1
23110055,,0,0.000035,10,0.000013,0,1,1,0,1,1
22776031,,0,0.000035,10,0.000013,0,1,1,0,1,1
22739348,,0,0.000035,10,0.000013,0,1,1,0,1,1
22443201,,0,0.000035,10,0.000013,0,1,1,0,1,1
22311722,,0,0.000035,10,0.000013,0,1,1,0,1,1
22295058,,0,0.000035,10,0.000013,0,1,1,0,1,1
22216843,,0,0.000035,10,0.000013,0,1,1,0,1,1
22177444,,0,0.000035,10,0.000013,0,1,1,0,1,1
25612474,,0,0.000027,41,0.000013,0,2,2,0,2,2
21883167,,0.000005,0,41,0.000044,4,0,4,4,0,4
24625446,,0,0,41,0.000013,0,1,1,0,1,1
23830140,,0,0,41,0.000013,0,1,1,0,1,1
29470805,,0,0.000111,35,0.000013,0,6,6,0,6,6
28700784,,0,0.000188,31,0.000013,0,5,5,0,5,5
28615971,,0,0.000178,31,0.000013,0,2,2,0,2,2
27195161,,0.000006,0.000044,32,0.000016,1,1,2,1,1,2
25374458,,0,0.000044,35,0.000013,0,1,1,0,1,1
24416469,,0,0.000044,35,0.000013,0,1,1,0,1,1
29619377,,0,0.000001,8,0.000013,0,1,1,0,1,1
23653357,,0,0.000041,29,0.000013,0,2,2,0,2,2
30287485,,0,0.000852,41,0.000013,0,1,1,0,1,1
29980625,,0,0.000852,41,0.000013,0,1,1,0,1,1
29844865,,0,0.000852,5,0.000013,0,2,2,0,2,2
29805632,,0,0.000852,41,0.000013,0,1,1,0,1,1
29764369,,0,0.000852,41,0.000013,0,1,1,0,1,1
29713020,,0,0.000852,41,0.000013,0,1,1,0,1,1
29616301,,0,0.000852,41,0.000013,0,1,1,0,1,1
29608663,,0,0.000852,41,0.000013,0,1,1,0,1,1
29556353,,0,0.000852,41,0.000013,0,1,1,0,1,1
29504910,,0,0.000852,41,0.000013,0,1,1,0,1,1
29485617,,0,0.000852,41,0.000013,0,1,1,0,1,1
29479394,,0,0.000852,41,0.000013,0,1,1,0,1,1
29331675,,0,0.000852,41,0.000013,0,1,1,0,1,1
29304754,,0,0.000852,41,0.000013,0,1,1,0,1,1
29200198,,0,0.000852,41,0.000013,0,1,1,0,1,1
29186335,,0,0.000852,41,0.000013,0,1,1,0,1,1
29097710,,0,0.0009,31,0.000013,0,2,2,0,2,2
29065872,,0,0.000852,41,0.000013,0,1,1,0,1,1
29023534,,0,0.001468,31,0.000013,0,3,3,0,3,3
28957656,,0,0.000852,41,0.000013,0,1,1,0,1,1
28922552,,0,0.000852,41,0.000013,0,1,1,0,1,1
28855549,,0,0.000852,41,0.000013,0,1,1,0,1,1
28692054,,0,0.000852,41,0.000013,0,1,1,0,1,1
28659971,,0,0.001468,31,0.000013,0,3,3,0,3,3
28398584,,0,0.000852,41,0.000013,0,1,1,0,1,1
28397780,,0,0.000852,41,0.000013,0,1,1,0,1,1
28334730,,0,0.001022,41,0.000013,0,2,2,0,2,2
28333948,,0,0.000986,31,0.000013,0,2,2,0,2,2
28205554,,0,0.000852,41,0.000013,0,1,1,0,1,1
28178989,,0,0.000852,41,0.000013,0,1,1,0,1,1
28168295,,0,0.000852,41,0.000013,0,1,1,0,1,1
28149674,,0,0.000852,41,0.000013,0,1,1,0,1,1
28073370,,0,0.000852,41,0.000013,0,1,1,0,1,1
28067293,,0,0.000852,41,0.000013,0,1,1,0,1,1
28038320,,0,0.000852,41,0.000013,0,1,1,0,1,1
27986087,,0,0.000852,41,0.000013,0,1,1,0,1,1
27899621,,0,0.000852,41,0.000013,0,1,1,0,1,1
27899617,,0,0.000852,41,0.000013,0,1,1,0,1,1
27876821,,0,0.000852,41,0.000013,0,1,1,0,1,1
27863091,,0,0.001334,41,0.000013,0,2,2,0,2,2
27808240,,0,0.000852,41,0.000013,0,1,1,0,1,1
27758891,,0,0.000852,41,0.000013,0,1,1,0,1,1
27740470,,0,0.000852,41,0.000013,0,1,1,0,1,1
27667792,,0,0.000852,41,0.000013,0,1,1,0,1,1
27588951,,0,0.000986,31,0.000013,0,2,2,0,2,2
27587696,,0,0.000852,41,0.000013,0,1,1,0,1,1
27540270,,0,0.000852,41,0.000013,0,1,1,0,1,1
27484480,,0,0.000852,41,0.000013,0,1,1,0,1,1
27482531,,0,0.000852,41,0.000013,0,1,1,0,1,1
27453043,,0,0.000852,41,0.000013,0,1,1,0,1,1
27438146,,0,0.000852,41,0.000013,0,1,1,0,1,1
27421136,,0,0.000852,41,0.000013,0,1,1,0,1,1
27340651,,0,0.000852,41,0.000013,0,1,1,0,1,1
27270107,,0,0.000852,41,0.000013,0,1,1,0,1,1
27243824,,0,0.000852,41,0.000013,0,1,1,0,1,1
27153670,,0,0.000852,41,0.000013,0,1,1,0,1,1
27148394,,0,0.000852,41,0.000013,0,1,1,0,1,1
27145341,,0,0.000852,41,0.000013,0,1,1,0,1,1
27135912,,0,0.000852,41,0.000013,0,1,1,0,1,1
27126562,,0,0.000852,41,0.000013,0,1,1,0,1,1
27105842,,0,0.000852,41,0.000013,0,1,1,0,1,1
27088724,,0,0.000852,41,0.000013,0,1,1,0,1,1
27026680,,0,0.000852,41,0.000013,0,1,1,0,1,1
26980320,,0,0.000852,41,0.000013,0,1,1,0,1,1
26963104,,0,0.000852,41,0.000013,0,1,1,0,1,1
26947078,,0,0.000852,41,0.000013,0,1,1,0,1,1
26899600,,0,0.000852,41,0.000013,0,1,1,0,1,1
26870081,,0,0.000852,41,0.000013,0,1,1,0,1,1
26860319,,0,0.000852,41,0.000013,0,1,1,0,1,1
26837275,,0,0.000852,41,0.000013,0,1,1,0,1,1
26792175,,0,0.000852,41,0.000013,0,1,1,0,1,1
26779250,,0,0.000852,41,0.000013,0,1,1,0,1,1
26683094,,0,0.000852,41,0.000013,0,1,1,0,1,1
26664652,,0,0.000852,41,0.000013,0,1,1,0,1,1
26645471,,0,0.000852,41,0.000013,0,1,1,0,1,1
26631547,,0,0.000852,41,0.000013,0,1,1,0,1,1
26451490,,0,0.000852,41,0.000013,0,1,1,0,1,1
26379039,,0,0.000852,41,0.000013,0,1,1,0,1,1
26253137,,0,0.000852,41,0.000013,0,1,1,0,1,1
26212640,,0,0.000852,41,0.000013,0,1,1,0,1,1
26169172,,0,0.000852,41,0.000013,0,1,1,0,1,1
26167067,,0,0.000867,31,0.000013,0,2,2,0,2,2
26099165,,0,0.000852,41,0.000013,0,1,1,0,1,1
26072494,,0,0.000852,41,0.000013,0,1,1,0,1,1
25941339,,0,0.000852,41,0.000013,0,1,1,0,1,1
25926297,,0,0.000852,41,0.000013,0,1,1,0,1,1
25785493,,0,0.000852,41,0.000013,0,1,1,0,1,1
25691827,,0,0.000852,41,0.000013,0,1,1,0,1,1
25690659,,0,0.000852,41,0.000013,0,1,1,0,1,1
25594039,,0,0.000852,41,0.000013,0,1,1,0,1,1
25573922,,0,0.000979,31,0.000013,0,2,2,0,2,2
25417114,,0,0.000852,41,0.000013,0,1,1,0,1,1
25392681,,0,0.000852,41,0.000013,0,1,1,0,1,1
25348067,,0,0.000852,41,0.000013,0,1,1,0,1,1
25161255,,0,0.000852,41,0.000013,0,1,1,0,1,1
25135958,,0,0.000852,41,0.000013,0,1,1,0,1,1
25124859,,0,0.000852,41,0.000013,0,1,1,0,1,1
25086704,,0,0.000852,41,0.000013,0,1,1,0,1,1
25086664,,0,0.000852,41,0.000013,0,1,1,0,1,1
25057111,,0,0.000852,41,0.000013,0,1,1,0,1,1
25034939,,0,0.000852,41,0.000013,0,1,1,0,1,1
24988079,,0,0.000852,41,0.000013,0,1,1,0,1,1
24932098,,0,0.000852,41,0.000013,0,1,1,0,1,1
24931984,,0,0.000852,41,0.000013,0,1,1,0,1,1
24913233,,0,0.000852,41,0.000013,0,1,1,0,1,1
24793136,,0,0.000852,41,0.000013,0,1,1,0,1,1
24675718,,0,0.000852,41,0.000013,0,1,1,0,1,1
24584084,,0,0.000852,41,0.000013,0,1,1,0,1,1
24491042,,0,0.000852,41,0.000013,0,1,1,0,1,1
24319650,,0,0.000852,41,0.000013,0,1,1,0,1,1
24297863,,0,0.000852,41,0.000013,0,1,1,0,1,1
24297532,,0,0.000852,41,0.000013,0,1,1,0,1,1
24214964,,0,0.001336,41,0.000013,0,3,3,0,3,3
24209623,,0,0.001348,32,0.000013,0,3,3,0,3,3
24096568,,0,0.001334,41,0.000013,0,2,2,0,2,2
24071852,,0,0.000852,41,0.000013,0,1,1,0,1,1
24068901,,0,0.000852,41,0.000013,0,1,1,0,1,1
23986566,,0,0.000852,41,0.000013,0,1,1,0,1,1
23813010,,0,0.000852,41,0.000013,0,1,1,0,1,1
23796897,,0,0.000852,41,0.000013,0,1,1,0,1,1
23762457,,0,0.000852,41,0.000013,0,1,1,0,1,1
23539594,,0,0.001334,41,0.000013,0,2,2,0,2,2
23384594,,0,0.000852,41,0.000013,0,1,1,0,1,1
23353056,,0,0.000852,41,0.000013,0,1,1,0,1,1
23343428,,0,0.000852,41,0.000013,0,1,1,0,1,1
23255073,,0,0.000852,41,0.000013,0,1,1,0,1,1
23117078,,0,0.000852,41,0.000013,0,1,1,0,1,1
23111104,,0,0.000852,41,0.000013,0,1,1,0,1,1
23056458,,0,0.000852,41,0.000013,0,1,1,0,1,1
22290264,,0,0.000852,41,0.000013,0,1,1,0,1,1
29088233,,0,0.000013,5,0.000013,0,2,2,0,2,2
27807069,,0,0.000013,2,0.000013,0,2,2,0,2,2
27383056,,0,0.000013,5,0.000013,0,1,1,0,1,1
28199325,,0,0.000007,23,0.000013,0,2,2,0,2,2
30344961,,0,0.000045,51,0.000013,0,1,1,0,1,1
29891787,,0,0.001059,51,0.000013,0,5,5,0,5,5
29777302,,0,0.000922,51,0.000013,0,8,8,0,8,8
29731985,,0,0.00101,51,0.000013,0,7,7,0,7,7
29725535,,0,0.000538,51,0.000013,0,3,3,0,3,3
29329208,,0,0.001079,51,0.000013,0,8,8,0,8,8
28736631,,0,0.000852,51,0.000013,0,3,3,0,3,3
28675654,,0,0.001189,51,0.000013,0,5,5,0,5,5
28440963,,0,0.000087,51,0.000013,0,2,2,0,2,2
27747081,,0,0.000045,51,0.000013,0,1,1,0,1,1
27708512,,0,0.000959,51,0.000013,0,4,4,0,4,4
27649047,,0,0.000102,51,0.000013,0,3,3,0,3,3
27498862,,0,0.000191,51,0.000013,0,2,2,0,2,2
26681674,,0.000028,0.000191,23,0.000297,29,2,31,29,2,31
25812653,,0,0.000172,51,0.000013,0,3,3,0,3,3
25755680,,0,0.000045,51,0.000013,0,1,1,0,1,1
25366685,,0.034031,0.000274,51,0.001579,233,3,236,233,3,236
24189460,,0,0.000045,51,0.000013,0,1,1,0,1,1
28133583,,0,0.000011,5,0.000024,1,3,4,1,3,4
27097237,,0,0.000005,5,0.000013,0,1,1,0,1,1
26229667,,0,0.000006,5,0.000013,0,2,2,0,2,2
25341132,,0,0.000006,5,0.000013,0,2,2,0,2,2
23577259,,0,0.000077,5,0.000013,0,1,1,0,1,1
29892050,,0,0.000107,51,0.000013,0,2,2,0,2,2
29881290,,0,0.00006,51,0.000013,0,1,1,0,1,1
29529211,,0,0.000294,32,0.000016,1,3,4,1,3,4
29162647,,0,0.00006,51,0.000013,0,1,1,0,1,1
28423598,,0,0.000134,51,0.000013,0,4,4,0,4,4
28031932,,0,0.000967,51,0.000013,0,3,3,0,3,3
27902461,,0,0.00006,51,0.000013,0,1,1,0,1,1
27408704,,0,0.000286,51,0.000013,0,3,3,0,3,3
26964030,,0.000003,0.000131,51,0.000034,4,4,8,4,4,8
26779560,,0,0.00006,51,0.000013,0,1,1,0,1,1
26308072,,0,0.00006,51,0.000013,0,1,1,0,1,1
23817498,,0,0.00006,51,0.000013,0,1,1,0,1,1
22933731,,0,0.00006,51,0.000013,0,1,1,0,1,1
27835607,,0,0.000049,22,0.000013,0,2,2,0,2,2
27776153,,0,0.000002,22,0.000013,0,1,1,0,1,1
26364800,,0,0.000002,22,0.000013,0,1,1,0,1,1
25425145,,0,0.000002,22,0.000013,0,1,1,0,1,1
22424533,,0,0.000002,22,0.000013,0,1,1,0,1,1
29228613,,0,0,2,0.000013,0,1,1,0,1,1
28986348,,0,0,2,0.000013,0,1,1,0,1,1
24978702,,0,0,2,0.000013,0,1,1,0,1,1
23807164,,0,0,2,0.000013,0,1,1,0,1,1
29079795,,0,0.000001,2,0.000013,0,1,1,0,1,1
27652330,,0,0.000001,2,0.000013,0,1,1,0,1,1
29580235,,0,0.000038,22,0.000024,1,5,6,1,5,6
29187139,,0,0.000018,22,0.000013,0,1,1,0,1,1
28886340,,0,0.000201,22,0.000013,0,3,3,0,3,3
26843426,,0,0.000018,22,0.000013,0,1,1,0,1,1
26467025,,0,0.000018,22,0.000013,0,1,1,0,1,1
25389437,,0,0.000018,22,0.000013,0,1,1,0,1,1
23774735,,0,0.000018,22,0.000013,0,1,1,0,1,1
30287823,,0,0.000143,22,0.000013,0,5,5,0,5,5
30050867,,0,0.000032,5,0.000013,0,4,4,0,4,4
29926817,,0,0.000029,22,0.000013,0,1,1,0,1,1
29757403,,0,0.000029,22,0.000013,0,1,1,0,1,1
28651617,,0,0.000526,29,0.000024,1,3,4,1,3,4
28569743,,0,0.00003,22,0.000013,0,2,2,0,2,2
28511696,,0,0.000029,22,0.000013,0,1,1,0,1,1
28415857,,0,0.000029,22,0.000013,0,1,1,0,1,1
28301460,,0,0.000029,22,0.000013,0,1,1,0,1,1
28157586,,0,0.000029,22,0.000013,0,1,1,0,1,1
27995669,,0,0.000029,22,0.000013,0,1,1,0,1,1
25642409,,0,0.000379,51,0.000013,0,4,4,0,4,4
23766521,,0,0.000029,22,0.000013,0,1,1,0,1,1
23499923,,0,0.000029,22,0.000013,0,1,1,0,1,1
22855342,,0,0.000023,22,0.000013,0,1,1,0,1,1
30103829,,0,0.003201,2,0.000013,0,9,9,0,9,9
29765522,,0,0.001722,41,0.000013,0,2,2,0,2,2
29621593,,0,0.001895,51,0.000013,0,7,7,0,7,7
29587661,,0,0.003381,41,0.000013,0,6,6,0,6,6
28843361,,0.00001,0.002139,17,0.00002,2,6,8,2,6,8
28780755,,0,0.003275,5,0.000013,0,8,8,0,8,8
27904775,,0,0.001386,41,0.000013,0,4,4,0,4,4
27861897,,0,0.000889,41,0.000013,0,2,2,0,2,2
27410681,,0,0.000841,41,0.000013,0,1,1,0,1,1
26239918,,0,0.000841,41,0.000013,0,1,1,0,1,1
25592572,,0,0.000841,41,0.000013,0,1,1,0,1,1
25494844,,0,0.000841,41,0.000013,0,1,1,0,1,1
24944674,,0,0.001722,41,0.000013,0,2,2,0,2,2
24535833,,0,0.000841,41,0.000013,0,1,1,0,1,1
23937415,,0,0.000981,41,0.000013,0,2,2,0,2,2
23539755,,0,0.000841,41,0.000013,0,1,1,0,1,1
22937176,,0.000085,0.002584,5,0.000014,1,3,4,1,3,4
22762204,,0,0.000841,41,0.000013,0,1,1,0,1,1
22676197,,0,0.000841,41,0.000013,0,1,1,0,1,1
22176776,,0.000669,0.000841,41,0.000027,2,1,3,2,1,3
29706632,,0,0.00002,5,0.000013,0,2,2,0,2,2
30124168,,0,0.000003,19,0.000013,0,1,1,0,1,1
30059789,,0,0.000003,19,0.000013,0,1,1,0,1,1
29187632,,0,0.000003,19,0.000013,0,1,1,0,1,1
28403812,,0,0.000003,19,0.000013,0,1,1,0,1,1
28250806,,0,0.000003,19,0.000013,0,1,1,0,1,1
28070290,,0,0.000003,19,0.000013,0,1,1,0,1,1
27936167,,0,0.000003,19,0.000029,2,2,4,2,2,4
26781544,,0,0.000003,19,0.000013,0,1,1,0,1,1
26488398,,0,0.000003,19,0.000013,0,1,1,0,1,1
25396304,,0,0.000003,19,0.000013,0,1,1,0,1,1
25324490,,0,0.000003,19,0.000013,0,1,1,0,1,1
24165220,,0,0.000003,19,0.000013,0,1,1,0,1,1
23397042,,0,0.000003,19,0.000013,0,1,1,0,1,1
23396885,,0,0.000003,19,0.000013,0,1,1,0,1,1
22933370,,0,0.000003,19,0.000013,0,1,1,0,1,1
22544168,,0,0.000003,19,0.000013,0,1,1,0,1,1
29622675,,0,0.000012,51,0.000013,0,1,1,0,1,1
21994901,,0.000523,0,51,0.000177,18,0,18,18,0,18
29312579,,0,0.000012,51,0.000013,0,1,1,0,1,1
27880722,,0,0.000012,51,0.000013,0,1,1,0,1,1
27861151,,0,0.000012,51,0.000013,0,1,1,0,1,1
27588475,,0,0.000012,51,0.000013,0,1,1,0,1,1
27278018,,0,0.000012,51,0.000013,0,1,1,0,1,1
26770299,,0,0.000012,51,0.000013,0,1,1,0,1,1
26293672,,0,0.000012,51,0.000013,0,1,1,0,1,1
26230842,,0,0.000012,51,0.000013,0,1,1,0,1,1
25825985,,0,0.000012,51,0.000013,0,1,1,0,1,1
24651706,,0,0.000012,51,0.000013,0,1,1,0,1,1
24415873,,0,0.000012,51,0.000013,0,1,1,0,1,1
24395524,,0,0.000494,51,0.000013,0,2,2,0,2,2
23493267,,0,0.000012,51,0.000013,0,1,1,0,1,1
30237851,,0,0.001101,5,0.000013,0,5,5,0,5,5
29973584,,0,0.000948,31,0.000013,0,4,4,0,4,4
29792936,,0,0.000862,5,0.000013,0,1,1,0,1,1
29707124,,0,0.000862,5,0.000013,0,1,1,0,1,1
29486991,,0,0.001137,5,0.000013,0,5,5,0,5,5
29146522,,0,0.000945,32,0.000013,0,5,5,0,5,5
28917021,,0,0.000863,0,0.000013,0,2,2,0,2,2
28794477,,0,0.000862,5,0.000013,0,1,1,0,1,1
28640387,,0,0.000862,5,0.000013,0,1,1,0,1,1
28606096,,0,0.00132,51,0.000013,0,7,7,0,7,7
28188302,,0,0.000862,5,0.000013,0,1,1,0,1,1
27329137,,0,0.000876,29,0.000013,0,2,2,0,2,2
27083775,,0.000074,0.001072,5,0.000052,9,7,16,9,7,16
26979391,,0,0.001435,51,0.000013,0,4,4,0,4,4
26807219,,0,0.001112,41,0.000013,0,2,2,0,2,2
26681312,,0.001109,0.001083,5,0.000092,31,6,37,31,6,37
26539620,,0,0.000909,22,0.000013,0,2,2,0,2,2
26102509,,0,0.000862,5,0.000013,0,1,1,0,1,1
25623732,,0,0.000862,5,0.000013,0,1,1,0,1,1
25581430,,0,0.000862,5,0.000013,0,1,1,0,1,1
24936644,,0,0.000866,2,0.000013,0,2,2,0,2,2
24005565,,0,0.000862,5,0.000013,0,1,1,0,1,1
23036137,,0,0.000862,52,0.000013,0,2,2,0,2,2
24454468,,0,0,2,0.000013,0,1,1,0,1,1
23015160,,0,0.000002,2,0.000013,0,1,1,0,1,1
29348858,,0,0.000013,35,0.000013,0,1,1,0,1,1
29113223,,0,0.000013,32,0.000013,0,2,2,0,2,2
28685080,,0,0.000013,35,0.000013,0,1,1,0,1,1
28445140,,0,0.000033,32,0.000013,0,4,4,0,4,4
28430867,,0,0.000013,35,0.000013,0,1,1,0,1,1
28166748,,0,0.000013,35,0.000013,0,1,1,0,1,1
28042625,,0,0.000013,35,0.000013,0,1,1,0,1,1
26448887,,0,0.000013,35,0.000013,0,1,1,0,1,1
26298547,,0,0.000013,35,0.000013,0,1,1,0,1,1
26207196,,0,0.000013,35,0.000013,0,1,1,0,1,1
25906045,,0,0.000256,35,0.000013,0,2,2,0,2,2
25608004,,0,0.000013,35,0.000013,0,1,1,0,1,1
25520916,,0,0.000013,35,0.000013,0,1,1,0,1,1
24138748,,0,0.000013,35,0.000013,0,1,1,0,1,1
23518927,,0,0.000013,35,0.000013,0,1,1,0,1,1
23423317,,0,0.000013,35,0.000013,0,1,1,0,1,1
30038710,,0,0,29,0.000013,0,1,1,0,1,1
22010575,,0.000016,0,29,0.000087,7,0,7,7,0,7
25880358,,0,0,29,0.000013,0,1,1,0,1,1
25013758,,0,0,29,0.000013,0,1,1,0,1,1
24244833,,0,0,29,0.000013,0,1,1,0,1,1
25544907,,0,0,53,0.000013,0,1,1,0,1,1
24968695,,0,0,53,0.000013,0,1,1,0,1,1
24324362,,0,0,53,0.000013,0,1,1,0,1,1
30222029,,0,0,2,0.000013,0,1,1,0,1,1
29526866,,0,0,2,0.000013,0,1,1,0,1,1
29092024,,0,0,2,0.000013,0,1,1,0,1,1
29050233,,0,0,2,0.000013,0,1,1,0,1,1
28350011,,0,0.000002,2,0.000013,0,2,2,0,2,2
27894335,,0,0,2,0.000013,0,1,1,0,1,1
27742906,,0,0,2,0.000013,0,1,1,0,1,1
27713571,,0,0,2,0.000013,0,1,1,0,1,1
27113572,,0,0,2,0.000013,0,1,1,0,1,1
26792203,,0,0,2,0.000013,0,1,1,0,1,1
26044503,,0,0,2,0.000013,0,1,1,0,1,1
25980944,,0,0,2,0.000013,0,1,1,0,1,1
25888204,,0,0,2,0.000013,0,1,1,0,1,1
25472540,,0,0,2,0.000013,0,1,1,0,1,1
25356184,,0,0,2,0.000013,0,1,1,0,1,1
23722469,,0,0,2,0.000013,0,1,1,0,1,1
29514700,,0,0.000001,5,0.000013,0,1,1,0,1,1
26880251,,0,0.000001,5,0.000013,0,1,1,0,1,1
23167846,,0,0.000001,5,0.000013,0,1,1,0,1,1
26799424,,0,0,1,0.000013,0,1,1,0,1,1
25481874,,0,0,1,0.000013,0,1,1,0,1,1
24858105,,0,0,1,0.000013,0,1,1,0,1,1
23153826,,0,0,1,0.000013,0,1,1,0,1,1
28687497,,0,0.000018,0,0.000013,0,2,2,0,2,2
26758370,,0.000021,0.000263,0,0.000018,2,5,7,2,5,7
25374456,,0,0.000018,0,0.000013,0,1,1,0,1,1
25170639,,0,0.000018,0,0.000013,0,1,1,0,1,1
24795638,,0,0.000018,0,0.000013,0,1,1,0,1,1
29898891,,0,0.000007,23,0.000013,0,2,2,0,2,2
26072487,,0,0.000001,0,0.000013,0,1,1,0,1,1
24821702,,0,0.000001,0,0.000013,0,1,1,0,1,1
23940718,,0,0.000001,0,0.000013,0,1,1,0,1,1
23822714,,0,0.000001,0,0.000013,0,1,1,0,1,1
23537197,,0,0.000001,0,0.000013,0,1,1,0,1,1
29158291,,0,0.000096,17,0.000013,0,2,2,0,2,2
28587121,,0,0.000052,8,0.000013,0,1,1,0,1,1
28376211,,0,0.000303,32,0.000013,0,2,2,0,2,2
27626497,,0,0.000052,8,0.000013,0,1,1,0,1,1
27487141,,0,0.000052,8,0.000013,0,1,1,0,1,1
27286262,,0,0.000052,8,0.000013,0,1,1,0,1,1
26764186,,0,0.000052,8,0.000013,0,1,1,0,1,1
25481245,,0,0.000052,8,0.000013,0,1,1,0,1,1
25061500,,0,0.000052,8,0.000013,0,1,1,0,1,1
24356817,,0,0.000066,32,0.000013,0,2,2,0,2,2
23383259,,0,0.000052,8,0.000013,0,1,1,0,1,1
23230562,,0,0.000052,8,0.000013,0,1,1,0,1,1
28382166,,0,0.000005,32,0.000013,0,1,1,0,1,1
27686740,,0,0.000945,32,0.000013,0,4,4,0,4,4
27632933,,0,0.000007,32,0.000013,0,2,2,0,2,2
25813624,,0,0.000005,32,0.000013,0,1,1,0,1,1
25527123,,0,0.000005,32,0.000013,0,1,1,0,1,1
25124282,,0,0.00014,32,0.000013,0,2,2,0,2,2
22983126,,0,0.000005,32,0.000013,0,1,1,0,1,1
29566768,,0,0.000004,0,0.000013,0,1,1,0,1,1
29386294,,0,0.000004,0,0.000013,0,1,1,0,1,1
29137675,,0,0.000004,0,0.000013,0,2,2,0,2,2
29050306,,0,0.000004,0,0.000013,0,1,1,0,1,1
28994651,,0,0.000004,0,0.000013,0,1,1,0,1,1
28427147,,0,0.000004,19,0.000013,0,2,2,0,2,2
27920576,,0,0.000004,0,0.000013,0,2,2,0,2,2
27698827,,0,0.000004,0,0.000013,0,1,1,0,1,1
27379207,,0,0.000004,0,0.000013,0,1,1,0,1,1
27197262,,0,0.000004,0,0.000013,0,1,1,0,1,1
26528478,,0,0.000004,0,0.000013,0,1,1,0,1,1
25750434,,0,0.000004,0,0.000013,0,1,1,0,1,1
25365214,,0,0.000004,0,0.000013,0,1,1,0,1,1
25157350,,0,0.000004,0,0.000013,0,1,1,0,1,1
25075304,,0,0.000004,0,0.000013,0,1,1,0,1,1
24966934,,0,0.000004,0,0.000013,0,1,1,0,1,1
24959420,,0,0.000004,0,0.000013,0,1,1,0,1,1
24875404,,0,0.000004,0,0.000013,0,1,1,0,1,1
24733940,,0,0.000004,0,0.000013,0,1,1,0,1,1
24367099,,0,0.000004,0,0.000013,0,1,1,0,1,1
24213471,,0,0.000004,0,0.000013,0,1,1,0,1,1
24019927,,0,0.000004,0,0.000013,0,1,1,0,1,1
23681255,,0,0.000114,31,0.000013,0,3,3,0,3,3
23328114,,0,0.000004,0,0.000013,0,1,1,0,1,1
23045526,,0,0.000004,0,0.000013,0,1,1,0,1,1
22666460,,0,0.000004,0,0.000013,0,1,1,0,1,1
29529900,,0,0.000026,0,0.000013,0,3,3,0,3,3
28514723,,0,0.000202,31,0.000013,0,6,6,0,6,6
27621404,,0,0.000009,22,0.000013,0,2,2,0,2,2
24986639,,0.000019,0.000003,0,0.00002,2,1,3,2,1,3
22520019,,0,0.000003,0,0.000013,0,1,1,0,1,1
28150150,,0,0.000001,1,0.000013,0,1,1,0,1,1
28053928,,0,0.000001,1,0.000013,0,1,1,0,1,1
27031701,,0,0.000001,1,0.000013,0,1,1,0,1,1
24950965,,0,0.000001,1,0.000013,0,1,1,0,1,1
30341290,,0,0.000012,8,0.000013,0,2,2,0,2,2
22121227,,0.000533,0,31,0.000318,31,0,31,31,0,31
29945198,,0,0.000012,31,0.000013,0,1,1,0,1,1
29357316,,0,0.000012,31,0.000013,0,1,1,0,1,1
29357071,,0,0.000012,31,0.000013,0,1,1,0,1,1
29141011,,0,0.000012,31,0.000013,0,1,1,0,1,1
28886750,,0,0.000012,31,0.000013,0,1,1,0,1,1
27899586,,0,0.000012,31,0.000013,0,1,1,0,1,1
27005429,,0,0.000012,31,0.000013,0,1,1,0,1,1
26621740,,0,0.000012,31,0.000013,0,1,1,0,1,1
26073986,,0,0.000012,31,0.000013,0,1,1,0,1,1
25918225,,0,0.000012,31,0.000013,0,1,1,0,1,1
25883153,,0,0.000012,31,0.000013,0,1,1,0,1,1
25378327,,0,0.000012,31,0.000013,0,1,1,0,1,1
25237741,,0,0.000494,31,0.000013,0,2,2,0,2,2
25233079,,0,0.000012,31,0.000013,0,1,1,0,1,1
25017067,,0,0.000012,31,0.000013,0,1,1,0,1,1
25003001,,0,0.000012,31,0.000013,0,1,1,0,1,1
24990962,,0,0.000012,31,0.000013,0,1,1,0,1,1
24988487,,0,0.000012,31,0.000013,0,1,1,0,1,1
24637776,,0,0.000012,31,0.000013,0,1,1,0,1,1
24615916,,0,0.000494,31,0.000013,0,2,2,0,2,2
24561252,,0,0.000012,31,0.000013,0,1,1,0,1,1
24507716,,0,0.000012,31,0.000013,0,1,1,0,1,1
24153112,,0,0.000012,31,0.000013,0,1,1,0,1,1
23637706,,0,0.000012,31,0.000013,0,1,1,0,1,1
23345620,,0,0.000012,31,0.000013,0,1,1,0,1,1
23275544,,0,0.000012,31,0.000013,0,1,1,0,1,1
23079308,,0,0.000012,31,0.000013,0,1,1,0,1,1
28927115,,0,0.000016,32,0.000013,0,1,1,0,1,1
27829217,,0,0.000016,32,0.000013,0,1,1,0,1,1
27722032,,0,0.00009,32,0.000013,0,2,2,0,2,2
27167194,,0,0.000016,32,0.000013,0,1,1,0,1,1
27139157,,0,0.000016,32,0.000013,0,1,1,0,1,1
25025965,,0,0.000016,32,0.000013,0,1,1,0,1,1
24349411,,0,0.000016,32,0.000013,0,1,1,0,1,1
23780887,,0,0.000258,32,0.000013,0,2,2,0,2,2
23544166,,0,0.000016,32,0.000013,0,1,1,0,1,1
23414472,,0,0.000019,32,0.000013,0,2,2,0,2,2
23174755,,0,0.000016,32,0.000013,0,1,1,0,1,1
22787433,,0,0.000016,32,0.000013,0,1,1,0,1,1
28289945,,0,0.001355,41,0.000013,0,3,3,0,3,3
27019658,,0,0.001042,41,0.000013,0,2,2,0,2,2
26574845,,0,0.001262,41,0.000024,1,2,3,1,2,3
25832646,,0,0.000161,41,0.000013,0,1,1,0,1,1
24333842,,0.00344,0.000327,5,0.000103,12,3,15,12,3,15
28042603,,0,0,32,0.000013,0,1,1,0,1,1
30373556,,0,0.000567,31,0.000013,0,9,9,0,9,9
29054978,,0,0.00017,0,0.000013,0,1,1,0,1,1
27632374,,0,0.00017,0,0.000013,0,1,1,0,1,1
27373334,,0,0.000244,29,0.000013,0,3,3,0,3,3
25592620,,0,0.00017,0,0.000013,0,1,1,0,1,1
23917950,,0,0.000412,32,0.000013,0,2,2,0,2,2
23153126,,0,0.00017,0,0.000013,0,1,1,0,1,1
29479477,,0,0.000017,22,0.000018,1,1,2,1,1,2
27768684,,0,0.000017,22,0.000013,0,1,1,0,1,1
25892967,,0,0.000017,22,0.000013,0,1,1,0,1,1
27295426,,0,0.000451,29,0.000013,0,2,2,0,2,2
29562639,,0,0.000026,32,0.000013,0,3,3,0,3,3
30326899,,0,0.000007,23,0.000013,0,1,1,0,1,1
29541281,,0,0.000033,23,0.000013,0,3,3,0,3,3
29379588,,0,0.000012,23,0.000013,0,3,3,0,3,3
29168174,,0,0.000011,23,0.000013,0,2,2,0,2,2
28272475,,0,0.000011,23,0.000013,0,2,2,0,2,2
28199327,,0,0.000007,23,0.000013,0,1,1,0,1,1
28172817,,0,0.000007,23,0.000013,0,1,1,0,1,1
27898661,,0,0.000007,23,0.000013,0,1,1,0,1,1
27877219,,0,0.000011,23,0.000013,0,2,2,0,2,2
27579533,,0,0.000011,23,0.000013,0,2,2,0,2,2
26554653,,0,0.000007,23,0.000013,0,1,1,0,1,1
26300681,,0,0.000007,23,0.000013,0,1,1,0,1,1
26110621,,0,0.000007,23,0.000013,0,1,1,0,1,1
25658847,,0,0.000007,23,0.000013,0,1,1,0,1,1
25619503,,0,0.000031,23,0.000013,0,2,2,0,2,2
25544769,,0,0.000007,23,0.000013,0,1,1,0,1,1
25261994,,0,0.000007,23,0.000013,0,1,1,0,1,1
25233928,,0,0.000007,23,0.000013,0,1,1,0,1,1
25137018,,0,0.000007,23,0.000013,0,1,1,0,1,1
25086665,,0,0.000007,23,0.000013,0,1,1,0,1,1
24963371,,0,0.000007,23,0.000013,0,1,1,0,1,1
24883056,,0,0.000007,23,0.000013,0,1,1,0,1,1
24555976,,0,0.000009,23,0.000013,0,2,2,0,2,2
23966578,,0,0.000007,23,0.000013,0,1,1,0,1,1
23429423,,0,0.000007,23,0.000013,0,1,1,0,1,1
22623649,,0,0.000007,23,0.000013,0,1,1,0,1,1
23327800,,0,0.000015,41,0.000013,0,1,1,0,1,1
27275664,,0,0.000005,1,0.000013,0,2,2,0,2,2
26452039,,0,0.000029,2,0.000013,0,2,2,0,2,2
25678813,,0,0.000005,2,0.000013,0,1,1,0,1,1
25018561,,0,0.000005,2,0.000013,0,1,1,0,1,1
24764757,,0.000056,0.00006,2,0.000016,5,3,8,5,3,8
30214756,,0,0.000452,35,0.000013,0,3,3,0,3,3
30159437,,0,0.000464,29,0.000013,0,2,2,0,2,2
30127940,,0,0.000451,29,0.000013,0,1,1,0,1,1
30116283,,0,0.001899,32,0.000013,0,9,9,0,9,9
30013081,,0,0.000451,29,0.000013,0,1,1,0,1,1
29890631,,0,0.000451,29,0.000013,0,1,1,0,1,1
29731393,,0,0.000463,8,0.000013,0,3,3,0,3,3
29635390,,0.000003,0.002557,31,0.000035,2,13,15,2,13,15
29401626,,0,0.000451,29,0.000013,0,1,1,0,1,1
29383107,,0,0.000467,0,0.000013,0,4,4,0,4,4
29298432,,0,0.000451,29,0.000013,0,1,1,0,1,1
29212245,,0,0.000604,32,0.000013,0,5,5,0,5,5
28966806,,0,0.000585,29,0.000013,0,2,2,0,2,2
28956437,,0,0.000518,29,0.000013,0,3,3,0,3,3
28870997,,0,0.000593,8,0.000013,0,3,3,0,3,3
28808806,,0,0.000503,29,0.000013,0,2,2,0,2,2
28794468,,0,0.000451,29,0.000013,0,1,1,0,1,1
28781235,,0,0.000451,29,0.000013,0,1,1,0,1,1
28706506,,0,0.000451,29,0.000013,0,1,1,0,1,1
28649985,,0,0.000742,8,0.000013,0,5,5,0,5,5
28646528,,0,0.000581,32,0.000013,0,4,4,0,4,4
28615672,,0,0.000451,29,0.000013,0,1,1,0,1,1
28610420,,0,0.000451,29,0.000013,0,1,1,0,1,1
28569838,,0,0.000582,31,0.000013,0,3,3,0,3,3
28542436,,0,0.000452,29,0.000013,0,2,2,0,2,2
28427168,,0,0.000451,29,0.000013,0,1,1,0,1,1
28370323,,0,0.000451,29,0.000013,0,1,1,0,1,1
28358361,,0,0.000459,29,0.000013,0,3,3,0,3,3
28275011,,0,0.000451,29,0.000013,0,1,1,0,1,1
28186989,,0,0.000451,29,0.000013,0,1,1,0,1,1
27912056,,0,0.000451,29,0.000013,0,1,1,0,1,1
27829164,,0,0.000451,29,0.000013,0,1,1,0,1,1
27659691,,0,0.000451,29,0.000013,0,1,1,0,1,1
27386569,,0,0.000451,29,0.000013,0,1,1,0,1,1
27236187,,0,0.000451,29,0.000013,0,1,1,0,1,1
27125728,,0,0.000451,29,0.000013,0,1,1,0,1,1
26927829,,0,0.000492,29,0.000013,0,4,4,0,4,4
26874464,,0,0.000451,29,0.000013,0,1,1,0,1,1
26862208,,0,0.000454,8,0.000013,0,2,2,0,2,2
26579709,,0,0.000451,32,0.000013,0,2,2,0,2,2
26575173,,0,0.000503,29,0.000013,0,2,2,0,2,2
26505547,,0,0.000451,29,0.000013,0,1,1,0,1,1
26282282,,0,0.000451,29,0.000013,0,1,1,0,1,1
26170234,,0,0.000451,29,0.000013,0,1,1,0,1,1
25943391,,0,0.000451,29,0.000013,0,1,1,0,1,1
25938907,,0,0.000451,29,0.000013,0,1,1,0,1,1
25926848,,0,0.000494,29,0.000013,0,3,3,0,3,3
25849366,,0.000023,0.000518,29,0.000074,7,2,9,7,2,9
25800793,,0,0.000451,29,0.000013,0,1,1,0,1,1
25645916,,0,0.000451,29,0.000013,0,1,1,0,1,1
25624349,,0,0.000451,29,0.000013,0,1,1,0,1,1
25592571,,0,0.000451,29,0.000013,0,1,1,0,1,1
25590533,,0,0.000451,29,0.000013,0,1,1,0,1,1
25264941,,0,0.000503,29,0.000013,0,2,2,0,2,2
25260588,,0,0.000451,29,0.000013,0,1,1,0,1,1
25223785,,0,0.000451,29,0.000013,0,1,1,0,1,1
25119862,,0,0.000464,29,0.000013,0,2,2,0,2,2
24848236,,0,0.000451,29,0.000013,0,1,1,0,1,1
24800215,,0,0.000695,31,0.000013,0,4,4,0,4,4
24784841,,0,0.000451,29,0.000013,0,1,1,0,1,1
24780560,,0,0.000451,29,0.000013,0,1,1,0,1,1
24708616,,0,0.000679,41,0.000013,0,3,3,0,3,3
24582502,,0,0.000451,29,0.000013,0,1,1,0,1,1
24550935,,0,0.000451,29,0.000013,0,1,1,0,1,1
24429466,,0,0.000451,29,0.000013,0,1,1,0,1,1
24418621,,0,0.000453,29,0.000013,0,2,2,0,2,2
24411079,,0,0.000451,29,0.000013,0,1,1,0,1,1
24207023,,0,0.000451,29,0.000013,0,1,1,0,1,1
24206455,,0,0.000461,29,0.000013,0,2,2,0,2,2
24171864,,0,0.000451,29,0.000013,0,1,1,0,1,1
23945289,,0,0.000451,29,0.000013,0,1,1,0,1,1
23706822,,0,0.000451,29,0.000013,0,1,1,0,1,1
23656790,,0,0.000451,29,0.000013,0,1,1,0,1,1
23624881,,0,0.000451,29,0.000013,0,1,1,0,1,1
23593005,,0,0.000451,29,0.000013,0,1,1,0,1,1
23397111,,0,0.000451,29,0.000013,0,1,1,0,1,1
23382699,,0,0.000451,29,0.000013,0,1,1,0,1,1
23326344,,0,0.000451,29,0.000013,0,1,1,0,1,1
23270413,,0,0.000451,29,0.000013,0,1,1,0,1,1
23153487,,0,0.000451,29,0.000013,0,1,1,0,1,1
23151140,,0,0.000451,29,0.000013,0,1,1,0,1,1
23119227,,0,0.000451,29,0.000013,0,1,1,0,1,1
22704488,,0,0.000491,29,0.000013,0,2,2,0,2,2
29088855,,0,0,0,0.000013,0,1,1,0,1,1
24217253,,0,0,0,0.000013,0,1,1,0,1,1
23706176,,0,0,0,0.000013,0,1,1,0,1,1
30094284,,0,0.000006,5,0.000013,0,1,1,0,1,1
29309250,,0,0.000006,5,0.000013,0,1,1,0,1,1
26523133,,0,0.000006,5,0.000013,0,1,1,0,1,1
24084766,,0,0.000006,5,0.000013,0,1,1,0,1,1
29162934,,0,0.000016,5,0.000013,0,2,2,0,2,2
24845866,,0,0.000016,5,0.000013,0,1,1,0,1,1
23400601,,0,0.000016,5,0.000013,0,1,1,0,1,1
23065030,,0.000034,0.000016,5,0.000059,7,1,8,7,1,8
22241105,,0.000105,0,5,0.000025,6,0,6,6,0,6
29731887,,0,0,30,0.000013,0,1,1,0,1,1
27144536,,0,0,30,0.000013,0,2,2,0,2,2
25600256,,0,0,30,0.000013,0,1,1,0,1,1
25075270,,0,0,30,0.000013,0,1,1,0,1,1
24387528,,0,0,30,0.000013,0,1,1,0,1,1
27623016,,0,0.000026,0,0.000013,0,1,1,0,1,1
26422378,,0,0.000026,0,0.000013,0,1,1,0,1,1
23240043,,0,0.000026,0,0.000013,0,1,1,0,1,1
29616208,,0,0,14,0.000013,0,1,1,0,1,1
29332455,,0,0,14,0.000013,0,2,2,0,2,2
27390603,,0,0,14,0.000013,0,1,1,0,1,1
26310238,,0,0,14,0.000013,0,1,1,0,1,1
25245383,,0,0,14,0.000013,0,1,1,0,1,1
25225888,,0,0,14,0.000013,0,1,1,0,1,1
24903750,,0,0,14,0.000013,0,1,1,0,1,1
23508638,,0,0,14,0.000013,0,1,1,0,1,1
29029467,,0,0.000089,41,0.000013,0,1,1,0,1,1
27526105,,0,0.000089,41,0.000013,0,1,1,0,1,1
24718516,,0,0.000089,41,0.000013,0,1,1,0,1,1
30364884,,0,0.000881,0,0.000013,0,1,1,0,1,1
30089478,,0,0.001004,0,0.000013,0,2,2,0,2,2
30068487,,0,0.000881,0,0.000013,0,1,1,0,1,1
30055028,,0,0.000881,0,0.000013,0,1,1,0,1,1
29780777,,0,0.000881,0,0.000013,0,1,1,0,1,1
29445866,,0,0.000881,0,0.000013,0,1,1,0,1,1
29049607,,0.001172,0.002214,0,0.000068,10,4,14,10,4,14
28978132,,0,0.003303,41,0.000013,0,5,5,0,5,5
28630051,,0,0.001613,0,0.000013,0,7,7,0,7,7
27769273,,0,0.002105,0,0.000013,0,3,3,0,3,3
27689695,,0,0.000881,0,0.000013,0,1,1,0,1,1
27215391,,0,0.002221,51,0.000013,0,6,6,0,6,6
27110476,,0,0.000881,0,0.000013,0,1,1,0,1,1
26747452,,0,0.001085,0,0.000013,0,3,3,0,3,3
26463438,,0,0.000998,0,0.000013,0,3,3,0,3,3
26310369,,0.000042,0.001075,28,0.000039,6,5,11,6,5,11
26228058,,0,0.000881,0,0.000013,0,1,1,0,1,1
25823848,,0,0.001071,28,0.000013,0,4,4,0,4,4
23913208,,0,0.000881,0,0.000013,0,1,1,0,1,1
23904761,,0,0.001033,41,0.000013,0,2,2,0,2,2
23845225,,0,0.000881,0,0.000013,0,1,1,0,1,1
23382860,,0,0.000881,0,0.000013,0,1,1,0,1,1
29325566,,0,0,2,0.000013,0,1,1,0,1,1
23825930,,0,0,2,0.000013,0,1,1,0,1,1
30127874,,0,0,54,0.000013,0,1,1,0,1,1
22279619,,0,0,54,0.000264,24,0,24,24,0,24
30042885,,0,0,54,0.000013,0,1,1,0,1,1
29925812,,0,0,54,0.000013,0,1,1,0,1,1
29535262,,0,0,54,0.000013,0,1,1,0,1,1
29434697,,0,0,54,0.000013,0,1,1,0,1,1
29286139,,0,0,54,0.000013,0,1,1,0,1,1
28771075,,0,0,54,0.000013,0,1,1,0,1,1
28586067,,0,0,54,0.000013,0,1,1,0,1,1
28446188,,0,0,54,0.000013,0,1,1,0,1,1
28036296,,0,0,54,0.000013,0,1,1,0,1,1
27582552,,0,0,54,0.000013,0,1,1,0,1,1
27488872,,0,0,54,0.000013,0,1,1,0,1,1
26528041,,0,0,54,0.000013,0,1,1,0,1,1
26046466,,0,0,54,0.000013,0,1,1,0,1,1
25530715,,0,0,54,0.000013,0,1,1,0,1,1
24642627,,0,0,54,0.000013,0,1,1,0,1,1
23970935,,0,0,54,0.000013,0,1,1,0,1,1
23807222,,0,0,54,0.000013,0,1,1,0,1,1
23370395,,0,0,54,0.000013,0,1,1,0,1,1
23226679,,0,0,54,0.000013,0,1,1,0,1,1
23071715,,0,0,54,0.000013,0,1,1,0,1,1
22867945,,0,0,54,0.000013,0,1,1,0,1,1
29330466,,0,0.000177,32,0.000013,0,1,1,0,1,1
29327913,,0,0.000375,32,0.000013,0,3,3,0,3,3
28890935,,0,0.000177,32,0.000013,0,1,1,0,1,1
28697345,,0,0.000177,32,0.000013,0,1,1,0,1,1
27841728,,0,0.000941,32,0.000013,0,2,2,0,2,2
27799799,,0,0.000314,32,0.000013,0,3,3,0,3,3
27428646,,0.000013,0.000417,32,0.000088,9,3,12,9,3,12
26866698,,0,0.000234,32,0.000013,0,2,2,0,2,2
26745694,,0.001805,0.003279,5,0.000018,4,5,9,4,5,9
26536871,,0,0.000189,35,0.000013,0,2,2,0,2,2
26285766,,0,0.000177,32,0.000013,0,1,1,0,1,1
25847929,,0.002565,0.000935,31,0.000194,39,3,42,39,3,42
25689628,,0,0.000244,32,0.000013,0,2,2,0,2,2
24975604,,0,0.000244,32,0.000013,0,2,2,0,2,2
24392349,,0.000224,0.000177,32,0.000224,29,1,30,29,1,30
23687621,,0,0.000177,32,0.000013,0,1,1,0,1,1
23451039,,0,0.000177,32,0.000013,0,1,1,0,1,1
30166553,,0,0.000014,32,0.000013,0,1,1,0,1,1
28588601,,0,0.000014,32,0.000013,0,1,1,0,1,1
27207471,,0,0.000016,32,0.000013,0,2,2,0,2,2
26678268,,0.000003,0.000014,32,0.000082,7,1,8,7,1,8
24613357,,0,0.000014,32,0.000013,0,1,1,0,1,1
24129246,,0,0.000014,32,0.000013,0,1,1,0,1,1
22988450,,0,0.000014,32,0.000013,0,1,1,0,1,1
30275714,,0,0.000002,0,0.000013,0,1,1,0,1,1
25937855,,0,0.000002,0,0.000013,0,1,1,0,1,1
24834277,,0,0.000002,0,0.000013,0,1,1,0,1,1
29177593,,0,0.000003,5,0.000013,0,1,1,0,1,1
28327601,,0,0.000017,2,0.000013,0,2,2,0,2,2
28153719,,0,0.000015,2,0.000013,0,1,1,0,1,1
28139749,,0,0.000031,2,0.000013,0,3,3,0,3,3
27639558,,0,0.000015,2,0.000013,0,1,1,0,1,1
27476724,,0,0.00003,2,0.000013,0,2,2,0,2,2
27412732,,0,0.000046,0,0.000013,0,2,2,0,2,2
26909336,,0,0.00003,2,0.000013,0,2,2,0,2,2
26663100,,0,0.000015,2,0.000013,0,1,1,0,1,1
26203276,,0,0.000015,2,0.000013,0,1,1,0,1,1
26203258,,0,0.000015,1,0.000013,0,2,2,0,2,2
25466287,,0,0.00003,2,0.000013,0,2,2,0,2,2
25307299,,0,0.000015,2,0.000013,0,1,1,0,1,1
25184114,,0,0.000016,2,0.000013,0,3,3,0,3,3
24959384,,0,0.000015,2,0.000013,0,1,1,0,1,1
24705261,,0,0.000015,2,0.000013,0,1,1,0,1,1
23342018,,0,0.000015,2,0.000013,0,1,1,0,1,1
23275252,,0,0.000015,2,0.000013,0,1,1,0,1,1
23259501,,0,0.000015,2,0.000013,0,1,1,0,1,1
22737080,,0.000651,0.000015,2,0.000068,14,1,15,14,1,15
30065170,,0,0.000012,32,0.000013,0,1,1,0,1,1
28059163,,0,0.000012,32,0.000013,0,1,1,0,1,1
26470602,,0,0.000012,32,0.000013,0,1,1,0,1,1
26386198,,0,0.000012,32,0.000013,0,1,1,0,1,1
26258919,,0,0.000012,32,0.000013,0,1,1,0,1,1
25741004,,0,0.000012,32,0.000013,0,1,1,0,1,1
25407941,,0,0.000012,32,0.000013,0,1,1,0,1,1
24787290,,0,0.000012,32,0.000013,0,1,1,0,1,1
24766371,,0,0.000012,32,0.000013,0,1,1,0,1,1
24559173,,0,0.000012,32,0.000013,0,1,1,0,1,1
24462114,,0,0.000012,32,0.000013,0,1,1,0,1,1
24449862,,0,0.000012,32,0.000013,0,1,1,0,1,1
23374533,,0,0.000012,32,0.000013,0,1,1,0,1,1
23117821,,0,0.000012,32,0.000013,0,1,1,0,1,1
22824368,,0,0.000012,32,0.000013,0,1,1,0,1,1
30344696,,0,0.000003,0,0.000013,0,1,1,0,1,1
22315424,,0.000115,0,0,0.001179,113,0,113,113,0,113
30342533,,0,0.000003,0,0.000013,0,1,1,0,1,1
30115973,,0,0.000004,0,0.000013,0,2,2,0,2,2
30018566,,0,0.000003,0,0.000013,0,1,1,0,1,1
29928346,,0,0.000003,0,0.000013,0,1,1,0,1,1
29868122,,0,0.000003,0,0.000013,0,1,1,0,1,1
29854719,,0,0.000003,0,0.000013,0,1,1,0,1,1
29805754,,0,0.000003,0,0.000013,0,1,1,0,1,1
29290778,,0,0.000003,0,0.000013,0,1,1,0,1,1
29246496,,0,0.000003,0,0.000013,0,1,1,0,1,1
29109942,,0,0.000003,0,0.000013,0,2,2,0,2,2
29068983,,0,0.000003,0,0.000013,0,1,1,0,1,1
28966883,,0,0.000003,0,0.000013,0,1,1,0,1,1
28827639,,0,0.000003,0,0.000013,0,1,1,0,1,1
28795052,,0,0.000003,0,0.000013,0,1,1,0,1,1
28626800,,0,0.000003,0,0.000013,0,1,1,0,1,1
28512126,,0,0.000003,0,0.000013,0,1,1,0,1,1
28402752,,0,0.000003,2,0.000013,0,2,2,0,2,2
28160548,,0,0.000003,0,0.000013,0,1,1,0,1,1
28145100,,0,0.000003,0,0.000013,0,1,1,0,1,1
28106823,,0,0.000003,0,0.000013,0,1,1,0,1,1
28103887,,0,0.000003,0,0.000013,0,1,1,0,1,1
28005467,,0,0.000003,0,0.000013,0,1,1,0,1,1
27926533,,0,0.000003,0,0.000013,0,1,1,0,1,1
27897201,,0,0.000003,0,0.000013,0,1,1,0,1,1
27782067,,0,0.000003,0,0.000013,0,1,1,0,1,1
27721895,,0,0.000003,0,0.000013,0,1,1,0,1,1
27629831,,0,0.000003,0,0.000013,0,1,1,0,1,1
27608715,,0,0.000003,0,0.000013,0,1,1,0,1,1
27579604,,0,0.000003,0,0.000013,0,1,1,0,1,1
27551267,,0,0.000003,0,0.000013,0,1,1,0,1,1
27433802,,0,0.000003,0,0.000013,0,1,1,0,1,1
27374087,,0,0.000003,0,0.000013,0,1,1,0,1,1
27300436,,0,0.000003,0,0.000013,0,1,1,0,1,1
27293381,,0,0.000003,0,0.000013,0,1,1,0,1,1
27223464,,0,0.000003,0,0.000013,0,1,1,0,1,1
26989421,,0,0.000003,0,0.000013,0,1,1,0,1,1
26933805,,0,0.000003,0,0.000013,0,1,1,0,1,1
26902536,,0,0.000003,0,0.000013,0,1,1,0,1,1
26821020,,0,0.000003,0,0.000013,0,1,1,0,1,1
26779312,,0,0.000003,0,0.000013,0,1,1,0,1,1
26685283,,0,0.000003,0,0.000013,0,2,2,0,2,2
26657485,,0,0.000003,0,0.000013,0,1,1,0,1,1
26629015,,0,0.000003,0,0.000013,0,1,1,0,1,1
26537449,,0,0.000003,0,0.000013,0,1,1,0,1,1
26507842,,0,0.000003,0,0.000013,0,1,1,0,1,1
26473850,,0,0.000003,0,0.000013,0,1,1,0,1,1
26438643,,0,0.000003,0,0.000013,0,1,1,0,1,1
26317116,,0,0.000003,0,0.000013,0,1,1,0,1,1
26158897,,0,0.000003,0,0.000013,0,1,1,0,1,1
26146543,,0,0.000003,0,0.000013,0,1,1,0,1,1
26062749,,0,0.000015,35,0.000013,0,2,2,0,2,2
26052481,,0,0.000003,0,0.000013,0,1,1,0,1,1
26009703,,0,0.000003,0,0.000013,0,1,1,0,1,1
25960691,,0,0.000003,0,0.000013,0,1,1,0,1,1
25849621,,0,0.000004,0,0.000013,0,2,2,0,2,2
25760330,,0,0.000003,0,0.000013,0,1,1,0,1,1
25722304,,0,0.000003,0,0.000013,0,1,1,0,1,1
25559953,,0,0.000003,0,0.000013,0,1,1,0,1,1
25504437,,0,0.000003,0,0.000013,0,1,1,0,1,1
25491321,,0,0.000003,0,0.000013,0,1,1,0,1,1
25477749,,0,0.000003,0,0.000013,0,1,1,0,1,1
25459350,,0,0.000003,0,0.000013,0,1,1,0,1,1
25426255,,0,0.000003,0,0.000013,0,1,1,0,1,1
25406994,,0,0.000082,0,0.000013,0,3,3,0,3,3
25223380,,0,0.000003,0,0.000013,0,1,1,0,1,1
25220353,,0,0.000003,0,0.000013,0,1,1,0,1,1
25216122,,0,0.000003,0,0.000013,0,1,1,0,1,1
25205039,,0,0.000003,0,0.000013,0,1,1,0,1,1
25174799,,0,0.000003,0,0.000013,0,1,1,0,1,1
25050175,,0,0.000003,0,0.000013,0,1,1,0,1,1
25046105,,0,0.000003,0,0.000013,0,1,1,0,1,1
24909053,,0,0.000003,0,0.000013,0,1,1,0,1,1
24863696,,0,0.000245,32,0.000013,0,2,2,0,2,2
24811921,,0,0.000003,0,0.000013,0,1,1,0,1,1
24725360,,0,0.000003,0,0.000013,0,1,1,0,1,1
24632820,,0,0.000003,0,0.000013,0,1,1,0,1,1
24599520,,0,0.000003,0,0.000013,0,1,1,0,1,1
24589910,,0,0.000003,0,0.000013,0,1,1,0,1,1
24586608,,0,0.000003,0,0.000013,0,1,1,0,1,1
24512620,,0,0.000003,0,0.000013,0,1,1,0,1,1
24498150,,0,0.000003,0,0.000013,0,1,1,0,1,1
24479446,,0,0.000003,0,0.000013,0,1,1,0,1,1
24403841,,0,0.000003,0,0.000013,0,1,1,0,1,1
24400121,,0,0.000003,0,0.000013,0,1,1,0,1,1
24358187,,0,0.000003,0,0.000013,0,1,1,0,1,1
24350289,,0,0.000003,0,0.000013,0,1,1,0,1,1
24330780,,0,0.000003,0,0.000013,0,1,1,0,1,1
24284394,,0,0.000003,0,0.000013,0,1,1,0,1,1
24250234,,0,0.000003,0,0.000013,0,1,1,0,1,1
24116077,,0,0.000003,0,0.000013,0,1,1,0,1,1
23957009,,0,0.000003,0,0.000013,0,1,1,0,1,1
23939688,,0,0.000003,0,0.000013,0,1,1,0,1,1
23752191,,0,0.000003,0,0.000013,0,1,1,0,1,1
23589849,,0,0.000485,0,0.000013,0,2,2,0,2,2
23477556,,0,0.000485,0,0.000013,0,2,2,0,2,2
23465882,,0,0.000003,0,0.000013,0,1,1,0,1,1
23427895,,0,0.000003,0,0.000013,0,1,1,0,1,1
23405235,,0,0.000003,0,0.000013,0,1,1,0,1,1
23291983,,0,0.000003,0,0.000013,0,1,1,0,1,1
23281739,,0,0.000003,0,0.000013,0,1,1,0,1,1
23200856,,0,0.000003,0,0.000013,0,1,1,0,1,1
23200134,,0,0.000003,0,0.000013,0,1,1,0,1,1
23174106,,0,0.000003,0,0.000013,0,1,1,0,1,1
23060440,,0,0.000003,0,0.000013,0,1,1,0,1,1
22952942,,0,0.000003,0,0.000013,0,1,1,0,1,1
22684369,,0,0.000003,0,0.000013,0,1,1,0,1,1
22547075,,0,0.000003,0,0.000013,0,1,1,0,1,1
24985359,,0,0.000015,5,0.000013,0,1,1,0,1,1
23583311,,0,0.000015,5,0.000013,0,1,1,0,1,1
22911325,,0,0.000015,5,0.000013,0,1,1,0,1,1
30126895,,0,0.000012,8,0.000013,0,1,1,0,1,1
30108253,,0,0.000012,8,0.000013,0,1,1,0,1,1
29675925,,0,0.000012,8,0.000013,0,1,1,0,1,1
29212307,,0,0.000012,8,0.000013,0,1,1,0,1,1
28899199,,0,0.000012,8,0.000013,0,1,1,0,1,1
28416489,,0,0.000012,8,0.000013,0,1,1,0,1,1
27561354,,0,0.000012,8,0.000013,0,1,1,0,1,1
27404485,,0,0.000012,8,0.000013,0,1,1,0,1,1
27313980,,0,0.000012,8,0.000013,0,1,1,0,1,1
27216826,,0,0.000012,8,0.000013,0,1,1,0,1,1
27091842,,0,0.000012,8,0.000013,0,1,1,0,1,1
26697129,,0,0.000012,8,0.000013,0,1,1,0,1,1
26281945,,0,0.000012,8,0.000013,0,1,1,0,1,1
25879528,,0,0.000012,8,0.000013,0,1,1,0,1,1
25775529,,0,0.000012,8,0.000013,0,1,1,0,1,1
25540678,,0,0.000012,8,0.000013,0,1,1,0,1,1
25467193,,0,0.000012,8,0.000013,0,1,1,0,1,1
25378586,,0,0.000012,8,0.000013,0,1,1,0,1,1
24681086,,0,0.000012,8,0.000013,0,1,1,0,1,1
24322982,,0,0.000012,8,0.000013,0,1,1,0,1,1
24315093,,0,0.000012,8,0.000013,0,1,1,0,1,1
24142871,,0,0.000012,8,0.000013,0,1,1,0,1,1
24127568,,0,0.000012,8,0.000013,0,1,1,0,1,1
23892546,,0,0.000012,8,0.000013,0,1,1,0,1,1
23434765,,0,0.000012,8,0.000013,0,1,1,0,1,1
23382044,,0,0.000012,8,0.000013,0,1,1,0,1,1
23272301,,0,0.000012,8,0.000013,0,1,1,0,1,1
23109674,,0,0.000012,8,0.000013,0,1,1,0,1,1
22904695,,0,0.000012,8,0.000013,0,1,1,0,1,1
30250201,,0,0.000041,29,0.000013,0,1,1,0,1,1
22344029,,0.001804,0,29,0.001211,128,0,128,128,0,128
29955025,,0,0.000048,19,0.000013,0,3,3,0,3,3
29895741,,0,0.000044,29,0.000013,0,2,2,0,2,2
29860520,,0,0.000041,29,0.000013,0,1,1,0,1,1
29459768,,0,0.000041,29,0.000013,0,1,1,0,1,1
29432179,,0,0.000041,29,0.000013,0,1,1,0,1,1
29416038,,0,0.000041,29,0.000013,0,1,1,0,1,1
29323619,,0,0.000041,29,0.000013,0,1,1,0,1,1
29253183,,0,0.000241,29,0.000013,0,4,4,0,4,4
29156680,,0,0.000041,29,0.000013,0,1,1,0,1,1
29140459,,0,0.000041,29,0.000013,0,2,2,0,2,2
29112893,,0,0.000041,29,0.000013,0,1,1,0,1,1
29035510,,0,0.000041,29,0.000013,0,1,1,0,1,1
29030393,,0,0.000206,8,0.000013,0,3,3,0,3,3
28852223,,0,0.000041,29,0.000013,0,1,1,0,1,1
28732598,,0,0.000041,29,0.000013,0,1,1,0,1,1
28715428,,0,0.000044,29,0.000013,0,2,2,0,2,2
28710288,,0,0.000041,29,0.000013,0,1,1,0,1,1
28666352,,0,0.00005,29,0.000013,0,2,2,0,2,2
28644387,,0,0.000044,29,0.000013,0,2,2,0,2,2
28572115,,0,0.000041,29,0.000013,0,1,1,0,1,1
28388652,,0,0.000041,29,0.000013,0,1,1,0,1,1
28337968,,0,0.000041,29,0.000013,0,1,1,0,1,1
28334903,,0,0.000041,29,0.000013,0,1,1,0,1,1
28272405,,0,0.000041,29,0.000013,0,1,1,0,1,1
28087713,,0,0.000041,29,0.000013,0,1,1,0,1,1
27991914,,0,0.000041,29,0.000013,0,1,1,0,1,1
27980086,,0,0.000041,29,0.000013,0,1,1,0,1,1
27851963,,0,0.000041,29,0.000013,0,1,1,0,1,1
27849576,,0,0.000041,29,0.000013,0,1,1,0,1,1
27635653,,0,0.000041,29,0.000013,0,1,1,0,1,1
27552991,,0,0.000041,29,0.000013,0,1,1,0,1,1
27550810,,0,0.000041,29,0.000013,0,1,1,0,1,1
27503537,,0,0.000044,32,0.000013,0,2,2,0,2,2
27462432,,0,0.000041,29,0.000013,0,1,1,0,1,1
27315426,,0,0.000041,29,0.000013,0,1,1,0,1,1
27315300,,0,0.000041,29,0.000013,0,1,1,0,1,1
27053300,,0,0.000114,29,0.000013,0,2,2,0,2,2
27048167,,0,0.000041,29,0.000013,0,1,1,0,1,1
26966248,,0,0.000041,29,0.000013,0,1,1,0,1,1
26927092,,0,0.000041,29,0.000013,0,1,1,0,1,1
26682798,,0,0.000041,29,0.000013,0,1,1,0,1,1
26673700,,0,0.00011,29,0.000013,0,3,3,0,3,3
26575170,,0,0.000041,29,0.000013,0,1,1,0,1,1
26529031,,0,0.000044,29,0.000013,0,2,2,0,2,2
26502057,,0,0.000041,29,0.000013,0,1,1,0,1,1
26460974,,0,0.000041,29,0.000013,0,1,1,0,1,1
26454783,,0,0.000041,29,0.000013,0,1,1,0,1,1
26430155,,0,0.000041,29,0.000013,0,1,1,0,1,1
26429064,,0,0.000041,29,0.000013,0,1,1,0,1,1
26170322,,0,0.000041,29,0.000013,0,1,1,0,1,1
26004182,,0,0.000041,29,0.000013,0,1,1,0,1,1
25984354,,0,0.000041,29,0.000013,0,1,1,0,1,1
25977774,,0,0.000041,29,0.000013,0,1,1,0,1,1
25938567,,0,0.000041,29,0.000013,0,1,1,0,1,1
25373910,,0,0.000041,29,0.000013,0,1,1,0,1,1
25307932,,0,0.000041,29,0.000013,0,1,1,0,1,1
25217585,,0,0.000041,29,0.000013,0,1,1,0,1,1
25128619,,0,0.000041,29,0.000013,0,1,1,0,1,1
25030905,,0,0.000041,29,0.000013,0,1,1,0,1,1
24934636,,0,0.000041,29,0.000013,0,1,1,0,1,1
24931610,,0,0.000041,29,0.000013,0,1,1,0,1,1
24887097,,0,0.000041,29,0.000013,0,1,1,0,1,1
24811242,,0,0.000041,29,0.000013,0,1,1,0,1,1
24794811,,0,0.000041,29,0.000013,0,1,1,0,1,1
24750045,,0,0.000041,29,0.000013,0,1,1,0,1,1
24692659,,0,0.000041,29,0.000013,0,1,1,0,1,1
24682826,,0,0.000063,41,0.000013,0,2,2,0,2,2
24550317,,0,0.000041,29,0.000013,0,1,1,0,1,1
24454762,,0,0.000041,29,0.000013,0,1,1,0,1,1
24410894,,0,0.000041,29,0.000013,0,1,1,0,1,1
24332808,,0,0.000041,29,0.000013,0,1,1,0,1,1
24183448,,0,0.000041,29,0.000013,0,1,1,0,1,1
24049082,,0,0.000041,29,0.000013,0,1,1,0,1,1
24003211,,0,0.000066,8,0.000013,0,2,2,0,2,2
23967007,,0,0.000041,29,0.000013,0,1,1,0,1,1
23833192,,0,0.000041,29,0.000013,0,1,1,0,1,1
23811269,,0,0.000041,29,0.000013,0,1,1,0,1,1
23761808,,0,0.000041,29,0.000013,0,1,1,0,1,1
23739767,,0,0.000041,29,0.000013,0,1,1,0,1,1
23707624,,0,0.000041,29,0.000013,0,1,1,0,1,1
23684639,,0,0.000041,29,0.000013,0,1,1,0,1,1
23577092,,0,0.000041,29,0.000013,0,1,1,0,1,1
23530265,,0,0.000041,29,0.000013,0,1,1,0,1,1
23520512,,0,0.000041,29,0.000013,0,1,1,0,1,1
23509290,,0,0.000041,29,0.000013,0,1,1,0,1,1
23153064,,0,0.000041,29,0.000013,0,1,1,0,1,1
23036328,,0,0.000041,29,0.000013,0,1,1,0,1,1
22941645,,0,0.000041,29,0.000013,0,1,1,0,1,1
22902297,,0,0.000041,29,0.000013,0,1,1,0,1,1
22893507,,0,0.000041,29,0.000013,0,1,1,0,1,1
22343343,,0,0.000041,29,0.000013,0,1,1,0,1,1
29126396,,0.000001,0.000009,0,0.000015,1,2,3,1,2,3
28031860,,0,0.000007,0,0.000013,0,1,1,0,1,1
27473440,,0.000068,0.000007,0,0.00004,6,1,7,6,1,7
26957081,,0,0.000007,0,0.000013,0,1,1,0,1,1
26252280,,0,0.000007,0,0.000013,0,1,1,0,1,1
26073781,,0,0.000047,0,0.000013,0,3,3,0,3,3
25633981,,0,0.000007,0,0.000013,0,1,1,0,1,1
25611573,,0,0.000007,0,0.000013,0,1,1,0,1,1
25658628,,0,0,22,0.000013,0,1,1,0,1,1
27833082,,0,0.00004,0,0.000013,0,1,1,0,1,1
24204295,,0,0.00004,0,0.000013,0,1,1,0,1,1
23372733,,0,0.00004,0,0.000013,0,1,1,0,1,1
27174732,,0,0.000014,8,0.000013,0,1,1,0,1,1
24997799,,0,0.000014,8,0.000013,0,1,1,0,1,1
24316840,,0,0.000014,8,0.000013,0,1,1,0,1,1
24137399,,0,0.000014,8,0.000013,0,1,1,0,1,1
28825044,,0,0.000004,32,0.000013,0,1,1,0,1,1
28614736,,0,0.000004,32,0.000013,0,1,1,0,1,1
28319085,,0,0.000004,32,0.000013,0,1,1,0,1,1
28110804,,0,0.000004,32,0.000013,0,1,1,0,1,1
27308314,,0,0.000309,32,0.000013,0,5,5,0,5,5
26250694,,0,0.000004,32,0.000013,0,1,1,0,1,1
25681012,,0,0.000004,32,0.000013,0,1,1,0,1,1
25425972,,0,0.000057,32,0.000013,0,3,3,0,3,3
25336895,,0,0.000004,32,0.000013,0,1,1,0,1,1
25188410,,0,0.000004,32,0.000013,0,1,1,0,1,1
25026297,,0,0.000004,32,0.000013,0,1,1,0,1,1
24329908,,0,0.000004,32,0.000013,0,1,1,0,1,1
23451157,,0,0.000004,32,0.000013,0,1,1,0,1,1
23110144,,0,0.000004,32,0.000013,0,1,1,0,1,1
22788932,,0,0.000004,32,0.000013,0,1,1,0,1,1
22378286,,0.000004,0,5,0.000034,4,0,4,4,0,4
27529075,,0,0,5,0.000013,0,1,1,0,1,1
25320616,,0,0.000004,2,0.000013,0,1,1,0,1,1
26201965,,0,0.000001,23,0.000013,0,3,3,0,3,3
25758781,,0,0.000029,23,0.000013,0,5,5,0,5,5
23840564,,0.000659,0.000003,23,0.00007,7,3,10,7,3,10
28194204,,0,0.000003,0,0.000013,0,1,1,0,1,1
28182101,,0,0.000003,0,0.000013,0,1,1,0,1,1
27841266,,0,0.000003,0,0.000013,0,1,1,0,1,1
27104645,,0,0.000003,0,0.000013,0,1,1,0,1,1
26701265,,0,0.000003,0,0.000013,0,1,1,0,1,1
26472973,,0,0.000004,0,0.000013,0,2,2,0,2,2
26255679,,0,0.000003,0,0.000013,0,1,1,0,1,1
25351244,,0,0.000003,0,0.000013,0,1,1,0,1,1
25118203,,0,0.000022,0,0.000013,0,2,2,0,2,2
23853760,,0,0.000003,0,0.000013,0,1,1,0,1,1
23264680,,0,0.000003,0,0.000013,0,1,1,0,1,1
27161866,,0,0.000021,5,0.000013,0,2,2,0,2,2
24005329,,0,0.000083,5,0.000013,0,2,2,0,2,2
29489886,,0,0.000116,32,0.000013,0,2,2,0,2,2
28827325,,0,0.000088,32,0.000013,0,1,1,0,1,1
28797244,,0,0.000088,32,0.000013,0,1,1,0,1,1
28453388,,0,0.001149,23,0.000013,0,7,7,0,7,7
28418844,,0,0.000088,32,0.000013,0,2,2,0,2,2
28256603,,0,0.00036,32,0.000013,0,4,4,0,4,4
28181505,,0,0.000107,32,0.000013,0,2,2,0,2,2
27449094,,0,0.000088,32,0.000013,0,1,1,0,1,1
26907257,,0,0.000226,32,0.000013,0,3,3,0,3,3
25935535,,0.000003,0.000142,32,0.000109,10,3,13,10,3,13
25485492,,0,0.000107,32,0.000013,0,2,2,0,2,2
24857884,,0,0.000088,32,0.000013,0,1,1,0,1,1
24401183,,0,0.000088,32,0.000013,0,1,1,0,1,1
23433795,,0,0.000088,32,0.000013,0,1,1,0,1,1
30275707,,0,0.000251,41,0.000013,0,1,1,0,1,1
29920191,,0,0.000251,41,0.000013,0,1,1,0,1,1
29781764,,0,0.000251,41,0.000013,0,1,1,0,1,1
29635082,,0,0.000251,41,0.000013,0,1,1,0,1,1
29603059,,0,0.000251,41,0.000013,0,1,1,0,1,1
29599904,,0,0.000251,41,0.000013,0,1,1,0,1,1
29401696,,0,0.000251,41,0.000013,0,1,1,0,1,1
29069849,,0,0.000251,41,0.000013,0,1,1,0,1,1
29039544,,0,0.000251,41,0.000013,0,1,1,0,1,1
28926101,,0,0.000251,41,0.000013,0,1,1,0,1,1
28912895,,0,0.000251,41,0.000013,0,1,1,0,1,1
28859117,,0,0.000251,41,0.000013,0,1,1,0,1,1
28831167,,0,0.000251,41,0.000013,0,1,1,0,1,1
28670489,,0,0.000251,41,0.000013,0,1,1,0,1,1
28427157,,0,0.000251,41,0.000013,0,1,1,0,1,1
28086243,,0,0.000251,41,0.000013,0,1,1,0,1,1
28038455,,0,0.000251,41,0.000013,0,1,1,0,1,1
28003845,,0,0.000251,41,0.000013,0,1,1,0,1,1
27469435,,0,0.000251,41,0.000013,0,1,1,0,1,1
27329838,,0,0.000251,41,0.000013,0,1,1,0,1,1
27233943,,0,0.000251,41,0.000013,0,1,1,0,1,1
27216148,,0,0.000251,41,0.000013,0,1,1,0,1,1
26986722,,0,0.000251,41,0.000013,0,1,1,0,1,1
26848771,,0,0.000251,41,0.000013,0,1,1,0,1,1
26674120,,0,0.000251,41,0.000013,0,1,1,0,1,1
26396916,,0,0.000251,41,0.000013,0,1,1,0,1,1
26395996,,0,0.000251,41,0.000013,0,1,1,0,1,1
26351843,,0,0.000251,41,0.000013,0,1,1,0,1,1
26061565,,0,0.000251,41,0.000013,0,1,1,0,1,1
26053184,,0,0.000251,41,0.000013,0,1,1,0,1,1
25695953,,0,0.000251,41,0.000013,0,1,1,0,1,1
25582599,,0,0.000251,41,0.000013,0,1,1,0,1,1
25493219,,0,0.000251,41,0.000013,0,1,1,0,1,1
25319391,,0,0.000251,41,0.000013,0,1,1,0,1,1
25209969,,0,0.000251,41,0.000013,0,1,1,0,1,1
25193855,,0,0.000251,41,0.000013,0,1,1,0,1,1
25136588,,0,0.000251,41,0.000013,0,1,1,0,1,1
25134999,,0,0.000251,41,0.000013,0,1,1,0,1,1
25061503,,0,0.000251,41,0.000013,0,1,1,0,1,1
25003579,,0,0.000251,41,0.000013,0,1,1,0,1,1
24952704,,0,0.000251,41,0.000013,0,1,1,0,1,1
24872845,,0,0.000251,41,0.000013,0,1,1,0,1,1
24795781,,0,0.000251,41,0.000013,0,1,1,0,1,1
24619509,,0,0.000251,41,0.000013,0,1,1,0,1,1
24603862,,0,0.000251,41,0.000013,0,1,1,0,1,1
24587967,,0,0.000251,41,0.000013,0,1,1,0,1,1
24533079,,0,0.000251,41,0.000013,0,1,1,0,1,1
24001041,,0,0.000251,41,0.000013,0,1,1,0,1,1
23875075,,0,0.000251,41,0.000013,0,1,1,0,1,1
23826116,,0,0.000251,41,0.000013,0,1,1,0,1,1
23819061,,0,0.000251,41,0.000013,0,1,1,0,1,1
23544004,,0,0.000251,41,0.000013,0,1,1,0,1,1
23460878,,0,0.000251,41,0.000013,0,1,1,0,1,1
23320576,,0,0.000251,41,0.000013,0,1,1,0,1,1
23320251,,0,0.000251,41,0.000013,0,1,1,0,1,1
23858317,,0,0,2,0.000013,0,1,1,0,1,1
24077440,,0,0.00011,41,0.000013,0,1,1,0,1,1
23330070,,0,0.000115,41,0.000013,0,2,2,0,2,2
30279407,,0,0,55,0.000013,0,1,1,0,1,1
22430443,,0,0,55,0.000078,6,0,6,6,0,6
29419396,,0,0,55,0.000013,0,2,2,0,2,2
28139690,,0,0,55,0.000013,0,1,1,0,1,1
26569237,,0,0,55,0.000013,0,1,1,0,1,1
25178586,,0,0,55,0.000018,1,1,2,1,1,2
25174024,,0,0,55,0.000013,0,1,1,0,1,1
29063045,,0,0,2,0.000013,0,1,1,0,1,1
27857191,,0,0,2,0.000013,0,1,1,0,1,1
26312564,,0,0,2,0.000013,0,1,1,0,1,1
26226002,,0,0,2,0.000013,0,1,1,0,1,1
27164062,,0,0,11,0.000013,0,1,1,0,1,1
28713573,,0,0.000006,2,0.000013,0,2,2,0,2,2
29563994,,0,0.000068,41,0.000013,0,1,1,0,1,1
28499442,,0,0.000068,41,0.000013,0,1,1,0,1,1
27703266,,0,0.000068,41,0.000013,0,1,1,0,1,1
26779370,,0,0.000068,41,0.000013,0,1,1,0,1,1
26356073,,0,0.000068,41,0.000013,0,1,1,0,1,1
23379921,,0,0.000068,41,0.000013,0,1,1,0,1,1
23326605,,0,0.000068,41,0.000013,0,1,1,0,1,1
28491037,,0,0,56,0.000013,0,1,1,0,1,1
22500077,,0,0,56,0.000133,11,0,11,11,0,11
28448568,,0,0,56,0.000013,0,1,1,0,1,1
27367907,,0,0,56,0.000013,0,1,1,0,1,1
26970124,,0,0,56,0.000013,0,1,1,0,1,1
25340777,,0,0,56,0.000013,0,1,1,0,1,1
25013807,,0,0,56,0.000013,0,1,1,0,1,1
24504069,,0,0,56,0.000013,0,1,1,0,1,1
24459664,,0,0,56,0.000013,0,1,1,0,1,1
24431081,,0,0,56,0.000013,0,1,1,0,1,1
23202913,,0,0,56,0.000013,0,1,1,0,1,1
22851887,,0,0,56,0.000013,0,1,1,0,1,1
29039119,,0,0.000031,2,0.000013,0,4,4,0,4,4
27223487,,0.000001,0.000005,2,0.000026,2,1,3,2,1,3
25896519,,0,0.000009,2,0.000013,0,2,2,0,2,2
24625245,,0.000001,0.000005,1,0.000027,3,1,4,3,1,4
25179504,,0,0.000001,0,0.000013,0,1,1,0,1,1
24786518,,0,0.000001,0,0.000013,0,1,1,0,1,1
24590227,,0,0.000001,0,0.000013,0,1,1,0,1,1
29909985,,0,0.000591,51,0.000013,0,6,6,0,6,6
28490498,,0,0.000085,31,0.000013,0,1,1,0,1,1
27698805,,0,0.000085,31,0.000013,0,1,1,0,1,1
27543336,,0,0.000348,31,0.000013,0,3,3,0,3,3
27081639,,0,0.000085,31,0.000013,0,1,1,0,1,1
26917980,,0,0.000107,31,0.000013,0,2,2,0,2,2
25833184,,0,0.000567,31,0.000013,0,2,2,0,2,2
25532579,,0,0.000169,31,0.000013,0,2,2,0,2,2
25417144,,0,0.000085,31,0.000013,0,1,1,0,1,1
25155515,,0,0.000085,31,0.000013,0,1,1,0,1,1
25082706,,0,0.000567,31,0.000013,0,2,2,0,2,2
25030888,,0,0.000567,31,0.000013,0,2,2,0,2,2
24837372,,0,0.000085,31,0.000013,0,1,1,0,1,1
24597945,,0,0.000085,31,0.000013,0,1,1,0,1,1
23975201,,0,0.000085,31,0.000013,0,1,1,0,1,1
23356214,,0,0.000085,31,0.000013,0,1,1,0,1,1
23300490,,0,0.000085,31,0.000013,0,1,1,0,1,1
23271978,,0,0.000085,31,0.000013,0,1,1,0,1,1
29181019,,0,0.000003,51,0.000013,0,1,1,0,1,1
28050579,,0,0.000003,51,0.000013,0,1,1,0,1,1
27891254,,0,0.000011,51,0.000013,0,2,2,0,2,2
27184548,,0,0.000221,51,0.000013,0,2,2,0,2,2
27034017,,0,0.000853,51,0.000013,0,5,5,0,5,5
27006591,,0,0.000003,51,0.000013,0,1,1,0,1,1
27004541,,0,0.000003,51,0.000013,0,1,1,0,1,1
26926928,,0,0.000076,51,0.000013,0,3,3,0,3,3
30061180,,0,0.000023,33,0.000013,0,1,1,0,1,1
22537934,,0.001045,0,33,0.000109,12,0,12,12,0,12
29137369,,0,0.000026,33,0.000013,0,2,2,0,2,2
28915599,,0,0.000039,33,0.000013,0,2,2,0,2,2
28626802,,0,0.000023,33,0.000013,0,1,1,0,1,1
26694485,,0,0.000023,33,0.000013,0,1,1,0,1,1
26482648,,0,0.000023,33,0.000013,0,1,1,0,1,1
25074805,,0,0.000023,33,0.000013,0,1,1,0,1,1
24616890,,0,0.000023,33,0.000013,0,1,1,0,1,1
24548858,,0,0.000023,33,0.000013,0,1,1,0,1,1
29310340,,0,0.000028,2,0.000013,0,2,2,0,2,2
29165356,,0.00053,0.000029,0,0.000025,4,4,8,4,4,8
29162844,,0,0.000027,2,0.000013,0,2,2,0,2,2
25762628,,0,0.000025,2,0.000013,0,1,1,0,1,1
23695279,,0,0.000025,2,0.000013,0,1,1,0,1,1
28753606,,0,0.000001,41,0.000013,0,1,1,0,1,1
28410221,,0,0.000001,41,0.000013,0,1,1,0,1,1
27181206,,0,0.000001,41,0.000013,0,1,1,0,1,1
26296084,,0,0.000001,41,0.000013,0,1,1,0,1,1
25869245,,0,0.000001,41,0.000013,0,1,1,0,1,1
25122135,,0,0.000001,41,0.000013,0,1,1,0,1,1
23781231,,0,0.000001,41,0.000013,0,1,1,0,1,1
27190045,,0,0.000004,5,0.000013,0,1,1,0,1,1
25523946,,0,0.000004,5,0.000013,0,1,1,0,1,1
29978035,,0,0.000857,31,0.000013,0,5,5,0,5,5
29917049,,0,0.000813,31,0.000013,0,3,3,0,3,3
29617664,,0.00103,0.001153,31,0.000064,8,9,17,8,9,17
29452344,,0,0.000761,31,0.000013,0,3,3,0,3,3
29348864,,0,0.000306,31,0.000013,0,1,1,0,1,1
29298117,,0,0.000362,31,0.000013,0,3,3,0,3,3
28741503,,0,0.001232,31,0.000013,0,6,6,0,6,6
27440269,,0,0.001753,31,0.000013,0,6,6,0,6,6
27135926,,0.005963,0.001387,31,0.001606,215,4,219,215,4,219
26544894,,0,0.000758,31,0.000013,0,2,2,0,2,2
25928813,,0,0.00036,31,0.000013,0,3,3,0,3,3
25848861,,0,0.000758,31,0.000013,0,2,2,0,2,2
25562519,,0,0.000306,31,0.000013,0,1,1,0,1,1
29854579,,0,0,32,0.000013,0,1,1,0,1,1
22576693,,0.000013,0,32,0.000206,19,0,19,19,0,19
29846718,,0,0,32,0.000013,0,1,1,0,1,1
29755656,,0,0,32,0.000013,0,1,1,0,1,1
29748642,,0,0,32,0.000013,0,1,1,0,1,1
29190921,,0,0,32,0.000013,0,1,1,0,1,1
29051454,,0,0,32,0.000013,0,1,1,0,1,1
28327540,,0,0,32,0.000013,0,1,1,0,1,1
28244015,,0,0,32,0.000013,0,1,1,0,1,1
28181297,,0,0,32,0.000013,0,1,1,0,1,1
27398268,,0,0,32,0.000013,0,1,1,0,1,1
27082013,,0,0,32,0.000013,0,1,1,0,1,1
25693136,,0,0,32,0.000013,0,1,1,0,1,1
25569640,,0,0,32,0.000013,0,1,1,0,1,1
25207595,,0,0,32,0.000013,0,1,1,0,1,1
25054232,,0,0,32,0.000013,0,1,1,0,1,1
24532474,,0,0,32,0.000013,0,1,1,0,1,1
24079333,,0,0,32,0.000013,0,1,1,0,1,1
23326301,,0,0.00014,32,0.000013,0,2,2,0,2,2
29089794,,0,0.000248,51,0.000013,0,7,7,0,7,7
28265306,,0,0.000004,5,0.000013,0,1,1,0,1,1
27986508,,0,0.000004,5,0.000013,0,1,1,0,1,1
26322264,,0,0.000004,5,0.000013,0,1,1,0,1,1
24829852,,0,0.000004,5,0.000013,0,1,1,0,1,1
23891588,,0,0.000004,5,0.000013,0,1,1,0,1,1
30100993,,0,0.000012,35,0.000013,0,1,1,0,1,1
22593799,,0.000537,0,35,0.00018,22,0,22,22,0,22
29801480,,0,0.000255,35,0.000013,0,2,2,0,2,2
29633513,,0,0.000025,31,0.000013,0,2,2,0,2,2
28881784,,0,0.000012,35,0.000013,0,1,1,0,1,1
28810913,,0,0.00002,32,0.000013,0,2,2,0,2,2
28036267,,0,0.000012,35,0.000013,0,1,1,0,1,1
27735937,,0,0.000012,35,0.000013,0,1,1,0,1,1
26499490,,0,0.000135,35,0.000013,0,2,2,0,2,2
26267318,,0,0.000012,35,0.000013,0,1,1,0,1,1
25880007,,0,0.000012,35,0.000013,0,1,1,0,1,1
25833211,,0,0.000012,35,0.000013,0,1,1,0,1,1
25281216,,0,0.000012,35,0.000013,0,1,1,0,1,1
23717600,,0,0.000012,35,0.000013,0,1,1,0,1,1
23263670,,0,0.000012,35,0.000013,0,1,1,0,1,1
30370373,,0,0.000616,31,0.000013,0,2,2,0,2,2
22608084,,0.021458,0,31,0.005529,483,0,483,483,0,483
30275490,,0,0.000482,31,0.000013,0,1,1,0,1,1
30252889,,0,0.000482,31,0.000013,0,1,1,0,1,1
30240625,,0,0.000482,31,0.000013,0,1,1,0,1,1
30238073,,0,0.00053,31,0.000013,0,2,2,0,2,2
30234014,,0,0.000618,31,0.000013,0,3,3,0,3,3
30217226,,0,0.000656,31,0.000013,0,4,4,0,4,4
30188888,,0,0.000482,31,0.000013,0,1,1,0,1,1
30185896,,0,0.000482,32,0.000013,0,2,2,0,2,2
30166531,,0,0.000482,31,0.000013,0,1,1,0,1,1
30093965,,0,0.000482,31,0.000013,0,1,1,0,1,1
30037003,,0,0.000482,31,0.000013,0,1,1,0,1,1
30012096,,0,0.000537,31,0.000013,0,2,2,0,2,2
29950679,,0,0.000482,31,0.000013,0,1,1,0,1,1
29942026,,0,0.000482,31,0.000013,0,1,1,0,1,1
29932159,,0,0.000497,31,0.000013,0,2,2,0,2,2
29923336,,0,0.000496,31,0.000013,0,3,3,0,3,3
29910825,,0,0.000482,31,0.000013,0,1,1,0,1,1
29899661,,0,0.000482,31,0.000013,0,1,1,0,1,1
29888758,,0,0.000537,31,0.000013,0,2,2,0,2,2
29874793,,0,0.000482,31,0.000013,0,1,1,0,1,1
29872714,,0,0.000482,31,0.000013,0,1,1,0,1,1
29856501,,0,0.000482,31,0.000013,0,1,1,0,1,1
29799009,,0,0.000671,31,0.000013,0,3,3,0,3,3
29790943,,0,0.000616,31,0.000013,0,2,2,0,2,2
29751586,,0,0.000482,31,0.000013,0,1,1,0,1,1
29717121,,0,0.000671,31,0.000013,0,3,3,0,3,3
29716522,,0,0.000482,31,0.000013,0,1,1,0,1,1
29707132,,0,0.000616,31,0.000013,0,2,2,0,2,2
29695832,,0,0.000575,32,0.000013,0,2,2,0,2,2
29695279,,0,0.000537,31,0.000013,0,2,2,0,2,2
29670109,,0,0.000658,31,0.000013,0,3,3,0,3,3
29642934,,0,0.000629,31,0.000013,0,3,3,0,3,3
29634948,,0,0.000658,31,0.000013,0,3,3,0,3,3
29547932,,0,0.000482,31,0.000013,0,1,1,0,1,1
29456552,,0,0.000616,31,0.000013,0,2,2,0,2,2
29422544,,0,0.000482,31,0.000013,0,1,1,0,1,1
29399660,,0,0.000482,31,0.000013,0,1,1,0,1,1
29367246,,0,0.000482,31,0.000013,0,1,1,0,1,1
29348827,,0,0.000482,31,0.000013,0,1,1,0,1,1
29324969,,0,0.000483,51,0.000013,0,2,2,0,2,2
29183719,,0,0.000482,31,0.000013,0,1,1,0,1,1
29177203,,0,0.000629,23,0.000013,0,2,2,0,2,2
29153851,,0,0.000482,31,0.000013,0,1,1,0,1,1
29117265,,0,0.000482,31,0.000013,0,1,1,0,1,1
29028923,,0,0.000616,31,0.000013,0,2,2,0,2,2
29021969,,0,0.000629,23,0.000013,0,2,2,0,2,2
28977645,,0,0.000616,31,0.000013,0,2,2,0,2,2
28977491,,0,0.000482,31,0.000013,0,1,1,0,1,1
28940516,,0,0.000482,31,0.000013,0,1,1,0,1,1
28899600,,0,0.000482,31,0.000013,0,1,1,0,1,1
28874753,,0,0.000616,31,0.000013,0,2,2,0,2,2
28867784,,0,0.000482,31,0.000013,0,1,1,0,1,1
28811362,,0,0.000482,31,0.000013,0,1,1,0,1,1
28809811,,0,0.000482,31,0.000013,0,1,1,0,1,1
28794481,,0,0.000483,29,0.000013,0,2,2,0,2,2
28782044,,0,0.000482,31,0.000013,0,1,1,0,1,1
28781165,,0,0.000482,31,0.000013,0,1,1,0,1,1
28775312,,0,0.000482,31,0.000013,0,1,1,0,1,1
28771191,,0,0.000482,31,0.000013,0,1,1,0,1,1
28727736,,0,0.000482,31,0.000013,0,1,1,0,1,1
28716721,,0,0.000497,31,0.000013,0,2,2,0,2,2
28683819,,0,0.000482,31,0.000013,0,1,1,0,1,1
28680959,,0,0.00054,32,0.000013,0,2,2,0,2,2
28658208,,0,0.000616,31,0.000013,0,2,2,0,2,2
28655787,,0,0.000482,31,0.000013,0,1,1,0,1,1
28643781,,0,0.000616,31,0.000013,0,2,2,0,2,2
28636652,,0,0.000616,31,0.000013,0,2,2,0,2,2
28584254,,0,0.000616,31,0.000013,0,2,2,0,2,2
28575276,,0,0.000482,31,0.000013,0,1,1,0,1,1
28535155,,0,0.000482,31,0.000013,0,1,1,0,1,1
28522829,,0,0.000482,31,0.000013,0,1,1,0,1,1
28521741,,0,0.000482,31,0.000013,0,1,1,0,1,1
28500398,,0,0.000482,31,0.000013,0,1,1,0,1,1
28472504,,0,0.000524,31,0.000013,0,2,2,0,2,2
28472485,,0,0.000482,31,0.000013,0,1,1,0,1,1
28459850,,0,0.000482,31,0.000013,0,1,1,0,1,1
28452953,,0,0.000482,31,0.000013,0,1,1,0,1,1
28441401,,0,0.000482,31,0.000013,0,1,1,0,1,1
28344341,,0,0.000482,31,0.000013,0,1,1,0,1,1
28334887,,0,0.000482,31,0.000013,0,1,1,0,1,1
28321501,,0,0.000487,8,0.000013,0,2,2,0,2,2
28320778,,0,0.000482,31,0.000013,0,1,1,0,1,1
28301871,,0,0.000483,31,0.000013,0,2,2,0,2,2
28276478,,0,0.000636,23,0.000013,0,3,3,0,3,3
28276460,,0,0.000482,31,0.000013,0,1,1,0,1,1
28235197,,0,0.000482,31,0.000013,0,1,1,0,1,1
28190876,,0,0.00053,31,0.000013,0,2,2,0,2,2
28146552,,0,0.000482,31,0.000013,0,1,1,0,1,1
28132024,,0,0.000482,31,0.000013,0,1,1,0,1,1
28116551,,0,0.000482,31,0.000013,0,1,1,0,1,1
28100701,,0,0.000482,31,0.000013,0,1,1,0,1,1
28096526,,0,0.000658,29,0.000013,0,4,4,0,4,4
28067073,,0,0.000497,31,0.000013,0,2,2,0,2,2
28049147,,0,0.000617,31,0.000013,0,3,3,0,3,3
28033648,,0,0.000482,31,0.000013,0,1,1,0,1,1
27998038,,0,0.000482,31,0.000013,0,1,1,0,1,1
27974498,,0,0.000482,31,0.000013,0,1,1,0,1,1
27956618,,0,0.000482,31,0.000013,0,1,1,0,1,1
27940951,,0,0.000616,31,0.000013,0,2,2,0,2,2
27859304,,0,0.000482,31,0.000013,0,1,1,0,1,1
27854363,,0,0.000482,31,0.000013,0,1,1,0,1,1
27811275,,0,0.000572,31,0.000013,0,3,3,0,3,3
27774765,,0,0.00053,31,0.000013,0,2,2,0,2,2
27755535,,0,0.000616,31,0.000013,0,2,2,0,2,2
27749842,,0,0.000482,31,0.000013,0,1,1,0,1,1
27742657,,0,0.000482,31,0.000013,0,1,1,0,1,1
27730215,,0,0.000664,31,0.000013,0,3,3,0,3,3
27716362,,0,0.000482,31,0.000013,0,1,1,0,1,1
27702817,,0,0.000484,31,0.000013,0,2,2,0,2,2
27666519,,0,0.000629,32,0.000013,0,3,3,0,3,3
27650891,,0,0.000616,31,0.000013,0,2,2,0,2,2
27634334,,0,0.000482,31,0.000013,0,1,1,0,1,1
27626065,,0,0.000482,31,0.000013,0,1,1,0,1,1
27615322,,0,0.000616,31,0.000013,0,2,2,0,2,2
27608840,,0,0.000482,31,0.000013,0,1,1,0,1,1
27602762,,0,0.000482,31,0.000013,0,1,1,0,1,1
27588706,,0,0.000482,31,0.000013,0,1,1,0,1,1
27588520,,0,0.000482,31,0.000013,0,1,1,0,1,1
27585283,,0,0.000482,31,0.000013,0,1,1,0,1,1
27570633,,0,0.000482,31,0.000013,0,1,1,0,1,1
27563650,,0,0.000482,31,0.000013,0,1,1,0,1,1
27556158,,0,0.000482,31,0.000013,0,1,1,0,1,1
27552096,,0,0.000616,31,0.000013,0,2,2,0,2,2
27547031,,0,0.000505,32,0.000013,0,2,2,0,2,2
27512948,,0,0.000482,31,0.000013,0,1,1,0,1,1
27499911,,0,0.000482,31,0.000013,0,1,1,0,1,1
27499907,,0,0.000482,31,0.000013,0,1,1,0,1,1
27498871,,0,0.000483,29,0.000013,0,2,2,0,2,2
27470111,,0,0.000482,31,0.000013,0,1,1,0,1,1
27463017,,0,0.000566,51,0.000013,0,2,2,0,2,2
27458530,,0,0.00053,31,0.000013,0,2,2,0,2,2
27406316,,0,0.000482,31,0.000013,0,1,1,0,1,1
27386516,,0,0.000482,31,0.000013,0,1,1,0,1,1
27373164,,0,0.000482,31,0.000013,0,1,1,0,1,1
27308442,,0,0.000482,31,0.000013,0,1,1,0,1,1
27308383,,0,0.000482,31,0.000013,0,1,1,0,1,1
27308321,,0,0.000482,31,0.000013,0,1,1,0,1,1
27283319,,0,0.000482,31,0.000013,0,1,1,0,1,1
27270430,,0,0.000524,31,0.000013,0,2,2,0,2,2
27247954,,0,0.000482,31,0.000013,0,1,1,0,1,1
27195705,,0,0.000482,31,0.000013,0,1,1,0,1,1
27185408,,0,0.000482,31,0.000013,0,1,1,0,1,1
27183007,,0,0.000482,31,0.000013,0,1,1,0,1,1
27174753,,0,0.000482,31,0.000013,0,1,1,0,1,1
27165352,,0,0.000482,31,0.000013,0,1,1,0,1,1
27163633,,0,0.000482,31,0.000013,0,1,1,0,1,1
27163364,,0,0.000482,31,0.000013,0,1,1,0,1,1
27158268,,0,0.000482,31,0.000013,0,1,1,0,1,1
27147740,,0,0.000482,31,0.000013,0,1,1,0,1,1
27136393,,0,0.000616,31,0.000013,0,2,2,0,2,2
27091472,,0,0.000482,31,0.000013,0,1,1,0,1,1
27088115,,0,0.000482,31,0.000013,0,1,1,0,1,1
27063502,,0,0.000482,31,0.000013,0,1,1,0,1,1
27056836,,0,0.000482,31,0.000013,0,1,1,0,1,1
27054363,,0,0.000482,31,0.000013,0,1,1,0,1,1
27049831,,0,0.000482,31,0.000013,0,1,1,0,1,1
27048880,,0,0.000482,31,0.000013,0,1,1,0,1,1
26987311,,0,0.000482,31,0.000013,0,1,1,0,1,1
26980749,,0,0.000482,31,0.000013,0,1,1,0,1,1
26973786,,0,0.000482,31,0.000013,0,1,1,0,1,1
26949746,,0,0.00053,31,0.000013,0,2,2,0,2,2
26948891,,0,0.000482,31,0.000013,0,1,1,0,1,1
26937274,,0,0.000482,31,0.000013,0,1,1,0,1,1
26926109,,0,0.000482,31,0.000013,0,1,1,0,1,1
26924765,,0,0.000482,31,0.000013,0,1,1,0,1,1
26918916,,0,0.000482,31,0.000013,0,1,1,0,1,1
26898111,,0,0.000482,31,0.000013,0,1,1,0,1,1
26870154,,0,0.000482,31,0.000013,0,1,1,0,1,1
26858460,,0,0.000482,31,0.000013,0,1,1,0,1,1
26845763,,0,0.000482,31,0.000013,0,1,1,0,1,1
26839411,,0,0.000482,31,0.000013,0,1,1,0,1,1
26833333,,0,0.000644,31,0.000013,0,3,3,0,3,3
26832400,,0,0.000482,31,0.000013,0,1,1,0,1,1
26806129,,0,0.000631,31,0.000013,0,3,3,0,3,3
26755635,,0,0.000482,31,0.000013,0,1,1,0,1,1
26753176,,0,0.000482,31,0.000013,0,1,1,0,1,1
26687355,,0,0.000644,31,0.000013,0,3,3,0,3,3
26682542,,0,0.000482,31,0.000013,0,1,1,0,1,1
26638776,,0,0.000482,31,0.000013,0,1,1,0,1,1
26637526,,0,0.000482,31,0.000013,0,1,1,0,1,1
26631512,,0,0.000522,8,0.000013,0,2,2,0,2,2
26630308,,0,0.000482,31,0.000013,0,1,1,0,1,1
26568296,,0,0.000482,31,0.000013,0,1,1,0,1,1
26561834,,0,0.000483,35,0.000013,0,2,2,0,2,2
26551669,,0,0.00053,31,0.000013,0,2,2,0,2,2
26544511,,0,0.000482,31,0.000013,0,1,1,0,1,1
26527001,,0,0.000506,41,0.000013,0,2,2,0,2,2
26504226,,0,0.000482,31,0.000013,0,1,1,0,1,1
26473186,,0,0.000482,31,0.000013,0,1,1,0,1,1
26460502,,0,0.000482,31,0.000013,0,1,1,0,1,1
26443852,,0,0.000482,31,0.000013,0,1,1,0,1,1
26440892,,0,0.000482,31,0.000013,0,1,1,0,1,1
26420215,,0,0.000482,31,0.000013,0,1,1,0,1,1
26411877,,0,0.000482,31,0.000013,0,1,1,0,1,1
26411678,,0,0.000482,31,0.000013,0,1,1,0,1,1
26384561,,0,0.000482,31,0.000013,0,1,1,0,1,1
26358854,,0,0.000482,31,0.000013,0,1,1,0,1,1
26322163,,0,0.000482,31,0.000013,0,1,1,0,1,1
26305796,,0,0.000482,31,0.000013,0,1,1,0,1,1
26281709,,0,0.000482,31,0.000013,0,1,1,0,1,1
26261799,,0,0.000482,31,0.000013,0,1,1,0,1,1
26258849,,0,0.000482,31,0.000013,0,1,1,0,1,1
26231518,,0,0.000482,31,0.000013,0,1,1,0,1,1
26192915,,0,0.000482,31,0.000013,0,1,1,0,1,1
26163694,,0,0.000482,31,0.000013,0,1,1,0,1,1
26119426,,0,0.000482,31,0.000013,0,1,1,0,1,1
26097867,,0,0.000482,31,0.000013,0,1,1,0,1,1
26091828,,0,0.000482,31,0.000013,0,1,1,0,1,1
26083936,,0,0.000482,31,0.000013,0,1,1,0,1,1
26073774,,0,0.000482,31,0.000013,0,1,1,0,1,1
26015808,,0,0.000482,31,0.000013,0,1,1,0,1,1
26001967,,0,0.000482,31,0.000013,0,1,1,0,1,1
26001532,,0,0.000482,31,0.000013,0,1,1,0,1,1
25985141,,0,0.000482,31,0.000013,0,1,1,0,1,1
25984700,,0,0.000482,31,0.000013,0,1,1,0,1,1
25963125,,0,0.000482,31,0.000013,0,1,1,0,1,1
25941824,,0,0.000482,31,0.000013,0,1,1,0,1,1
25917266,,0,0.000482,31,0.000013,0,1,1,0,1,1
25914058,,0,0.000482,31,0.000013,0,1,1,0,1,1
25913416,,0,0.000482,31,0.000013,0,1,1,0,1,1
25904160,,0,0.000482,31,0.000013,0,1,1,0,1,1
25892534,,0,0.000482,31,0.000013,0,1,1,0,1,1
25889244,,0,0.000482,31,0.000013,0,1,1,0,1,1
25859550,,0,0.000482,31,0.000013,0,1,1,0,1,1
25848704,,0,0.000563,31,0.000013,0,2,2,0,2,2
25839328,,0,0.000482,31,0.000013,0,1,1,0,1,1
25836928,,0,0.000482,31,0.000013,0,1,1,0,1,1
25827447,,0,0.000482,31,0.000013,0,1,1,0,1,1
25826305,,0,0.000482,31,0.000013,0,1,1,0,1,1
25810463,,0,0.000482,31,0.000013,0,1,1,0,1,1
25786108,,0,0.000482,31,0.000013,0,1,1,0,1,1
25743702,,0,0.000482,31,0.000013,0,1,1,0,1,1
25730878,,0,0.000482,31,0.000013,0,1,1,0,1,1
25730763,,0,0.000482,31,0.000013,0,1,1,0,1,1
25708799,,0,0.000482,31,0.000013,0,1,1,0,1,1
25703331,,0,0.000482,31,0.000013,0,1,1,0,1,1
25699710,,0,0.000482,31,0.000013,0,1,1,0,1,1
25639868,,0,0.000482,31,0.000013,0,1,1,0,1,1
25606588,,0,0.000482,31,0.000013,0,1,1,0,1,1
25587136,,0,0.000482,31,0.000013,0,1,1,0,1,1
25568919,,0,0.000482,31,0.000013,0,1,1,0,1,1
25555261,,0,0.000482,31,0.000013,0,1,1,0,1,1
25538195,,0,0.000482,31,0.000013,0,1,1,0,1,1
25521761,,0,0.000482,31,0.000013,0,1,1,0,1,1
25512523,,0,0.000482,31,0.000013,0,1,1,0,1,1
25502431,,0,0.000482,31,0.000013,0,1,1,0,1,1
25492931,,0,0.000482,31,0.000013,0,1,1,0,1,1
25487575,,0,0.000482,31,0.000013,0,1,1,0,1,1
25486194,,0,0.000482,31,0.000013,0,1,1,0,1,1
25483777,,0,0.000482,31,0.000013,0,1,1,0,1,1
25483182,,0,0.000482,31,0.000013,0,1,1,0,1,1
25471132,,0,0.000482,31,0.000013,0,1,1,0,1,1
25455629,,0,0.000482,31,0.000013,0,1,1,0,1,1
25424858,,0,0.000482,31,0.000013,0,1,1,0,1,1
25402978,,0,0.000482,31,0.000013,0,1,1,0,1,1
25401976,,0,0.000482,31,0.000013,0,1,1,0,1,1
25401301,,0,0.000482,31,0.000013,0,1,1,0,1,1
25393273,,0,0.000566,51,0.000013,0,2,2,0,2,2
25363767,,0,0.000482,31,0.000013,0,1,1,0,1,1
25355878,,0,0.000482,31,0.000013,0,1,1,0,1,1
25351503,,0.000655,0.000482,31,0.000533,56,1,57,56,1,57
25316146,,0,0.000482,31,0.000013,0,1,1,0,1,1
25312340,,0,0.000482,31,0.000013,0,1,1,0,1,1
25309649,,0,0.000482,31,0.000013,0,1,1,0,1,1
25301631,,0,0.000482,31,0.000013,0,1,1,0,1,1
25298093,,0,0.000482,31,0.000013,0,1,1,0,1,1
25283145,,0,0.000482,31,0.000013,0,1,1,0,1,1
25271376,,0,0.000482,31,0.000013,0,1,1,0,1,1
25223734,,0,0.000483,32,0.000013,0,2,2,0,2,2
25222836,,0,0.000482,31,0.000013,0,1,1,0,1,1
25201439,,0,0.000482,31,0.000013,0,1,1,0,1,1
25155756,,0,0.000482,31,0.000013,0,1,1,0,1,1
25154417,,0,0.000482,31,0.000013,0,1,1,0,1,1
25123150,,0,0.000482,31,0.000013,0,1,1,0,1,1
25120953,,0,0.000482,31,0.000013,0,1,1,0,1,1
25085081,,0,0.000482,31,0.000013,0,1,1,0,1,1
25085003,,0,0.000482,31,0.000013,0,1,1,0,1,1
25056697,,0,0.000482,31,0.000013,0,1,1,0,1,1
25043003,,0,0.000482,31,0.000013,0,1,1,0,1,1
25031618,,0,0.000482,31,0.000013,0,1,1,0,1,1
25024164,,0,0.000482,31,0.000013,0,1,1,0,1,1
25010360,,0,0.000482,31,0.000013,0,1,1,0,1,1
24981601,,0,0.000482,31,0.000013,0,1,1,0,1,1
24952744,,0,0.000482,31,0.000013,0,1,1,0,1,1
24882007,,0,0.000482,31,0.000013,0,1,1,0,1,1
24882004,,0,0.000482,31,0.000013,0,1,1,0,1,1
24858917,,0,0.000482,31,0.000013,0,1,1,0,1,1
24850867,,0,0.000482,31,0.000013,0,1,1,0,1,1
24843014,,0,0.000482,31,0.000013,0,1,1,0,1,1
24843013,,0,0.000482,31,0.000013,0,1,1,0,1,1
24748981,,0,0.000482,31,0.000013,0,1,1,0,1,1
24746700,,0,0.000482,31,0.000013,0,1,1,0,1,1
24728294,,0,0.000482,31,0.000013,0,1,1,0,1,1
24714652,,0,0.000482,31,0.000013,0,1,1,0,1,1
24705290,,0,0.000482,31,0.000013,0,1,1,0,1,1
24703847,,0,0.000482,31,0.000013,0,1,1,0,1,1
24691422,,0,0.000482,31,0.000013,0,1,1,0,1,1
24657537,,0,0.000482,31,0.000013,0,1,1,0,1,1
24614976,,0,0.000482,31,0.000013,0,1,1,0,1,1
24604189,,0,0.000482,31,0.000013,0,1,1,0,1,1
24550747,,0,0.000482,31,0.000013,0,1,1,0,1,1
24516544,,0,0.000482,31,0.000013,0,1,1,0,1,1
24476821,,0,0.000482,31,0.000013,0,1,1,0,1,1
24473148,,0,0.000482,31,0.000013,0,1,1,0,1,1
24465623,,0,0.000482,31,0.000013,0,1,1,0,1,1
24458646,,0,0.000482,31,0.000013,0,1,1,0,1,1
24449905,,0,0.000482,31,0.000013,0,1,1,0,1,1
24429703,,0,0.000482,31,0.000013,0,1,1,0,1,1
24413735,,0,0.000482,31,0.000013,0,1,1,0,1,1
24399611,,0,0.000482,31,0.000013,0,1,1,0,1,1
24388879,,0,0.000482,31,0.000013,0,1,1,0,1,1
24336748,,0,0.000482,31,0.000013,0,1,1,0,1,1
24336318,,0,0.000482,31,0.000013,0,1,1,0,1,1
24317514,,0,0.000482,31,0.000013,0,1,1,0,1,1
24316979,,0,0.000482,31,0.000013,0,1,1,0,1,1
24298051,,0,0.000482,31,0.000013,0,1,1,0,1,1
24267946,,0,0.000482,31,0.000013,0,1,1,0,1,1
24244370,,0,0.000482,31,0.000013,0,1,1,0,1,1
24227842,,0,0.000482,31,0.000013,0,1,1,0,1,1
24211364,,0,0.000482,31,0.000013,0,1,1,0,1,1
24196351,,0,0.000482,31,0.000013,0,1,1,0,1,1
24195709,,0,0.000482,31,0.000013,0,1,1,0,1,1
24185510,,0,0.000482,31,0.000013,0,1,1,0,1,1
24171103,,0,0.000482,31,0.000013,0,1,1,0,1,1
24163103,,0,0.000482,31,0.000013,0,1,1,0,1,1
24162739,,0,0.000482,31,0.000013,0,1,1,0,1,1
24148783,,0,0.000482,31,0.000013,0,1,1,0,1,1
24145436,,0,0.000482,31,0.000013,0,1,1,0,1,1
24142049,,0,0.000566,51,0.000013,0,2,2,0,2,2
24141779,,0,0.000482,31,0.000013,0,1,1,0,1,1
24139898,,0,0.000482,31,0.000013,0,1,1,0,1,1
24098698,,0,0.000482,31,0.000013,0,1,1,0,1,1
24039593,,0,0.000482,31,0.000013,0,1,1,0,1,1
24021668,,0,0.000482,31,0.000013,0,1,1,0,1,1
23988736,,0,0.000482,31,0.000013,0,1,1,0,1,1
23985681,,0,0.000482,31,0.000013,0,1,1,0,1,1
23979356,,0,0.000482,31,0.000013,0,1,1,0,1,1
23977426,,0,0.000482,31,0.000013,0,1,1,0,1,1
23977391,,0,0.000482,31,0.000013,0,1,1,0,1,1
23945592,,0,0.000482,31,0.000013,0,1,1,0,1,1
23942124,,0,0.000482,31,0.000013,0,1,1,0,1,1
23925127,,0,0.000482,31,0.000013,0,1,1,0,1,1
23905624,,0,0.000482,31,0.000013,0,1,1,0,1,1
23874106,,0,0.000482,31,0.000013,0,1,1,0,1,1
23852168,,0,0.000482,31,0.000013,0,1,1,0,1,1
23840298,,0,0.000482,31,0.000013,0,1,1,0,1,1
23828459,,0,0.000482,31,0.000013,0,1,1,0,1,1
23828039,,0,0.000482,31,0.000013,0,1,1,0,1,1
23817572,,0,0.000482,31,0.000013,0,1,1,0,1,1
23800221,,0,0.000482,31,0.000013,0,1,1,0,1,1
23762276,,0,0.000482,31,0.000013,0,1,1,0,1,1
23748046,,0,0.000482,31,0.000013,0,1,1,0,1,1
23715497,,0,0.000482,31,0.000013,0,1,1,0,1,1
23686230,,0,0.000482,31,0.000013,0,1,1,0,1,1
23685212,,0,0.000482,31,0.000013,0,1,1,0,1,1
23630320,,0,0.000482,31,0.000013,0,1,1,0,1,1
23628380,,0,0.000482,31,0.000013,0,1,1,0,1,1
23615877,,0,0.000482,31,0.000013,0,1,1,0,1,1
23599896,,0,0.000482,31,0.000013,0,1,1,0,1,1
23592419,,0,0.000482,31,0.000013,0,1,1,0,1,1
23568837,,0,0.000482,31,0.000013,0,1,1,0,1,1
23531354,,0,0.000482,31,0.000013,0,1,1,0,1,1
23496902,,0,0.000482,31,0.000013,0,1,1,0,1,1
23479679,,0,0.000482,31,0.000013,0,1,1,0,1,1
23470991,,0,0.000482,31,0.000013,0,1,1,0,1,1
23457261,,0,0.000482,31,0.000013,0,1,1,0,1,1
23389445,,0,0.000482,31,0.000013,0,1,1,0,1,1
23388464,,0,0.000482,31,0.000013,0,1,1,0,1,1
23346096,,0,0.000482,31,0.000013,0,1,1,0,1,1
23340846,,0,0.000482,31,0.000013,0,1,1,0,1,1
23339072,,0,0.000482,31,0.000013,0,1,1,0,1,1
23327985,,0,0.000482,70,0.000013,0,2,2,0,2,2
23318258,,0,0.000482,31,0.000013,0,1,1,0,1,1
23271983,,0,0.000482,31,0.000013,0,1,1,0,1,1
23249472,,0,0.000482,31,0.000013,0,1,1,0,1,1
23236267,,0,0.000482,31,0.000013,0,1,1,0,1,1
23226573,,0,0.000482,31,0.000013,0,1,1,0,1,1
23224554,,0,0.000482,31,0.000013,0,1,1,0,1,1
23124520,,0,0.000482,31,0.000013,0,1,1,0,1,1
23055184,,0,0.000482,31,0.000013,0,1,1,0,1,1
23041320,,0,0.000482,31,0.000013,0,1,1,0,1,1
23014189,,0,0.000482,31,0.000013,0,1,1,0,1,1
23002210,,0,0.000482,31,0.000013,0,1,1,0,1,1
22915799,,0,0.000482,31,0.000013,0,1,1,0,1,1
22912407,,0,0.000482,31,0.000013,0,1,1,0,1,1
22809226,,0,0.000482,31,0.000013,0,1,1,0,1,1
22608083,,0,0.000482,31,0.000013,0,1,1,0,1,1
30049987,,0,0.001016,41,0.000013,0,3,3,0,3,3
29340030,,0,0.0002,41,0.000013,0,1,1,0,1,1
29245964,,0,0.0002,41,0.000013,0,1,1,0,1,1
28158249,,0,0.0002,41,0.000013,0,1,1,0,1,1
27655410,,0,0.0002,41,0.000013,0,1,1,0,1,1
27074576,,0,0.0002,41,0.000013,0,1,1,0,1,1
26919617,,0,0.0002,41,0.000013,0,1,1,0,1,1
26629527,,0,0.001185,41,0.000013,0,3,3,0,3,3
26503475,,0,0.0002,41,0.000013,0,1,1,0,1,1
26176933,,0,0.0002,41,0.000013,0,1,1,0,1,1
25762632,,0,0.0002,41,0.000013,0,1,1,0,1,1
24899687,,0,0.0002,41,0.000013,0,1,1,0,1,1
24680597,,0,0.0002,41,0.000013,0,1,1,0,1,1
24652535,,0,0.000977,41,0.000013,0,2,2,0,2,2
24312475,,0,0.0002,41,0.000013,0,1,1,0,1,1
23190474,,0,0.0002,41,0.000013,0,1,1,0,1,1
22969147,,0,0.0002,41,0.000013,0,1,1,0,1,1
29973277,,0,0.000002,22,0.000013,0,1,1,0,1,1
28611769,,0,0.000002,22,0.000013,0,1,1,0,1,1
27617755,,0,0.000002,22,0.000013,0,1,1,0,1,1
26531823,,0,0.000002,22,0.000013,0,1,1,0,1,1
25287719,,0,0.000002,22,0.000013,0,1,1,0,1,1
25066652,,0,0.000002,22,0.000013,0,1,1,0,1,1
29531123,,0,0.000002,8,0.000013,0,1,1,0,1,1
28100692,,0,0.000002,8,0.000013,0,1,1,0,1,1
28011904,,0,0.000002,8,0.000013,0,1,1,0,1,1
27390022,,0,0.000002,8,0.000013,0,1,1,0,1,1
27273218,,0,0.000002,8,0.000013,0,1,1,0,1,1
26586793,,0,0.000002,8,0.000013,0,1,1,0,1,1
26261212,,0,0.000002,8,0.000013,0,1,1,0,1,1
25145631,,0,0.000002,8,0.000013,0,1,1,0,1,1
23771268,,0,0.000002,8,0.000013,0,1,1,0,1,1
23627586,,0,0.000002,8,0.000013,0,1,1,0,1,1
26557828,,0,0.000011,32,0.000013,0,1,1,0,1,1
26665001,,0,0.00008,5,0.000013,0,5,5,0,5,5
29473000,,0,0.000003,35,0.000013,0,1,1,0,1,1
29126391,,0,0,0,0.000013,0,1,1,0,1,1
28656259,,0,0,0,0.000013,0,1,1,0,1,1
26629412,,0,0,0,0.000013,0,1,1,0,1,1
26221378,,0,0,0,0.000013,0,1,1,0,1,1
25803740,,0,0,0,0.000013,0,1,1,0,1,1
24945727,,0,0,0,0.000013,0,1,1,0,1,1
24649068,,0,0,0,0.000013,0,1,1,0,1,1
23809231,,0,0,0,0.000013,0,1,1,0,1,1
23662067,,0,0,0,0.000013,0,1,1,0,1,1
23217001,,0,0,0,0.000013,0,1,1,0,1,1
30071039,,0,0.00014,41,0.000013,0,1,1,0,1,1
26942084,,0,0.000383,32,0.000013,0,2,2,0,2,2
25962155,,0,0.001143,41,0.000013,0,3,3,0,3,3
23148997,,0.000757,0.00014,51,0.000105,17,2,19,17,2,19
27992614,,0,0.000025,2,0.000013,0,1,1,0,1,1
26365291,,0,0.000006,2,0.000013,0,1,1,0,1,1
25766972,,0,0.000044,2,0.000013,0,2,2,0,2,2
22684231,,0.000077,0,2,0.000033,6,0,6,6,0,6
24885952,,0,0.000002,2,0.000013,0,1,1,0,1,1
27900352,,0,0,57,0.000013,0,1,1,0,1,1
22691413,,0,0,57,0.000046,3,0,3,3,0,3
27196263,,0,0,57,0.000013,0,1,1,0,1,1
24156385,,0,0,57,0.000013,0,1,1,0,1,1
30225437,,0,0.000027,22,0.000013,0,1,1,0,1,1
30217213,,0,0.000027,22,0.000013,0,1,1,0,1,1
29769805,,0,0.000027,22,0.000013,0,1,1,0,1,1
29765282,,0,0.000027,22,0.000013,0,1,1,0,1,1
29480072,,0,0.000027,22,0.000013,0,1,1,0,1,1
29428287,,0,0.000027,22,0.000013,0,1,1,0,1,1
29043570,,0,0.000074,22,0.000013,0,2,2,0,2,2
28654730,,0,0.000027,22,0.000013,0,1,1,0,1,1
28554332,,0,0.000027,22,0.000013,0,1,1,0,1,1
28349240,,0,0.000052,22,0.000013,0,2,2,0,2,2
28145427,,0,0.000027,22,0.000013,0,1,1,0,1,1
27940182,,0,0.000027,22,0.000013,0,1,1,0,1,1
27537706,,0,0.000027,22,0.000013,0,1,1,0,1,1
27460421,,0,0.000027,22,0.000013,0,1,1,0,1,1
27427983,,0,0.000027,22,0.000013,0,1,1,0,1,1
27307100,,0,0.000027,22,0.000013,0,1,1,0,1,1
27302841,,0,0.00008,22,0.000013,0,2,2,0,2,2
27171546,,0,0.000027,22,0.000013,0,1,1,0,1,1
27153395,,0,0.000312,0,0.000013,0,8,8,0,8,8
27124788,,0,0.000027,22,0.000013,0,1,1,0,1,1
27023617,,0,0.000027,22,0.000013,0,1,1,0,1,1
26847218,,0,0.000027,22,0.000013,0,1,1,0,1,1
26840129,,0,0.000027,22,0.000013,0,1,1,0,1,1
26830926,,0,0.000027,22,0.000013,0,1,1,0,1,1
26690481,,0,0.000027,22,0.000013,0,1,1,0,1,1
26540156,,0,0.000027,22,0.000013,0,1,1,0,1,1
26478737,,0,0.000027,22,0.000013,0,1,1,0,1,1
26374634,,0,0.000027,22,0.000013,0,1,1,0,1,1
26300997,,0,0.000027,22,0.000013,0,1,1,0,1,1
26296701,,0.000001,0.000161,22,0.000052,4,5,9,4,5,9
26270767,,0,0.000027,22,0.000013,0,1,1,0,1,1
26195989,,0,0.000027,22,0.000013,0,1,1,0,1,1
26092435,,0,0.000029,22,0.000013,0,2,2,0,2,2
26075876,,0,0.000027,22,0.000013,0,1,1,0,1,1
26069456,,0,0.00004,10,0.000013,0,3,3,0,3,3
26046366,,0,0.000027,22,0.000013,0,1,1,0,1,1
26023681,,0,0.000187,22,0.000013,0,3,3,0,3,3
25883147,,0,0.000027,22,0.000013,0,1,1,0,1,1
25741863,,0,0.000027,22,0.000013,0,1,1,0,1,1
25733939,,0,0.000027,22,0.000013,0,1,1,0,1,1
25569433,,0,0.000027,22,0.000013,0,1,1,0,1,1
25506378,,0,0.000027,22,0.000013,0,1,1,0,1,1
25482843,,0,0.000027,22,0.000013,0,1,1,0,1,1
25412366,,0,0.000031,22,0.000013,0,2,2,0,2,2
25333069,,0,0.000027,22,0.000013,0,1,1,0,1,1
25214167,,0,0.000027,22,0.000013,0,1,1,0,1,1
25213708,,0,0.000027,22,0.000013,0,1,1,0,1,1
25087612,,0,0.000027,22,0.000013,0,1,1,0,1,1
25032700,,0,0.000027,22,0.000013,0,1,1,0,1,1
25018888,,0,0.000027,22,0.000013,0,1,1,0,1,1
24975946,,0,0.000027,22,0.000013,0,1,1,0,1,1
24975944,,0,0.000027,22,0.000013,0,1,1,0,1,1
24936509,,0,0.000027,22,0.000013,0,1,1,0,1,1
24875302,,0,0.000027,22,0.000013,0,1,1,0,1,1
24758179,,0,0.000027,22,0.000013,0,1,1,0,1,1
24715850,,0,0.000027,22,0.000013,0,1,1,0,1,1
24705329,,0,0.000027,22,0.000013,0,1,1,0,1,1
24688162,,0,0.000027,22,0.000013,0,1,1,0,1,1
24618965,,0,0.000027,22,0.000013,0,1,1,0,1,1
24578120,,0,0.000027,22,0.000013,0,1,1,0,1,1
24456652,,0,0.000027,22,0.000013,0,1,1,0,1,1
24259342,,0,0.000027,22,0.000013,0,1,1,0,1,1
24204714,,0,0.000027,22,0.000013,0,1,1,0,1,1
24113345,,0,0.000027,22,0.000013,0,1,1,0,1,1
24077912,,0,0.000027,22,0.000013,0,1,1,0,1,1
24055113,,0,0.000105,22,0.000013,0,3,3,0,3,3
23875796,,0,0.000027,22,0.000013,0,1,1,0,1,1
23817045,,0,0.000027,22,0.000013,0,1,1,0,1,1
23807616,,0,0.000027,22,0.000013,0,1,1,0,1,1
23788249,,0,0.000027,22,0.000013,0,1,1,0,1,1
23784691,,0,0.000027,22,0.000013,0,1,1,0,1,1
23714101,,0,0.000027,22,0.000013,0,1,1,0,1,1
23696674,,0,0.000027,22,0.000013,0,1,1,0,1,1
23695288,,0,0.000027,22,0.000013,0,1,1,0,1,1
23643378,,0,0.000027,22,0.000013,0,1,1,0,1,1
23639901,,0,0.000027,22,0.000013,0,1,1,0,1,1
23620651,,0,0.000027,22,0.000013,0,1,1,0,1,1
23478348,,0,0.000027,22,0.000013,0,1,1,0,1,1
23391068,,0,0.000027,22,0.000013,0,1,1,0,1,1
23129594,,0,0.000027,22,0.000013,0,1,1,0,1,1
23076269,,0,0.000027,22,0.000013,0,1,1,0,1,1
22709328,,0.000019,0,5,0.000013,1,0,1,1,0,1
29344385,,0,0.001511,5,0.000013,0,4,4,0,4,4
28118323,,0,0.001987,51,0.000013,0,2,2,0,2,2
27664393,,0,0.001987,51,0.000013,0,2,2,0,2,2
27351029,,0,0.001386,2,0.000013,0,5,5,0,5,5
27345073,,0.00015,0.001226,5,0.000018,3,2,5,3,2,5
26675567,,0,0.001222,5,0.000013,0,1,1,0,1,1
26669449,,0,0.001222,5,0.000013,0,1,1,0,1,1
26616225,,0,0.002641,5,0.000013,0,5,5,0,5,5
26574041,,0,0.001222,5,0.000013,0,1,1,0,1,1
26152742,,0,0.001386,5,0.000013,0,2,2,0,2,2
25962114,,0,0.001222,5,0.000013,0,1,1,0,1,1
25874004,,0,0.001222,5,0.000013,0,1,1,0,1,1
25429284,,0,0.001223,19,0.000013,0,2,2,0,2,2
23737680,,0,0.001222,5,0.000013,0,1,1,0,1,1
23261356,,0,0.001222,5,0.000013,0,1,1,0,1,1
26417294,,0,0.000004,2,0.000013,0,2,2,0,2,2
26109919,,0,0.000003,2,0.000013,0,1,1,0,1,1
25477971,,0,0.000003,2,0.000013,0,1,1,0,1,1
25261319,,0,0.000003,2,0.000013,0,1,1,0,1,1
27097374,,0,0,8,0.000013,0,1,1,0,1,1
26740942,,0,0.000085,8,0.000013,0,3,3,0,3,3
26125040,,0,0,8,0.000013,0,1,1,0,1,1
25210520,,0,0,8,0.000013,0,1,1,0,1,1
24584348,,0,0,8,0.000013,0,1,1,0,1,1
23285130,,0,0,8,0.000013,0,1,1,0,1,1
25732747,,0,0.000001,0,0.000013,0,1,1,0,1,1
24497996,,0,0.000001,0,0.000013,0,1,1,0,1,1
24591761,,0,0.000006,5,0.000013,0,2,2,0,2,2
29202279,,0,0,17,0.000013,0,1,1,0,1,1
28122343,,0,0,17,0.000013,0,1,1,0,1,1
26716512,,0,0,17,0.000013,0,1,1,0,1,1
26467507,,0,0,17,0.000013,0,1,1,0,1,1
25544747,,0,0,17,0.000013,0,1,1,0,1,1
24860662,,0,0,17,0.000013,0,1,1,0,1,1
24799955,,0,0,17,0.000013,0,1,1,0,1,1
24294541,,0,0,17,0.000013,0,2,2,0,2,2
24106507,,0,0,17,0.000013,0,1,1,0,1,1
24008363,,0,0,17,0.000013,0,1,1,0,1,1
23678451,,0,0,17,0.000013,0,1,1,0,1,1
24897108,,0,0.000015,2,0.000013,0,1,1,0,1,1
24771342,,0,0.000015,2,0.000013,0,1,1,0,1,1
22739988,,0.000528,0,32,0.000185,22,0,22,22,0,22
29787591,,0,0.000012,32,0.000013,0,1,1,0,1,1
29731870,,0,0.000012,32,0.000013,0,1,1,0,1,1
29137356,,0,0.000012,32,0.000013,0,1,1,0,1,1
27781158,,0,0.000012,32,0.000013,0,1,1,0,1,1
27663076,,0,0.000012,32,0.000013,0,1,1,0,1,1
27590516,,0,0.000014,32,0.000013,0,3,3,0,3,3
27488883,,0,0.000012,32,0.000013,0,1,1,0,1,1
25964777,,0,0.000012,32,0.000013,0,1,1,0,1,1
25743390,,0,0.000012,32,0.000013,0,1,1,0,1,1
24978112,,0,0.000012,32,0.000013,0,1,1,0,1,1
24971735,,0,0.000012,32,0.000013,0,1,1,0,1,1
23846322,,0,0.000012,32,0.000013,0,1,1,0,1,1
23601074,,0,0.000012,32,0.000013,0,1,1,0,1,1
29557536,,0,0,58,0.000013,0,1,1,0,1,1
22740238,,0,0,58,0.000056,4,0,4,4,0,4
29427030,,0,0,58,0.000013,0,1,1,0,1,1
26830401,,0,0,58,0.000013,0,1,1,0,1,1
24327102,,0,0,58,0.000013,0,1,1,0,1,1
25879635,,0,0.000001,0,0.000013,0,1,1,0,1,1
29881286,,0,0,33,0.000013,0,1,1,0,1,1
29568088,,0,0,33,0.000013,0,1,1,0,1,1
28331756,,0,0,33,0.000013,0,1,1,0,1,1
27671991,,0,0,33,0.000013,0,1,1,0,1,1
27165354,,0,0,33,0.000013,0,1,1,0,1,1
27153114,,0,0,33,0.000013,0,1,1,0,1,1
26585467,,0,0,33,0.000013,0,1,1,0,1,1
26380585,,0,0,33,0.000013,0,1,1,0,1,1
25738829,,0,0,33,0.000013,0,1,1,0,1,1
25066711,,0,0,33,0.000013,0,1,1,0,1,1
23573235,,0,0,33,0.000013,0,1,1,0,1,1
26338451,,0,0.000002,0,0.000013,0,1,1,0,1,1
23469187,,0,0.000002,0,0.000013,0,1,1,0,1,1
30108112,,0,0.000034,8,0.000013,0,1,1,0,1,1
29483094,,0,0.000034,8,0.000013,0,1,1,0,1,1
28362316,,0,0.000034,8,0.000013,0,1,1,0,1,1
26707877,,0,0.000034,8,0.000013,0,1,1,0,1,1
25635693,,0,0.000034,8,0.000013,0,1,1,0,1,1
25098841,,0,0.000034,8,0.000013,0,1,1,0,1,1
24641493,,0,0.000034,8,0.000013,0,1,1,0,1,1
24284076,,0,0.000034,8,0.000013,0,1,1,0,1,1
24109596,,0,0.000034,8,0.000013,0,1,1,0,1,1
23843620,,0,0.000034,8,0.000013,0,1,1,0,1,1
23299533,,0,0.000034,8,0.000013,0,1,1,0,1,1
29983873,,0,0.000455,51,0.000013,0,3,3,0,3,3
27663600,,0,0.000991,51,0.000013,0,4,4,0,4,4
27655641,,0,0.000267,51,0.000013,0,2,2,0,2,2
26497583,,0,0.000455,32,0.000013,0,6,6,0,6,6
26036632,,0,0.000016,51,0.000013,0,1,1,0,1,1
25685067,,0.000089,0.000016,51,0.000027,3,1,4,3,1,4
25205036,,0,0.000016,28,0.000013,0,2,2,0,2,2
23428903,,0,0.000016,51,0.000013,0,1,1,0,1,1
29234487,,0,0.000001,8,0.000013,0,1,1,0,1,1
28430596,,0,0.000239,8,0.000013,0,4,4,0,4,4
27398742,,0,0.000113,8,0.000013,0,5,5,0,5,5
26446986,,0,0.00003,8,0.000013,0,2,2,0,2,2
30107528,,0,0.000169,8,0.000013,0,3,3,0,3,3
30060597,,0,0.000164,8,0.000013,0,1,1,0,1,1
29924986,,0,0.00017,8,0.000013,0,2,2,0,2,2
29588287,,0,0.000174,8,0.000013,0,3,3,0,3,3
29530934,,0,0.000164,8,0.000013,0,1,1,0,1,1
29361695,,0,0.000165,11,0.000013,0,2,2,0,2,2
29100324,,0,0.000164,8,0.000013,0,1,1,0,1,1
29051491,,0,0.000179,8,0.00004,3,4,7,3,4,7
28835508,,0,0.000391,8,0.000013,0,5,5,0,5,5
28166452,,0,0.000168,8,0.000013,0,2,2,0,2,2
27994036,,0,0.000164,8,0.000013,0,1,1,0,1,1
27775089,,0,0.000231,8,0.000013,0,2,2,0,2,2
27768874,,0,0.000169,8,0.000013,0,2,2,0,2,2
27678398,,0,0.000164,8,0.000013,0,1,1,0,1,1
27526030,,0,0.000192,8,0.000013,0,2,2,0,2,2
27502483,,0,0.000204,8,0.000013,0,2,2,0,2,2
27454288,,0,0.000164,8,0.000013,0,1,1,0,1,1
27452366,,0,0.000247,8,0.000013,0,3,3,0,3,3
27340773,,0,0.000164,8,0.000013,0,1,1,0,1,1
27232758,,0,0.000164,8,0.000013,0,1,1,0,1,1
27223997,,0,0.000165,11,0.000013,0,2,2,0,2,2
27084631,,0,0.000237,8,0.000013,0,2,2,0,2,2
27083049,,0,0.000242,8,0.000013,0,3,3,0,3,3
27064001,,0,0.000164,8,0.000013,0,1,1,0,1,1
26980189,,0,0.000164,8,0.000013,0,1,1,0,1,1
26950216,,0,0.000164,8,0.000013,0,1,1,0,1,1
26880199,,0,0.000271,8,0.000013,0,3,3,0,3,3
26797144,,0,0.000164,8,0.000013,0,1,1,0,1,1
26683374,,0,0.000164,8,0.000013,0,1,1,0,1,1
26484938,,0,0.000164,8,0.000013,0,1,1,0,1,1
26436826,,0,0.000164,8,0.000013,0,1,1,0,1,1
26091346,,0,0.000164,8,0.000013,0,1,1,0,1,1
26051181,,0,0.000164,8,0.000013,0,1,1,0,1,1
25843623,,0,0.000192,8,0.000013,0,2,2,0,2,2
25765654,,0,0.000164,8,0.000013,0,1,1,0,1,1
25036042,,0,0.000164,8,0.000013,0,1,1,0,1,1
24658369,,0,0.000164,8,0.000013,0,1,1,0,1,1
24637877,,0,0.000198,8,0.000013,0,2,2,0,2,2
24589582,,0,0.000164,8,0.000013,0,1,1,0,1,1
23867477,,0,0.000164,8,0.000013,0,1,1,0,1,1
29707001,,0,0.000015,39,0.000013,0,2,2,0,2,2
28507891,,0,0.000002,39,0.000013,0,1,1,0,1,1
27924449,,0,0.000003,39,0.000013,0,2,2,0,2,2
25228357,,0,0.000094,39,0.000013,0,4,4,0,4,4
29992106,,0,0,33,0.000013,0,1,1,0,1,1
29426892,,0,0,33,0.000013,0,1,1,0,1,1
29339720,,0,0,33,0.000013,0,1,1,0,1,1
28955240,,0,0,33,0.000013,0,1,1,0,1,1
28933383,,0,0,33,0.000013,0,1,1,0,1,1
28702009,,0,0,33,0.000013,0,1,1,0,1,1
28243436,,0,0,33,0.000013,0,1,1,0,1,1
28122355,,0,0,33,0.000013,0,1,1,0,1,1
27446400,,0,0,33,0.000013,0,1,1,0,1,1
27229859,,0,0,33,0.000013,0,2,2,0,2,2
26557041,,0,0,33,0.000013,0,1,1,0,1,1
26550019,,0,0,33,0.000013,0,1,1,0,1,1
26491260,,0,0,33,0.000013,0,1,1,0,1,1
25989290,,0,0,33,0.000013,0,1,1,0,1,1
25834400,,0,0,33,0.000013,0,1,1,0,1,1
25834399,,0,0,33,0.000013,0,1,1,0,1,1
25632222,,0,0,33,0.000013,0,1,1,0,1,1
25609920,,0,0,33,0.000013,0,1,1,0,1,1
25469510,,0,0,33,0.000013,0,1,1,0,1,1
25109615,,0,0,33,0.000013,0,1,1,0,1,1
23971004,,0,0,33,0.000013,0,1,1,0,1,1
23273564,,0,0,33,0.000013,0,1,1,0,1,1
27533941,,0,0.000054,5,0.000013,0,1,1,0,1,1
26404129,,0,0.000054,5,0.000013,0,1,1,0,1,1
24851142,,0,0.000054,5,0.000013,0,1,1,0,1,1
23485770,,0,0.000054,5,0.000013,0,1,1,0,1,1
29348879,,0,0.000069,29,0.000013,0,3,3,0,3,3
26257651,,0,0.000101,32,0.000013,0,2,2,0,2,2
25488815,,0,0.000052,32,0.000013,0,1,1,0,1,1
24304913,,0,0.000052,32,0.000013,0,1,1,0,1,1
23161800,,0,0.000052,32,0.000013,0,1,1,0,1,1
23131665,,0,0.000077,32,0.000013,0,2,2,0,2,2
28926426,,0,0.000027,33,0.000013,0,1,1,0,1,1
26834142,,0,0.000027,33,0.000013,0,1,1,0,1,1
23515667,,0,0.000027,33,0.000013,0,1,1,0,1,1
29413806,,0,0,11,0.000013,0,1,1,0,1,1
22872141,,0.000007,0,11,0.000085,8,0,8,8,0,8
28973557,,0,0,11,0.000013,0,1,1,0,1,1
27909446,,0,0,11,0.000013,0,1,1,0,1,1
27209488,,0,0,11,0.000013,0,1,1,0,1,1
27008852,,0,0,11,0.000013,0,1,1,0,1,1
25044351,,0,0,11,0.000013,0,1,1,0,1,1
22872799,,0.000024,0,5,0.000025,2,0,2,2,0,2
24864145,,0,0.000001,5,0.000013,0,1,1,0,1,1
27476653,,0,0.000014,14,0.000013,0,2,2,0,2,2
22875147,,0.000002,0,14,0.000044,4,0,4,4,0,4
24967209,,0,0,14,0.000013,0,1,1,0,1,1
23742673,,0,0,14,0.000013,0,1,1,0,1,1
25472942,,0.003274,0.000053,8,0.000585,91,2,93,91,2,93
26733491,,0,0.000001,32,0.000013,0,1,1,0,1,1
30272286,,0,0.000738,31,0.000013,0,5,5,0,5,5
30250564,,0,0.000263,35,0.000013,0,3,3,0,3,3
30014041,,0,0.000243,32,0.000013,0,1,1,0,1,1
29942710,,0,0.000243,32,0.000013,0,1,1,0,1,1
29156674,,0,0.000243,32,0.000013,0,1,1,0,1,1
28802037,,0,0.000291,32,0.000013,0,2,2,0,2,2
28689661,,0,0.000243,32,0.000013,0,1,1,0,1,1
28498459,,0,0.000243,32,0.000013,0,1,1,0,1,1
28451789,,0,0.000243,32,0.000013,0,1,1,0,1,1
28425754,,0,0.000256,32,0.000013,0,3,3,0,3,3
28278077,,0,0.000243,32,0.000013,0,1,1,0,1,1
28167507,,0,0.001071,32,0.000013,0,3,3,0,3,3
27919797,,0,0.000243,32,0.000013,0,1,1,0,1,1
27913436,,0,0.000243,32,0.000013,0,1,1,0,1,1
27655435,,0,0.000291,32,0.000013,0,2,2,0,2,2
27572309,,0,0.000243,32,0.000013,0,1,1,0,1,1
27474173,,0,0.000243,10,0.000013,0,2,2,0,2,2
27402769,,0,0.000256,32,0.000013,0,2,2,0,2,2
27382432,,0,0.000243,32,0.000013,0,1,1,0,1,1
27308344,,0,0.000243,32,0.000013,0,1,1,0,1,1
27055253,,0,0.000243,32,0.000013,0,1,1,0,1,1
26909474,,0,0.001336,51,0.000013,0,5,5,0,5,5
26788219,,0,0.000243,32,0.000013,0,1,1,0,1,1
26674543,,0,0.000243,32,0.000013,0,1,1,0,1,1
26589432,,0,0.000243,32,0.000013,0,1,1,0,1,1
26380552,,0,0.000243,32,0.000013,0,1,1,0,1,1
26137487,,0,0.000243,32,0.000013,0,1,1,0,1,1
26117819,,0,0.000243,32,0.000013,0,1,1,0,1,1
25938539,,0,0.0003,32,0.000013,0,2,2,0,2,2
25884663,,0.000571,0.000243,32,0.000089,10,1,11,10,1,11
25857298,,0,0.000243,32,0.000013,0,1,1,0,1,1
25750731,,0,0.000243,32,0.000013,0,1,1,0,1,1
25699542,,0,0.000243,32,0.000013,0,1,1,0,1,1
25590583,,0,0.000243,32,0.000013,0,1,1,0,1,1
25533673,,0,0.000243,32,0.000013,0,1,1,0,1,1
25419740,,0,0.000243,32,0.000013,0,1,1,0,1,1
25419441,,0,0.000243,32,0.000013,0,1,1,0,1,1
25193510,,0,0.000243,32,0.000013,0,1,1,0,1,1
24970481,,0,0.000243,32,0.000013,0,1,1,0,1,1
24904222,,0,0.000243,32,0.000013,0,1,1,0,1,1
24897507,,0,0.000243,32,0.000013,0,1,1,0,1,1
24563619,,0,0.000243,32,0.000013,0,1,1,0,1,1
24536073,,0,0.000243,32,0.000013,0,1,1,0,1,1
24481312,,0,0.000243,32,0.000013,0,1,1,0,1,1
24364026,,0,0.000243,32,0.000013,0,1,1,0,1,1
24218548,,0,0.000243,32,0.000013,0,1,1,0,1,1
24127122,,0,0.000243,32,0.000013,0,1,1,0,1,1
24077350,,0,0.000243,32,0.000013,0,1,1,0,1,1
23991179,,0,0.000243,32,0.000013,0,1,1,0,1,1
23964092,,0,0.000243,32,0.000013,0,1,1,0,1,1
23903756,,0,0.000243,32,0.000013,0,1,1,0,1,1
23735831,,0,0.000243,32,0.000013,0,1,1,0,1,1
23689832,,0,0.000243,32,0.000013,0,1,1,0,1,1
23635776,,0,0.000243,32,0.000013,0,1,1,0,1,1
23566381,,0,0.000243,32,0.000013,0,1,1,0,1,1
23455378,,0,0.000243,32,0.000013,0,1,1,0,1,1
29988845,,0,0.000005,0,0.000013,0,1,1,0,1,1
29370106,,0,0.000005,0,0.000013,0,1,1,0,1,1
28680288,,0,0.000005,0,0.000013,0,1,1,0,1,1
28535153,,0,0.000008,0,0.000013,0,3,3,0,3,3
26908982,,0,0.000006,0,0.000013,0,2,2,0,2,2
26795734,,0,0.000005,0,0.000013,0,1,1,0,1,1
26334879,,0,0.000005,0,0.000013,0,1,1,0,1,1
24755883,,0,0.000008,0,0.000013,0,3,3,0,3,3
24648764,,0,0.000005,0,0.000013,0,1,1,0,1,1
24198199,,0,0.000005,0,0.000013,0,1,1,0,1,1
24094113,,0,0.000005,0,0.000013,0,1,1,0,1,1
23612440,,0,0.000005,0,0.000013,0,1,1,0,1,1
23561631,,0,0.000005,0,0.000013,0,1,1,0,1,1
23553735,,0,0.000005,0,0.000013,0,1,1,0,1,1
26845027,,0,0.000001,23,0.000013,0,1,1,0,1,1
22962264,,0.000034,0,23,0.000036,3,0,3,3,0,3
26091525,,0,0.000001,23,0.000013,0,1,1,0,1,1
27478808,,0,0.000021,33,0.000013,0,2,2,0,2,2
25787708,,0,0.000018,2,0.000013,0,1,1,0,1,1
23236361,,0,0.000018,2,0.000013,0,1,1,0,1,1
24918944,,0,0,2,0.000013,0,1,1,0,1,1
29119052,,0,0,59,0.000013,0,2,2,0,2,2
22977515,,0,0,59,0.000187,11,0,11,11,0,11
29061341,,0,0,59,0.000013,0,1,1,0,1,1
29056855,,0,0,59,0.000013,0,2,2,0,2,2
28458037,,0,0,59,0.000013,0,1,1,0,1,1
28453695,,0,0,59,0.000089,8,1,9,8,1,9
27805254,,0,0,59,0.000013,0,1,1,0,1,1
26616466,,0,0,59,0.000013,0,1,1,0,1,1
26557901,,0,0,59,0.000013,0,1,1,0,1,1
26527315,,0,0,59,0.000013,0,1,1,0,1,1
26370544,,0,0,59,0.000013,0,1,1,0,1,1
25711235,,0,0,59,0.000013,0,1,1,0,1,1
30217566,,0,0.000084,51,0.000013,0,1,1,0,1,1
22981675,,0.003739,0,51,0.000966,100,0,100,100,0,100
30116340,,0,0.000084,51,0.000013,0,1,1,0,1,1
29966326,,0,0.000084,51,0.000013,0,1,1,0,1,1
29734647,,0,0.000302,51,0.000013,0,3,3,0,3,3
29666834,,0,0.000084,51,0.000013,0,1,1,0,1,1
29560112,,0,0.000084,51,0.000013,0,2,2,0,2,2
29340039,,0,0.000084,51,0.000013,0,1,1,0,1,1
29202480,,0,0.000351,51,0.000013,0,4,4,0,4,4
29134654,,0,0.000084,51,0.000013,0,1,1,0,1,1
28954787,,0,0.000084,51,0.000013,0,1,1,0,1,1
28864460,,0,0.000348,51,0.000013,0,3,3,0,3,3
28685147,,0,0.000084,51,0.000013,0,1,1,0,1,1
28659719,,0,0.000084,51,0.000013,0,1,1,0,1,1
28566530,,0,0.000084,51,0.000013,0,1,1,0,1,1
28521441,,0,0.000097,29,0.000013,0,2,2,0,2,2
28463227,,0,0.000084,51,0.000013,0,1,1,0,1,1
27741508,,0,0.000302,51,0.000013,0,2,2,0,2,2
27725309,,0,0.000084,51,0.000013,0,1,1,0,1,1
27708772,,0,0.000084,51,0.000013,0,1,1,0,1,1
27583817,,0,0.000084,51,0.000013,0,1,1,0,1,1
27501397,,0,0.000084,51,0.000013,0,1,1,0,1,1
27487144,,0,0.000315,70,0.000013,0,3,3,0,3,3
27324988,,0.000019,0.000302,51,0.000023,3,2,5,3,2,5
27191992,,0,0.000084,51,0.000013,0,1,1,0,1,1
27174589,,0,0.000084,51,0.000013,0,1,1,0,1,1
27148695,,0,0.000302,51,0.000013,0,2,2,0,2,2
27133384,,0,0.000084,51,0.000013,0,1,1,0,1,1
27080479,,0,0.000084,51,0.000013,0,1,1,0,1,1
26855148,,0,0.000084,51,0.000013,0,1,1,0,1,1
26817504,,0,0.000084,51,0.000013,0,1,1,0,1,1
26768791,,0,0.000092,51,0.000013,0,2,2,0,2,2
26724258,,0,0.000553,32,0.000013,0,3,3,0,3,3
26594314,,0,0.000084,51,0.000013,0,1,1,0,1,1
26563462,,0,0.000849,51,0.000013,0,2,2,0,2,2
26327810,,0,0.000084,51,0.000013,0,1,1,0,1,1
26325261,,0,0.000084,51,0.000013,0,1,1,0,1,1
26305677,,0,0.000084,51,0.000013,0,1,1,0,1,1
26202458,,0,0.000084,51,0.000013,0,1,1,0,1,1
26109877,,0,0.000084,51,0.000013,0,1,1,0,1,1
26091350,,0,0.000084,51,0.000013,0,1,1,0,1,1
26000489,,0,0.000937,51,0.000013,0,4,4,0,4,4
25925381,,0,0.000084,51,0.000013,0,1,1,0,1,1
25886620,,0,0.000084,51,0.000013,0,1,1,0,1,1
25395014,,0,0.000084,51,0.000013,0,1,1,0,1,1
25320179,,0,0.000084,51,0.000013,0,1,1,0,1,1
24948875,,0,0.000084,51,0.000013,0,1,1,0,1,1
24948871,,0,0.000084,51,0.000013,0,1,1,0,1,1
24836576,,0,0.000084,51,0.000013,0,1,1,0,1,1
24724054,,0,0.000084,51,0.000013,0,1,1,0,1,1
24371818,,0,0.000084,51,0.000013,0,1,1,0,1,1
24352642,,0,0.000084,51,0.000013,0,1,1,0,1,1
24323898,,0,0.000084,51,0.000013,0,1,1,0,1,1
24282417,,0,0.000084,51,0.000013,0,1,1,0,1,1
24189654,,0,0.000084,51,0.000013,0,1,1,0,1,1
24107169,,0,0.000084,51,0.000013,0,1,1,0,1,1
24048068,,0,0.000084,51,0.000013,0,1,1,0,1,1
24001039,,0,0.000084,51,0.000013,0,1,1,0,1,1
23584378,,0,0.000084,51,0.000013,0,1,1,0,1,1
23307762,,0,0.000084,51,0.000013,0,1,1,0,1,1
23233736,,0,0.000084,51,0.000013,0,1,1,0,1,1
23184966,,0,0.000084,51,0.000013,0,1,1,0,1,1
29262611,,0,0.000088,32,0.000013,0,2,2,0,2,2
29143558,,0,0.000075,32,0.000013,0,1,1,0,1,1
27655732,,0,0.000075,32,0.000013,0,1,1,0,1,1
26091340,,0,0.000147,32,0.000013,0,3,3,0,3,3
25865228,,0.000001,0.000294,23,0.000066,6,2,8,6,2,8
25739041,,0,0.000075,32,0.000013,0,1,1,0,1,1
25437539,,0,0.000075,32,0.000013,0,1,1,0,1,1
24928521,,0,0.000075,32,0.000013,0,1,1,0,1,1
30197656,,0,0,19,0.000013,0,1,1,0,1,1
28967713,,0,0,19,0.000013,0,1,1,0,1,1
28454580,,0,0,19,0.000013,0,1,1,0,1,1
27432256,,0,0,19,0.000013,0,1,1,0,1,1
25250047,,0,0,19,0.000013,0,1,1,0,1,1
23948096,,0,0,19,0.000013,0,1,1,0,1,1
28059167,,0,0.000001,0,0.000013,0,1,1,0,1,1
26089079,,0,0.000001,0,0.000013,0,1,1,0,1,1
26085575,,0.000165,0.000187,8,0.000089,20,3,23,20,3,23
29900032,,0,0,52,0.000013,0,1,1,0,1,1
29512865,,0,0,52,0.000013,0,1,1,0,1,1
29214122,,0,0,52,0.000013,0,1,1,0,1,1
28640700,,0,0,52,0.000013,0,1,1,0,1,1
28616389,,0,0,52,0.000013,0,1,1,0,1,1
28546722,,0,0,52,0.000013,0,1,1,0,1,1
28454108,,0,0,52,0.000013,0,1,1,0,1,1
28213670,,0,0,52,0.000013,0,1,1,0,1,1
27921248,,0,0,52,0.000013,0,1,1,0,1,1
27158577,,0,0,52,0.000013,0,1,1,0,1,1
26992069,,0,0,52,0.000013,0,1,1,0,1,1
26625155,,0,0,52,0.000013,0,1,1,0,1,1
25884485,,0,0,52,0.000013,0,1,1,0,1,1
25851896,,0,0,52,0.000013,0,1,1,0,1,1
25038505,,0,0,52,0.000013,0,1,1,0,1,1
27890964,,0,0.000001,5,0.000013,0,1,1,0,1,1
25327560,,0,0.000001,5,0.000013,0,1,1,0,1,1
29191971,,0,0.000452,31,0.000013,0,1,1,0,1,1
29132872,,0,0.000609,31,0.000013,0,3,3,0,3,3
28916367,,0,0.000656,31,0.000013,0,4,4,0,4,4
27977696,,0,0.000563,31,0.000013,0,4,4,0,4,4
26864208,,0,0.000452,31,0.000013,0,1,1,0,1,1
26208496,,0,0.000522,41,0.000013,0,3,3,0,3,3
25847936,,0.001939,0.000473,31,0.0004,61,3,64,61,3,64
23690819,,0,0.000452,31,0.000013,0,1,1,0,1,1
29176614,,0,0.000026,8,0.000013,0,1,1,0,1,1
28754805,,0,0.000026,8,0.000013,0,1,1,0,1,1
26283732,,0,0.000026,8,0.000013,0,1,1,0,1,1
25894431,,0,0.000026,8,0.000013,0,1,1,0,1,1
23720754,,0,0.000026,8,0.000013,0,1,1,0,1,1
30050740,,0,0.001009,51,0.000013,0,3,3,0,3,3
29740539,,0,0.000121,41,0.000013,0,1,1,0,1,1
29254238,,0,0.000121,41,0.000013,0,1,1,0,1,1
29055968,,0,0.000001,5,0.000013,0,1,1,0,1,1
27940972,,0,0.000001,5,0.000013,0,1,1,0,1,1
25160501,,0,0.000001,5,0.000013,0,1,1,0,1,1
29879107,,0,0.000106,31,0.000013,0,1,1,0,1,1
29445424,,0,0.000136,31,0.000013,0,2,2,0,2,2
29322935,,0,0.000106,31,0.000013,0,1,1,0,1,1
27195613,,0,0.000106,31,0.000013,0,1,1,0,1,1
26625211,,0,0.000341,31,0.000013,0,2,2,0,2,2
25932043,,0,0.000106,31,0.000013,0,1,1,0,1,1
25484574,,0,0.000106,31,0.000013,0,1,1,0,1,1
24755555,,0,0.000106,31,0.000013,0,1,1,0,1,1
24626475,,0,0.000106,31,0.000013,0,1,1,0,1,1
24273214,,0,0.000116,31,0.000013,0,2,2,0,2,2
29844133,,0,0.00001,8,0.000013,0,1,1,0,1,1
29559730,,0,0.000144,51,0.000013,0,3,3,0,3,3
29245274,,0,0.00001,8,0.000013,0,1,1,0,1,1
29036368,,0,0.00001,8,0.000013,0,1,1,0,1,1
28855246,,0,0.00001,8,0.000013,0,1,1,0,1,1
28794284,,0,0.00001,8,0.000013,0,1,1,0,1,1
28534531,,0,0.000139,31,0.000013,0,2,2,0,2,2
27708411,,0,0.00014,8,0.000013,0,2,2,0,2,2
27655433,,0,0.000126,8,0.000013,0,3,3,0,3,3
27589940,,0,0.000188,8,0.000013,0,4,4,0,4,4
25403473,,0,0.000019,8,0.000013,0,2,2,0,2,2
25135846,,0,0.00001,8,0.000013,0,1,1,0,1,1
24748152,,0,0.00001,8,0.000013,0,1,1,0,1,1
28982360,,0,0.000001,2,0.000013,0,1,1,0,1,1
26857821,,0,0.000001,2,0.000013,0,1,1,0,1,1
26258794,,0,0.000032,2,0.000013,0,2,2,0,2,2
29377785,,0,0.000003,5,0.000013,0,3,3,0,3,3
27629874,,0,0.000059,23,0.000013,0,1,1,0,1,1
25647331,,0,0.000084,23,0.000013,0,2,2,0,2,2
25155011,,0,0.000059,23,0.000013,0,1,1,0,1,1
27687028,,0,0,17,0.000013,0,1,1,0,1,1
27494868,,0,0,17,0.000013,0,2,2,0,2,2
27492607,,0,0,17,0.000013,0,1,1,0,1,1
26682050,,0,0,17,0.000013,0,1,1,0,1,1
26156563,,0,0,17,0.000013,0,1,1,0,1,1
26125105,,0,0,17,0.000013,0,2,2,0,2,2
25560066,,0,0,17,0.000013,0,1,1,0,1,1
25091037,,0,0,17,0.000024,2,1,3,2,1,3
24778317,,0,0,17,0.000013,0,1,1,0,1,1
24155236,,0,0,17,0.000013,0,1,1,0,1,1
23887245,,0,0,17,0.000013,0,1,1,0,1,1
23303389,,0,0,17,0.000013,0,1,1,0,1,1
28558830,,0,0,0,0.000013,0,1,1,0,1,1
27879268,,0,0,0,0.000013,0,1,1,0,1,1
26596891,,0,0,0,0.000013,0,1,1,0,1,1
25873979,,0,0,0,0.000013,0,1,1,0,1,1
24297529,,0,0,0,0.000013,0,1,1,0,1,1
23968248,,0,0,0,0.000013,0,1,1,0,1,1
27822389,,0,0.000082,22,0.000013,0,4,4,0,4,4
27561088,,0,0.000013,22,0.000013,0,1,1,0,1,1
29212240,,0,0.000003,35,0.000013,0,1,1,0,1,1
27580131,,0,0.000003,35,0.000013,0,1,1,0,1,1
27158366,,0,0.000003,35,0.000013,0,1,1,0,1,1
27148567,,0,0.000003,35,0.000013,0,1,1,0,1,1
23942203,,0.000189,0.00005,22,0.000204,22,2,24,22,2,24
23112151,,0.000532,0,33,0.000241,23,0,23,23,0,23
30076308,,0,0.000012,33,0.000013,0,1,1,0,1,1
29311920,,0,0.000012,33,0.000013,0,1,1,0,1,1
29269484,,0,0.000012,33,0.000013,0,1,1,0,1,1
29179096,,0,0.000012,33,0.000013,0,1,1,0,1,1
28655788,,0,0.000012,33,0.000013,0,1,1,0,1,1
27668427,,0,0.000012,33,0.000013,0,1,1,0,1,1
27112207,,0,0.000012,33,0.000013,0,1,1,0,1,1
26603897,,0,0.000012,33,0.000013,0,1,1,0,1,1
26459030,,0,0.000012,33,0.000013,0,1,1,0,1,1
26357652,,0,0.000012,33,0.000013,0,1,1,0,1,1
25999352,,0,0.000012,33,0.000013,0,1,1,0,1,1
25993439,,0,0.000012,33,0.000013,0,1,1,0,1,1
25986608,,0,0.000012,33,0.000013,0,1,1,0,1,1
25526772,,0,0.000012,33,0.000013,0,1,1,0,1,1
25273840,,0,0.000012,33,0.000013,0,1,1,0,1,1
24394551,,0,0.000012,33,0.000013,0,1,1,0,1,1
24373965,,0,0.000012,33,0.000013,0,1,1,0,1,1
24198241,,0,0.000012,33,0.000013,0,1,1,0,1,1
24072219,,0,0.000023,33,0.000013,0,2,2,0,2,2
23402580,,0,0.000012,33,0.000013,0,1,1,0,1,1
23865019,,0,0,2,0.000013,0,1,1,0,1,1
29396668,,0,0.000017,35,0.000013,0,1,1,0,1,1
29123322,,0,0.000017,35,0.000013,0,1,1,0,1,1
27994679,,0,0.000017,35,0.000013,0,1,1,0,1,1
30165676,,0,0,60,0.000013,0,1,1,0,1,1
23127113,,0,0,60,0.000067,5,0,5,5,0,5
29444910,,0,0,60,0.000013,0,1,1,0,1,1
28465562,,0,0,60,0.000013,0,1,1,0,1,1
27895765,,0,0,60,0.000013,0,1,1,0,1,1
27582427,,0,0,60,0.000013,0,1,1,0,1,1
30363154,,0,0,61,0.000013,0,1,1,0,1,1
23131224,,0,0,61,0.000024,1,0,1,1,0,1
30241369,,0,0.000024,23,0.000013,0,1,1,0,1,1
30228728,,0,0.000024,23,0.000013,0,1,1,0,1,1
30186770,,0,0.000061,23,0.000013,0,6,6,0,6,6
30069736,,0,0.000024,23,0.000013,0,1,1,0,1,1
30057517,,0,0.000024,23,0.000013,0,1,1,0,1,1
29967636,,0,0.000024,23,0.000013,0,1,1,0,1,1
29881603,,0,0.000024,23,0.000013,0,2,2,0,2,2
29863135,,0,0.000024,23,0.000013,0,1,1,0,1,1
29796173,,0,0.000024,23,0.000013,0,1,1,0,1,1
29785074,,0,0.000171,23,0.000013,0,3,3,0,3,3
29713680,,0,0.000024,23,0.000013,0,1,1,0,1,1
29574408,,0,0.000024,23,0.000013,0,1,1,0,1,1
29467409,,0,0.000024,23,0.000013,0,1,1,0,1,1
29387690,,0,0.000024,23,0.000013,0,1,1,0,1,1
29229290,,0,0.000024,23,0.000013,0,1,1,0,1,1
29151953,,0,0.000038,51,0.000013,0,2,2,0,2,2
29107110,,0,0.000024,23,0.000013,0,1,1,0,1,1
29085011,,0,0.000024,23,0.000013,0,1,1,0,1,1
28979722,,0,0.000024,23,0.000013,0,1,1,0,1,1
28954281,,0,0.000027,23,0.000013,0,2,2,0,2,2
28868409,,0,0.000024,23,0.000013,0,1,1,0,1,1
28839761,,0,0.000024,23,0.000013,0,1,1,0,1,1
28656024,,0,0.000027,23,0.000013,0,2,2,0,2,2
28650984,,0,0.000024,23,0.000013,0,1,1,0,1,1
28268158,,0,0.000024,23,0.000013,0,1,1,0,1,1
28259593,,0,0.000024,23,0.000013,0,1,1,0,1,1
28108468,,0,0.000024,23,0.000013,0,1,1,0,1,1
28039657,,0,0.000061,23,0.000013,0,3,3,0,3,3
27999144,,0,0.000024,23,0.000013,0,1,1,0,1,1
27995549,,0,0.000024,23,0.000013,0,1,1,0,1,1
27938791,,0,0.000044,51,0.000013,0,2,2,0,2,2
27895409,,0,0.000024,23,0.000013,0,1,1,0,1,1
27605208,,0,0.000024,23,0.000013,0,1,1,0,1,1
27432539,,0,0.000024,23,0.000013,0,1,1,0,1,1
27267843,,0,0.000024,23,0.000013,0,1,1,0,1,1
27162784,,0,0.000024,23,0.000013,0,2,2,0,2,2
26892650,,0,0.000024,23,0.000013,0,1,1,0,1,1
26879161,,0,0.000024,23,0.000013,0,1,1,0,1,1
26840568,,0,0.000025,23,0.000013,0,3,3,0,3,3
26811622,,0,0.000024,23,0.000013,0,1,1,0,1,1
26767414,,0,0.000074,23,0.000013,0,3,3,0,3,3
26692444,,0,0.000024,23,0.000013,0,1,1,0,1,1
26465948,,0,0.000024,23,0.000013,0,1,1,0,1,1
26418902,,0,0.000024,23,0.000013,0,1,1,0,1,1
26361411,,0,0.000024,23,0.000013,0,1,1,0,1,1
26361403,,0,0.000024,23,0.000013,0,1,1,0,1,1
26347531,,0,0.000024,23,0.000013,0,1,1,0,1,1
26240684,,0.000009,0.000024,23,0.000041,5,1,6,5,1,6
26240291,,0,0.000024,23,0.000013,0,1,1,0,1,1
26185370,,0,0.000024,23,0.000013,0,1,1,0,1,1
26183380,,0,0.000024,23,0.000013,0,1,1,0,1,1
26114016,,0,0.000025,23,0.000013,0,2,2,0,2,2
26029287,,0,0.000024,23,0.000013,0,1,1,0,1,1
26003200,,0,0.000024,23,0.000013,0,1,1,0,1,1
25935754,,0,0.000024,23,0.000013,0,1,1,0,1,1
25930097,,0,0.000024,23,0.000013,0,1,1,0,1,1
25636698,,0,0.000024,23,0.000013,0,1,1,0,1,1
25589628,,0,0.000024,23,0.000013,0,1,1,0,1,1
25506012,,0,0.000024,23,0.000013,0,1,1,0,1,1
25393849,,0,0.000024,23,0.000013,0,1,1,0,1,1
25393586,,0,0.000024,23,0.000013,0,1,1,0,1,1
25232247,,0,0.000024,23,0.000013,0,1,1,0,1,1
25170208,,0,0.000024,23,0.000013,0,1,1,0,1,1
25155689,,0,0.000024,23,0.000013,0,1,1,0,1,1
25132706,,0,0.000024,23,0.000013,0,1,1,0,1,1
24924775,,0,0.000024,23,0.000013,0,1,1,0,1,1
24379681,,0,0.000024,23,0.000013,0,1,1,0,1,1
24178582,,0,0.000024,23,0.000013,0,1,1,0,1,1
23730506,,0,0.000024,23,0.000013,0,1,1,0,1,1
23697990,,0,0.000024,23,0.000013,0,1,1,0,1,1
29881292,,0,0.000011,31,0.000013,0,1,1,0,1,1
29577076,,0,0.000054,31,0.000013,0,2,2,0,2,2
29300815,,0,0.000496,31,0.000013,0,4,4,0,4,4
29021870,,0,0.000119,32,0.000013,0,4,4,0,4,4
26913066,,0,0.000019,5,0.000013,0,2,2,0,2,2
25099850,,0,0.000076,31,0.000013,0,2,2,0,2,2
29050241,,0,0.000476,51,0.000013,0,5,5,0,5,5
28881609,,0,0.000017,51,0.000013,0,1,1,0,1,1
28101214,,0,0.000029,32,0.000013,0,2,2,0,2,2
26934315,,0,0.000017,51,0.000013,0,1,1,0,1,1
25623468,,0,0.000017,51,0.000013,0,1,1,0,1,1
24777181,,0,0.000017,51,0.000013,0,1,1,0,1,1
24626090,,0,0.000017,51,0.000013,0,1,1,0,1,1
23833311,,0,0.000017,51,0.000013,0,1,1,0,1,1
29432467,,0,0,70,0.000013,0,1,1,0,1,1
27786176,,0,0,70,0.000013,0,1,1,0,1,1
26604142,,0,0,70,0.000013,0,1,1,0,1,1
25906400,,0,0,70,0.000013,0,1,1,0,1,1
25705150,,0,0,70,0.000013,0,1,1,0,1,1
25106753,,0,0,70,0.000013,0,1,1,0,1,1
24682507,,0,0,70,0.000013,0,1,1,0,1,1
24598232,,0,0,70,0.000013,0,1,1,0,1,1
24950779,,0,0,41,0.000013,0,1,1,0,1,1
27446970,,0,0.000002,5,0.000013,0,1,1,0,1,1
29625052,,0,0.000047,23,0.000013,0,5,5,0,5,5
28246549,,0,0.000002,23,0.000013,0,1,1,0,1,1
26111702,,0,0.000002,23,0.000013,0,1,1,0,1,1
24833909,,0,0.000002,23,0.000013,0,1,1,0,1,1
30186769,,0,0.000113,2,0.000013,0,5,5,0,5,5
28076423,,0.000006,0.000063,2,0.000015,2,3,5,2,3,5
26848529,,0.000899,0.000155,2,0.000026,9,8,17,9,8,17
23199081,,0,0.000024,2,0.000013,0,1,1,0,1,1
26453996,,0,0.000002,23,0.000013,0,1,1,0,1,1
23215809,,0,0,41,0.000054,2,0,2,2,0,2
23585573,,0,0,41,0.000013,0,1,1,0,1,1
29334616,,0,0.000007,0,0.000013,0,2,2,0,2,2
28077076,,0,0.000005,0,0.000013,0,1,1,0,1,1
25083468,,0,0.000007,0,0.000013,0,2,2,0,2,2
24778394,,0,0.000005,0,0.000013,0,1,1,0,1,1
28920489,,0,0,2,0.000013,0,1,1,0,1,1
25621201,,0,0,2,0.000013,0,1,1,0,1,1
24765135,,0,0,2,0.000013,0,1,1,0,1,1
23860040,,0,0,2,0.000048,4,1,5,4,1,5
23596512,,0,0.000069,28,0.000013,0,1,1,0,1,1
28556546,,0,0.000093,5,0.000013,0,8,8,0,8,8
25077043,,0,0.000038,2,0.000013,0,1,1,0,1,1
24277771,,0,0.000038,2,0.000013,0,1,1,0,1,1
24137461,,0,0.000038,2,0.000013,0,1,1,0,1,1
29505604,,0,0.000017,22,0.000013,0,2,2,0,2,2
28588830,,0,0.000126,8,0.000013,0,6,6,0,6,6
27313609,,0,0.000014,22,0.000013,0,1,1,0,1,1
25031304,,0,0.000014,22,0.000013,0,1,1,0,1,1
24359560,,0,0.000033,35,0.000013,0,2,2,0,2,2
28445142,,0,0.000026,32,0.000013,0,1,1,0,1,1
27809800,,0,0.000026,32,0.000013,0,1,1,0,1,1
29570666,,0.000013,0.000059,51,0.000014,1,5,6,1,5,6
29466940,,0,0.000046,5,0.000013,0,1,1,0,1,1
28243320,,0,0.000046,5,0.000013,0,1,1,0,1,1
27542269,,0,0.000046,5,0.000013,0,1,1,0,1,1
26230854,,0,0.000046,5,0.000013,0,1,1,0,1,1
26082439,,0,0.000046,5,0.000013,0,1,1,0,1,1
25629080,,0,0.000046,5,0.000013,0,1,1,0,1,1
25109789,,0,0.000046,5,0.000013,0,1,1,0,1,1
28977939,,0,0.000152,41,0.000013,0,1,1,0,1,1
28208158,,0,0.000152,41,0.000013,0,1,1,0,1,1
27806724,,0,0.000152,41,0.000013,0,1,1,0,1,1
26275954,,0,0.00023,41,0.000013,0,2,2,0,2,2
26089723,,0,0.000152,41,0.000013,0,1,1,0,1,1
25771796,,0,0.000281,41,0.000013,0,2,2,0,2,2
30279734,,0,0.001101,41,0.000013,0,1,1,0,1,1
30279327,,0,0.001101,41,0.000013,0,1,1,0,1,1
30237852,,0,0.001101,41,0.000013,0,1,1,0,1,1
30200478,,0,0.001904,0,0.000013,0,3,3,0,3,3
30073045,,0,0.001101,41,0.000013,0,1,1,0,1,1
29802700,,0,0.001101,41,0.000013,0,1,1,0,1,1
29736145,,0,0.001101,41,0.000013,0,1,1,0,1,1
29721393,,0,0.001101,41,0.000013,0,1,1,0,1,1
29685168,,0,0.001101,41,0.000013,0,1,1,0,1,1
29573206,,0,0.001101,41,0.000013,0,1,1,0,1,1
29552125,,0,0.001101,41,0.000013,0,1,1,0,1,1
29485993,,0,0.001101,41,0.000013,0,1,1,0,1,1
29344893,,0,0.001101,41,0.000013,0,1,1,0,1,1
29218878,,0,0.001101,41,0.000013,0,1,1,0,1,1
29095543,,0,0.001101,41,0.000013,0,1,1,0,1,1
29057876,,0,0.001101,41,0.000013,0,1,1,0,1,1
29041931,,0,0.001101,41,0.000013,0,1,1,0,1,1
28725636,,0,0.001101,41,0.000013,0,1,1,0,1,1
28416770,,0,0.001101,41,0.000013,0,1,1,0,1,1
28125879,,0,0.001101,41,0.000013,0,1,1,0,1,1
27622044,,0,0.001101,41,0.000013,0,1,1,0,1,1
27609069,,0,0.001101,41,0.000013,0,1,1,0,1,1
27542596,,0,0.001101,41,0.000013,0,1,1,0,1,1
27136531,,0,0.001101,41,0.000013,0,1,1,0,1,1
27090655,,0,0.001101,41,0.000013,0,1,1,0,1,1
26969681,,0,0.001101,41,0.000013,0,1,1,0,1,1
26887977,,0,0.001101,41,0.000013,0,1,1,0,1,1
26886260,,0,0.001101,41,0.000013,0,1,1,0,1,1
26823993,,0,0.001101,41,0.000013,0,1,1,0,1,1
26823830,,0,0.001101,41,0.000013,0,1,1,0,1,1
26608184,,0,0.001101,41,0.000013,0,1,1,0,1,1
26503707,,0,0.001101,41,0.000013,0,1,1,0,1,1
26375811,,0,0.001101,41,0.000013,0,1,1,0,1,1
26356564,,0,0.001101,41,0.000013,0,1,1,0,1,1
26348314,,0,0.001101,41,0.000013,0,1,1,0,1,1
25886033,,0,0.001101,41,0.000013,0,1,1,0,1,1
25810458,,0,0.001101,41,0.000013,0,1,1,0,1,1
25590811,,0,0.001101,41,0.000013,0,1,1,0,1,1
25343454,,0,0.001101,41,0.000013,0,1,1,0,1,1
25114896,,0,0.001101,41,0.000013,0,1,1,0,1,1
24594074,,0,0.001101,41,0.000013,0,1,1,0,1,1
24583822,,0,0.001101,41,0.000013,0,1,1,0,1,1
24224123,,0,0.001101,41,0.000013,0,1,1,0,1,1
24156355,,0,0.001101,41,0.000013,0,1,1,0,1,1
23986272,,0,0.001101,41,0.000013,0,1,1,0,1,1
25641872,,0,0.000001,2,0.000013,0,2,2,0,2,2
30167090,,0,0.000054,32,0.000013,0,1,1,0,1,1
29214031,,0,0.002065,51,0.000013,0,9,9,0,9,9
27484730,,0,0.000054,32,0.000013,0,1,1,0,1,1
25535693,,0,0.00009,32,0.000013,0,2,2,0,2,2
24556618,,0,0.000054,32,0.000013,0,1,1,0,1,1
24019948,,0,0.000054,32,0.000013,0,1,1,0,1,1
23602933,,0,0.000054,32,0.000013,0,1,1,0,1,1
29187845,,0,0.000102,8,0.000013,0,3,3,0,3,3
26644450,,0,0.000102,8,0.000013,0,2,2,0,2,2
28766208,,0,0.000004,5,0.000013,0,2,2,0,2,2
28058563,,0,0.000002,0,0.000013,0,1,1,0,1,1
27650678,,0,0.000004,5,0.000013,0,2,2,0,2,2
26734565,,0,0.000002,0,0.000013,0,1,1,0,1,1
26178712,,0,0.000002,0,0.000013,0,1,1,0,1,1
25666939,,0,0.000002,0,0.000013,0,1,1,0,1,1
25435968,,0,0.000013,0,0.000013,0,2,2,0,2,2
27087654,,0,0.000001,19,0.000013,0,2,2,0,2,2
24761219,,0,0.000001,19,0.000013,0,1,1,0,1,1
28002555,,0,0.000003,5,0.000013,0,2,2,0,2,2
26853494,,0,0,2,0.000013,0,1,1,0,1,1
26126266,,0,0,2,0.000013,0,1,1,0,1,1
29544444,,0,0.000004,2,0.000013,0,2,2,0,2,2
29982100,,0,0.000005,0,0.000013,0,1,1,0,1,1
28356932,,0,0.000005,0,0.000013,0,1,1,0,1,1
25157366,,0,0.000005,0,0.000013,0,1,1,0,1,1
30344950,,0,0.000001,44,0.000013,0,1,1,0,1,1
26842935,,0,0.000001,44,0.000013,0,1,1,0,1,1
24338482,,0,0.000001,44,0.000013,0,1,1,0,1,1
23888838,,0,0.000001,44,0.000013,0,1,1,0,1,1
26221207,,0.000499,0.000037,35,0.000067,6,1,7,6,1,7
26085926,,0,0.000037,41,0.000013,0,1,1,0,1,1
24427352,,0,0.000037,41,0.000013,0,1,1,0,1,1
27070141,,0,0.000001,0,0.000013,0,1,1,0,1,1
25627134,,0,0.000044,0,0.000013,0,2,2,0,2,2
24481062,,0,0.000001,0,0.000013,0,1,1,0,1,1
25685387,,0,0.000006,22,0.000013,0,3,3,0,3,3
25538933,,0,0.000006,19,0.000013,0,1,1,0,1,1
24672198,,0,0.000006,19,0.000013,0,1,1,0,1,1
29845882,,0,0.000068,32,0.000013,0,1,1,0,1,1
29483769,,0,0.000082,32,0.000013,0,2,2,0,2,2
29362479,,0,0.000068,32,0.000013,0,1,1,0,1,1
29320576,,0,0.000068,32,0.000013,0,1,1,0,1,1
29269744,,0,0.000068,32,0.000013,0,1,1,0,1,1
28983606,,0,0.000068,32,0.000013,0,1,1,0,1,1
28806493,,0,0.000068,32,0.000013,0,1,1,0,1,1
28770827,,0,0.000068,32,0.000013,0,1,1,0,1,1
28698869,,0,0.000068,32,0.000013,0,1,1,0,1,1
28686582,,0,0.000537,32,0.000013,0,3,3,0,3,3
28469468,,0,0.000068,32,0.000013,0,1,1,0,1,1
28279944,,0,0.000068,32,0.000013,0,1,1,0,1,1
28213892,,0,0.000439,51,0.000013,0,6,6,0,6,6
28202539,,0,0.00041,51,0.000013,0,4,4,0,4,4
28186131,,0,0.000068,32,0.000013,0,1,1,0,1,1
28146604,,0,0.000068,32,0.000013,0,2,2,0,2,2
28122037,,0,0.000319,32,0.000013,0,2,2,0,2,2
28058462,,0,0.000068,32,0.000013,0,1,1,0,1,1
28001384,,0,0.000068,32,0.000013,0,1,1,0,1,1
27923994,,0,0.000068,32,0.000013,0,1,1,0,1,1
27694308,,0,0.000068,32,0.000013,0,1,1,0,1,1
27659937,,0,0.00026,51,0.000013,0,2,2,0,2,2
27579892,,0,0.000068,32,0.000013,0,1,1,0,1,1
27412346,,0,0.000068,32,0.000013,0,1,1,0,1,1
27256882,,0,0.000068,32,0.000013,0,1,1,0,1,1
27190989,,0,0.000068,32,0.000013,0,1,1,0,1,1
27129153,,0,0.000068,32,0.000013,0,1,1,0,1,1
26996385,,0,0.000459,32,0.000013,0,3,3,0,3,3
26964508,,0,0.000068,32,0.000013,0,1,1,0,1,1
26933738,,0,0.000068,32,0.000013,0,1,1,0,1,1
26669448,,0,0.000068,32,0.000013,0,1,1,0,1,1
26438157,,0,0.000068,32,0.000013,0,1,1,0,1,1
26218895,,0,0.000068,32,0.000013,0,1,1,0,1,1
26183824,,0,0.000068,32,0.000013,0,1,1,0,1,1
26169874,,0,0.000068,32,0.000013,0,1,1,0,1,1
26118927,,0,0.000068,32,0.000013,0,1,1,0,1,1
26115122,,0,0.000068,32,0.000013,0,1,1,0,1,1
25963443,,0,0.000073,32,0.000013,0,2,2,0,2,2
25477519,,0,0.000068,32,0.000013,0,1,1,0,1,1
25329809,,0,0.000068,32,0.000013,0,1,1,0,1,1
25236395,,0,0.000068,32,0.000013,0,1,1,0,1,1
25069723,,0,0.000068,32,0.000013,0,1,1,0,1,1
24900770,,0,0.000068,32,0.000013,0,1,1,0,1,1
24842055,,0,0.000068,32,0.000013,0,1,1,0,1,1
24814482,,0,0.000068,32,0.000013,0,1,1,0,1,1
24444146,,0,0.000068,32,0.000013,0,1,1,0,1,1
24089324,,0,0.000068,32,0.000013,0,1,1,0,1,1
23894640,,0,0.000068,32,0.000013,0,1,1,0,1,1
26989348,,0,0.000005,5,0.000013,0,1,1,0,1,1
25341112,,0,0.000005,5,0.000013,0,1,1,0,1,1
23872790,,0.000641,0.000005,5,0.000027,6,1,7,6,1,7
24969172,,0,0.000046,0,0.000013,0,2,2,0,2,2
29749376,,0,0.000014,32,0.000013,0,2,2,0,2,2
23396107,,0.000556,0,32,0.000058,8,0,8,8,0,8
25594147,,0,0.000012,32,0.000013,0,1,1,0,1,1
24494026,,0,0.000012,32,0.000013,0,1,1,0,1,1
23397024,,0.000001,0,2,0.000018,1,0,1,1,0,1
29879995,,0,0.000072,2,0.000013,0,7,7,0,7,7
28678153,,0,0.000032,0,0.000013,0,1,1,0,1,1
28033443,,0.000098,0.000156,35,0.000029,9,3,12,9,3,12
27163930,,0,0.000032,0,0.000013,0,1,1,0,1,1
26157685,,0,0.000032,0,0.000013,0,1,1,0,1,1
26040235,,0,0.000032,0,0.000013,0,1,1,0,1,1
25990554,,0,0.000032,0,0.000013,0,1,1,0,1,1
25905921,,0,0.000032,0,0.000013,0,1,1,0,1,1
25436006,,0,0.000032,0,0.000013,0,1,1,0,1,1
28404916,,0,0,5,0.000013,0,1,1,0,1,1
26941473,,0,0,5,0.000013,0,1,1,0,1,1
25243117,,0,0,5,0.000013,0,1,1,0,1,1
26056359,,0,0,19,0.000013,0,1,1,0,1,1
30344925,,0,0.00018,41,0.000013,0,1,1,0,1,1
29527010,,0,0.001307,32,0.000013,0,4,4,0,4,4
29509546,,0,0.000438,51,0.000013,0,5,5,0,5,5
29426295,,0,0.00018,41,0.000013,0,1,1,0,1,1
29313488,,0,0.000196,32,0.000013,0,3,3,0,3,3
28325851,,0,0.00018,41,0.000013,0,1,1,0,1,1
28052650,,0,0.000416,41,0.000013,0,2,2,0,2,2
26396550,,0,0.00018,41,0.000013,0,1,1,0,1,1
30097381,,0,0,5,0.000013,0,1,1,0,1,1
26479564,,0,0,5,0.000013,0,1,1,0,1,1
26363536,,0,0,5,0.000013,0,1,1,0,1,1
26264439,,0,0,5,0.000013,0,1,1,0,1,1
26099287,,0,0,5,0.000013,0,1,1,0,1,1
25447460,,0,0.00001,23,0.000013,0,1,1,0,1,1
28454419,,0,0.000004,2,0.000013,0,1,1,0,1,1
28155638,,0,0.000004,2,0.000013,0,1,1,0,1,1
26066708,,0,0.000004,2,0.000013,0,1,1,0,1,1
30221151,,0,0,62,0.000013,0,1,1,0,1,1
23462719,,0,0,62,0.000078,6,0,6,6,0,6
29581979,,0,0,62,0.000013,0,1,1,0,1,1
27736797,,0,0,62,0.000013,0,1,1,0,1,1
27565077,,0,0,62,0.000013,0,1,1,0,1,1
26472970,,0,0,62,0.000013,0,1,1,0,1,1
23901018,,0,0,62,0.000013,0,1,1,0,1,1
27141523,,0,0.000013,5,0.000013,0,1,1,0,1,1
28717669,,0,0.000031,2,0.000018,1,3,4,1,3,4
25006670,,0.000006,0.000005,2,0.000038,4,2,6,4,2,6
27517750,,0,0.000014,8,0.000013,0,1,1,0,1,1
27023109,,0,0.000014,8,0.000013,0,1,1,0,1,1
25741641,,0,0.000016,8,0.000024,1,2,3,1,2,3
28514482,,0,0.000002,2,0.000013,0,2,2,0,2,2
27413551,,0,0,2,0.000013,0,1,1,0,1,1
26185742,,0,0,2,0.000013,0,1,1,0,1,1
25781993,,0,0,2,0.000013,0,1,1,0,1,1
30301885,,0,0.000046,41,0.000013,0,1,1,0,1,1
28416765,,0,0.000046,41,0.000013,0,1,1,0,1,1
27685995,,0,0.000046,41,0.000013,0,1,1,0,1,1
24427740,,0,0.000046,41,0.000013,0,1,1,0,1,1
29541197,,0,0.000013,19,0.000013,0,1,1,0,1,1
24989832,,0,0.000013,19,0.000013,0,1,1,0,1,1
24810687,,0,0.000013,19,0.000013,0,1,1,0,1,1
23596460,,0,0,2,0.000013,0,1,1,0,1,1
29923425,,0,0.000018,35,0.000013,0,1,1,0,1,1
29449787,,0,0.000018,35,0.000013,0,1,1,0,1,1
29392581,,0,0.000018,35,0.000013,0,1,1,0,1,1
29368626,,0,0.000765,5,0.000013,0,8,8,0,8,8
29096683,,0,0.000018,35,0.000013,0,1,1,0,1,1
28715532,,0.000209,0.000877,35,0.000071,13,4,17,13,4,17
28133604,,0,0.000018,35,0.000013,0,1,1,0,1,1
27982086,,0,0.000018,35,0.000013,0,1,1,0,1,1
27861147,,0,0.000018,35,0.000013,0,1,1,0,1,1
27158822,,0,0.000018,35,0.000013,0,1,1,0,1,1
27049755,,0,0.000018,35,0.000013,0,1,1,0,1,1
26471763,,0,0.000035,0,0.000013,0,2,2,0,2,2
26338199,,0,0.000018,35,0.000013,0,1,1,0,1,1
26258011,,0,0.000018,35,0.000013,0,1,1,0,1,1
26029931,,0,0.000018,35,0.000013,0,1,1,0,1,1
25867717,,0,0.000018,35,0.000013,0,1,1,0,1,1
25739118,,0,0.000018,35,0.000013,0,1,1,0,1,1
25638397,,0,0.000018,35,0.000013,0,1,1,0,1,1
25495193,,0,0.000018,35,0.000013,0,1,1,0,1,1
25321192,,0,0.000018,35,0.000013,0,1,1,0,1,1
24997994,,0,0.000018,35,0.000013,0,1,1,0,1,1
24675476,,0,0.000019,32,0.000013,0,2,2,0,2,2
24634415,,0,0.000018,35,0.000013,0,1,1,0,1,1
24599592,,0,0.000018,35,0.000013,0,1,1,0,1,1
24564637,,0,0.000018,35,0.000013,0,1,1,0,1,1
24410832,,0,0.000018,35,0.000013,0,1,1,0,1,1
24325915,,0.000759,0.000018,0,0.000353,48,1,49,48,1,49
24226295,,0,0.000018,35,0.000013,0,1,1,0,1,1
24015230,,0,0.000018,35,0.000013,0,1,1,0,1,1
26039550,,0,0.000015,41,0.000013,0,1,1,0,1,1
29069872,,0,0.000085,0,0.000013,0,1,1,0,1,1
28086829,,0,0.000085,0,0.000013,0,1,1,0,1,1
27279675,,0,0.00018,0,0.000013,0,3,3,0,3,3
27241552,,0,0.000238,0,0.000013,0,2,2,0,2,2
26620819,,0,0.000085,0,0.000013,0,1,1,0,1,1
26517685,,0,0.000089,22,0.000013,0,2,2,0,2,2
26358132,,0,0.000085,0,0.000013,0,1,1,0,1,1
26274499,,0,0.000085,0,0.000013,0,1,1,0,1,1
26158229,,0,0.000085,0,0.000013,0,1,1,0,1,1
25629224,,0,0.000085,0,0.000013,0,1,1,0,1,1
24876664,,0,0.000238,0,0.000013,0,2,2,0,2,2
23900074,,0,0.000238,0,0.000013,0,2,2,0,2,2
30054336,,0,0.000154,0,0.000013,0,1,1,0,1,1
29975732,,0,0.000154,0,0.000013,0,1,1,0,1,1
29855537,,0,0.000154,0,0.000013,0,1,1,0,1,1
29760383,,0,0.000154,0,0.000013,0,1,1,0,1,1
29576601,,0,0.000154,0,0.000013,0,1,1,0,1,1
28881617,,0,0.000246,0,0.000013,0,3,3,0,3,3
28757654,,0,0.000256,0,0.000013,0,4,4,0,4,4
28754146,,0,0.000154,0,0.000013,0,1,1,0,1,1
28633381,,0,0.000154,0,0.000013,0,1,1,0,1,1
28505207,,0,0.000154,0,0.000013,0,1,1,0,1,1
28446772,,0,0.000154,0,0.000013,0,1,1,0,1,1
28408616,,0,0.000154,0,0.000013,0,1,1,0,1,1
28362817,,0,0.000197,0,0.000013,0,3,3,0,3,3
28352326,,0,0.000154,0,0.000013,0,1,1,0,1,1
28103614,,0,0.000931,41,0.000013,0,2,2,0,2,2
28098224,,0,0.000154,0,0.000013,0,1,1,0,1,1
27190995,,0,0.000186,2,0.000013,0,3,3,0,3,3
26744449,,0,0.001146,0,0.000013,0,4,4,0,4,4
26085849,,0,0.000154,0,0.000013,0,1,1,0,1,1
25592567,,0,0.000154,0,0.000013,0,1,1,0,1,1
25575444,,0,0.000154,0,0.000013,0,1,1,0,1,1
25528498,,0,0.000154,0,0.000013,0,1,1,0,1,1
25487306,,0,0.000154,0,0.000013,0,1,1,0,1,1
24449885,,0,0.000154,0,0.000013,0,1,1,0,1,1
24339742,,0,0.000154,0,0.000013,0,1,1,0,1,1
23535732,,0,0.000154,0,0.000013,0,1,1,0,1,1
30265735,,0,0.000136,32,0.000013,0,1,1,0,1,1
30108746,,0,0.000137,31,0.000013,0,2,2,0,2,2
30010936,,0,0.000167,51,0.000013,0,2,2,0,2,2
28157626,,0,0.000136,32,0.000013,0,1,1,0,1,1
27958275,,0,0.000136,32,0.000013,0,1,1,0,1,1
27472395,,0,0.000136,32,0.000013,0,1,1,0,1,1
26748709,,0,0.000136,32,0.000013,0,1,1,0,1,1
26438152,,0,0.000136,32,0.000013,0,1,1,0,1,1
26295265,,0,0.000139,32,0.000013,0,2,2,0,2,2
25487737,,0,0.000136,32,0.000013,0,1,1,0,1,1
25483091,,0,0.000159,32,0.000013,0,2,2,0,2,2
25459351,,0,0.000136,32,0.000013,0,1,1,0,1,1
25269479,,0,0.000136,32,0.000013,0,1,1,0,1,1
25003641,,0,0.000136,32,0.000013,0,1,1,0,1,1
24179152,,0,0.000136,32,0.000013,0,1,1,0,1,1
27174913,,0,0.00003,0,0.000013,0,1,1,0,1,1
26840297,,0,0.00003,0,0.000013,0,1,1,0,1,1
29503809,,0,0.000354,51,0.000013,0,5,5,0,5,5
29088757,,0,0.000046,51,0.000013,0,1,1,0,1,1
28415632,,0,0.000264,51,0.000013,0,2,2,0,2,2
26020242,,0,0.000046,51,0.000013,0,1,1,0,1,1
24515272,,0,0.000046,51,0.000013,0,1,1,0,1,1
24052614,,0,0.000046,51,0.000013,0,1,1,0,1,1
23937791,,0,0.000046,51,0.000013,0,1,1,0,1,1
30155352,,0,0.000065,51,0.000013,0,1,1,0,1,1
30079300,,0,0.000067,51,0.000013,0,3,3,0,3,3
29805764,,0,0.000111,51,0.000013,0,2,2,0,2,2
29710070,,0,0.000073,51,0.000013,0,2,2,0,2,2
29594018,,0,0.000097,51,0.000013,0,5,5,0,5,5
29293957,,0,0.000065,51,0.000013,0,1,1,0,1,1
29206214,,0,0.000117,51,0.000013,0,3,3,0,3,3
29163793,,0,0.000294,51,0.000013,0,4,4,0,4,4
28657667,,0,0.000358,51,0.000013,0,8,8,0,8,8
28419178,,0,0.000329,51,0.000013,0,3,3,0,3,3
28067867,,0.000132,0.000287,51,0.000069,13,3,16,13,3,16
27986209,,0,0.000065,51,0.000013,0,1,1,0,1,1
27601051,,0,0.000065,51,0.000013,0,1,1,0,1,1
27072044,,0,0.000296,51,0.000013,0,3,3,0,3,3
27052111,,0,0.000065,51,0.000013,0,1,1,0,1,1
26084801,,0,0.000065,51,0.000013,0,1,1,0,1,1
25606575,,0,0.000065,51,0.000013,0,1,1,0,1,1
25281467,,0,0.000065,51,0.000013,0,1,1,0,1,1
24550697,,0,0.000065,51,0.000013,0,1,1,0,1,1
25880006,,0,0.000001,0,0.000013,0,1,1,0,1,1
24182612,,0,0.000001,0,0.000013,0,1,1,0,1,1
23584710,,0,0,2,0.000016,1,0,1,1,0,1
29693319,,0,0.000072,29,0.000013,0,2,2,0,2,2
28811863,,0,0.000003,29,0.000013,0,1,1,0,1,1
28740723,,0,0.000003,29,0.000013,0,1,1,0,1,1
27215579,,0,0.000003,29,0.000013,0,1,1,0,1,1
25447737,,0,0.000003,29,0.000013,0,1,1,0,1,1
29962060,,0,0.000016,10,0.000013,0,3,3,0,3,3
29308099,,0,0.000111,5,0.000013,0,6,6,0,6,6
27892674,,0,0.000006,10,0.000013,0,1,1,0,1,1
27366307,,0,0.000007,10,0.000013,0,3,3,0,3,3
27267999,,0,0.000006,10,0.000013,0,1,1,0,1,1
25636482,,0,0.000006,10,0.000013,0,1,1,0,1,1
26825917,,0,0.000001,35,0.000013,0,1,1,0,1,1
29088791,,0,0,32,0.000013,0,1,1,0,1,1
27127883,,0,0.000002,32,0.000013,0,2,2,0,2,2
26934445,,0,0,32,0.000013,0,1,1,0,1,1
26208303,,0,0,32,0.000013,0,1,1,0,1,1
26115765,,0,0,32,0.000013,0,1,1,0,1,1
26045983,,0,0,32,0.000013,0,1,1,0,1,1
24817012,,0,0,32,0.000013,0,1,1,0,1,1
27484306,,0,0.000021,22,0.000013,0,1,1,0,1,1
26992325,,0,0.000021,22,0.000013,0,1,1,0,1,1
24958819,,0,0.000021,22,0.000013,0,1,1,0,1,1
29497607,,0,0.000002,5,0.000013,0,1,1,0,1,1
29130150,,0,0.000002,5,0.000013,0,1,1,0,1,1
26140447,,0,0.000002,5,0.000013,0,1,1,0,1,1
25484922,,0,0.000002,5,0.000013,0,1,1,0,1,1
25229012,,0.000001,0.000002,5,0.000071,6,1,7,6,1,7
25166427,,0,0.000002,5,0.000013,0,1,1,0,1,1
24797610,,0,0.000002,5,0.000013,0,1,1,0,1,1
24498615,,0,0.000002,5,0.000013,0,1,1,0,1,1
24498603,,0,0.000002,5,0.000013,0,1,1,0,1,1
23986542,,0,0.000002,5,0.000013,0,1,1,0,1,1
23876409,,0,0.000002,5,0.000013,0,1,1,0,1,1
23472754,,0,0.000002,5,0.000013,0,1,1,0,1,1
29193904,,0,0,11,0.000013,0,1,1,0,1,1
28403078,,0,0,11,0.000013,0,1,1,0,1,1
28003020,,0,0,11,0.000013,0,1,1,0,1,1
27084730,,0,0,11,0.000013,0,1,1,0,1,1
25155611,,0,0,11,0.000013,0,1,1,0,1,1
24416387,,0,0,11,0.000013,0,1,1,0,1,1
24332453,,0,0,11,0.000013,0,1,1,0,1,1
29732356,,0,0.000032,23,0.000013,0,1,1,0,1,1
29506128,,0,0.001,23,0.000013,0,8,8,0,8,8
29463243,,0,0.000032,23,0.000013,0,1,1,0,1,1
26862486,,0,0.000032,23,0.000013,0,1,1,0,1,1
24987871,,0,0.000032,23,0.000013,0,1,1,0,1,1
23663450,,0.000019,0,22,0.000122,12,0,12,12,0,12
29928473,,0,0,22,0.000013,0,1,1,0,1,1
28976792,,0,0.000017,22,0.000013,0,2,2,0,2,2
28356849,,0,0,22,0.000013,0,1,1,0,1,1
28094268,,0,0,22,0.000013,0,1,1,0,1,1
27455247,,0,0,22,0.000013,0,1,1,0,1,1
26045837,,0,0,22,0.000013,0,1,1,0,1,1
25973104,,0,0,22,0.000013,0,1,1,0,1,1
25314918,,0,0,22,0.000013,0,1,1,0,1,1
25013509,,0,0,22,0.000013,0,1,1,0,1,1
24819391,,0,0,22,0.000013,0,1,1,0,1,1
29301503,,0,0,2,0.000013,0,1,1,0,1,1
28900322,,0,0,2,0.000013,0,1,1,0,1,1
25001491,,0,0.000004,2,0.000013,0,1,1,0,1,1
28439082,,0,0.00004,0,0.000013,0,1,1,0,1,1
27708239,,0.000001,0.000163,0,0.00004,3,2,5,3,2,5
25101291,,0,0.000042,0,0.000013,0,2,2,0,2,2
29244822,,0,0.000001,0,0.000013,0,1,1,0,1,1
27623235,,0,0.000001,0,0.000013,0,1,1,0,1,1
25565886,,0,0.000001,0,0.000013,0,1,1,0,1,1
29049198,,0,0,1,0.000013,0,1,1,0,1,1
28867356,,0,0,1,0.000013,0,1,1,0,1,1
25493573,,0,0,1,0.000013,0,1,1,0,1,1
27903916,,0,0.000047,41,0.000013,0,1,1,0,1,1
27127206,,0,0.00007,41,0.000013,0,2,2,0,2,2
29795234,,0,0.00024,32,0.000013,0,3,3,0,3,3
25764970,,0,0.000102,32,0.000013,0,1,1,0,1,1
27867298,,0,0.000009,5,0.000013,0,3,3,0,3,3
24848074,,0,0.000011,2,0.000013,0,1,1,0,1,1
30126830,,0,0,10,0.000013,0,1,1,0,1,1
29703883,,0,0,10,0.000013,0,1,1,0,1,1
29616133,,0,0,22,0.000013,0,2,2,0,2,2
28067243,,0,0,10,0.000013,0,1,1,0,1,1
27894089,,0,0,10,0.000013,0,1,1,0,1,1
27303433,,0,0,10,0.000013,0,1,1,0,1,1
26988755,,0,0,10,0.000013,0,1,1,0,1,1
26886624,,0,0,10,0.000013,0,1,1,0,1,1
26417333,,0,0,10,0.000013,0,1,1,0,1,1
26397943,,0,0,10,0.000013,0,1,1,0,1,1
25765234,,0,0,10,0.000013,0,1,1,0,1,1
25493225,,0,0,10,0.000013,0,1,1,0,1,1
24893568,,0,0,10,0.000013,0,1,1,0,1,1
24619131,,0,0,10,0.000013,0,1,1,0,1,1
24586594,,0,0,10,0.000013,0,1,1,0,1,1
24814985,,0,0,15,0.000013,0,1,1,0,1,1
27884911,,0,0.000001,35,0.000013,0,1,1,0,1,1
30353005,,0,0,29,0.000013,0,1,1,0,1,1
30254198,,0,0,29,0.000013,0,1,1,0,1,1
29795293,,0,0,29,0.000013,0,1,1,0,1,1
29694896,,0,0,29,0.000013,0,1,1,0,1,1
29187227,,0,0,29,0.000013,0,1,1,0,1,1
28423605,,0,0,29,0.000013,0,1,1,0,1,1
28360138,,0,0,29,0.000013,0,1,1,0,1,1
27833901,,0,0,29,0.000013,0,1,1,0,1,1
27671678,,0,0,29,0.000013,0,1,1,0,1,1
27107568,,0,0,29,0.000013,0,1,1,0,1,1
26941287,,0,0,29,0.000013,0,1,1,0,1,1
26907685,,0,0,29,0.000013,0,1,1,0,1,1
26735014,,0,0,29,0.000013,0,1,1,0,1,1
26564780,,0,0,29,0.000013,0,1,1,0,1,1
26311223,,0,0.000129,29,0.000013,0,3,3,0,3,3
26193872,,0,0,29,0.000013,0,1,1,0,1,1
26188694,,0,0,29,0.000013,0,1,1,0,1,1
26045975,,0,0,29,0.000013,0,1,1,0,1,1
25959817,,0,0,29,0.000013,0,1,1,0,1,1
25818813,,0,0,29,0.000013,0,1,1,0,1,1
25619437,,0,0,29,0.000013,0,1,1,0,1,1
25274491,,0,0,29,0.000013,0,1,1,0,1,1
24910432,,0,0,29,0.000013,0,1,1,0,1,1
24820413,,0,0,29,0.000013,0,1,1,0,1,1
24060354,,0,0,29,0.000013,0,1,1,0,1,1
30214571,,0,0,27,0.000013,0,1,1,0,1,1
28789435,,0,0,27,0.000013,0,1,1,0,1,1
26798434,,0,0.000001,27,0.000013,0,2,2,0,2,2
26314797,,0,0,27,0.000013,0,1,1,0,1,1
25493373,,0,0,27,0.000013,0,1,1,0,1,1
25173582,,0,0,27,0.000013,0,1,1,0,1,1
25152585,,0,0,27,0.000013,0,1,1,0,1,1
25084000,,0,0,27,0.000013,0,1,1,0,1,1
29276372,,0,0,14,0.000013,0,1,1,0,1,1
29216920,,0,0,14,0.000013,0,1,1,0,1,1
28174632,,0,0.000089,14,0.000013,0,4,4,0,4,4
27931260,,0,0,14,0.000013,0,1,1,0,1,1
23922232,,0,0,14,0.000013,0,1,1,0,1,1
28718431,,0,0.000045,35,0.000013,0,3,3,0,3,3
30184167,,0,0.000001,32,0.000013,0,1,1,0,1,1
23782415,,0.000029,0,32,0.000242,20,0,20,20,0,20
29909366,,0,0.000001,32,0.000013,0,1,1,0,1,1
29889582,,0,0.000001,32,0.000013,0,1,1,0,1,1
29284393,,0,0.000001,32,0.000013,0,1,1,0,1,1
28475322,,0,0.000001,32,0.000013,0,1,1,0,1,1
28447610,,0,0.000001,32,0.000013,0,1,1,0,1,1
28388353,,0,0.000001,32,0.000013,0,1,1,0,1,1
28150040,,0,0.000001,32,0.000013,0,1,1,0,1,1
27899628,,0,0.000001,32,0.000013,0,1,1,0,1,1
27511133,,0,0.000001,32,0.000013,0,1,1,0,1,1
26300569,,0,0.000001,32,0.000013,0,1,1,0,1,1
25504651,,0,0.000001,32,0.000013,0,1,1,0,1,1
25421962,,0,0.000001,32,0.000013,0,1,1,0,1,1
25378342,,0,0.000001,32,0.000013,0,1,1,0,1,1
24939896,,0,0.000001,32,0.000013,0,1,1,0,1,1
24865610,,0,0.000001,32,0.000013,0,1,1,0,1,1
24697838,,0,0.000001,32,0.000046,3,1,4,3,1,4
24464582,,0,0.000001,32,0.000013,0,1,1,0,1,1
28713997,,0,0,51,0.000013,0,1,1,0,1,1
26599280,,0,0,51,0.000013,0,1,1,0,1,1
25672464,,0,0,51,0.000013,0,1,1,0,1,1
28967881,,0,0.000024,41,0.000013,0,1,1,0,1,1
25416942,,0,0.000024,41,0.000013,0,1,1,0,1,1
29489476,,0,0,5,0.000013,0,1,1,0,1,1
26086547,,0,0,5,0.000013,0,1,1,0,1,1
26517870,,0.000013,0.000002,0,0.00004,4,1,5,4,1,5
25371703,,0,0.000002,0,0.000013,0,1,1,0,1,1
23813303,,0.000004,0,32,0.000108,10,0,10,10,0,10
28045912,,0,0,32,0.000013,0,1,1,0,1,1
27840965,,0,0,32,0.000013,0,1,1,0,1,1
27145456,,0,0,32,0.000013,0,1,1,0,1,1
26877236,,0,0,32,0.000013,0,1,1,0,1,1
25904215,,0,0,32,0.000013,0,1,1,0,1,1
25811972,,0,0,32,0.000013,0,1,1,0,1,1
25301732,,0,0,32,0.000013,0,1,1,0,1,1
25013432,,0,0,32,0.000013,0,1,1,0,1,1
28952070,,0,0.000001,5,0.000013,0,2,2,0,2,2
26793775,,0,0.000001,5,0.000013,0,1,1,0,1,1
25045589,,0,0,17,0.000013,0,1,1,0,1,1
29956808,,0,0.000006,8,0.000013,0,1,1,0,1,1
29535829,,0,0.000171,8,0.000013,0,2,2,0,2,2
29437554,,0,0.000006,8,0.000013,0,1,1,0,1,1
29429960,,0,0.000006,8,0.000013,0,1,1,0,1,1
29296788,,0,0.000006,8,0.000013,0,1,1,0,1,1
29115896,,0,0.000006,8,0.000013,0,1,1,0,1,1
28989535,,0,0.000006,8,0.000013,0,1,1,0,1,1
28673390,,0,0.000006,8,0.000013,0,1,1,0,1,1
27793879,,0,0.000006,8,0.000013,0,1,1,0,1,1
27630126,,0,0.000006,8,0.000013,0,1,1,0,1,1
27485291,,0,0.000006,8,0.000013,0,1,1,0,1,1
27391342,,0,0.000006,8,0.000013,0,1,1,0,1,1
27281222,,0,0.000006,8,0.000013,0,1,1,0,1,1
27048866,,0,0.000006,8,0.000013,0,1,1,0,1,1
26540568,,0,0.000006,8,0.000013,0,1,1,0,1,1
26136341,,0,0.000006,8,0.000013,0,1,1,0,1,1
25828893,,0,0.000006,8,0.000013,0,1,1,0,1,1
25573989,,0,0.000006,8,0.000013,0,1,1,0,1,1
27917508,,0,0.000002,0,0.000013,0,1,1,0,1,1
26809251,,0,0.000002,0,0.000013,0,1,1,0,1,1
28031533,,0,0,63,0.000013,0,1,1,0,1,1
23849371,,0,0,63,0.000035,2,0,2,2,0,2
24936516,,0,0,63,0.000013,0,1,1,0,1,1
29503660,,0,0.000001,0,0.000013,0,1,1,0,1,1
29286222,,0,0,33,0.000013,0,1,1,0,1,1
28863181,,0,0,33,0.000013,0,1,1,0,1,1
26300657,,0,0.000001,1,0.000013,0,2,2,0,2,2
29398928,,0,0,2,0.000013,0,1,1,0,1,1
28944231,,0,0,2,0.000013,0,1,1,0,1,1
24948968,,0,0,2,0.000013,0,1,1,0,1,1
27496122,,0.000004,0.00003,5,0.000014,1,5,6,1,5,6
26661631,,0,0.000002,5,0.000013,0,1,1,0,1,1
30129502,,0,0.000004,5,0.000013,0,1,1,0,1,1
28627138,,0.000026,0.000047,5,0.000019,2,8,10,2,8,10
28113005,,0,0.000004,5,0.000013,0,1,1,0,1,1
27524781,,0,0.000004,5,0.000013,0,1,1,0,1,1
27052590,,0,0.000004,5,0.000013,0,1,1,0,1,1
26771559,,0,0.000004,5,0.000013,0,1,1,0,1,1
25622081,,0,0.000004,5,0.000013,0,1,1,0,1,1
25293970,,0,0.000004,5,0.000013,0,1,1,0,1,1
24609845,,0,0.000004,5,0.000013,0,1,1,0,1,1
24150907,,0,0.000004,5,0.000013,0,1,1,0,1,1
24105362,,0,0.000004,5,0.000013,0,1,1,0,1,1
29757876,,0,0.000029,51,0.000013,0,1,1,0,1,1
29163536,,0,0.000029,51,0.000013,0,1,1,0,1,1
29163180,,0,0.000029,51,0.000013,0,1,1,0,1,1
28632196,,0,0.000029,51,0.000013,0,1,1,0,1,1
30231883,,0,0.000001,5,0.000013,0,1,1,0,1,1
23880155,,0.000038,0,5,0.000079,7,0,7,7,0,7
29866062,,0,0.000001,5,0.000013,0,1,1,0,1,1
29678902,,0,0.000001,5,0.000013,0,1,1,0,1,1
29515683,,0,0.000001,5,0.000013,0,1,1,0,1,1
28295287,,0,0.000001,5,0.000013,0,1,1,0,1,1
25198723,,0,0.000001,5,0.000013,0,1,1,0,1,1
24589584,,0,0.000022,41,0.000013,0,1,1,0,1,1
29774312,,0,0.000011,2,0.000013,0,2,2,0,2,2
26378809,,0,0.000033,0,0.000013,0,2,2,0,2,2
25939896,,0,0.000068,0,0.000013,0,2,2,0,2,2
25445174,,0,0.000017,0,0.000013,0,2,2,0,2,2
25197413,,0,0.00001,0,0.000013,0,1,1,0,1,1
24665452,,0,0.00001,0,0.000013,0,1,1,0,1,1
24648767,,0,0.00001,0,0.000013,0,1,1,0,1,1
29885360,,0,0.000004,8,0.000013,0,1,1,0,1,1
29523234,,0,0.000004,8,0.000013,0,1,1,0,1,1
27131385,,0,0.000014,8,0.000013,0,2,2,0,2,2
26888970,,0,0.000004,8,0.000013,0,1,1,0,1,1
28713672,,0,0,5,0.000013,0,1,1,0,1,1
29950180,,0,0,8,0.000013,0,2,2,0,2,2
23940574,,0,0,8,0.00004,3,0,3,3,0,3
29373959,,0,0,8,0.000013,0,1,1,0,1,1
28916831,,0,0,8,0.000013,0,1,1,0,1,1
28658281,,0,0.000004,22,0.000013,0,1,1,0,1,1
28498465,,0,0.000004,22,0.000013,0,1,1,0,1,1
28422718,,0,0.000004,22,0.000013,0,1,1,0,1,1
28249565,,0,0.000057,22,0.000013,0,2,2,0,2,2
28000698,,0,0.000004,22,0.000013,0,1,1,0,1,1
27980425,,0,0.000019,22,0.000013,0,2,2,0,2,2
27725223,,0,0.000004,22,0.000013,0,1,1,0,1,1
27706244,,0,0.000004,22,0.000013,0,1,1,0,1,1
27082122,,0,0.000004,22,0.000013,0,1,1,0,1,1
27054081,,0,0.000004,22,0.000013,0,1,1,0,1,1
27034166,,0,0.000004,22,0.000013,0,1,1,0,1,1
27004399,,0,0.000004,22,0.000013,0,1,1,0,1,1
25579085,,0,0.000004,22,0.000013,0,1,1,0,1,1
24910641,,0,0.000004,22,0.000013,0,1,1,0,1,1
29142473,,0,0,0,0.000013,0,1,1,0,1,1
27208086,,0,0,0,0.000013,0,1,1,0,1,1
25534755,,0,0,0,0.000013,0,1,1,0,1,1
25488688,,0,0,0,0.000013,0,1,1,0,1,1
27280636,,0,0,33,0.000013,0,1,1,0,1,1
27233495,,0,0.000002,23,0.000013,0,1,1,0,1,1
29387409,,0,0.000002,19,0.000013,0,1,1,0,1,1
28818245,,0,0.000002,19,0.000013,0,1,1,0,1,1
27234217,,0,0.000002,19,0.000013,0,1,1,0,1,1
24004841,,0.000012,0,32,0.000043,4,0,4,4,0,4
29928319,,0,0,32,0.000013,0,1,1,0,1,1
29061935,,0,0,32,0.000013,0,1,1,0,1,1
29695428,,0,0.00002,8,0.000013,0,1,1,0,1,1
29580221,,0,0.00002,8,0.000013,0,1,1,0,1,1
27852860,,0,0.00002,8,0.000013,0,1,1,0,1,1
26402707,,0,0.00002,8,0.000013,0,1,1,0,1,1
25173789,,0,0.00002,8,0.000013,0,1,1,0,1,1
25136634,,0,0.00002,8,0.000013,0,1,1,0,1,1
24530809,,0,0.00002,8,0.000013,0,1,1,0,1,1
30086550,,0,0.000007,2,0.000013,0,2,2,0,2,2
28258353,,0,0.000003,2,0.000013,0,2,2,0,2,2
24853559,,0,0,64,0.000013,0,1,1,0,1,1
24025256,,0,0,64,0.000024,1,0,1,1,0,1
29952992,,0,0,0,0.000013,0,1,1,0,1,1
27733989,,0,0.000052,0,0.000013,0,2,2,0,2,2
30044695,,0,0.000002,5,0.000013,0,1,1,0,1,1
30019305,,0,0.000002,5,0.000013,0,1,1,0,1,1
29456470,,0,0.000002,5,0.000013,0,1,1,0,1,1
29334910,,0,0.000002,5,0.000013,0,1,1,0,1,1
29064917,,0,0.000002,5,0.000013,0,1,1,0,1,1
28985858,,0,0.000002,5,0.000013,0,1,1,0,1,1
28810062,,0,0.000002,5,0.000013,0,1,1,0,1,1
28355431,,0,0.000007,5,0.000013,0,2,2,0,2,2
28143474,,0,0.000002,5,0.000013,0,1,1,0,1,1
27943007,,0,0.000002,5,0.000013,0,1,1,0,1,1
27783164,,0,0.000002,5,0.000013,0,1,1,0,1,1
27611617,,0,0.000002,5,0.000013,0,1,1,0,1,1
27465657,,0,0.000002,5,0.000013,0,1,1,0,1,1
26606424,,0,0.000002,5,0.000013,0,1,1,0,1,1
26410475,,0,0.00001,5,0.000013,0,2,2,0,2,2
26017588,,0,0.000002,5,0.000013,0,1,1,0,1,1
25957740,,0,0.000002,5,0.000013,0,1,1,0,1,1
25930247,,0,0.000002,5,0.000013,0,1,1,0,1,1
25719688,,0,0.000002,5,0.000013,0,1,1,0,1,1
25678823,,0,0.000002,5,0.000051,4,1,5,4,1,5
25532824,,0,0.000002,5,0.000013,0,1,1,0,1,1
24934585,,0,0.000002,5,0.000013,0,1,1,0,1,1
24848646,,0,0.000002,5,0.000013,0,1,1,0,1,1
30154899,,0,0,5,0.000013,0,1,1,0,1,1
29050326,,0,0,2,0.000013,0,1,1,0,1,1
29020948,,0,0,2,0.000013,0,1,1,0,1,1
28963373,,0,0,2,0.000013,0,1,1,0,1,1
28944870,,0,0,2,0.000013,0,1,1,0,1,1
28636993,,0,0,2,0.000013,0,1,1,0,1,1
27769064,,0,0,2,0.000013,0,1,1,0,1,1
26251618,,0,0,2,0.000013,0,1,1,0,1,1
26161041,,0,0,2,0.000013,0,1,1,0,1,1
25974148,,0,0,2,0.000013,0,1,1,0,1,1
28289900,,0,0,23,0.000013,0,1,1,0,1,1
24084722,,0.000011,0,23,0.00016,15,0,15,15,0,15
27672269,,0,0,23,0.000013,0,1,1,0,1,1
27555786,,0,0,23,0.000013,0,1,1,0,1,1
27512661,,0,0,23,0.000013,0,1,1,0,1,1
27275478,,0,0.000147,23,0.000013,0,2,2,0,2,2
27182156,,0,0,23,0.000013,0,1,1,0,1,1
26681957,,0,0.000147,23,0.000013,0,2,2,0,2,2
26259238,,0,0,23,0.000013,0,1,1,0,1,1
26219286,,0,0,23,0.000013,0,1,1,0,1,1
25914461,,0,0,23,0.000013,0,1,1,0,1,1
25356037,,0,0,23,0.000013,0,1,1,0,1,1
25309069,,0,0,23,0.000013,0,1,1,0,1,1
25265995,,0,0,23,0.000013,0,1,1,0,1,1
24818166,,0,0,23,0.000013,0,1,1,0,1,1
30224826,,0,0.000165,32,0.000013,0,1,1,0,1,1
29789392,,0,0.000253,8,0.000013,0,2,2,0,2,2
28893315,,0,0.000165,32,0.000013,0,1,1,0,1,1
28603778,,0,0.000165,32,0.000013,0,1,1,0,1,1
28383660,,0,0.000383,32,0.000013,0,2,2,0,2,2
28322442,,0,0.000165,32,0.000013,0,1,1,0,1,1
28245581,,0,0.000165,32,0.000013,0,1,1,0,1,1
27708213,,0,0.000279,32,0.000013,0,2,2,0,2,2
26334999,,0,0.000165,32,0.000013,0,1,1,0,1,1
30234015,,0,0.000052,32,0.000013,0,1,1,0,1,1
30159416,,0,0.000052,32,0.000013,0,1,1,0,1,1
30140157,,0,0.000052,32,0.000013,0,1,1,0,1,1
29164055,,0,0.000052,32,0.000013,0,1,1,0,1,1
27973455,,0,0.000052,32,0.000013,0,1,1,0,1,1
27886180,,0,0.000052,32,0.000013,0,1,1,0,1,1
27559850,,0,0.000052,32,0.000013,0,1,1,0,1,1
27409165,,0,0.000052,32,0.000013,0,1,1,0,1,1
25987950,,0,0.000166,32,0.000013,0,2,2,0,2,2
25302173,,0,0.000052,32,0.000013,0,1,1,0,1,1
25141103,,0,0.000107,32,0.000013,0,2,2,0,2,2
25101302,,0,0.000052,32,0.000013,0,1,1,0,1,1
24762395,,0,0.000052,32,0.000013,0,1,1,0,1,1
28768872,,0,0.000044,32,0.000013,0,2,2,0,2,2
28751440,,0,0.000066,32,0.000013,0,2,2,0,2,2
27412393,,0,0.000044,32,0.000013,0,1,1,0,1,1
27245465,,0,0.000392,32,0.000013,0,2,2,0,2,2
25525394,,0,0.000044,32,0.000013,0,1,1,0,1,1
25045438,,0,0.000044,32,0.000013,0,1,1,0,1,1
24876881,,0,0.000044,32,0.000013,0,1,1,0,1,1
30323900,,0,0,0,0.000013,0,1,1,0,1,1
28117528,,0,0,0,0.000013,0,1,1,0,1,1
26484152,,0.000006,0,0,0.000047,4,1,5,4,1,5
25858286,,0,0,0,0.000013,0,1,1,0,1,1
25609791,,0,0,0,0.000013,0,1,1,0,1,1
25393370,,0,0,0,0.000013,0,1,1,0,1,1
24678505,,0,0,0,0.000013,0,1,1,0,1,1
30250617,,0,0.000208,41,0.000013,0,1,1,0,1,1
30121075,,0,0.000208,41,0.000013,0,1,1,0,1,1
29281053,,0,0.000296,5,0.000013,0,3,3,0,3,3
27941884,,0,0.000367,41,0.000013,0,3,3,0,3,3
27775699,,0,0.000208,41,0.000013,0,1,1,0,1,1
27538791,,0,0.000985,41,0.000013,0,2,2,0,2,2
27379403,,0,0.000985,41,0.000013,0,2,2,0,2,2
26633537,,0,0.000985,41,0.000013,0,2,2,0,2,2
26150249,,0,0.000208,41,0.000013,0,1,1,0,1,1
24527040,,0,0.000208,41,0.000013,0,1,1,0,1,1
24136669,,0.00003,0,19,0.000039,3,0,3,3,0,3
25554385,,0,0.000001,19,0.000013,0,1,1,0,1,1
26025378,,0,0.000044,17,0.000013,0,1,1,0,1,1
28024868,,0,0.000209,8,0.000013,0,4,4,0,4,4
27991561,,0,0.000027,8,0.000013,0,2,2,0,2,2
26015400,,0,0.000189,29,0.000013,0,7,7,0,7,7
28542477,,0,0,1,0.000013,0,1,1,0,1,1
28107196,,0,0,1,0.000013,0,1,1,0,1,1
26965049,,0,0,1,0.000013,0,1,1,0,1,1
26540407,,0,0,1,0.000013,0,1,1,0,1,1
26379910,,0,0,1,0.000013,0,1,1,0,1,1
25971663,,0,0,1,0.000013,0,1,1,0,1,1
25753926,,0,0,1,0.000013,0,1,1,0,1,1
28577556,,0,0,65,0.000013,0,1,1,0,1,1
24151509,,0,0,65,0.000035,2,0,2,2,0,2
28060844,,0,0,65,0.000013,0,1,1,0,1,1
29753700,,0,0.000316,8,0.000013,0,7,7,0,7,7
26799421,,0,0.000035,8,0.000013,0,1,1,0,1,1
26265251,,0,0.000035,8,0.000013,0,1,1,0,1,1
28690658,,0,0.000009,5,0.000013,0,2,2,0,2,2
26256962,,0,0.000001,2,0.000013,0,1,1,0,1,1
24744803,,0,0.000001,2,0.000013,0,1,1,0,1,1
26756416,,0,0.000013,35,0.000013,0,1,1,0,1,1
26374470,,0,0.000013,35,0.000013,0,1,1,0,1,1
28649655,,0,0,5,0.000013,0,1,1,0,1,1
24166281,,0.000001,0,5,0.000073,6,0,6,6,0,6
27287781,,0,0,5,0.000013,0,1,1,0,1,1
27280630,,0,0,5,0.000013,0,1,1,0,1,1
26908565,,0,0,5,0.000013,0,1,1,0,1,1
24829621,,0,0,5,0.000013,0,1,1,0,1,1
29069757,,0,0,10,0.000013,0,1,1,0,1,1
28182091,,0,0,10,0.000013,0,1,1,0,1,1
27081088,,0,0,10,0.000013,0,1,1,0,1,1
25956861,,0,0.000192,10,0.000013,0,2,2,0,2,2
28521414,,0,0,10,0.000013,0,1,1,0,1,1
24172081,,0.000001,0,11,0.000105,6,0,6,6,0,6
27913467,,0,0,11,0.000013,0,1,1,0,1,1
26693794,,0,0,11,0.000013,0,2,2,0,2,2
25824692,,0,0,11,0.000013,0,1,1,0,1,1
25802782,,0,0.000055,5,0.000013,0,1,1,0,1,1
25330822,,0,0.00091,5,0.000013,0,3,3,0,3,3
24172832,,0.000013,0,23,0.000144,12,0,12,12,0,12
28484492,,0,0,23,0.000013,0,1,1,0,1,1
27630279,,0.000003,0,23,0.000025,2,1,3,2,1,3
26183162,,0,0,23,0.000013,0,1,1,0,1,1
26090795,,0,0,23,0.000013,0,1,1,0,1,1
24842468,,0,0,23,0.000013,0,1,1,0,1,1
28851411,,0,0,66,0.000013,0,1,1,0,1,1
24188377,,0,0,66,0.0001,8,0,8,8,0,8
27351801,,0,0,66,0.000013,0,1,1,0,1,1
27313475,,0,0,66,0.000013,0,1,1,0,1,1
27306423,,0,0,66,0.000013,0,1,1,0,1,1
26445849,,0,0,66,0.000013,0,1,1,0,1,1
26070788,,0,0,66,0.000013,0,1,1,0,1,1
24901056,,0,0,66,0.000013,0,1,1,0,1,1
24594504,,0,0,66,0.000013,0,1,1,0,1,1
29706640,,0,0.000061,22,0.000013,0,3,3,0,3,3
25884417,,0,0.000002,22,0.000013,0,1,1,0,1,1
25056543,,0,0.000002,22,0.000013,0,1,1,0,1,1
29859539,,0,0,41,0.000013,0,1,1,0,1,1
30016933,,0,0.000211,41,0.000013,0,1,1,0,1,1
29899826,,0,0.000211,41,0.000013,0,1,1,0,1,1
29625050,,0,0.000234,31,0.000013,0,2,2,0,2,2
29483209,,0,0.000211,41,0.000013,0,1,1,0,1,1
29109859,,0,0.001259,41,0.000024,1,7,8,1,7,8
28977941,,0,0.000211,41,0.000013,0,1,1,0,1,1
28127048,,0,0.000211,41,0.000013,0,1,1,0,1,1
27807064,,0,0.000211,41,0.000013,0,1,1,0,1,1
26927059,,0,0.000211,41,0.000013,0,1,1,0,1,1
26693064,,0,0.000211,41,0.000013,0,1,1,0,1,1
26686465,,0,0.000211,41,0.000013,0,1,1,0,1,1
26431531,,0,0.00043,32,0.000013,0,2,2,0,2,2
26320860,,0,0.000211,41,0.000013,0,1,1,0,1,1
26263479,,0,0.000211,41,0.000013,0,1,1,0,1,1
26018905,,0,0.000211,41,0.000013,0,1,1,0,1,1
25368431,,0,0.000211,41,0.000013,0,1,1,0,1,1
24920658,,0,0.000211,41,0.000013,0,1,1,0,1,1
29706558,,0,0.000325,31,0.000013,0,4,4,0,4,4
29435132,,0,0.000716,51,0.000013,0,2,2,0,2,2
29333087,,0,0.000192,51,0.000013,0,2,2,0,2,2
28919706,,0,0.000195,32,0.000013,0,2,2,0,2,2
28442756,,0,0.000473,32,0.000013,0,3,3,0,3,3
28387939,,0,0.000199,51,0.000013,0,2,2,0,2,2
28242752,,0,0.000557,51,0.000013,0,3,3,0,3,3
28028012,,0,0.000193,23,0.000013,0,2,2,0,2,2
27960087,,0,0.000192,51,0.000013,0,1,1,0,1,1
27186080,,0,0.001501,51,0.000013,0,5,5,0,5,5
26833244,,0,0.000192,51,0.000013,0,1,1,0,1,1
26082895,,0,0.000975,51,0.000013,0,3,3,0,3,3
25993177,,0,0.000192,51,0.000013,0,1,1,0,1,1
25890231,,0,0.000192,51,0.000013,0,1,1,0,1,1
25878361,,0,0.000192,51,0.000013,0,1,1,0,1,1
25208879,,0,0.000192,51,0.000013,0,1,1,0,1,1
24948110,,0,0.000192,51,0.000013,0,1,1,0,1,1
30151275,,0,0.000784,51,0.000013,0,4,4,0,4,4
29563344,,0,0.000794,51,0.000013,0,2,2,0,2,2
28341751,,0,0.000778,31,0.000013,0,2,2,0,2,2
27626691,,0,0.000985,51,0.000013,0,2,2,0,2,2
26918225,,0,0.000767,5,0.000013,0,1,1,0,1,1
30310315,,0,0.000377,32,0.000013,0,2,2,0,2,2
29906450,,0,0.000596,51,0.000013,0,4,4,0,4,4
29358035,,0,0.000381,32,0.000013,0,4,4,0,4,4
28829762,,0,0.000348,32,0.000013,0,2,2,0,2,2
28432350,,0,0.00022,32,0.000013,0,1,1,0,1,1
27899963,,0,0.00022,32,0.000013,0,1,1,0,1,1
27626685,,0,0.000222,32,0.000013,0,3,3,0,3,3
27571479,,0,0.000377,32,0.000013,0,2,2,0,2,2
26189575,,0,0.000377,32,0.000013,0,2,2,0,2,2
25928540,,0,0.00022,32,0.000013,0,1,1,0,1,1
25384976,,0,0.00022,32,0.000013,0,1,1,0,1,1
25180339,,0,0.00022,32,0.000013,0,1,1,0,1,1
30049201,,0,0,67,0.000013,0,1,1,0,1,1
24252461,,0,0,67,0.000177,15,0,15,15,0,15
30043549,,0,0,67,0.000013,0,1,1,0,1,1
29805663,,0,0,67,0.000013,0,1,1,0,1,1
29587736,,0,0,67,0.000013,0,1,1,0,1,1
29100339,,0,0,67,0.000013,0,1,1,0,1,1
27594734,,0,0,67,0.000013,0,1,1,0,1,1
27576364,,0,0,67,0.000013,0,1,1,0,1,1
25927589,,0,0,67,0.000013,0,1,1,0,1,1
25613404,,0,0,67,0.000013,0,1,1,0,1,1
25276098,,0,0,67,0.000013,0,1,1,0,1,1
25178497,,0,0,67,0.000013,0,1,1,0,1,1
25091577,,0,0,67,0.000013,0,1,1,0,1,1
25026175,,0,0,67,0.000013,0,1,1,0,1,1
24893613,,0,0,67,0.000013,0,1,1,0,1,1
24528540,,0,0,67,0.000013,0,1,1,0,1,1
29343717,,0,0.000035,32,0.000013,0,1,1,0,1,1
27102688,,0,0.000035,32,0.000013,0,1,1,0,1,1
26587992,,0,0.000053,32,0.000013,0,2,2,0,2,2
25337234,,0,0.000035,32,0.000013,0,1,1,0,1,1
25227992,,0,0.000035,32,0.000013,0,1,1,0,1,1
24553124,,0,0.000035,32,0.000013,0,1,1,0,1,1
30042065,,0,0.000127,31,0.000013,0,1,1,0,1,1
29855141,,0,0.000277,5,0.000013,0,5,5,0,5,5
29803316,,0,0.000154,0,0.000013,0,2,2,0,2,2
29743104,,0,0.00022,31,0.000013,0,2,2,0,2,2
29725606,,0,0.000127,31,0.000013,0,1,1,0,1,1
29725435,,0,0.000127,31,0.000013,0,1,1,0,1,1
29267927,,0,0.000127,31,0.000013,0,1,1,0,1,1
29239277,,0,0.000127,31,0.000013,0,1,1,0,1,1
28469388,,0,0.000127,31,0.000013,0,1,1,0,1,1
28454104,,0,0.000127,31,0.000013,0,1,1,0,1,1
27588476,,0,0.000127,31,0.000013,0,1,1,0,1,1
27070496,,0,0.000127,31,0.000013,0,1,1,0,1,1
27004405,,0,0.000414,51,0.000013,0,4,4,0,4,4
26776187,,0,0.000391,31,0.000013,0,2,2,0,2,2
25576899,,0,0.000127,31,0.000013,0,1,1,0,1,1
29301538,,0,0,30,0.000013,0,1,1,0,1,1
29051674,,0,0,30,0.000013,0,1,1,0,1,1
28818247,,0,0,30,0.000013,0,1,1,0,1,1
27928525,,0,0,30,0.000013,0,1,1,0,1,1
27416801,,0,0,30,0.000013,0,1,1,0,1,1
26830901,,0,0,30,0.000013,0,1,1,0,1,1
26655092,,0,0,30,0.000013,0,1,1,0,1,1
26246001,,0,0,30,0.000013,0,1,1,0,1,1
25777420,,0,0,30,0.000013,0,1,1,0,1,1
25763165,,0,0,30,0.000013,0,1,1,0,1,1
25714495,,0,0.000001,8,0.000013,0,1,1,0,1,1
30187678,,0,0.000001,5,0.000013,0,1,1,0,1,1
28943989,,0,0.000001,5,0.000013,0,1,1,0,1,1
28868023,,0,0.000001,22,0.000013,0,1,1,0,1,1
28381275,,0,0.000031,32,0.000013,0,1,1,0,1,1
27978560,,0.000155,0.000071,32,0.000163,25,3,28,25,3,28
27679477,,0,0.000031,32,0.000013,0,1,1,0,1,1
27381531,,0,0.000031,32,0.000013,0,1,1,0,1,1
27300552,,0,0.000031,32,0.000013,0,1,1,0,1,1
27197561,,0,0.000031,32,0.000013,0,1,1,0,1,1
26938486,,0,0.000031,32,0.000013,0,1,1,0,1,1
26539838,,0,0.000031,32,0.000013,0,1,1,0,1,1
26487938,,0,0.000031,32,0.000013,0,1,1,0,1,1
26038389,,0,0.000031,32,0.000013,0,1,1,0,1,1
25516641,,0,0.000031,32,0.000013,0,1,1,0,1,1
25469011,,0,0.000031,32,0.000013,0,1,1,0,1,1
29925311,,0,0.000013,23,0.000013,0,1,1,0,1,1
29666669,,0,0.000013,23,0.000013,0,1,1,0,1,1
29581767,,0,0.000013,23,0.000013,0,1,1,0,1,1
29535845,,0,0.000013,23,0.000013,0,1,1,0,1,1
29259370,,0,0.000128,23,0.000024,1,3,4,1,3,4
29109526,,0,0.000161,23,0.000013,0,3,3,0,3,3
29085438,,0,0.000176,23,0.000013,0,3,3,0,3,3
28656074,,0,0.000161,23,0.000013,0,4,4,0,4,4
28188630,,0,0.00016,23,0.000013,0,2,2,0,2,2
28106782,,0,0.000197,23,0.000013,0,4,4,0,4,4
28043913,,0,0.000013,23,0.000013,0,1,1,0,1,1
27920649,,0,0.000013,23,0.000013,0,1,1,0,1,1
27664376,,0,0.000013,23,0.000013,0,1,1,0,1,1
27338477,,0,0.000013,23,0.000013,0,1,1,0,1,1
27282351,,0,0.000013,23,0.000013,0,1,1,0,1,1
27138857,,0,0.000013,23,0.000013,0,1,1,0,1,1
27028212,,0,0.000013,23,0.000013,0,1,1,0,1,1
26683340,,0,0.000013,23,0.000013,0,1,1,0,1,1
26559377,,0,0.000013,23,0.000013,0,1,1,0,1,1
26137059,,0,0.000013,23,0.000013,0,1,1,0,1,1
25425965,,0,0.000013,23,0.000013,0,1,1,0,1,1
25344691,,0,0.000013,23,0.000013,0,1,1,0,1,1
25240578,,0,0.000013,23,0.000013,0,1,1,0,1,1
24297247,,0.000004,0,5,0.000025,2,0,2,2,0,2
24323368,,0,0,5,0.000013,0,1,1,0,1,1
30237862,,0,0,22,0.000013,0,1,1,0,1,1
27064304,,0,0,22,0.000013,0,1,1,0,1,1
26724722,,0,0,22,0.000013,0,1,1,0,1,1
28730583,,0,0.000007,2,0.000013,0,1,1,0,1,1
24321281,,0.000024,0,32,0.00007,11,0,11,11,0,11
27648353,,0,0.000143,32,0.000013,0,3,3,0,3,3
26873694,,0,0.000001,32,0.000013,0,1,1,0,1,1
25261977,,0,0.000001,32,0.000013,0,1,1,0,1,1
29079701,,0,0.000008,32,0.000013,0,2,2,0,2,2
28576875,,0,0.000008,8,0.000013,0,1,1,0,1,1
28207808,,0,0.000008,8,0.000013,0,1,1,0,1,1
25452615,,0,0.000008,8,0.000013,0,1,1,0,1,1
30008827,,0,0.000017,0,0.000013,0,1,1,0,1,1
29576630,,0,0.000105,22,0.000013,0,4,4,0,4,4
29269955,,0,0.000097,0,0.000013,0,2,2,0,2,2
29137948,,0,0.000017,0,0.000013,0,1,1,0,1,1
29099283,,0,0.000017,0,0.000013,0,1,1,0,1,1
28770278,,0,0.000017,0,0.000013,0,1,1,0,1,1
28489815,,0,0.000017,0,0.000013,0,1,1,0,1,1
28093081,,0,0.000017,0,0.000013,0,1,1,0,1,1
27859137,,0,0.000017,0,0.000013,0,1,1,0,1,1
27825120,,0,0.000017,0,0.000013,0,1,1,0,1,1
27764800,,0,0.000017,0,0.000013,0,1,1,0,1,1
27744667,,0,0.000017,0,0.000013,0,1,1,0,1,1
27708667,,0,0.000032,0,0.000013,0,2,2,0,2,2
27556229,,0,0.000017,0,0.000013,0,1,1,0,1,1
26884359,,0,0.000017,0,0.000013,0,1,1,0,1,1
26637267,,0.000011,0.000145,51,0.000115,12,3,15,12,3,15
26496489,,0,0.000017,0,0.000013,0,1,1,0,1,1
25342443,,0,0.000017,0,0.000013,0,1,1,0,1,1
25276378,,0,0.000017,0,0.000013,0,1,1,0,1,1
25228414,,0,0.000017,0,0.000013,0,1,1,0,1,1
25100413,,0,0.000017,0,0.000013,0,1,1,0,1,1
29160179,,0,0.000012,41,0.000013,0,1,1,0,1,1
27751354,,0,0.000012,41,0.000013,0,1,1,0,1,1
25250338,,0,0.000012,41,0.000013,0,1,1,0,1,1
30345030,,0,0.000777,41,0.000013,0,1,1,0,1,1
29524832,,0,0.000777,41,0.000013,0,1,1,0,1,1
29339537,,0,0.000826,41,0.000013,0,3,3,0,3,3
29259702,,0,0.000837,41,0.000013,0,2,2,0,2,2
29203668,,0,0.000816,41,0.000013,0,2,2,0,2,2
29087294,,0,0.000777,41,0.000013,0,1,1,0,1,1
28878359,,0,0.000777,41,0.000013,0,1,1,0,1,1
28819441,,0,0.000924,41,0.000013,0,2,2,0,2,2
28670378,,0,0.000777,41,0.000013,0,1,1,0,1,1
28358117,,0,0.000777,41,0.000013,0,1,1,0,1,1
28215840,,0,0.000835,41,0.000013,0,2,2,0,2,2
28123571,,0,0.000777,41,0.000013,0,1,1,0,1,1
27684746,,0,0.000777,41,0.000013,0,1,1,0,1,1
27617304,,0,0.000777,41,0.000013,0,1,1,0,1,1
27563818,,0,0.000777,41,0.000013,0,1,1,0,1,1
27259239,,0,0.000777,41,0.000013,0,1,1,0,1,1
27174320,,0,0.000777,41,0.000013,0,1,1,0,1,1
27083386,,0,0.000777,41,0.000013,0,1,1,0,1,1
26882065,,0,0.000777,41,0.000013,0,1,1,0,1,1
26648788,,0,0.000777,41,0.000013,0,1,1,0,1,1
26452259,,0,0.000777,41,0.000013,0,1,1,0,1,1
26415052,,0.002692,0.000777,41,0.000073,11,1,12,11,1,12
26380553,,0,0.000777,41,0.000013,0,1,1,0,1,1
26045974,,0,0.000777,41,0.000013,0,1,1,0,1,1
25736327,,0,0.000777,41,0.000013,0,1,1,0,1,1
25670170,,0,0.000777,41,0.000013,0,1,1,0,1,1
25625625,,0,0.000777,41,0.000013,0,1,1,0,1,1
25331442,,0,0.000777,41,0.000013,0,1,1,0,1,1
25294912,,0,0.000777,41,0.000013,0,1,1,0,1,1
25163878,,0,0.000777,41,0.000013,0,1,1,0,1,1
24766781,,0,0.000777,41,0.000013,0,1,1,0,1,1
29891014,,0,0.000029,8,0.000013,0,3,3,0,3,3
29250487,,0,0.000027,51,0.000013,0,1,1,0,1,1
27269731,,0,0.000027,51,0.000013,0,1,1,0,1,1
29860027,,0,0.00001,0,0.000013,0,1,1,0,1,1
29095980,,0,0.00001,0,0.000013,0,1,1,0,1,1
28121628,,0,0.00001,0,0.000013,0,1,1,0,1,1
28096200,,0,0.00001,0,0.000013,0,1,1,0,1,1
27140283,,0,0.000055,5,0.000013,0,2,2,0,2,2
26446717,,0,0.000017,8,0.000013,0,1,1,0,1,1
28515982,,0,0.000015,0,0.000013,0,1,1,0,1,1
26306250,,0,0.000015,0,0.000013,0,1,1,0,1,1
25974664,,0,0.000015,0,0.000013,0,1,1,0,1,1
29266381,,0,0.000241,51,0.000013,0,2,2,0,2,2
28249598,,0,0.000024,51,0.000013,0,1,1,0,1,1
27412099,,0,0.000024,51,0.000013,0,1,1,0,1,1
26975354,,0,0.000024,51,0.000013,0,1,1,0,1,1
26695660,,0,0.000024,51,0.000013,0,1,1,0,1,1
26041764,,0,0.000024,51,0.000013,0,1,1,0,1,1
25782066,,0,0.000024,51,0.000013,0,1,1,0,1,1
24823478,,0,0.000024,51,0.000013,0,1,1,0,1,1
28932368,,0,0.000003,32,0.000013,0,1,1,0,1,1
26884712,,0,0.000166,32,0.000013,0,3,3,0,3,3
26743004,,0,0.000003,32,0.000013,0,1,1,0,1,1
26106142,,0,0.000003,32,0.000013,0,1,1,0,1,1
29487285,,0,0.000005,32,0.000013,0,1,1,0,1,1
28910490,,0,0.000005,32,0.000013,0,1,1,0,1,1
28698806,,0,0.000005,32,0.000013,0,1,1,0,1,1
28095779,,0,0.000005,32,0.000013,0,1,1,0,1,1
28004814,,0,0.000005,32,0.000013,0,1,1,0,1,1
27507885,,0,0.000005,32,0.000013,0,1,1,0,1,1
27373144,,0,0.000005,32,0.000013,0,1,1,0,1,1
27261505,,0,0.000368,32,0.000013,0,4,4,0,4,4
27010460,,0,0.000005,32,0.000013,0,1,1,0,1,1
26981779,,0.000044,0.000294,31,0.000062,6,4,10,6,4,10
26626480,,0,0.000005,32,0.000013,0,1,1,0,1,1
26492236,,0,0.000065,32,0.000013,0,2,2,0,2,2
26138335,,0,0.000119,32,0.000013,0,2,2,0,2,2
25851173,,0,0.000005,32,0.000013,0,1,1,0,1,1
25575290,,0,0.000005,32,0.000013,0,1,1,0,1,1
25113766,,0,0.000005,32,0.000013,0,1,1,0,1,1
25043379,,0,0.000005,32,0.000013,0,1,1,0,1,1
28701476,,0,0.000005,23,0.000013,0,2,2,0,2,2
28069799,,0,0.000003,23,0.000013,0,1,1,0,1,1
27923728,,0,0.000003,23,0.000013,0,1,1,0,1,1
26451384,,0,0.000003,23,0.000013,0,1,1,0,1,1
26275218,,0,0.000003,23,0.000013,0,1,1,0,1,1
26114155,,0,0.000003,23,0.000013,0,1,1,0,1,1
25890222,,0,0.000003,23,0.000013,0,1,1,0,1,1
24402422,,0.001923,0,31,0.000197,21,0,21,21,0,21
29739952,,0,0.000043,31,0.000013,0,1,1,0,1,1
28934760,,0,0.000043,31,0.000013,0,1,1,0,1,1
27707838,,0,0.000043,31,0.000013,0,1,1,0,1,1
27658825,,0,0.000043,31,0.000013,0,1,1,0,1,1
26943587,,0,0.000043,31,0.000013,0,1,1,0,1,1
26657114,,0,0.000043,31,0.000013,0,1,1,0,1,1
26227901,,0,0.000043,31,0.000013,0,1,1,0,1,1
26080057,,0,0.000043,31,0.000013,0,1,1,0,1,1
25814194,,0,0.000043,31,0.000013,0,1,1,0,1,1
25734489,,0,0.000043,31,0.000013,0,1,1,0,1,1
29528794,,0,0.000034,5,0.000013,0,2,2,0,2,2
29617662,,0,0.000264,5,0.000013,0,1,1,0,1,1
29435148,,0,0.000264,5,0.000013,0,1,1,0,1,1
29415044,,0,0.000264,5,0.000013,0,1,1,0,1,1
29092934,,0,0.000264,5,0.000013,0,1,1,0,1,1
28611940,,0,0.000265,41,0.000013,0,2,2,0,2,2
28522612,,0,0.000264,5,0.000013,0,1,1,0,1,1
28344746,,0,0.000264,5,0.000013,0,1,1,0,1,1
28188128,,0,0.000284,5,0.000013,0,2,2,0,2,2
27929028,,0,0.000284,5,0.000013,0,2,2,0,2,2
27717710,,0,0.000398,5,0.000013,0,2,2,0,2,2
27610619,,0,0.000264,5,0.000013,0,1,1,0,1,1
27409342,,0,0.000264,5,0.000013,0,1,1,0,1,1
27283932,,0,0.000264,5,0.000013,0,1,1,0,1,1
27260798,,0,0.000264,5,0.000013,0,1,1,0,1,1
27192119,,0,0.000264,5,0.000013,0,1,1,0,1,1
26822237,,0,0.000311,22,0.000013,0,2,2,0,2,2
26556299,,0,0.000264,5,0.000013,0,1,1,0,1,1
25903059,,0,0.000264,5,0.000013,0,1,1,0,1,1
25691061,,0,0.000264,8,0.000013,0,2,2,0,2,2
25326804,,0,0.000264,5,0.000013,0,1,1,0,1,1
30046027,,0,0.000035,5,0.000013,0,2,2,0,2,2
29655297,,0,0.000081,51,0.000013,0,3,3,0,3,3
29471813,,0,0.000034,5,0.000013,0,1,1,0,1,1
29460110,,0,0.000036,5,0.000013,0,3,3,0,3,3
29043277,,0,0.000034,5,0.000013,0,1,1,0,1,1
27537555,,0,0.000034,5,0.000013,0,1,1,0,1,1
27471235,,0,0.000074,5,0.000013,0,4,4,0,4,4
25758997,,0,0.000042,5,0.000013,0,2,2,0,2,2
29616905,,0,0.000026,2,0.000013,0,1,1,0,1,1
26504151,,0,0.000063,30,0.000013,0,3,3,0,3,3
29083407,,0,0.000001,0,0.000013,0,1,1,0,1,1
26690388,,0,0.000001,0,0.000013,0,1,1,0,1,1
25321409,,0,0.000001,0,0.000013,0,1,1,0,1,1
25268356,,0,0.000001,0,0.000013,0,1,1,0,1,1
30282996,,0,0.000013,29,0.000013,0,1,1,0,1,1
30205577,,0,0.000013,29,0.000013,0,1,1,0,1,1
30200254,,0,0.000231,29,0.000013,0,2,2,0,2,2
30140372,,0,0.000013,29,0.000013,0,1,1,0,1,1
29861844,,0,0.000013,29,0.000013,0,1,1,0,1,1
29755696,,0,0.000013,29,0.000013,0,1,1,0,1,1
29617966,,0,0.000013,29,0.000013,0,1,1,0,1,1
29449148,,0,0.000147,29,0.000013,0,2,2,0,2,2
29216366,,0,0.000013,29,0.000013,0,1,1,0,1,1
29059299,,0,0.000013,29,0.000013,0,1,1,0,1,1
29037201,,0,0.000013,29,0.000013,0,1,1,0,1,1
28887306,,0,0.000013,29,0.000013,0,1,1,0,1,1
28868264,,0,0.000013,29,0.000013,0,1,1,0,1,1
28796922,,0,0.000013,29,0.000013,0,1,1,0,1,1
28598379,,0,0.000013,29,0.000013,0,1,1,0,1,1
28392705,,0,0.000013,29,0.000013,0,1,1,0,1,1
28367233,,0,0.000013,29,0.000013,0,1,1,0,1,1
28367094,,0,0.000013,29,0.000013,0,1,1,0,1,1
28299719,,0,0.000014,29,0.000013,0,2,2,0,2,2
28157695,,0,0.000013,29,0.000013,0,1,1,0,1,1
28106826,,0,0.000013,29,0.000013,0,1,1,0,1,1
28077991,,0,0.000013,29,0.000013,0,1,1,0,1,1
27698924,,0,0.000013,29,0.000013,0,1,1,0,1,1
27479746,,0,0.000013,29,0.000013,0,1,1,0,1,1
27347311,,0,0.000013,29,0.000013,0,1,1,0,1,1
27308347,,0,0.000013,29,0.000013,0,1,1,0,1,1
27233618,,0,0.000013,29,0.000013,0,1,1,0,1,1
26823525,,0,0.000013,29,0.000013,0,1,1,0,1,1
26770456,,0,0.000013,29,0.000013,0,1,1,0,1,1
26693181,,0,0.000013,29,0.000013,0,1,1,0,1,1
26690121,,0,0.000013,29,0.000013,0,1,1,0,1,1
26481356,,0,0.000013,29,0.000013,0,1,1,0,1,1
26110379,,0,0.000013,29,0.000013,0,1,1,0,1,1
26097602,,0,0.000013,29,0.000013,0,1,1,0,1,1
26082843,,0,0.000013,29,0.000013,0,1,1,0,1,1
26016563,,0,0.000013,29,0.000013,0,1,1,0,1,1
25986914,,0,0.000013,29,0.000013,0,1,1,0,1,1
25974184,,0,0.000013,29,0.000013,0,1,1,0,1,1
25755750,,0,0.000013,29,0.000013,0,1,1,0,1,1
25700553,,0,0.000013,29,0.000013,0,1,1,0,1,1
25686826,,0,0.000013,29,0.000013,0,1,1,0,1,1
25599403,,0,0.000013,29,0.000013,0,1,1,0,1,1
25499224,,0,0.000013,29,0.000013,0,1,1,0,1,1
25426780,,0,0.000013,29,0.000013,0,1,1,0,1,1
25425964,,0,0.000013,29,0.000013,0,1,1,0,1,1
25400817,,0,0.000013,29,0.000013,0,1,1,0,1,1
25250334,,0,0.000013,29,0.000013,0,1,1,0,1,1
25243154,,0,0.000013,29,0.000013,0,1,1,0,1,1
24759793,,0,0.000013,29,0.000013,0,1,1,0,1,1
30214383,,0,0.000001,0,0.000013,0,1,1,0,1,1
30180792,,0,0.000001,0,0.000013,0,1,1,0,1,1
30139383,,0,0.000001,0,0.000013,0,1,1,0,1,1
29921315,,0,0.000001,0,0.000013,0,1,1,0,1,1
29387208,,0,0.000001,0,0.000013,0,1,1,0,1,1
28969093,,0,0.000001,0,0.000013,0,1,1,0,1,1
28357401,,0,0.000001,0,0.000013,0,1,1,0,1,1
27429839,,0,0.000001,0,0.000013,0,1,1,0,1,1
27302063,,0,0.000001,0,0.000013,0,1,1,0,1,1
25762631,,0,0.000001,0,0.000013,0,1,1,0,1,1
25512197,,0,0.000001,0,0.000013,0,1,1,0,1,1
25075256,,0,0.000001,0,0.000013,0,1,1,0,1,1
29290779,,0,0.000062,5,0.000013,0,2,2,0,2,2
28081052,,0,0.000051,5,0.000013,0,1,1,0,1,1
26442217,,0,0.000172,5,0.000013,0,2,2,0,2,2
26425718,,0,0.000051,5,0.000013,0,1,1,0,1,1
25594072,,0,0.000051,5,0.000013,0,1,1,0,1,1
25106448,,0,0.000051,5,0.000013,0,1,1,0,1,1
29040662,,0,0.000002,0,0.000013,0,1,1,0,1,1
28583138,,0,0.000002,0,0.000013,0,1,1,0,1,1
30103901,,0,0.000058,51,0.000013,0,3,3,0,3,3
29360794,,0,0.00001,51,0.000013,0,2,2,0,2,2
28723426,,0,0.000008,51,0.000013,0,1,1,0,1,1
28681029,,0,0.000008,51,0.000013,0,1,1,0,1,1
28614085,,0,0.000274,51,0.000013,0,4,4,0,4,4
28133630,,0,0.000055,51,0.000013,0,2,2,0,2,2
27456091,,0,0.000008,51,0.000013,0,1,1,0,1,1
26186950,,0,0.000008,51,0.000013,0,1,1,0,1,1
26178396,,0,0.000008,51,0.000013,0,1,1,0,1,1
25597019,,0,0.000028,51,0.000013,0,2,2,0,2,2
30103848,,0,0.000025,8,0.000013,0,1,1,0,1,1
29335532,,0,0.000025,8,0.000013,0,1,1,0,1,1
28645374,,0,0.000025,8,0.000013,0,1,1,0,1,1
28067843,,0,0.000029,8,0.000013,0,2,2,0,2,2
27829156,,0,0.000025,8,0.000013,0,1,1,0,1,1
28707432,,0,0.000001,29,0.000013,0,1,1,0,1,1
25527629,,0,0,68,0.000013,0,1,1,0,1,1
24498881,,0,0,68,0.000024,1,0,1,1,0,1
30140169,,0,0,1,0.000013,0,1,1,0,1,1
29616097,,0,0,1,0.000013,0,1,1,0,1,1
29187162,,0,0,1,0.000013,0,1,1,0,1,1
28029662,,0,0,1,0.000013,0,1,1,0,1,1
29320577,,0,0.00018,0,0.000013,0,1,1,0,1,1
29915849,,0,0.000008,5,0.000013,0,2,2,0,2,2
27562384,,0,0.000007,5,0.000013,0,1,1,0,1,1
27081256,,0.00001,0.000007,5,0.000014,1,1,2,1,1,2
26741657,,0,0.000015,5,0.000013,0,2,2,0,2,2
25301088,,0,0.000007,5,0.000013,0,1,1,0,1,1
29761157,,0,0.000121,22,0.000013,0,3,3,0,3,3
28947419,,0,0.000053,22,0.000013,0,1,1,0,1,1
28790338,,0,0.000187,22,0.000013,0,2,2,0,2,2
28766213,,0,0.000234,5,0.000013,0,5,5,0,5,5
28630945,,0,0.000088,22,0.000013,0,3,3,0,3,3
28532404,,0,0.000053,22,0.000013,0,1,1,0,1,1
28459104,,0.000004,0.000088,22,0.000041,6,3,9,6,3,9
27826529,,0,0.000053,22,0.000013,0,1,1,0,1,1
27825131,,0,0.000053,22,0.000013,0,1,1,0,1,1
28199696,,0,0.000157,32,0.000013,0,1,1,0,1,1
27602761,,0,0.000157,32,0.000013,0,1,1,0,1,1
25561469,,0,0.000157,32,0.000013,0,1,1,0,1,1
25429106,,0,0.000157,32,0.000013,0,1,1,0,1,1
27270041,,0,0.000034,8,0.000013,0,2,2,0,2,2
29050357,,0,0,28,0.000013,0,1,1,0,1,1
24556691,,0.000012,0,28,0.00004,4,0,4,4,0,4
30110897,,0,0.000001,8,0.000013,0,1,1,0,1,1
29986051,,0,0.000001,8,0.000013,0,1,1,0,1,1
29860898,,0,0.000001,8,0.000013,0,1,1,0,1,1
29695837,,0,0.000001,8,0.000013,0,1,1,0,1,1
29675030,,0,0.000001,8,0.000013,0,1,1,0,1,1
29579095,,0,0.000001,8,0.000013,0,1,1,0,1,1
29523243,,0,0.000001,8,0.000013,0,1,1,0,1,1
29500194,,0,0.000001,8,0.000013,0,1,1,0,1,1
29447381,,0,0.000001,8,0.000013,0,1,1,0,1,1
29361157,,0,0.000001,8,0.000013,0,1,1,0,1,1
29259525,,0,0.000001,8,0.000013,0,1,1,0,1,1
29083855,,0,0.000001,8,0.000013,0,1,1,0,1,1
28939824,,0,0.000001,8,0.000013,0,1,1,0,1,1
28864652,,0,0.000001,8,0.000013,0,1,1,0,1,1
28714850,,0,0.000001,8,0.000013,0,1,1,0,1,1
28634692,,0,0.000001,8,0.000013,0,1,1,0,1,1
28624224,,0,0.000001,8,0.000013,0,1,1,0,1,1
28613254,,0,0.000001,8,0.000013,0,1,1,0,1,1
28522803,,0,0.000001,8,0.000013,0,1,1,0,1,1
28356322,,0,0.000001,8,0.000013,0,1,1,0,1,1
28153089,,0,0.000001,8,0.000013,0,1,1,0,1,1
28052104,,0,0.000001,8,0.000013,0,1,1,0,1,1
28038787,,0,0.000001,8,0.000013,0,1,1,0,1,1
27905217,,0,0.000001,8,0.000013,0,1,1,0,1,1
27829157,,0,0.000131,8,0.000013,0,2,2,0,2,2
27827362,,0,0.000001,8,0.000013,0,1,1,0,1,1
27701075,,0,0.000001,8,0.000013,0,1,1,0,1,1
27632928,,0.000002,0.000024,22,0.000025,2,8,10,2,8,10
27557525,,0,0.000001,8,0.000013,0,1,1,0,1,1
27030102,,0,0.000001,8,0.000013,0,1,1,0,1,1
26796671,,0,0.000001,8,0.000013,0,1,1,0,1,1
26307031,,0,0.000001,8,0.000013,0,1,1,0,1,1
26156589,,0,0.000001,8,0.000013,0,1,1,0,1,1
26053390,,0,0.000001,8,0.000013,0,1,1,0,1,1
25619691,,0,0.000001,8,0.000013,0,1,1,0,1,1
25595557,,0,0.000001,8,0.000013,0,1,1,0,1,1
25545896,,0,0.000001,8,0.000013,0,1,1,0,1,1
25271304,,0,0.000001,8,0.000013,0,1,1,0,1,1
25236476,,0,0.000001,8,0.000013,0,1,1,0,1,1
30257718,,0,0.000236,41,0.000013,0,1,1,0,1,1
30126113,,0,0.000236,41,0.000013,0,1,1,0,1,1
29059719,,0,0.000236,41,0.000013,0,1,1,0,1,1
28348046,,0,0.000236,41,0.000013,0,1,1,0,1,1
27919280,,0,0.000236,41,0.000013,0,1,1,0,1,1
27655386,,0,0.000236,41,0.000013,0,1,1,0,1,1
26440065,,0,0.000236,41,0.000013,0,1,1,0,1,1
26408297,,0,0.000236,41,0.000013,0,1,1,0,1,1
26216943,,0,0.000236,41,0.000013,0,1,1,0,1,1
26045051,,0,0.000236,41,0.000013,0,1,1,0,1,1
25849559,,0,0.000236,41,0.000013,0,1,1,0,1,1
30302397,,0,0.000037,23,0.000013,0,3,3,0,3,3
24563076,,0.001632,0,23,0.000943,71,0,71,71,0,71
30271179,,0,0.000801,23,0.000013,0,2,2,0,2,2
30191018,,0,0.000037,23,0.000013,0,1,1,0,1,1
30158952,,0,0.000037,23,0.000013,0,2,2,0,2,2
29976634,,0,0.000037,23,0.000013,0,1,1,0,1,1
29880008,,0,0.000037,23,0.000013,0,1,1,0,1,1
29712892,,0,0.000037,23,0.000013,0,1,1,0,1,1
29617282,,0,0.000037,23,0.000013,0,1,1,0,1,1
29542354,,0,0.000037,23,0.000013,0,1,1,0,1,1
29479816,,0,0.000934,32,0.000013,0,3,3,0,3,3
29416916,,0,0.000037,23,0.000013,0,1,1,0,1,1
29408314,,0,0.000037,23,0.000013,0,1,1,0,1,1
29182496,,0,0.000037,23,0.000013,0,1,1,0,1,1
29125233,,0,0.000037,23,0.000013,0,1,1,0,1,1
29114471,,0,0.000037,23,0.000013,0,1,1,0,1,1
28994423,,0,0.000037,23,0.000013,0,2,2,0,2,2
28844952,,0,0.000037,23,0.000013,0,1,1,0,1,1
28818953,,0,0.000037,23,0.000013,0,1,1,0,1,1
28808500,,0,0.000037,23,0.000013,0,1,1,0,1,1
28736630,,0,0.000037,23,0.000013,0,1,1,0,1,1
28693246,,0,0.000037,23,0.000013,0,1,1,0,1,1
28658632,,0,0.000037,23,0.000013,0,1,1,0,1,1
28567120,,0,0.000037,23,0.000013,0,1,1,0,1,1
28480071,,0,0.000037,23,0.000013,0,1,1,0,1,1
28480068,,0,0.000037,23,0.000013,0,1,1,0,1,1
28445152,,0,0.000037,23,0.000013,0,1,1,0,1,1
28389139,,0,0.000037,23,0.000013,0,1,1,0,1,1
28297679,,0,0.000037,23,0.000013,0,1,1,0,1,1
28146430,,0,0.000084,23,0.000013,0,2,2,0,2,2
28078106,,0,0.000037,23,0.000013,0,1,1,0,1,1
28034880,,0,0.000037,23,0.000013,0,1,1,0,1,1
27843590,,0,0.000037,23,0.000013,0,1,1,0,1,1
27747092,,0,0.000037,23,0.000013,0,1,1,0,1,1
27627808,,0,0.000037,23,0.000013,0,1,1,0,1,1
27495988,,0,0.000037,23,0.000013,0,1,1,0,1,1
27494611,,0,0.000037,23,0.000013,0,1,1,0,1,1
27259011,,0,0.000037,23,0.000013,0,1,1,0,1,1
27231123,,0,0.000037,23,0.000013,0,1,1,0,1,1
27216979,,0,0.000037,23,0.000013,0,1,1,0,1,1
27152236,,0,0.000037,23,0.000013,0,1,1,0,1,1
27102149,,0,0.000037,23,0.000013,0,1,1,0,1,1
27032374,,0,0.000037,23,0.000013,0,1,1,0,1,1
27000463,,0,0.000037,23,0.000013,0,1,1,0,1,1
26912134,,0,0.000037,23,0.000013,0,1,1,0,1,1
26868125,,0,0.000037,23,0.000013,0,1,1,0,1,1
26716414,,0,0.000037,23,0.000013,0,1,1,0,1,1
26508638,,0.000021,0.000037,23,0.000313,32,1,33,32,1,33
26472021,,0,0.000037,23,0.000013,0,1,1,0,1,1
26257864,,0,0.000037,23,0.000013,0,1,1,0,1,1
26189129,,0,0.000037,23,0.000013,0,1,1,0,1,1
26149376,,0,0.000037,23,0.000013,0,1,1,0,1,1
26142706,,0,0.000037,23,0.000013,0,1,1,0,1,1
26109333,,0,0.000184,23,0.000013,0,2,2,0,2,2
26025932,,0,0.000037,23,0.000013,0,1,1,0,1,1
25879652,,0,0.000037,23,0.000013,0,1,1,0,1,1
25763789,,0,0.000037,23,0.000013,0,1,1,0,1,1
25631473,,0,0.000037,23,0.000013,0,1,1,0,1,1
25527197,,0,0.000037,23,0.000013,0,1,1,0,1,1
25435907,,0,0.000037,23,0.000013,0,1,1,0,1,1
25369307,,0,0.000037,23,0.000013,0,1,1,0,1,1
25267595,,0,0.000037,23,0.000013,0,1,1,0,1,1
24962792,,0,0.000037,23,0.000013,0,1,1,0,1,1
24889489,,0,0.000037,23,0.000013,0,1,1,0,1,1
29261187,,0,0.000129,5,0.000013,0,1,1,0,1,1
28939999,,0,0.000129,5,0.000013,0,2,2,0,2,2
28754778,,0,0.000129,5,0.000013,0,1,1,0,1,1
28125710,,0,0.000129,5,0.000013,0,1,1,0,1,1
26348174,,0,0.000129,5,0.000013,0,1,1,0,1,1
26170692,,0,0.000129,5,0.000051,4,1,5,4,1,5
26076152,,0,0.000129,5,0.000013,0,1,1,0,1,1
25606063,,0,0.000129,5,0.000013,0,1,1,0,1,1
29784019,,0,0.000086,28,0.000013,0,6,6,0,6,6
25908615,,0,0,8,0.000013,0,1,1,0,1,1
25320093,,0,0,8,0.000013,0,1,1,0,1,1
30151354,,0,0,2,0.000013,0,1,1,0,1,1
24607238,,0,0,2,0.000095,8,0,8,8,0,8
29404275,,0,0,2,0.000013,0,1,1,0,1,1
29299053,,0,0,2,0.000013,0,1,1,0,1,1
26628948,,0,0,2,0.000013,0,1,1,0,1,1
26442106,,0,0,2,0.000013,0,1,1,0,1,1
25705250,,0,0,2,0.000013,0,1,1,0,1,1
25674284,,0,0,2,0.000013,0,1,1,0,1,1
29145046,,0,0.000114,51,0.000013,0,1,1,0,1,1
29096610,,0,0.000114,51,0.000013,0,1,1,0,1,1
28471727,,0,0.000637,51,0.000013,0,2,2,0,2,2
25538887,,0,0.000114,51,0.000013,0,1,1,0,1,1
26668595,,0,0.00012,41,0.000013,0,1,1,0,1,1
26719330,,0,0,8,0.000013,0,1,1,0,1,1
26402833,,0,0.000068,23,0.000013,0,3,3,0,3,3
26308087,,0,0.000027,2,0.000013,0,1,1,0,1,1
28981872,,0,0.000001,29,0.000013,0,1,1,0,1,1
27874106,,0,0.000001,29,0.000013,0,1,1,0,1,1
27277344,,0,0.000001,29,0.000013,0,1,1,0,1,1
25244922,,0,0.000015,29,0.000013,0,2,2,0,2,2
28298272,,0,0,2,0.000013,0,1,1,0,1,1
29983698,,0,0.000081,0,0.000013,0,1,1,0,1,1
29788371,,0,0.000081,2,0.000013,0,2,2,0,2,2
29528378,,0,0.000081,0,0.000013,0,1,1,0,1,1
29171309,,0,0.000081,22,0.000013,0,2,2,0,2,2
28741261,,0,0.000081,0,0.000013,0,1,1,0,1,1
28315479,,0,0.000081,0,0.000013,0,1,1,0,1,1
28235003,,0,0.000081,0,0.000013,0,1,1,0,1,1
27849608,,0,0.000086,2,0.000013,0,2,2,0,2,2
27432226,,0,0.000081,0,0.000013,0,1,1,0,1,1
27384237,,0,0.000263,31,0.000013,0,4,4,0,4,4
26348951,,0,0.000128,22,0.000013,0,2,2,0,2,2
26030442,,0,0.000081,0,0.000013,0,1,1,0,1,1
25982967,,0,0.000081,0,0.000013,0,1,1,0,1,1
25599310,,0,0.000081,0,0.000013,0,1,1,0,1,1
25168418,,0,0.000081,0,0.000013,0,1,1,0,1,1
30147803,,0,0,2,0.000013,0,1,1,0,1,1
24686849,,0.000654,0,29,0.000726,77,0,77,77,0,77
30190845,,0,0.000015,29,0.000013,0,1,1,0,1,1
29963229,,0,0.000015,29,0.000013,0,1,1,0,1,1
29770205,,0,0.000015,29,0.000013,0,1,1,0,1,1
29523635,,0,0.000015,29,0.000013,0,1,1,0,1,1
29358629,,0,0.000015,29,0.000013,0,1,1,0,1,1
29351238,,0,0.000015,29,0.000013,0,1,1,0,1,1
29331736,,0,0.000015,29,0.000013,0,1,1,0,1,1
29097657,,0,0.000015,29,0.000013,0,1,1,0,1,1
29081790,,0,0.000015,29,0.000013,0,1,1,0,1,1
28853721,,0,0.000015,29,0.000013,0,1,1,0,1,1
28604751,,0,0.000015,29,0.000013,0,1,1,0,1,1
28393832,,0,0.000015,29,0.000013,0,1,1,0,1,1
28393830,,0,0.000015,29,0.000013,0,1,1,0,1,1
28330934,,0,0.000015,29,0.000013,0,1,1,0,1,1
28254828,,0,0.000015,29,0.000013,0,1,1,0,1,1
28097822,,0,0.00152,51,0.000013,0,4,4,0,4,4
28097802,,0,0.000015,29,0.000013,0,1,1,0,1,1
28062663,,0,0.000015,29,0.000013,0,1,1,0,1,1
27869160,,0,0.000015,29,0.000013,0,1,1,0,1,1
27845147,,0,0.000015,29,0.000013,0,1,1,0,1,1
27776349,,0,0.000015,29,0.000013,0,1,1,0,1,1
27655633,,0,0.000015,29,0.000013,0,1,1,0,1,1
27654173,,0,0.000015,29,0.000013,0,1,1,0,1,1
27575340,,0,0.000015,29,0.000013,0,1,1,0,1,1
27528712,,0,0.000015,29,0.000013,0,1,1,0,1,1
27239034,,0,0.000015,29,0.000013,0,1,1,0,1,1
27167335,,0,0.000015,29,0.000013,0,1,1,0,1,1
27147599,,0,0.000015,29,0.000013,0,1,1,0,1,1
27135879,,0,0.000015,29,0.000013,0,1,1,0,1,1
27118469,,0,0.000015,29,0.000013,0,1,1,0,1,1
27113195,,0,0.000015,29,0.000013,0,1,1,0,1,1
26892651,,0,0.000015,29,0.000013,0,1,1,0,1,1
26762739,,0,0.000015,29,0.000013,0,1,1,0,1,1
26484415,,0,0.000015,29,0.000013,0,1,1,0,1,1
26433962,,0,0.000015,29,0.000013,0,1,1,0,1,1
26403419,,0,0.000015,29,0.000013,0,1,1,0,1,1
26400640,,0,0.000015,29,0.000013,0,1,1,0,1,1
26377837,,0,0.000015,29,0.000013,0,1,1,0,1,1
26365187,,0,0.000015,29,0.000013,0,1,1,0,1,1
26354726,,0,0.000015,29,0.000013,0,1,1,0,1,1
26322273,,0,0.000015,29,0.000013,0,1,1,0,1,1
26298771,,0,0.000015,29,0.000013,0,1,1,0,1,1
26237428,,0,0.000015,29,0.000013,0,1,1,0,1,1
26232116,,0,0.000015,29,0.000013,0,1,1,0,1,1
26168240,,0,0.000015,29,0.000013,0,1,1,0,1,1
26079289,,0,0.000015,29,0.000013,0,1,1,0,1,1
26014050,,0,0.000015,29,0.000013,0,1,1,0,1,1
25971796,,0,0.000015,29,0.000013,0,1,1,0,1,1
25939383,,0,0.000015,29,0.000013,0,1,1,0,1,1
25892537,,0,0.000015,29,0.000013,0,1,1,0,1,1
25848750,,0,0.000015,29,0.000013,0,1,1,0,1,1
25809795,,0,0.000015,29,0.000013,0,1,1,0,1,1
25624462,,0,0.000015,29,0.000013,0,1,1,0,1,1
25505254,,0,0.000015,29,0.000013,0,1,1,0,1,1
25482530,,0,0.000015,29,0.000013,0,1,1,0,1,1
25407517,,0,0.000015,29,0.000013,0,1,1,0,1,1
25299235,,0,0.000015,29,0.000013,0,1,1,0,1,1
25231748,,0,0.000015,29,0.000013,0,1,1,0,1,1
25074378,,0,0.000015,29,0.000013,0,1,1,0,1,1
29808287,,0,0.000022,5,0.000013,0,2,2,0,2,2
30361545,,0,0,32,0.000013,0,1,1,0,1,1
30023490,,0,0,32,0.000013,0,1,1,0,1,1
29309639,,0,0,32,0.000013,0,1,1,0,1,1
28758896,,0,0.000014,0,0.000013,0,1,1,0,1,1
28665322,,0,0.000014,0,0.000013,0,1,1,0,1,1
26674097,,0,0.000014,0,0.000013,0,1,1,0,1,1
26629147,,0,0.000014,0,0.000013,0,1,1,0,1,1
26245904,,0,0.000014,0,0.000013,0,1,1,0,1,1
26019795,,0,0,2,0.000013,0,1,1,0,1,1
29662108,,0,0.000105,23,0.000013,0,2,2,0,2,2
28874130,,0,0.000083,22,0.000013,0,2,2,0,2,2
28240513,,0,0.000245,0,0.000013,0,2,2,0,2,2
30148152,,0,0.000002,22,0.000013,0,1,1,0,1,1
29967039,,0,0.000002,22,0.000013,0,1,1,0,1,1
29945886,,0,0.000057,31,0.000013,0,2,2,0,2,2
29590096,,0,0.000002,22,0.000013,0,1,1,0,1,1
29368431,,0,0.000002,22,0.000013,0,1,1,0,1,1
29317701,,0,0.000002,22,0.000013,0,1,1,0,1,1
29203377,,0,0.000002,22,0.000013,0,1,1,0,1,1
28812537,,0,0.000002,22,0.000013,0,1,1,0,1,1
28521042,,0,0.000002,22,0.000013,0,1,1,0,1,1
27343256,,0,0.000002,22,0.000013,0,1,1,0,1,1
27114037,,0,0.000002,22,0.000013,0,1,1,0,1,1
26781218,,0,0.000002,22,0.000013,0,1,1,0,1,1
26694085,,0,0.000002,22,0.000013,0,1,1,0,1,1
26679347,,0,0.000002,22,0.000013,0,1,1,0,1,1
26344056,,0,0.000002,22,0.000013,0,1,1,0,1,1
25741365,,0,0.000002,22,0.000013,0,1,1,0,1,1
29807392,,0,0.000047,22,0.000013,0,1,1,0,1,1
29772692,,0,0.000047,22,0.000013,0,1,1,0,1,1
29736259,,0,0.000388,5,0.000013,0,7,7,0,7,7
29568413,,0,0.000047,22,0.000013,0,1,1,0,1,1
29338689,,0.000017,0.000077,5,0.000013,1,5,6,1,5,6
29225998,,0,0.000047,22,0.000013,0,1,1,0,1,1
29052513,,0,0.000047,22,0.000013,0,1,1,0,1,1
28947817,,0,0.000047,22,0.000013,0,1,1,0,1,1
27423699,,0,0.000047,22,0.000013,0,1,1,0,1,1
26908360,,0,0.000307,22,0.000013,0,5,5,0,5,5
26811195,,0,0.000047,22,0.000013,0,1,1,0,1,1
26681316,,0,0.000047,22,0.000013,0,1,1,0,1,1
26380986,,0,0.000047,22,0.000013,0,1,1,0,1,1
26137530,,0,0.000094,22,0.000013,0,2,2,0,2,2
26136771,,0,0.000047,22,0.000013,0,1,1,0,1,1
25286031,,0,0.000047,22,0.000013,0,1,1,0,1,1
25114273,,0,0.000047,22,0.000013,0,1,1,0,1,1
24917882,,0,0.000047,22,0.000013,0,1,1,0,1,1
27266982,,0,0.000005,23,0.000013,0,1,1,0,1,1
29438405,,0,0.000018,2,0.000013,0,1,1,0,1,1
29423082,,0,0.000067,32,0.000013,0,1,1,0,1,1
28977635,,0,0.000067,32,0.000013,0,1,1,0,1,1
28791382,,0,0.000067,32,0.000013,0,1,1,0,1,1
28334093,,0,0.000079,32,0.000013,0,2,2,0,2,2
27959319,,0,0.000067,32,0.000013,0,1,1,0,1,1
27788492,,0,0.000067,32,0.000013,0,1,1,0,1,1
27652321,,0,0.000067,32,0.000013,0,1,1,0,1,1
27588601,,0,0.00007,32,0.000013,0,2,2,0,2,2
27338373,,0,0.000067,32,0.000013,0,1,1,0,1,1
27320928,,0,0.000197,32,0.000013,0,2,2,0,2,2
27308588,,0,0.000067,32,0.000013,0,1,1,0,1,1
27308342,,0,0.000067,32,0.000013,0,1,1,0,1,1
27165041,,0,0.000067,32,0.000013,0,1,1,0,1,1
27148359,,0,0.000134,32,0.000013,0,3,3,0,3,3
26990569,,0,0.000067,32,0.000013,0,1,1,0,1,1
26961308,,0,0.000067,32,0.000013,0,1,1,0,1,1
26790771,,0,0.000067,32,0.000013,0,1,1,0,1,1
26700820,,0,0.000067,32,0.000013,0,1,1,0,1,1
26625977,,0,0.000067,32,0.000013,0,1,1,0,1,1
26383967,,0,0.000067,32,0.000013,0,1,1,0,1,1
26337087,,0,0.000067,32,0.000013,0,1,1,0,1,1
26283183,,0,0.000067,32,0.000013,0,1,1,0,1,1
26215093,,0,0.000067,32,0.000013,0,1,1,0,1,1
26197339,,0,0.000067,32,0.000013,0,1,1,0,1,1
26177169,,0,0.000067,32,0.000013,0,1,1,0,1,1
25972363,,0,0.000067,32,0.000013,0,1,1,0,1,1
25818292,,0,0.000067,32,0.000013,0,1,1,0,1,1
29675105,,0,0,27,0.000013,0,1,1,0,1,1
28926134,,0,0,27,0.000013,0,1,1,0,1,1
30123871,,0,0,69,0.000013,0,1,1,0,1,1
24752005,,0,0,69,0.000046,3,0,3,3,0,3
27581552,,0,0,69,0.000013,0,1,1,0,1,1
26986137,,0,0,69,0.000013,0,1,1,0,1,1
30311375,,0,0.000047,5,0.000013,0,1,1,0,1,1
30214555,,0,0.000047,5,0.000013,0,1,1,0,1,1
30131872,,0,0.000047,5,0.000013,0,1,1,0,1,1
29189820,,0,0.000304,5,0.000013,0,3,3,0,3,3
28717660,,0,0.000072,5,0.000024,1,2,3,1,2,3
28649662,,0,0.000161,22,0.000013,0,4,4,0,4,4
28577551,,0,0.000047,5,0.000013,0,1,1,0,1,1
28491141,,0,0.000054,5,0.000013,0,2,2,0,2,2
28378423,,0,0.000047,5,0.000013,0,1,1,0,1,1
28152038,,0,0.000054,5,0.000013,0,2,2,0,2,2
28106320,,0,0.000047,5,0.000013,0,1,1,0,1,1
27801815,,0,0.000047,5,0.000013,0,1,1,0,1,1
27513193,,0,0.000047,5,0.000013,0,1,1,0,1,1
27144058,,0,0.000047,5,0.000013,0,1,1,0,1,1
27081547,,0,0.000054,5,0.000013,0,2,2,0,2,2
26462740,,0,0.000047,5,0.000013,0,1,1,0,1,1
25790160,,0,0.000047,5,0.000013,0,1,1,0,1,1
28704513,,0,0.000006,5,0.000013,0,2,2,0,2,2
28043820,,0,0.000013,44,0.000013,0,1,1,0,1,1
27095571,,0,0.000013,44,0.000013,0,1,1,0,1,1
26758421,,0,0.000013,44,0.000013,0,1,1,0,1,1
30344717,,0,0.00017,8,0.000013,0,2,2,0,2,2
29718479,,0,0.00004,8,0.000013,0,1,1,0,1,1
29186176,,0,0.00004,8,0.000013,0,1,1,0,1,1
28827358,,0,0.00004,8,0.000013,0,1,1,0,1,1
28487407,,0,0.00004,8,0.000013,0,1,1,0,1,1
27444064,,0,0.000962,23,0.000013,0,5,5,0,5,5
27343237,,0,0.000174,8,0.000013,0,2,2,0,2,2
27308388,,0,0.00004,8,0.000013,0,1,1,0,1,1
27166373,,0,0.00004,8,0.000013,0,1,1,0,1,1
27164092,,0,0.00004,8,0.000013,0,1,1,0,1,1
25901182,,0,0.00004,8,0.000013,0,1,1,0,1,1
25643322,,0,0.00004,8,0.000013,0,1,1,0,1,1
25569209,,0,0.00004,8,0.000013,0,1,1,0,1,1
25006166,,0,0.00004,8,0.000013,0,1,1,0,1,1
30248941,,0,0,27,0.000013,0,1,1,0,1,1
30226594,,0,0,27,0.000013,0,1,1,0,1,1
30050079,,0,0,27,0.000013,0,1,1,0,1,1
29932172,,0,0,27,0.000013,0,1,1,0,1,1
29577351,,0,0,27,0.000013,0,1,1,0,1,1
29229973,,0,0,27,0.000013,0,1,1,0,1,1
28525372,,0,0,27,0.000013,0,1,1,0,1,1
28439492,,0,0,27,0.000013,0,1,1,0,1,1
28252645,,0,0,27,0.000013,0,1,1,0,1,1
28061449,,0,0,27,0.000013,0,1,1,0,1,1
27648580,,0,0,27,0.000013,0,1,1,0,1,1
27617288,,0,0,27,0.000013,0,1,1,0,1,1
27499703,,0,0,27,0.000013,0,1,1,0,1,1
27270502,,0,0,27,0.000013,0,1,1,0,1,1
27128470,,0,0,27,0.000013,0,1,1,0,1,1
26933822,,0,0,27,0.000013,0,1,1,0,1,1
25528264,,0,0,27,0.000013,0,1,1,0,1,1
25502176,,0,0,27,0.000013,0,1,1,0,1,1
28018989,,0,0,32,0.000013,0,1,1,0,1,1
27707917,,0,0,32,0.000013,0,1,1,0,1,1
27058624,,0,0,32,0.000013,0,1,1,0,1,1
26839260,,0,0,32,0.000013,0,1,1,0,1,1
26297050,,0,0,32,0.000013,0,1,1,0,1,1
25955018,,0,0,32,0.000013,0,1,1,0,1,1
25762616,,0,0,32,0.000013,0,1,1,0,1,1
28685073,,0,0.000068,41,0.000013,0,1,1,0,1,1
27682871,,0,0.000068,41,0.000013,0,1,1,0,1,1
26244529,,0,0.000146,41,0.000013,0,2,2,0,2,2
30363270,,0,0.000023,31,0.000013,0,1,1,0,1,1
29487225,,0,0.000023,31,0.000013,0,1,1,0,1,1
29458960,,0,0.000023,31,0.000013,0,1,1,0,1,1
29133621,,0,0.000023,31,0.000013,0,1,1,0,1,1
29038235,,0,0.000023,31,0.000013,0,1,1,0,1,1
28939679,,0,0.000157,31,0.000013,0,2,2,0,2,2
28550027,,0,0.000023,31,0.000013,0,1,1,0,1,1
28424323,,0,0.000023,31,0.000013,0,1,1,0,1,1
28061482,,0,0.000023,31,0.000013,0,1,1,0,1,1
27873079,,0,0.000023,31,0.000013,0,1,1,0,1,1
27389805,,0,0.000023,31,0.000013,0,1,1,0,1,1
26824502,,0,0.000023,31,0.000013,0,1,1,0,1,1
26734837,,0,0.000023,31,0.000013,0,1,1,0,1,1
26439695,,0,0.000023,31,0.000013,0,1,1,0,1,1
26433948,,0,0.000023,31,0.000013,0,1,1,0,1,1
26433554,,0,0.000023,31,0.000013,0,1,1,0,1,1
26418953,,0,0.000023,31,0.000013,0,1,1,0,1,1
26287187,,0,0.000023,31,0.000013,0,1,1,0,1,1
26247885,,0,0.000023,31,0.000013,0,1,1,0,1,1
26030337,,0,0.000023,31,0.000013,0,1,1,0,1,1
25944621,,0,0.000023,31,0.000013,0,1,1,0,1,1
25928476,,0,0.000023,31,0.000013,0,1,1,0,1,1
25908602,,0,0.000023,31,0.000013,0,1,1,0,1,1
25326492,,0,0.000023,31,0.000013,0,1,1,0,1,1
26702755,,0,0,22,0.000013,0,1,1,0,1,1
26667241,,0,0,22,0.000013,0,1,1,0,1,1
29574860,,0,0.000037,0,0.000013,0,1,1,0,1,1
28746163,,0,0.000037,0,0.000013,0,1,1,0,1,1
28368409,,0,0.000037,0,0.000013,0,1,1,0,1,1
27923781,,0,0.000037,0,0.000013,0,1,1,0,1,1
26757262,,0,0.000037,0,0.000013,0,1,1,0,1,1
26603260,,0,0.000037,0,0.000013,0,1,1,0,1,1
26471496,,0,0.000037,0,0.000013,0,1,1,0,1,1
25709474,,0,0.000037,0,0.000013,0,1,1,0,1,1
25553984,,0,0.000037,0,0.000013,0,1,1,0,1,1
25460500,,0,0.000037,0,0.000013,0,1,1,0,1,1
30076369,,0,0.000006,5,0.000013,0,2,2,0,2,2
29665779,,0,0.000008,5,0.000013,0,2,2,0,2,2
29082372,,0,0.000006,5,0.000013,0,1,1,0,1,1
28629316,,0,0.000006,5,0.000013,0,1,1,0,1,1
28185542,,0,0.000006,5,0.000013,0,1,1,0,1,1
27168869,,0,0.000006,5,0.000013,0,1,1,0,1,1
26672755,,0,0.000006,5,0.000013,0,1,1,0,1,1
28721269,,0,0.000007,8,0.000013,0,1,1,0,1,1
28642363,,0,0.000007,8,0.000013,0,1,1,0,1,1
27572464,,0,0.000007,8,0.000013,0,1,1,0,1,1
25516852,,0,0.000007,8,0.000013,0,1,1,0,1,1
30271341,,0,0.000018,32,0.000013,0,1,1,0,1,1
27570417,,0,0.000018,32,0.000013,0,1,1,0,1,1
27119356,,0,0.000018,32,0.000013,0,1,1,0,1,1
26494953,,0,0.000018,32,0.000013,0,1,1,0,1,1
25646628,,0,0.000061,51,0.000013,0,2,2,0,2,2
25642339,,0,0.000018,32,0.000013,0,1,1,0,1,1
25636450,,0,0.000018,32,0.000013,0,1,1,0,1,1
28758101,,0,0,5,0.000013,0,1,1,0,1,1
29430503,,0,0.001283,51,0.000013,0,4,4,0,4,4
28350129,,0,0.00026,51,0.000013,0,2,2,0,2,2
28218733,,0,0.000259,51,0.000013,0,1,1,0,1,1
27663479,,0,0.000259,51,0.000013,0,1,1,0,1,1
27231574,,0,0.001915,51,0.000013,0,5,5,0,5,5
27000769,,0,0.001031,51,0.000013,0,3,3,0,3,3
26405320,,0,0.000843,32,0.000013,0,3,3,0,3,3
30159412,,0,0.000113,32,0.000013,0,2,2,0,2,2
29234674,,0,0.000055,32,0.000013,0,1,1,0,1,1
28911111,,0,0.000055,32,0.000013,0,1,1,0,1,1
28900507,,0,0.000057,32,0.000013,0,2,2,0,2,2
26717044,,0,0.000055,32,0.000013,0,1,1,0,1,1
26675282,,0,0.000055,32,0.000013,0,1,1,0,1,1
26670277,,0,0.000055,32,0.000013,0,1,1,0,1,1
26234674,,0,0.000055,32,0.000013,0,1,1,0,1,1
25303020,,0,0.000055,32,0.000013,0,1,1,0,1,1
29133618,,0,0.00006,32,0.000013,0,1,1,0,1,1
28978035,,0,0.00006,32,0.000013,0,1,1,0,1,1
28383032,,0,0.00006,32,0.000013,0,1,1,0,1,1
28328815,,0,0.00006,32,0.000013,0,1,1,0,1,1
28287096,,0,0.00006,32,0.000013,0,1,1,0,1,1
26755648,,0,0.00006,32,0.000013,0,1,1,0,1,1
26197772,,0,0.00006,32,0.000013,0,1,1,0,1,1
25888649,,0,0.00006,32,0.000013,0,1,1,0,1,1
25658842,,0,0.00006,32,0.000013,0,1,1,0,1,1
27848897,,0,0.000069,41,0.000013,0,1,1,0,1,1
30225213,,0,0.000006,17,0.000013,0,3,3,0,3,3
30130255,,0,0.000005,17,0.000013,0,1,1,0,1,1
30104567,,0,0.000005,17,0.000013,0,1,1,0,1,1
30050779,,0,0.000005,17,0.000013,0,1,1,0,1,1
29928145,,0,0.000005,17,0.000013,0,1,1,0,1,1
29924316,,0,0.000005,17,0.000013,0,1,1,0,1,1
29859855,,0,0.000005,17,0.000013,0,1,1,0,1,1
29691392,,0,0.000005,17,0.000013,0,1,1,0,1,1
29486777,,0,0.000005,17,0.000013,0,1,1,0,1,1
29435303,,0,0.000005,17,0.000013,0,1,1,0,1,1
29178451,,0,0.000005,17,0.000013,0,1,1,0,1,1
28968839,,0,0.000005,17,0.000013,0,1,1,0,1,1
28637795,,0,0.000008,23,0.000013,0,2,2,0,2,2
28629446,,0,0.000005,17,0.000013,0,1,1,0,1,1
28604730,,0,0.000006,17,0.000013,0,2,2,0,2,2
28490319,,0,0.000005,17,0.000013,0,1,1,0,1,1
28447668,,0,0.000005,17,0.000013,0,1,1,0,1,1
28400551,,0,0.000005,17,0.000013,0,1,1,0,1,1
28383684,,0,0.000005,17,0.000013,0,1,1,0,1,1
28304396,,0,0.000005,17,0.000013,0,1,1,0,1,1
28273134,,0,0.000005,17,0.000013,0,1,1,0,1,1
28241208,,0,0.000005,17,0.000013,0,1,1,0,1,1
28169989,,0,0.000005,17,0.000013,0,1,1,0,1,1
28150878,,0,0.000005,17,0.000013,0,1,1,0,1,1
28036406,,0,0.000005,17,0.000013,0,1,1,0,1,1
28025329,,0,0.000005,17,0.000013,0,1,1,0,1,1
27805284,,0,0.000005,17,0.000013,0,1,1,0,1,1
27747004,,0,0.000005,17,0.000013,0,1,1,0,1,1
27713484,,0,0.000005,17,0.000013,0,1,1,0,1,1
27697780,,0,0.000011,22,0.000013,0,2,2,0,2,2
27582876,,0,0.000005,17,0.000013,0,1,1,0,1,1
27565901,,0,0.000005,17,0.000013,0,1,1,0,1,1
27559110,,0,0.000005,17,0.000013,0,1,1,0,1,1
27501781,,0,0.000005,17,0.000013,0,1,1,0,1,1
27487993,,0,0.000005,17,0.000013,0,1,1,0,1,1
27393504,,0,0.000005,17,0.000013,0,1,1,0,1,1
27288692,,0,0.000005,17,0.000013,0,1,1,0,1,1
27230571,,0,0.000005,17,0.000013,0,1,1,0,1,1
27197191,,0.00002,0.000005,17,0.000094,10,1,11,10,1,11
27146958,,0,0.000005,17,0.000013,0,1,1,0,1,1
26905588,,0,0.000005,17,0.000035,2,1,3,2,1,3
26870794,,0,0.000005,17,0.000013,0,1,1,0,1,1
26801409,,0,0.000005,17,0.000013,0,1,1,0,1,1
26757198,,0,0.000005,17,0.000013,0,1,1,0,1,1
26483192,,0,0.000005,17,0.000013,0,1,1,0,1,1
26463672,,0,0.000005,17,0.000013,0,1,1,0,1,1
26440539,,0,0.000005,17,0.000013,0,1,1,0,1,1
26363033,,0,0.000005,17,0.000013,0,1,1,0,1,1
26282996,,0,0.000005,17,0.000013,0,1,1,0,1,1
26282330,,0,0.000005,17,0.000013,0,1,1,0,1,1
26274820,,0,0.000005,17,0.000013,0,1,1,0,1,1
26264438,,0,0.000005,17,0.000035,2,1,3,2,1,3
26132489,,0,0.000005,17,0.000013,0,1,1,0,1,1
25937444,,0,0.000005,17,0.000013,0,1,1,0,1,1
25914760,,0,0.000005,17,0.000013,0,1,1,0,1,1
25849957,,0,0.000005,17,0.000013,0,1,1,0,1,1
25804397,,0,0.000005,17,0.000013,0,1,1,0,1,1
25644374,,0,0.000005,17,0.000013,0,1,1,0,1,1
25640678,,0,0.000005,17,0.000013,0,1,1,0,1,1
28808501,,0,0.000054,31,0.000013,0,2,2,0,2,2
26848422,,0,0.00001,31,0.000013,0,1,1,0,1,1
26637438,,0,0.00001,31,0.000013,0,1,1,0,1,1
27463838,,0,0.000024,32,0.000013,0,1,1,0,1,1
27043632,,0,0.000024,32,0.000013,0,1,1,0,1,1
26700961,,0,0.000024,32,0.000013,0,1,1,0,1,1
26416444,,0,0.000024,32,0.000013,0,1,1,0,1,1
26350096,,0,0.000171,32,0.000013,0,2,2,0,2,2
26134262,,0,0.000024,32,0.000013,0,1,1,0,1,1
25514600,,0,0.000024,32,0.000013,0,1,1,0,1,1
28197171,,0,0,2,0.000013,0,1,1,0,1,1
27864908,,0,0,2,0.000013,0,1,1,0,1,1
28840409,,0,0.000017,5,0.000013,0,1,1,0,1,1
29447163,,0,0,5,0.000024,1,1,2,1,1,2
28868568,,0,0.000008,5,0.000013,0,2,2,0,2,2
26516186,,0,0.000002,2,0.000013,0,1,1,0,1,1
27606294,,0,0,41,0.000013,0,1,1,0,1,1
28559781,,0,0,2,0.000013,0,1,1,0,1,1
28099906,,0,0,2,0.000013,0,1,1,0,1,1
28262781,,0,0,32,0.000013,0,1,1,0,1,1
27821810,,0,0,32,0.000013,0,1,1,0,1,1
26811602,,0,0,32,0.000013,0,1,1,0,1,1
29163809,,0,0,22,0.000013,0,1,1,0,1,1
29459886,,0,0.000002,32,0.000013,0,1,1,0,1,1
25395862,,0,0.000002,32,0.000013,0,1,1,0,1,1
29720878,,0,0.000012,10,0.000013,0,1,1,0,1,1
24978188,,0.000512,0,10,0.000227,21,0,21,21,0,21
28007623,,0,0.000012,10,0.000013,0,1,1,0,1,1
27863413,,0,0.000012,10,0.000013,0,1,1,0,1,1
27676363,,0,0.000012,10,0.000013,0,1,1,0,1,1
27528792,,0,0.000012,10,0.000013,0,1,1,0,1,1
27101199,,0,0.000012,10,0.000013,0,1,1,0,1,1
27040854,,0,0.000012,10,0.000013,0,1,1,0,1,1
26958493,,0,0.000012,10,0.000013,0,1,1,0,1,1
26958492,,0,0.000012,10,0.000013,0,1,1,0,1,1
26934441,,0,0.000012,10,0.000013,0,1,1,0,1,1
26883360,,0,0.000012,10,0.000013,0,1,1,0,1,1
26722270,,0,0.000012,10,0.000013,0,1,1,0,1,1
26581482,,0,0.000012,10,0.000013,0,1,1,0,1,1
26370156,,0,0.000012,10,0.000013,0,1,1,0,1,1
26221190,,0,0.000012,10,0.000013,0,1,1,0,1,1
26220992,,0,0.000012,10,0.000013,0,1,1,0,1,1
26124082,,0,0.000012,10,0.000013,0,1,1,0,1,1
26066407,,0,0.000012,10,0.000013,0,1,1,0,1,1
26032282,,0,0.000012,10,0.000013,0,1,1,0,1,1
29190888,,0,0.00001,8,0.000013,0,1,1,0,1,1
26125302,,0,0.000147,35,0.000018,1,4,5,1,4,5
29604436,,0,0.000046,31,0.000013,0,2,2,0,2,2
25001612,,0.000117,0,31,0.000053,6,0,6,6,0,6
29566179,,0,0.000003,31,0.000013,0,1,1,0,1,1
26157284,,0,0.000003,31,0.000013,0,1,1,0,1,1
25846288,,0,0.000003,31,0.000013,0,1,1,0,1,1
29324832,,0,0,2,0.000013,0,1,1,0,1,1
30166462,,0,0.000001,32,0.000013,0,1,1,0,1,1
30093639,,0,0.000001,32,0.000013,0,1,1,0,1,1
30045945,,0,0.000001,32,0.000013,0,1,1,0,1,1
29997151,,0,0.000001,32,0.000013,0,1,1,0,1,1
29954776,,0,0.000001,32,0.000013,0,1,1,0,1,1
29945296,,0,0.000001,32,0.000013,0,1,1,0,1,1
29873416,,0,0.000001,32,0.000013,0,1,1,0,1,1
29629425,,0,0.000001,32,0.000013,0,1,1,0,1,1
29588868,,0,0.000001,32,0.000013,0,1,1,0,1,1
29328472,,0,0.000001,32,0.000013,0,1,1,0,1,1
29238848,,0,0.000001,32,0.000013,0,1,1,0,1,1
29080385,,0,0.000001,32,0.000013,0,1,1,0,1,1
28819029,,0,0.000001,32,0.000013,0,1,1,0,1,1
28720588,,0,0.000001,32,0.000013,0,1,1,0,1,1
28691904,,0,0.000001,32,0.000013,0,1,1,0,1,1
28561686,,0,0.000021,23,0.000013,0,2,2,0,2,2
28430664,,0,0.000001,32,0.000013,0,1,1,0,1,1
28430577,,0,0.000001,32,0.000013,0,1,1,0,1,1
28319320,,0,0.000001,32,0.000013,0,1,1,0,1,1
28233365,,0,0.000001,32,0.000013,0,1,1,0,1,1
28170253,,0,0.000001,32,0.000013,0,1,1,0,1,1
28135250,,0,0.000001,32,0.000013,0,1,1,0,1,1
28134926,,0,0.000001,32,0.000013,0,1,1,0,1,1
28125078,,0,0.000877,35,0.000013,0,5,5,0,5,5
27863422,,0,0.000001,32,0.000013,0,1,1,0,1,1
27792997,,0,0.000001,32,0.000013,0,1,1,0,1,1
27760307,,0,0.000135,32,0.000013,0,2,2,0,2,2
27671553,,0,0.000001,32,0.000013,0,1,1,0,1,1
27664537,,0,0.000001,32,0.000013,0,1,1,0,1,1
27635231,,0,0.000004,32,0.000013,0,2,2,0,2,2
27528222,,0,0.000001,32,0.000013,0,1,1,0,1,1
27471654,,0,0.000001,32,0.000013,0,1,1,0,1,1
27364557,,0,0.000001,32,0.000013,0,1,1,0,1,1
27352193,,0,0.000001,32,0.000013,0,1,1,0,1,1
27317769,,0,0.000001,32,0.000013,0,1,1,0,1,1
27132463,,0,0.000001,32,0.000013,0,1,1,0,1,1
27077911,,0,0.000001,32,0.000013,0,1,1,0,1,1
26994145,,0,0.000021,23,0.000013,0,2,2,0,2,2
26979953,,0,0.000001,32,0.000013,0,1,1,0,1,1
26871722,,0,0.000001,32,0.000013,0,1,1,0,1,1
26855137,,0,0.000001,32,0.000013,0,1,1,0,1,1
26848860,,0,0.000001,32,0.000013,0,1,1,0,1,1
26835365,,0,0.000001,32,0.000013,0,1,1,0,1,1
26807198,,0,0.000001,32,0.000013,0,1,1,0,1,1
26802024,,0,0.000001,32,0.000013,0,1,1,0,1,1
26776507,,0,0.000001,32,0.000013,0,1,1,0,1,1
26690869,,0,0.000001,32,0.000013,0,1,1,0,1,1
26684580,,0,0.000001,32,0.000013,0,1,1,0,1,1
26659575,,0,0.000001,32,0.000013,0,1,1,0,1,1
26623725,,0,0.000001,32,0.000013,0,1,1,0,1,1
26616853,,0,0.000001,32,0.000013,0,1,1,0,1,1
26573141,,0,0.000001,32,0.000013,0,1,1,0,1,1
26455317,,0,0.000001,32,0.000013,0,1,1,0,1,1
26402468,,0,0.000001,32,0.000013,0,1,1,0,1,1
26349414,,0,0.000001,32,0.000013,0,1,1,0,1,1
26337082,,0,0.000001,32,0.000013,0,1,1,0,1,1
26214589,,0,0.000001,32,0.000013,0,1,1,0,1,1
26193259,,0,0.000001,32,0.000013,0,1,1,0,1,1
26000096,,0,0.000001,32,0.000013,0,1,1,0,1,1
25914746,,0,0.000001,32,0.000013,0,1,1,0,1,1
25870707,,0,0.000001,32,0.000013,0,1,1,0,1,1
25869102,,0,0.000001,32,0.000013,0,1,1,0,1,1
25704812,,0,0.000001,32,0.000013,0,1,1,0,1,1
25676695,,0,0.000001,32,0.000013,0,1,1,0,1,1
25625846,,0,0.000001,32,0.000013,0,1,1,0,1,1
25409851,,0,0.000001,32,0.000013,0,1,1,0,1,1
25321332,,0,0.000001,32,0.000013,0,1,1,0,1,1
28733602,,0,0.000012,8,0.000013,0,1,1,0,1,1
28369217,,0,0.000012,8,0.000013,0,1,1,0,1,1
25971280,,0,0.000012,8,0.000013,0,1,1,0,1,1
25870538,,0,0.000012,8,0.000013,0,1,1,0,1,1
25697341,,0,0.000012,8,0.000013,0,1,1,0,1,1
25025963,,0.002686,0,32,0.000155,22,0,22,22,0,22
29988316,,0,0.00006,32,0.000013,0,1,1,0,1,1
28655785,,0.001234,0.000286,32,0.000034,6,3,9,6,3,9
28394191,,0,0.000278,32,0.000013,0,2,2,0,2,2
27668267,,0,0.00006,32,0.000013,0,1,1,0,1,1
26927065,,0.000018,0.00006,51,0.000053,5,1,6,5,1,6
26526790,,0,0.00006,32,0.000013,0,1,1,0,1,1
25792808,,0,0.00006,32,0.000013,0,1,1,0,1,1
27065772,,0,0,8,0.000013,0,1,1,0,1,1
26289323,,0,0,8,0.000013,0,1,1,0,1,1
25026971,,0,0,8,0.000013,0,1,1,0,1,1
30286182,,0,0,0,0.000013,0,1,1,0,1,1
30253781,,0,0.000001,32,0.000013,0,1,1,0,1,1
29590171,,0,0.000001,32,0.000013,0,1,1,0,1,1
30135474,,0,0.000001,35,0.000013,0,1,1,0,1,1
30112033,,0,0.000001,35,0.000013,0,1,1,0,1,1
29848992,,0,0.000001,35,0.000013,0,1,1,0,1,1
29844397,,0,0.000001,35,0.000013,0,1,1,0,1,1
29636693,,0,0.000001,35,0.000013,0,1,1,0,1,1
29552156,,0,0.000001,35,0.000013,0,1,1,0,1,1
29455664,,0,0.000001,35,0.000013,0,1,1,0,1,1
29434522,,0,0.000001,35,0.000013,0,1,1,0,1,1
29300316,,0,0.000001,35,0.000013,0,1,1,0,1,1
29290976,,0,0.000001,35,0.000013,0,1,1,0,1,1
29267323,,0,0.000001,35,0.000013,0,1,1,0,1,1
29200866,,0,0.000001,35,0.000013,0,1,1,0,1,1
29162840,,0,0.000001,35,0.000013,0,1,1,0,1,1
29156633,,0,0.000001,35,0.000013,0,1,1,0,1,1
28911004,,0,0.000001,35,0.000013,0,1,1,0,1,1
28843257,,0,0.000001,35,0.000013,0,1,1,0,1,1
28827892,,0,0.000001,35,0.000013,0,1,1,0,1,1
28628728,,0,0.000001,35,0.000013,0,1,1,0,1,1
28446242,,0,0.000001,35,0.000013,0,1,1,0,1,1
28423650,,0,0.000001,35,0.000013,0,1,1,0,1,1
28301567,,0,0.000001,35,0.000013,0,1,1,0,1,1
28057023,,0,0.000001,35,0.000013,0,1,1,0,1,1
28053965,,0,0.000001,35,0.000013,0,1,1,0,1,1
28029649,,0,0.000001,35,0.000013,0,1,1,0,1,1
27999207,,0,0.000001,35,0.000013,0,1,1,0,1,1
27939360,,0,0.000001,35,0.000013,0,1,1,0,1,1
27876791,,0,0.000001,35,0.000013,0,1,1,0,1,1
27862996,,0,0.000001,35,0.000013,0,1,1,0,1,1
27757032,,0,0.000001,35,0.000013,0,1,1,0,1,1
27620353,,0,0.000001,35,0.000013,0,1,1,0,1,1
27356748,,0,0.000001,35,0.000013,0,1,1,0,1,1
27347100,,0,0.000001,35,0.000013,0,1,1,0,1,1
27240166,,0,0.000001,35,0.000013,0,1,1,0,1,1
27221039,,0,0.000001,35,0.000013,0,1,1,0,1,1
27154770,,0,0.000001,35,0.000013,0,1,1,0,1,1
27059645,,0,0.000001,35,0.000013,0,1,1,0,1,1
27058424,,0,0.000001,35,0.000013,0,1,1,0,1,1
27032101,,0,0.000001,35,0.000013,0,1,1,0,1,1
26967567,,0,0.000001,35,0.000013,0,1,1,0,1,1
26959405,,0,0.000001,35,0.000013,0,1,1,0,1,1
26869349,,0,0.000001,35,0.000013,0,1,1,0,1,1
26814435,,0,0.000001,35,0.000013,0,1,1,0,1,1
26728598,,0,0.000001,35,0.000013,0,1,1,0,1,1
26686087,,0,0.000001,35,0.000013,0,1,1,0,1,1
26510686,,0,0.000001,35,0.000013,0,1,1,0,1,1
26501324,,0,0.000001,35,0.000013,0,1,1,0,1,1
26497685,,0,0.000001,35,0.000013,0,1,1,0,1,1
26491255,,0,0.000001,35,0.000013,0,1,1,0,1,1
26461472,,0,0.000001,35,0.000013,0,1,1,0,1,1
26284192,,0,0.000001,35,0.000013,0,1,1,0,1,1
26158518,,0,0.000001,35,0.000013,0,1,1,0,1,1
26072498,,0,0.000001,35,0.000013,0,1,1,0,1,1
26033454,,0,0.000001,35,0.000013,0,1,1,0,1,1
25909289,,0,0.000001,35,0.000013,0,1,1,0,1,1
25885924,,0,0.000001,35,0.000013,0,1,1,0,1,1
25871399,,0,0.000001,35,0.000013,0,1,1,0,1,1
25621296,,0,0.000001,35,0.000013,0,1,1,0,1,1
25450330,,0,0.000001,35,0.000013,0,1,1,0,1,1
25415353,,0,0.000001,35,0.000013,0,1,1,0,1,1
28178675,,0,0.000013,8,0.000013,0,1,1,0,1,1
26872382,,0,0.000013,8,0.000013,0,1,1,0,1,1
26452569,,0,0.000013,8,0.000013,0,1,1,0,1,1
26180923,,0.000868,0.000228,51,0.000089,14,4,18,14,4,18
25062114,,0.000024,0,5,0.000015,1,0,1,1,0,1
30255812,,0,0.000036,33,0.000013,0,1,1,0,1,1
29092899,,0,0.000036,33,0.000013,0,1,1,0,1,1
28254385,,0,0.000036,33,0.000013,0,1,1,0,1,1
28068899,,0,0.000036,33,0.000013,0,1,1,0,1,1
27453436,,0,0.000036,33,0.000013,0,1,1,0,1,1
27053939,,0,0.000036,33,0.000013,0,1,1,0,1,1
26798410,,0,0.000036,33,0.000013,0,1,1,0,1,1
26244061,,0,0.000036,33,0.000013,0,1,1,0,1,1
25996148,,0,0.000036,33,0.000013,0,1,1,0,1,1
25069863,,0.000515,0,41,0.000038,3,0,3,3,0,3
27330821,,0,0.000012,41,0.000013,0,1,1,0,1,1
27123075,,0,0.000012,41,0.000013,0,1,1,0,1,1
30074526,,0,0.000043,51,0.000013,0,1,1,0,1,1
29742009,,0,0.000043,51,0.000013,0,1,1,0,1,1
28139684,,0,0.000043,51,0.000013,0,1,1,0,1,1
27812005,,0,0.000062,51,0.000013,0,2,2,0,2,2
26613085,,0,0.000043,51,0.000013,0,1,1,0,1,1
26429991,,0,0.000954,51,0.000013,0,3,3,0,3,3
29207607,,0,0.000129,31,0.000013,0,1,1,0,1,1
27851748,,0,0.00016,31,0.000013,0,2,2,0,2,2
27721871,,0,0.000129,31,0.000013,0,1,1,0,1,1
27595477,,0,0.000391,32,0.000013,0,5,5,0,5,5
26929787,,0,0.000158,31,0.000013,0,2,2,0,2,2
26504789,,0,0.000129,31,0.000013,0,1,1,0,1,1
30185910,,0,0.000113,23,0.000013,0,1,1,0,1,1
30099541,,0,0.000494,35,0.000013,0,5,5,0,5,5
29560826,,0,0.000113,23,0.000013,0,1,1,0,1,1
29522266,,0.000004,0.000399,5,0.000014,1,5,6,1,5,6
26970122,,0,0.000194,5,0.000013,0,3,3,0,3,3
26847058,,0,0.000113,23,0.000013,0,1,1,0,1,1
26770168,,0,0.000113,23,0.000013,0,1,1,0,1,1
29391368,,0,0.000004,51,0.000013,0,1,1,0,1,1
25811344,,0.000022,0.000004,51,0.000049,4,1,5,4,1,5
30184498,,0,0.000009,8,0.000013,0,1,1,0,1,1
29875999,,0,0.000009,8,0.000013,0,1,1,0,1,1
29422626,,0,0.000009,8,0.000013,0,1,1,0,1,1
29309644,,0,0.000009,8,0.000013,0,1,1,0,1,1
29024939,,0,0.000009,8,0.000013,0,1,1,0,1,1
28811666,,0,0.000009,8,0.000013,0,1,1,0,1,1
28220209,,0,0.000009,8,0.000013,0,1,1,0,1,1
27636196,,0,0.000009,8,0.000013,0,1,1,0,1,1
27382066,,0,0.000009,8,0.000013,0,1,1,0,1,1
27298253,,0,0.000009,8,0.000013,0,1,1,0,1,1
27029031,,0,0.000139,8,0.000013,0,3,3,0,3,3
26271993,,0,0.000009,8,0.000013,0,1,1,0,1,1
25957489,,0,0.000009,8,0.000013,0,1,1,0,1,1
30092803,,0,0.000003,5,0.000013,0,2,2,0,2,2
29221462,,0,0.000001,10,0.000013,0,1,1,0,1,1
29082482,,0,0.000001,10,0.000013,0,1,1,0,1,1
27144059,,0,0.000148,10,0.000013,0,3,3,0,3,3
26590952,,0,0.000001,10,0.000013,0,1,1,0,1,1
26473189,,0,0.000001,10,0.000013,0,1,1,0,1,1
26320725,,0,0.000001,10,0.000013,0,1,1,0,1,1
25557400,,0,0.000001,10,0.000013,0,1,1,0,1,1
29719480,,0,0.000013,70,0.000024,1,1,2,1,1,2
29609138,,0,0.000233,51,0.000013,0,3,3,0,3,3
29502208,,0,0.000013,70,0.000013,0,1,1,0,1,1
28231280,,0,0.000013,70,0.000013,0,1,1,0,1,1
28228262,,0,0.000013,70,0.000013,0,1,1,0,1,1
27807077,,0,0.000013,70,0.000013,0,1,1,0,1,1
26885449,,0,0.000013,70,0.000013,0,1,1,0,1,1
26683224,,0,0.000013,70,0.000013,0,1,1,0,1,1
26546618,,0,0.000013,70,0.000013,0,1,1,0,1,1
25580814,,0,0.000013,70,0.000013,0,1,1,0,1,1
27077044,,0,0.000025,5,0.000013,0,1,1,0,1,1
28623259,,0,0.000015,41,0.000013,0,1,1,0,1,1
25774687,,0,0.000001,2,0.000013,0,1,1,0,1,1
29216274,,0,0.000151,23,0.000013,0,4,4,0,4,4
28874965,,0,0.000003,23,0.000013,0,1,1,0,1,1
27621566,,0,0.000003,23,0.000013,0,1,1,0,1,1
26290627,,0,0.000003,23,0.000013,0,1,1,0,1,1
25717223,,0,0.000003,23,0.000013,0,1,1,0,1,1
29047382,,0,0,30,0.000013,0,1,1,0,1,1
28726117,,0,0,30,0.000013,0,1,1,0,1,1
27997380,,0,0,30,0.000013,0,1,1,0,1,1
27923387,,0,0,30,0.000013,0,1,1,0,1,1
27806604,,0,0,30,0.000013,0,1,1,0,1,1
27573841,,0,0,30,0.000013,0,1,1,0,1,1
27113363,,0,0,30,0.000013,0,1,1,0,1,1
26639025,,0,0,30,0.000013,0,2,2,0,2,2
29973242,,0,0,5,0.000013,0,1,1,0,1,1
29524069,,0,0.000045,5,0.000013,0,1,1,0,1,1
29348822,,0,0.000045,5,0.000013,0,1,1,0,1,1
28441061,,0,0.000045,5,0.000013,0,1,1,0,1,1
27716394,,0,0.000065,23,0.000013,0,2,2,0,2,2
27595999,,0,0.000295,5,0.000013,0,2,2,0,2,2
29483831,,0,0,2,0.000013,0,1,1,0,1,1
29789391,,0,0.000004,44,0.000013,0,1,1,0,1,1
29382819,,0,0.000004,44,0.000013,0,1,1,0,1,1
28935017,,0,0.000004,44,0.000013,0,1,1,0,1,1
28656268,,0,0.000004,44,0.000013,0,1,1,0,1,1
28650989,,0,0.000004,44,0.000013,0,1,1,0,1,1
28644436,,0,0.000004,44,0.000013,0,1,1,0,1,1
28387539,,0,0.000004,44,0.000013,0,1,1,0,1,1
28045433,,0,0.000004,44,0.000013,0,1,1,0,1,1
27288568,,0,0.000004,44,0.000013,0,1,1,0,1,1
26942001,,0,0.000004,44,0.000013,0,1,1,0,1,1
26728553,,0,0.000004,44,0.000013,0,1,1,0,1,1
26549256,,0,0.000004,44,0.000013,0,1,1,0,1,1
26530630,,0,0.000004,44,0.000013,0,1,1,0,1,1
26393999,,0,0.000004,44,0.000013,0,1,1,0,1,1
30271116,,0,0.00108,31,0.000013,0,5,5,0,5,5
29770165,,0,0.000526,51,0.000013,0,2,2,0,2,2
29662548,,0,0.000523,51,0.000013,0,1,1,0,1,1
29444603,,0,0.000523,51,0.000013,0,1,1,0,1,1
29270064,,0,0.000526,51,0.000013,0,2,2,0,2,2
29249039,,0,0.000523,51,0.000013,0,1,1,0,1,1
29245013,,0,0.000523,51,0.000013,0,1,1,0,1,1
28974545,,0,0.000656,32,0.000013,0,2,2,0,2,2
28823141,,0,0.000523,51,0.000013,0,1,1,0,1,1
28465743,,0,0.000523,51,0.000013,0,1,1,0,1,1
27217446,,0,0.000523,51,0.000013,0,1,1,0,1,1
26846975,,0,0.000523,51,0.000013,0,1,1,0,1,1
26500886,,0,0.000523,51,0.000013,0,1,1,0,1,1
26474517,,0,0.000523,51,0.000013,0,1,1,0,1,1
26242216,,0,0.000523,51,0.000013,0,1,1,0,1,1
26188774,,0,0.000523,51,0.000013,0,1,1,0,1,1
25973002,,0,0.000523,51,0.000013,0,1,1,0,1,1
25841766,,0,0.000523,51,0.000013,0,1,1,0,1,1
25502429,,0,0.000523,51,0.000013,0,1,1,0,1,1
29023372,,0,0.00002,51,0.000013,0,1,1,0,1,1
28187001,,0,0.000022,51,0.000013,0,2,2,0,2,2
27539279,,0,0.00002,51,0.000013,0,1,1,0,1,1
26600777,,0.000006,0.000021,23,0.000031,3,2,5,3,2,5
26309352,,0,0.000053,51,0.000013,0,3,3,0,3,3
30121900,,0,0,5,0.000013,0,1,1,0,1,1
29970927,,0,0,5,0.000013,0,1,1,0,1,1
29497326,,0,0,5,0.000013,0,1,1,0,1,1
29206948,,0,0,5,0.000013,0,1,1,0,1,1
27253734,,0,0,5,0.000013,0,1,1,0,1,1
29852491,,0,0.000001,5,0.000013,0,2,2,0,2,2
30261931,,0,0.000019,2,0.000013,0,1,1,0,1,1
29561763,,0,0,71,0.000013,0,1,1,0,1,1
25243101,,0,0,71,0.000078,6,0,6,6,0,6
29283383,,0,0,71,0.000013,0,1,1,0,1,1
27774318,,0,0,71,0.000013,0,1,1,0,1,1
26581701,,0,0,71,0.000013,0,1,1,0,1,1
26264704,,0,0,71,0.000013,0,1,1,0,1,1
26131359,,0,0,71,0.000013,0,1,1,0,1,1
29739929,,0,0,11,0.000013,0,1,1,0,1,1
29100280,,0,0,11,0.000013,0,1,1,0,1,1
28510328,,0,0,11,0.000013,0,1,1,0,1,1
27914105,,0,0,11,0.000013,0,1,1,0,1,1
27578485,,0,0,11,0.000013,0,1,1,0,1,1
27169428,,0,0,11,0.000013,0,1,1,0,1,1
26575331,,0,0,11,0.000013,0,1,1,0,1,1
26521212,,0,0,11,0.000013,0,1,1,0,1,1
26382192,,0,0,11,0.000029,2,1,3,2,1,3
25953768,,0,0,11,0.000013,0,1,1,0,1,1
25628125,,0,0,11,0.000013,0,1,1,0,1,1
25598740,,0,0,72,0.000013,0,1,1,0,1,1
25249812,,0,0,72,0.000024,1,0,1,1,0,1
30013648,,0,0,35,0.000013,0,1,1,0,1,1
28977987,,0,0.000011,35,0.000013,0,2,2,0,2,2
26823845,,0,0,35,0.000013,0,1,1,0,1,1
28971280,,0,0.000008,19,0.000013,0,3,3,0,3,3
28538003,,0,0.000005,19,0.000013,0,1,1,0,1,1
27545020,,0,0.000005,19,0.000013,0,1,1,0,1,1
26998074,,0,0,0,0.000013,0,1,1,0,1,1
28698361,,0,0.000026,8,0.000013,0,1,1,0,1,1
27053917,,0,0.000026,8,0.000013,0,1,1,0,1,1
30258916,,0,0.000013,35,0.000013,0,2,2,0,2,2
29351780,,0,0.000018,35,0.000013,0,4,4,0,4,4
29088804,,0,0.000011,35,0.000013,0,1,1,0,1,1
28759388,,0,0.000011,35,0.000013,0,1,1,0,1,1
27585847,,0,0.000034,35,0.000013,0,2,2,0,2,2
26483394,,0.000355,0.000061,23,0.000063,18,3,21,18,3,21
26480299,,0,0.000011,35,0.000013,0,1,1,0,1,1
26139844,,0,0.000011,35,0.000013,0,1,1,0,1,1
30214684,,0,0.000057,41,0.000013,0,1,1,0,1,1
29963131,,0,0.000057,41,0.000013,0,1,1,0,1,1
29755664,,0,0.000057,41,0.000013,0,1,1,0,1,1
29368982,,0,0.000057,41,0.000013,0,1,1,0,1,1
29221134,,0,0.000057,41,0.000013,0,1,1,0,1,1
28927063,,0,0.000057,41,0.000013,0,1,1,0,1,1
28923911,,0,0.000057,41,0.000013,0,1,1,0,1,1
28789342,,0,0.000057,41,0.000013,0,1,1,0,1,1
28579808,,0,0.000057,41,0.000013,0,1,1,0,1,1
28123637,,0,0.000057,41,0.000013,0,1,1,0,1,1
28086946,,0,0.000057,41,0.000013,0,1,1,0,1,1
27835595,,0,0.000057,41,0.000013,0,1,1,0,1,1
27626410,,0,0.000057,41,0.000013,0,1,1,0,1,1
27602140,,0,0.000057,41,0.000013,0,1,1,0,1,1
27158389,,0,0.000057,41,0.000013,0,1,1,0,1,1
26884845,,0,0.000057,41,0.000013,0,1,1,0,1,1
26500892,,0,0.000057,41,0.000013,0,1,1,0,1,1
27081110,,0,0.000005,5,0.000013,0,1,1,0,1,1
29116655,,0,0,5,0.000013,0,1,1,0,1,1
28881456,,0,0,5,0.000013,0,1,1,0,1,1
26784536,,0,0,5,0.000013,0,1,1,0,1,1
26716390,,0,0,5,0.000013,0,1,1,0,1,1
26109099,,0,0,5,0.000013,0,1,1,0,1,1
25316812,,0.001143,0,51,0.00021,24,0,24,24,0,24
30109022,,0,0.000026,51,0.000013,0,1,1,0,1,1
29732386,,0,0.000026,51,0.000013,0,1,1,0,1,1
29487705,,0,0.000026,51,0.000013,0,1,1,0,1,1
29354494,,0,0.000026,51,0.000013,0,1,1,0,1,1
29288513,,0,0.000119,51,0.000013,0,2,2,0,2,2
28894804,,0,0.000173,51,0.000013,0,2,2,0,2,2
28848661,,0,0.000026,51,0.000013,0,1,1,0,1,1
28600503,,0,0.000026,51,0.000013,0,1,1,0,1,1
28487862,,0,0.000026,51,0.000013,0,1,1,0,1,1
28346378,,0,0.000402,51,0.000013,0,4,4,0,4,4
28137924,,0,0.000028,51,0.000013,0,2,2,0,2,2
27567210,,0,0.00029,51,0.000013,0,3,3,0,3,3
27479538,,0,0.000026,51,0.000013,0,1,1,0,1,1
27376123,,0,0.000026,51,0.000013,0,1,1,0,1,1
27270441,,0,0.000026,51,0.000013,0,1,1,0,1,1
27044931,,0,0.000026,51,0.000013,0,1,1,0,1,1
26678880,,0,0.000026,51,0.000013,0,1,1,0,1,1
26065573,,0,0.000026,51,0.000013,0,1,1,0,1,1
25987535,,0,0.000026,51,0.000013,0,1,1,0,1,1
25909217,,0,0.000026,51,0.000013,0,1,1,0,1,1
27391337,,0,0.000001,2,0.000013,0,1,1,0,1,1
26273658,,0,0.000023,0,0.000013,0,1,1,0,1,1
26805733,,0,0.000012,32,0.000013,0,1,1,0,1,1
29286157,,0,0.000001,51,0.000013,0,2,2,0,2,2
28522553,,0,0,51,0.000013,0,1,1,0,1,1
27653222,,0,0,51,0.000013,0,1,1,0,1,1
26024915,,0,0,51,0.000013,0,1,1,0,1,1
29259228,,0,0.000041,32,0.000013,0,2,2,0,2,2
29190967,,0,0.00004,32,0.000013,0,1,1,0,1,1
28216624,,0,0.00004,32,0.000013,0,1,1,0,1,1
27765921,,0,0.00004,32,0.000013,0,1,1,0,1,1
27165605,,0,0.00004,32,0.000013,0,1,1,0,1,1
30185381,,0,0.000078,41,0.000013,0,1,1,0,1,1
28481779,,0,0.000078,41,0.000024,1,1,2,1,1,2
29348863,,0,0.000001,14,0.000013,0,1,1,0,1,1
28915683,,0,0.000001,14,0.000013,0,1,1,0,1,1
28915630,,0,0.000001,14,0.000013,0,1,1,0,1,1
28881835,,0,0.000001,14,0.000013,0,1,1,0,1,1
28445975,,0,0.000001,14,0.000013,0,1,1,0,1,1
28418878,,0,0.000001,14,0.000013,0,1,1,0,1,1
27687591,,0,0.000001,14,0.000013,0,1,1,0,1,1
26504746,,0,0.000001,14,0.000013,0,1,1,0,1,1
26124924,,0,0.000001,14,0.000013,0,1,1,0,1,1
30374464,,0,0.000015,31,0.000013,0,1,1,0,1,1
30317074,,0,0.000015,31,0.000013,0,1,1,0,1,1
30201020,,0,0.000015,31,0.000013,0,1,1,0,1,1
30061675,,0,0.000015,31,0.000013,0,1,1,0,1,1
29713984,,0,0.000015,31,0.000013,0,1,1,0,1,1
29666803,,0,0.000015,31,0.000013,0,1,1,0,1,1
29486792,,0,0.000015,31,0.000013,0,1,1,0,1,1
29472722,,0,0.000015,31,0.000013,0,1,1,0,1,1
29449271,,0,0.000015,31,0.000013,0,1,1,0,1,1
29363427,,0,0.000015,31,0.000013,0,1,1,0,1,1
29320538,,0,0.000162,31,0.000013,0,2,2,0,2,2
29262626,,0,0.000015,31,0.000013,0,1,1,0,1,1
29249819,,0,0.000015,31,0.000013,0,1,1,0,1,1
28930282,,0,0.000015,31,0.000013,0,1,1,0,1,1
28859074,,0,0.000015,31,0.000013,0,1,1,0,1,1
28728164,,0,0.000015,31,0.000013,0,1,1,0,1,1
28640357,,0,0.000015,31,0.000013,0,1,1,0,1,1
28491289,,0,0.000015,31,0.000013,0,1,1,0,1,1
28465312,,0,0.000062,31,0.000013,0,2,2,0,2,2
28462378,,0,0.000015,31,0.000013,0,1,1,0,1,1
28211519,,0,0.000149,31,0.000013,0,2,2,0,2,2
28002789,,0,0.000015,31,0.000013,0,1,1,0,1,1
27723755,,0,0.000015,31,0.000013,0,1,1,0,1,1
27722152,,0,0.000015,31,0.000013,0,1,1,0,1,1
27600491,,0,0.000015,31,0.000013,0,1,1,0,1,1
27594985,,0,0.000015,31,0.000013,0,1,1,0,1,1
27503924,,0,0.000015,31,0.000013,0,1,1,0,1,1
27441494,,0,0.000015,31,0.000013,0,1,1,0,1,1
27363029,,0,0.000015,31,0.000013,0,1,1,0,1,1
27254108,,0,0.000015,31,0.000013,0,1,1,0,1,1
27185889,,0,0.000015,31,0.000013,0,1,1,0,1,1
27138791,,0,0.000015,31,0.000013,0,1,1,0,1,1
27102294,,0,0.000015,31,0.000013,0,1,1,0,1,1
27087319,,0,0.000162,31,0.000013,0,2,2,0,2,2
27045317,,0,0.000015,31,0.000013,0,1,1,0,1,1
26908564,,0,0.000015,31,0.000013,0,1,1,0,1,1
26905591,,0,0.000015,31,0.000013,0,1,1,0,1,1
26733670,,0,0.000015,31,0.000013,0,1,1,0,1,1
26628482,,0,0.000015,31,0.000013,0,1,1,0,1,1
26447543,,0,0.000015,31,0.000013,0,1,1,0,1,1
26415501,,0,0.000015,31,0.000013,0,1,1,0,1,1
26328271,,0,0.000015,31,0.000013,0,1,1,0,1,1
26208895,,0,0.000015,31,0.000013,0,1,1,0,1,1
26130253,,0,0.000015,31,0.000013,0,1,1,0,1,1
26021206,,0,0.000015,31,0.000013,0,1,1,0,1,1
26003801,,0,0.000015,31,0.000013,0,1,1,0,1,1
30280037,,0,0.000024,23,0.000013,0,1,1,0,1,1
29769629,,0,0.000024,23,0.000013,0,1,1,0,1,1
29404265,,0,0.000024,23,0.000013,0,1,1,0,1,1
28587243,,0,0.000182,23,0.000013,0,5,5,0,5,5
26479556,,0,0.00005,23,0.000013,0,2,2,0,2,2
30205506,,0,0.000004,22,0.000013,0,2,2,0,2,2
30272580,,0,0.000914,51,0.000013,0,7,7,0,7,7
30086748,,0,0.000765,51,0.000013,0,1,1,0,1,1
29928579,,0,0.000956,32,0.000013,0,3,3,0,3,3
29906251,,0,0.001117,32,0.000013,0,4,4,0,4,4
29899995,,0,0.000765,51,0.000013,0,1,1,0,1,1
29770626,,0,0.000765,51,0.000013,0,1,1,0,1,1
29755778,,0,0.000765,51,0.000013,0,1,1,0,1,1
29715575,,0,0.000803,51,0.000013,0,3,3,0,3,3
29707526,,0,0.000765,51,0.000013,0,1,1,0,1,1
29670811,,0,0.000928,51,0.000013,0,2,2,0,2,2
29670374,,0,0.000765,51,0.000013,0,1,1,0,1,1
29651367,,0,0.000834,51,0.000013,0,2,2,0,2,2
29420467,,0,0.000765,51,0.000013,0,1,1,0,1,1
29386069,,0,0.000765,51,0.000013,0,1,1,0,1,1
29322778,,0,0.000906,51,0.000013,0,3,3,0,3,3
29312562,,0,0.000765,51,0.000013,0,1,1,0,1,1
29269376,,0,0.000768,51,0.000013,0,4,4,0,4,4
29152387,,0,0.000765,51,0.000013,0,1,1,0,1,1
29045554,,0.00022,0.001156,31,0.000039,7,3,10,7,3,10
28938087,,0,0.000811,51,0.000013,0,2,2,0,2,2
28923231,,0,0.000765,51,0.000013,0,1,1,0,1,1
28685778,,0,0.000779,51,0.000013,0,2,2,0,2,2
28640192,,0,0.000765,51,0.000013,0,1,1,0,1,1
28579826,,0,0.000765,51,0.000013,0,1,1,0,1,1
28484262,,0,0.000765,51,0.000013,0,1,1,0,1,1
28408152,,0,0.00103,51,0.000013,0,4,4,0,4,4
28280620,,0,0.000912,51,0.000013,0,2,2,0,2,2
28253425,,0,0.000765,51,0.000013,0,1,1,0,1,1
28187282,,0,0.001049,51,0.000013,0,4,4,0,4,4
28176879,,0,0.000809,51,0.000013,0,3,3,0,3,3
27998226,,0,0.000765,51,0.000013,0,1,1,0,1,1
27993330,,0,0.000765,51,0.000013,0,1,1,0,1,1
27672426,,0,0.000765,51,0.000013,0,1,1,0,1,1
27599694,,0,0.000982,51,0.000013,0,2,2,0,2,2
27583027,,0,0.001112,32,0.000013,0,2,2,0,2,2
27462233,,0,0.000765,51,0.000013,0,1,1,0,1,1
27417407,,0,0.000765,51,0.000013,0,1,1,0,1,1
26992199,,0,0.000983,51,0.000013,0,3,3,0,3,3
26941980,,0,0.000765,51,0.000013,0,1,1,0,1,1
26842236,,0,0.000765,51,0.000013,0,1,1,0,1,1
26723501,,0.007271,0.000765,51,0.000072,28,1,29,28,1,29
26586478,,0,0.000912,51,0.000013,0,2,2,0,2,2
26484444,,0,0.000765,51,0.000013,0,1,1,0,1,1
26366398,,0,0.000765,51,0.000013,0,1,1,0,1,1
26309356,,0,0.000765,51,0.000013,0,1,1,0,1,1
25798040,,0,0.000765,51,0.000013,0,1,1,0,1,1
25500058,,0,0.000765,51,0.000013,0,1,1,0,1,1
28303886,,0,0.000002,0,0.000013,0,1,1,0,1,1
28105142,,0,0.000002,0,0.000013,0,1,1,0,1,1
26789828,,0,0.000002,0,0.000013,0,1,1,0,1,1
27152307,,0,0,28,0.000013,0,1,1,0,1,1
26793684,,0,0,28,0.000013,0,1,1,0,1,1
26793682,,0,0,28,0.000013,0,1,1,0,1,1
27123143,,0,0,14,0.000013,0,1,1,0,1,1
29617718,,0,0.000019,5,0.000013,0,1,1,0,1,1
29434620,,0,0.000002,22,0.000013,0,2,2,0,2,2
29162642,,0,0.000001,22,0.000013,0,1,1,0,1,1
28502102,,0,0.000004,22,0.000013,0,2,2,0,2,2
29042795,,0,0.000164,0,0.000013,0,1,1,0,1,1
28423614,,0,0.000164,0,0.000013,0,1,1,0,1,1
27452728,,0,0,8,0.000013,0,1,1,0,1,1
29973176,,0,0.000004,5,0.000013,0,1,1,0,1,1
29333472,,0,0.000004,5,0.000013,0,1,1,0,1,1
27813494,,0,0.000004,5,0.000013,0,1,1,0,1,1
27283835,,0,0.000004,5,0.000013,0,1,1,0,1,1
27460568,,0,0.000089,5,0.000013,0,3,3,0,3,3
26439224,,0,0,73,0.000013,0,1,1,0,1,1
25436004,,0,0,73,0.000024,1,0,1,1,0,1
30116337,,0,0.00008,22,0.000013,0,1,1,0,1,1
30089731,,0,0.000398,32,0.000013,0,5,5,0,5,5
29983835,,0,0.000214,31,0.000013,0,2,2,0,2,2
29872343,,0,0.00008,22,0.000013,0,1,1,0,1,1
29791287,,0,0.000085,35,0.000018,1,2,3,1,2,3
29719582,,0,0.000124,31,0.000013,0,2,2,0,2,2
29545964,,0,0.000086,5,0.000013,0,2,2,0,2,2
29292756,,0,0.00008,22,0.000013,0,1,1,0,1,1
29263966,,0,0.00013,23,0.000013,0,10,10,0,10,10
28243322,,0,0.00008,22,0.000013,0,1,1,0,1,1
27860319,,0,0.000219,32,0.000013,0,3,3,0,3,3
27083182,,0,0.00008,22,0.000013,0,1,1,0,1,1
26417203,,0,0.00008,22,0.000013,0,1,1,0,1,1
29605867,,0,0.000002,11,0.000013,0,1,1,0,1,1
29326807,,0,0.000002,11,0.000013,0,1,1,0,1,1
29222262,,0,0.000002,11,0.000013,0,1,1,0,1,1
29158828,,0,0.000002,11,0.000013,0,1,1,0,1,1
28955657,,0,0.000003,11,0.000013,0,2,2,0,2,2
28690869,,0,0.000002,11,0.000013,0,1,1,0,1,1
28572264,,0,0.000094,11,0.000013,0,5,5,0,5,5
28297620,,0,0.000022,11,0.000013,0,2,2,0,2,2
27913495,,0,0.000023,23,0.000035,2,3,5,2,3,5
27872734,,0,0.000002,11,0.000013,0,1,1,0,1,1
27827319,,0,0.000002,11,0.000013,0,1,1,0,1,1
26860989,,0,0.000002,11,0.000013,0,1,1,0,1,1
29930218,,0,0.000074,8,0.000013,0,1,1,0,1,1
29270053,,0,0.000094,23,0.000013,0,2,2,0,2,2
28416286,,0,0.000074,8,0.000013,0,1,1,0,1,1
27248996,,0,0.000074,8,0.000013,0,1,1,0,1,1
27033104,,0,0.000074,8,0.000013,0,1,1,0,1,1
26956768,,0,0.000074,8,0.000013,0,1,1,0,1,1
26842001,,0.000001,0.000074,8,0.000038,3,1,4,3,1,4
26466379,,0,0.000074,8,0.000013,0,1,1,0,1,1
26466335,,0,0.000074,8,0.000013,0,1,1,0,1,1
29963498,,0,0.000128,31,0.000013,0,2,2,0,2,2
28118040,,0,0.000363,32,0.000013,0,3,3,0,3,3
28054957,,0,0.000146,32,0.000013,0,2,2,0,2,2
27793847,,0,0.000123,31,0.000013,0,1,1,0,1,1
27310713,,0,0.000123,31,0.000013,0,1,1,0,1,1
26485712,,0,0.000246,31,0.000013,0,2,2,0,2,2
29053185,,0,0.000173,23,0.000013,0,2,2,0,2,2
29036293,,0,0.000066,23,0.000013,0,3,3,0,3,3
29020110,,0,0.000026,23,0.000013,0,1,1,0,1,1
28894253,,0,0.000182,23,0.000013,0,3,3,0,3,3
28810144,,0,0.000188,23,0.000013,0,5,5,0,5,5
27782199,,0,0.000041,51,0.000013,0,2,2,0,2,2
26870247,,0,0.000026,23,0.000013,0,1,1,0,1,1
26575024,,0,0.000026,23,0.000013,0,1,1,0,1,1
26394139,,0,0.000173,23,0.000013,0,2,2,0,2,2
26220524,,0,0.000173,23,0.000013,0,2,2,0,2,2
29290361,,0,0.000039,0,0.000013,0,1,1,0,1,1
29088827,,0,0.000039,0,0.000013,0,1,1,0,1,1
27036037,,0,0.000039,0,0.000013,0,1,1,0,1,1
29547636,,0,0,51,0.000013,0,1,1,0,1,1
29434664,,0,0.000023,5,0.000013,0,1,1,0,1,1
27433283,,0,0.000023,5,0.000013,0,1,1,0,1,1
27284267,,0,0.000023,5,0.000013,0,1,1,0,1,1
25510853,,0.000368,0,5,0.000322,51,0,51,51,0,51
30167651,,0,0.000008,5,0.000013,0,1,1,0,1,1
29960172,,0,0.000008,5,0.000013,0,1,1,0,1,1
29533091,,0,0.000008,5,0.000013,0,1,1,0,1,1
29278246,,0,0.000008,5,0.000013,0,1,1,0,1,1
29206325,,0,0.000008,5,0.000013,0,1,1,0,1,1
29030329,,0,0.000008,5,0.000013,0,1,1,0,1,1
28944955,,0,0.000008,5,0.000013,0,1,1,0,1,1
28622609,,0,0.000008,5,0.000013,0,1,1,0,1,1
28410185,,0,0.000008,5,0.000013,0,1,1,0,1,1
27974323,,0,0.000009,35,0.000013,0,2,2,0,2,2
27227162,,0,0.000008,5,0.000013,0,1,1,0,1,1
27066090,,0,0.000008,5,0.000013,0,1,1,0,1,1
27059184,,0,0.000008,5,0.000013,0,1,1,0,1,1
26855902,,0,0.000008,5,0.000013,0,1,1,0,1,1
26629502,,0,0.00001,19,0.000013,0,2,2,0,2,2
26603733,,0,0.000008,5,0.000013,0,1,1,0,1,1
26503686,,0,0.000008,5,0.000013,0,1,1,0,1,1
26155285,,0,0.000008,5,0.000013,0,1,1,0,1,1
30113698,,0,0.000065,32,0.000013,0,2,2,0,2,2
29051008,,0,0.000065,32,0.000013,0,1,1,0,1,1
28739276,,0,0.000065,32,0.000013,0,1,1,0,1,1
28082683,,0,0.000065,32,0.000013,0,1,1,0,1,1
27580271,,0,0.000065,32,0.000013,0,1,1,0,1,1
26744420,,0,0.000065,32,0.000013,0,1,1,0,1,1
26712563,,0,0.000065,32,0.000013,0,1,1,0,1,1
26368543,,0,0.000065,32,0.000013,0,1,1,0,1,1
25917813,,0,0.000065,32,0.000013,0,1,1,0,1,1
30103207,,0,0,32,0.000013,0,1,1,0,1,1
29663561,,0,0,32,0.000013,0,1,1,0,1,1
29184971,,0,0,32,0.000013,0,1,1,0,1,1
27715394,,0,0,32,0.000013,0,1,1,0,1,1
26505879,,0,0.000001,28,0.000013,0,1,1,0,1,1
30127618,,0,0.000049,41,0.000013,0,1,1,0,1,1
29713393,,0,0.000049,41,0.000013,0,1,1,0,1,1
28587642,,0,0.000049,41,0.000013,0,1,1,0,1,1
27390598,,0,0.000049,41,0.000013,0,1,1,0,1,1
27199452,,0,0.000049,41,0.000013,0,1,1,0,1,1
27059647,,0,0.000049,41,0.000013,0,1,1,0,1,1
26992218,,0,0.000049,41,0.000013,0,1,1,0,1,1
26878388,,0,0.000049,41,0.000013,0,1,1,0,1,1
26396533,,0,0.000049,41,0.000013,0,1,1,0,1,1
26232057,,0,0.000049,41,0.000013,0,1,1,0,1,1
26046780,,0,0.000049,41,0.000013,0,1,1,0,1,1
27153211,,0.000024,0.000002,8,0.000029,4,1,5,4,1,5
30191009,,0,0,23,0.000013,0,1,1,0,1,1
25557953,,0.000004,0,23,0.000256,23,0,23,23,0,23
30105235,,0,0,23,0.000013,0,1,1,0,1,1
29471565,,0,0,23,0.000013,0,1,1,0,1,1
29162699,,0,0,23,0.000013,0,1,1,0,1,1
28930164,,0,0,23,0.000013,0,1,1,0,1,1
28923495,,0,0,23,0.000013,0,1,1,0,1,1
28893941,,0,0,23,0.000013,0,1,1,0,1,1
28862261,,0,0,23,0.000013,0,1,1,0,1,1
28486549,,0,0,23,0.000013,0,1,1,0,1,1
28304380,,0,0,23,0.000013,0,1,1,0,1,1
27605415,,0,0,23,0.000013,0,1,1,0,1,1
27215576,,0,0,23,0.000013,0,1,1,0,1,1
27029710,,0,0,23,0.000013,0,1,1,0,1,1
26990031,,0,0,23,0.000013,0,1,1,0,1,1
26838800,,0,0,23,0.000013,0,1,1,0,1,1
26687711,,0,0,23,0.000013,0,1,1,0,1,1
26668215,,0,0,23,0.000013,0,1,1,0,1,1
26547931,,0,0,23,0.000013,0,1,1,0,1,1
26437858,,0,0,23,0.000013,0,1,1,0,1,1
26328266,,0,0,23,0.000013,0,1,1,0,1,1
26224146,,0,0,23,0.000013,0,1,1,0,1,1
26157350,,0,0,23,0.000013,0,1,1,0,1,1
27083325,,0,0.000002,23,0.000013,0,1,1,0,1,1
30294322,,0,0.000013,17,0.000013,0,1,1,0,1,1
30250552,,0,0.000013,17,0.000013,0,1,1,0,1,1
29190909,,0,0.000013,17,0.000013,0,1,1,0,1,1
29089060,,0,0.000056,17,0.000024,1,2,3,1,2,3
29029513,,0,0.000013,17,0.000013,0,1,1,0,1,1
28937020,,0,0.000013,17,0.000013,0,1,1,0,1,1
28824725,,0,0.000013,17,0.000013,0,1,1,0,1,1
28781963,,0,0.000013,17,0.000013,0,1,1,0,1,1
28744336,,0,0.000013,17,0.000013,0,1,1,0,1,1
28677165,,0,0.000013,17,0.000013,0,1,1,0,1,1
28462377,,0,0.000013,17,0.000013,0,1,1,0,1,1
28275688,,0,0.000013,17,0.000013,0,1,1,0,1,1
28252644,,0,0.000013,17,0.000013,0,1,1,0,1,1
27782820,,0,0.000033,5,0.000013,0,3,3,0,3,3
27472274,,0,0.000013,17,0.000013,0,1,1,0,1,1
27323812,,0,0.000013,17,0.000013,0,1,1,0,1,1
27233623,,0,0.000013,17,0.000013,0,1,1,0,1,1
27175599,,0,0.000061,17,0.000013,0,2,2,0,2,2
27160712,,0,0.000013,17,0.000013,0,1,1,0,1,1
26961069,,0,0.000013,17,0.000013,0,1,1,0,1,1
26811657,,0,0.00016,17,0.000013,0,2,2,0,2,2
26811494,,0,0.000013,17,0.000013,0,1,1,0,1,1
26109429,,0,0.000013,17,0.000013,0,1,1,0,1,1
26756307,,0,0,0,0.000013,0,1,1,0,1,1
30018733,,0,0.000005,2,0.000013,0,1,1,0,1,1
29030401,,0,0.000005,2,0.000013,0,1,1,0,1,1
28804463,,0,0.000005,2,0.000024,1,1,2,1,1,2
28018849,,0,0.000005,2,0.000013,0,1,1,0,1,1
27640171,,0,0.000005,2,0.000013,0,1,1,0,1,1
27239178,,0,0.000005,2,0.000013,0,1,1,0,1,1
27127881,,0,0.000005,2,0.000013,0,1,1,0,1,1
26600843,,0,0.000005,2,0.000013,0,1,1,0,1,1
26469225,,0,0.000005,2,0.000013,0,1,1,0,1,1
27741511,,0,0.000147,41,0.000013,0,1,1,0,1,1
27370400,,0,0.000147,41,0.000013,0,1,1,0,1,1
26961982,,0,0.000147,41,0.000013,0,1,1,0,1,1
26871292,,0,0.000147,41,0.000013,0,1,1,0,1,1
26646147,,0,0.000147,41,0.000013,0,1,1,0,1,1
26634437,,0,0.000147,41,0.000013,0,1,1,0,1,1
29083376,,0,0.000013,33,0.000013,0,1,1,0,1,1
28522855,,0,0.000026,32,0.000013,0,2,2,0,2,2
28588722,,0,0,2,0.000013,0,1,1,0,1,1
29733543,,0,0.000002,2,0.000013,0,1,1,0,1,1
29879026,,0,0,2,0.000013,0,2,2,0,2,2
26682279,,0,0.000002,2,0.000013,0,1,1,0,1,1
28588253,,0,0.000087,32,0.000013,0,1,1,0,1,1
26909362,,0,0.000087,32,0.000013,0,1,1,0,1,1
28154183,,0,0.000005,8,0.000013,0,1,1,0,1,1
27480253,,0,0.000005,8,0.000013,0,1,1,0,1,1
27376332,,0,0.000005,8,0.000013,0,1,1,0,1,1
27179029,,0,0.000009,8,0.000013,0,2,2,0,2,2
26939056,,0,0.000005,8,0.000013,0,1,1,0,1,1
29855834,,0,0,41,0.000013,0,1,1,0,1,1
29560127,,0,0,41,0.000013,0,1,1,0,1,1
27678351,,0,0,41,0.000013,0,1,1,0,1,1
26873137,,0,0,41,0.000013,0,1,1,0,1,1
29950564,,0,0,5,0.000013,0,1,1,0,1,1
29352368,,0,0,5,0.000013,0,1,1,0,1,1
28488344,,0,0,5,0.000013,0,2,2,0,2,2
27711920,,0,0,5,0.000013,0,1,1,0,1,1
28981467,,0,0.000001,22,0.000013,0,1,1,0,1,1
27862926,,0,0.000001,22,0.000013,0,1,1,0,1,1
26283699,,0,0.000001,22,0.000013,0,1,1,0,1,1
27721917,,0,0.000002,51,0.000013,0,1,1,0,1,1
28108511,,0,0.000253,28,0.000013,0,3,3,0,3,3
26900125,,0,0,28,0.000013,0,1,1,0,1,1
28122645,,0,0,10,0.000013,0,1,1,0,1,1
30364837,,0,0.000147,23,0.000013,0,1,1,0,1,1
30326968,,0,0.000147,23,0.000013,0,1,1,0,1,1
30271501,,0,0.000147,23,0.000013,0,1,1,0,1,1
30250431,,0,0.000147,23,0.000013,0,1,1,0,1,1
30245304,,0,0.000147,23,0.000013,0,1,1,0,1,1
30232338,,0,0.000147,23,0.000013,0,1,1,0,1,1
30228296,,0,0.000147,23,0.000013,0,1,1,0,1,1
30172883,,0,0.000147,23,0.000013,0,1,1,0,1,1
30158932,,0,0.00024,23,0.000013,0,2,2,0,2,2
30135716,,0,0.000147,23,0.000013,0,1,1,0,1,1
30116990,,0,0.000147,23,0.000013,0,1,1,0,1,1
30104284,,0,0.000281,31,0.000013,0,2,2,0,2,2
30092011,,0,0.000147,23,0.000013,0,1,1,0,1,1
30043132,,0,0.000147,23,0.000013,0,1,1,0,1,1
30018740,,0,0.000147,23,0.000013,0,1,1,0,1,1
30014851,,0,0.000147,23,0.000013,0,1,1,0,1,1
30010625,,0,0.000147,23,0.000013,0,1,1,0,1,1
30006524,,0,0.000147,23,0.000013,0,1,1,0,1,1
29962812,,0,0.000156,23,0.000013,0,2,2,0,2,2
29945562,,0,0.000147,23,0.000013,0,1,1,0,1,1
29941723,,0,0.000147,23,0.000013,0,1,1,0,1,1
29934552,,0,0.000147,23,0.000013,0,1,1,0,1,1
29928492,,0,0.000147,23,0.000013,0,2,2,0,2,2
29899868,,0,0.000147,23,0.000013,0,1,1,0,1,1
29898401,,0,0.000147,23,0.000013,0,1,1,0,1,1
29896283,,0,0.000147,23,0.000013,0,1,1,0,1,1
29891488,,0,0.000149,51,0.000013,0,3,3,0,3,3
29872505,,0,0.000147,23,0.000013,0,1,1,0,1,1
29865155,,0,0.000147,23,0.000013,0,1,1,0,1,1
29853732,,0,0.000147,23,0.000013,0,1,1,0,1,1
29853643,,0,0.000149,23,0.000013,0,2,2,0,2,2
29845225,,0,0.000147,23,0.000013,0,1,1,0,1,1
29843660,,0,0.000147,23,0.000013,0,1,1,0,1,1
29804324,,0,0.000147,23,0.000013,0,1,1,0,1,1
29757973,,0,0.000147,23,0.000013,0,1,1,0,1,1
29748571,,0,0.000147,23,0.000013,0,1,1,0,1,1
29737600,,0,0.000147,23,0.000013,0,1,1,0,1,1
29697368,,0,0.000147,23,0.000013,0,1,1,0,1,1
29670543,,0,0.000147,23,0.000013,0,1,1,0,1,1
29670173,,0,0.000147,23,0.000013,0,1,1,0,1,1
29669760,,0,0.000147,23,0.000013,0,1,1,0,1,1
29657983,,0,0.000147,23,0.000013,0,1,1,0,1,1
29632710,,0,0.000147,23,0.000013,0,1,1,0,1,1
29625049,,0,0.000224,31,0.000013,0,4,4,0,4,4
29620272,,0,0.000147,23,0.000013,0,1,1,0,1,1
29615514,,0,0.000147,23,0.000013,0,1,1,0,1,1
29610388,,0,0.000545,51,0.000013,0,4,4,0,4,4
29599906,,0,0.000147,23,0.000013,0,1,1,0,1,1
29568081,,0,0.000147,23,0.000013,0,1,1,0,1,1
29556511,,0,0.000156,23,0.000013,0,2,2,0,2,2
29541683,,0,0.000147,23,0.000013,0,2,2,0,2,2
29537309,,0,0.000147,23,0.000013,0,1,1,0,1,1
29533787,,0,0.000147,23,0.000013,0,1,1,0,1,1
29533667,,0,0.000147,23,0.000013,0,1,1,0,1,1
29515771,,0,0.000147,23,0.000013,0,1,1,0,1,1
29486633,,0,0.000197,41,0.000013,0,2,2,0,2,2
29464100,,0,0.000149,23,0.000013,0,2,2,0,2,2
29434907,,0,0.000147,23,0.000013,0,1,1,0,1,1
29416754,,0,0.000147,23,0.000013,0,1,1,0,1,1
29387692,,0,0.000147,23,0.000013,0,1,1,0,1,1
29386037,,0,0.000147,23,0.000013,0,1,1,0,1,1
29382042,,0,0.000147,23,0.000013,0,1,1,0,1,1
29367463,,0,0.000147,23,0.000013,0,1,1,0,1,1
29367431,,0,0.000149,23,0.000013,0,2,2,0,2,2
29364867,,0,0.000147,23,0.000013,0,2,2,0,2,2
29356532,,0,0.000147,23,0.000013,0,1,1,0,1,1
29349096,,0,0.000147,23,0.000013,0,1,1,0,1,1
29345757,,0,0.000336,31,0.000013,0,3,3,0,3,3
29341164,,0,0.000147,23,0.000013,0,1,1,0,1,1
29341146,,0,0.000147,23,0.000013,0,1,1,0,1,1
29321190,,0,0.000147,23,0.000013,0,1,1,0,1,1
29303405,,0,0.000147,23,0.000013,0,1,1,0,1,1
29301364,,0,0.000147,23,0.000013,0,1,1,0,1,1
29288237,,0,0.000338,23,0.000013,0,4,4,0,4,4
29285214,,0,0.000147,23,0.000013,0,1,1,0,1,1
29282151,,0,0.000204,23,0.000013,0,2,2,0,2,2
29279356,,0,0.000147,23,0.000013,0,1,1,0,1,1
29239017,,0,0.000147,23,0.000013,0,1,1,0,1,1
29229669,,0,0.000147,23,0.000013,0,1,1,0,1,1
29228650,,0,0.000147,23,0.000013,0,1,1,0,1,1
29216209,,0,0.000147,23,0.000013,0,1,1,0,1,1
29212173,,0,0.000147,23,0.000013,0,1,1,0,1,1
29208713,,0,0.000147,23,0.000013,0,1,1,0,1,1
29203823,,0,0.000147,23,0.000013,0,1,1,0,1,1
29161242,,0,0.000147,23,0.000013,0,1,1,0,1,1
29158787,,0,0.000147,23,0.000013,0,1,1,0,1,1
29156694,,0,0.000147,23,0.000013,0,1,1,0,1,1
29153842,,0,0.000147,23,0.000013,0,1,1,0,1,1
29152071,,0,0.000147,23,0.000013,0,1,1,0,1,1
29115978,,0,0.000283,22,0.000013,0,3,3,0,3,3
29110683,,0,0.000147,23,0.000013,0,1,1,0,1,1
29084140,,0,0.000147,23,0.000013,0,1,1,0,1,1
29069873,,0,0.000147,23,0.000013,0,1,1,0,1,1
29063873,,0,0.000147,23,0.000013,0,1,1,0,1,1
29061961,,0,0.000147,23,0.000013,0,1,1,0,1,1
29057302,,0,0.000147,23,0.000013,0,1,1,0,1,1
28957417,,0,0.000147,23,0.000013,0,1,1,0,1,1
28927421,,0,0.000147,23,0.000013,0,1,1,0,1,1
28915662,,0,0.000147,23,0.000013,0,1,1,0,1,1
28892048,,0,0.000147,23,0.000013,0,1,1,0,1,1
28881752,,0,0.000147,23,0.000013,0,1,1,0,1,1
28874546,,0,0.000147,23,0.000013,0,1,1,0,1,1
28794854,,0,0.000147,23,0.000013,0,1,1,0,1,1
28790031,,0,0.000147,23,0.000013,0,1,1,0,1,1
28757253,,0,0.000147,23,0.000013,0,1,1,0,1,1
28736626,,0,0.000147,23,0.000013,0,1,1,0,1,1
28720843,,0,0.000147,23,0.000013,0,1,1,0,1,1
28687745,,0,0.000147,23,0.000013,0,1,1,0,1,1
28685754,,0,0.000147,23,0.000013,0,1,1,0,1,1
28684632,,0,0.000147,23,0.000013,0,1,1,0,1,1
28679692,,0,0.000147,23,0.000013,0,1,1,0,1,1
28678832,,0,0.000147,23,0.000013,0,1,1,0,1,1
28671190,,0,0.000147,23,0.000013,0,1,1,0,1,1
28667006,,0,0.000147,23,0.000013,0,1,1,0,1,1
28659348,,0,0.000147,23,0.000013,0,1,1,0,1,1
28630946,,0,0.000147,23,0.000013,0,1,1,0,1,1
28594388,,0,0.000147,23,0.000013,0,1,1,0,1,1
28591720,,0,0.000147,23,0.000013,0,1,1,0,1,1
28500587,,0,0.000147,23,0.000013,0,1,1,0,1,1
28489577,,0,0.000149,23,0.000013,0,2,2,0,2,2
28481342,,0,0.000147,23,0.000013,0,1,1,0,1,1
28475592,,0,0.000147,23,0.000013,0,1,1,0,1,1
28454591,,0,0.000156,23,0.000013,0,2,2,0,2,2
28449008,,0,0.000147,23,0.000013,0,1,1,0,1,1
28445954,,0,0.000147,23,0.000013,0,1,1,0,1,1
28423671,,0,0.000147,23,0.000013,0,1,1,0,1,1
28396636,,0,0.000147,23,0.000013,0,1,1,0,1,1
28392554,,0,0.000147,23,0.000013,0,1,1,0,1,1
28383565,,0,0.000147,23,0.000013,0,1,1,0,1,1
28381539,,0,0.000147,23,0.000013,0,1,1,0,1,1
28377511,,0,0.000147,23,0.000013,0,1,1,0,1,1
28369619,,0,0.000147,23,0.000013,0,1,1,0,1,1
28367231,,0,0.000147,23,0.000013,0,1,1,0,1,1
28348045,,0,0.000147,23,0.000013,0,1,1,0,1,1
28346421,,0,0.000147,23,0.000013,0,1,1,0,1,1
28344661,,0,0.000147,23,0.000013,0,1,1,0,1,1
28275007,,0,0.000147,23,0.000013,0,1,1,0,1,1
28163917,,0,0.000147,23,0.000013,0,1,1,0,1,1
28145465,,0,0.000147,23,0.000013,0,1,1,0,1,1
28141826,,0,0.000147,23,0.000013,0,1,1,0,1,1
28138026,,0,0.000147,23,0.000013,0,1,1,0,1,1
28135258,,0,0.000147,23,0.000013,0,1,1,0,1,1
28100394,,0,0.000147,23,0.000013,0,1,1,0,1,1
28100393,,0,0.000147,23,0.000013,0,1,1,0,1,1
28098761,,0,0.000147,23,0.000013,0,1,1,0,1,1
28092682,,0,0.000195,31,0.000013,0,2,2,0,2,2
28090514,,0,0.000147,23,0.000013,0,1,1,0,1,1
28082802,,0,0.000147,23,0.000013,0,1,1,0,1,1
28073890,,0,0.000195,31,0.000013,0,2,2,0,2,2
28056774,,0,0.000281,31,0.000013,0,2,2,0,2,2
28031255,,0,0.000147,23,0.000013,0,1,1,0,1,1
28030829,,0,0.000147,23,0.000013,0,1,1,0,1,1
28028924,,0,0.000147,23,0.000013,0,1,1,0,1,1
28025978,,0,0.000147,23,0.000013,0,1,1,0,1,1
28018146,,0,0.000147,23,0.000013,0,1,1,0,1,1
27999365,,0,0.000147,23,0.000013,0,1,1,0,1,1
27999205,,0,0.000147,23,0.000013,0,1,1,0,1,1
27994495,,0,0.000147,23,0.000013,0,1,1,0,1,1
27991930,,0,0.000147,23,0.000013,0,2,2,0,2,2
27896637,,0,0.000147,23,0.000013,0,1,1,0,1,1
27895743,,0,0.000147,23,0.000013,0,1,1,0,1,1
27845911,,0,0.000147,23,0.000013,0,1,1,0,1,1
27841659,,0,0.000147,23,0.000013,0,1,1,0,1,1
27811314,,0,0.000147,23,0.000013,0,1,1,0,1,1
27800600,,0,0.000147,23,0.000013,0,1,1,0,1,1
27799657,,0,0.000147,23,0.000013,0,1,1,0,1,1
27788493,,0,0.000147,23,0.000013,0,1,1,0,1,1
27784960,,0,0.000147,23,0.000013,0,1,1,0,1,1
27782813,,0,0.000147,23,0.000013,0,1,1,0,1,1
27776346,,0,0.000147,23,0.000013,0,1,1,0,1,1
27762323,,0,0.000147,23,0.000013,0,1,1,0,1,1
27747093,,0,0.000147,23,0.000013,0,1,1,0,1,1
27747087,,0,0.000147,23,0.000013,0,1,1,0,1,1
27747082,,0,0.000147,23,0.000013,0,2,2,0,2,2
27732578,,0,0.000147,23,0.000013,0,1,1,0,1,1
27725226,,0,0.000147,23,0.000013,0,1,1,0,1,1
27713160,,0,0.000147,23,0.000013,0,1,1,0,1,1
27711078,,0,0.000147,23,0.000013,0,1,1,0,1,1
27705932,,0,0.000147,23,0.000013,0,1,1,0,1,1
27687306,,0,0.000147,23,0.000013,0,1,1,0,1,1
27667193,,0,0.000147,23,0.000013,0,1,1,0,1,1
27655713,,0,0.000147,23,0.000013,0,1,1,0,1,1
27642636,,0,0.000147,23,0.000013,0,1,1,0,1,1
27638352,,0,0.000147,23,0.000013,0,1,1,0,1,1
27637888,,0,0.000147,23,0.000013,0,1,1,0,1,1
27628540,,0,0.00015,23,0.000013,0,2,2,0,2,2
27588467,,0,0.000147,23,0.000013,0,1,1,0,1,1
27560551,,0,0.000147,23,0.000013,0,1,1,0,1,1
27559010,,0,0.000147,23,0.000013,0,1,1,0,1,1
27555909,,0,0.000147,23,0.000013,0,1,1,0,1,1
27471566,,0,0.000147,23,0.000013,0,1,1,0,1,1
27461042,,0,0.000159,23,0.000013,0,3,3,0,3,3
27454293,,0,0.000147,23,0.000013,0,1,1,0,1,1
27451124,,0,0.000147,23,0.000013,0,1,1,0,1,1
27433916,,0,0.000147,23,0.000013,0,1,1,0,1,1
27418030,,0,0.000147,23,0.000013,0,1,1,0,1,1
27391266,,0,0.000147,23,0.000013,0,1,1,0,1,1
27390608,,0,0.000147,23,0.000013,0,1,1,0,1,1
27384421,,0,0.000147,23,0.000013,0,1,1,0,1,1
27337224,,0,0.000147,23,0.000013,0,1,1,0,1,1
27325420,,0,0.000147,23,0.000013,0,1,1,0,1,1
27317099,,0,0.000147,23,0.000013,0,1,1,0,1,1
27314100,,0,0.000147,23,0.000013,0,1,1,0,1,1
27286454,,0,0.000147,23,0.000013,0,1,1,0,1,1
27282075,,0,0.000147,23,0.000013,0,1,1,0,1,1
27280691,,0,0.000147,23,0.000013,0,1,1,0,1,1
27280393,,0,0.000147,23,0.000013,0,1,1,0,1,1
27267807,,0,0.000147,23,0.000013,0,1,1,0,1,1
27259358,,0,0.000147,23,0.000013,0,1,1,0,1,1
27248578,,0,0.000147,23,0.000013,0,1,1,0,1,1
27203738,,0,0.000147,23,0.000013,0,1,1,0,1,1
27200288,,0,0.000147,23,0.000013,0,1,1,0,1,1
27118659,,0,0.000147,23,0.000013,0,1,1,0,1,1
27111337,,0,0.000147,23,0.000013,0,1,1,0,1,1
27096871,,0,0.000147,23,0.000013,0,1,1,0,1,1
26982343,,0,0.000147,23,0.000013,0,1,1,0,1,1
26941987,,0,0.000147,23,0.000013,0,1,1,0,1,1
26909863,,0,0.000147,23,0.000013,0,1,1,0,1,1
26893390,,0,0.000147,23,0.000013,0,1,1,0,1,1
26884185,,0,0.000147,23,0.000013,0,1,1,0,1,1
26862489,,0,0.000147,23,0.000013,0,1,1,0,1,1
26845405,,0,0.000147,23,0.000013,0,1,1,0,1,1
26798437,,0,0.000147,23,0.000013,0,1,1,0,1,1
26753987,,0,0.000147,23,0.000013,0,1,1,0,1,1
26729287,,0,0.000147,23,0.000013,0,1,1,0,1,1
26727715,,0,0.000147,23,0.000013,0,1,1,0,1,1
26725216,,0,0.000147,23,0.000013,0,1,1,0,1,1
26723874,,0,0.000147,23,0.000013,0,1,1,0,1,1
26716649,,0,0.000147,23,0.000013,0,1,1,0,1,1
26715642,,0,0.000147,23,0.000013,0,1,1,0,1,1
26692759,,0,0.000147,23,0.000013,0,1,1,0,1,1
26669280,,0,0.000147,23,0.000013,0,1,1,0,1,1
26555578,,0,0.000147,23,0.000013,0,1,1,0,1,1
26549996,,0,0.000147,23,0.000013,0,1,1,0,1,1
26545079,,0,0.000147,23,0.000013,0,1,1,0,1,1
26534901,,0,0.000147,23,0.000013,0,1,1,0,1,1
26526068,,0,0.000147,23,0.000013,0,1,1,0,1,1
26501191,,0,0.000147,23,0.000013,0,1,1,0,1,1
26469962,,0,0.000147,23,0.000013,0,1,1,0,1,1
26447755,,0,0.000147,23,0.000013,0,1,1,0,1,1
26419819,,0,0.000147,23,0.000013,0,1,1,0,1,1
26390243,,0,0.000147,23,0.000013,0,1,1,0,1,1
26380006,,0,0.000147,23,0.000013,0,1,1,0,1,1
26343385,,0,0.000147,23,0.000013,0,1,1,0,1,1
26238391,,0,0.000147,23,0.000013,0,1,1,0,1,1
26217585,,0,0.000147,23,0.000013,0,1,1,0,1,1
26201994,,0,0.000147,23,0.000013,0,1,1,0,1,1
26178787,,0,0.000147,23,0.000013,0,1,1,0,1,1
26159697,,0,0.000147,23,0.000013,0,1,1,0,1,1
26151406,,0,0.000147,23,0.000013,0,1,1,0,1,1
26143583,,0,0.000147,23,0.000013,0,1,1,0,1,1
26112412,,0,0.000147,23,0.000013,0,1,1,0,1,1
26025325,,0,0.000147,23,0.000013,0,1,1,0,1,1
29625565,,0,0.000062,32,0.000013,0,1,1,0,1,1
29599201,,0,0.000062,32,0.000013,0,1,1,0,1,1
29018079,,0,0.000368,8,0.000013,0,3,3,0,3,3
28847823,,0,0.000062,32,0.000013,0,1,1,0,1,1
28486105,,0,0.00015,8,0.000013,0,2,2,0,2,2
26873729,,0,0.000062,32,0.000013,0,1,1,0,1,1
29301505,,0,0,8,0.000013,0,1,1,0,1,1
29184698,,0,0.000001,23,0.000013,0,1,1,0,1,1
27942226,,0,0.000001,23,0.000013,0,1,1,0,1,1
27857025,,0,0.000001,23,0.000013,0,1,1,0,1,1
27403122,,0,0.000001,23,0.000013,0,2,2,0,2,2
26864202,,0,0.000001,23,0.000013,0,1,1,0,1,1
30094960,,0,0.000013,44,0.000013,0,1,1,0,1,1
29713252,,0,0.000013,44,0.000013,0,1,1,0,1,1
29215599,,0,0.000013,44,0.000013,0,1,1,0,1,1
27487789,,0,0.000013,44,0.000013,0,1,1,0,1,1
27121065,,0,0.000013,44,0.000013,0,1,1,0,1,1
26735579,,0,0.000013,44,0.000013,0,1,1,0,1,1
29507500,,0,0.000058,32,0.000013,0,1,1,0,1,1
29281678,,0,0.000058,32,0.000013,0,1,1,0,1,1
29276510,,0,0.000058,32,0.000013,0,1,1,0,1,1
29025585,,0.000007,0.000065,31,0.000026,2,3,5,2,3,5
28903334,,0,0.000058,32,0.000013,0,1,1,0,1,1
27895737,,0,0.000058,32,0.000013,0,1,1,0,1,1
27728808,,0,0.000275,32,0.000013,0,2,2,0,2,2
26548958,,0,0.000058,32,0.000013,0,1,1,0,1,1
26539646,,0,0.000058,32,0.000013,0,1,1,0,1,1
30139209,,0,0.000002,2,0.000013,0,1,1,0,1,1
28612586,,0,0.000002,2,0.000013,0,1,1,0,1,1
30257222,,0,0.000253,51,0.000013,0,2,2,0,2,2
30208168,,0,0.000252,32,0.000013,0,1,1,0,1,1
29872498,,0,0.000384,32,0.000013,0,2,2,0,2,2
29783721,,0,0.000279,32,0.000013,0,2,2,0,2,2
28944311,,0,0.000386,32,0.000013,0,2,2,0,2,2
28856922,,0,0.000252,32,0.000013,0,1,1,0,1,1
28473593,,0,0.000252,32,0.000013,0,1,1,0,1,1
28109627,,0,0.000252,32,0.000013,0,1,1,0,1,1
27582430,,0,0.000253,29,0.000013,0,2,2,0,2,2
27551000,,0,0.000817,32,0.000013,0,3,3,0,3,3
27503200,,0,0.000599,32,0.000013,0,2,2,0,2,2
27149849,,0,0.000252,32,0.000013,0,1,1,0,1,1
26934368,,0,0.000252,32,0.000013,0,1,1,0,1,1
26217607,,0,0,5,0.000013,0,1,1,0,1,1
29471589,,0,0.000019,5,0.000013,0,2,2,0,2,2
29398872,,0,0.000019,5,0.000013,0,2,2,0,2,2
28415711,,0,0.000019,5,0.000013,0,2,2,0,2,2
28275538,,0,0.000019,5,0.000013,0,2,2,0,2,2
28065930,,0,0.000016,5,0.000013,0,1,1,0,1,1
27774772,,0,0.000019,5,0.000013,0,2,2,0,2,2
27701467,,0,0.000024,22,0.000024,1,3,4,1,3,4
30133564,,0,0,32,0.000013,0,1,1,0,1,1
29190285,,0,0,32,0.000013,0,1,1,0,1,1
28708084,,0,0,32,0.000013,0,1,1,0,1,1
28510302,,0,0,32,0.000013,0,1,1,0,1,1
28357382,,0,0,32,0.000013,0,1,1,0,1,1
28271657,,0,0,32,0.000013,0,1,1,0,1,1
28107544,,0,0,32,0.000013,0,1,1,0,1,1
27147749,,0,0,32,0.000013,0,1,1,0,1,1
26918347,,0,0,32,0.000013,0,1,1,0,1,1
26398222,,0,0,32,0.000013,0,1,1,0,1,1
26008695,,0,0,32,0.000013,0,1,1,0,1,1
27654169,,0,0,51,0.000013,0,1,1,0,1,1
26858943,,0,0,51,0.000013,0,1,1,0,1,1
26714839,,0,0,51,0.000013,0,1,1,0,1,1
28599421,,0,0.000002,35,0.000013,0,1,1,0,1,1
29733524,,0,0.000481,32,0.000013,0,2,2,0,2,2
29212614,,0,0.000348,32,0.000013,0,1,1,0,1,1
28182794,,0,0.000348,32,0.000013,0,1,1,0,1,1
27077006,,0,0.000348,32,0.000013,0,1,1,0,1,1
26929788,,0,0.000348,32,0.000013,0,1,1,0,1,1
26545404,,0,0,35,0.000013,0,1,1,0,1,1
28789376,,0,0,0,0.000013,0,1,1,0,1,1
28102366,,0,0,0,0.000013,0,1,1,0,1,1
30333500,,0,0.00013,8,0.000013,0,1,1,0,1,1
30061412,,0,0.00013,8,0.000013,0,1,1,0,1,1
29467487,,0,0.000143,32,0.000013,0,2,2,0,2,2
29379165,,0,0.00013,8,0.000013,0,1,1,0,1,1
29367758,,0,0.00013,8,0.000013,0,1,1,0,1,1
29231811,,0,0.00013,8,0.000013,0,1,1,0,1,1
29225334,,0,0.00013,8,0.000013,0,1,1,0,1,1
29207658,,0,0.00013,51,0.000013,0,2,2,0,2,2
29182755,,0,0.00013,8,0.000013,0,1,1,0,1,1
28834754,,0,0.00013,8,0.000013,0,1,1,0,1,1
28789452,,0,0.00013,8,0.000013,0,1,1,0,1,1
28602639,,0,0.000135,8,0.000013,0,2,2,0,2,2
28394347,,0,0.00013,8,0.000013,0,1,1,0,1,1
28336516,,0,0.00013,8,0.000013,0,1,1,0,1,1
28157503,,0,0.000134,8,0.000013,0,2,2,0,2,2
28154196,,0,0.00013,8,0.000013,0,1,1,0,1,1
28009302,,0,0.00013,8,0.000013,0,1,1,0,1,1
27895503,,0,0.00013,8,0.000013,0,1,1,0,1,1
27689875,,0,0.00013,8,0.000013,0,1,1,0,1,1
27667712,,0,0.00013,8,0.000013,0,1,1,0,1,1
27558965,,0,0.00013,8,0.000013,0,1,1,0,1,1
27253878,,0,0.00013,8,0.000013,0,1,1,0,1,1
27156117,,0,0.00013,8,0.000013,0,1,1,0,1,1
26936927,,0,0.000134,8,0.000013,0,2,2,0,2,2
26593906,,0,0.00013,8,0.000013,0,1,1,0,1,1
26113531,,0,0.00013,8,0.000013,0,1,1,0,1,1
26033759,,0,0.00013,8,0.000013,0,1,1,0,1,1
29289706,,0,0.000002,29,0.000013,0,1,1,0,1,1
27379395,,0,0.000002,19,0.000013,0,2,2,0,2,2
25838159,,0.000012,0,19,0.000041,3,0,3,3,0,3
28911061,,0,0.000003,22,0.000013,0,2,2,0,2,2
26855585,,0,0.000002,22,0.000013,0,1,1,0,1,1
30319327,,0,0.000058,31,0.000013,0,1,1,0,1,1
29378733,,0,0.000101,31,0.000013,0,2,2,0,2,2
29301506,,0,0.000058,31,0.000013,0,1,1,0,1,1
29229854,,0,0.000058,31,0.000013,0,1,1,0,1,1
29134191,,0,0.000058,31,0.000013,0,1,1,0,1,1
29088896,,0,0.000058,31,0.000013,0,1,1,0,1,1
28930112,,0,0.000058,31,0.000013,0,1,1,0,1,1
28623955,,0,0.000058,31,0.000013,0,1,1,0,1,1
28212434,,0,0.000058,31,0.000013,0,1,1,0,1,1
27447966,,0,0.000058,31,0.000013,0,1,1,0,1,1
27147578,,0,0.00008,32,0.000013,0,2,2,0,2,2
26503674,,0,0.000058,31,0.000013,0,1,1,0,1,1
30066497,,0,0.000044,31,0.000013,0,1,1,0,1,1
29311117,,0,0.000044,31,0.000013,0,1,1,0,1,1
29108309,,0,0.000044,31,0.000013,0,1,1,0,1,1
29100507,,0,0.000044,31,0.000013,0,1,1,0,1,1
29018573,,0,0.000044,31,0.000013,0,1,1,0,1,1
28881649,,0,0.000044,31,0.000013,0,1,1,0,1,1
28559413,,0,0.000044,31,0.000013,0,1,1,0,1,1
28291390,,0,0.000044,31,0.000013,0,1,1,0,1,1
28270498,,0,0.000044,31,0.000013,0,1,1,0,1,1
28261651,,0,0.000044,31,0.000013,0,1,1,0,1,1
28153863,,0,0.000178,31,0.000013,0,2,2,0,2,2
27245685,,0,0.000044,31,0.000013,0,1,1,0,1,1
26961349,,0,0.000044,31,0.000013,0,1,1,0,1,1
26733551,,0,0.000044,31,0.000013,0,1,1,0,1,1
26673577,,0,0.000044,31,0.000013,0,1,1,0,1,1
26580554,,0,0.000044,31,0.000013,0,1,1,0,1,1
26557820,,0,0.000044,31,0.000013,0,1,1,0,1,1
26496295,,0,0.000044,31,0.000024,1,1,2,1,1,2
30197937,,0,0.000001,0,0.000013,0,1,1,0,1,1
29977508,,0,0.000001,0,0.000013,0,1,1,0,1,1
29849939,,0,0.000001,0,0.000013,0,1,1,0,1,1
29545726,,0,0.000001,0,0.000013,0,1,1,0,1,1
28871133,,0,0.000001,0,0.000013,0,1,1,0,1,1
28553141,,0,0.000001,0,0.000013,0,2,2,0,2,2
28275686,,0,0.000001,0,0.000013,0,1,1,0,1,1
26215581,,0,0.000001,0,0.000013,0,1,1,0,1,1
30270814,,0,0.000123,0,0.000013,0,1,1,0,1,1
29931698,,0,0.000123,0,0.000013,0,1,1,0,1,1
29095564,,0,0.000123,0,0.000013,0,1,1,0,1,1
26649025,,0,0.000131,22,0.000013,0,2,2,0,2,2
26540154,,0,0.000123,0,0.000013,0,1,1,0,1,1
27934014,,0,0.000001,29,0.000013,0,1,1,0,1,1
27739661,,0,0.000001,29,0.000013,0,1,1,0,1,1
27314344,,0,0.000001,29,0.000013,0,1,1,0,1,1
27177826,,0,0.000001,29,0.000013,0,1,1,0,1,1
26929332,,0,0.000001,29,0.000013,0,1,1,0,1,1
28070503,,0,0.000019,5,0.000013,0,1,1,0,1,1
27678269,,0,0.000019,5,0.000013,0,1,1,0,1,1
29125478,,0,0,23,0.000013,0,1,1,0,1,1
28653032,,0,0,23,0.000013,0,1,1,0,1,1
27813497,,0,0,23,0.000013,0,1,1,0,1,1
26416451,,0,0,23,0.000013,0,1,1,0,1,1
30121591,,0,0,19,0.000013,0,1,1,0,1,1
29307395,,0,0,19,0.000013,0,3,3,0,3,3
29263816,,0,0,19,0.000013,0,1,1,0,1,1
28696997,,0,0,19,0.000013,0,1,1,0,1,1
28486688,,0,0,19,0.000013,0,1,1,0,1,1
28439417,,0,0,19,0.000013,0,1,1,0,1,1
28287188,,0,0,19,0.000013,0,1,1,0,1,1
27864361,,0,0,19,0.000013,0,1,1,0,1,1
27386839,,0,0,19,0.000013,0,1,1,0,1,1
26596960,,0,0,19,0.000013,0,1,1,0,1,1
27791197,,0,0.000001,32,0.000013,0,1,1,0,1,1
29890363,,0,0.000013,32,0.000013,0,1,1,0,1,1
29856131,,0,0.000013,32,0.000013,0,2,2,0,2,2
29688867,,0,0.000013,32,0.000013,0,1,1,0,1,1
29299156,,0,0.000013,32,0.000013,0,1,1,0,1,1
28928835,,0,0.000013,32,0.000013,0,1,1,0,1,1
27224913,,0,0.000013,32,0.000013,0,1,1,0,1,1
26307460,,0,0,22,0.000013,0,1,1,0,1,1
30250602,,0,0.000006,8,0.000013,0,3,3,0,3,3
27612511,,0,0.000004,8,0.000013,0,1,1,0,1,1
29721066,,0,0,74,0.000013,0,1,1,0,1,1
25906748,,0,0,74,0.00022,19,0,19,19,0,19
29541220,,0,0,74,0.000013,0,1,1,0,1,1
29399389,,0,0,74,0.000013,0,1,1,0,1,1
29263653,,0,0,74,0.000013,0,1,1,0,1,1
29225486,,0,0,74,0.000013,0,1,1,0,1,1
29156702,,0,0,74,0.000013,0,1,1,0,1,1
29050367,,0,0,74,0.000013,0,1,1,0,1,1
28860410,,0,0,74,0.000013,0,1,1,0,1,1
28447036,,0,0,74,0.000013,0,1,1,0,1,1
28405504,,0,0,74,0.000013,0,1,1,0,1,1
27732970,,0,0,74,0.000013,0,1,1,0,1,1
27588404,,0,0,74,0.000013,0,1,1,0,1,1
27544129,,0,0,74,0.000013,0,1,1,0,1,1
27291997,,0,0,74,0.000013,0,1,1,0,1,1
27248819,,0,0,74,0.000013,0,1,1,0,1,1
26893364,,0,0,74,0.000013,0,1,1,0,1,1
26827688,,0,0,74,0.000013,0,1,1,0,1,1
26806808,,0,0,74,0.000013,0,1,1,0,1,1
26625196,,0,0,74,0.000013,0,1,1,0,1,1
30151928,,0,0,32,0.000013,0,1,1,0,1,1
29743234,,0,0,32,0.000013,0,1,1,0,1,1
28556566,,0,0,32,0.000013,0,1,1,0,1,1
28266506,,0,0,32,0.000013,0,1,1,0,1,1
26543161,,0,0,32,0.000013,0,1,1,0,1,1
27574578,,0,0,75,0.000013,0,1,1,0,1,1
25909291,,0,0,75,0.000046,3,0,3,3,0,3
27191982,,0,0,75,0.000013,0,1,1,0,1,1
26124918,,0,0,75,0.000013,0,1,1,0,1,1
30226545,,0,0.000058,41,0.000013,0,1,1,0,1,1
30106959,,0,0.000028,0,0.000013,0,2,2,0,2,2
29445177,,0,0.000029,0,0.000013,0,4,4,0,4,4
30071701,,0,0,0,0.000013,0,1,1,0,1,1
29778233,,0,0.000057,5,0.000013,0,2,2,0,2,2
29164061,,0,0,0,0.000013,0,1,1,0,1,1
28714863,,0,0.000001,8,0.000013,0,1,1,0,1,1
30250843,,0,0,32,0.000013,0,1,1,0,1,1
29978608,,0,0,32,0.000013,0,1,1,0,1,1
29294106,,0,0,32,0.000013,0,1,1,0,1,1
28493978,,0,0,32,0.000013,0,1,1,0,1,1
28185585,,0,0,32,0.000013,0,1,1,0,1,1
27885275,,0,0,32,0.000013,0,1,1,0,1,1
27741524,,0,0,32,0.000013,0,1,1,0,1,1
27259260,,0,0,32,0.000013,0,1,1,0,1,1
26543374,,0,0,2,0.000013,0,1,1,0,1,1
25944041,,0.000012,0,51,0.000014,1,0,1,1,0,1
26556350,,0,0,8,0.000013,0,1,1,0,1,1
29914420,,0,0.000002,35,0.000013,0,2,2,0,2,2
29100281,,0,0.000002,35,0.000013,0,1,1,0,1,1
28373211,,0,0.000002,35,0.000013,0,1,1,0,1,1
27859906,,0,0.000002,35,0.000013,0,1,1,0,1,1
27837030,,0,0.000002,35,0.000013,0,2,2,0,2,2
27248010,,0,0.000002,35,0.000013,0,1,1,0,1,1
27102625,,0,0.000002,35,0.000013,0,1,1,0,1,1
26877874,,0,0.000002,35,0.000013,0,1,1,0,1,1
26455304,,0,0.000002,35,0.000013,0,1,1,0,1,1
26387136,,0,0.000002,35,0.000013,0,1,1,0,1,1
29581779,,0,0.000004,22,0.000013,0,1,1,0,1,1
27079684,,0,0.000004,22,0.000013,0,1,1,0,1,1
25986243,,0,0,2,0.000013,0,1,1,0,1,1
28737175,,0,0.000001,5,0.000013,0,1,1,0,1,1
28978191,,0,0.000002,0,0.000013,0,1,1,0,1,1
28559460,,0,0.000002,0,0.000013,0,1,1,0,1,1
28180256,,0,0.000002,0,0.000013,0,1,1,0,1,1
26927176,,0,0.000002,0,0.000013,0,1,1,0,1,1
26675309,,0,0.000002,2,0.000013,0,2,2,0,2,2
26320188,,0,0.000002,0,0.000013,0,1,1,0,1,1
25960718,,0,0.000002,0,0.000013,0,2,2,0,2,2
29485237,,0,0.000169,5,0.000013,0,7,7,0,7,7
29286535,,0,0.00002,5,0.000013,0,2,2,0,2,2
28944238,,0,0.00002,5,0.000013,0,1,1,0,1,1
28685475,,0,0.00002,5,0.000013,0,1,1,0,1,1
28489507,,0,0.00002,5,0.000013,0,1,1,0,1,1
27696107,,0,0.000045,5,0.000013,0,2,2,0,2,2
27638202,,0,0.00031,41,0.000013,0,5,5,0,5,5
27469586,,0,0.000237,5,0.000013,0,2,2,0,2,2
27363726,,0,0.00002,5,0.000013,0,1,1,0,1,1
27300758,,0,0.00002,5,0.000013,0,1,1,0,1,1
27165003,,0,0.00002,5,0.000024,1,1,2,1,1,2
26873718,,0,0.00002,5,0.000013,0,1,1,0,1,1
26609516,,0,0.00002,5,0.000013,0,1,1,0,1,1
30319179,,0,0,19,0.000013,0,1,1,0,1,1
29413756,,0,0,19,0.000013,0,1,1,0,1,1
29097344,,0,0,19,0.000013,0,1,1,0,1,1
28806712,,0,0,19,0.000013,0,1,1,0,1,1
28521821,,0,0,19,0.000013,0,1,1,0,1,1
27925480,,0,0,19,0.000013,0,1,1,0,1,1
27449059,,0,0,19,0.000013,0,1,1,0,1,1
26603870,,0,0,19,0.000013,0,1,1,0,1,1
26462852,,0,0,19,0.000013,0,1,1,0,1,1
28634376,,0,0.000001,0,0.000013,0,1,1,0,1,1
28270823,,0,0.000001,0,0.000013,0,1,1,0,1,1
27572310,,0,0.000001,0,0.000013,0,1,1,0,1,1
29122777,,0,0.000028,31,0.000013,0,1,1,0,1,1
29549251,,0,0,32,0.000013,0,1,1,0,1,1
28204492,,0,0.000015,0,0.000013,0,2,2,0,2,2
26540230,,0,0.000012,0,0.000013,0,1,1,0,1,1
26273195,,0,0,19,0.000013,0,1,1,0,1,1
29721309,,0,0.000022,41,0.000013,0,1,1,0,1,1
28920005,,0,0.000022,41,0.000013,0,1,1,0,1,1
27855669,,0,0.000022,41,0.000013,0,1,1,0,1,1
26147301,,0,0.000022,41,0.000013,0,1,1,0,1,1
30149613,,0,0,32,0.000013,0,1,1,0,1,1
27625573,,0,0,32,0.000013,0,1,1,0,1,1
29977341,,0,0,11,0.000013,0,1,1,0,1,1
28716052,,0,0,11,0.000013,0,1,1,0,1,1
28376765,,0,0.00002,23,0.000013,0,2,2,0,2,2
26460945,,0,0,11,0.000013,0,1,1,0,1,1
29307001,,0,0.000051,5,0.000013,0,1,1,0,1,1
27394382,,0,0.000051,5,0.000013,0,1,1,0,1,1
27385214,,0,0,2,0.000013,0,1,1,0,1,1
29416986,,0,0.000002,35,0.000013,0,1,1,0,1,1
27185855,,0,0.000004,8,0.000013,0,1,1,0,1,1
30367041,,0,0.000003,23,0.000013,0,1,1,0,1,1
30301786,,0,0.000003,23,0.000013,0,1,1,0,1,1
30286619,,0,0.000003,23,0.000013,0,1,1,0,1,1
30206226,,0,0.000003,23,0.000013,0,2,2,0,2,2
30192808,,0,0.000003,23,0.000013,0,1,1,0,1,1
29930735,,0,0.000003,23,0.000013,0,1,1,0,1,1
29844832,,0,0.000003,23,0.000013,0,1,1,0,1,1
29800239,,0,0.000003,23,0.000013,0,1,1,0,1,1
29721051,,0,0.000003,23,0.000013,0,1,1,0,1,1
29440233,,0,0.000003,23,0.000013,0,1,1,0,1,1
29339420,,0,0.000003,23,0.000013,0,1,1,0,1,1
29033906,,0,0.000003,23,0.000013,0,1,1,0,1,1
28963353,,0,0.000003,23,0.000013,0,1,1,0,1,1
28903383,,0,0.000003,23,0.000013,0,1,1,0,1,1
28807841,,0,0.000003,23,0.000013,0,1,1,0,1,1
28754795,,0,0.000003,23,0.000013,0,1,1,0,1,1
28634199,,0,0.000003,23,0.000013,0,1,1,0,1,1
28607084,,0,0.000003,23,0.000013,0,1,1,0,1,1
28556564,,0,0.000012,23,0.000013,0,2,2,0,2,2
28470677,,0,0.000003,23,0.000013,0,1,1,0,1,1
28366734,,0,0.000003,23,0.000013,0,1,1,0,1,1
28214253,,0,0.000003,23,0.000013,0,1,1,0,1,1
28197536,,0,0.000003,23,0.000013,0,1,1,0,1,1
27818175,,0,0.000003,23,0.000013,0,1,1,0,1,1
27780823,,0,0.000003,23,0.000013,0,1,1,0,1,1
27723720,,0,0.000003,23,0.000013,0,1,1,0,1,1
27601467,,0,0.000003,23,0.000013,0,1,1,0,1,1
27577070,,0,0.000003,23,0.000013,0,1,1,0,1,1
26656477,,0,0.000003,23,0.000013,0,1,1,0,1,1
30296938,,0,0.000048,31,0.000013,0,1,1,0,1,1
26099045,,0.002123,0,31,0.001169,127,0,127,127,0,127
30181541,,0,0.000048,31,0.000013,0,1,1,0,1,1
30176002,,0,0.000048,31,0.000013,0,1,1,0,1,1
30159131,,0,0.000048,31,0.000013,0,1,1,0,1,1
30147360,,0,0.000048,31,0.000013,0,1,1,0,1,1
30135448,,0,0.000182,31,0.000013,0,2,2,0,2,2
30038269,,0,0.000048,31,0.000013,0,1,1,0,1,1
30038216,,0,0.000048,31,0.000013,0,1,1,0,1,1
29928478,,0,0.000048,31,0.000013,0,1,1,0,1,1
29862012,,0,0.000048,31,0.000013,0,1,1,0,1,1
29760052,,0,0.000048,31,0.000013,0,1,1,0,1,1
29747380,,0,0.00007,31,0.000013,0,2,2,0,2,2
29714680,,0,0.000048,31,0.000013,0,1,1,0,1,1
29682514,,0,0.000048,31,0.000013,0,1,1,0,1,1
29682505,,0,0.000048,31,0.000013,0,1,1,0,1,1
29681456,,0,0.000048,31,0.000013,0,1,1,0,1,1
29558370,,0,0.000182,31,0.000013,0,2,2,0,2,2
29497091,,0,0.000048,31,0.000013,0,1,1,0,1,1
29496486,,0,0.000048,31,0.000013,0,1,1,0,1,1
29480819,,0,0.000048,31,0.000013,0,1,1,0,1,1
29480816,,0,0.000182,31,0.000013,0,2,2,0,2,2
29434720,,0,0.000048,31,0.000013,0,1,1,0,1,1
29352488,,0,0.000048,31,0.000013,0,1,1,0,1,1
29347918,,0,0.000048,31,0.000013,0,1,1,0,1,1
29307488,,0,0.000048,31,0.000013,0,1,1,0,1,1
29296022,,0,0.000048,31,0.000013,0,1,1,0,1,1
29228597,,0,0.000048,31,0.000013,0,1,1,0,1,1
29227576,,0,0.000048,31,0.000013,0,1,1,0,1,1
29222441,,0,0.000048,31,0.000013,0,1,1,0,1,1
29187174,,0,0.000048,31,0.000013,0,2,2,0,2,2
29169336,,0,0.000048,31,0.000013,0,1,1,0,1,1
29120751,,0,0.000048,31,0.000013,0,1,1,0,1,1
29067217,,0,0.000048,31,0.000013,0,1,1,0,1,1
29056346,,0,0.000182,31,0.000013,0,2,2,0,2,2
29050228,,0,0.000048,31,0.000013,0,1,1,0,1,1
29030470,,0,0.000048,31,0.000013,0,1,1,0,1,1
29029636,,0,0.000048,31,0.000013,0,1,1,0,1,1
29018192,,0,0.000048,31,0.000013,0,1,1,0,1,1
28927434,,0,0.000048,31,0.000013,0,1,1,0,1,1
28892047,,0,0.000048,31,0.000013,0,1,1,0,1,1
28810143,,0,0.000182,31,0.000013,0,2,2,0,2,2
28780931,,0,0.000048,31,0.000013,0,1,1,0,1,1
28716075,,0,0.000048,31,0.000013,0,1,1,0,1,1
28685159,,0,0.000182,31,0.000013,0,2,2,0,2,2
28616310,,0,0.000048,31,0.000013,0,1,1,0,1,1
28491135,,0,0.000104,5,0.000013,0,3,3,0,3,3
28429735,,0,0.000048,31,0.000013,0,1,1,0,1,1
28351929,,0,0.000182,31,0.000013,0,2,2,0,2,2
28331613,,0,0.000048,31,0.000013,0,1,1,0,1,1
28302680,,0,0.000048,31,0.000013,0,1,1,0,1,1
28287554,,0,0.000048,31,0.000013,0,1,1,0,1,1
28274726,,0,0.000048,31,0.000013,0,1,1,0,1,1
28263318,,0,0.000048,31,0.000013,0,1,1,0,1,1
28231035,,0,0.000048,31,0.000013,0,1,1,0,1,1
28202626,,0,0.000048,31,0.000013,0,1,1,0,1,1
28187288,,0,0.000048,31,0.000013,0,1,1,0,1,1
28165479,,0,0.000048,31,0.000013,0,1,1,0,1,1
28148564,,0,0.000048,31,0.000013,0,1,1,0,1,1
28145097,,0,0.000048,31,0.000013,0,1,1,0,1,1
28139641,,0,0.000048,31,0.000013,0,1,1,0,1,1
28110020,,0,0.000048,31,0.000013,0,1,1,0,1,1
28096247,,0,0.000048,31,0.000013,0,1,1,0,1,1
28073006,,0,0.000048,31,0.000013,0,1,1,0,1,1
28069394,,0,0.000048,31,0.000013,0,1,1,0,1,1
28062556,,0,0.000048,31,0.000013,0,1,1,0,1,1
28049408,,0,0.000048,31,0.000013,0,1,1,0,1,1
28027312,,0,0.000048,31,0.000013,0,1,1,0,1,1
27923679,,0,0.000048,31,0.000013,0,1,1,0,1,1
27923045,,0,0.000048,31,0.000013,0,1,1,0,1,1
27923036,,0,0.000048,31,0.000013,0,1,1,0,1,1
27827358,,0,0.000048,31,0.000013,0,1,1,0,1,1
27756687,,0,0.000048,31,0.000013,0,1,1,0,1,1
27742105,,0,0.000048,31,0.000013,0,1,1,0,1,1
27643536,,0,0.000048,31,0.000013,0,1,1,0,1,1
27615548,,0,0.000048,31,0.000013,0,1,1,0,1,1
27609830,,0,0.000048,31,0.000013,0,1,1,0,1,1
27582092,,0,0.000048,31,0.000013,0,1,1,0,1,1
27571395,,0,0.000048,31,0.000013,0,1,1,0,1,1
27531554,,0,0.000048,31,0.000013,0,1,1,0,1,1
27526321,,0,0.000048,31,0.000013,0,1,1,0,1,1
27515585,,0,0.000048,31,0.000013,0,1,1,0,1,1
27508240,,0,0.000048,31,0.000013,0,1,1,0,1,1
27481837,,0,0.000048,31,0.000013,0,1,1,0,1,1
27355476,,0,0.000048,31,0.000013,0,1,1,0,1,1
27322289,,0,0.000048,31,0.000013,0,1,1,0,1,1
27182557,,0,0.000048,31,0.000013,0,1,1,0,1,1
27148588,,0,0.000048,31,0.000013,0,1,1,0,1,1
27078887,,0,0.000048,31,0.000013,0,1,1,0,1,1
27000962,,0,0.000048,31,0.000013,0,1,1,0,1,1
26991344,,0,0.000048,31,0.000013,0,1,1,0,1,1
26908328,,0,0.000048,31,0.000013,0,1,1,0,1,1
26881778,,0,0.000048,31,0.000013,0,1,1,0,1,1
26878888,,0,0.000048,31,0.000013,0,1,1,0,1,1
26840267,,0,0.000048,31,0.000013,0,1,1,0,1,1
26832770,,0,0.000048,31,0.000013,0,1,1,0,1,1
26776681,,0,0.000048,31,0.000013,0,1,1,0,1,1
26568679,,0,0.000048,31,0.000013,0,1,1,0,1,1
26388155,,0,0.000048,31,0.000013,0,1,1,0,1,1
26260528,,0,0.000048,31,0.000013,0,1,1,0,1,1
29072052,,0,0.000001,2,0.000013,0,1,1,0,1,1
28547937,,0,0.000001,2,0.000013,0,1,1,0,1,1
28441792,,0,0.000001,2,0.000013,0,1,1,0,1,1
28413418,,0,0.000001,2,0.000013,0,1,1,0,1,1
28240527,,0,0.000001,2,0.000013,0,1,1,0,1,1
30257675,,0,0,76,0.000013,0,1,1,0,1,1
26132471,,0.000002,0,76,0.000164,17,0,17,17,0,17
30060537,,0,0,76,0.000013,0,1,1,0,1,1
29951643,,0,0,76,0.000013,0,1,1,0,1,1
29755654,,0,0,76,0.000013,0,1,1,0,1,1
29410603,,0,0,76,0.000013,0,1,1,0,1,1
29146887,,0,0,76,0.000013,0,1,1,0,1,1
29052509,,0,0,76,0.000013,0,1,1,0,1,1
28903382,,0,0,76,0.000013,0,1,1,0,1,1
28680740,,0,0,76,0.000013,0,1,1,0,1,1
28589430,,0,0,76,0.000013,0,1,1,0,1,1
28140789,,0,0,76,0.000013,0,1,1,0,1,1
29900098,,0,0,51,0.000013,0,1,1,0,1,1
29857525,,0,0,51,0.000013,0,1,1,0,1,1
29552220,,0,0,51,0.000013,0,1,1,0,1,1
29233185,,0,0,51,0.000013,0,1,1,0,1,1
29039553,,0,0,51,0.000013,0,1,1,0,1,1
28523467,,0,0,51,0.000013,0,1,1,0,1,1
28068434,,0,0,51,0.000013,0,1,1,0,1,1
27941907,,0,0,51,0.000013,0,1,1,0,1,1
26657294,,0,0,51,0.000013,0,1,1,0,1,1
29162625,,0,0.000017,8,0.000013,0,1,1,0,1,1
28130344,,0,0.000017,8,0.000013,0,1,1,0,1,1
27258069,,0,0.000017,8,0.000013,0,1,1,0,1,1
29441367,,0,0,31,0.000013,0,1,1,0,1,1
26692578,,0,0.000006,22,0.000013,0,1,1,0,1,1
29720220,,0,0,30,0.000013,0,1,1,0,1,1
29395798,,0,0,30,0.000013,0,2,2,0,2,2
29392158,,0,0,30,0.000013,0,1,1,0,1,1
29423438,,0,0,30,0.000013,0,1,1,0,1,1
27142210,,0,0,30,0.000013,0,1,1,0,1,1
30275673,,0,0.000001,5,0.000013,0,2,2,0,2,2
29934412,,0,0,5,0.000013,0,1,1,0,1,1
28253566,,0,0,5,0.000013,0,1,1,0,1,1
26844003,,0,0,5,0.000013,0,1,1,0,1,1
28686074,,0,0.00002,51,0.000013,0,1,1,0,1,1
27902970,,0,0.00002,51,0.000013,0,1,1,0,1,1
27542226,,0,0.00002,51,0.000013,0,1,1,0,1,1
26890070,,0,0.00002,51,0.000013,0,1,1,0,1,1
29962519,,0,0.000162,41,0.000013,0,2,2,0,2,2
29395311,,0,0.000165,5,0.000013,0,3,3,0,3,3
29248205,,0,0.000124,41,0.000013,0,1,1,0,1,1
28929459,,0,0.000124,41,0.000013,0,1,1,0,1,1
28031426,,0,0.000124,41,0.000013,0,1,1,0,1,1
28002793,,0,0.000124,41,0.000013,0,1,1,0,1,1
27102345,,0,0.000124,41,0.000013,0,1,1,0,1,1
29970158,,0,0.000166,41,0.000013,0,2,2,0,2,2
28722765,,0,0.000073,41,0.000013,0,1,1,0,1,1
27775259,,0,0.000073,41,0.000013,0,1,1,0,1,1
27542224,,0,0.000073,41,0.000013,0,1,1,0,1,1
26916548,,0,0.000073,41,0.000013,0,1,1,0,1,1
27737772,,0,0,11,0.000013,0,1,1,0,1,1
27345141,,0,0,11,0.000013,0,1,1,0,1,1
26635036,,0,0,11,0.000013,0,1,1,0,1,1
28302092,,0,0.000001,2,0.000013,0,1,1,0,1,1
30065942,,0,0.000004,8,0.000013,0,1,1,0,1,1
29069504,,0,0.000004,8,0.000013,0,1,1,0,1,1
28934470,,0,0.000004,8,0.000013,0,1,1,0,1,1
28854739,,0,0.000004,8,0.000013,0,1,1,0,1,1
28432121,,0,0.000004,8,0.000013,0,1,1,0,1,1
28114101,,0,0.000004,8,0.000013,0,1,1,0,1,1
28101376,,0,0.000004,8,0.000013,0,1,1,0,1,1
27822899,,0,0.000004,8,0.000013,0,1,1,0,1,1
27548227,,0,0.000004,8,0.000013,0,1,1,0,1,1
27038747,,0,0.000004,8,0.000013,0,1,1,0,1,1
26888060,,0,0.000004,8,0.000013,0,1,1,0,1,1
26845522,,0,0.000004,8,0.000013,0,1,1,0,1,1
26678158,,0,0.000002,2,0.000013,0,1,1,0,1,1
30373614,,0,0,0,0.000013,0,1,1,0,1,1
29456744,,0,0.000011,35,0.000013,0,1,1,0,1,1
28386339,,0,0.000011,35,0.000013,0,1,1,0,1,1
28004573,,0,0.000011,35,0.000013,0,1,1,0,1,1
27213368,,0,0.000011,35,0.000013,0,1,1,0,1,1
29367615,,0,0.000002,19,0.000013,0,1,1,0,1,1
27402553,,0,0.000002,19,0.000013,0,1,1,0,1,1
29340088,,0,0.000008,51,0.000013,0,1,1,0,1,1
26856794,,0,0,23,0.000013,0,1,1,0,1,1
26446325,,0,0,5,0.000013,0,1,1,0,1,1
28190247,,0,0,22,0.000013,0,1,1,0,1,1
27596623,,0,0.000222,51,0.000013,0,2,2,0,2,2
28619685,,0,0.000128,5,0.000013,0,1,1,0,1,1
29382702,,0,0,17,0.000013,0,1,1,0,1,1
28957313,,0,0,17,0.000013,0,1,1,0,1,1
30108690,,0,0.000115,32,0.000013,0,2,2,0,2,2
30046392,,0,0.000026,32,0.000013,0,2,2,0,2,2
29942664,,0,0.000046,31,0.000013,0,3,3,0,3,3
29753129,,0,0.000157,32,0.000013,0,2,2,0,2,2
29751789,,0,0.000035,31,0.000013,0,2,2,0,2,2
29272116,,0,0.000023,32,0.000013,0,1,1,0,1,1
29072370,,0,0.000023,32,0.000013,0,1,1,0,1,1
28654422,,0,0.000024,32,0.000013,0,3,3,0,3,3
28567384,,0,0.000023,32,0.000013,0,1,1,0,1,1
28432052,,0,0.000023,32,0.000013,0,1,1,0,1,1
27861749,,0,0.000036,32,0.000013,0,2,2,0,2,2
27145275,,0,0.000023,32,0.000013,0,1,1,0,1,1
26680641,,0,0.000001,35,0.000013,0,1,1,0,1,1
28764807,,0,0.000001,2,0.000013,0,1,1,0,1,1
27780193,,0,0.000001,2,0.000013,0,1,1,0,1,1
29212525,,0,0,22,0.000013,0,1,1,0,1,1
28376176,,0,0,22,0.000013,0,1,1,0,1,1
27278091,,0,0,22,0.000013,0,1,1,0,1,1
30126387,,0,0.000001,28,0.000013,0,2,2,0,2,2
28679437,,0,0.000001,28,0.000013,0,2,2,0,2,2
29724012,,0,0.000013,32,0.000013,0,1,1,0,1,1
29290986,,0,0.000013,32,0.000013,0,1,1,0,1,1
28640859,,0,0.000013,32,0.000013,0,1,1,0,1,1
27878946,,0,0.000014,32,0.000013,0,2,2,0,2,2
27503386,,0,0.000013,32,0.000013,0,1,1,0,1,1
28673535,,0,0.000001,5,0.000013,0,1,1,0,1,1
26336991,,0.000105,0,32,0.000132,13,0,13,13,0,13
29592880,,0,0.000002,32,0.000013,0,1,1,0,1,1
29528139,,0,0.000002,32,0.000013,0,1,1,0,1,1
29113422,,0,0.000003,51,0.000013,0,3,3,0,3,3
28819445,,0,0.000002,32,0.000013,0,1,1,0,1,1
28415784,,0,0.000002,32,0.000013,0,1,1,0,1,1
28156002,,0.000043,0.000049,51,0.000083,10,2,12,10,2,12
28031413,,0,0.000002,32,0.000013,0,1,1,0,1,1
28797121,,0,0.000014,32,0.000013,0,1,1,0,1,1
28416763,,0,0.000014,32,0.000013,0,1,1,0,1,1
30382159,,0,0.000001,27,0.000013,0,1,1,0,1,1
28453432,,0,0.000001,27,0.000013,0,1,1,0,1,1
29270195,,0,0,11,0.000013,0,1,1,0,1,1
28977985,,0,0.000094,29,0.000013,0,2,2,0,2,2
27289442,,0,0,0,0.000013,0,1,1,0,1,1
27136895,,0,0,0,0.000013,0,1,1,0,1,1
29726819,,0,0.00006,41,0.000013,0,1,1,0,1,1
29576612,,0,0.00006,41,0.000013,0,1,1,0,1,1
28319068,,0,0.00006,41,0.000013,0,1,1,0,1,1
28423715,,0,0,51,0.000013,0,1,1,0,1,1
30194384,,0,0.000003,5,0.000013,0,1,1,0,1,1
29535832,,0,0.000003,5,0.000013,0,1,1,0,1,1
28599464,,0,0.000003,5,0.000013,0,1,1,0,1,1
27894080,,0,0.000003,5,0.000013,0,1,1,0,1,1
27077088,,0,0.000003,5,0.000013,0,1,1,0,1,1
26765445,,0,0.000003,5,0.000013,0,1,1,0,1,1
28945842,,0,0.000006,23,0.000013,0,2,2,0,2,2
28499439,,0,0.000003,23,0.000013,0,1,1,0,1,1
27672288,,0,0.000003,23,0.000013,0,1,1,0,1,1
27372424,,0,0.000003,23,0.000013,0,1,1,0,1,1
26879159,,0,0.000003,23,0.000013,0,1,1,0,1,1
28736647,,0,0.000015,51,0.000013,0,1,1,0,1,1
27428416,,0,0.000015,51,0.000013,0,1,1,0,1,1
29967967,,0,0,5,0.000013,0,1,1,0,1,1
26751194,,0,0,0,0.000013,0,1,1,0,1,1
29731965,,0,0,51,0.000013,0,1,1,0,1,1
26474971,,0.000006,0,51,0.000097,9,0,9,9,0,9
28887413,,0,0,51,0.000013,0,1,1,0,1,1
28779157,,0,0,51,0.000013,0,1,1,0,1,1
28032932,,0,0,51,0.000013,0,1,1,0,1,1
27859136,,0,0,51,0.000013,0,1,1,0,1,1
27597120,,0,0,51,0.000013,0,1,1,0,1,1
27066478,,0,0,51,0.000013,0,1,1,0,1,1
28296921,,0,0,5,0.000013,0,1,1,0,1,1
27904771,,0,0,77,0.000013,0,1,1,0,1,1
26482194,,0,0,77,0.000035,2,0,2,2,0,2
27306418,,0,0,77,0.000013,0,1,1,0,1,1
28435405,,0,0.000008,23,0.000013,0,1,1,0,1,1
27613834,,0,0.000008,23,0.000013,0,1,1,0,1,1
29541212,,0,0,0,0.000013,0,1,1,0,1,1
27618102,,0,0,0,0.000013,0,1,1,0,1,1
26787840,,0,0,0,0.000013,0,1,1,0,1,1
29259772,,0,0.000007,5,0.000013,0,1,1,0,1,1
28492537,,0,0.000012,5,0.000013,0,3,3,0,3,3
30127241,,0,0.000134,31,0.000013,0,2,2,0,2,2
30109783,,0,0.000002,31,0.000013,0,1,1,0,1,1
29093183,,0,0.000002,31,0.000013,0,1,1,0,1,1
28566437,,0,0.000002,31,0.000013,0,1,1,0,1,1
28977496,,0,0.000002,8,0.000013,0,1,1,0,1,1
28854736,,0,0.000002,8,0.000013,0,1,1,0,1,1
28550769,,0,0.000002,8,0.000013,0,1,1,0,1,1
27240471,,0,0.000002,8,0.000013,0,1,1,0,1,1
28586040,,0,0,31,0.000013,0,1,1,0,1,1
27559738,,0,0,2,0.000013,0,1,1,0,1,1
29941666,,0,0,28,0.000013,0,1,1,0,1,1
29886783,,0,0,28,0.000013,0,1,1,0,1,1
29875144,,0,0,28,0.000013,0,1,1,0,1,1
29531219,,0,0,28,0.000013,0,1,1,0,1,1
29263896,,0,0,28,0.000013,0,1,1,0,1,1
28291803,,0,0,28,0.000013,0,1,1,0,1,1
28082599,,0,0,28,0.000013,0,1,1,0,1,1
27763566,,0,0,28,0.000013,0,1,1,0,1,1
27738310,,0,0,28,0.000013,0,1,1,0,1,1
27276715,,0,0,28,0.000013,0,1,1,0,1,1
29152060,,0,0.000003,32,0.000013,0,1,1,0,1,1
29100387,,0,0.000003,32,0.000013,0,1,1,0,1,1
28160567,,0,0.000003,32,0.000013,0,1,1,0,1,1
30079312,,0,0,23,0.000013,0,1,1,0,1,1
29868583,,0,0,23,0.000013,0,1,1,0,1,1
29709259,,0,0,23,0.000013,0,1,1,0,1,1
29685979,,0,0,23,0.000013,0,1,1,0,1,1
29654229,,0,0,23,0.000013,0,1,1,0,1,1
29515088,,0,0,23,0.000013,0,1,1,0,1,1
29503867,,0,0,23,0.000013,0,1,1,0,1,1
29443066,,0,0,23,0.000013,0,1,1,0,1,1
29434679,,0,0,23,0.000013,0,1,1,0,1,1
29233960,,0,0,23,0.000013,0,1,1,0,1,1
29142898,,0,0,23,0.000013,0,1,1,0,1,1
29091290,,0,0,23,0.000013,0,1,1,0,1,1
28927378,,0,0,23,0.000013,0,1,1,0,1,1
28883015,,0,0,23,0.000013,0,1,1,0,1,1
28691711,,0,0,23,0.000013,0,1,1,0,1,1
28624197,,0,0,23,0.000013,0,1,1,0,1,1
28487442,,0,0,23,0.000013,0,1,1,0,1,1
28256574,,0,0.00004,41,0.000013,0,2,2,0,2,2
28098904,,0,0,23,0.000013,0,1,1,0,1,1
28062688,,0,0,23,0.000013,0,1,1,0,1,1
27956228,,0,0,23,0.000013,0,1,1,0,1,1
27741224,,0,0,23,0.000013,0,1,1,0,1,1
27608848,,0,0.000093,23,0.000013,0,2,2,0,2,2
27432158,,0,0,23,0.000013,0,1,1,0,1,1
27340177,,0,0,23,0.000013,0,1,1,0,1,1
27149548,,0,0,23,0.000013,0,1,1,0,1,1
30349055,,0,0.000218,51,0.000013,0,1,1,0,1,1
30345007,,0,0.000264,51,0.000013,0,2,2,0,2,2
30341300,,0,0.000218,51,0.000013,0,1,1,0,1,1
30220950,,0,0.000268,51,0.000013,0,4,4,0,4,4
30181359,,0,0.000267,51,0.000013,0,4,4,0,4,4
30179225,,0,0.000218,51,0.000013,0,1,1,0,1,1
30036938,,0,0.000218,51,0.000013,0,1,1,0,1,1
30021909,,0,0.000219,51,0.000013,0,2,2,0,2,2
29983880,,0,0.000315,51,0.000024,1,4,5,1,4,5
29977347,,0,0.000306,51,0.000013,0,3,3,0,3,3
29925878,,0,0.000218,51,0.000013,0,1,1,0,1,1
29854870,,0,0.000264,51,0.000013,0,2,2,0,2,2
29777112,,0,0.000218,51,0.000013,0,1,1,0,1,1
29748182,,0,0.000222,51,0.000013,0,3,3,0,3,3
29715291,,0,0.000218,51,0.000013,0,1,1,0,1,1
29606109,,0,0.000218,51,0.000013,0,1,1,0,1,1
29582792,,0,0.000218,51,0.000013,0,1,1,0,1,1
29578115,,0,0.000219,51,0.000013,0,2,2,0,2,2
29574703,,0,0.000307,51,0.000013,0,4,4,0,4,4
29536949,,0,0.000218,51,0.000013,0,1,1,0,1,1
29463595,,0,0.000218,51,0.000013,0,1,1,0,1,1
29439820,,0.000129,0.000269,51,0.000018,4,4,8,4,4,8
29410158,,0,0.000218,51,0.000013,0,1,1,0,1,1
29368212,,0,0.000218,51,0.000013,0,1,1,0,1,1
29346775,,0,0.000218,51,0.000013,0,1,1,0,1,1
29319382,,0,0.000221,51,0.000013,0,2,2,0,2,2
29291731,,0,0.000264,51,0.000013,0,2,2,0,2,2
29264186,,0,0.000264,51,0.000013,0,2,2,0,2,2
29230413,,0,0.000218,51,0.000013,0,1,1,0,1,1
29226251,,0,0.000218,51,0.000013,0,1,1,0,1,1
29212150,,0,0.00022,51,0.000013,0,2,2,0,2,2
29194564,,0,0.000218,51,0.000013,0,1,1,0,1,1
29170499,,0,0.000311,32,0.000013,0,2,2,0,2,2
29138344,,0,0.00022,51,0.000013,0,2,2,0,2,2
29134562,,0,0.000267,51,0.000013,0,3,3,0,3,3
29109393,,0,0.00026,31,0.000013,0,2,2,0,2,2
29100379,,0,0.000219,51,0.000013,0,2,2,0,2,2
29088767,,0,0.000218,51,0.000013,0,1,1,0,1,1
29069829,,0,0.000218,51,0.000013,0,1,1,0,1,1
28978094,,0,0.000264,51,0.000013,0,2,2,0,2,2
28938417,,0,0.000218,51,0.000013,0,1,1,0,1,1
28899973,,0,0.000218,51,0.000013,0,1,1,0,1,1
28820388,,0,0.000218,51,0.000013,0,1,1,0,1,1
28794807,,0,0.000265,51,0.000013,0,3,3,0,3,3
28783718,,0,0.000264,51,0.000013,0,2,2,0,2,2
28762015,,0,0.000264,51,0.000013,0,2,2,0,2,2
28734984,,0,0.000218,51,0.000013,0,1,1,0,1,1
28714919,,0,0.000218,51,0.000013,0,1,1,0,1,1
28678600,,0,0.000264,51,0.000013,0,2,2,0,2,2
28663235,,0,0.000264,51,0.000013,0,2,2,0,2,2
28611314,,0,0.000249,51,0.000013,0,2,2,0,2,2
28465615,,0,0.000218,51,0.000013,0,1,1,0,1,1
28430589,,0,0.000218,51,0.000013,0,1,1,0,1,1
28417079,,0,0.000218,51,0.000013,0,1,1,0,1,1
28361223,,0,0.000264,51,0.000013,0,2,2,0,2,2
28344814,,0,0.000218,51,0.000013,0,1,1,0,1,1
28280605,,0,0.000218,51,0.000013,0,1,1,0,1,1
28229393,,0,0.000218,51,0.000013,0,1,1,0,1,1
28197968,,0,0.000218,51,0.000013,0,1,1,0,1,1
28069876,,0,0.000218,51,0.000013,0,1,1,0,1,1
28061466,,0,0.000218,51,0.000013,0,1,1,0,1,1
28055970,,0,0.000218,51,0.000013,0,1,1,0,1,1
28039155,,0,0.000218,51,0.000013,0,1,1,0,1,1
27959945,,0,0.000218,51,0.000013,0,1,1,0,1,1
27875103,,0,0.000218,51,0.000013,0,1,1,0,1,1
27852261,,0,0.000218,51,0.000013,0,1,1,0,1,1
27773999,,0,0.000218,51,0.000013,0,1,1,0,1,1
27747090,,0,0.000218,51,0.000013,0,1,1,0,1,1
27732836,,0,0.000218,51,0.000013,0,1,1,0,1,1
27692705,,0.000044,0.000264,51,0.000046,6,2,8,6,2,8
27683114,,0,0.000218,51,0.000013,0,2,2,0,2,2
27635283,,0,0.000218,51,0.000013,0,1,1,0,1,1
27557496,,0,0.000218,51,0.000013,0,1,1,0,1,1
27502737,,0,0.000218,51,0.000013,0,1,1,0,1,1
27460824,,0,0.000237,31,0.000013,0,2,2,0,2,2
27358841,,0,0.000218,51,0.000013,0,1,1,0,1,1
27340920,,0,0.000218,51,0.000013,0,1,1,0,1,1
27189160,,0,0.000218,51,0.000013,0,1,1,0,1,1
27184811,,0,0.000218,51,0.000013,0,1,1,0,1,1
27070712,,0,0.000218,51,0.000013,0,1,1,0,1,1
27014907,,0,0.000218,51,0.000013,0,1,1,0,1,1
27014722,,0,0.000218,51,0.000013,0,1,1,0,1,1
26908063,,0,0.000218,51,0.000013,0,1,1,0,1,1
26902623,,0,0.000218,51,0.000013,0,1,1,0,1,1
26874923,,0,0.000218,51,0.000013,0,1,1,0,1,1
26713604,,0,0.000218,51,0.000013,0,1,1,0,1,1
28385043,,0,0,19,0.000013,0,1,1,0,1,1
27993842,,0,0,19,0.000013,0,1,1,0,1,1
26970181,,0,0,19,0.000013,0,1,1,0,1,1
30301958,,0,0.000042,31,0.000013,0,1,1,0,1,1
30181806,,0,0.000042,31,0.000013,0,1,1,0,1,1
30034550,,0,0.000042,31,0.000013,0,1,1,0,1,1
29254236,,0,0.000176,31,0.000013,0,2,2,0,2,2
29094609,,0,0.000042,31,0.000013,0,1,1,0,1,1
29088841,,0,0.000042,31,0.000013,0,1,1,0,1,1
28860350,,0,0.000042,31,0.000013,0,1,1,0,1,1
28423627,,0,0.000042,31,0.000013,0,1,1,0,1,1
28358873,,0,0.000176,31,0.000013,0,2,2,0,2,2
27933214,,0,0.000042,31,0.000013,0,1,1,0,1,1
27773961,,0,0.000042,31,0.000013,0,1,1,0,1,1
27734975,,0,0.000042,31,0.000013,0,1,1,0,1,1
27660473,,0,0.000042,31,0.000013,0,1,1,0,1,1
29434472,,0,0,0,0.000013,0,1,1,0,1,1
28926322,,0,0,0,0.000013,0,1,1,0,1,1
26530882,,0.000002,0,22,0.000058,6,0,6,6,0,6
28948061,,0,0,22,0.000013,0,1,1,0,1,1
27877056,,0,0,22,0.000013,0,1,1,0,1,1
27561845,,0,0,22,0.000013,0,1,1,0,1,1
29997511,,0,0,2,0.000013,0,1,1,0,1,1
29664470,,0,0,2,0.000013,0,1,1,0,1,1
29713580,,0,0.000015,2,0.000013,0,2,2,0,2,2
28978187,,0,0.000014,2,0.000013,0,1,1,0,1,1
28944235,,0,0.000014,2,0.000013,0,1,1,0,1,1
30266942,,0,0.000008,32,0.000013,0,1,1,0,1,1
27553366,,0,0.000008,32,0.000013,0,1,1,0,1,1
30059832,,0,0.000106,32,0.000013,0,2,2,0,2,2
29941867,,0,0.000013,32,0.000013,0,1,1,0,1,1
29413765,,0,0.000106,32,0.000013,0,2,2,0,2,2
27081694,,0,0.000013,32,0.000013,0,1,1,0,1,1
26558807,,0.000039,0,0,0.000016,1,0,1,1,0,1
28160558,,0,0.000008,2,0.000013,0,1,1,0,1,1
26978683,,0,0,2,0.000013,0,1,1,0,1,1
28449496,,0,0.000023,41,0.000013,0,1,1,0,1,1
29135516,,0,0,41,0.000013,0,1,1,0,1,1
26575023,,0.000047,0,51,0.00027,27,0,27,27,0,27
30068984,,0,0.000001,51,0.000013,0,1,1,0,1,1
30034626,,0,0.000001,51,0.000013,0,1,1,0,1,1
29666832,,0,0.000001,51,0.000013,0,1,1,0,1,1
29551650,,0,0.000001,51,0.000013,0,1,1,0,1,1
29470068,,0,0.000001,51,0.000013,0,1,1,0,1,1
29264193,,0,0.000001,51,0.000013,0,1,1,0,1,1
29168077,,0,0.000001,51,0.000013,0,1,1,0,1,1
29106464,,0,0.000001,51,0.000013,0,1,1,0,1,1
28823596,,0,0.000001,51,0.000013,0,1,1,0,1,1
28819450,,0,0.000001,51,0.000013,0,1,1,0,1,1
28721719,,0,0.000001,51,0.000013,0,1,1,0,1,1
28632258,,0,0.000001,51,0.000013,0,1,1,0,1,1
28405930,,0,0.000001,51,0.000013,0,1,1,0,1,1
28389596,,0,0.000001,51,0.000013,0,1,1,0,1,1
28228136,,0,0.000001,51,0.000013,0,1,1,0,1,1
28220395,,0,0.000001,51,0.000013,0,1,1,0,1,1
28191452,,0,0.000001,51,0.000013,0,1,1,0,1,1
27999407,,0,0.000001,51,0.000013,0,1,1,0,1,1
27924634,,0,0.000001,51,0.000013,0,1,1,0,1,1
27657044,,0,0.000001,51,0.000013,0,1,1,0,1,1
27375790,,0,0.000001,51,0.000013,0,1,1,0,1,1
27313981,,0,0.000001,51,0.000013,0,1,1,0,1,1
29467582,,0,0.000001,2,0.000013,0,1,1,0,1,1
30266933,,0,0.00002,23,0.000013,0,1,1,0,1,1
30262806,,0,0.00002,23,0.000013,0,1,1,0,1,1
30200332,,0,0.00002,23,0.000013,0,1,1,0,1,1
30172241,,0,0.00002,23,0.000013,0,1,1,0,1,1
30171420,,0,0.00002,23,0.000013,0,1,1,0,1,1
30112248,,0,0.00002,23,0.000013,0,1,1,0,1,1
30090025,,0,0.00002,23,0.000013,0,1,1,0,1,1
30068732,,0,0.000067,23,0.000013,0,2,2,0,2,2
30062063,,0,0.00002,23,0.000013,0,1,1,0,1,1
30038050,,0,0.00002,23,0.000013,0,1,1,0,1,1
29891567,,0,0.00002,23,0.000013,0,1,1,0,1,1
29874133,,0,0.00002,23,0.000013,0,1,1,0,1,1
29847298,,0,0.00002,23,0.000013,0,1,1,0,1,1
29742882,,0,0.00002,23,0.000013,0,1,1,0,1,1
29593336,,0,0.00002,23,0.000013,0,1,1,0,1,1
29554022,,0,0.00002,23,0.000013,0,1,1,0,1,1
29489755,,0,0.00002,23,0.000013,0,1,1,0,1,1
29434027,,0,0.00002,23,0.000013,0,1,1,0,1,1
29371599,,0,0.00002,23,0.000013,0,1,1,0,1,1
29348612,,0,0.00002,23,0.000013,0,1,1,0,1,1
29300620,,0,0.00002,23,0.000013,0,1,1,0,1,1
29258538,,0,0.00002,23,0.000013,0,1,1,0,1,1
29228658,,0,0.00002,23,0.000013,0,1,1,0,1,1
29227476,,0,0.00002,23,0.000013,0,1,1,0,1,1
29208398,,0,0.000056,32,0.000013,0,4,4,0,4,4
29206863,,0,0.00002,23,0.000013,0,1,1,0,1,1
29156196,,0,0.000087,23,0.000013,0,4,4,0,4,4
29146900,,0,0.00002,23,0.000013,0,1,1,0,1,1
29065898,,0,0.00002,23,0.000013,0,1,1,0,1,1
28983852,,0,0.00002,23,0.000013,0,1,1,0,1,1
28929227,,0,0.00002,23,0.000013,0,1,1,0,1,1
28878254,,0.000004,0.000067,23,0.000026,2,2,4,2,2,4
28873162,,0,0.00007,51,0.000013,0,5,5,0,5,5
28851129,,0,0.00002,23,0.000013,0,1,1,0,1,1
28763018,,0,0.00002,23,0.000013,0,1,1,0,1,1
28749971,,0,0.00002,23,0.000013,0,1,1,0,1,1
28671688,,0,0.00002,23,0.000013,0,1,1,0,1,1
28572261,,0,0.00002,23,0.000013,0,1,1,0,1,1
28475293,,0,0.00002,23,0.000013,0,1,1,0,1,1
28458126,,0,0.00002,23,0.000013,0,1,1,0,1,1
28453743,,0,0.00002,23,0.000013,0,1,1,0,1,1
28325298,,0,0.00002,23,0.000013,0,1,1,0,1,1
28191536,,0,0.00002,23,0.000013,0,1,1,0,1,1
28110285,,0,0.00002,23,0.000013,0,1,1,0,1,1
28060130,,0,0.00002,23,0.000013,0,1,1,0,1,1
28055978,,0,0.00002,23,0.000013,0,1,1,0,1,1
28007021,,0,0.00002,23,0.000013,0,1,1,0,1,1
27997549,,0,0.00002,23,0.000013,0,1,1,0,1,1
27913494,,0,0.000021,23,0.000013,0,2,2,0,2,2
27894357,,0,0.00002,23,0.000013,0,1,1,0,1,1
27801855,,0,0.00002,23,0.000013,0,1,1,0,1,1
27799343,,0,0.00002,23,0.000013,0,1,1,0,1,1
27771959,,0,0.00002,23,0.000013,0,1,1,0,1,1
27761754,,0,0.00002,23,0.000013,0,1,1,0,1,1
27748023,,0,0.00002,23,0.000013,0,1,1,0,1,1
27683039,,0,0.00002,23,0.000013,0,1,1,0,1,1
27626068,,0,0.00002,23,0.000013,0,1,1,0,1,1
27524931,,0,0.00002,23,0.000013,0,1,1,0,1,1
27515251,,0,0.00002,23,0.000013,0,1,1,0,1,1
27429135,,0,0.00002,23,0.000013,0,1,1,0,1,1
27207662,,0,0.00002,23,0.000013,0,1,1,0,1,1
27118405,,0,0.00002,23,0.000013,0,1,1,0,1,1
26902849,,0,0.00002,23,0.000013,0,1,1,0,1,1
26888175,,0,0.00002,23,0.000013,0,1,1,0,1,1
26584681,,0.0005,0,41,0.000016,1,0,1,1,0,1
30323762,,0,0.000001,32,0.000013,0,1,1,0,1,1
29735549,,0,0.000001,32,0.000013,0,1,1,0,1,1
29133592,,0,0.000001,32,0.000013,0,1,1,0,1,1
29088738,,0,0.000001,32,0.000013,0,1,1,0,1,1
27923831,,0,0.000001,32,0.000013,0,1,1,0,1,1
26890478,,0,0.000001,32,0.000013,0,1,1,0,1,1
30211214,,0,0.000006,22,0.000013,0,1,1,0,1,1
29136510,,0,0.000006,22,0.000013,0,1,1,0,1,1
28152060,,0,0.000006,22,0.000013,0,2,2,0,2,2
29959375,,0,0,23,0.000013,0,1,1,0,1,1
28794644,,0,0.000001,19,0.000013,0,1,1,0,1,1
28701332,,0,0.000001,19,0.000013,0,2,2,0,2,2
28388533,,0,0.000001,19,0.000013,0,2,2,0,2,2
28387573,,0,0.000001,19,0.000013,0,2,2,0,2,2
28173834,,0,0.000001,19,0.000013,0,2,2,0,2,2
28002811,,0,0.000001,19,0.000013,0,1,1,0,1,1
27072583,,0,0.000001,19,0.000013,0,1,1,0,1,1
29986644,,0,0.000001,51,0.000013,0,3,3,0,3,3
29419417,,0,0,51,0.000013,0,1,1,0,1,1
29233930,,0,0,51,0.000013,0,1,1,0,1,1
29063047,,0,0,51,0.000013,0,1,1,0,1,1
29039473,,0,0,51,0.000013,0,1,1,0,1,1
28415781,,0,0,51,0.000013,0,1,1,0,1,1
28093084,,0,0,51,0.000013,0,1,1,0,1,1
27768589,,0,0,51,0.000013,0,1,1,0,1,1
24771926,,0,0,0,0.000013,0,1,1,0,1,1
24771886,,0,0,0,0.000013,0,1,1,0,1,1
29435294,,0,0.000001,23,0.000013,0,1,1,0,1,1
28076841,,0,0.000001,23,0.000013,0,1,1,0,1,1
27913458,,0,0.000001,23,0.000013,0,1,1,0,1,1
27895058,,0,0.000001,23,0.000013,0,1,1,0,1,1
27621757,,0,0.000001,23,0.000013,0,1,1,0,1,1
30140320,,0,0,5,0.000013,0,1,1,0,1,1
30271504,,0,0.000009,23,0.000013,0,2,2,0,2,2
29914459,,0,0.000009,23,0.000013,0,1,1,0,1,1
29849115,,0,0.000009,23,0.000013,0,1,1,0,1,1
29596435,,0,0.000009,23,0.000013,0,1,1,0,1,1
29135329,,0,0.000009,23,0.000013,0,1,1,0,1,1
28819021,,0,0.000009,23,0.000013,0,1,1,0,1,1
28034553,,0,0.000009,23,0.000013,0,1,1,0,1,1
29902261,,0,0,78,0.000013,0,1,1,0,1,1
26670666,,0,0,78,0.000089,7,0,7,7,0,7
29880898,,0,0,78,0.000013,0,1,1,0,1,1
29184782,,0,0,78,0.000013,0,1,1,0,1,1
28753783,,0,0,78,0.000013,0,1,1,0,1,1
28751665,,0,0,78,0.000013,0,1,1,0,1,1
28423512,,0,0,78,0.000013,0,1,1,0,1,1
28122331,,0,0,78,0.000013,0,1,1,0,1,1
30281645,,0,0.000002,0,0.000013,0,1,1,0,1,1
29942125,,0,0.000002,0,0.000013,0,1,1,0,1,1
29534738,,0,0.000002,0,0.000013,0,1,1,0,1,1
29518222,,0,0.000002,0,0.000013,0,1,1,0,1,1
29346471,,0,0.000002,0,0.000013,0,1,1,0,1,1
29162038,,0,0.000002,0,0.000013,0,1,1,0,1,1
28791495,,0,0.000002,0,0.000013,0,1,1,0,1,1
27617055,,0,0.000002,0,0.000013,0,1,1,0,1,1
26589314,,0,0.000002,0,0.000013,0,1,1,0,1,1
29277356,,0,0,32,0.000013,0,1,1,0,1,1
29069730,,0,0,32,0.000013,0,1,1,0,1,1
28162974,,0,0,32,0.000013,0,1,1,0,1,1
28069995,,0,0,32,0.000013,0,1,1,0,1,1
27571067,,0,0,32,0.000013,0,1,1,0,1,1
27019349,,0,0,32,0.000013,0,1,1,0,1,1
30276360,,0,0.000041,32,0.000013,0,3,3,0,3,3
28837158,,0,0.000025,5,0.000013,0,1,1,0,1,1
28445321,,0,0.000045,31,0.000013,0,2,2,0,2,2
28352187,,0,0.000045,31,0.000013,0,2,2,0,2,2
30279572,,0,0.000001,23,0.000013,0,1,1,0,1,1
30254196,,0,0.000001,23,0.000013,0,1,1,0,1,1
30071693,,0,0.000001,23,0.000013,0,1,1,0,1,1
29867148,,0,0.000001,23,0.000013,0,1,1,0,1,1
29662176,,0,0.000001,23,0.000013,0,1,1,0,1,1
29636993,,0,0.000001,23,0.000013,0,1,1,0,1,1
29371474,,0,0.000001,23,0.000013,0,1,1,0,1,1
29196097,,0,0.000001,23,0.000013,0,1,1,0,1,1
29089558,,0,0.000001,23,0.000013,0,1,1,0,1,1
29051321,,0,0.000001,23,0.000013,0,1,1,0,1,1
28802831,,0,0.000001,23,0.000013,0,1,1,0,1,1
28783104,,0,0.000001,23,0.000013,0,1,1,0,1,1
28540956,,0,0.000001,23,0.000013,0,1,1,0,1,1
28514744,,0,0.000001,23,0.000013,0,1,1,0,1,1
28471299,,0,0.000001,23,0.000013,0,1,1,0,1,1
28446531,,0,0.000001,23,0.000013,0,1,1,0,1,1
28121262,,0,0.000001,23,0.000013,0,1,1,0,1,1
28104621,,0,0.000001,23,0.000013,0,1,1,0,1,1
28039443,,0,0.000001,23,0.000013,0,1,1,0,1,1
27917920,,0,0.000001,23,0.000013,0,1,1,0,1,1
27820941,,0,0.000001,23,0.000013,0,1,1,0,1,1
27788488,,0,0.000001,23,0.000013,0,1,1,0,1,1
27602770,,0,0.000001,23,0.000013,0,1,1,0,1,1
27035812,,0,0.000001,23,0.000013,0,1,1,0,1,1
30286765,,0,0.00002,31,0.000013,0,1,1,0,1,1
29783934,,0,0.00002,31,0.000013,0,1,1,0,1,1
29745856,,0,0.00002,31,0.000013,0,1,1,0,1,1
29273096,,0,0.00002,31,0.000013,0,1,1,0,1,1
29109099,,0,0.000066,31,0.000013,0,2,2,0,2,2
29034103,,0,0.00002,31,0.000013,0,1,1,0,1,1
28550065,,0,0.00002,31,0.000013,0,1,1,0,1,1
28350864,,0,0.00002,31,0.000013,0,1,1,0,1,1
28170043,,0,0.00002,31,0.000013,0,1,1,0,1,1
28052013,,0,0.00002,31,0.000013,0,1,1,0,1,1
27339696,,0,0.00002,31,0.000013,0,1,1,0,1,1
30193136,,0,0.000001,5,0.000013,0,1,1,0,1,1
29341851,,0,0.000001,5,0.000013,0,1,1,0,1,1
29654294,,0,0.000001,29,0.000013,0,1,1,0,1,1
29498642,,0,0.000001,29,0.000013,0,1,1,0,1,1
29077012,,0,0.000001,29,0.000013,0,1,1,0,1,1
29070984,,0,0.000001,29,0.000013,0,1,1,0,1,1
28345844,,0,0.000001,29,0.000013,0,1,1,0,1,1
28255318,,0,0.000001,29,0.000013,0,1,1,0,1,1
27552817,,0,0.000001,29,0.000013,0,1,1,0,1,1
28565873,,0,0.000001,35,0.000013,0,1,1,0,1,1
26711789,,0.000522,0,32,0.00003,4,0,4,4,0,4
27415837,,0,0.000261,32,0.000013,0,2,2,0,2,2
30364401,,0,0.00025,5,0.000013,0,1,1,0,1,1
30281663,,0,0.00025,5,0.000013,0,1,1,0,1,1
30069056,,0,0.00025,5,0.000013,0,1,1,0,1,1
29755699,,0,0.000254,5,0.000013,0,4,4,0,4,4
29400022,,0,0.00025,5,0.000013,0,1,1,0,1,1
28820644,,0,0.000255,5,0.000013,0,3,3,0,3,3
27470985,,0,0.00025,5,0.000013,0,1,1,0,1,1
28974953,,0,0.000163,51,0.000013,0,1,1,0,1,1
30214106,,0,0,33,0.000013,0,1,1,0,1,1
26730203,,0.000001,0,33,0.000062,5,0,5,5,0,5
30079293,,0,0,33,0.000013,0,1,1,0,1,1
29201061,,0,0,33,0.000013,0,1,1,0,1,1
28591733,,0,0,33,0.000013,0,1,1,0,1,1
29525983,,0,0.000002,2,0.000013,0,1,1,0,1,1
28122725,,0,0.000002,2,0.000013,0,1,1,0,1,1
28539662,,0,0.000057,5,0.000013,0,1,1,0,1,1
28391108,,0,0.000057,5,0.000013,0,1,1,0,1,1
29858273,,0,0.000002,22,0.000013,0,1,1,0,1,1
29266521,,0,0.000002,22,0.000013,0,1,1,0,1,1
29242188,,0,0.000002,22,0.000013,0,1,1,0,1,1
29132416,,0,0.000002,22,0.000013,0,1,1,0,1,1
28717662,,0,0.000002,22,0.000013,0,1,1,0,1,1
28714225,,0,0.000004,22,0.000013,0,2,2,0,2,2
28546994,,0,0.000002,22,0.000013,0,1,1,0,1,1
28507310,,0,0.000002,22,0.000013,0,1,1,0,1,1
28475858,,0,0.000002,22,0.000013,0,1,1,0,1,1
28357066,,0,0.000002,22,0.000013,0,1,1,0,1,1
28138077,,0,0.000002,22,0.000013,0,1,1,0,1,1
28039323,,0,0.000002,22,0.000013,0,1,1,0,1,1
27623443,,0,0.000002,22,0.000013,0,1,1,0,1,1
27453579,,0,0.000002,22,0.000013,0,1,1,0,1,1
27049861,,0,0.000002,22,0.000013,0,1,1,0,1,1
29774315,,0,0,0,0.000013,0,1,1,0,1,1
27685104,,0,0,0,0.000013,0,1,1,0,1,1
30038717,,0,0.000002,51,0.000013,0,1,1,0,1,1
29928512,,0,0.000002,51,0.000013,0,1,1,0,1,1
30217218,,0,0.000063,32,0.000013,0,1,1,0,1,1
26779812,,0.002812,0,32,0.000124,25,0,25,25,0,25
30158543,,0,0.000063,32,0.000013,0,1,1,0,1,1
29042798,,0,0.000063,32,0.000013,0,1,1,0,1,1
28742793,,0,0.000063,32,0.000013,0,1,1,0,1,1
28164088,,0,0.000063,32,0.000013,0,1,1,0,1,1
27913999,,0,0.000063,32,0.000013,0,1,1,0,1,1
27894099,,0,0.000063,32,0.000013,0,1,1,0,1,1
29088253,,0,0.000007,8,0.000013,0,1,1,0,1,1
28523262,,0,0.000002,5,0.000013,0,1,1,0,1,1
28178648,,0,0.000015,22,0.000013,0,1,1,0,1,1
28070990,,0,0.000015,22,0.000013,0,1,1,0,1,1
27994516,,0,0.000015,22,0.000013,0,1,1,0,1,1
27624283,,0,0.000015,22,0.000013,0,1,1,0,1,1
29270394,,0,0,5,0.000013,0,1,1,0,1,1
28775188,,0,0,5,0.000013,0,1,1,0,1,1
30165384,,0,0.000001,8,0.000013,0,1,1,0,1,1
29522130,,0,0.000001,8,0.000013,0,1,1,0,1,1
29181487,,0,0.000001,8,0.000013,0,1,1,0,1,1
30344425,,0,0,11,0.000013,0,1,1,0,1,1
29954105,,0,0,8,0.000013,0,1,1,0,1,1
27796338,,0,0,8,0.000013,0,1,1,0,1,1
27406244,,0,0,23,0.000013,0,1,1,0,1,1
30174844,,0,0,79,0.000013,0,1,1,0,1,1
26855905,,0,0,79,0.000035,2,0,2,2,0,2
27294241,,0,0,79,0.000013,0,1,1,0,1,1
29878989,,0,0,5,0.000013,0,1,1,0,1,1
26857264,,0.000022,0,31,0.000137,13,0,13,13,0,13
29872697,,0,0,31,0.000013,0,1,1,0,1,1
29370817,,0,0,31,0.000013,0,1,1,0,1,1
29257265,,0,0,31,0.000013,0,1,1,0,1,1
28757263,,0,0,31,0.000013,0,1,1,0,1,1
28654678,,0,0,31,0.000013,0,1,1,0,1,1
28603669,,0,0,31,0.000013,0,1,1,0,1,1
28430642,,0,0,31,0.000013,0,1,1,0,1,1
28422719,,0,0,31,0.000013,0,1,1,0,1,1
27513973,,0,0,31,0.000013,0,1,1,0,1,1
27399176,,0,0,31,0.000013,0,1,1,0,1,1
29392096,,0,0.000001,2,0.000013,0,1,1,0,1,1
28836029,,0,0.000001,2,0.000013,0,1,1,0,1,1
29473333,,0,0.000006,5,0.000013,0,1,1,0,1,1
29170526,,0,0.000006,5,0.000013,0,1,1,0,1,1
27134741,,0,0.000006,5,0.000013,0,1,1,0,1,1
27022903,,0,0.000006,5,0.000013,0,1,1,0,1,1
27642296,,0,0,80,0.000013,0,1,1,0,1,1
26893716,,0,0,80,0.000024,1,0,1,1,0,1
29071797,,0,0,17,0.000013,0,1,1,0,1,1
27235448,,0,0,17,0.000013,0,1,1,0,1,1
30245850,,0,0,2,0.000013,0,1,1,0,1,1
28894332,,0,0,2,0.000013,0,1,1,0,1,1
29775997,,0,0.000002,22,0.000013,0,1,1,0,1,1
29215575,,0,0,51,0.000013,0,1,1,0,1,1
28127258,,0,0,51,0.000013,0,1,1,0,1,1
28053694,,0,0,51,0.000013,0,1,1,0,1,1
30024813,,0,0.000014,31,0.000013,0,1,1,0,1,1
28056859,,0,0.000014,31,0.000013,0,1,1,0,1,1
26934861,,0.00002,0,51,0.000085,8,0,8,8,0,8
29254284,,0,0,51,0.000013,0,1,1,0,1,1
29149895,,0,0,51,0.000013,0,1,1,0,1,1
28296724,,0,0,51,0.000013,0,1,1,0,1,1
27799067,,0,0,51,0.000013,0,1,1,0,1,1
27446923,,0,0,51,0.000013,0,1,1,0,1,1
27223305,,0,0,51,0.000013,0,1,1,0,1,1
29854276,,0,0,32,0.000013,0,1,1,0,1,1
27622158,,0,0,51,0.000013,0,1,1,0,1,1
30100991,,0,0.000019,22,0.000013,0,1,1,0,1,1
30054559,,0,0.000023,5,0.000013,0,4,4,0,4,4
30043523,,0,0.000019,22,0.000013,0,1,1,0,1,1
29464067,,0,0.000208,22,0.000013,0,3,3,0,3,3
28801307,,0,0.000019,22,0.000013,0,1,1,0,1,1
27806319,,0,0.000019,22,0.000013,0,1,1,0,1,1
29545874,,0,0,33,0.000013,0,1,1,0,1,1
29161592,,0,0,33,0.000013,0,1,1,0,1,1
29113418,,0,0,33,0.000013,0,1,1,0,1,1
28977914,,0,0,33,0.000013,0,1,1,0,1,1
29945186,,0,0,0,0.000013,0,1,1,0,1,1
29889077,,0,0,0,0.000013,0,1,1,0,1,1
27656319,,0,0,19,0.000013,0,1,1,0,1,1
29188306,,0,0.000001,31,0.000013,0,1,1,0,1,1
29072302,,0,0.000001,31,0.000013,0,1,1,0,1,1
28835386,,0,0.000001,31,0.000013,0,1,1,0,1,1
28359267,,0,0.000001,31,0.000013,0,1,1,0,1,1
27459693,,0,0,1,0.000013,0,1,1,0,1,1
29530003,,0,0,0,0.000013,0,1,1,0,1,1
29032088,,0,0,0,0.000013,0,1,1,0,1,1
28133688,,0,0,35,0.000013,0,2,2,0,2,2
27679672,,0,0,5,0.000013,0,1,1,0,1,1
30370352,,0,0.000217,0,0.000013,0,5,5,0,5,5
30353012,,0,0.000093,32,0.000013,0,1,1,0,1,1
30297703,,0,0.000093,32,0.000013,0,1,1,0,1,1
30294272,,0,0.000093,32,0.000013,0,1,1,0,1,1
30288361,,0,0.000093,32,0.000013,0,1,1,0,1,1
30194424,,0,0.000093,32,0.000013,0,1,1,0,1,1
30190926,,0,0.000093,32,0.000013,0,1,1,0,1,1
30190923,,0,0.000093,32,0.000013,0,1,1,0,1,1
30188869,,0,0.000093,32,0.000013,0,1,1,0,1,1
30181337,,0,0.000093,32,0.000013,0,1,1,0,1,1
30174914,,0,0.000093,32,0.000013,0,1,1,0,1,1
30158554,,0,0.000093,32,0.000013,0,1,1,0,1,1
30150660,,0,0.000093,32,0.000013,0,1,1,0,1,1
30143632,,0,0.000093,32,0.000013,0,1,1,0,1,1
30137025,,0,0.000093,32,0.000013,0,1,1,0,1,1
30135516,,0,0.000093,32,0.000013,0,1,1,0,1,1
30128050,,0,0.000093,32,0.000013,0,1,1,0,1,1
30120146,,0,0.000093,32,0.000013,0,1,1,0,1,1
30104497,,0,0.000093,32,0.000013,0,1,1,0,1,1
30097571,,0,0.000093,32,0.000013,0,1,1,0,1,1
30089500,,0,0.000093,32,0.000013,0,1,1,0,1,1
30073150,,0,0.000093,32,0.000013,0,1,1,0,1,1
30061297,,0,0.000093,32,0.000013,0,1,1,0,1,1
30042763,,0,0.000093,32,0.000013,0,1,1,0,1,1
30026870,,0,0.000093,32,0.000013,0,1,1,0,1,1
30021908,,0,0.000093,32,0.000013,0,1,1,0,1,1
30002656,,0,0.000093,32,0.000013,0,1,1,0,1,1
29998005,,0,0.000093,32,0.000013,0,1,1,0,1,1
29991874,,0,0.000093,32,0.000013,0,1,1,0,1,1
29950962,,0,0.000093,32,0.000013,0,1,1,0,1,1
29946530,,0,0.000093,32,0.000013,0,1,1,0,1,1
29937998,,0,0.000093,32,0.000013,0,1,1,0,1,1
29900052,,0,0.000093,32,0.000013,0,1,1,0,1,1
29896449,,0,0.000093,32,0.000013,0,1,1,0,1,1
29872580,,0,0.000093,32,0.000013,0,1,1,0,1,1
29872556,,0,0.000093,32,0.000013,0,1,1,0,1,1
29871670,,0,0.000093,32,0.000013,0,1,1,0,1,1
29800567,,0,0.000093,32,0.000013,0,1,1,0,1,1
29793878,,0,0.000093,32,0.000013,0,1,1,0,1,1
29785121,,0,0.000093,32,0.000013,0,1,1,0,1,1
29769598,,0,0.000093,32,0.000013,0,1,1,0,1,1
29736260,,0,0.000093,32,0.000013,0,1,1,0,1,1
29678194,,0,0.000093,32,0.000013,0,1,1,0,1,1
29665799,,0,0.000093,32,0.000013,0,1,1,0,1,1
29663336,,0,0.000093,32,0.000013,0,1,1,0,1,1
29656892,,0,0.000093,32,0.000013,0,1,1,0,1,1
29653567,,0,0.000093,32,0.000013,0,1,1,0,1,1
29650805,,0,0.000093,32,0.000013,0,1,1,0,1,1
29643229,,0,0.000093,32,0.000013,0,1,1,0,1,1
29642008,,0,0.000093,32,0.000013,0,1,1,0,1,1
29632196,,0,0.000093,32,0.000013,0,1,1,0,1,1
29618661,,0,0.000093,32,0.000013,0,1,1,0,1,1
29616189,,0,0.000093,32,0.000013,0,1,1,0,1,1
29593283,,0,0.000093,32,0.000013,0,1,1,0,1,1
29584545,,0,0.000093,32,0.000013,0,1,1,0,1,1
29576375,,0,0.000093,32,0.000013,0,1,1,0,1,1
29552014,,0,0.000093,32,0.000013,0,1,1,0,1,1
29550416,,0,0.000093,32,0.000013,0,1,1,0,1,1
29531161,,0,0.000093,32,0.000013,0,1,1,0,1,1
29522538,,0,0.000093,32,0.000013,0,1,1,0,1,1
29504948,,0,0.000093,32,0.000013,0,1,1,0,1,1
29500362,,0,0.000093,32,0.000013,0,1,1,0,1,1
29480817,,0,0.000093,32,0.000013,0,1,1,0,1,1
29453278,,0,0.000093,32,0.000013,0,1,1,0,1,1
29443960,,0,0.000093,32,0.000013,0,1,1,0,1,1
29440769,,0,0.000093,32,0.000013,0,1,1,0,1,1
29431745,,0,0.000093,32,0.000013,0,1,1,0,1,1
29428415,,0,0.000093,32,0.000013,0,1,1,0,1,1
29423109,,0,0.000093,32,0.000013,0,1,1,0,1,1
29416316,,0,0.000093,32,0.000013,0,1,1,0,1,1
29360728,,0,0.000093,32,0.000013,0,1,1,0,1,1
29358573,,0,0.000093,32,0.000013,0,1,1,0,1,1
29357948,,0,0.000093,32,0.000013,0,1,1,0,1,1
29343435,,0,0.000093,32,0.000013,0,1,1,0,1,1
29339376,,0,0.000093,32,0.000013,0,1,1,0,1,1
29337311,,0,0.000093,32,0.000013,0,1,1,0,1,1
29320474,,0,0.000093,32,0.000013,0,1,1,0,1,1
29319049,,0,0.000093,32,0.000013,0,1,1,0,1,1
29312355,,0,0.000093,32,0.000013,0,1,1,0,1,1
29311378,,0,0.000093,32,0.000013,0,1,1,0,1,1
29299180,,0,0.000093,32,0.000013,0,1,1,0,1,1
29266761,,0,0.000093,32,0.000013,0,1,1,0,1,1
29259186,,0,0.000093,32,0.000013,0,1,1,0,1,1
29255458,,0,0.000093,32,0.000013,0,1,1,0,1,1
29254508,,0,0.000093,32,0.000013,0,1,1,0,1,1
29242279,,0,0.000093,32,0.000013,0,1,1,0,1,1
29234329,,0,0.000093,32,0.000013,0,1,1,0,1,1
29230210,,0,0.000093,32,0.000013,0,1,1,0,1,1
29229836,,0,0.000093,32,0.000013,0,1,1,0,1,1
29217585,,0,0.000093,32,0.000013,0,1,1,0,1,1
29209572,,0,0.000093,32,0.000013,0,1,1,0,1,1
29192647,,0,0.000093,32,0.000013,0,1,1,0,1,1
29170503,,0,0.000093,32,0.000013,0,1,1,0,1,1
29163786,,0,0.000093,32,0.000013,0,1,1,0,1,1
29156643,,0,0.000093,32,0.000013,0,1,1,0,1,1
29147629,,0,0.000093,32,0.000013,0,1,1,0,1,1
29139554,,0,0.000093,32,0.000013,0,1,1,0,1,1
29123081,,0,0.000093,32,0.000013,0,1,1,0,1,1
29121062,,0,0.000093,32,0.000013,0,1,1,0,1,1
29114547,,0,0.000093,32,0.000013,0,1,1,0,1,1
29101162,,0,0.000093,32,0.000013,0,1,1,0,1,1
29100459,,0,0.000093,32,0.000013,0,1,1,0,1,1
29100071,,0,0.000093,32,0.000013,0,1,1,0,1,1
29097493,,0,0.000093,32,0.000013,0,1,1,0,1,1
29070816,,0,0.000093,32,0.000013,0,1,1,0,1,1
29048660,,0,0.000093,32,0.000013,0,1,1,0,1,1
29034210,,0,0.000093,32,0.000013,0,1,1,0,1,1
29033130,,0,0.000093,32,0.000013,0,1,1,0,1,1
29032503,,0,0.000093,32,0.000013,0,1,1,0,1,1
28989987,,0,0.000093,32,0.000013,0,1,1,0,1,1
28984291,,0,0.000093,32,0.000013,0,1,1,0,1,1
28979132,,0,0.000093,32,0.000013,0,1,1,0,1,1
28917578,,0,0.000093,32,0.000013,0,1,1,0,1,1
28864726,,0,0.000093,32,0.000013,0,1,1,0,1,1
28861116,,0,0.000093,32,0.000013,0,1,1,0,1,1
28807052,,0,0.000093,32,0.000013,0,1,1,0,1,1
28807048,,0,0.000093,32,0.000013,0,1,1,0,1,1
28807004,,0,0.000093,32,0.000013,0,1,1,0,1,1
28803728,,0,0.000093,32,0.000013,0,1,1,0,1,1
28801197,,0,0.000093,32,0.000013,0,1,1,0,1,1
28783722,,0,0.000093,32,0.000013,0,1,1,0,1,1
28741527,,0,0.000093,32,0.000013,0,1,1,0,1,1
28680756,,0,0.000093,32,0.000013,0,1,1,0,1,1
28679691,,0,0.000093,32,0.000035,2,1,3,2,1,3
28662970,,0,0.000093,32,0.000013,0,1,1,0,1,1
28649441,,0,0.000093,32,0.000013,0,1,1,0,1,1
28635644,,0,0.000093,32,0.000013,0,1,1,0,1,1
28621843,,0,0.000093,32,0.000013,0,1,1,0,1,1
28620466,,0,0.000093,32,0.000013,0,1,1,0,1,1
28614624,,0,0.000093,32,0.000013,0,1,1,0,1,1
28605406,,0,0.000093,32,0.000013,0,1,1,0,1,1
28543700,,0,0.000093,32,0.000013,0,1,1,0,1,1
28539123,,0,0.000093,32,0.000013,0,1,1,0,1,1
28536525,,0,0.000093,32,0.000013,0,1,1,0,1,1
28507813,,0,0.000093,32,0.000013,0,1,1,0,1,1
28507793,,0,0.000093,32,0.000013,0,1,1,0,1,1
28490665,,0,0.000093,32,0.000013,0,1,1,0,1,1
28486109,,0,0.000093,32,0.000013,0,1,1,0,1,1
28476872,,0,0.000093,32,0.000013,0,1,1,0,1,1
28410299,,0,0.000093,32,0.000013,0,1,1,0,1,1
28405507,,0,0.000093,32,0.000013,0,1,1,0,1,1
28400597,,0,0.000093,32,0.000013,0,1,1,0,1,1
28396509,,0,0.000093,32,0.000013,0,1,1,0,1,1
28376884,,0,0.000093,32,0.000013,0,1,1,0,1,1
28373299,,0,0.000093,32,0.000013,0,1,1,0,1,1
28314956,,0,0.000093,32,0.000013,0,1,1,0,1,1
28292435,,0,0.000132,41,0.000013,0,2,2,0,2,2
28289089,,0,0.000093,32,0.000013,0,1,1,0,1,1
28283662,,0,0.000093,32,0.000013,0,1,1,0,1,1
28276425,,0,0.000093,32,0.000013,0,1,1,0,1,1
28265786,,0,0.000093,32,0.000013,0,1,1,0,1,1
28258694,,0,0.000093,32,0.000013,0,1,1,0,1,1
28258690,,0,0.000093,32,0.000013,0,1,1,0,1,1
28251903,,0,0.000093,32,0.000013,0,1,1,0,1,1
28251492,,0,0.000093,32,0.000013,0,1,1,0,1,1
28239464,,0,0.000093,32,0.000013,0,1,1,0,1,1
28233802,,0,0.000093,32,0.000013,0,1,1,0,1,1
28228279,,0,0.000093,32,0.000013,0,1,1,0,1,1
28223273,,0,0.000093,32,0.000013,0,1,1,0,1,1
28210259,,0,0.000093,32,0.000013,0,1,1,0,1,1
28202513,,0,0.000093,32,0.000013,0,1,1,0,1,1
28193624,,0,0.000093,32,0.000013,0,1,1,0,1,1
28187290,,0,0.000093,32,0.000013,0,1,1,0,1,1
28187283,,0,0.000093,32,0.000013,0,1,1,0,1,1
28149767,,0,0.000093,32,0.000013,0,1,1,0,1,1
28123875,,0,0.000093,32,0.000013,0,1,1,0,1,1
28109293,,0,0.000093,32,0.000013,0,1,1,0,1,1
28105452,,0,0.000093,32,0.000013,0,1,1,0,1,1
28105368,,0,0.000093,32,0.000013,0,1,1,0,1,1
28099864,,0,0.000093,32,0.000013,0,1,1,0,1,1
28096186,,0,0.000093,32,0.000013,0,1,1,0,1,1
28072762,,0,0.000093,32,0.000013,0,1,1,0,1,1
28060736,,0,0.000093,32,0.000013,0,1,1,0,1,1
28031821,,0,0.000093,32,0.000013,0,1,1,0,1,1
28031159,,0,0.000093,32,0.000013,0,1,1,0,1,1
28025976,,0,0.000093,32,0.000013,0,1,1,0,1,1
28018902,,0,0.000093,32,0.000013,0,1,1,0,1,1
28008921,,0,0.000093,32,0.000013,0,1,1,0,1,1
27965270,,0,0.000093,32,0.000013,0,1,1,0,1,1
27956380,,0,0.000093,32,0.000013,0,1,1,0,1,1
27941003,,0,0.000093,32,0.000013,0,1,1,0,1,1
27924752,,0,0.000093,32,0.000013,0,1,1,0,1,1
27917363,,0,0.000093,32,0.000013,0,1,1,0,1,1
27916651,,0,0.000093,32,0.000013,0,1,1,0,1,1
27912061,,0,0.000093,32,0.000013,0,1,1,0,1,1
27903500,,0,0.000093,32,0.000013,0,1,1,0,1,1
27884291,,0,0.000093,32,0.000013,0,1,1,0,1,1
27803807,,0,0.000093,32,0.000013,0,1,1,0,1,1
27764844,,0,0.000093,32,0.000013,0,1,1,0,1,1
27764805,,0,0.000093,32,0.000013,0,1,1,0,1,1
27743144,,0,0.000093,32,0.000013,0,1,1,0,1,1
27698000,,0,0.000093,32,0.000013,0,1,1,0,1,1
27671167,,0,0.000093,32,0.000013,0,1,1,0,1,1
27549123,,0,0.000093,32,0.000013,0,1,1,0,1,1
27534574,,0,0.000093,32,0.000013,0,1,1,0,1,1
27501321,,0,0.000093,32,0.000013,0,1,1,0,1,1
27438833,,0,0.000093,32,0.000013,0,1,1,0,1,1
27401477,,0,0.000093,32,0.000013,0,1,1,0,1,1
27336610,,0,0.000093,32,0.000013,0,1,1,0,1,1
27301722,,0,0.000093,32,0.000013,0,1,1,0,1,1
27234522,,0,0.000093,32,0.000013,0,1,1,0,1,1
27208041,,0,0.000093,32,0.000013,0,1,1,0,1,1
27048318,,0,0.000093,32,0.000013,0,1,1,0,1,1
29528376,,0,0.000165,31,0.000013,0,2,2,0,2,2
29844863,,0,0.00001,8,0.000013,0,1,1,0,1,1
29559578,,0,0.00001,8,0.000013,0,1,1,0,1,1
29339410,,0,0.00001,8,0.000013,0,1,1,0,1,1
29125603,,0,0.00001,8,0.000013,0,1,1,0,1,1
29118324,,0,0.00001,32,0.000013,0,2,2,0,2,2
29112714,,0,0.00001,8,0.000013,0,1,1,0,1,1
29089570,,0,0.000016,8,0.000013,0,2,2,0,2,2
29061988,,0,0.00001,8,0.000013,0,1,1,0,1,1
28934497,,0,0.00001,8,0.000013,0,1,1,0,1,1
28765160,,0,0.00001,8,0.000013,0,1,1,0,1,1
28641940,,0,0.00001,8,0.000013,0,1,1,0,1,1
27872627,,0,0.00001,8,0.000013,0,1,1,0,1,1
27595121,,0,0.00001,8,0.000013,0,1,1,0,1,1
27899659,,0,0,22,0.000013,0,1,1,0,1,1
30344725,,0,0.00005,41,0.000013,0,1,1,0,1,1
30127936,,0,0.00005,41,0.000013,0,1,1,0,1,1
29845747,,0,0.00005,41,0.000013,0,1,1,0,1,1
29774095,,0,0.00005,41,0.000013,0,1,1,0,1,1
29715309,,0,0.00005,41,0.000013,0,1,1,0,1,1
29713196,,0,0.00005,41,0.000013,0,1,1,0,1,1
29698834,,0,0.00005,41,0.000013,0,1,1,0,1,1
29434722,,0,0.00005,41,0.000013,0,1,1,0,1,1
29434705,,0,0.00005,41,0.000013,0,1,1,0,1,1
29304762,,0,0.00005,41,0.000013,0,1,1,0,1,1
29297338,,0,0.00005,41,0.000013,0,1,1,0,1,1
29279851,,0,0.00005,41,0.000013,0,1,1,0,1,1
29254165,,0,0.00005,41,0.000013,0,1,1,0,1,1
29221168,,0,0.00005,41,0.000013,0,1,1,0,1,1
29212244,,0,0.00005,41,0.000013,0,1,1,0,1,1
29190892,,0,0.00005,41,0.000013,0,1,1,0,1,1
29179461,,0,0.00005,41,0.000013,0,1,1,0,1,1
29101241,,0,0.00005,41,0.000013,0,1,1,0,1,1
29100423,,0,0.00005,41,0.000013,0,1,1,0,1,1
29100272,,0,0.00005,41,0.000013,0,1,1,0,1,1
29085511,,0,0.00005,41,0.000013,0,1,1,0,1,1
29069830,,0,0.00005,41,0.000013,0,1,1,0,1,1
29050230,,0,0.00005,41,0.000013,0,1,1,0,1,1
28978079,,0,0.00005,41,0.000013,0,1,1,0,1,1
28978068,,0,0.00005,41,0.000013,0,1,1,0,1,1
28969062,,0,0.00005,41,0.000013,0,1,1,0,1,1
28961027,,0,0.00005,41,0.000013,0,1,1,0,1,1
28915581,,0,0.00005,41,0.000013,0,1,1,0,1,1
28881755,,0,0.00005,41,0.000013,0,1,1,0,1,1
28881601,,0,0.00005,41,0.000013,0,1,1,0,1,1
28792442,,0,0.00005,41,0.000013,0,2,2,0,2,2
28656240,,0,0.00005,41,0.000013,0,1,1,0,1,1
28545026,,0,0.00005,41,0.000013,0,1,1,0,1,1
28406230,,0,0.00005,41,0.000013,0,1,1,0,1,1
28187432,,0,0.00005,41,0.000013,0,1,1,0,1,1
28187158,,0,0.00005,41,0.000013,0,1,1,0,1,1
28146429,,0,0.00005,41,0.000013,0,1,1,0,1,1
28122330,,0,0.00005,41,0.000013,0,1,1,0,1,1
28118613,,0,0.00005,41,0.000013,0,1,1,0,1,1
28060759,,0,0.00005,41,0.000013,0,1,1,0,1,1
27713133,,0,0.00005,41,0.000013,0,2,2,0,2,2
27703231,,0,0.00005,41,0.000013,0,1,1,0,1,1
27635398,,0,0.00005,41,0.000013,0,1,1,0,1,1
27634901,,0,0.00005,41,0.000013,0,1,1,0,1,1
27503456,,0,0.00005,41,0.000013,0,1,1,0,1,1
27487139,,0,0.00005,41,0.000013,0,1,1,0,1,1
27323856,,0,0.00005,41,0.000013,0,1,1,0,1,1
27292966,,0,0.00005,41,0.000013,0,1,1,0,1,1
27803760,,0,0,81,0.000013,0,1,1,0,1,1
27082245,,0,0,81,0.000024,1,0,1,1,0,1
30026228,,0,0.000002,5,0.000013,0,1,1,0,1,1
27882345,,0,0.000002,5,0.000013,0,1,1,0,1,1
28981526,,0,0.000001,51,0.000013,0,1,1,0,1,1
28726821,,0,0.000013,51,0.000013,0,1,1,0,1,1
29456628,,0,0.000001,23,0.000013,0,1,1,0,1,1
30135079,,0,0.000001,8,0.000013,0,1,1,0,1,1
27133164,,0.000066,0,8,0.000282,31,0,31,31,0,31
30103670,,0,0.000001,8,0.000013,0,1,1,0,1,1
29665074,,0,0.000001,8,0.000013,0,1,1,0,1,1
29269392,,0,0.000001,8,0.000013,0,1,1,0,1,1
29219147,,0,0.000001,8,0.000013,0,1,1,0,1,1
29165043,,0,0.000001,8,0.000013,0,1,1,0,1,1
29038744,,0,0.000001,8,0.000013,0,1,1,0,1,1
28596378,,0,0.000001,8,0.000013,0,1,1,0,1,1
28529316,,0,0.000001,8,0.000013,0,1,1,0,1,1
28450176,,0,0.000001,8,0.000013,0,1,1,0,1,1
28378742,,0,0.000001,8,0.000013,0,1,1,0,1,1
28327616,,0,0.000001,8,0.000013,0,1,1,0,1,1
28246200,,0,0.000001,8,0.000013,0,1,1,0,1,1
28174693,,0,0.000001,8,0.000013,0,1,1,0,1,1
28017329,,0,0.000001,8,0.000013,0,1,1,0,1,1
27865213,,0,0.000001,8,0.000013,0,1,1,0,1,1
27827795,,0,0.000001,8,0.000013,0,1,1,0,1,1
27639166,,0,0.000001,8,0.000013,0,1,1,0,1,1
27579499,,0,0.000001,8,0.000013,0,1,1,0,1,1
27517150,,0,0.000001,8,0.000013,0,1,1,0,1,1
27487153,,0,0.000001,8,0.000013,0,1,1,0,1,1
27428405,,0,0.000001,8,0.000013,0,1,1,0,1,1
28318047,,0,0,22,0.000013,0,1,1,0,1,1
30375428,,0,0.000134,31,0.000013,0,1,1,0,1,1
30374409,,0,0.000134,31,0.000013,0,1,1,0,1,1
30327465,,0,0.000189,31,0.000013,0,2,2,0,2,2
30279960,,0,0.000134,31,0.000013,0,1,1,0,1,1
30272002,,0,0.000134,31,0.000013,0,1,1,0,1,1
30248920,,0,0.000134,31,0.000013,0,1,1,0,1,1
30224719,,0,0.000134,31,0.000013,0,1,1,0,1,1
30220928,,0,0.000134,31,0.000013,0,1,1,0,1,1
30212483,,0,0.000134,31,0.000013,0,1,1,0,1,1
30202034,,0,0.000134,31,0.000013,0,1,1,0,1,1
30158566,,0,0.000134,31,0.000013,0,1,1,0,1,1
30158526,,0,0.000134,31,0.000013,0,1,1,0,1,1
30109263,,0,0.000134,31,0.000013,0,1,1,0,1,1
30067989,,0,0.000134,31,0.000013,0,1,1,0,1,1
30066829,,0,0.000134,31,0.000013,0,1,1,0,1,1
30062102,,0,0.000134,31,0.000013,0,1,1,0,1,1
30039904,,0,0.000134,31,0.000013,0,1,1,0,1,1
29985390,,0,0.000134,31,0.000013,0,1,1,0,1,1
29951597,,0,0.000134,31,0.000013,0,1,1,0,1,1
29930737,,0,0.000134,31,0.000013,0,1,1,0,1,1
29920512,,0,0.000134,31,0.000013,0,1,1,0,1,1
29915264,,0,0.000134,31,0.000013,0,1,1,0,1,1
29874626,,0,0.000134,31,0.000013,0,1,1,0,1,1
29858576,,0,0.000134,31,0.000013,0,1,1,0,1,1
29856313,,0,0.000134,31,0.000013,0,1,1,0,1,1
29795261,,0,0.000134,31,0.000013,0,1,1,0,1,1
29789325,,0,0.000134,31,0.000013,0,1,1,0,1,1
29755676,,0,0.000134,31,0.000013,0,1,1,0,1,1
29748584,,0,0.000134,31,0.000013,0,1,1,0,1,1
29739933,,0,0.000134,31,0.000013,0,1,1,0,1,1
29734873,,0,0.000134,31,0.000013,0,1,1,0,1,1
29731168,,0,0.000134,31,0.000013,0,1,1,0,1,1
29700676,,0,0.000134,31,0.000013,0,1,1,0,1,1
29656891,,0,0.000134,31,0.000013,0,1,1,0,1,1
29625053,,0,0.000134,31,0.000013,0,1,1,0,1,1
29623306,,0,0.000134,31,0.000013,0,1,1,0,1,1
29618486,,0,0.000134,31,0.000013,0,1,1,0,1,1
29614984,,0,0.000134,31,0.000013,0,1,1,0,1,1
29531215,,0,0.000134,31,0.000013,0,2,2,0,2,2
29497062,,0,0.000134,31,0.000013,0,1,1,0,1,1
29488881,,0,0.000134,31,0.000013,0,1,1,0,1,1
29383138,,0,0.000134,31,0.000013,0,1,1,0,1,1
29365031,,0.000013,0.000134,31,0.000025,2,1,3,2,1,3
29222734,,0,0.000134,31,0.000013,0,1,1,0,1,1
29202707,,0,0.000134,31,0.000013,0,1,1,0,1,1
29192207,,0,0.000134,31,0.000013,0,1,1,0,1,1
29149504,,0,0.000134,31,0.000013,0,1,1,0,1,1
29141222,,0,0.000134,31,0.000013,0,1,1,0,1,1
29101368,,0,0.000134,31,0.000013,0,1,1,0,1,1
29059683,,0,0.000134,31,0.000013,0,1,1,0,1,1
29056344,,0,0.000134,31,0.000013,0,1,1,0,1,1
29030609,,0,0.000134,31,0.000013,0,1,1,0,1,1
29026114,,0,0.000134,31,0.000013,0,1,1,0,1,1
28977923,,0,0.000134,31,0.000013,0,1,1,0,1,1
28965763,,0,0.000134,31,0.000013,0,1,1,0,1,1
28912133,,0,0.000189,31,0.000013,0,2,2,0,2,2
28900181,,0,0.000134,31,0.000013,0,1,1,0,1,1
28892078,,0,0.000134,31,0.000013,0,1,1,0,1,1
28886127,,0,0.000134,31,0.000013,0,1,1,0,1,1
28873329,,0,0.000134,31,0.000013,0,1,1,0,1,1
28854983,,0,0.000134,31,0.000013,0,1,1,0,1,1
28839204,,0,0.000134,31,0.000013,0,1,1,0,1,1
28837398,,0,0.000134,31,0.000013,0,1,1,0,1,1
28819414,,0,0.000134,31,0.000013,0,1,1,0,1,1
28768903,,0,0.000134,31,0.000013,0,1,1,0,1,1
28736315,,0,0.000134,31,0.000013,0,1,1,0,1,1
28729728,,0,0.000134,31,0.000013,0,1,1,0,1,1
28721389,,0,0.000134,31,0.000013,0,1,1,0,1,1
28649653,,0,0.000134,31,0.000013,0,1,1,0,1,1
28649644,,0,0.000134,31,0.000013,0,1,1,0,1,1
28572255,,0,0.000134,31,0.000013,0,1,1,0,1,1
28541307,,0,0.000134,31,0.000013,0,1,1,0,1,1
28453704,,0,0.000134,31,0.000013,0,1,1,0,1,1
28427202,,0,0.000134,31,0.000013,0,1,1,0,1,1
28381598,,0,0.000134,31,0.000013,0,1,1,0,1,1
28329761,,0,0.000134,31,0.000013,0,1,1,0,1,1
28260788,,0,0.000134,31,0.000013,0,1,1,0,1,1
28250801,,0,0.000134,31,0.000013,0,1,1,0,1,1
28247034,,0,0.000134,31,0.000013,0,1,1,0,1,1
28203693,,0,0.000134,31,0.000013,0,1,1,0,1,1
28179366,,0,0.000134,31,0.000013,0,1,1,0,1,1
28119368,,0,0.000134,31,0.000013,0,1,1,0,1,1
28117753,,0,0.000134,31,0.000013,0,1,1,0,1,1
28099924,,0,0.000134,31,0.000013,0,1,1,0,1,1
28098771,,0,0.000134,31,0.000013,0,1,1,0,1,1
28055972,,0,0.000134,31,0.000013,0,1,1,0,1,1
27999982,,0,0.000134,31,0.000013,0,1,1,0,1,1
27993818,,0,0.000134,31,0.000013,0,1,1,0,1,1
27991903,,0,0.000134,31,0.000013,0,1,1,0,1,1
27980099,,0,0.000134,31,0.000013,0,1,1,0,1,1
27930809,,0,0.000134,31,0.000013,0,1,1,0,1,1
27924834,,0,0.000134,31,0.000013,0,1,1,0,1,1
27899656,,0,0.000134,31,0.000013,0,1,1,0,1,1
27836865,,0,0.000134,31,0.000013,0,1,1,0,1,1
27765906,,0,0.000134,31,0.000013,0,1,1,0,1,1
27761362,,0,0.000134,31,0.000013,0,1,1,0,1,1
27700225,,0,0.000134,31,0.000013,0,1,1,0,1,1
27684370,,0,0.000134,31,0.000013,0,1,1,0,1,1
27683219,,0,0.000134,31,0.000013,0,1,1,0,1,1
27602491,,0,0.000134,31,0.000013,0,1,1,0,1,1
27577169,,0,0.000134,31,0.000013,0,1,1,0,1,1
27571409,,0,0.000134,31,0.000013,0,1,1,0,1,1
27552144,,0,0.000134,31,0.000013,0,1,1,0,1,1
27552054,,0,0.000134,31,0.000013,0,1,1,0,1,1
27545642,,0,0.000134,31,0.000013,0,1,1,0,1,1
27543335,,0,0.000134,31,0.000013,0,1,1,0,1,1
27506377,,0,0.000134,31,0.000013,0,1,1,0,1,1
27430154,,0,0.000134,31,0.000013,0,1,1,0,1,1
27151060,,0,0,0,0.000018,1,0,1,1,0,1
29755694,,0,0,2,0.000013,0,1,1,0,1,1
29697361,,0,0.000001,8,0.000013,0,1,1,0,1,1
29855315,,0,0.000005,5,0.000013,0,1,1,0,1,1
29541405,,0,0,5,0.000013,0,1,1,0,1,1
28397106,,0,0.000002,22,0.000013,0,1,1,0,1,1
29671405,,0,0,17,0.000013,0,1,1,0,1,1
29455641,,0,0,17,0.000013,0,1,1,0,1,1
29382830,,0,0,17,0.000013,0,1,1,0,1,1
29066516,,0,0,17,0.000013,0,1,1,0,1,1
28503721,,0,0,17,0.000013,0,1,1,0,1,1
28112199,,0,0,17,0.000013,0,1,1,0,1,1
28706968,,0,0.000069,32,0.000013,0,1,1,0,1,1
29761000,,0,0.000011,5,0.000013,0,1,1,0,1,1
29998112,,0,0.000012,8,0.000013,0,1,1,0,1,1
29773570,,0,0.000012,8,0.000013,0,1,1,0,1,1
29295939,,0,0.000012,8,0.000013,0,1,1,0,1,1
28414320,,0,0.000012,8,0.000013,0,1,1,0,1,1
27376333,,0,0.000012,8,0.000013,0,1,1,0,1,1
30217221,,0,0,41,0.000013,0,1,1,0,1,1
29544638,,0,0,41,0.000013,0,1,1,0,1,1
28577549,,0,0,41,0.000013,0,1,1,0,1,1
27512339,,0,0,41,0.000013,0,1,1,0,1,1
27377320,,0,0,41,0.000013,0,1,1,0,1,1
29772764,,0,0.000012,41,0.000013,0,1,1,0,1,1
29268796,,0,0.000012,41,0.000013,0,1,1,0,1,1
29761796,,0,0.000001,22,0.000013,0,1,1,0,1,1
28492066,,0,0,2,0.000013,0,1,1,0,1,1
30065548,,0,0,5,0.000013,0,1,1,0,1,1
28706361,,0,0,5,0.000013,0,1,1,0,1,1
29988677,,0,0.000001,5,0.000013,0,1,1,0,1,1
28562563,,0,0.000001,2,0.000013,0,1,1,0,1,1
28538178,,0,0.000007,8,0.000013,0,1,1,0,1,1
30083257,,0,0,82,0.000013,0,1,1,0,1,1
27303922,,0,0,82,0.000046,3,0,3,3,0,3
29452455,,0,0,82,0.000013,0,1,1,0,1,1
28553126,,0,0,82,0.000013,0,1,1,0,1,1
27788496,,0,0.000002,51,0.000013,0,1,1,0,1,1
29669094,,0,0.000005,8,0.000013,0,1,1,0,1,1
28916784,,0,0.000005,8,0.000013,0,1,1,0,1,1
28790402,,0,0.000001,32,0.000013,0,2,2,0,2,2
29665853,,0,0.000001,51,0.000013,0,2,2,0,2,2
27325297,,0,0,19,0.000018,1,0,1,1,0,1
28766224,,0.000012,0.000001,22,0.000018,3,1,4,3,1,4
28184290,,0,0.000017,5,0.000013,0,1,1,0,1,1
30268105,,0,0.000001,5,0.000013,0,1,1,0,1,1
29699959,,0,0,5,0.000013,0,1,1,0,1,1
29881786,,0,0.000035,22,0.000013,0,2,2,0,2,2
28779015,,0,0,5,0.000013,0,1,1,0,1,1
29678980,,0,0,5,0.000013,0,1,1,0,1,1
29853780,,0,0,32,0.000013,0,1,1,0,1,1
29100552,,0,0,32,0.000013,0,1,1,0,1,1
28784597,,0,0,32,0.000013,0,1,1,0,1,1
28138868,,0,0,32,0.000024,1,1,2,1,1,2
29760836,,0,0.000047,51,0.000013,0,1,1,0,1,1
29453313,,0,0.000047,51,0.000013,0,1,1,0,1,1
29348298,,0,0.000048,51,0.000013,0,2,2,0,2,2
29204651,,0,0.000047,51,0.000089,7,1,8,7,1,8
29152153,,0,0.000047,51,0.000013,0,1,1,0,1,1
29069814,,0,0.000047,51,0.000013,0,1,1,0,1,1
28842510,,0,0.000047,51,0.000013,0,1,1,0,1,1
28358317,,0,0.000047,51,0.000013,0,1,1,0,1,1
29568361,,0,0,1,0.000013,0,1,1,0,1,1
28927269,,0,0,1,0.000013,0,1,1,0,1,1
28820751,,0,0,5,0.000013,0,1,1,0,1,1
27894169,,0,0,5,0.000013,0,1,1,0,1,1
30104203,,0,0.000088,8,0.000013,0,1,1,0,1,1
29949884,,0,0.000088,8,0.000013,0,1,1,0,1,1
29875130,,0,0.000088,8,0.000013,0,1,1,0,1,1
29785026,,0,0.000088,8,0.000013,0,1,1,0,1,1
29531322,,0,0.000111,8,0.000013,0,2,2,0,2,2
29499836,,0,0.000088,8,0.000013,0,1,1,0,1,1
29496736,,0,0.000088,8,0.000013,0,1,1,0,1,1
29493507,,0,0.000088,8,0.000013,0,1,1,0,1,1
29378947,,0,0.000088,8,0.000013,0,1,1,0,1,1
29244158,,0,0.000088,8,0.000013,0,1,1,0,1,1
29242409,,0,0.000088,8,0.000013,0,1,1,0,1,1
29059325,,0,0.000088,8,0.000013,0,1,1,0,1,1
29039120,,0,0.000088,8,0.000013,0,1,1,0,1,1
28938547,,0,0.000088,8,0.000013,0,1,1,0,1,1
28862319,,0,0.000088,8,0.000013,0,1,1,0,1,1
27838634,,0,0.000088,8,0.000013,0,1,1,0,1,1
27896281,,0,0,2,0.000013,0,1,1,0,1,1
30006631,,0,0.000001,32,0.000013,0,1,1,0,1,1
29487690,,0,0.000001,32,0.000013,0,1,1,0,1,1
28977930,,0,0.000001,32,0.000013,0,1,1,0,1,1
27990273,,0,0.000001,32,0.000013,0,1,1,0,1,1
30002815,,0,0,8,0.000013,0,2,2,0,2,2
29880483,,0,0,8,0.000013,0,2,2,0,2,2
29914443,,0,0,0,0.000013,0,1,1,0,1,1
28624903,,0,0,0,0.000013,0,1,1,0,1,1
28484086,,0,0,0,0.000013,0,1,1,0,1,1
28377418,,0,0,0,0.000013,0,1,1,0,1,1
29611378,,0,0,0,0.000013,0,1,1,0,1,1
29212208,,0,0,32,0.000013,0,1,1,0,1,1
28761826,,0,0.000039,5,0.000013,0,1,1,0,1,1
28241454,,0,0.000039,5,0.000013,0,1,1,0,1,1
28521737,,0,0.000002,0,0.000013,0,1,1,0,1,1
28783103,,0,0.000001,51,0.000013,0,1,1,0,1,1
30045136,,0,0.000015,22,0.000013,0,1,1,0,1,1
28847739,,0,0.000026,41,0.000013,0,1,1,0,1,1
28835684,,0,0.000026,41,0.000013,0,1,1,0,1,1
27423191,,0,0.000026,41,0.000013,0,1,1,0,1,1
27880723,,0,0,2,0.000013,0,1,1,0,1,1
30250494,,0,0,44,0.000013,0,1,1,0,1,1
28417568,,0,0,44,0.000013,0,1,1,0,1,1
30201872,,0,0.000001,8,0.000013,0,1,1,0,1,1
29759113,,0,0.000001,8,0.000013,0,1,1,0,1,1
29156764,,0,0.000001,8,0.000013,0,1,1,0,1,1
28961251,,0,0.000002,2,0.000013,0,1,1,0,1,1
28560055,,0,0.000002,2,0.000013,0,1,1,0,1,1
29901119,,0,0.000039,41,0.000013,0,1,1,0,1,1
29754071,,0,0.000039,41,0.000013,0,1,1,0,1,1
29599905,,0,0.000039,41,0.000013,0,1,1,0,1,1
28875159,,0,0.000039,41,0.000013,0,1,1,0,1,1
29283884,,0,0,32,0.000013,0,1,1,0,1,1
28406482,,0,0,32,0.000013,0,1,1,0,1,1
27938382,,0,0,32,0.000013,0,1,1,0,1,1
28540176,,0,0,1,0.000013,0,1,1,0,1,1
29883638,,0,0,83,0.000013,0,1,1,0,1,1
27537255,,0,0,83,0.000056,4,0,4,4,0,4
29267365,,0,0,83,0.000013,0,1,1,0,1,1
28411123,,0,0,83,0.000013,0,1,1,0,1,1
28280571,,0,0,83,0.000013,0,1,1,0,1,1
29675094,,0,0,8,0.000013,0,1,1,0,1,1
29806518,,0,0,5,0.000013,0,1,1,0,1,1
29535250,,0,0,5,0.000013,0,1,1,0,1,1
28881796,,0,0,5,0.000013,0,1,1,0,1,1
28749113,,0,0,35,0.000013,0,1,1,0,1,1
29879027,,0,0,84,0.000013,0,1,1,0,1,1
27566252,,0,0,84,0.000024,1,0,1,1,0,1
29160412,,0,0,33,0.000013,0,1,1,0,1,1
28422739,,0,0,0,0.000013,0,1,1,0,1,1
28391539,,0,0,0,0.000013,0,1,1,0,1,1
29872395,,0,0,32,0.000013,0,1,1,0,1,1
29117387,,0,0.000006,23,0.000013,0,1,1,0,1,1
29872001,,0,0.000001,8,0.000013,0,1,1,0,1,1
28973442,,0,0.000001,8,0.000013,0,1,1,0,1,1
28193500,,0,0.000001,8,0.000013,0,1,1,0,1,1
27941862,,0,0.000001,8,0.000013,0,1,1,0,1,1
30013643,,0,0,23,0.000013,0,1,1,0,1,1
27597870,,0.000003,0,23,0.000051,4,0,4,4,0,4
29416017,,0,0,23,0.000013,0,1,1,0,1,1
29298329,,0,0,23,0.000013,0,1,1,0,1,1
30139816,,0,0,11,0.000013,0,1,1,0,1,1
27899080,,0,0.000001,32,0.000013,0,1,1,0,1,1
30271482,,0,0,23,0.000013,0,1,1,0,1,1
29682443,,0,0,22,0.000013,0,1,1,0,1,1
29184082,,0,0,28,0.000013,0,1,1,0,1,1
29915183,,0,0,22,0.000013,0,1,1,0,1,1
28662671,,0,0.00002,41,0.000013,0,1,1,0,1,1
29248236,,0,0.000001,51,0.000013,0,1,1,0,1,1
28365160,,0,0.000001,51,0.000013,0,1,1,0,1,1
30302266,,0,0,22,0.000013,0,1,1,0,1,1
29449899,,0,0,0,0.000013,0,1,1,0,1,1
28629477,,0,0,0,0.000013,0,1,1,0,1,1
28464481,,0,0.000001,35,0.000013,0,1,1,0,1,1
28441745,,0,0.000001,35,0.000013,0,1,1,0,1,1
29628985,,0,0,17,0.000013,0,1,1,0,1,1
29279706,,0,0,17,0.000013,0,1,1,0,1,1
28875019,,0,0.000002,8,0.000013,0,1,1,0,1,1
29348905,,0,0.000014,32,0.000013,0,1,1,0,1,1
27741277,,0.000008,0,5,0.000054,5,0,5,5,0,5
29726589,,0,0,5,0.000013,0,1,1,0,1,1
28587191,,0,0,5,0.000013,0,1,1,0,1,1
28157215,,0,0,5,0.000013,0,1,1,0,1,1
29594019,,0,0,51,0.000013,0,1,1,0,1,1
28436011,,0,0,51,0.000013,0,1,1,0,1,1
28383015,,0,0,51,0.000013,0,1,1,0,1,1
29330337,,0,0.000014,5,0.000013,0,1,1,0,1,1
28669404,,0,0.000014,5,0.000013,0,1,1,0,1,1
29385739,,0,0.000002,23,0.000013,0,1,1,0,1,1
28982802,,0,0.000002,23,0.000013,0,1,1,0,1,1
28740913,,0,0.000002,23,0.000013,0,1,1,0,1,1
30127891,,0,0,85,0.000013,0,1,1,0,1,1
27823983,,0,0,85,0.000078,6,0,6,6,0,6
30038946,,0,0,85,0.000013,0,1,1,0,1,1
29242529,,0,0,85,0.000013,0,1,1,0,1,1
29228741,,0,0,85,0.000013,0,1,1,0,1,1
29029427,,0,0,85,0.000013,0,1,1,0,1,1
28938571,,0,0,85,0.000013,0,1,1,0,1,1
30022641,,0,0.000002,51,0.000013,0,1,1,0,1,1
27824811,,0.0001,0,51,0.000047,6,0,6,6,0,6
29792535,,0,0.000002,51,0.000013,0,1,1,0,1,1
27959912,,0,0.000013,41,0.000013,0,1,1,0,1,1
28282418,,0,0.000001,8,0.000013,0,1,1,0,1,1
30018250,,0,0,17,0.000013,0,1,1,0,1,1
29760539,,0,0,17,0.000013,0,1,1,0,1,1
27845421,,0,0,0,0.000018,1,0,1,1,0,1
29880027,,0,0,86,0.000013,0,1,1,0,1,1
27852271,,0,0,86,0.000046,3,0,3,3,0,3
29625594,,0,0,86,0.000013,0,1,1,0,1,1
29285848,,0,0,86,0.000013,0,1,1,0,1,1
28803675,,0,0,19,0.000013,0,1,1,0,1,1
30348163,,0,0,19,0.000013,0,1,1,0,1,1
30282979,,0,0.000024,5,0.000013,0,1,1,0,1,1
30186858,,0,0.000024,5,0.000013,0,1,1,0,1,1
29554938,,0,0.000024,5,0.000013,0,1,1,0,1,1
29531130,,0,0.000024,5,0.000013,0,1,1,0,1,1
29701109,,0,0.000002,23,0.000013,0,2,2,0,2,2
29662608,,0,0,41,0.000013,0,1,1,0,1,1
30016964,,0,0,31,0.000013,0,1,1,0,1,1
27901097,,0.000001,0,31,0.000029,2,0,2,2,0,2
29872715,,0,0.000014,5,0.000013,0,1,1,0,1,1
29422659,,0,0.000014,5,0.000013,0,1,1,0,1,1
29659167,,0,0.000014,5,0.000013,0,1,1,0,1,1
28533481,,0,0.000014,5,0.000013,0,1,1,0,1,1
30216339,,0,0,23,0.000013,0,1,1,0,1,1
29330221,,0,0,23,0.000013,0,1,1,0,1,1
29312936,,0,0,8,0.000013,0,1,1,0,1,1
28640891,,0,0,8,0.000013,0,1,1,0,1,1
29445421,,0,0,19,0.000013,0,1,1,0,1,1
29898404,,0,0,8,0.000013,0,1,1,0,1,1
29472245,,0,0,8,0.000013,0,1,1,0,1,1
30082272,,0,0.000013,31,0.000013,0,1,1,0,1,1
29417299,,0,0.000013,31,0.000013,0,1,1,0,1,1
29328369,,0,0.000013,31,0.000013,0,1,1,0,1,1
29229826,,0,0.000013,31,0.000013,0,1,1,0,1,1
29138528,,0,0.000013,31,0.000013,0,1,1,0,1,1
28750120,,0,0.000013,31,0.000013,0,1,1,0,1,1
30237431,,0,0.000016,32,0.000013,0,2,2,0,2,2
30166308,,0,0.000003,32,0.000013,0,1,1,0,1,1
29945573,,0,0.000003,32,0.000013,0,1,1,0,1,1
29856736,,0,0.000003,32,0.000013,0,1,1,0,1,1
29652830,,0,0.000016,32,0.000013,0,2,2,0,2,2
29596542,,0,0.000003,32,0.000013,0,1,1,0,1,1
29384526,,0,0.000003,32,0.000013,0,1,1,0,1,1
29301504,,0,0.000003,32,0.000013,0,1,1,0,1,1
29051017,,0,0.000003,32,0.000013,0,1,1,0,1,1
28878284,,0,0.000003,32,0.000013,0,1,1,0,1,1
28709704,,0,0.000003,32,0.000013,0,1,1,0,1,1
28424049,,0,0.000003,32,0.000013,0,1,1,0,1,1
29435013,,0,0.000003,51,0.000013,0,1,1,0,1,1
29379727,,0,0.000002,51,0.000013,0,1,1,0,1,1
30057890,,0,0.000055,51,0.000013,0,3,3,0,3,3
29605721,,0,0.000032,51,0.000013,0,1,1,0,1,1
29038346,,0,0.000188,51,0.000013,0,3,3,0,3,3
29498666,,0,0.000012,0,0.000013,0,2,2,0,2,2
29434894,,0,0.000001,51,0.000013,0,1,1,0,1,1
28795449,,0,0,22,0.000013,0,1,1,0,1,1
30073210,,0,0,51,0.000013,0,1,1,0,1,1
28062704,,0.000015,0,51,0.000053,8,0,8,8,0,8
29685176,,0,0,51,0.000013,0,1,1,0,1,1
29732284,,0,0.000003,51,0.000013,0,1,1,0,1,1
29594028,,0,0.000003,51,0.000013,0,1,1,0,1,1
29329372,,0,0.000003,51,0.000013,0,1,1,0,1,1
28902358,,0,0,23,0.000013,0,1,1,0,1,1
28763470,,0,0,23,0.000013,0,1,1,0,1,1
28954287,,0,0.000017,51,0.000013,0,1,1,0,1,1
30335837,,0,0.00001,31,0.000013,0,1,1,0,1,1
29141224,,0,0.000026,51,0.000013,0,1,1,0,1,1
29473999,,0,0,22,0.000013,0,1,1,0,1,1
29641512,,0,0,5,0.000013,0,1,1,0,1,1
29568868,,0,0.000013,32,0.000013,0,1,1,0,1,1
28772302,,0,0.000013,32,0.000013,0,1,1,0,1,1
28668538,,0,0.000013,32,0.000013,0,1,1,0,1,1
28492495,,0,0.000013,32,0.000013,0,1,1,0,1,1
28965870,,0,0,32,0.000013,0,1,1,0,1,1
29914187,,0,0.000001,51,0.000013,0,2,2,0,2,2
29686080,,0,0.000001,51,0.000013,0,1,1,0,1,1
29682426,,0,0.000001,51,0.000013,0,1,1,0,1,1
29293466,,0,0.000001,51,0.000013,0,1,1,0,1,1
28591577,,0,0.000001,51,0.000013,0,1,1,0,1,1
29340216,,0,0.000004,8,0.000013,0,1,1,0,1,1
28673677,,0,0.000004,8,0.000013,0,1,1,0,1,1
29490334,,0,0.000001,5,0.000013,0,1,1,0,1,1
29212734,,0,0.000002,51,0.000013,0,1,1,0,1,1
29535911,,0,0.000002,32,0.000013,0,1,1,0,1,1
29535910,,0,0.000002,32,0.000013,0,1,1,0,1,1
29395061,,0,0.000002,32,0.000013,0,1,1,0,1,1
29088717,,0,0.000002,32,0.000013,0,1,1,0,1,1
28641701,,0,0.000002,32,0.000013,0,1,1,0,1,1
28430591,,0,0.000023,8,0.000013,0,1,1,0,1,1
30126151,,0,0.000001,8,0.000013,0,2,2,0,2,2
29983321,,0,0.000001,8,0.000013,0,1,1,0,1,1
29179156,,0,0.000001,8,0.000013,0,1,1,0,1,1
28754000,,0,0,2,0.000013,0,1,1,0,1,1
29371637,,0,0.000003,51,0.000013,0,2,2,0,2,2
29881293,,0,0.000002,22,0.000013,0,1,1,0,1,1
28706762,,0,0.000002,22,0.000056,4,1,5,4,1,5
29706638,,0,0.000001,23,0.000013,0,1,1,0,1,1
30226618,,0,0.000055,31,0.000013,0,1,1,0,1,1
30219074,,0,0.000055,31,0.000013,0,1,1,0,1,1
30069183,,0,0.000055,31,0.000013,0,1,1,0,1,1
29898651,,0,0.000055,31,0.000013,0,1,1,0,1,1
30100909,,0,0.000133,32,0.000013,0,1,1,0,1,1
30086764,,0,0.000133,32,0.000013,0,1,1,0,1,1
30022119,,0.000002,0.000133,32,0.00004,3,2,5,3,2,5
29976663,,0,0.000133,32,0.000013,0,1,1,0,1,1
29973717,,0,0.000133,32,0.000024,1,1,2,1,1,2
29967475,,0,0.000133,32,0.000013,0,1,1,0,1,1
29915391,,0,0.000133,32,0.000013,0,1,1,0,1,1
29789535,,0,0.000133,32,0.000013,0,1,1,0,1,1
29664016,,0,0.000133,32,0.000013,0,1,1,0,1,1
29607374,,0,0.000133,32,0.000013,0,1,1,0,1,1
29590434,,0,0.000133,32,0.000013,0,1,1,0,1,1
29568505,,0,0.000133,32,0.000013,0,1,1,0,1,1
29567296,,0,0.000133,32,0.000013,0,1,1,0,1,1
29515757,,0,0.000133,32,0.000013,0,1,1,0,1,1
29447131,,0,0.000133,32,0.000013,0,1,1,0,1,1
29423093,,0,0.000133,32,0.000013,0,1,1,0,1,1
29416738,,0,0.000133,32,0.000013,0,1,1,0,1,1
29386107,,0,0.000133,32,0.000013,0,1,1,0,1,1
29367755,,0,0.000133,32,0.000013,0,1,1,0,1,1
29291011,,0,0.000133,32,0.000013,0,1,1,0,1,1
29270389,,0,0.000133,32,0.000013,0,1,1,0,1,1
29221108,,0,0.000133,32,0.000013,0,1,1,0,1,1
29166620,,0,0.000133,32,0.000013,0,1,1,0,1,1
29101114,,0,0.000133,32,0.000013,0,1,1,0,1,1
28991428,,0,0.000133,32,0.000013,0,1,1,0,1,1
28381596,,0,0.000133,32,0.000013,0,1,1,0,1,1
29731902,,0,0.000001,5,0.000013,0,1,1,0,1,1
29620604,,0,0.000001,2,0.000013,0,1,1,0,1,1
29903991,,0,0,87,0.000013,0,1,1,0,1,1
28348367,,0,0,87,0.000035,2,0,2,2,0,2
29511244,,0,0,87,0.000013,0,1,1,0,1,1
30155520,,0,0,5,0.000013,0,1,1,0,1,1
30155519,,0,0,5,0.000013,0,1,1,0,1,1
29992188,,0,0,5,0.000013,0,1,1,0,1,1
28601889,,0,0,5,0.000013,0,1,1,0,1,1
28947568,,0,0.000013,51,0.000013,0,3,3,0,3,3
30177847,,0,0.000019,0,0.000013,0,1,1,0,1,1
30053805,,0,0.00002,5,0.000013,0,2,2,0,2,2
29177190,,0,0.000019,0,0.000013,0,1,1,0,1,1
29072404,,0,0.000019,0,0.000013,0,1,1,0,1,1
29942156,,0,0,1,0.000013,0,1,1,0,1,1
29207588,,0,0.000001,5,0.000013,0,1,1,0,1,1
30311378,,0,0.000014,22,0.000013,0,2,2,0,2,2
29790234,,0,0.000013,22,0.000013,0,1,1,0,1,1
28910995,,0,0.000013,22,0.000013,0,1,1,0,1,1
28851762,,0,0.000013,22,0.000013,0,1,1,0,1,1
29587818,,0,0,88,0.000013,0,1,1,0,1,1
28413430,,0,0,88,0.000024,1,0,1,1,0,1
29029519,,0,0.000001,51,0.000013,0,1,1,0,1,1
29551673,,0,0,14,0.000013,0,1,1,0,1,1
29221206,,0,0,14,0.000013,0,1,1,0,1,1
28987049,,0,0.000003,5,0.000013,0,1,1,0,1,1
28881671,,0,0,22,0.000013,0,1,1,0,1,1
29854308,,0,0,2,0.000013,0,1,1,0,1,1
30085333,,0,0.000042,51,0.000013,0,1,1,0,1,1
29558971,,0,0.000042,51,0.000013,0,1,1,0,1,1
29437794,,0,0.000042,51,0.000013,0,1,1,0,1,1
29430504,,0,0.000042,51,0.000013,0,1,1,0,1,1
29208954,,0,0,59,0.000013,0,1,1,0,1,1
29204933,,0,0,59,0.000013,0,1,1,0,1,1
29018579,,0,0,59,0.000013,0,1,1,0,1,1
29018575,,0,0,59,0.000013,0,1,1,0,1,1
28979148,,0,0,59,0.000013,0,1,1,0,1,1
28894015,,0,0,59,0.000013,0,1,1,0,1,1
30175241,,0,0,22,0.000013,0,2,2,0,2,2
29074561,,0,0,22,0.000013,0,1,1,0,1,1
29441349,,0,0.000011,17,0.000013,0,1,1,0,1,1
28974261,,0,0.000011,17,0.000013,0,1,1,0,1,1
30219077,,0,0,41,0.000013,0,1,1,0,1,1
30148225,,0,0,23,0.000013,0,1,1,0,1,1
30081448,,0,0,51,0.000013,0,1,1,0,1,1
28993799,,0,0,5,0.000013,0,1,1,0,1,1
29505425,,0,0.000032,22,0.000013,0,1,1,0,1,1
29506529,,0,0,23,0.000013,0,1,1,0,1,1
29277895,,0,0.000003,51,0.000013,0,1,1,0,1,1
30064416,,0,0,41,0.000013,0,1,1,0,1,1
30060743,,0,0,8,0.000013,0,1,1,0,1,1
29544533,,0,0,8,0.000013,0,1,1,0,1,1
30131528,,0,0.000017,32,0.000013,0,1,1,0,1,1
30104418,,0,0.000007,8,0.000013,0,1,1,0,1,1
30090605,,0,0.000007,8,0.000013,0,1,1,0,1,1
30088263,,0,0.00001,8,0.000013,0,2,2,0,2,2
29997509,,0,0.000007,8,0.000013,0,1,1,0,1,1
29780828,,0,0.000007,8,0.000013,0,1,1,0,1,1
29584802,,0,0.000007,8,0.000013,0,1,1,0,1,1
29323295,,0,0.000007,8,0.000013,0,1,1,0,1,1
29245988,,0,0.000007,8,0.000013,0,1,1,0,1,1
29651604,,0,0,11,0.000013,0,1,1,0,1,1
28783711,,0,0,32,0.000013,0,1,1,0,1,1
28726535,,0,0,32,0.000013,0,1,1,0,1,1
28620150,,0,0,32,0.000013,0,1,1,0,1,1
28620138,,0,0,32,0.000013,0,1,1,0,1,1
29696154,,0,0,5,0.000013,0,1,1,0,1,1
29568320,,0,0.000002,8,0.000013,0,1,1,0,1,1
29557213,,0,0.000002,8,0.000013,0,1,1,0,1,1
29396564,,0,0.000002,8,0.000013,0,1,1,0,1,1
30065933,,0,0.000003,32,0.000013,0,1,1,0,1,1
29615613,,0,0.000003,32,0.000013,0,1,1,0,1,1
29108269,,0,0,29,0.000013,0,1,1,0,1,1
29284710,,0,0.000003,8,0.000013,0,1,1,0,1,1
30168505,,0,0,89,0.000013,0,1,1,0,1,1
28675510,,0,0,89,0.000089,8,1,9,8,1,9
29682535,,0,0,89,0.000013,0,1,1,0,1,1
29504606,,0,0,89,0.000013,0,1,1,0,1,1
29464056,,0,0,89,0.000013,0,1,1,0,1,1
29377618,,0,0,89,0.000013,0,1,1,0,1,1
29221448,,0,0,89,0.000013,0,1,1,0,1,1
29188362,,0,0,89,0.000013,0,1,1,0,1,1
30190792,,0,0,32,0.000013,0,1,1,0,1,1
30089134,,0,0,32,0.000013,0,1,1,0,1,1
29527514,,0,0,2,0.000013,0,1,1,0,1,1
29050346,,0,0,8,0.000013,0,1,1,0,1,1
30050710,,0,0,22,0.000013,0,1,1,0,1,1
29719409,,0,0,22,0.000013,0,1,1,0,1,1
28981108,,0,0,22,0.000013,0,1,1,0,1,1
28955236,,0,0,22,0.000013,0,1,1,0,1,1
30220926,,0,0.000005,35,0.000013,0,1,1,0,1,1
30057427,,0,0.000005,35,0.000013,0,2,2,0,2,2
29950968,,0,0.000005,35,0.000013,0,1,1,0,1,1
29880982,,0,0.000005,35,0.000013,0,1,1,0,1,1
29986705,,0,0,5,0.000013,0,1,1,0,1,1
28725277,,0,0,5,0.000016,1,0,1,1,0,1
29944888,,0,0.000007,8,0.000013,0,1,1,0,1,1
28954549,,0,0.000007,8,0.000013,0,1,1,0,1,1
29671401,,0,0,32,0.000013,0,1,1,0,1,1
29706623,,0,0,8,0.000013,0,1,1,0,1,1
30115886,,0,0,90,0.000013,0,1,1,0,1,1
28744403,,0,0,90,0.000046,3,0,3,3,0,3
29805304,,0,0,90,0.000013,0,1,1,0,1,1
29088295,,0,0,90,0.000013,0,1,1,0,1,1
29565815,,0,0,91,0.000013,0,1,1,0,1,1
28756516,,0,0,91,0.000024,1,0,1,1,0,1
29132396,,0,0.000022,31,0.000013,0,1,1,0,1,1
30325853,,0,0.000005,51,0.000013,0,2,2,0,2,2
29448935,,0,0.000005,51,0.000013,0,1,1,0,1,1
29625023,,0,0.000001,22,0.000013,0,1,1,0,1,1
29152232,,0,0.000001,22,0.000013,0,1,1,0,1,1
29718323,,0,0,32,0.000013,0,1,1,0,1,1
29216365,,0,0,32,0.000013,0,1,1,0,1,1
30150548,,0,0,2,0.000013,0,1,1,0,1,1
30178746,,0,0.000001,51,0.000013,0,1,1,0,1,1
29610475,,0,0.000001,51,0.000013,0,1,1,0,1,1
29600194,,0,0.000001,51,0.000013,0,1,1,0,1,1
29958460,,0,0,8,0.000013,0,1,1,0,1,1
29494553,,0,0,23,0.000013,0,1,1,0,1,1
30225336,,0,0,5,0.000013,0,1,1,0,1,1
29968023,,0,0.000001,5,0.000013,0,1,1,0,1,1
30363973,,0,0,35,0.000013,0,1,1,0,1,1
30034942,,0,0,35,0.000013,0,1,1,0,1,1
29991684,,0,0,30,0.000013,0,1,1,0,1,1
29546805,,0,0,30,0.000013,0,1,1,0,1,1
29531247,,0,0,92,0.000013,0,1,1,0,1,1
28945887,,0,0,92,0.000046,3,0,3,3,0,3
29363525,,0,0,92,0.000013,0,1,1,0,1,1
29360925,,0,0,92,0.000013,0,1,1,0,1,1
29561423,,0,0,2,0.000013,0,1,1,0,1,1
30272025,,0,0.000016,8,0.000013,0,1,1,0,1,1
30139984,,0,0,31,0.000013,0,1,1,0,1,1
30276363,,0,0.000005,31,0.000013,0,1,1,0,1,1
30133163,,0,0.000026,0,0.000013,0,1,1,0,1,1
29468855,,0,0.000026,0,0.000013,0,1,1,0,1,1
29466768,,0,0.000026,0,0.000013,0,1,1,0,1,1
30165656,,0,0,8,0.000013,0,1,1,0,1,1
29990673,,0,0,8,0.000013,0,1,1,0,1,1
30277458,,0,0.000006,8,0.000013,0,1,1,0,1,1
29950452,,0,0.000006,8,0.000013,0,1,1,0,1,1
30131693,,0,0.000038,41,0.000013,0,1,1,0,1,1
29966369,,0,0.000038,41,0.000013,0,1,1,0,1,1
29551131,,0,0.000038,41,0.000013,0,1,1,0,1,1
29901627,,0,0.000001,51,0.000013,0,1,1,0,1,1
29631214,,0,0.000001,51,0.000013,0,1,1,0,1,1
29923797,,0,0,32,0.000013,0,1,1,0,1,1
30018456,,0,0,17,0.000013,0,1,1,0,1,1
29768500,,0,0.000001,32,0.000013,0,1,1,0,1,1
29101112,,0.000018,0,51,0.000025,2,0,2,2,0,2
29488612,,0,0,51,0.000013,0,1,1,0,1,1
29101113,,0.000013,0,51,0.000036,4,0,4,4,0,4
29399381,,0,0,51,0.000013,0,1,1,0,1,1
29707125,,0,0,41,0.000013,0,1,1,0,1,1
29680290,,0,0,70,0.000013,0,1,1,0,1,1
29760566,,0,0,8,0.000013,0,1,1,0,1,1
29745381,,0,0,22,0.000013,0,2,2,0,2,2
29997255,,0,0,93,0.000013,0,1,1,0,1,1
29194591,,0,0,93,0.000024,1,0,1,1,0,1
30094013,,0,0,51,0.000013,0,1,1,0,1,1
30049680,,0,0,51,0.000013,0,1,1,0,1,1
30046452,,0,0,51,0.000013,0,1,1,0,1,1
30026388,,0,0,51,0.000013,0,1,1,0,1,1
30012629,,0,0,51,0.000013,0,1,1,0,1,1
29961570,,0,0,51,0.000013,0,1,1,0,1,1
29307893,,0,0,51,0.000013,0,1,1,0,1,1
30224051,,0,0,29,0.000013,0,1,1,0,1,1
30209759,,0,0,94,0.000013,0,1,1,0,1,1
29255221,,0,0,94,0.000035,2,0,2,2,0,2
30026862,,0,0,94,0.000013,0,1,1,0,1,1
30075727,,0,0,23,0.000013,0,1,1,0,1,1
29866840,,0,0,0,0.000013,0,1,1,0,1,1
30177521,,0,0,95,0.000013,0,1,1,0,1,1
29276409,,0,0,95,0.000046,3,0,3,3,0,3
30106140,,0,0,95,0.000013,0,1,1,0,1,1
29795987,,0,0,95,0.000013,0,1,1,0,1,1
29849507,,0,0,96,0.000013,0,1,1,0,1,1
29287594,,0,0,96,0.000024,1,0,1,1,0,1
29576629,,0,0.000001,0,0.000013,0,1,1,0,1,1
29899867,,0,0,31,0.000013,0,1,1,0,1,1
29657305,,0,0,8,0.000013,0,1,1,0,1,1
29844615,,0,0,22,0.000013,0,1,1,0,1,1
29735971,,0,0,22,0.000013,0,1,1,0,1,1
29435122,,0.000031,0,51,0.000042,4,0,4,4,0,4
30233553,,0,0.000001,51,0.000013,0,1,1,0,1,1
30035181,,0,0.000001,51,0.000013,0,1,1,0,1,1
29958288,,0,0,5,0.000013,0,1,1,0,1,1
29769747,,0,0,97,0.000013,0,1,1,0,1,1
29456806,,0,0,97,0.000035,2,0,2,2,0,2
29769746,,0,0,97,0.000013,0,1,1,0,1,1
29882921,,0,0.000012,31,0.000013,0,1,1,0,1,1
30359249,,0,0.000013,5,0.000013,0,1,1,0,1,1
30276254,,0,0,32,0.000013,0,1,1,0,1,1
30035166,,0,0,32,0.000013,0,1,1,0,1,1
30035159,,0,0,32,0.000013,0,1,1,0,1,1
29942668,,0,0,32,0.000013,0,1,1,0,1,1
30132513,,0,0,51,0.000013,0,1,1,0,1,1
30190672,,0,0,22,0.000013,0,1,1,0,1,1
30382130,,0,0.000023,31,0.000013,0,1,1,0,1,1
30060501,,0,0.000023,31,0.000013,0,1,1,0,1,1
29617658,,0,0.000023,31,0.000013,0,1,1,0,1,1
30245917,,0,0,70,0.000013,0,1,1,0,1,1
30022640,,0,0,5,0.000013,0,1,1,0,1,1
30373609,,0,0,22,0.000013,0,1,1,0,1,1
30202789,,0,0,22,0.000013,0,1,1,0,1,1
30180900,,0,0,98,0.000013,0,1,1,0,1,1
29963112,,0,0,98,0.000024,1,0,1,1,0,1
30370342,,0,0,32,0.000013,0,1,1,0,1,1
30370427,,0,0,51,0.000013,0,1,1,0,1,1
30254264,,0,0,32,0.000013,0,1,1,0,1,1
30209206,,0,0,32,0.000013,0,1,1,0,1,1
