Id,Label,Authority,Hub,modularity_class,pageranks,indegree,outdegree,Degree,weighted indegree,weighted outdegree,Weighted Degree
29383007,,0,0.000068,231,0.000007,0,3,3,0,3,3
1598904,,0.002071,0,89,0.000588,48,0,48,48,0,48
28035989,,0,0.000039,89,0.000007,0,1,1,0,1,1
27659521,,0.000353,0.018183,1,0.00001,4,47,51,4,47,51
26987529,,0.000007,0.020947,231,0.000017,4,65,69,4,65,69
26970122,,0,0.000235,5,0.000007,0,5,5,0,5,5
21532565,,0,0.033214,1,0.000007,0,19,19,0,19,19
19675719,,0,0.00004,89,0.000007,0,2,2,0,2,2
19119412,,0,0.000039,89,0.000007,0,1,1,0,1,1
18783406,,0,0.000039,89,0.000007,0,1,1,0,1,1
17018815,,0,0.010372,89,0.000007,0,55,55,0,55,55
16696013,,0,0.000088,89,0.000007,0,8,8,0,8,8
16451559,,0,0.000039,89,0.000007,0,1,1,0,1,1
14752704,,0,0.000039,89,0.000007,0,1,1,0,1,1
10777714,,0,0.000039,89,0.000007,0,1,1,0,1,1
10644313,,0,0.000039,89,0.000007,0,1,1,0,1,1
10621839,,0,0.000039,89,0.000007,0,1,1,0,1,1
10621838,,0,0.000039,89,0.000007,0,1,1,0,1,1
9818024,,0,0.000039,89,0.000007,0,1,1,0,1,1
9497246,,0.052349,0.006757,5,0.001096,498,21,519,498,21,519
9391879,,0.00046,0.005865,89,0.000009,4,21,25,4,21,25
9150150,,0.002828,0.005711,89,0.00008,24,18,42,24,18,42
8932340,,0.00035,0.000412,89,0.000014,4,6,10,4,6,10
8630282,,0.003252,0.00129,89,0.00007,21,11,32,21,11,32
8605099,,0.000065,0.000268,66,0.00002,4,4,8,4,4,8
8506271,,0,0.000039,89,0.000007,0,1,1,0,1,1
8460646,,0.000111,0.000049,89,0.000177,10,2,12,10,2,12
8460645,,0,0.000039,89,0.000007,0,1,1,0,1,1
8460644,,0,0.000039,89,0.000007,0,1,1,0,1,1
8460642,,0,0.000039,89,0.000007,0,1,1,0,1,1
8460640,,0.000677,0.000039,89,0.00004,10,1,11,10,1,11
8460637,,0.000477,0.000047,89,0.000294,19,4,23,19,4,23
8460636,,0,0.000039,89,0.000007,0,1,1,0,1,1
8460635,,0.00009,0.000049,89,0.000094,11,2,13,11,2,13
8460634,,0,0.000066,89,0.000007,0,6,6,0,6,6
8447325,,0,0.000039,89,0.000007,0,1,1,0,1,1
8213839,,0,0.00005,89,0.000007,0,3,3,0,3,3
8170984,,0,0.000039,89,0.000007,0,1,1,0,1,1
8116622,,0.00032,0.000086,89,0.000012,3,8,11,3,8,11
8096359,,0,0.000039,89,0.000007,0,1,1,0,1,1
8096358,,0.000192,0.000039,89,0.00008,7,1,8,7,1,8
8018518,,0,0.000039,89,0.000007,0,1,1,0,1,1
7947085,,0,0.000039,89,0.000007,0,1,1,0,1,1
7942844,,0.000604,0.000121,89,0.000031,13,10,23,13,10,23
7852187,,0.000129,0.000052,89,0.000009,3,3,6,3,3,6
7825587,,0.027033,0.003412,89,0.00072,240,8,248,240,8,248
7825586,,0.005163,0.000289,89,0.000295,54,17,71,54,17,71
7669582,,0,0.000039,89,0.000007,0,1,1,0,1,1
1598903,,0,0.000039,89,0.000007,0,1,1,0,1,1
28521483,,0,0.000001,66,0.000007,0,1,1,0,1,1
7473818,,0.000053,0,66,0.000108,14,0,14,14,0,14
22125594,,0,0.000001,66,0.000007,0,2,2,0,2,2
20227509,,0,0.000008,66,0.000007,0,2,2,0,2,2
19261255,,0.000966,0.000003,66,0.000115,26,2,28,26,2,28
17596546,,0,0.000001,66,0.000007,0,1,1,0,1,1
15548805,,0,0.000001,66,0.000007,0,1,1,0,1,1
14580249,,0,0.000029,66,0.000007,0,3,3,0,3,3
10604741,,0,0.002651,66,0.000007,0,3,3,0,3,3
10574256,,0,0.000001,66,0.000007,0,1,1,0,1,1
9665480,,0,0.000024,66,0.000007,0,2,2,0,2,2
9327736,,0,0.000001,66,0.000007,0,1,1,0,1,1
9095001,,0,0.000024,66,0.000007,0,2,2,0,2,2
9010038,,0,0.000008,89,0.000007,0,2,2,0,2,2
8780379,,0,0.000024,66,0.000007,0,2,2,0,2,2
7478429,,0.000115,0,66,0.000068,6,0,6,6,0,6
11747329,,0,0.000017,66,0.000007,0,3,3,0,3,3
11272899,,0,0.000005,66,0.000007,0,3,3,0,3,3
10360664,,0.000038,0.005881,89,0.000012,3,17,20,3,17,20
10070859,,0,0.000101,89,0.000007,0,6,6,0,6,6
9514060,,0,0.000002,66,0.000007,0,1,1,0,1,1
29985912,,0,0.000004,89,0.000007,0,1,1,0,1,1
7478543,,0.000212,0,89,0.000042,9,0,9,9,0,9
25762626,,0,0.000004,89,0.000007,0,1,1,0,1,1
17190795,,0,0.000009,89,0.000007,0,2,2,0,2,2
14633957,,0,0.003722,89,0.000021,3,17,20,3,17,20
11159178,,0,0.000004,89,0.000007,0,1,1,0,1,1
10952778,,0,0.000037,90,0.000007,0,4,4,0,4,4
10487854,,0,0.000004,89,0.000007,0,1,1,0,1,1
10398279,,0.001074,0.002122,89,0.000042,11,17,28,11,17,28
9743298,,0.000414,0.005235,89,0.000051,10,12,22,10,12,22
30323899,,0,0.00644,279,0.000007,0,37,37,0,37,37
7481765,,0.005373,0,100,0.000227,55,0,55,55,0,55
30037003,,0,0.000474,100,0.000007,0,2,2,0,2,2
29773825,,0,0.000102,100,0.000007,0,1,1,0,1,1
28879638,,0,0.014347,279,0.000007,0,90,90,0,90,90
28863181,,0,0.00262,279,0.000007,0,29,29,0,29,29
26911432,,0,0.000102,100,0.000007,0,1,1,0,1,1
26057449,,0.000123,0.004042,279,0.000007,1,34,35,1,34,35
25594033,,0.000133,0.003414,100,0.000023,4,11,15,4,11,15
25380576,,0,0.002944,279,0.000007,0,16,16,0,16,16
24997799,,0,0.001804,100,0.000007,0,5,5,0,5,5
24709009,,0,0.000683,100,0.000007,0,6,6,0,6,6
24704793,,0.000141,0.019685,100,0.000038,7,122,129,7,122,129
24647341,,0,0.000102,100,0.000007,0,1,1,0,1,1
24389207,,0.000756,0.060706,100,0.000024,11,134,145,11,134,145
24278741,,0.001038,0.01653,100,0.000016,9,87,96,9,87,96
23855721,,0.000453,0.011396,279,0.000013,6,43,49,6,43,49
23276146,,0.000066,0.000129,100,0.000047,8,3,11,8,3,11
20482811,,0,0.000102,100,0.000007,0,1,1,0,1,1
20007691,,0.001473,0.001393,100,0.000033,13,8,21,13,8,21
19170108,,0,0.006482,100,0.000007,0,35,35,0,35,35
17664283,,0,0.00823,100,0.000007,0,20,20,0,20,20
17646391,,0,0.000102,100,0.000007,0,1,1,0,1,1
17625228,,0.000857,0.005706,89,0.000014,7,28,35,7,28,35
17505559,,0.000208,0.001549,100,0.000174,24,9,33,24,9,33
15800211,,0,0.000186,100,0.000007,0,2,2,0,2,2
15591126,,0.003809,0.006646,100,0.000087,31,20,51,31,20,51
15340083,,0,0.000567,100,0.000007,0,2,2,0,2,2
12698194,,0.000453,0.005091,100,0.000029,7,21,28,7,21,28
12438698,,0.00111,0.00143,100,0.000219,45,7,52,45,7,52
11429425,,0,0.000102,100,0.000007,0,1,1,0,1,1
11376024,,0.001866,0.005458,279,0.000019,11,24,35,11,24,35
11359908,,0,0.010018,100,0.000007,0,45,45,0,45,45
11250747,,0.000003,0.003381,89,0.000008,1,6,7,1,6,7
11207044,,0,0.001191,87,0.000007,0,3,3,0,3,3
10864206,,0,0.000127,90,0.000007,0,2,2,0,2,2
10835497,,0.000483,0.004052,279,0.00006,6,19,25,6,19,25
10804288,,0.00046,0.002628,89,0.000012,5,20,25,5,20,25
10595935,,0,0.000612,100,0.000007,0,4,4,0,4,4
10570174,,0,0.003871,89,0.000007,0,21,21,0,21,21
10373534,,0,0.009419,100,0.000007,0,41,41,0,41,41
10193517,,0.00095,0.011514,100,0.000052,20,53,73,20,53,73
9789027,,0.005248,0.006929,100,0.000199,62,21,83,62,21,83
9765620,,0.000115,0.003151,89,0.000007,1,19,20,1,19,20
9482880,,0,0.005932,100,0.000007,0,11,11,0,11,11
9400936,,0,0.003597,89,0.000007,0,11,11,0,11,11
9342365,,0.006197,0.006386,100,0.00012,37,25,62,37,25,62
9207057,,0.007527,0.007713,100,0.000207,52,26,78,52,26,78
8972225,,0.007981,0.004529,100,0.000104,48,15,63,48,15,63
8942979,,0.014453,0.004839,100,0.000621,96,15,111,96,15,111
8909243,,0,0.000102,100,0.000007,0,1,1,0,1,1
8862516,,0,0.000164,100,0.000007,0,2,2,0,2,2
8756626,,0,0.000102,100,0.000007,0,1,1,0,1,1
8633092,,0,0.000102,100,0.000007,0,1,1,0,1,1
8622702,,0,0.002764,89,0.000007,0,3,3,0,3,3
8622657,,0,0.000102,100,0.000007,0,1,1,0,1,1
30087710,,0,0.000002,90,0.000007,0,1,1,0,1,1
7490069,,0.000099,0,90,0.000334,58,0,58,58,0,58
29718098,,0,0.000002,90,0.000007,0,1,1,0,1,1
29343747,,0,0.000002,90,0.000007,0,1,1,0,1,1
29088849,,0,0.000002,90,0.000007,0,1,1,0,1,1
28404954,,0,0.000002,90,0.000007,0,1,1,0,1,1
28232485,,0,0.000002,90,0.000007,0,1,1,0,1,1
27808423,,0,0.000011,90,0.000007,0,2,2,0,2,2
27626692,,0,0.000002,90,0.000007,0,1,1,0,1,1
27181092,,0,0.000002,90,0.000007,0,1,1,0,1,1
26697375,,0,0.000002,90,0.000007,0,1,1,0,1,1
26617938,,0,0.000002,90,0.000007,0,1,1,0,1,1
25622104,,0,0.000002,90,0.000007,0,1,1,0,1,1
25610759,,0,0.000002,90,0.000007,0,1,1,0,1,1
25385028,,0,0.000002,90,0.000007,0,1,1,0,1,1
25196260,,0,0.000002,90,0.000007,0,1,1,0,1,1
24815849,,0,0.000002,90,0.000007,0,1,1,0,1,1
24311986,,0,0.000002,90,0.000007,0,1,1,0,1,1
24212830,,0,0.000002,90,0.000007,0,1,1,0,1,1
23760265,,0,0.000002,90,0.000007,0,1,1,0,1,1
23593540,,0,0.000002,90,0.000007,0,1,1,0,1,1
23530232,,0,0.000002,90,0.000007,0,1,1,0,1,1
23259914,,0,0.000002,90,0.000007,0,1,1,0,1,1
23077249,,0,0.003171,90,0.000007,0,2,2,0,2,2
22897902,,0,0.000002,90,0.000007,0,1,1,0,1,1
21976778,,0,0.000002,90,0.000007,0,1,1,0,1,1
21189395,,0,0.000002,90,0.000007,0,1,1,0,1,1
20976003,,0,0.000006,90,0.000007,0,2,2,0,2,2
20461080,,0,0.000002,90,0.000007,0,1,1,0,1,1
19920201,,0,0.000002,90,0.000007,0,1,1,0,1,1
19851499,,0,0.000002,90,0.000007,0,1,1,0,1,1
19845967,,0,0.000002,90,0.000007,0,1,1,0,1,1
19789346,,0,0.000002,90,0.000007,0,1,1,0,1,1
19701494,,0,0.000002,90,0.000007,0,1,1,0,1,1
19531578,,0,0.000002,90,0.000007,0,1,1,0,1,1
19395651,,0,0.000005,90,0.000007,0,2,2,0,2,2
19286473,,0,0.000002,90,0.000007,0,1,1,0,1,1
18483181,,0,0.000002,90,0.000007,0,1,1,0,1,1
18419822,,0,0.000002,90,0.000007,0,1,1,0,1,1
18284467,,0,0.000002,90,0.000007,0,1,1,0,1,1
17956604,,0,0.000002,90,0.000007,0,1,1,0,1,1
17589922,,0,0.000002,90,0.000007,0,1,1,0,1,1
17211471,,0,0.001891,90,0.000007,0,3,3,0,3,3
16330715,,0,0.000002,90,0.000007,0,1,1,0,1,1
15138294,,0,0.000002,90,0.000007,0,1,1,0,1,1
14745013,,0,0.000002,90,0.000007,0,1,1,0,1,1
14578197,,0,0.000002,90,0.000007,0,1,1,0,1,1
12566408,,0,0.000021,35,0.000007,0,2,2,0,2,2
11943846,,0,0.000002,90,0.000007,0,1,1,0,1,1
11481346,,0,0.000002,90,0.000007,0,1,1,0,1,1
10934170,,0,0.000002,90,0.000007,0,1,1,0,1,1
10702400,,0,0.000002,35,0.000007,0,2,2,0,2,2
10677505,,0,0.000002,90,0.000007,0,1,1,0,1,1
9862577,,0,0.000002,90,0.000007,0,1,1,0,1,1
9848085,,0,0.000002,90,0.000007,0,1,1,0,1,1
9846990,,0,0.000002,90,0.000007,0,1,1,0,1,1
9626059,,0,0.000002,90,0.000007,0,1,1,0,1,1
9353251,,0,0.000002,90,0.000007,0,1,1,0,1,1
9237999,,0,0.000002,90,0.000007,0,1,1,0,1,1
29706637,,0,0.000003,205,0.000007,0,1,1,0,1,1
7490091,,0.000182,0,205,0.000042,12,0,12,12,0,12
28435519,,0.000003,0.00489,205,0.000009,1,17,18,1,17,18
25590583,,0,0.000919,1,0.000007,0,4,4,0,4,4
23946869,,0,0.000575,140,0.000007,0,15,15,0,15,15
23946868,,0.000543,0.00178,205,0.000033,8,8,16,8,8,16
21963259,,0,0.001137,100,0.000007,0,4,4,0,4,4
21102526,,0,0.000003,205,0.000007,0,1,1,0,1,1
19325002,,0,0.000006,205,0.000007,0,2,2,0,2,2
11739747,,0,0.000198,90,0.000007,0,5,5,0,5,5
9765397,,0,0.000006,205,0.000007,0,3,3,0,3,3
9724329,,0,0.000003,205,0.000007,0,2,2,0,2,2
9445487,,0,0.000003,205,0.000007,0,1,1,0,1,1
29748565,,0.000706,0.022935,1,0.000012,4,17,21,4,17,21
7493024,,0.014378,0,89,0.000383,100,0,100,100,0,100
29483665,,0,0.004237,5,0.000007,0,22,22,0,22,22
29446198,,0,0.007253,89,0.000007,0,71,71,0,71,71
29275340,,0,0.003499,5,0.000007,0,23,23,0,23,23
29228641,,0.00056,0.040415,1,0.000007,1,71,72,1,71,72
28576136,,0,0.000274,89,0.000007,0,1,1,0,1,1
28546758,,0.000001,0.06472,1,0.000008,1,94,95,1,94,95
27534398,,0.000277,0.007609,231,0.000009,4,38,42,4,38,42
26913838,,0.000271,0.003061,140,0.000017,10,62,72,10,62,72
26315354,,0,0.005243,89,0.000007,0,13,13,0,13,13
25849179,,0.011118,0.006738,231,0.000058,56,20,76,56,20,76
25789811,,0.000272,0.005463,89,0.000008,2,27,29,2,27,29
25352972,,0.000173,0.004937,89,0.00001,3,8,11,3,8,11
24915755,,0.000119,0.016264,279,0.000022,3,20,23,3,20,23
24675953,,0.010306,0.022127,5,0.000103,81,56,137,81,56,137
24212087,,0.000715,0.001009,140,0.000019,18,22,40,18,22,40
23802008,,0.001553,0.040833,100,0.00002,17,83,100,17,83,100
23776357,,0.000122,0.010731,5,0.000009,2,52,54,2,52,54
23483928,,0,0.005732,231,0.000007,0,24,24,0,24,24
23319948,,0,0.010854,89,0.000007,0,9,9,0,9,9
23231005,,0.000001,0.005095,89,0.000026,4,10,14,4,10,14
23149842,,0.000401,0.003577,89,0.00003,13,21,34,13,21,34
22966347,,0,0.00075,89,0.000007,0,7,7,0,7,7
22915751,,0.031392,0.027531,1,0.000225,103,22,125,103,22,125
22866131,,0,0.002761,89,0.000007,0,10,10,0,10,10
22682623,,0.001586,0.008696,89,0.00002,15,46,61,15,46,61
22460208,,0.00019,0.006106,89,0.000007,1,18,19,1,18,19
22430266,,0.000754,0.012388,5,0.000011,7,44,51,7,44,51
22262859,,0,0.005657,100,0.000067,10,14,24,10,14,24
21169536,,0.00322,0.008492,231,0.000051,23,22,45,23,22,45
20104584,,0.001547,0.002553,231,0.000052,30,20,50,30,20,50
19965908,,0,0.000532,89,0.000007,0,4,4,0,4,4
19876733,,0.000245,0.005916,231,0.000022,4,16,20,4,16,20
19770520,,0.005228,0.007738,140,0.000064,29,33,62,29,33,62
19383375,,0.007892,0.018581,1,0.000034,37,85,122,37,85,122
19383374,,0.00626,0.026402,1,0.000095,50,118,168,50,118,168
19329713,,0.001736,0.009207,89,0.000018,8,23,31,8,23,31
18783588,,0.001205,0.00556,89,0.00001,12,29,41,12,29,41
18710587,,0.000527,0.004425,5,0.000009,3,25,28,3,25,28
18708369,,0,0.003423,89,0.000007,0,28,28,0,28,28
16227521,,0.000731,0.00589,89,0.000013,8,17,25,8,17,25
16168130,,0.001646,0.005453,5,0.000036,21,14,35,21,14,35
16168118,,0.002174,0.009571,89,0.000018,20,41,61,20,41,61
14744934,,0,0.000944,89,0.000007,0,7,7,0,7,7
14612409,,0.001898,0.005537,100,0.000071,27,26,53,27,26,53
14609432,,0.000304,0.007878,69,0.000048,12,30,42,12,30,42
12698193,,0.001112,0.003968,89,0.000011,9,28,37,9,28,37
12677558,,0.097911,0.00897,5,0.001217,651,37,688,651,37,688
12100744,,0.001137,0.004887,89,0.00002,10,20,30,10,20,30
12080089,,0.001532,0.003513,90,0.000122,19,19,38,19,19,38
11879560,,0.001748,0.001531,89,0.000072,27,11,38,27,11,38
11739404,,0.002956,0.008691,100,0.000519,63,33,96,63,33,96
11389159,,0.001061,0.006936,89,0.000011,7,24,31,7,24,31
11250724,,0.002468,0.013282,100,0.000099,18,41,59,18,41,59
11250722,,0.000303,0.00902,89,0.00003,5,37,42,5,37,42
11250694,,0.001275,0.007371,89,0.000012,11,35,46,11,35,46
11179017,,0.037402,0.004227,1,0.000332,182,33,215,182,33,215
11056686,,0,0.010777,100,0.000007,0,35,35,0,35,35
11044354,,0.015697,0.007963,89,0.000333,129,28,157,129,28,157
10788334,,0.005179,0.007311,89,0.000084,59,27,86,59,27,86
10739756,,0.007776,0.005188,89,0.000106,42,28,70,42,28,70
10577927,,0.000896,0.004126,89,0.000035,10,24,34,10,24,34
10528853,,0.000098,0.005104,89,0.000014,4,8,12,4,8,12
10486320,,0.003365,0.006818,89,0.00003,23,20,43,23,20,43
10441573,,0.00081,0.00166,89,0.00001,6,9,15,6,9,15
10205268,,0.00153,0.001546,231,0.000156,36,6,42,36,6,42
10090879,,0,0.004975,89,0.000007,0,25,25,0,25,25
9799248,,0.001868,0.004456,41,0.000314,70,8,78,70,8,78
9792861,,0.004056,0.005747,89,0.000062,39,31,70,39,31,70
9667663,,0.000006,0.003802,89,0.00001,1,10,11,1,10,11
9649133,,0.000713,0.004282,89,0.000052,13,16,29,13,16,29
9635841,,0,0.000274,89,0.000007,0,1,1,0,1,1
9429140,,0.000056,0.005982,89,0.00001,1,17,18,1,17,18
9357627,,0,0.001832,89,0.000007,0,6,6,0,6,6
9245992,,0.004556,0.006246,89,0.000163,55,12,67,55,12,67
9197534,,0.00011,0.001472,89,0.000008,2,16,18,2,16,18
9155062,,0.000084,0.001564,89,0.000016,3,7,10,3,7,10
9150174,,0.001625,0.005258,89,0.000022,13,13,26,13,13,26
9150173,,0.004381,0.004495,89,0.000029,26,16,42,26,16,42
9150172,,0,0.002496,89,0.000007,0,13,13,0,13,13
9150171,,0.001918,0.004568,89,0.000042,21,8,29,21,8,29
9150154,,0.003563,0.005145,89,0.000144,36,17,53,36,17,53
9150153,,0.00392,0.005684,89,0.000099,47,16,63,47,16,63
9150151,,0.004214,0.005924,89,0.000087,31,26,57,31,26,57
9150149,,0.003001,0.007244,89,0.000094,31,18,49,31,18,49
9150148,,0.007664,0.003938,89,0.000146,78,39,117,78,39,117
9132280,,0,0.000274,89,0.000007,0,1,1,0,1,1
9042909,,0.00423,0.002408,89,0.000074,50,18,68,50,18,68
9042907,,0.002151,0.004783,89,0.000106,30,15,45,30,15,45
9012404,,0.002212,0.004257,89,0.000093,39,9,48,39,9,48
8981943,,0,0.000274,89,0.000007,0,1,1,0,1,1
8933332,,0.000774,0.00825,89,0.000017,8,35,43,8,35,43
8880569,,0.000114,0.005025,89,0.000008,1,10,11,1,10,11
8806241,,0.000361,0.004547,89,0.000019,6,9,15,6,9,15
8651293,,0.001202,0.00563,89,0.000021,13,20,33,13,20,33
8644703,,0.002026,0.003989,89,0.00008,18,10,28,18,10,28
8616352,,0,0.00417,89,0.000007,0,9,9,0,9,9
24179442,,0,0.0015,89,0.000007,0,19,19,0,19,19
7495979,,0.000029,0,89,0.000007,1,0,1,1,0,1
28900330,,0,0.000146,69,0.000007,0,3,3,0,3,3
7507078,,0.000005,0,69,0.000012,2,0,2,2,0,2
28785294,,0,0.000004,89,0.000007,0,1,1,0,1,1
7511021,,0.000202,0,89,0.000075,13,0,13,13,0,13
18461349,,0,0.000182,89,0.000007,0,3,3,0,3,3
14684683,,0,0.000082,89,0.000007,0,2,2,0,2,2
9190201,,0,0.000004,89,0.000007,0,1,1,0,1,1
8794866,,0,0.000004,89,0.000007,0,1,1,0,1,1
8603923,,0,0.000004,89,0.000007,0,1,1,0,1,1
8554067,,0.001675,0.004107,89,0.000077,19,13,32,19,13,32
8533757,,0.0041,0.006171,89,0.000075,35,19,54,35,19,54
7539810,,0,0.000004,89,0.000007,0,1,1,0,1,1
7534039,,0,0.000004,89,0.000007,0,1,1,0,1,1
7529919,,0,0.000004,89,0.000007,0,1,1,0,1,1
7529318,,0,0.000004,89,0.000007,0,1,1,0,1,1
7513705,,0,0.000004,89,0.000007,0,1,1,0,1,1
23119097,,0,0,0,0.000007,0,1,1,0,1,1
7511052,,0,0,0,0.000019,2,0,2,2,0,2
18364049,,0,0,0,0.000007,0,1,1,0,1,1
27716388,,0.000282,0.008413,89,0.000024,8,18,26,8,18,26
7519878,,0.000387,0,89,0.000067,5,0,5,5,0,5
7977348,,0.000686,0.000602,89,0.000128,14,3,17,14,3,17
7611277,,0.002373,0.005506,89,0.000113,30,13,43,30,13,43
7490308,,0,0.005474,89,0.000007,0,21,21,0,21,21
23805307,,0.000269,0.003867,90,0.000026,11,24,35,11,24,35
7529047,,0.000546,0,89,0.000034,10,0,10,10,0,10
22669161,,0.000017,0.000804,231,0.000058,12,12,24,12,12,24
21949216,,0,0.000019,89,0.000007,0,2,2,0,2,2
21472990,,0.004518,0.007206,72,0.00024,80,22,102,80,22,102
11710835,,0.000072,0.004371,89,0.000014,2,15,17,2,15,17
11346464,,0,0.000032,89,0.000007,0,6,6,0,6,6
9643283,,0.000343,0.006727,89,0.000017,6,17,23,6,17,23
8980399,,0,0.00001,89,0.000007,0,1,1,0,1,1
30458859,,0,0.006262,140,0.000007,0,30,30,0,30,30
7545954,,0.138893,0,89,0.002458,930,0,930,930,0,930
30453575,,0,0.018691,140,0.000007,0,48,48,0,48,48
30443181,,0,0.005316,5,0.000007,0,17,17,0,17,17
30441849,,0,0.009938,1,0.000007,0,22,22,0,22,22
30416390,,0,0.005187,5,0.000007,0,17,17,0,17,17
30405761,,0,0.003258,100,0.000007,0,5,5,0,5,5
30400234,,0,0.00639,89,0.000007,0,26,26,0,26,26
30344568,,0,0.00544,89,0.000007,0,17,17,0,17,17
30323273,,0,0.00413,89,0.000007,0,10,10,0,10,10
30320429,,0,0.003474,5,0.000007,0,18,18,0,18,18
30283497,,0,0.006742,140,0.000007,0,29,29,0,29,29
30254159,,0,0.002758,90,0.000007,0,5,5,0,5,5
30249004,,0,0.003591,5,0.000007,0,14,14,0,14,14
30241137,,0,0.00433,5,0.000007,0,14,14,0,14,14
30211169,,0,0.007888,1,0.000007,0,28,28,0,28,28
30210910,,0,0.010508,231,0.000007,0,5,5,0,5,5
30186165,,0,0.006215,35,0.000007,0,31,31,0,31,31
30166705,,0,0.005127,89,0.000007,0,9,9,0,9,9
30149579,,0,0.022644,69,0.000007,0,17,17,0,17,17
30145940,,0,0.003403,89,0.000007,0,2,2,0,2,2
30130155,,0,0.006592,89,0.000007,0,20,20,0,20,20
30128181,,0,0.002651,168,0.000007,0,2,2,0,2,2
30124007,,0,0.002649,90,0.000007,0,2,2,0,2,2
30116257,,0,0.003622,231,0.000007,0,17,17,0,17,17
30084716,,0,0.002755,5,0.000007,0,6,6,0,6,6
30075112,,0,0.009354,35,0.000007,0,17,17,0,17,17
30048498,,0,0.002652,5,0.000007,0,3,3,0,3,3
30042185,,0.000018,0.01461,1,0.000007,1,28,29,1,28,29
29977717,,0,0.002649,89,0.000007,0,1,1,0,1,1
29955703,,0,0.006136,279,0.000013,1,20,21,1,20,21
29938003,,0,0.004432,35,0.000007,0,20,20,0,20,20
29872710,,0.000004,0.006932,140,0.000022,3,9,12,3,9,12
29844838,,0,0.002961,24,0.000013,1,4,5,1,4,5
29785135,,0,0.00316,89,0.00001,1,18,19,1,18,19
29770616,,0,0.00862,1,0.000013,1,23,24,1,23,24
29757984,,0,0.005579,100,0.000007,0,21,21,0,21,21
29755873,,0,0.005728,140,0.000007,0,14,14,0,14,14
29755871,,0,0.013003,89,0.000007,0,44,44,0,44,44
29682331,,0,0.005119,5,0.000007,0,16,16,0,16,16
29681614,,0,0.008567,89,0.000007,0,31,31,0,31,31
29673145,,0,0.003615,100,0.000007,0,12,12,0,12,12
29671401,,0,0.003405,89,0.000007,0,3,3,0,3,3
29660759,,0,0.042925,1,0.000007,0,35,35,0,35,35
29650789,,0,0.012664,35,0.000007,0,8,8,0,8,8
29623263,,0,0.005673,205,0.000007,0,10,10,0,10,10
29622581,,0,0.00344,35,0.000007,0,6,6,0,6,6
29584711,,0,0.004208,35,0.00001,1,14,15,1,14,15
29570666,,0.000039,0.002856,89,0.000007,1,14,15,1,14,15
29565421,,0,0.005148,5,0.000007,0,19,19,0,19,19
29492227,,0,0.0054,231,0.000013,1,35,36,1,35,36
29484036,,0,0.002649,89,0.000007,0,1,1,0,1,1
29465570,,0,0.002649,89,0.000007,0,1,1,0,1,1
29435039,,0,0.012845,89,0.000007,0,34,34,0,34,34
29427345,,0.000897,0.021759,1,0.000007,2,25,27,2,25,27
29389935,,0,0.003403,89,0.000007,0,2,2,0,2,2
29383094,,0.000039,0.009626,1,0.000007,1,17,18,1,17,18
29382703,,0,0.005032,231,0.000007,0,33,33,0,33,33
29349042,,0,0.002649,89,0.000007,0,1,1,0,1,1
29330845,,0.000149,0.003939,5,0.000007,1,11,12,1,11,12
29299148,,0,0.003986,89,0.000007,0,3,3,0,3,3
29291027,,0,0.012695,168,0.000007,0,17,17,0,17,17
29290694,,0.000281,0.031728,1,0.000008,2,17,19,2,17,19
29286222,,0,0.003118,279,0.000007,0,13,13,0,13,13
29286157,,0,0.004861,100,0.000013,1,13,14,1,13,14
29215763,,0,0.016356,205,0.000007,0,13,13,0,13,13
29200866,,0,0.0033,48,0.000007,0,7,7,0,7,7
29180619,,0,0.006119,100,0.000007,0,19,19,0,19,19
29146938,,0,0.036323,1,0.000007,0,39,39,0,39,39
29116104,,0,0.00309,89,0.000007,0,10,10,0,10,10
29088781,,0,0.004143,89,0.000007,0,32,32,0,32,32
29047188,,0,0.011245,1,0.000009,2,32,34,2,32,34
28986348,,0,0.004243,89,0.000007,0,5,5,0,5,5
28976962,,0.001358,0.009052,100,0.000019,12,28,40,12,28,40
28947987,,0.000585,0.004175,89,0.000008,5,15,20,5,15,20
28936272,,0,0.006948,5,0.000007,0,19,19,0,19,19
28928839,,0,0.005907,24,0.000007,0,15,15,0,15,15
28924212,,0,0.003457,35,0.000007,0,6,6,0,6,6
28905878,,0.000008,0.003442,140,0.000008,1,18,19,1,18,19
28881617,,0,0.003486,231,0.000007,0,8,8,0,8,8
28858227,,0.000026,0.011503,100,0.000015,3,51,54,3,51,54
28855565,,0,0.002704,184,0.000007,0,3,3,0,3,3
28852190,,0,0.011853,1,0.000007,0,10,10,0,10,10
28830573,,0,0.003866,1,0.000007,0,12,12,0,12,12
28814288,,0,0.015538,89,0.000007,0,44,44,0,44,44
28808214,,0,0.002707,231,0.000007,0,3,3,0,3,3
28794804,,0.000189,0.055991,1,0.000008,3,47,50,3,47,50
28792971,,0,0.002649,89,0.000007,0,1,1,0,1,1
28781887,,0,0.004689,140,0.000007,0,17,17,0,17,17
28738860,,0.00007,0.004254,89,0.00001,2,13,15,2,13,15
28736756,,0,0.003404,89,0.000007,0,3,3,0,3,3
28714471,,0,0.018041,1,0.000007,0,15,15,0,15,15
28713573,,0,0.002737,5,0.000007,0,5,5,0,5,5
28706734,,0,0.019027,1,0.000007,0,60,60,0,60,60
28706506,,0.000005,0.00499,90,0.000009,2,16,18,2,16,18
28680382,,0,0.003098,231,0.000007,0,10,10,0,10,10
28649653,,0,0.003957,231,0.000007,0,12,12,0,12,12
28588830,,0,0.00365,140,0.000007,0,14,14,0,14,14
28572256,,0,0.02122,1,0.000007,0,15,15,0,15,15
28545429,,0,0.003425,5,0.000007,0,24,24,0,24,24
28525389,,0.002486,0.026319,1,0.000013,9,13,22,9,13,22
28506208,,0,0.004038,100,0.000007,0,6,6,0,6,6
28475137,,0,0.003573,5,0.000007,0,4,4,0,4,4
28471759,,0,0.003404,89,0.000007,0,3,3,0,3,3
28423363,,0.000368,0.00532,205,0.000016,6,15,21,6,15,21
28415857,,0,0.003572,140,0.000007,0,7,7,0,7,7
28408614,,0.000347,0.003399,140,0.000029,6,28,34,6,28,34
28357044,,0,0.007117,89,0.000007,0,19,19,0,19,19
28342662,,0.000041,0.008028,5,0.000015,3,36,39,3,36,39
28339459,,0.00004,0.004123,140,0.000015,4,20,24,4,20,24
28326099,,0,0.002838,231,0.000007,0,3,3,0,3,3
28302823,,0.016658,0.058954,1,0.00014,85,41,126,85,41,126
28262780,,0.000058,0.010386,100,0.000009,2,27,29,2,27,29
28202063,,0,0.004151,89,0.000007,0,19,19,0,19,19
28194329,,0,0.004589,5,0.000007,0,11,11,0,11,11
28191685,,0,0.002885,89,0.000007,0,3,3,0,3,3
28182268,,0,0.009413,5,0.000007,0,34,34,0,34,34
28164176,,0.000002,0.013858,90,0.000015,2,26,28,2,26,28
28108744,,0,0.002649,89,0.000007,0,1,1,0,1,1
28101326,,0,0.003322,57,0.000007,0,4,4,0,4,4
28092266,,0,0.004001,232,0.000007,0,7,7,0,7,7
28090007,,0,0.002945,89,0.000007,0,6,6,0,6,6
28086974,,0,0.005558,89,0.000007,0,4,4,0,4,4
28073598,,0.000001,0.011697,140,0.000032,5,6,11,5,6,11
28055979,,0,0.054784,1,0.000007,0,59,59,0,59,59
28008141,,0,0.026038,1,0.000007,0,36,36,0,36,36
28005465,,0,0.003299,100,0.000007,0,5,5,0,5,5
27895806,,0,0.003501,89,0.000007,0,3,3,0,3,3
27867299,,0,0.002692,137,0.000007,0,3,3,0,3,3
27836010,,0.000222,0.010875,89,0.000011,5,29,34,5,29,34
27826806,,0,0.002703,5,0.000007,0,4,4,0,4,4
27815389,,0,0.012216,100,0.000007,0,25,25,0,25,25
27792995,,0.000201,0.005501,231,0.000023,7,19,26,7,19,26
27760710,,0.000899,0.008119,100,0.000068,31,21,52,31,21,52
27742776,,0,0.038005,1,0.000007,0,37,37,0,37,37
27665502,,0,0.002777,231,0.000007,0,3,3,0,3,3
27658390,,0.000001,0.003873,140,0.000009,1,10,11,1,10,11
27600412,,0,0.004166,100,0.000007,0,6,6,0,6,6
27599564,,0.000096,0.003875,205,0.000013,2,10,12,2,10,12
27556296,,0,0.012934,100,0.000007,0,25,25,0,25,25
27555886,,0.000237,0.047055,1,0.000008,2,99,101,2,99,101
27514841,,0.000757,0.049175,1,0.000018,7,61,68,7,61,68
27514838,,0,0.014786,5,0.000007,0,12,12,0,12,12
27513445,,0,0.009361,231,0.000007,0,17,17,0,17,17
27481486,,0,0.002695,100,0.000007,0,2,2,0,2,2
27477457,,0,0.00287,1,0.000007,0,3,3,0,3,3
27471560,,0.000896,0.017924,1,0.000017,6,35,41,6,35,41
27446805,,0,0.004069,90,0.000007,0,11,11,0,11,11
27444544,,0,0.003042,100,0.000007,0,3,3,0,3,3
27424772,,0,0.004563,5,0.000007,0,5,5,0,5,5
27424552,,0,0.002649,89,0.000007,0,1,1,0,1,1
27417607,,0,0.004022,5,0.000007,0,16,16,0,16,16
27384023,,0,0.003391,89,0.000007,0,2,2,0,2,2
27382453,,0,0.003772,89,0.000007,0,9,9,0,9,9
27351029,,0,0.004495,89,0.000007,0,15,15,0,15,15
27338744,,0.000344,0.005949,5,0.000009,5,25,30,5,25,30
27308455,,0,0.00335,100,0.000007,0,6,6,0,6,6
27306910,,0,0.004906,205,0.000007,0,13,13,0,13,13
27277787,,0,0.007623,100,0.000007,0,16,16,0,16,16
27259235,,0.000288,0.010297,41,0.000064,10,36,46,10,36,46
27259208,,0,0.027822,1,0.000007,0,22,22,0,22,22
27242959,,0.000757,0.040993,5,0.000009,4,73,77,4,73,77
27241552,,0,0.00439,90,0.000007,0,10,10,0,10,10
27231574,,0,0.016607,1,0.000007,0,20,20,0,20,20
27223485,,0.000328,0.008158,89,0.000009,4,34,38,4,34,38
27216078,,0.000237,0.011976,69,0.000018,4,14,18,4,14,18
27197561,,0.000388,0.022112,100,0.000012,6,27,33,6,27,33
27194814,,0,0.008957,89,0.000007,0,17,17,0,17,17
27167707,,0.000662,0.022975,89,0.000021,7,23,30,7,23,30
27148484,,0,0.003247,100,0.000007,0,7,7,0,7,7
27144894,,0,0.006946,279,0.000007,0,37,37,0,37,37
27129401,,0.000297,0.009381,89,0.000008,2,26,28,2,26,28
27121432,,0,0.002649,89,0.000007,0,1,1,0,1,1
27115018,,0,0.002649,89,0.000007,0,1,1,0,1,1
27102245,,0,0.013023,1,0.000007,0,9,9,0,9,9
27088617,,0,0.004186,279,0.000007,0,9,9,0,9,9
27077368,,0,0.018033,1,0.000013,1,18,19,1,18,19
27066510,,0.000035,0.009715,5,0.000012,4,27,31,4,27,31
27027444,,0,0.005653,279,0.000007,0,19,19,0,19,19
26997744,,0.000334,0.009142,89,0.000008,3,20,23,3,20,23
26994145,,0,0.002649,89,0.000007,0,1,1,0,1,1
26989768,,0,0.002649,89,0.000007,0,1,1,0,1,1
26969729,,0,0.004454,69,0.000007,0,6,6,0,6,6
26884819,,0,0.005099,140,0.000007,0,14,14,0,14,14
26884712,,0.000163,0.006819,100,0.000015,5,29,34,5,29,34
26877711,,0,0.002915,90,0.000007,0,7,7,0,7,7
26848529,,0.001683,0.004377,89,0.00001,9,33,42,9,33,42
26843898,,0.000569,0.006759,89,0.00001,7,37,44,7,37,44
26828133,,0,0.01489,1,0.000007,0,3,3,0,3,3
26822887,,0.000205,0.010474,100,0.000009,4,61,65,4,61,65
26807247,,0.000337,0.004706,279,0.00002,5,17,22,5,17,22
26787654,,0,0.004555,140,0.000007,0,20,20,0,20,20
26778126,,0,0.00985,100,0.000007,0,28,28,0,28,28
26772405,,0,0.002649,89,0.000007,0,1,1,0,1,1
26770289,,0,0.006188,231,0.000007,0,11,11,0,11,11
26750754,,0,0.002649,89,0.000007,0,1,1,0,1,1
26733283,,0.000149,0.021152,1,0.000012,3,17,20,3,17,20
26715507,,0.00042,0.010614,279,0.00001,4,44,48,4,44,48
26694952,,0,0.00282,89,0.000007,0,6,6,0,6,6
26669862,,0,0.014293,69,0.000007,0,27,27,0,27,27
26645008,,0,0.002653,89,0.000007,0,2,2,0,2,2
26644450,,0.000155,0.003049,100,0.000016,5,7,12,5,7,12
26622902,,0,0.002649,89,0.000007,0,1,1,0,1,1
26608569,,0.000373,0.004692,140,0.000012,6,20,26,6,20,26
26580448,,0,0.003768,140,0.000007,0,13,13,0,13,13
26575173,,0.000034,0.005651,90,0.000008,1,15,16,1,15,16
26568913,,0.000692,0.020249,69,0.000012,4,26,30,4,26,30
26564481,,0.001245,0.016907,89,0.000014,16,64,80,16,64,80
26510816,,0.000493,0.017131,1,0.000014,3,23,26,3,23,26
26438025,,0.000048,0.003605,279,0.000014,3,10,13,3,10,13
26426992,,0.000897,0.008993,1,0.000007,1,17,18,1,17,18
26424751,,0,0.012515,1,0.000007,0,10,10,0,10,10
26406445,,0.000011,0.004705,5,0.000023,3,8,11,3,8,11
26395823,,0.000321,0.003378,100,0.00002,7,7,14,7,7,14
26355395,,0,0.004039,232,0.000007,0,5,5,0,5,5
26354718,,0.001122,0.036749,1,0.000023,6,10,16,6,10,16
26339436,,0,0.002649,89,0.000007,0,1,1,0,1,1
26328548,,0,0.003666,89,0.000007,0,3,3,0,3,3
26300845,,0,0.002649,89,0.000007,0,1,1,0,1,1
26269146,,0,0.002649,89,0.000007,0,1,1,0,1,1
26264682,,0,0.002692,89,0.000007,0,2,2,0,2,2
26261251,,0.006636,0.005723,1,0.000027,32,15,47,32,15,47
26246475,,0.000254,0.006072,140,0.000013,2,20,22,2,20,22
26236408,,0.002759,0.006626,205,0.000028,14,25,39,14,25,39
26183948,,0.000179,0.006479,89,0.000014,3,32,35,3,32,35
26157685,,0.000096,0.002935,89,0.000012,4,9,13,4,9,13
26147747,,0.000001,0.002667,279,0.000037,9,4,13,9,4,13
26082817,,0,0.005245,231,0.000007,0,11,11,0,11,11
26028963,,0.000041,0.014292,90,0.000011,3,33,36,3,33,36
26022109,,0,0.004905,100,0.000007,1,14,15,1,14,15
26010605,,0,0.011778,5,0.000007,0,24,24,0,24,24
25925750,,0.000001,0.005978,231,0.000018,3,15,18,3,15,18
25923920,,0.000338,0.00354,231,0.000007,1,6,7,1,6,7
25885115,,0,0.002712,89,0.00001,1,7,8,1,7,8
25880076,,0.000302,0.006394,279,0.000017,4,16,20,4,16,20
25879655,,0,0.007359,100,0.000007,0,34,34,0,34,34
25868867,,0.000393,0.005298,5,0.000019,18,18,36,18,18,36
25852742,,0,0.049738,1,0.000007,0,38,38,0,38,38
25848941,,0.000165,0.005615,89,0.000049,11,13,24,11,13,24
25836596,,0.000501,0.006061,100,0.000023,12,18,30,12,18,30
25833843,,0.014362,0.04673,100,0.000233,123,80,203,123,80,203
25826455,,0,0.002649,89,0.000007,0,2,2,0,2,2
25823446,,0.001256,0.004636,140,0.000206,48,13,61,48,13,61
25802882,,0.001331,0.015352,205,0.000044,19,24,43,19,24,43
25800897,,0.00005,0.006739,279,0.000007,1,22,23,1,22,23
25797244,,0.000143,0.003543,241,0.000069,14,8,22,14,8,22
25789047,,0.000264,0.009539,279,0.000016,5,23,28,5,23,28
25724305,,0,0.008081,140,0.000007,0,24,24,0,24,24
25701377,,0,0.007637,100,0.000007,0,25,25,0,25,25
25685382,,0,0.002649,89,0.000007,0,1,1,0,1,1
25683334,,0.000124,0.003614,140,0.00002,4,19,23,4,19,23
25646469,,0.000688,0.00638,100,0.000007,1,18,19,1,18,19
25643705,,0.001569,0.006614,140,0.000014,9,40,49,9,40,49
25624909,,0.000034,0.004543,89,0.00001,2,18,20,2,18,20
25605252,,0,0.003902,89,0.000007,0,6,6,0,6,6
25594072,,0.000011,0.005331,90,0.000014,2,27,29,2,27,29
25593598,,0,0.004751,140,0.000007,0,16,16,0,16,16
25569233,,0,0.00423,89,0.000007,0,3,3,0,3,3
25568166,,0,0.003403,89,0.000007,0,2,2,0,2,2
25522274,,0.000367,0.019115,100,0.000028,6,24,30,6,24,30
25483746,,0,0.004115,89,0.000025,3,12,15,3,12,15
25425662,,0,0.00298,89,0.000007,0,3,3,0,3,3
25382762,,0,0.004096,140,0.000007,0,18,18,0,18,18
25371887,,0,0.003762,1,0.000025,3,7,10,3,7,10
25371446,,0.00083,0.00818,89,0.000009,8,42,50,8,42,50
25368520,,0,0.003559,100,0.000007,0,6,6,0,6,6
25366075,,0,0.005459,5,0.000007,0,7,7,0,7,7
25364741,,0,0.003707,90,0.000007,0,15,15,0,15,15
25362854,,0,0.004449,100,0.000007,0,13,13,0,13,13
25337581,,0.000897,0.015956,1,0.000009,2,17,19,2,17,19
25337559,,0,0.017915,1,0.000007,0,23,23,0,23,23
25337278,,0,0.004113,89,0.000007,0,17,17,0,17,17
25309843,,0,0.015424,231,0.000007,0,16,16,0,16,16
25264941,,0.000142,0.007643,90,0.000008,2,20,22,2,20,22
25253900,,0,0.006839,231,0.000007,0,21,21,0,21,21
25224030,,0.005581,0.008097,205,0.000049,41,15,56,41,15,56
25214894,,0,0.003428,231,0.000007,0,4,4,0,4,4
25196046,,0,0.006925,89,0.000007,0,13,13,0,13,13
25184681,,0.001875,0.007853,100,0.000057,23,18,41,23,18,41
25136594,,0.000605,0.007053,89,0.000015,5,13,18,5,13,18
25120034,,0.000786,0.00476,5,0.000011,12,16,28,12,16,28
25114845,,0,0.008242,5,0.000007,0,15,15,0,15,15
25084155,,0,0.003419,35,0.000007,0,3,3,0,3,3
25056273,,0.000255,0.005587,100,0.000015,3,17,20,3,17,20
25051360,,0.000822,0.006365,35,0.000306,67,30,97,67,30,97
25010005,,0.000787,0.003859,137,0.000024,12,13,25,12,13,25
24998779,,0.002156,0.031299,100,0.000036,23,56,79,23,56,79
24951607,,0.000184,0.002888,5,0.000012,4,15,19,4,15,19
24950059,,0.000472,0.01259,100,0.000012,5,39,44,5,39,44
24944674,,0.00007,0.007701,1,0.000012,2,19,21,2,19,21
24922460,,0.000997,0.006962,5,0.000012,8,16,24,8,16,24
24910535,,0.00061,0.008799,90,0.000035,13,49,62,13,49,62
24833228,,0,0.004085,100,0.000007,0,9,9,0,9,9
24832651,,0.000243,0.021193,100,0.00001,5,57,62,5,57,62
24824314,,0.002147,0.007496,5,0.000056,32,65,97,32,65,97
24800215,,0,0.008144,205,0.000007,0,21,21,0,21,21
24796624,,0.00055,0.006088,140,0.000016,9,27,36,9,27,36
24792170,,0.003037,0.036003,1,0.000074,30,38,68,30,38,68
24771903,,0,0.005641,231,0.000007,0,22,22,0,22,22
24706727,,0,0.003703,5,0.000007,0,9,9,0,9,9
24686251,,0.000356,0.003626,89,0.000008,3,24,27,3,24,27
24678242,,0,0.006028,100,0.000007,0,18,18,0,18,18
24675890,,0,0.019453,1,0.000007,0,4,4,0,4,4
24639535,,0.00017,0.003951,100,0.00005,15,8,23,15,8,23
24637666,,0,0.002984,279,0.000007,0,3,3,0,3,3
24600246,,0,0.041781,1,0.000007,0,32,32,0,32,32
24565757,,0.000492,0.004463,100,0.000015,7,18,25,7,18,25
24556685,,0.000089,0.005438,35,0.000033,6,13,19,6,13,19
24549055,,0.003636,0.01293,205,0.0001,48,14,62,48,14,62
24521615,,0.000015,0.008305,100,0.000019,4,22,26,4,22,26
24504028,,0.007412,0.021605,1,0.000025,19,28,47,19,28,47
24495954,,0,0.019358,1,0.000007,0,10,10,0,10,10
24492479,,0,0.006143,100,0.000007,0,21,21,0,21,21
24455306,,0.000055,0.010791,5,0.000007,1,38,39,1,38,39
24414227,,0,0.004326,89,0.000007,0,6,6,0,6,6
24387338,,0,0.022805,100,0.000007,0,23,23,0,23,23
24348998,,0,0.00298,89,0.000007,0,2,2,0,2,2
24319668,,0.000067,0.009113,41,0.000067,10,18,28,10,18,28
24281179,,0.000326,0.01075,140,0.000012,6,43,49,6,43,49
24252133,,0,0.002649,89,0.000007,0,1,1,0,1,1
24225019,,0.020573,0.055546,1,0.000079,72,33,105,72,33,105
24213133,,0,0.002679,205,0.000007,0,2,2,0,2,2
24211364,,0,0.00302,89,0.000007,0,2,2,0,2,2
24198482,,0,0.003673,69,0.000007,0,4,4,0,4,4
24191908,,0.003101,0.023302,1,0.000021,15,26,41,15,26,41
24155760,,0.000886,0.005076,35,0.000019,5,12,17,5,12,17
24155753,,0.000215,0.006764,89,0.00002,4,22,26,4,22,26
24143190,,0,0.002881,231,0.000007,0,4,4,0,4,4
24136381,,0,0.002652,2,0.000007,0,2,2,0,2,2
24130866,,0,0.002653,89,0.000007,0,2,2,0,2,2
24116205,,0,0.003403,89,0.000007,0,2,2,0,2,2
24091897,,0,0.003391,89,0.000007,0,2,2,0,2,2
24086107,,0,0.002662,5,0.000007,0,2,2,0,2,2
24067368,,0.000493,0.00997,100,0.000027,11,20,31,11,20,31
24052750,,0.000133,0.004094,89,0.000008,2,11,13,2,11,13
24043945,,0,0.041114,1,0.000007,0,25,25,0,25,25
24039796,,0,0.008284,100,0.000007,0,17,17,0,17,17
24025454,,0,0.013833,231,0.000007,0,56,56,0,56,56
24019637,,0,0.005868,100,0.000007,0,12,12,0,12,12
24004841,,0.000091,0.009099,35,0.000013,4,9,13,4,9,13
23977314,,0,0.003817,100,0.000007,0,5,5,0,5,5
23970893,,0,0.003735,89,0.000007,0,3,3,0,3,3
23967248,,0.00022,0.003635,89,0.000036,10,12,22,10,12,22
23961350,,0.001836,0.005269,89,0.000014,18,40,58,18,40,58
23912341,,0,0.002894,231,0.000007,0,5,5,0,5,5
23907126,,0,0.003759,89,0.000007,0,4,4,0,4,4
23896398,,0,0.01012,100,0.000007,0,31,31,0,31,31
23863842,,0.000643,0.020434,35,0.000021,8,20,28,8,20,28
23841900,,0,0.002689,168,0.000007,0,3,3,0,3,3
23840520,,0,0.002658,35,0.000007,0,2,2,0,2,2
23813013,,0,0.002649,89,0.000007,0,1,1,0,1,1
23788797,,0,0.008057,89,0.000007,0,4,4,0,4,4
23785296,,0,0.003506,35,0.000007,0,6,6,0,6,6
23762064,,0,0.005506,279,0.000007,0,13,13,0,13,13
23757189,,0,0.003453,89,0.000007,0,3,3,0,3,3
23730208,,0.000073,0.024323,279,0.000047,11,13,24,11,13,24
23706118,,0,0.002651,168,0.000007,0,2,2,0,2,2
23704879,,0.000151,0.00644,140,0.000008,2,29,31,2,29,31
23683081,,0.000829,0.00659,89,0.000016,12,37,49,12,37,49
23680151,,0.014682,0.032088,100,0.000219,73,31,104,73,31,104
23675572,,0,0.021117,100,0.000007,0,27,27,0,27,27
23660942,,0,0.002649,89,0.000007,0,1,1,0,1,1
23624935,,0.001309,0.012678,35,0.000163,39,21,60,39,21,60
23613828,,0.000268,0.005571,140,0.000014,4,18,22,4,18,22
23586058,,0.001602,0.020284,231,0.000033,26,46,72,26,46,72
23569343,,0.000023,0.010038,176,0.000014,6,24,30,6,24,30
23552840,,0,0.011822,69,0.000007,0,12,12,0,12,12
23543913,,0,0.002649,89,0.000007,0,1,1,0,1,1
23519070,,0.000223,0.003604,89,0.000037,11,24,35,11,24,35
23508738,,0.000282,0.004246,279,0.000008,2,16,18,2,16,18
23497550,,0.000979,0.003822,24,0.000045,11,22,33,11,22,33
23468639,,0.005516,0.003524,100,0.00015,57,6,63,57,6,63
23462720,,0.00522,0.023241,1,0.00004,18,29,47,18,29,47
23438721,,0.001017,0.002739,5,0.000009,8,6,14,8,6,14
23409019,,0.002844,0.003603,231,0.000069,33,7,40,33,7,40
23354980,,0.000148,0.004311,89,0.000008,3,15,18,3,15,18
23354477,,0,0.005254,100,0.000007,0,13,13,0,13,13
23349963,,0,0.007819,89,0.000007,0,2,2,0,2,2
23344037,,0.001026,0.044135,1,0.000038,8,49,57,8,49,57
23319807,,0.000374,0.005038,100,0.000037,7,6,13,7,6,13
23300410,,0,0.002649,89,0.000007,0,1,1,0,1,1
23290425,,0,0.002649,89,0.000007,0,1,1,0,1,1
23289006,,0.000643,0.0086,89,0.000015,15,28,43,15,28,43
23288344,,0,0.002702,90,0.000007,0,2,2,0,2,2
23272245,,0,0.004289,231,0.000007,0,8,8,0,8,8
23239986,,0.000656,0.004122,140,0.000033,9,34,43,9,34,43
23226154,,0,0.005273,231,0.000007,0,5,5,0,5,5
23202946,,0.000272,0.003461,100,0.000013,2,6,8,2,6,8
23199085,,0,0.008874,5,0.000007,0,5,5,0,5,5
23199084,,0.003382,0.017169,89,0.000034,39,150,189,39,150,189
23131665,,0.000188,0.013052,100,0.000016,5,25,30,5,25,30
23108140,,0.000118,0.004815,232,0.00005,10,8,18,10,8,18
23107584,,0.000001,0.006124,231,0.000042,7,13,20,7,13,20
23099437,,0,0.004071,100,0.000007,0,4,4,0,4,4
23091540,,0.000759,0.00469,205,0.000011,5,16,21,5,16,21
23086937,,0.000721,0.008275,100,0.00005,12,20,32,12,20,32
23057551,,0.006525,0.063269,1,0.000026,18,82,100,18,82,100
23028338,,0,0.005641,5,0.000007,0,9,9,0,9,9
22987526,,0.00097,0.004563,5,0.000024,19,15,34,19,15,34
22936386,,0,0.015146,72,0.000007,0,30,30,0,30,30
22906755,,0.000857,0.018672,1,0.00001,4,19,23,4,19,23
22901997,,0,0.004291,24,0.000007,0,26,26,0,26,26
22872787,,0,0.002806,5,0.000007,0,5,5,0,5,5
22852056,,0,0.002735,231,0.000007,0,4,4,0,4,4
22848303,,0.00015,0.005888,89,0.000008,2,15,17,2,15,17
22848222,,0.000059,0.006748,5,0.000009,4,48,52,4,48,52
22836122,,0.00857,0.036277,100,0.000058,35,42,77,35,42,77
22833046,,0.000651,0.009315,100,0.000039,9,20,29,9,20,29
22790982,,0,0.002649,89,0.000007,0,1,1,0,1,1
22759861,,0,0.012277,89,0.000007,0,4,4,0,4,4
22753008,,0.003977,0.016803,140,0.000053,37,98,135,37,98,135
22739988,,0.000961,0.006449,90,0.00005,22,24,46,22,24,46
22737296,,0.006236,0.015457,100,0.000028,25,47,72,25,47,72
22713736,,0.000593,0.004276,89,0.000031,12,18,30,12,18,30
22706632,,0.000068,0.011591,100,0.00002,5,22,27,5,22,27
22693372,,0,0.008452,89,0.000007,0,18,18,0,18,18
22665067,,0.001242,0.008414,100,0.000016,9,14,23,9,14,23
22584059,,0,0.005662,100,0.000007,0,14,14,0,14,14
22576469,,0,0.008235,89,0.000007,0,8,8,0,8,8
22522501,,0.001516,0.037009,89,0.000044,16,45,61,16,45,61
22503699,,0.000157,0.003438,231,0.00002,4,13,17,4,13,17
22488590,,0.000225,0.009076,90,0.000042,10,16,26,10,16,26
22481874,,0.000005,0.004144,367,0.000016,3,4,7,3,4,7
22471249,,0,0.00298,89,0.000007,0,2,2,0,2,2
22431556,,0.000344,0.004812,90,0.000021,5,23,28,5,23,28
22423979,,0.000012,0.013147,1,0.000008,1,9,10,1,9,10
22359651,,0,0.00278,89,0.000007,0,2,2,0,2,2
22306997,,0.002784,0.030213,100,0.00002,10,49,59,10,49,59
22264315,,0,0.002667,89,0.000007,0,2,2,0,2,2
22253283,,0,0.002656,279,0.000007,0,2,2,0,2,2
22253144,,0.000889,0.015089,231,0.000026,12,24,36,12,24,36
22244659,,0,0.024993,5,0.000007,0,58,58,0,58,58
22218884,,0,0.004543,89,0.000007,0,6,6,0,6,6
22189465,,0,0.002919,205,0.000007,0,2,2,0,2,2
22186889,,0.000348,0.006053,184,0.000102,26,14,40,26,14,40
22171747,,0,0.003468,231,0.000007,0,9,9,0,9,9
22157285,,0,0.002956,41,0.000007,0,2,2,0,2,2
22121225,,0,0.002649,89,0.000007,0,1,1,0,1,1
22117567,,0,0.002676,89,0.000007,0,3,3,0,3,3
22109874,,0,0.004424,5,0.000007,0,19,19,0,19,19
22109790,,0,0.023959,5,0.000007,0,40,40,0,40,40
22090379,,0,0.010084,89,0.000007,0,2,2,0,2,2
22044206,,0,0.004964,100,0.000007,0,11,11,0,11,11
22034420,,0.000905,0.004823,100,0.000008,3,8,11,3,8,11
22016618,,0.000066,0.003615,66,0.000045,10,10,20,10,10,20
22009639,,0.00036,0.006826,35,0.000017,7,19,26,7,19,26
21989022,,0.000355,0.014298,89,0.000024,9,30,39,9,30,39
21987798,,0.009561,0.008806,41,0.000151,55,30,85,55,30,85
21963239,,0,0.006931,100,0.000007,0,14,14,0,14,14
21926112,,0,0.003403,89,0.000007,0,2,2,0,2,2
21870267,,0.00177,0.028523,1,0.000018,7,20,27,7,20,27
21854619,,0.001687,0.008308,100,0.000013,7,30,37,7,30,37
21821475,,0.049803,0.023008,1,0.00025,151,12,163,151,12,163
21810988,,0,0.003448,72,0.000007,0,4,4,0,4,4
21792894,,0.000681,0.009753,69,0.000018,7,23,30,7,23,30
21787120,,0,0.005602,100,0.000007,0,9,9,0,9,9
21779458,,0,0.002956,41,0.000007,0,2,2,0,2,2
21779444,,0,0.004913,100,0.000007,0,11,11,0,11,11
21765009,,0,0.00466,205,0.000007,0,7,7,0,7,7
21734457,,0,0.007104,100,0.000007,0,28,28,0,28,28
21725363,,0,0.005617,100,0.000007,0,20,20,0,20,20
21709021,,0,0.009241,100,0.000007,0,21,21,0,21,21
21693656,,0.000776,0.003666,100,0.000034,12,12,24,12,12,24
21666281,,0.004289,0.014345,100,0.000051,23,42,65,23,42,65
21637504,,0,0.006356,89,0.000007,0,20,20,0,20,20
21619629,,0,0.00298,89,0.000007,0,2,2,0,2,2
21603858,,0.00071,0.010099,89,0.000023,14,46,60,14,46,60
21593597,,0.003236,0.02261,1,0.000051,32,25,57,32,25,57
21576276,,0,0.002649,89,0.000007,0,1,1,0,1,1
21575279,,0,0.003575,5,0.000007,0,8,8,0,8,8
21447777,,0.003134,0.004589,140,0.000034,22,16,38,22,16,38
21425134,,0.000296,0.027301,35,0.00001,3,33,36,3,33,36
21356067,,0,0.004489,231,0.000007,0,17,17,0,17,17
21336636,,0.002965,0.041222,35,0.000046,28,134,162,28,134,162
21326949,,0,0.00694,100,0.000007,0,14,14,0,14,14
21278452,,0,0.005073,1,0.000007,0,18,18,0,18,18
21256203,,0.00003,0.003303,205,0.000011,1,12,13,1,12,13
21252820,,0,0.002649,89,0.000007,0,1,1,0,1,1
21247504,,0,0.002674,89,0.000007,0,2,2,0,2,2
21245169,,0.00011,0.005561,100,0.000106,17,15,32,17,15,32
21242970,,0.001622,0.004375,279,0.000051,18,10,28,18,10,28
21218378,,0,0.006117,140,0.000007,0,12,12,0,12,12
21203981,,0.002122,0.031743,100,0.000141,40,47,87,40,47,87
21161372,,0.000063,0.003218,231,0.000009,3,14,17,3,14,17
21149333,,0.000509,0.007337,35,0.000009,3,26,29,3,26,29
21051275,,0,0.003552,24,0.000007,0,7,7,0,7,7
20980555,,0,0.002649,89,0.000007,0,1,1,0,1,1
20978112,,0.001922,0.006372,231,0.000124,44,26,70,44,26,70
20961453,,0.002064,0.014426,5,0.000034,12,75,87,12,75,87
20956782,,0,0.00268,89,0.000007,0,2,2,0,2,2
20932271,,0,0.00449,231,0.000007,0,6,6,0,6,6
20877436,,0.000007,0.006453,279,0.000035,6,24,30,6,24,30
20847884,,0,0.004691,231,0.000007,0,3,3,0,3,3
20735817,,0.0022,0.00866,1,0.000036,12,15,27,12,15,27
20719876,,0.000392,0.010583,35,0.000205,43,30,73,43,30,73
20687957,,0.000168,0.006132,5,0.000008,4,29,33,4,29,33
20643938,,0,0.003393,90,0.000007,0,3,3,0,3,3
20631063,,0.01212,0.021245,1,0.000091,33,12,45,33,12,45
20614009,,0.000848,0.006623,100,0.000099,18,33,51,18,33,51
20581822,,0,0.00285,279,0.000007,0,4,4,0,4,4
20579331,,0.000535,0.007996,89,0.000009,6,41,47,6,41,47
20576130,,0.000003,0.005291,66,0.000046,8,11,19,8,11,19
20574808,,0,0.01221,89,0.000007,0,5,5,0,5,5
20567624,,0.00009,0.006602,5,0.00001,3,26,29,3,26,29
20543987,,0,0.004177,100,0.000007,0,5,5,0,5,5
20537966,,0.005253,0.038473,35,0.000213,77,50,127,77,50,127
20516115,,0.00959,0.010694,140,0.000082,49,38,87,49,38,87
20512659,,0,0.006395,100,0.000007,0,8,8,0,8,8
20510205,,0.001144,0.041502,1,0.000008,4,79,83,4,79,83
20460509,,0,0.004938,100,0.000007,0,6,6,0,6,6
20454511,,0.000171,0.002815,69,0.00005,10,4,14,10,4,14
20410767,,0.004141,0.008066,1,0.000033,28,21,49,28,21,49
20407467,,0,0.002649,89,0.000007,0,1,1,0,1,1
20393310,,0,0.004366,5,0.000007,0,19,19,0,19,19
20380699,,0.000532,0.003549,89,0.000009,4,17,21,4,17,21
20378548,,0,0.006424,140,0.000007,0,22,22,0,22,22
20368837,,0,0.009183,100,0.000007,0,23,23,0,23,23
20305393,,0.001247,0.008947,100,0.000074,16,24,40,16,24,40
20299255,,0,0.002649,89,0.000007,0,1,1,0,1,1
20233468,,0,0.004477,89,0.000007,0,13,13,0,13,13
20223016,,0,0.004363,5,0.000007,0,10,10,0,10,10
20222999,,0.000054,0.00416,279,0.00001,3,22,25,3,22,25
20219108,,0.002553,0.015158,1,0.000029,12,19,31,12,19,31
20151317,,0.0013,0.004543,5,0.000023,17,9,26,17,9,26
20107609,,0,0.005729,100,0.000007,0,10,10,0,10,10
20103632,,0.00077,0.008408,100,0.000053,10,20,30,10,20,30
20103620,,0.005903,0.005323,140,0.000074,46,19,65,46,19,65
20085797,,0.001656,0.014904,100,0.000037,13,42,55,13,42,55
20068145,,0.002609,0.006152,100,0.000116,20,30,50,20,30,50
20059340,,0,0.002649,89,0.000007,0,1,1,0,1,1
20051372,,0.001915,0.005178,69,0.00006,26,9,35,26,9,35
20038817,,0.000236,0.007481,100,0.000029,6,18,24,6,18,24
20031965,,0,0.002649,89,0.000007,0,1,1,0,1,1
20029420,,0.027834,0.019996,100,0.00046,192,64,256,192,64,256
20008842,,0,0.025137,1,0.000007,0,15,15,0,15,15
20007728,,0,0.007869,89,0.000007,0,4,4,0,4,4
19996295,,0.000647,0.006538,100,0.00002,6,21,27,6,21,27
19995430,,0.000806,0.005386,35,0.000173,36,14,50,36,14,50
19949876,,0.00012,0.009499,5,0.000007,1,24,25,1,24,25
19945543,,0,0.009008,100,0.000007,0,10,10,0,10,10
19918804,,0,0.011894,1,0.000007,0,5,5,0,5,5
19906782,,0,0.002656,231,0.000007,0,2,2,0,2,2
19904273,,0.001479,0.031525,100,0.000028,13,36,49,13,36,49
19797051,,0.001514,0.004198,184,0.000067,25,15,40,25,15,40
19768112,,0.000127,0.003405,2,0.000056,9,13,22,9,13,22
19737971,,0,0.003893,231,0.000007,0,9,9,0,9,9
19723349,,0,0.006705,89,0.000007,0,33,33,0,33,33
19721820,,0,0.003401,100,0.000007,0,11,11,0,11,11
19704708,,0,0.005532,100,0.000007,0,15,15,0,15,15
19690636,,0.00014,0.010753,1,0.000016,2,32,34,2,32,34
19683094,,0.000004,0.009602,5,0.000011,2,31,33,2,31,33
19619314,,0.000632,0.00469,89,0.000017,7,17,24,7,17,24
19594276,,0.001578,0.003339,5,0.000055,42,26,68,42,26,68
19584259,,0.018229,0.007655,100,0.000154,86,18,104,86,18,104
19536330,,0,0.005642,89,0.000007,0,20,20,0,20,20
19519295,,0.00265,0.009308,24,0.000014,6,35,41,6,35,41
19519208,,0,0.006643,231,0.000007,0,10,10,0,10,10
19509300,,0.000159,0.006025,100,0.00003,8,16,24,8,16,24
19443538,,0,0.006631,279,0.000007,0,6,6,0,6,6
19421141,,0,0.002649,89,0.000007,0,1,1,0,1,1
19364506,,0.003155,0.003487,100,0.000074,21,6,27,21,6,27
19362102,,0,0.002657,82,0.000007,0,2,2,0,2,2
19352458,,0.000321,0.009292,35,0.000021,5,18,23,5,18,23
19330030,,0,0.004042,100,0.000007,0,6,6,0,6,6
19322901,,0,0.002649,89,0.000007,0,1,1,0,1,1
19309274,,0,0.010966,5,0.000007,0,30,30,0,30,30
19241424,,0.006505,0.008405,5,0.000106,86,27,113,86,27,113
19223511,,0.001431,0.016472,90,0.000032,16,36,52,16,36,52
19223505,,0.001278,0.006485,89,0.000072,17,28,45,17,28,45
19219042,,0,0.003848,231,0.000007,0,5,5,0,5,5
19210016,,0,0.003287,5,0.000007,0,16,16,0,16,16
19204992,,0,0.004309,5,0.000007,0,4,4,0,4,4
19128425,,0,0.006995,89,0.000007,0,10,10,0,10,10
19119312,,0.00101,0.011405,90,0.000018,10,41,51,10,41,51
19007437,,0,0.008139,100,0.000007,0,23,23,0,23,23
19001859,,0.000216,0.008484,100,0.000047,14,15,29,14,15,29
18992329,,0,0.002732,140,0.000007,0,3,3,0,3,3
18992264,,0.00171,0.009104,140,0.000023,9,34,43,9,34,43
18987750,,0,0.003827,5,0.000007,0,3,3,0,3,3
18979190,,0.000534,0.00539,5,0.000031,14,17,31,14,17,31
18936166,,0.002959,0.014195,100,0.000061,30,37,67,30,37,67
18927495,,0.000612,0.004694,100,0.000019,9,21,30,9,21,30
18925859,,0.000921,0.011752,87,0.000198,46,30,76,46,30,76
18816319,,0.000013,0.005348,5,0.000019,7,12,19,7,12,19
18809838,,0,0.00298,89,0.000007,0,2,2,0,2,2
18759965,,0.000251,0.003732,89,0.00001,4,18,22,4,18,22
18711218,,0,0.00438,5,0.000007,0,5,5,0,5,5
18703817,,0.001908,0.010082,89,0.000034,24,44,68,24,44,68
18632607,,0,0.002914,89,0.000007,0,2,2,0,2,2
18535005,,0,0.002649,89,0.000007,0,1,1,0,1,1
18521744,,0.00158,0.004788,279,0.000091,29,20,49,29,20,49
18513387,,0.004666,0.008989,5,0.000088,48,19,67,48,19,67
18483281,,0,0.002649,89,0.000007,0,1,1,0,1,1
18463613,,0,0.002978,89,0.000007,0,5,5,0,5,5
18461147,,0.00058,0.005908,35,0.000084,22,13,35,22,13,35
18431501,,0.001481,0.006513,89,0.000018,16,20,36,16,20,36
18418466,,0.000204,0.005502,140,0.000028,6,17,23,6,17,23
18405391,,0.002638,0.00853,35,0.00002,9,23,32,9,23,32
18385729,,0,0.012217,89,0.000007,0,3,3,0,3,3
18385162,,0.000218,0.004599,5,0.000032,14,22,36,14,22,36
18369654,,0.003922,0.025405,100,0.000049,23,54,77,23,54,77
18349277,,0.002922,0.005381,5,0.000064,35,19,54,35,19,54
18274079,,0,0.010605,5,0.000007,0,23,23,0,23,23
18268124,,0,0.007048,5,0.000007,0,8,8,0,8,8
18257128,,0.000132,0.007428,5,0.000015,4,26,30,4,26,30
18241344,,0,0.007319,89,0.000007,0,14,14,0,14,14
18230020,,0.000002,0.005361,5,0.000014,2,12,14,2,12,14
18208621,,0.019578,0.024237,1,0.000149,69,34,103,69,34,103
18186929,,0,0.01246,89,0.000007,0,5,5,0,5,5
18179693,,0.003929,0.022201,100,0.000053,30,48,78,30,48,78
18091988,,0,0.003101,89,0.000007,0,2,2,0,2,2
17972177,,0.000487,0.004494,89,0.000008,5,18,23,5,18,23
17916904,,0,0.002791,90,0.000007,0,6,6,0,6,6
17888188,,0.002706,0.007938,5,0.000046,19,26,45,19,26,45
17709396,,0.00003,0.005369,35,0.000174,49,9,58,49,9,58
17683639,,0,0.002983,231,0.000007,0,3,3,0,3,3
17663789,,0.00079,0.00611,279,0.000017,6,21,27,6,21,27
17653086,,0,0.00452,90,0.000007,0,13,13,0,13,13
17597882,,0,0.004523,5,0.000007,0,3,3,0,3,3
17570480,,0,0.003037,2,0.000007,0,3,3,0,3,3
17562578,,0,0.002649,89,0.000007,0,1,1,0,1,1
17529967,,0,0.005856,35,0.000007,0,8,8,0,8,8
17505536,,0.00047,0.00745,100,0.000036,5,22,27,5,22,27
17420471,,0.00272,0.009845,100,0.000035,17,23,40,17,23,40
17377838,,0,0.008098,1,0.000007,0,6,6,0,6,6
17333336,,0.001138,0.005556,100,0.000024,7,11,18,7,11,18
17311832,,0,0.003017,89,0.000007,0,3,3,0,3,3
17161371,,0.000296,0.005618,100,0.000017,3,18,21,3,18,21
17081667,,0.000033,0.002992,5,0.00001,4,11,15,4,11,15
17018160,,0.001359,0.011095,89,0.000035,19,41,60,19,41,60
16978908,,0.001775,0.016438,140,0.000063,19,60,79,19,60,79
16948859,,0,0.003593,89,0.000019,2,7,9,2,7,9
16943438,,0,0.006153,100,0.000007,0,21,21,0,21,21
16935882,,0,0.003422,72,0.000007,0,7,7,0,7,7
16916448,,0.000698,0.004324,5,0.000024,12,17,29,12,17,29
16914727,,0.000018,0.004221,100,0.00008,14,11,25,14,11,25
16906222,,0.002911,0.01765,100,0.000041,15,27,42,15,27,42
16905680,,0.002052,0.008253,89,0.000026,19,32,51,19,32,51
16764716,,0.00053,0.006502,89,0.000009,6,23,29,6,23,29
16762045,,0,0.003142,5,0.000007,0,4,4,0,4,4
16741564,,0.001232,0.007443,90,0.000067,11,26,37,11,26,37
16685651,,0,0.00313,89,0.000007,0,3,3,0,3,3
16672066,,0.000173,0.003016,231,0.000155,36,6,42,36,6,42
16602826,,0,0.003412,89,0.000007,0,5,5,0,5,5
16595073,,0.000053,0.00311,231,0.00004,6,8,14,6,8,14
16536962,,0,0.004547,5,0.000007,0,3,3,0,3,3
16536867,,0,0.003695,89,0.000007,0,4,4,0,4,4
16523520,,0.000391,0.005103,5,0.000022,12,29,41,12,29,41
16522651,,0.013927,0.02223,100,0.000459,139,55,194,139,55,194
16507150,,0.003473,0.004867,231,0.000077,48,17,65,48,17,65
16460311,,0.000784,0.008087,100,0.000042,6,18,24,6,18,24
16410823,,0,0.003283,100,0.000007,0,11,11,0,11,11
16299390,,0,0.003213,100,0.000007,0,3,3,0,3,3
16229810,,0.001714,0.007006,279,0.000055,27,22,49,27,22,49
16229746,,0.001819,0.00628,1,0.000026,6,24,30,6,24,30
16203980,,0,0.002649,89,0.000007,0,1,1,0,1,1
16109739,,0.003148,0.009092,90,0.000107,35,36,71,35,36,71
15967981,,0.006005,0.00596,100,0.000264,43,19,62,43,19,62
15858120,,0.000086,0.004469,89,0.00001,2,20,22,2,20,22
15705661,,0,0.002692,90,0.000007,0,2,2,0,2,2
15689452,,0.004886,0.009002,140,0.000104,35,41,76,35,41,76
15684076,,0,0.004853,89,0.000007,0,5,5,0,5,5
15632077,,0,0.004185,100,0.000007,0,5,5,0,5,5
15574597,,0,0.003274,100,0.000007,0,3,3,0,3,3
15485917,,0.002824,0.007437,100,0.000035,16,27,43,16,27,43
15318925,,0,0.007777,100,0.000007,0,17,17,0,17,17
15287965,,0,0.017227,1,0.000007,0,22,22,0,22,22
15280342,,0.000729,0.003296,5,0.000154,65,9,74,65,9,74
15242590,,0,0.006172,100,0.000007,0,15,15,0,15,15
15199145,,0.002272,0.006465,90,0.000165,36,19,55,36,19,55
15061738,,0,0.002875,5,0.000007,0,4,4,0,4,4
14613551,,0.000365,0.011243,279,0.00006,9,38,47,9,38,47
14580253,,0.001286,0.008373,89,0.000018,14,25,39,14,25,39
14525934,,0,0.003809,89,0.000007,0,2,2,0,2,2
12890739,,0.004078,0.013443,100,0.000086,39,60,99,39,60,99
12843322,,0.000573,0.005681,5,0.000011,5,17,22,5,17,22
12832489,,0,0.011307,100,0.000007,0,33,33,0,33,33
12748281,,0.000928,0.007281,279,0.000104,22,25,47,22,25,47
12698198,,0.021267,0.007974,1,0.000279,86,20,106,86,20,106
12672886,,0.00054,0.004802,5,0.000073,29,8,37,29,8,37
12640109,,0.003664,0.006834,279,0.000142,33,28,61,33,28,61
12588969,,0,0.004777,100,0.000007,0,5,5,0,5,5
12582233,,0.001271,0.0108,100,0.000115,29,38,67,29,38,67
12559046,,0.004445,0.008803,279,0.000117,38,55,93,38,55,93
12533788,,0,0.004059,231,0.000007,0,6,6,0,6,6
12533509,,0,0.007026,100,0.000007,0,16,16,0,16,16
12509456,,0.000459,0.00812,100,0.000114,6,29,35,6,29,35
12485996,,0.007214,0.0078,100,0.000265,76,17,93,76,17,93
12471197,,0,0.007904,5,0.000007,0,28,28,0,28,28
12354934,,0.00051,0.005886,35,0.000012,3,19,22,3,19,22
12114473,,0,0.003222,89,0.000007,0,8,8,0,8,8
12032322,,0.004521,0.008819,279,0.000201,59,23,82,59,23,82
11950848,,0.000671,0.003788,89,0.000078,26,27,53,26,27,53
11904382,,0,0.005468,100,0.000007,0,9,9,0,9,9
11857010,,0,0.003288,89,0.000007,0,5,5,0,5,5
11673116,,0,0.002861,181,0.000007,0,6,6,0,6,6
11593018,,0,0.009584,100,0.000007,0,18,18,0,18,18
11592035,,0,0.002649,89,0.000007,0,1,1,0,1,1
11556835,,0,0.003624,89,0.000007,0,9,9,0,9,9
11461078,,0.00245,0.003421,231,0.000032,21,8,29,21,8,29
11438460,,0,0.003989,89,0.000007,0,7,7,0,7,7
11376148,,0,0.002649,89,0.000007,0,1,1,0,1,1
11353843,,0.006669,0.009344,100,0.000227,61,23,84,61,23,84
11325776,,0,0.002682,89,0.000007,0,2,2,0,2,2
11320250,,0.016074,0.007285,100,0.000284,102,17,119,102,17,119
11250683,,0.000523,0.006315,89,0.00001,2,17,19,2,17,19
11250682,,0.000354,0.008699,100,0.000027,4,34,38,4,34,38
11250680,,0.001865,0.003477,35,0.000032,17,7,24,17,7,24
11158174,,0.000864,0.002947,89,0.000011,8,7,15,8,7,15
11157798,,0,0.007899,100,0.000007,0,22,22,0,22,22
11136250,,0.006453,0.006082,279,0.00022,55,25,80,55,25,80
11100717,,0.024373,0.008939,100,0.000524,155,19,174,155,19,174
11067781,,0,0.003403,89,0.000007,0,2,2,0,2,2
11027344,,0,0.00351,89,0.000007,0,4,4,0,4,4
11016951,,0.002062,0.006494,90,0.000143,34,12,46,34,12,46
10984545,,0,0.002649,89,0.000007,0,1,1,0,1,1
10952777,,0.000606,0.005627,89,0.000028,7,17,24,7,17,24
10952774,,0.000776,0.005058,89,0.000011,6,19,25,6,19,25
10889864,,0.000096,0.005075,89,0.000015,5,16,21,5,16,21
10888670,,0,0.002649,89,0.000007,0,1,1,0,1,1
10811118,,0.002426,0.00747,140,0.000047,22,21,43,22,21,43
10800284,,0.000167,0.004999,89,0.000011,4,21,25,4,21,25
10799446,,0,0.003407,35,0.000007,0,3,3,0,3,3
10792030,,0.003561,0.005716,66,0.000175,43,14,57,43,14,57
10783165,,0.02303,0.00892,100,0.001321,309,15,324,309,15,324
10767783,,0.000151,0.005091,89,0.000008,1,20,21,1,20,21
10755399,,0.000678,0.004506,89,0.000025,11,17,28,11,17,28
10724455,,0,0.006372,89,0.000007,0,11,11,0,11,11
10712208,,0,0.002984,89,0.000007,0,3,3,0,3,3
10712197,,0,0.002649,89,0.000007,0,1,1,0,1,1
10699056,,0,0.00357,89,0.000007,0,6,6,0,6,6
10699055,,0,0.00364,89,0.000007,0,4,4,0,4,4
10682665,,0,0.00506,89,0.000007,0,15,15,0,15,15
10682662,,0.001556,0.003526,89,0.000014,13,14,27,13,14,27
10662810,,0,0.00274,5,0.000007,0,3,3,0,3,3
10655892,,0,0.003405,89,0.000007,0,3,3,0,3,3
10639883,,0,0.002767,89,0.000007,0,2,2,0,2,2
10593998,,0.000493,0.003319,5,0.000021,12,7,19,12,7,19
10584867,,0,0.007237,100,0.000007,0,22,22,0,22,22
10580003,,0,0.002649,89,0.000007,0,1,1,0,1,1
10560359,,0.001866,0.003899,1,0.00001,6,8,14,6,8,14
10518570,,0,0.002649,89,0.000007,0,1,1,0,1,1
10500182,,0,0.002764,367,0.000007,0,3,3,0,3,3
10478325,,0,0.002716,89,0.000007,0,4,4,0,4,4
10473643,,0,0.002649,89,0.000007,0,1,1,0,1,1
10441594,,0,0.002688,5,0.000007,0,4,4,0,4,4
10435166,,0,0.002649,89,0.000007,0,1,1,0,1,1
10408855,,0,0.002649,89,0.000007,0,1,1,0,1,1
10408690,,0.001767,0.004953,89,0.000055,20,14,34,20,14,34
10229703,,0,0.003592,100,0.000007,0,5,5,0,5,5
10227398,,0.000798,0.005513,89,0.000012,7,17,24,7,17,24
10220405,,0.007685,0.008754,100,0.00029,69,22,91,69,22,91
10205276,,0,0.004916,89,0.000007,0,27,27,0,27,27
10205260,,0,0.002649,89,0.000007,0,1,1,0,1,1
10188893,,0.000365,0.004488,89,0.000013,5,10,15,5,10,15
10090881,,0.002463,0.00485,89,0.000057,35,20,55,35,20,55
10070883,,0,0.002649,89,0.000007,0,1,1,0,1,1
10070866,,0.000028,0.004813,89,0.000009,2,18,20,2,18,20
10070865,,0,0.002888,89,0.000007,0,6,6,0,6,6
10022981,,0,0.002656,181,0.000007,0,2,2,0,2,2
9888479,,0,0.002869,89,0.000007,0,5,5,0,5,5
9874798,,0,0.002649,89,0.000007,0,1,1,0,1,1
9874674,,0,0.002649,89,0.000007,0,1,1,0,1,1
9832560,,0,0.006343,100,0.000007,0,17,17,0,17,17
9832031,,0.000066,0.003403,89,0.000136,28,2,30,28,2,30
9822391,,0,0.003924,89,0.000007,0,5,5,0,5,5
9811893,,0,0.007696,89,0.000007,0,21,21,0,21,21
9755168,,0,0.004218,100,0.000007,0,5,5,0,5,5
9742920,,0.000097,0.00517,89,0.000007,1,14,15,1,14,15
9742105,,0,0.002649,89,0.000007,0,1,1,0,1,1
9733033,,0,0.004692,89,0.000007,0,11,11,0,11,11
9733032,,0,0.002689,89,0.000007,0,3,3,0,3,3
9733031,,0,0.003403,89,0.000007,0,2,2,0,2,2
9729531,,0,0.003446,89,0.000007,0,4,4,0,4,4
9652774,,0.000108,0.002949,89,0.000007,1,5,6,1,5,6
9585613,,0.002568,0.005111,89,0.000051,34,16,50,34,16,50
9579822,,0,0.004885,89,0.000007,0,6,6,0,6,6
9518921,,0,0.002649,89,0.000007,0,1,1,0,1,1
9507390,,0.00044,0.005506,89,0.000016,5,19,24,5,19,24
9475087,,0.000304,0.005454,89,0.000011,4,12,16,4,12,16
9473729,,0,0.002649,89,0.000007,0,1,1,0,1,1
9443863,,0.010939,0.005559,5,0.00031,152,13,165,152,13,165
9400938,,0,0.00501,89,0.000007,0,16,16,0,16,16
9345101,,0.000407,0.003102,89,0.000095,25,3,28,25,3,28
9326340,,0,0.004108,100,0.000007,0,5,5,0,5,5
9326334,,0,0.004393,89,0.000007,0,11,11,0,11,11
9304670,,0,0.00271,89,0.000007,0,2,2,0,2,2
9278502,,0,0.002649,89,0.000007,0,1,1,0,1,1
9255581,,0,0.002809,89,0.000007,0,3,3,0,3,3
9255577,,0.000046,0.003679,89,0.000052,9,8,17,9,8,17
9255576,,0,0.002758,89,0.000007,0,3,3,0,3,3
9254694,,0,0.003192,89,0.000007,0,2,2,0,2,2
9192668,,0,0.00411,100,0.000007,0,4,4,0,4,4
9167997,,0.000012,0.002649,231,0.000028,6,1,7,6,1,7
9159158,,0.00287,0.006567,140,0.000062,27,17,44,27,17,44
9159119,,0.012657,0.005045,100,0.000362,94,7,101,94,7,101
9153313,,0,0.003481,89,0.000007,0,3,3,0,3,3
9152835,,0,0.004796,89,0.000007,0,9,9,0,9,9
9150170,,0,0.003735,89,0.000007,0,3,3,0,3,3
9150156,,0.000564,0.007071,89,0.000025,7,27,34,7,27,34
9122215,,0,0.002796,89,0.000007,0,3,3,0,3,3
9099970,,0,0.00266,89,0.000007,0,3,3,0,3,3
9043036,,0,0.002649,89,0.000007,0,1,1,0,1,1
9023363,,0,0.003685,89,0.000007,0,3,3,0,3,3
9004126,,0,0.003403,89,0.000007,0,2,2,0,2,2
9003127,,0,0.003908,89,0.000007,0,4,4,0,4,4
8986806,,0,0.002649,89,0.000007,0,1,1,0,1,1
8917547,,0.005817,0.004263,100,0.000216,44,7,51,44,7,51
8899375,,0,0.002649,89,0.000007,0,1,1,0,1,1
8880571,,0,0.004142,89,0.000007,0,10,10,0,10,10
8869354,,0,0.002649,89,0.000007,0,1,1,0,1,1
8863152,,0.000302,0.004756,89,0.000009,3,11,14,3,11,14
8846787,,0,0.002662,89,0.000007,0,2,2,0,2,2
8827714,,0,0.002649,89,0.000007,0,1,1,0,1,1
8825930,,0,0.003684,89,0.000007,0,5,5,0,5,5
8820588,,0,0.002659,35,0.000007,0,2,2,0,2,2
8755943,,0.001528,0.003009,89,0.000021,10,3,13,10,3,13
8755940,,0,0.003634,89,0.000007,0,3,3,0,3,3
8741802,,0.000115,0.002649,89,0.000039,7,1,8,7,1,8
8741798,,0,0.003391,89,0.000007,0,2,2,0,2,2
8728689,,0,0.004146,89,0.000007,0,3,3,0,3,3
8644752,,0.000095,0.004824,89,0.000017,5,11,16,5,11,16
8644738,,0,0.004508,89,0.000007,0,5,5,0,5,5
8644702,,0.003315,0.00569,89,0.000085,28,16,44,28,16,44
8643677,,0,0.002662,89,0.000007,0,2,2,0,2,2
8604357,,0,0.003986,89,0.000007,0,6,6,0,6,6
8592328,,0,0.004002,89,0.000007,0,4,4,0,4,4
8571953,,0.004313,0.00418,89,0.000161,59,10,69,59,10,69
8570617,,0,0.003965,89,0.000007,0,5,5,0,5,5
8548703,,0.000098,0.005695,89,0.000011,2,11,13,2,11,13
8533776,,0.006409,0.004143,89,0.000265,82,5,87,82,5,87
8521818,,0,0.003391,89,0.000007,0,2,2,0,2,2
7977337,,0,0.003437,89,0.000007,0,3,3,0,3,3
7887432,,0,0.003391,89,0.000007,0,2,2,0,2,2
7785261,,0,0.002649,89,0.000007,0,1,1,0,1,1
7783161,,0,0.003403,89,0.000007,0,2,2,0,2,2
7762713,,0,0.002682,89,0.000007,0,2,2,0,2,2
7753812,,0.000287,0.002674,89,0.000011,3,3,6,3,3,6
7734326,,0,0.003405,89,0.000007,0,4,4,0,4,4
7729428,,0,0.003391,89,0.000007,0,2,2,0,2,2
7717391,,0,0.003232,89,0.000007,0,2,2,0,2,2
7661224,,0,0.003422,89,0.000007,0,3,3,0,3,3
7639698,,0,0.002781,89,0.000007,0,2,2,0,2,2
7625512,,0.001148,0.003938,89,0.000031,21,6,27,21,6,27
7611288,,0,0.002905,89,0.000007,0,3,3,0,3,3
7604000,,0,0.00346,89,0.000007,0,6,6,0,6,6
7573057,,0,0.003631,89,0.000007,0,5,5,0,5,5
7561701,,0,0.002649,89,0.000007,0,1,1,0,1,1
12052256,,0,0.000258,231,0.000007,0,3,3,0,3,3
7546835,,0.000341,0,89,0.000018,6,0,6,6,0,6
10807692,,0,0.001033,89,0.000007,0,7,7,0,7,7
9150155,,0,0.001697,89,0.000007,0,7,7,0,7,7
7547224,,0.001691,0.00143,89,0.00007,27,9,36,27,9,36
28123304,,0,0.00068,66,0.000007,0,7,7,0,7,7
28078281,,0,0.004137,205,0.000007,0,17,17,0,17,17
27513691,,0.000168,0.000833,184,0.000009,3,7,10,3,7,10
27402168,,0,0.001534,5,0.000007,0,30,30,0,30,30
25847940,,0,0.001599,5,0.000007,0,27,27,0,27,27
23554638,,0,0.001962,1,0.000007,0,7,7,0,7,7
20223009,,0,0.004168,89,0.000007,0,12,12,0,12,12
19134174,,0,0.000032,89,0.000007,0,1,1,0,1,1
18418465,,0.000312,0.00357,89,0.000013,3,13,16,3,13,16
15209204,,0,0.000032,89,0.000007,0,1,1,0,1,1
12381271,,0,0.000497,89,0.000007,0,5,5,0,5,5
12045150,,0,0.000367,89,0.000007,0,7,7,0,7,7
11314429,,0.000125,0.001264,89,0.000033,12,5,17,12,5,17
10471049,,0,0.001127,89,0.000007,0,5,5,0,5,5
9712591,,0,0.000063,231,0.000007,0,2,2,0,2,2
9585599,,0.000477,0.000072,140,0.000047,13,3,16,13,3,16
22315472,,0,0,35,0.000007,0,1,1,0,1,1
7547634,,0,0,35,0.000058,9,0,9,9,0,9
12782760,,0,0,35,0.000007,0,1,1,0,1,1
10605402,,0,0,35,0.000007,0,1,1,0,1,1
10413405,,0,0,35,0.000007,0,1,1,0,1,1
10408866,,0,0,35,0.000007,0,1,1,0,1,1
10393852,,0,0.000005,35,0.000007,0,2,2,0,2,2
9536959,,0,0,35,0.000007,0,1,1,0,1,1
9413943,,0,0,35,0.000007,0,1,1,0,1,1
9400942,,0,0,35,0.000007,0,1,1,0,1,1
15931281,,0,0.000007,82,0.000007,0,2,2,0,2,2
7547636,,0.000041,0,82,0.000014,3,0,3,3,0,3
9060822,,0,0.000012,82,0.000007,0,3,3,0,3,3
29884136,,0,0.001771,89,0.000007,0,35,35,0,35,35
7550349,,0.01208,0,89,0.000218,105,0,105,105,0,105
29263802,,0,0.002177,89,0.000007,0,22,22,0,22,22
28938088,,0,0.017867,1,0.000007,0,39,39,0,39,39
28918466,,0.000126,0.009249,89,0.000007,1,96,97,1,96,97
28767289,,0.000877,0.003721,205,0.000026,17,25,42,17,25,42
28257597,,0,0.002052,1,0.000007,0,9,9,0,9,9
27899195,,0,0.004924,5,0.000007,0,24,24,0,24,24
27865274,,0,0.001011,205,0.000007,0,8,8,0,8,8
27749552,,0.000263,0.007377,1,0.000009,6,22,28,6,22,28
27454289,,0.002807,0.027256,1,0.000013,13,37,50,13,37,50
27454287,,0.004902,0.044106,1,0.000018,19,48,67,19,48,67
27127408,,0,0.000412,89,0.000007,0,5,5,0,5,5
25814778,,0.000036,0.003335,89,0.000009,3,40,43,3,40,43
24493721,,0,0.000783,5,0.000007,0,8,8,0,8,8
23788959,,0.000078,0.005748,89,0.000007,1,25,26,1,25,26
23776375,,0,0.007715,100,0.000007,0,66,66,0,66,66
23135763,,0,0.000917,205,0.000007,0,6,6,0,6,6
22567117,,0,0.00041,89,0.000007,0,3,3,0,3,3
22341255,,0,0.001443,205,0.000007,0,9,9,0,9,9
21179557,,0,0.00023,89,0.000007,0,1,1,0,1,1
21119707,,0.002662,0.001866,89,0.000016,26,27,53,26,27,53
20727885,,0,0.001459,205,0.000007,0,7,7,0,7,7
20629078,,0,0.000957,89,0.000007,0,4,4,0,4,4
19779840,,0,0.000472,89,0.000007,0,3,3,0,3,3
19725992,,0,0.000635,89,0.000007,0,4,4,0,4,4
19226467,,0.000001,0.000491,89,0.00001,2,7,9,2,7,9
19214961,,0.000788,0.003368,5,0.000048,25,35,60,25,35,60
19064968,,0.007432,0.013197,205,0.000099,45,20,65,45,20,65
18779604,,0.001177,0.007323,89,0.000019,18,49,67,18,49,67
18720553,,0.001783,0.012463,1,0.000027,10,7,17,10,7,17
18413725,,0.062068,0.004958,1,0.000215,124,14,138,124,14,138
18298804,,0.001183,0.001378,89,0.000086,20,11,31,20,11,31
18030340,,0.00021,0.003681,89,0.000056,16,8,24,16,8,24
17916242,,0.000085,0.003396,89,0.00001,4,12,16,4,12,16
16417652,,0.002315,0.009559,89,0.000032,23,33,56,23,33,56
15623855,,0,0.00023,89,0.000007,0,1,1,0,1,1
15138471,,0,0.003693,89,0.000007,0,23,23,0,23,23
15003975,,0,0.00023,89,0.000007,0,1,1,0,1,1
14769943,,0,0.000621,89,0.000007,0,4,4,0,4,4
14680495,,0.01043,0.005323,5,0.000071,56,31,87,56,31,87
12911837,,0.000237,0.002782,89,0.000013,4,15,19,4,15,19
12690580,,0,0.00023,89,0.000007,0,1,1,0,1,1
12145743,,0,0.000252,89,0.000007,0,2,2,0,2,2
12140314,,0,0.001342,89,0.000007,0,8,8,0,8,8
11434878,,0.000018,0.00051,89,0.000007,1,11,12,1,11,12
10699057,,0,0.001384,89,0.000007,0,12,12,0,12,12
10682686,,0.000956,0.003668,89,0.00001,4,21,25,4,21,25
10098775,,0.000823,0.000622,89,0.000015,9,4,13,9,4,13
9634504,,0.002096,0.004686,89,0.000054,31,22,53,31,22,53
9380706,,0,0.000603,89,0.000007,0,4,4,0,4,4
29843638,,0,0.00034,90,0.000007,0,3,3,0,3,3
7553629,,0.003308,0,100,0.000126,33,0,33,33,0,33
27420286,,0.000033,0.001998,279,0.000013,2,29,31,2,29,31
25548681,,0,0.003405,100,0.000007,0,15,15,0,15,15
25022987,,0,0.00019,279,0.000007,0,7,7,0,7,7
24222661,,0,0.025496,1,0.000007,0,14,14,0,14,14
20631324,,0.000677,0.00082,279,0.000072,23,13,36,23,13,36
19865540,,0.000171,0.002169,100,0.000007,1,14,15,1,14,15
18673534,,0.000727,0.000286,140,0.00011,21,5,26,21,5,26
18377656,,0.000597,0.001726,279,0.000027,10,13,23,10,13,23
18375767,,0.001119,0.00109,279,0.000335,63,14,77,63,14,77
17275994,,0,0.001254,100,0.000007,0,13,13,0,13,13
12838319,,0.000434,0.001081,279,0.000047,9,15,24,9,15,24
12473173,,0,0.000638,279,0.000043,6,10,16,6,10,16
12166633,,0,0.001299,89,0.000025,3,6,9,3,6,9
11742488,,0,0.000226,100,0.000007,0,3,3,0,3,3
11191113,,0.000462,0.003892,100,0.000053,12,15,27,12,15,27
10518542,,0,0.002587,100,0.000007,0,9,9,0,9,9
7567834,,0.000075,0,89,0.000009,1,0,1,1,0,1
17804820,,0,0,82,0.000007,0,1,1,0,1,1
7581362,,0,0,82,0.000016,2,0,2,2,0,2
9847080,,0,0,82,0.000007,0,2,2,0,2,2
24364026,,0,0.011696,1,0.000007,0,15,15,0,15,15
7585472,,0.000224,0,89,0.000021,4,0,4,4,0,4
17079356,,0,0.000004,89,0.000007,0,1,1,0,1,1
9546345,,0,0.000004,89,0.000007,0,1,1,0,1,1
9274415,,0,0.000024,89,0.000007,0,4,4,0,4,4
27568010,,0,0.000037,231,0.000007,0,3,3,0,3,3
7587109,,0.000001,0,231,0.000009,1,0,1,1,0,1
29718910,,0,0.001286,100,0.000007,0,10,10,0,10,10
7590247,,0.004707,0,100,0.000133,34,0,34,34,0,34
26106036,,0.00405,0.004798,100,0.000038,27,28,55,27,28,55
25128565,,0,0.000093,100,0.000007,0,2,2,0,2,2
22666314,,0.000491,0.001567,100,0.000025,8,10,18,8,10,18
21901007,,0,0.003946,100,0.000007,0,12,12,0,12,12
21102443,,0.002671,0.006473,279,0.00011,35,26,61,35,26,61
18953404,,0,0.007396,100,0.000007,0,27,27,0,27,27
18030336,,0,0.000466,100,0.000007,0,2,2,0,2,2
10490643,,0.004083,0.004126,100,0.000097,22,16,38,22,16,38
28443200,,0,0.01338,1,0.000007,0,26,26,0,26,26
7606717,,0.00347,0,89,0.000056,27,0,27,27,0,27
25633036,,0.00005,0.001411,89,0.000017,5,15,20,5,15,20
19602291,,0.005286,0.011083,1,0.000089,21,39,60,21,39,60
19338682,,0.000916,0.005978,89,0.000014,4,43,47,4,43,47
18717574,,0,0.004878,100,0.000007,0,25,25,0,25,25
17160431,,0.010211,0.008106,1,0.000034,24,35,59,24,35,59
15220362,,0,0.000116,89,0.000007,0,2,2,0,2,2
12234376,,0.000253,0.004443,89,0.000015,4,23,27,4,23,27
11056688,,0.000347,0.002628,89,0.000011,5,27,32,5,27,32
9222971,,0.000001,0.000425,89,0.00001,1,4,5,1,4,5
9192995,,0,0.00027,89,0.000007,0,5,5,0,5,5
9192982,,0,0.000066,89,0.000007,0,1,1,0,1,1
29431110,,0,0.000078,5,0.000034,5,2,7,5,2,7
27295426,,0,0.001696,184,0.000007,0,15,15,0,15,15
19584580,,0.000154,0.001949,89,0.000026,6,6,12,6,6,12
16623069,,0,0.001541,89,0.000007,0,5,5,0,5,5
10984458,,0,0.000922,89,0.000007,0,13,13,0,13,13
9637800,,0,0.000053,181,0.000007,0,2,2,0,2,2
9399889,,0,0.000045,89,0.000007,0,1,1,0,1,1
28387649,,0,0.000001,90,0.000007,0,1,1,0,1,1
7614477,,0.000041,0,90,0.000029,5,0,5,5,0,5
9653156,,0,0.000001,90,0.000007,0,1,1,0,1,1
9461000,,0,0.000001,90,0.000007,0,1,1,0,1,1
28865460,,0,0.000341,5,0.000007,0,24,24,0,24,24
7616636,,0.000419,0,82,0.000098,21,0,21,21,0,21
26998264,,0,0.000043,82,0.000007,0,4,4,0,4,4
26905584,,0,0.000008,82,0.000007,0,1,1,0,1,1
26457327,,0,0.000008,82,0.000007,0,1,1,0,1,1
26032647,,0,0.000015,82,0.000007,0,2,2,0,2,2
24818537,,0,0.000008,82,0.000007,0,1,1,0,1,1
22956590,,0.000971,0.004853,5,0.00007,31,13,44,31,13,44
22629485,,0,0.000008,82,0.000007,0,1,1,0,1,1
21697029,,0,0.000008,82,0.000007,0,1,1,0,1,1
21697028,,0,0.00024,90,0.000007,0,3,3,0,3,3
21686968,,0,0.000008,82,0.000007,0,1,1,0,1,1
21380934,,0,0.000396,231,0.000007,0,6,6,0,6,6
20200427,,0,0.000008,82,0.000007,0,1,1,0,1,1
19083224,,0,0.000008,82,0.000007,0,1,1,0,1,1
18669582,,0,0.000008,82,0.000007,0,1,1,0,1,1
18648592,,0,0.000008,82,0.000007,0,1,1,0,1,1
12826474,,0,0.000064,82,0.000007,0,4,4,0,4,4
11673115,,0,0.000008,82,0.000007,0,1,1,0,1,1
9255575,,0,0.000008,82,0.000007,0,1,1,0,1,1
28105428,,0,0.000028,205,0.000007,0,3,3,0,3,3
25453277,,0,0.000047,5,0.000007,0,2,2,0,2,2
25435542,,0.002953,0.007444,5,0.000017,22,45,67,22,45,67
24794065,,0,0.00379,5,0.000007,0,10,10,0,10,10
20025726,,0,0.000745,5,0.000007,0,14,14,0,14,14
16059425,,0,0.000053,5,0.000007,0,3,3,0,3,3
15588314,,0,0.000111,5,0.000007,0,7,7,0,7,7
15150621,,0,0.001861,89,0.000007,0,18,18,0,18,18
12602842,,0,0.000022,89,0.000007,0,1,1,0,1,1
11527843,,0,0.002995,89,0.000007,0,15,15,0,15,15
10925759,,0,0.000128,89,0.000007,0,7,7,0,7,7
10889865,,0,0.000582,89,0.000007,0,15,15,0,15,15
10096590,,0,0.000781,89,0.000007,0,6,6,0,6,6
24454456,,0.001168,0.00604,89,0.00002,13,83,96,13,83,96
7627958,,0.00175,0,89,0.000024,13,0,13,13,0,13
11432959,,0,0.000236,5,0.000007,0,8,8,0,8,8
9510469,,0.000634,0.000695,89,0.000015,6,7,13,6,7,13
8979776,,0,0,3,0.000007,0,1,1,0,1,1
7648160,,0,0,3,0.000013,1,0,1,1,0,1
23956761,,0,0,4,0.000007,0,1,1,0,1,1
7656596,,0,0,4,0.000019,2,0,2,2,0,2
9604772,,0,0,4,0.000007,0,1,1,0,1,1
25696515,,0,0.000018,89,0.000007,0,2,2,0,2,2
7658809,,0.000466,0,89,0.000016,7,0,7,7,0,7
8695370,,0,0.000175,89,0.000007,0,3,3,0,3,3
7663517,,0.004428,0,89,0.000188,54,0,54,54,0,54
24068893,,0,0.000084,89,0.000007,0,1,1,0,1,1
18458673,,0,0.001616,89,0.000007,0,11,11,0,11,11
15161654,,0,0.00009,140,0.000007,0,2,2,0,2,2
15026808,,0.001515,0.004641,89,0.00001,9,33,42,9,33,42
12888532,,0,0.00012,140,0.000007,0,2,2,0,2,2
12454775,,0,0.000818,231,0.000007,0,6,6,0,6,6
11237395,,0.002237,0.003729,89,0.000056,28,28,56,28,28,56
10917555,,0.001428,0.003088,5,0.00004,16,11,27,16,11,27
10638982,,0.000317,0.002515,89,0.000013,6,19,25,6,19,25
9783703,,0,0.000251,89,0.000007,0,2,2,0,2,2
9356475,,0,0.000158,89,0.000007,0,3,3,0,3,3
9150152,,0,0.001635,89,0.000007,0,10,10,0,10,10
8781364,,0,0.000084,89,0.000007,0,1,1,0,1,1
8659541,,0,0.000084,89,0.000007,0,1,1,0,1,1
25811979,,0,0.00002,66,0.000007,0,1,1,0,1,1
7669583,,0.001032,0,66,0.00007,17,0,17,17,0,17
24559095,,0,0.000022,35,0.000007,0,3,3,0,3,3
24456987,,0,0.005387,66,0.000007,0,5,5,0,5,5
23949920,,0,0.000099,66,0.000007,0,2,2,0,2,2
21846966,,0,0.000025,35,0.000007,0,4,4,0,4,4
19543528,,0.000031,0.001225,66,0.000032,7,10,17,7,10,17
18325103,,0,0.000034,66,0.000007,0,3,3,0,3,3
16608533,,0,0.000025,66,0.000007,0,2,2,0,2,2
14641918,,0,0.00002,66,0.000007,0,1,1,0,1,1
11104667,,0,0.000043,66,0.000007,0,2,2,0,2,2
10877980,,0,0.00002,66,0.000007,0,1,1,0,1,1
10360669,,0,0.00005,66,0.000007,0,3,3,0,3,3
9665488,,0,0.000021,66,0.000007,0,2,2,0,2,2
9310244,,0,0.00002,66,0.000007,0,1,1,0,1,1
9176386,,0.000349,0.000021,66,0.000035,7,2,9,7,2,9
22762150,,0.000254,0.004586,5,0.000013,7,30,37,7,30,37
7669588,,0.000186,0,89,0.000011,3,0,3,3,0,3
9652773,,0,0.000758,89,0.000007,0,2,2,0,2,2
29026449,,0,0.001833,5,0.000007,0,21,21,0,21,21
7677139,,0.00132,0,5,0.000062,42,0,42,42,0,42
28971318,,0,0.001096,5,0.000007,0,20,20,0,20,20
27350384,,0,0.000497,5,0.000007,0,8,8,0,8,8
25998783,,0,0.000049,5,0.000007,0,4,4,0,4,4
24018619,,0,0.000028,5,0.000007,0,2,2,0,2,2
23794263,,0,0.000086,5,0.000007,0,4,4,0,4,4
23598841,,0,0.000458,5,0.000007,0,8,8,0,8,8
23200299,,0,0.000025,5,0.000007,0,1,1,0,1,1
22460206,,0.000062,0.001666,5,0.000015,5,22,27,5,22,27
21270636,,0,0.000151,5,0.000007,0,7,7,0,7,7
21240722,,0,0.000028,5,0.000007,0,3,3,0,3,3
20223026,,0,0.000267,5,0.000007,0,14,14,0,14,14
20150724,,0,0.000291,5,0.000007,0,4,4,0,4,4
19809485,,0,0.000116,5,0.000007,0,5,5,0,5,5
19742051,,0,0.000165,5,0.000007,0,9,9,0,9,9
19725985,,0,0.000102,5,0.000007,0,9,9,0,9,9
19642022,,0,0.000074,5,0.000007,0,4,4,0,4,4
19025627,,0,0.000187,5,0.000007,0,10,10,0,10,10
18791814,,0,0.000034,5,0.000007,0,2,2,0,2,2
17279200,,0,0.001643,5,0.000007,0,24,24,0,24,24
16189056,,0,0.000025,5,0.000007,0,1,1,0,1,1
12602843,,0,0.000074,5,0.000007,0,4,4,0,4,4
11870512,,0,0.000176,5,0.000007,0,5,5,0,5,5
11073541,,0.000668,0.001501,5,0.000023,12,14,26,12,14,26
11063672,,0.000328,0.002136,89,0.000027,11,23,34,11,23,34
10358693,,0,0.000217,5,0.000007,0,6,6,0,6,6
9649149,,0,0,69,0.000007,0,1,1,0,1,1
7685630,,0,0,69,0.000018,2,0,2,2,0,2
7734302,,0.000363,0.000022,69,0.000021,6,4,10,6,4,10
28930807,,0,0.000216,5,0.000007,0,5,5,0,5,5
7707420,,0.000846,0,5,0.000164,57,0,57,57,0,57
28507891,,0,0.000119,5,0.000007,0,4,4,0,4,4
28257920,,0,0.000127,5,0.000007,0,5,5,0,5,5
28097625,,0,0.000245,89,0.000007,0,7,7,0,7,7
26476466,,0,0.000275,5,0.000007,0,8,8,0,8,8
26227576,,0,0.000016,5,0.000007,0,1,1,0,1,1
26034659,,0,0.002651,5,0.000007,0,7,7,0,7,7
25874018,,0,0.000188,5,0.000007,0,6,6,0,6,6
25810268,,0,0.000016,5,0.000007,0,1,1,0,1,1
25476701,,0,0.000016,5,0.000007,0,1,1,0,1,1
24839250,,0.000066,0.007041,5,0.000009,2,27,29,2,27,29
24322567,,0,0.000027,5,0.000007,0,4,4,0,4,4
24118369,,0,0.000125,5,0.000007,0,6,6,0,6,6
24042365,,0.000336,0.000868,5,0.000101,44,12,56,44,12,56
23568001,,0,0.000016,5,0.000007,0,1,1,0,1,1
23415629,,0,0.000016,5,0.000007,0,1,1,0,1,1
23389688,,0,0.000016,5,0.000007,0,1,1,0,1,1
23236078,,0,0.000022,5,0.000007,0,2,2,0,2,2
23124498,,0,0.000319,5,0.000007,0,5,5,0,5,5
23104866,,0,0.000022,5,0.000007,0,2,2,0,2,2
22837144,,0,0.000016,5,0.000007,0,1,1,0,1,1
22498844,,0,0.000049,5,0.000007,0,4,4,0,4,4
21643515,,0,0.000245,89,0.000007,0,7,7,0,7,7
21219598,,0.001243,0.008364,5,0.000011,9,23,32,9,23,32
21110077,,0,0.000016,5,0.000007,0,1,1,0,1,1
20739135,,0,0.000018,5,0.000007,0,2,2,0,2,2
20599157,,0,0.000016,5,0.000007,0,1,1,0,1,1
20585100,,0,0.001306,231,0.000007,0,8,8,0,8,8
20533774,,0,0.000016,5,0.000007,0,1,1,0,1,1
20200423,,0,0.000313,5,0.000007,0,20,20,0,20,20
20139767,,0,0.000021,5,0.000007,0,3,3,0,3,3
19279297,,0,0.000034,5,0.000007,0,3,3,0,3,3
18937844,,0,0.000028,5,0.000007,0,2,2,0,2,2
18836779,,0,0.006414,5,0.000007,0,17,17,0,17,17
18704716,,0,0.000101,5,0.000007,0,3,3,0,3,3
18613300,,0,0.000322,5,0.000007,0,16,16,0,16,16
17356960,,0,0.000119,5,0.000007,0,2,2,0,2,2
17295054,,0,0.000081,5,0.000007,0,3,3,0,3,3
16686816,,0,0.000016,5,0.000007,0,1,1,0,1,1
15505627,,0.000847,0.003249,5,0.000039,24,20,44,24,20,44
14687272,,0,0.000016,5,0.000007,0,1,1,0,1,1
14512475,,0,0.000107,5,0.000007,0,3,3,0,3,3
12189544,,0,0.000137,5,0.000007,0,5,5,0,5,5
12084693,,0,0.000016,5,0.000007,0,1,1,0,1,1
11953874,,0.000454,0.001774,5,0.000035,15,11,26,15,11,26
11281885,,0,0.000064,5,0.000007,0,3,3,0,3,3
11250730,,0,0.000081,89,0.000007,0,3,3,0,3,3
10358689,,0,0.000016,5,0.000007,0,1,1,0,1,1
10027320,,0,0.00006,5,0.000007,0,2,2,0,2,2
9514066,,0,0.000016,5,0.000007,0,1,1,0,1,1
26280579,,0,0.000002,89,0.000007,0,1,1,0,1,1
7713491,,0.000094,0,89,0.000013,2,0,2,2,0,2
28637487,,0,0.007745,69,0.000007,0,5,5,0,5,5
25026295,,0,0.007496,69,0.000007,0,4,4,0,4,4
22240541,,0,0.000048,35,0.000007,0,4,4,0,4,4
21694827,,0,0.000007,69,0.000007,0,1,1,0,1,1
18592002,,0,0.00001,69,0.000007,0,2,2,0,2,2
27804060,,0,0.000044,5,0.000007,0,7,7,0,7,7
7742725,,0.000297,0,5,0.000049,18,0,18,18,0,18
25187113,,0,0.000006,5,0.000007,0,1,1,0,1,1
24955380,,0,0.00005,5,0.000007,0,2,2,0,2,2
20498392,,0,0.000264,5,0.000007,0,11,11,0,11,11
19556750,,0,0.000022,5,0.000007,0,2,2,0,2,2
17547767,,0,0.000006,5,0.000007,0,1,1,0,1,1
9541101,,0,0.000006,5,0.000007,0,1,1,0,1,1
9522800,,0,0.000102,5,0.000007,0,3,3,0,3,3
9321761,,0,0.000006,5,0.000007,0,1,1,0,1,1
22790858,,0.001005,0.005085,1,0.000009,4,29,33,4,29,33
7744589,,0.000097,0,1,0.000007,1,0,1,1,0,1
20507642,,0.000611,0.000168,140,0.000017,8,11,19,8,11,19
11880951,,0.000544,0.000573,89,0.000042,14,22,36,14,22,36
7759075,,0.001075,0,89,0.000015,5,0,5,5,0,5
25802341,,0,0.001926,69,0.000007,0,17,17,0,17,17
7759076,,0.00054,0,69,0.000008,2,0,2,2,0,2
7769911,,0.001346,0,35,0.000024,8,0,8,8,0,8
25628955,,0.000377,0.002217,89,0.000013,3,19,22,3,19,22
21604016,,0.000416,0.002201,35,0.000009,5,16,21,5,16,21
11044356,,0.002015,0.00136,35,0.000026,9,10,19,9,10,19
9649141,,0,0.000605,35,0.000007,0,6,6,0,6,6
21558123,,0,0,82,0.000007,0,1,1,0,1,1
7774924,,0,0,82,0.000039,7,0,7,7,0,7
17552001,,0,0,82,0.000007,0,1,1,0,1,1
12560505,,0,0,82,0.000007,0,1,1,0,1,1
11836356,,0,0.000006,82,0.000007,0,2,2,0,2,2
8790420,,0,0,82,0.000007,0,1,1,0,1,1
8649418,,0,0.000006,82,0.000007,0,3,3,0,3,3
10022983,,0,0,82,0.000007,0,1,1,0,1,1
7774925,,0,0,82,0.000015,2,0,2,2,0,2
24746700,,0.001639,0.001261,100,0.000143,40,6,46,40,6,46
7774926,,0.000311,0,82,0.000043,7,0,7,7,0,7
19167434,,0,0.000029,82,0.000007,0,3,3,0,3,3
17786023,,0,0.008849,82,0.000007,0,3,3,0,3,3
9443878,,0,0.000006,82,0.000007,0,2,2,0,2,2
9799267,,0,0.000376,100,0.000007,0,2,2,0,2,2
7774935,,0.000007,0,100,0.00001,1,0,1,1,0,1
7795632,,0.000421,0,140,0.000013,3,0,3,3,0,3
25859162,,0.001825,0.00714,1,0.000022,9,23,32,9,23,32
7795636,,0.001427,0,89,0.000034,15,0,15,15,0,15
21113097,,0,0.00404,1,0.000007,0,22,22,0,22,22
9365162,,0,0.001802,89,0.000007,0,10,10,0,10,10
8808615,,0,0.00138,89,0.000007,0,6,6,0,6,6
7669555,,0,0.001011,89,0.000007,0,6,6,0,6,6
7577492,,0,0.000251,89,0.000007,0,2,2,0,2,2
30061703,,0,0.007875,205,0.000007,0,5,5,0,5,5
7795652,,0.011762,0,89,0.000117,56,0,56,56,0,56
30042330,,0,0.002219,1,0.000007,0,10,10,0,10,10
29254167,,0,0.018021,1,0.000013,1,18,19,1,18,19
29215764,,0.000036,0.005615,1,0.000007,2,17,19,2,17,19
27767231,,0.000351,0.034642,1,0.000019,8,35,43,8,35,43
27200296,,0.000165,0.022637,69,0.000018,4,55,59,4,55,59
26511885,,0.00214,0.013136,69,0.000102,28,10,38,28,10,38
24478985,,0.001969,0.025468,69,0.000032,16,57,73,16,57,73
24341673,,0,0.000321,69,0.000007,0,2,2,0,2,2
22957306,,0.000732,0.011619,90,0.000019,7,27,34,7,27,34
22673632,,0.007422,0.063829,1,0.000036,25,72,97,25,72,97
22520984,,0.001858,0.051724,1,0.000032,9,38,47,9,38,47
21761359,,0,0.005662,69,0.000007,0,18,18,0,18,18
20872853,,0,0.028572,1,0.000007,0,20,20,0,20,20
20182637,,0.000699,0.022759,1,0.000012,5,31,36,5,31,36
19654239,,0,0.000224,89,0.000007,0,1,1,0,1,1
18842102,,0,0.002158,69,0.000007,0,12,12,0,12,12
11161400,,0,0.000375,1,0.000007,0,2,2,0,2,2
10732761,,0,0.000967,89,0.000007,0,2,2,0,2,2
9560381,,0,0.001303,89,0.000007,0,5,5,0,5,5
8932343,,0,0.000913,89,0.000007,0,4,4,0,4,4
30167078,,0,0.000336,279,0.000007,0,2,2,0,2,2
7795653,,0.015399,0,279,0.000332,109,0,109,109,0,109
29497033,,0,0.00115,100,0.000007,0,10,10,0,10,10
29330289,,0,0.003778,100,0.000007,0,25,25,0,25,25
29100040,,0,0.000835,279,0.000007,0,6,6,0,6,6
27845331,,0.000031,0.003087,100,0.000047,8,18,26,8,18,26
27487152,,0,0.001448,87,0.000013,1,10,11,1,10,11
27153211,,0,0.000835,279,0.000007,0,6,6,0,6,6
27065665,,0,0.003317,100,0.000007,0,9,9,0,9,9
26975706,,0,0.000294,279,0.000007,0,1,1,0,1,1
26949839,,0,0.003276,279,0.000019,2,14,16,2,14,16
26933805,,0,0.003626,279,0.000007,0,18,18,0,18,18
26888582,,0,0.004872,90,0.000007,0,22,22,0,22,22
26391647,,0,0.00641,41,0.000007,0,14,14,0,14,14
26234677,,0.000134,0.012726,279,0.00003,7,21,28,7,21,28
25762631,,0,0.003192,279,0.000019,2,22,24,2,22,24
25645916,,0.000079,0.003032,100,0.000083,15,18,33,15,18,33
25539919,,0,0.001279,231,0.000007,0,12,12,0,12,12
25417703,,0.000265,0.005807,72,0.000072,17,19,36,17,19,36
25328138,,0,0.00323,279,0.000007,0,14,14,0,14,14
25177489,,0.001708,0.011776,279,0.00002,19,32,51,19,32,51
24831086,,0,0.029476,1,0.000007,0,28,28,0,28,28
24705161,,0,0.000842,279,0.000007,0,5,5,0,5,5
24423863,,0,0.008884,5,0.000007,0,27,27,0,27,27
24142877,,0,0.022326,100,0.000007,0,52,52,0,52,52
23817491,,0,0.000367,279,0.000007,0,3,3,0,3,3
23776525,,0.000025,0.001135,279,0.000044,7,10,17,7,10,17
23388117,,0.002058,0.031098,100,0.000031,14,51,65,14,51,65
23333482,,0,0.007045,100,0.000007,0,32,32,0,32,32
23047605,,0.001058,0.001778,279,0.000057,16,11,27,16,11,27
22869732,,0.006195,0.012923,24,0.000124,37,31,68,37,31,68
22512864,,0,0.008567,279,0.000007,0,5,5,0,5,5
22347400,,0.000196,0.007885,231,0.000106,19,28,47,19,28,47
22012619,,0.006733,0.001583,1,0.000371,93,5,98,93,5,98
21609478,,0.000701,0.003816,279,0.000017,5,19,24,5,19,24
21424107,,0.002199,0.029182,1,0.000028,12,23,35,12,23,35
21282464,,0.001109,0.001554,100,0.000117,24,14,38,24,14,38
21272156,,0,0.000929,232,0.000007,0,7,7,0,7,7
21195000,,0.016996,0.031104,1,0.000402,136,30,166,136,30,166
20631074,,0.00301,0.006321,100,0.000044,18,24,42,18,24,42
20389018,,0.00059,0.016098,279,0.000228,37,33,70,37,33,70
20051122,,0,0.005699,66,0.000007,0,6,6,0,6,6
19442290,,0,0.000703,89,0.000007,0,3,3,0,3,3
18782836,,0.000455,0.004039,231,0.000035,14,18,32,14,18,32
18765668,,0,0.004605,279,0.000007,0,9,9,0,9,9
18438432,,0,0.002178,100,0.000007,0,14,14,0,14,14
18363848,,0,0.000417,279,0.000007,0,2,2,0,2,2
18025037,,0.000703,0.002188,90,0.000042,10,18,28,10,18,28
17145718,,0,0.000378,89,0.000007,0,6,6,0,6,6
16622123,,0.002984,0.005946,5,0.000078,38,22,60,38,22,60
11429050,,0.000659,0.004409,279,0.000017,5,28,33,5,28,33
11250690,,0.000048,0.002372,279,0.000026,4,22,26,4,22,26
10933056,,0,0.00256,100,0.000007,0,13,13,0,13,13
8557030,,0,0.001036,279,0.000007,0,2,2,0,2,2
29285244,,0,0.000017,35,0.000007,0,6,6,0,6,6
7820489,,0.000755,0,35,0.000021,13,0,13,13,0,13
26799372,,0,0.001541,35,0.000007,0,13,13,0,13,13
25816289,,0.000868,0.004706,1,0.00001,7,60,67,7,60,67
21960690,,0.000135,0.001605,89,0.000031,7,22,29,7,22,29
20535403,,0.001763,0.003837,89,0.000023,15,40,55,15,40,55
17697367,,0.000565,0.003353,231,0.000065,20,16,36,20,16,36
14680492,,0.000071,0.002461,5,0.00001,2,17,19,2,17,19
11577167,,0.000144,0.00126,35,0.000028,4,14,18,4,14,18
11477142,,0.000281,0.001449,35,0.000024,4,17,21,4,17,21
26981296,,0,0.003459,5,0.000013,1,11,12,1,11,12
26436112,,0.000766,0.005604,205,0.000064,22,16,38,22,16,38
23405268,,0.001303,0.005217,279,0.000026,19,31,50,19,31,50
23373023,,0,0.000553,89,0.000007,0,7,7,0,7,7
23133607,,0,0.001324,231,0.000007,0,4,4,0,4,4
22235027,,0,0.001346,72,0.000007,0,5,5,0,5,5
21487409,,0,0.000098,89,0.000007,0,1,1,0,1,1
19174581,,0.001618,0.00705,35,0.000012,8,29,37,8,29,37
16928264,,0.002764,0.002229,279,0.000155,48,10,58,48,10,58
16563180,,0.000464,0.003131,184,0.000024,12,7,19,12,7,19
16484695,,0.011329,0.008651,5,0.000119,77,34,111,77,34,111
12772088,,0,0.000098,89,0.000007,0,1,1,0,1,1
11478123,,0,0.001996,89,0.000007,0,12,12,0,12,12
10978226,,0.00301,0.002213,89,0.00005,18,18,36,18,18,36
10329605,,0,0.000098,89,0.000007,0,1,1,0,1,1
10212560,,0,0.000098,89,0.000007,0,1,1,0,1,1
10082707,,0,0.00334,89,0.000007,0,18,18,0,18,18
9836472,,0.000515,0.000998,89,0.000011,5,12,17,5,12,17
9042908,,0.007865,0.000842,89,0.000098,54,4,58,54,4,58
8751855,,0.000817,0.00122,89,0.000035,12,7,19,12,7,19
8659536,,0,0.000519,89,0.000007,0,10,10,0,10,10
30425907,,0,0.003438,5,0.000007,0,4,4,0,4,4
29659587,,0,0.009824,5,0.000007,0,33,33,0,33,33
29582646,,0,0.002994,231,0.000007,0,19,19,0,19,19
29487071,,0,0.000896,5,0.000007,0,7,7,0,7,7
29422015,,0,0.002001,231,0.000007,0,6,6,0,6,6
29385580,,0,0.001622,5,0.000007,0,24,24,0,24,24
29325452,,0,0.004778,205,0.000007,0,36,36,0,36,36
29182397,,0,0.002224,89,0.000007,0,10,10,0,10,10
29147453,,0,0.000515,89,0.000007,0,1,1,0,1,1
28822109,,0,0.000515,89,0.000007,0,1,1,0,1,1
28699130,,0.000042,0.007775,5,0.000008,1,25,26,1,25,26
28680148,,0.000255,0.006852,89,0.000013,3,31,34,3,31,34
28624978,,0.000035,0.006236,5,0.000013,2,27,29,2,27,29
28477017,,0,0.006904,5,0.000007,0,21,21,0,21,21
28427225,,0,0.017269,1,0.000007,0,12,12,0,12,12
28250806,,0,0.001124,184,0.000007,0,4,4,0,4,4
28184293,,0,0.021446,69,0.000007,0,32,32,0,32,32
28112991,,0,0.001852,5,0.000007,0,10,10,0,10,10
27927793,,0,0.001127,205,0.000007,0,6,6,0,6,6
27589844,,0.000149,0.004383,100,0.00001,2,26,28,2,26,28
27587993,,0,0.001514,89,0.000007,0,2,2,0,2,2
27023391,,0.000001,0.001925,89,0.000014,2,8,10,2,8,10
26943589,,0,0.004673,5,0.000007,0,43,43,0,43,43
26605307,,0,0.000515,89,0.000007,0,1,1,0,1,1
26588056,,0,0.002786,5,0.000007,0,6,6,0,6,6
26555178,,0,0.00522,69,0.000007,0,10,10,0,10,10
26337050,,0,0.00194,1,0.000007,0,15,15,0,15,15
26303303,,0,0.00058,5,0.000007,0,2,2,0,2,2
26150446,,0.000081,0.009945,89,0.000007,1,51,52,1,51,52
26082944,,0,0.015648,1,0.000013,1,9,10,1,9,10
25960719,,0.000238,0.01078,5,0.000036,12,55,67,12,55,67
25533642,,0,0.001885,5,0.000007,0,32,32,0,32,32
25492630,,0,0.000994,100,0.000007,0,7,7,0,7,7
25168057,,0,0.000515,89,0.000007,0,1,1,0,1,1
24920935,,0,0.001219,89,0.000007,0,5,5,0,5,5
24918944,,0,0.000759,89,0.000007,0,3,3,0,3,3
24275135,,0,0.002347,5,0.000007,0,15,15,0,15,15
24037976,,0,0.001198,5,0.000007,0,3,3,0,3,3
23934762,,0.00043,0.001074,5,0.000014,7,28,35,7,28,35
23862292,,0.000452,0.000902,5,0.000068,24,14,38,24,14,38
23833688,,0,0.008753,5,0.000007,0,56,56,0,56,56
23704974,,0.000037,0.00313,35,0.000033,5,13,18,5,13,18
23674270,,0.000132,0.007064,231,0.000009,4,42,46,4,42,46
23579217,,0.0001,0.002906,5,0.000017,5,13,18,5,13,18
23509854,,0,0.000515,89,0.000007,0,1,1,0,1,1
23411475,,0.000002,0.001204,184,0.000017,3,15,18,3,15,18
23390884,,0,0.000515,89,0.000007,0,1,1,0,1,1
23213100,,0,0.006278,5,0.000007,0,17,17,0,17,17
23184082,,0.000002,0.006438,89,0.000008,1,13,14,1,13,14
23105677,,0,0.000578,89,0.000007,0,2,2,0,2,2
23093334,,0.000055,0.002917,5,0.000009,4,14,18,4,14,18
23055798,,0.000584,0.005992,89,0.000008,6,19,25,6,19,25
22814582,,0.000576,0.003595,100,0.000011,7,27,34,7,27,34
22773955,,0.000471,0.00355,247,0.00014,31,10,41,31,10,41
22685544,,0,0.001027,89,0.000007,0,14,14,0,14,14
22655046,,0.001634,0.007689,89,0.000013,14,44,58,14,44,58
22357897,,0,0.004024,5,0.000027,4,7,11,4,7,11
22356776,,0,0.002052,5,0.000007,0,4,4,0,4,4
22262852,,0.002082,0.007296,100,0.000092,24,37,61,24,37,61
22031804,,0,0.000515,89,0.000007,0,1,1,0,1,1
21993507,,0.000448,0.001968,184,0.00009,27,19,46,27,19,46
21980016,,0,0.00058,89,0.000007,0,2,2,0,2,2
21918596,,0,0.002488,231,0.000007,0,5,5,0,5,5
21874107,,0,0.022294,89,0.000007,0,29,29,0,29,29
21718560,,0,0.000515,89,0.000007,0,1,1,0,1,1
21687489,,0,0.001511,5,0.000007,0,6,6,0,6,6
21672945,,0,0.000968,5,0.000007,0,10,10,0,10,10
21427728,,0.000653,0.013054,231,0.00001,4,10,14,4,10,14
21276604,,0.005702,0.009163,1,0.000036,15,16,31,15,16,31
21246292,,0.000001,0.010664,1,0.000008,1,15,16,1,15,16
21232165,,0.000431,0.007046,89,0.000008,5,37,42,5,37,42
21187397,,0,0.022696,1,0.000007,0,11,11,0,11,11
21114847,,0.000227,0.004321,231,0.000029,7,20,27,7,20,27
21037853,,0,0.019672,5,0.000007,0,32,32,0,32,32
20921543,,0,0.001654,231,0.000007,0,3,3,0,3,3
20445756,,0.002075,0.005273,69,0.000051,24,27,51,24,27,51
20368650,,0,0.00279,5,0.000007,0,14,14,0,14,14
20368571,,0.003759,0.006303,5,0.000101,54,30,84,54,30,84
20233480,,0,0.003694,5,0.000007,0,20,20,0,20,20
20180971,,0.000119,0.00497,5,0.000007,1,19,20,1,19,20
20180014,,0.000638,0.006173,69,0.00002,9,29,38,9,29,38
20177093,,0.000533,0.006204,5,0.000047,17,23,40,17,23,40
19920816,,0.000661,0.003962,231,0.000016,5,8,13,5,8,13
19890494,,0,0.003818,89,0.000007,0,17,17,0,17,17
19780917,,0.000009,0.000558,5,0.000022,5,4,9,5,4,9
19751083,,0.000203,0.001616,5,0.00003,12,14,26,12,14,26
19725986,,0.000017,0.001704,89,0.000007,1,11,12,1,11,12
19543972,,0.001498,0.002689,140,0.000025,15,19,34,15,19,34
19466581,,0,0.003219,5,0.000007,0,10,10,0,10,10
19450345,,0,0.000515,89,0.000007,0,1,1,0,1,1
19351835,,0.01281,0.017762,1,0.000132,52,19,71,52,19,71
19277124,,0.00104,0.010591,5,0.000036,15,27,42,15,27,42
19232099,,0.001599,0.009766,5,0.000011,6,28,34,6,28,34
19176442,,0,0.002379,89,0.000007,0,6,6,0,6,6
19090970,,0,0.015649,5,0.000007,0,67,67,0,67,67
19089844,,0.000016,0.001653,89,0.000025,5,9,14,5,9,14
19088015,,0.002281,0.013229,5,0.000149,44,39,83,44,39,83
18851829,,0.002383,0.003837,241,0.000592,123,14,137,123,14,137
18597679,,0.000587,0.001852,89,0.000013,9,10,19,9,10,19
18489799,,0.001168,0.004315,89,0.000013,13,15,28,13,15,28
18483851,,0.000415,0.002884,5,0.000025,8,10,18,8,10,18
18410690,,0.000388,0.005877,5,0.00001,3,14,17,3,14,17
18402691,,0.000002,0.002065,231,0.00002,5,23,28,5,23,28
18397521,,0,0.0014,89,0.000013,1,6,7,1,6,7
18344704,,0.001066,0.005307,5,0.000017,17,27,44,17,27,44
18342932,,0.008459,0.002331,69,0.000089,67,13,80,67,13,80
18172292,,0.000116,0.002416,279,0.000053,15,7,22,15,7,22
17466083,,0.006731,0.004632,231,0.000164,63,19,82,63,19,82
17416853,,0.058076,0.006501,5,0.000762,339,16,355,339,16,355
17213823,,0.008672,0.006784,89,0.000125,60,25,85,60,25,85
17079251,,0.002983,0.005129,5,0.000062,35,24,59,35,24,59
16079000,,0,0.001802,5,0.000007,0,9,9,0,9,9
16052221,,0.003174,0.005009,5,0.000062,37,11,48,37,11,48
15905472,,0,0.000515,89,0.000007,0,1,1,0,1,1
15756256,,0.000094,0.004322,5,0.000058,10,8,18,10,8,18
15653260,,0,0.002178,89,0.000007,0,4,4,0,4,4
15138485,,0.001595,0.005,231,0.00005,26,13,39,26,13,39
15083174,,0.004342,0.005189,69,0.000034,24,24,48,24,24,48
14962874,,0,0.001515,5,0.000007,0,3,3,0,3,3
14735173,,0.001007,0.001457,5,0.000033,17,12,29,17,12,29
12677142,,0,0.006089,89,0.000007,0,8,8,0,8,8
11857015,,0.007456,0.00359,231,0.000255,108,14,122,108,14,122
11556836,,0.00021,0.00285,89,0.000012,7,19,26,7,19,26
11437399,,0.00064,0.002512,231,0.000058,17,6,23,17,6,23
11340759,,0.000011,0.002022,89,0.000009,2,13,15,2,13,15
11248061,,0.002113,0.004507,231,0.000139,38,20,58,38,20,58
11173537,,0,0.000588,5,0.000007,0,2,2,0,2,2
11161413,,0,0.001362,89,0.000007,0,4,4,0,4,4
11027200,,0,0.000517,231,0.000007,0,2,2,0,2,2
10945492,,0.001406,0.001992,89,0.000043,11,13,24,11,13,24
10820127,,0,0.000515,89,0.000007,0,1,1,0,1,1
10712222,,0,0.001138,89,0.000007,0,3,3,0,3,3
9406486,,0,0.000515,89,0.000007,0,1,1,0,1,1
9406485,,0,0.000515,89,0.000007,0,1,1,0,1,1
25610057,,0,0,69,0.000007,0,2,2,0,2,2
7827156,,0,0,69,0.00001,1,0,1,1,0,1
29504899,,0,0.000003,279,0.000007,0,1,1,0,1,1
7829082,,0.000181,0,279,0.000035,6,0,6,6,0,6
29299175,,0,0.000004,279,0.000007,0,2,2,0,2,2
26694100,,0,0.000003,279,0.000007,0,1,1,0,1,1
26516624,,0,0.000003,279,0.000007,0,1,1,0,1,1
7833928,,0.000505,0,89,0.000033,6,0,6,6,0,6
29147175,,0,0.000009,1,0.000007,0,1,1,0,1,1
7835800,,0.000475,0,1,0.00009,12,0,12,12,0,12
26036311,,0,0.000009,1,0.000007,0,1,1,0,1,1
25038052,,0,0.008777,1,0.000007,0,8,8,0,8,8
24516337,,0,0.000009,1,0.000007,0,1,1,0,1,1
21577260,,0,0.001884,1,0.000007,0,9,9,0,9,9
21521830,,0.003665,0.005488,69,0.000619,134,12,146,134,12,146
20628624,,0,0.000075,1,0.000007,0,4,4,0,4,4
19456219,,0,0.000057,1,0.000007,0,4,4,0,4,4
18543306,,0.000908,0.000449,1,0.000053,16,7,23,16,7,23
18461601,,0,0.000009,1,0.000007,0,1,1,0,1,1
18381473,,0,0.000055,1,0.000007,0,2,2,0,2,2
7837387,,0.006621,0,89,0.000261,67,0,67,67,0,67
29641532,,0,0.00062,89,0.000007,0,7,7,0,7,7
28111427,,0,0.002871,140,0.000007,0,18,18,0,18,18
23140515,,0,0.000126,89,0.000007,0,1,1,0,1,1
22193408,,0.049963,0.012512,100,0.000521,263,55,318,263,55,318
20051673,,0,0.00015,5,0.000007,0,2,2,0,2,2
18784943,,0,0.000328,89,0.000007,0,2,2,0,2,2
15381934,,0.007492,0.008013,5,0.000178,100,26,126,100,26,126
10703138,,0,0.000126,89,0.000007,0,1,1,0,1,1
10206289,,0,0.000257,89,0.000007,0,2,2,0,2,2
9736618,,0,0.000129,100,0.000007,0,2,2,0,2,2
9409841,,0.000022,0.000126,89,0.000046,7,1,8,7,1,8
9207020,,0,0.000134,181,0.000007,0,2,2,0,2,2
30258937,,0,0.00779,89,0.000007,0,38,38,0,38,38
7837392,,0.001656,0,89,0.000119,38,0,38,38,0,38
29713580,,0,0.000641,5,0.000007,0,5,5,0,5,5
27541683,,0,0.000032,176,0.000007,0,2,2,0,2,2
24081456,,0,0.000032,89,0.000007,0,1,1,0,1,1
19001322,,0.000926,0.003941,5,0.000036,16,21,37,16,21,37
18651949,,0.000044,0.001514,89,0.000017,3,9,12,3,9,12
12695385,,0,0.000032,89,0.000007,0,1,1,0,1,1
10889863,,0,0.00006,89,0.000007,0,2,2,0,2,2
10622017,,0,0.000032,89,0.000007,0,2,2,0,2,2
9529418,,0,0.000048,5,0.000007,0,3,3,0,3,3
9365174,,0,0.000065,89,0.000007,0,2,2,0,2,2
9361645,,0,0.000648,89,0.000007,0,3,3,0,3,3
9002413,,0,0.000032,89,0.000007,0,1,1,0,1,1
8732745,,0,0.000032,89,0.000007,0,1,1,0,1,1
8555791,,0,0.000679,89,0.000007,0,4,4,0,4,4
21778573,,0,0.004847,35,0.000007,0,13,13,0,13,13
7845668,,0.000097,0,35,0.000028,7,0,7,7,0,7
14767055,,0,0.000002,35,0.000007,0,1,1,0,1,1
11747332,,0,0.000021,35,0.000007,0,5,5,0,5,5
10811861,,0,0.000002,35,0.000007,0,1,1,0,1,1
10360661,,0,0.000169,89,0.000007,0,3,3,0,3,3
8932338,,0,0.000003,66,0.000007,0,2,2,0,2,2
29643976,,0,0.000023,82,0.000007,0,2,2,0,2,2
7866981,,0.000333,0,82,0.000167,37,0,37,37,0,37
29262563,,0,0.000023,82,0.000007,0,2,2,0,2,2
28915706,,0,0.000006,82,0.000007,0,1,1,0,1,1
27729742,,0,0.000023,82,0.000007,0,2,2,0,2,2
26955295,,0,0.000023,82,0.000007,0,2,2,0,2,2
26474850,,0,0.000053,82,0.000007,0,3,3,0,3,3
26392787,,0,0.000006,82,0.000007,0,1,1,0,1,1
26239434,,0,0.000023,82,0.000007,0,3,3,0,3,3
25821782,,0,0.000023,82,0.000007,0,2,2,0,2,2
25634657,,0,0.000006,82,0.000007,0,1,1,0,1,1
24550738,,0,0.000021,90,0.000007,0,4,4,0,4,4
24323045,,0,0.000023,82,0.000007,0,2,2,0,2,2
24303007,,0,0.000006,82,0.000007,0,1,1,0,1,1
24055889,,0,0.000006,82,0.000007,0,1,1,0,1,1
23812859,,0,0.000023,82,0.000007,0,2,2,0,2,2
22652752,,0,0.000023,82,0.000007,0,2,2,0,2,2
22257886,,0,0.000023,82,0.000007,0,2,2,0,2,2
21685724,,0,0.000006,82,0.000007,0,1,1,0,1,1
21228626,,0,0.000023,82,0.000007,0,2,2,0,2,2
20592016,,0.000935,0.003715,90,0.000074,15,19,34,15,19,34
20452983,,0,0.000006,82,0.000007,0,1,1,0,1,1
20230646,,0.000728,0.002122,82,0.000141,31,13,44,31,13,44
16548002,,0,0.000006,82,0.000007,0,1,1,0,1,1
15655554,,0,0.000006,82,0.000007,0,1,1,0,1,1
14638851,,0,0.000023,82,0.000007,0,3,3,0,3,3
11819494,,0.000001,0.000061,82,0.000093,15,4,19,15,4,19
10468300,,0,0.000006,69,0.000007,0,2,2,0,2,2
10027329,,0,0.000006,82,0.000007,0,1,1,0,1,1
8688333,,0,0.000006,82,0.000007,0,1,1,0,1,1
8688331,,0,0.000006,82,0.000007,0,1,1,0,1,1
24146815,,0.000007,0.000053,89,0.000032,5,6,11,5,6,11
7874107,,0.000818,0,89,0.000047,14,0,14,14,0,14
9106536,,0,0.000018,89,0.000007,0,3,3,0,3,3
9034341,,0,0.000016,89,0.000007,0,1,1,0,1,1
8972876,,0,0.000016,89,0.000007,0,1,1,0,1,1
18096044,,0,0.000612,66,0.000007,0,2,2,0,2,2
7880596,,0.000013,0,66,0.000012,2,0,2,2,0,2
11577171,,0,0.000044,66,0.000007,0,4,4,0,4,4
15860134,,0,0.001113,100,0.000007,0,5,5,0,5,5
7891376,,0.00035,0,89,0.00005,7,0,7,7,0,7
15217506,,0,0.000069,89,0.000007,0,5,5,0,5,5
15217503,,0.000093,0.001019,89,0.000017,2,3,5,2,3,5
11133358,,0.00133,0.001535,231,0.000055,20,11,31,20,11,31
19048115,,0.001852,0.001258,108,0.000084,25,5,30,25,5,30
7892884,,0.000133,0,108,0.000032,3,0,3,3,0,3
10584878,,0,0.000003,108,0.000007,0,1,1,0,1,1
7894491,,0.006949,0,89,0.000206,64,0,64,64,0,64
28079900,,0,0.001133,89,0.000007,0,4,4,0,4,4
27058005,,0,0.003484,89,0.000007,0,16,16,0,16,16
25869442,,0,0.03054,1,0.000007,0,31,31,0,31,31
25201102,,0,0.000285,89,0.000007,0,3,3,0,3,3
25107276,,0,0.000388,231,0.000007,0,4,4,0,4,4
24591564,,0.001304,0.006802,100,0.000029,12,24,36,12,24,36
21926087,,0,0.000149,100,0.000007,0,2,2,0,2,2
20446698,,0,0.000153,89,0.000007,0,2,2,0,2,2
19509547,,0,0.00023,69,0.000007,0,3,3,0,3,3
19481982,,0,0.004449,100,0.000007,0,13,13,0,13,13
18951436,,0,0.001235,140,0.000007,0,9,9,0,9,9
16643008,,0.000012,0.000384,293,0.000107,18,2,20,18,2,20
14560035,,0.008229,0.008148,100,0.000143,37,36,73,37,36,73
11003642,,0.001152,0.00668,100,0.000037,12,23,35,12,23,35
10051618,,0,0.000133,89,0.000007,0,1,1,0,1,1
9618944,,0,0.000133,89,0.000007,0,1,1,0,1,1
8613431,,0,0.000133,89,0.000007,0,1,1,0,1,1
7894492,,0.006807,0,89,0.000171,55,0,55,55,0,55
24321324,,0.000037,0.000651,90,0.000022,6,15,21,6,15,21
23442605,,0.001651,0.010208,90,0.000031,11,6,17,11,6,17
19168782,,0,0.000317,89,0.000007,0,3,3,0,3,3
18687797,,0,0.018552,5,0.000007,0,72,72,0,72,72
8950667,,0,0.000524,89,0.000061,9,3,12,9,3,12
30463359,,0,0.013561,1,0.000007,0,12,12,0,12,12
7894493,,0.013187,0,89,0.000305,108,0,108,108,0,108
30341251,,0,0.000251,89,0.000007,0,1,1,0,1,1
30089796,,0,0.002458,181,0.000007,0,6,6,0,6,6
29854292,,0,0.0009,89,0.000007,0,12,12,0,12,12
29367421,,0,0.005613,100,0.000007,0,29,29,0,29,29
29344267,,0,0.021065,1,0.000007,0,27,27,0,27,27
28815209,,0,0.009512,1,0.000007,0,5,5,0,5,5
28727877,,0.00034,0.004266,5,0.00001,5,10,15,5,10,15
28166811,,0,0.000924,89,0.000007,0,20,20,0,20,20
27863091,,0,0.00091,69,0.000007,0,3,3,0,3,3
27736844,,0.005962,0.057703,1,0.000042,29,49,78,29,49,78
27197267,,0.006091,0.025174,1,0.000015,18,35,53,18,35,53
27081505,,0.00089,0.002406,89,0.00001,11,26,37,11,26,37
26709275,,0,0.000604,89,0.000007,0,7,7,0,7,7
26161390,,0,0.003073,5,0.000007,0,28,28,0,28,28
25034939,,0,0.000539,69,0.000007,0,2,2,0,2,2
23451180,,0,0.003602,140,0.000007,0,34,34,0,34,34
21194536,,0.001371,0.002189,5,0.000015,4,15,19,4,15,19
20978117,,0,0.000387,89,0.000007,0,2,2,0,2,2
20681793,,0.001001,0.004592,100,0.000008,5,19,24,5,19,24
20223018,,0.000219,0.001041,89,0.000009,3,11,14,3,11,14
19656415,,0.000203,0.005765,89,0.000011,5,34,39,5,34,39
17308087,,0.004881,0.003603,140,0.000091,48,30,78,48,30,78
15829589,,0,0.000251,89,0.000007,0,1,1,0,1,1
14762066,,0,0.000251,89,0.000007,0,1,1,0,1,1
11256609,,0.000174,0.002,100,0.000014,2,13,15,2,13,15
11078480,,0,0.000339,89,0.000007,0,3,3,0,3,3
9461464,,0,0.000291,41,0.000007,0,2,2,0,2,2
9399897,,0,0.000251,89,0.000007,0,1,1,0,1,1
9166931,,0,0.000251,89,0.000007,0,1,1,0,1,1
25236687,,0.002015,0.005291,89,0.000021,22,29,51,22,29,51
7904689,,0.000107,0,89,0.000025,3,0,3,3,0,3
8730291,,0,0.000015,89,0.000007,0,2,2,0,2,2
7907678,,0.03058,0,89,0.000691,274,0,274,274,0,274
29998082,,0,0.005386,5,0.000007,0,38,38,0,38,38
29854283,,0,0.0027,1,0.000007,0,9,9,0,9,9
29710070,,0,0.000988,89,0.000007,0,4,4,0,4,4
29659569,,0,0.001515,89,0.000007,0,11,11,0,11,11
29478780,,0,0.012245,205,0.000007,0,12,12,0,12,12
29262604,,0,0.003355,89,0.000007,0,14,14,0,14,14
28970858,,0.000037,0.002241,89,0.000008,1,7,8,1,7,8
28609837,,0,0.001928,205,0.000007,0,5,5,0,5,5
28578505,,0,0.0011,5,0.000007,0,8,8,0,8,8
28322442,,0,0.018759,1,0.000007,0,14,14,0,14,14
28257460,,0,0.000583,89,0.000007,0,1,1,0,1,1
27893411,,0.000152,0.005245,5,0.000015,5,12,17,5,12,17
27812288,,0,0.000602,89,0.000007,0,2,2,0,2,2
27645219,,0,0.000713,198,0.000007,0,13,13,0,13,13
27460922,,0,0.003817,100,0.000007,0,6,6,0,6,6
27391110,,0,0.005986,5,0.000007,0,23,23,0,23,23
26812021,,0.000252,0.008562,5,0.000014,6,27,33,6,27,33
26721669,,0,0.001272,89,0.000007,0,8,8,0,8,8
26629949,,0.000069,0.001801,100,0.000008,1,21,22,1,21,22
26502879,,0,0.000583,89,0.000007,0,1,1,0,1,1
26357657,,0.000748,0.001657,89,0.000008,2,16,18,2,16,18
26261655,,0,0.000587,89,0.000007,0,2,2,0,2,2
26097796,,0,0.003379,5,0.000007,0,12,12,0,12,12
26075229,,0.001572,0.014907,1,0.000023,9,27,36,9,27,36
25902343,,0,0.006622,5,0.000007,0,15,15,0,15,15
25729416,,0.000001,0.005583,5,0.000017,3,20,23,3,20,23
25524463,,0,0.007305,89,0.000007,0,33,33,0,33,33
25256238,,0.002642,0.00974,89,0.00001,15,28,43,15,28,43
25111073,,0,0.0116,89,0.000007,0,10,10,0,10,10
25025957,,0.000059,0.006519,41,0.000027,5,36,41,5,36,41
24884785,,0,0.001562,89,0.000007,0,3,3,0,3,3
24884479,,0.001229,0.012153,89,0.000014,14,27,41,14,27,41
24764694,,0,0.003519,5,0.000007,0,14,14,0,14,14
24763995,,0,0.000859,89,0.000007,0,4,4,0,4,4
24742220,,0.002098,0.009096,89,0.000012,14,23,37,14,23,37
24325841,,0,0.001096,89,0.000013,1,8,9,1,8,9
24310616,,0,0.000738,89,0.000007,0,6,6,0,6,6
23819023,,0,0.006108,5,0.000007,0,34,34,0,34,34
23531862,,0.000426,0.001082,89,0.000026,5,14,19,5,14,19
23522065,,0,0.000583,89,0.000007,0,1,1,0,1,1
23300655,,0.001238,0.004309,231,0.000015,12,18,30,12,18,30
23054337,,0,0.002211,5,0.000007,0,7,7,0,7,7
22544547,,0.003344,0.005357,89,0.000038,33,15,48,33,15,48
22503188,,0,0.002372,5,0.000007,0,4,4,0,4,4
22185575,,0.001479,0.00304,89,0.000016,16,31,47,16,31,47
22167362,,0,0.001238,89,0.000007,0,7,7,0,7,7
22085629,,0.001666,0.005597,89,0.000009,8,23,31,8,23,31
22053997,,0.001688,0.015781,231,0.000084,26,28,54,26,28,54
22045356,,0,0.007368,1,0.000007,0,21,21,0,21,21
21952622,,0,0.009315,89,0.000007,0,11,11,0,11,11
21890493,,0.000442,0.004689,231,0.000014,6,37,43,6,37,43
21866412,,0,0.00235,5,0.000007,0,17,17,0,17,17
21820706,,0,0.001065,205,0.000007,0,2,2,0,2,2
21681822,,0.000245,0.003386,279,0.000072,21,15,36,21,15,36
21668996,,0.000898,0.004978,279,0.000035,10,30,40,10,30,40
21629494,,0,0.001513,89,0.000007,0,4,4,0,4,4
21559243,,0.000533,0.00157,89,0.000008,5,14,19,5,14,19
21369831,,0.000855,0.007962,5,0.000015,5,31,36,5,31,36
21205740,,0,0.000674,231,0.000007,0,2,2,0,2,2
21067532,,0,0.006131,5,0.000007,0,17,17,0,17,17
20967219,,0,0.000591,5,0.000007,0,2,2,0,2,2
20957429,,0.000216,0.000873,231,0.000017,6,5,11,6,5,11
20919528,,0,0.00319,89,0.000007,0,17,17,0,17,17
20798982,,0,0.00248,5,0.000007,0,19,19,0,19,19
20736950,,0,0.001953,89,0.000007,0,9,9,0,9,9
20693321,,0,0.000622,231,0.000007,0,3,3,0,3,3
20676756,,0.000166,0.004804,72,0.000043,13,10,23,13,10,23
20676117,,0,0.021928,1,0.000007,0,13,13,0,13,13
20665887,,0.006099,0.006712,69,0.000082,28,29,57,28,29,57
20561909,,0,0.009052,69,0.000007,0,7,7,0,7,7
20484397,,0,0.030355,100,0.000007,0,33,33,0,33,33
20233465,,0,0.001352,89,0.000007,0,9,9,0,9,9
20215533,,0,0.000986,35,0.000007,0,3,3,0,3,3
20069122,,0,0.001626,1,0.000007,0,4,4,0,4,4
20049345,,0.001776,0.025639,1,0.000029,8,16,24,8,16,24
19908237,,0,0.000584,5,0.000007,0,2,2,0,2,2
19805094,,0,0.001668,89,0.000007,0,3,3,0,3,3
19428384,,0.000192,0.001216,100,0.000055,15,5,20,15,5,20
19174449,,0,0.003126,5,0.000007,0,20,20,0,20,20
18662409,,0.000657,0.005326,89,0.00001,7,30,37,7,30,37
18645608,,0.001543,0.004257,89,0.000019,18,9,27,18,9,27
18636423,,0,0.002095,5,0.000007,0,18,18,0,18,18
18394172,,0.000342,0.009236,35,0.00004,12,20,32,12,20,32
18349832,,0.009546,0.006499,231,0.00026,117,27,144,117,27,144
18270717,,0.000608,0.001682,5,0.000026,8,13,21,8,13,21
17999359,,0.009963,0.007423,231,0.000296,100,27,127,100,27,127
17683622,,0.002947,0.006474,205,0.000089,33,23,56,33,23,56
17585057,,0.002132,0.003017,231,0.000022,13,21,34,13,21,34
17541692,,0.003835,0.005376,5,0.000017,17,24,41,17,24,41
17307836,,0.004317,0.002864,89,0.000064,24,11,35,24,11,35
17285126,,0.000427,0.002142,5,0.000024,15,16,31,15,16,31
17016486,,0.002185,0.005836,5,0.000026,16,26,42,16,26,42
16721370,,0,0.000733,89,0.000007,0,3,3,0,3,3
16563154,,0.000156,0.004138,231,0.000038,12,15,27,12,15,27
16539696,,0.000748,0.002143,89,0.000009,6,12,18,6,12,18
16421595,,0,0.006596,35,0.000007,0,3,3,0,3,3
16369438,,0.005395,0.003946,205,0.000091,48,22,70,48,22,70
15983021,,0.001409,0.001056,5,0.000046,20,15,35,20,15,35
15630470,,0,0.002511,89,0.000007,0,7,7,0,7,7
15116316,,0.000117,0.003385,89,0.000013,4,14,18,4,14,18
14627668,,0,0.001661,5,0.000007,0,4,4,0,4,4
12145750,,0.001394,0.003828,89,0.000059,22,22,44,22,22,44
11875732,,0,0.001592,89,0.000007,0,3,3,0,3,3
11597326,,0.000184,0.000607,89,0.000016,4,3,7,4,3,7
11355945,,0,0.000661,89,0.000007,0,2,2,0,2,2
11325775,,0,0.001451,89,0.000007,0,5,5,0,5,5
11250723,,0,0.000583,89,0.000007,0,1,1,0,1,1
10442574,,0,0.000703,231,0.000007,0,3,3,0,3,3
10353781,,0.001049,0.002675,89,0.000018,5,16,21,5,16,21
10053012,,0,0.001343,89,0.000007,0,3,3,0,3,3
9459165,,0,0.000583,89,0.000007,0,1,1,0,1,1
9114795,,0,0.000583,89,0.000007,0,1,1,0,1,1
9032648,,0,0.000583,89,0.000007,0,1,1,0,1,1
9006316,,0,0.001429,89,0.000007,0,4,4,0,4,4
8956699,,0,0.000583,89,0.000007,0,1,1,0,1,1
8944207,,0,0.000583,89,0.000007,0,1,1,0,1,1
8818936,,0,0.000583,89,0.000007,0,1,1,0,1,1
8731537,,0,0.000583,89,0.000007,0,1,1,0,1,1
8086912,,0,0.000583,89,0.000007,0,1,1,0,1,1
7977655,,0,0.000583,89,0.000007,0,1,1,0,1,1
7977346,,0,0.000688,89,0.000007,0,6,6,0,6,6
25611972,,0,0.000057,89,0.000007,0,2,2,0,2,2
7907942,,0.000096,0,89,0.000033,7,0,7,7,0,7
19149902,,0,0.000002,89,0.000007,0,1,1,0,1,1
16830385,,0.000201,0.000311,89,0.00001,3,4,7,3,4,7
12800215,,0,0.000002,89,0.000007,0,2,2,0,2,2
15728372,,0,0,6,0.000007,0,1,1,0,1,1
7914742,,0,0,6,0.000025,3,0,3,3,0,3
9000603,,0,0,6,0.000007,0,1,1,0,1,1
7651420,,0,0,6,0.000007,0,1,1,0,1,1
29338058,,0,0.000054,5,0.000007,0,2,2,0,2,2
7915813,,0.000341,0,5,0.000018,5,0,5,5,0,5
26992017,,0.00001,0.006399,5,0.000012,3,16,19,3,16,19
19048111,,0.000051,0.002636,108,0.000033,8,14,22,8,14,22
16800895,,0.000056,0.003129,5,0.000012,4,19,23,4,19,23
26848776,,0,0.002072,231,0.000007,0,7,7,0,7,7
7922985,,0.000806,0,89,0.000039,13,0,13,13,0,13
26075790,,0,0.010518,231,0.000007,0,9,9,0,9,9
25066213,,0,0.00093,1,0.000007,0,4,4,0,4,4
23725504,,0,0.000062,69,0.000007,0,2,2,0,2,2
23339562,,0,0.00093,1,0.000007,0,4,4,0,4,4
8688336,,0,0.000028,89,0.000007,0,2,2,0,2,2
7939630,,0.038942,0,89,0.000599,220,0,220,220,0,220
30023007,,0,0.034574,1,0.000007,0,33,33,0,33,33
29805518,,0,0.000755,89,0.000007,0,2,2,0,2,2
29422764,,0,0.000909,89,0.000007,0,2,2,0,2,2
29250208,,0,0.002147,89,0.000007,0,2,2,0,2,2
29050346,,0,0.000916,205,0.000007,0,3,3,0,3,3
28680959,,0,0.001466,1,0.000007,0,5,5,0,5,5
28154505,,0,0.000925,89,0.000007,0,3,3,0,3,3
27747088,,0.000141,0.023724,205,0.000009,3,55,58,3,55,58
27612511,,0,0.001053,89,0.000007,0,3,3,0,3,3
27463681,,0.000469,0.015416,279,0.000009,4,33,37,4,33,37
26881472,,0.000552,0.031496,205,0.000016,7,28,35,7,28,35
26722478,,0,0.003668,100,0.00001,1,8,9,1,8,9
26670335,,0,0.00221,89,0.000007,0,7,7,0,7,7
26387133,,0,0.008722,1,0.000007,0,16,16,0,16,16
25825707,,0.000189,0.005908,82,0.000092,22,21,43,22,21,43
25804953,,0,0.010479,69,0.000007,0,15,15,0,15,15
25712477,,0,0.000772,82,0.000007,0,4,4,0,4,4
25616998,,0.001143,0.013124,1,0.000019,6,24,30,6,24,30
25521819,,0,0.000904,48,0.000007,0,2,2,0,2,2
24956286,,0,0.001137,57,0.000007,0,2,2,0,2,2
24675697,,0,0.000759,82,0.000007,0,2,2,0,2,2
23712866,,0,0.019123,100,0.000007,0,16,16,0,16,16
23644885,,0,0.007082,1,0.000007,0,15,15,0,15,15
23569533,,0.000026,0.000854,24,0.000021,3,5,8,3,5,8
23319983,,0,0.001381,231,0.000007,0,6,6,0,6,6
23281841,,0,0.000909,89,0.000007,0,2,2,0,2,2
23071421,,0,0.020285,1,0.000007,0,21,21,0,21,21
22912389,,0.011468,0.022864,1,0.000107,40,20,60,40,20,60
22295242,,0,0.016145,1,0.000007,0,10,10,0,10,10
21779462,,0.001396,0.009666,87,0.000357,83,25,108,83,25,108
21264404,,0,0.001658,231,0.000007,0,8,8,0,8,8
21217819,,0.000929,0.012491,100,0.000017,6,35,41,6,35,41
20979652,,0,0.030642,1,0.000007,0,30,30,0,30,30
20697770,,0,0.023892,1,0.000007,0,17,17,0,17,17
20434415,,0.003572,0.026573,35,0.000138,47,26,73,47,26,73
20122900,,0,0.003787,100,0.000007,0,10,10,0,10,10
19962167,,0,0.000944,89,0.000007,0,3,3,0,3,3
19855828,,0,0.000848,89,0.000007,0,2,2,0,2,2
19589159,,0.009982,0.016407,1,0.000083,44,22,66,44,22,66
19037995,,0,0.003734,100,0.000007,0,8,8,0,8,8
17242703,,0,0.000794,279,0.000007,0,4,4,0,4,4
16846527,,0.012627,0.013688,1,0.000144,78,27,105,78,27,105
16168117,,0,0.000768,82,0.000007,0,3,3,0,3,3
16109180,,0,0.00142,231,0.000007,0,7,7,0,7,7
16060964,,0,0.000765,66,0.000007,0,2,2,0,2,2
15931375,,0,0.000743,89,0.000007,0,1,1,0,1,1
15235020,,0.00384,0.002423,140,0.000142,48,18,66,48,18,66
14993899,,0,0.001267,89,0.000007,0,3,3,0,3,3
12177782,,0,0.000959,89,0.000007,0,3,3,0,3,3
12145209,,0,0.000744,111,0.000007,0,2,2,0,2,2
11011113,,0,0.000811,89,0.000007,0,2,2,0,2,2
10441575,,0,0.000743,89,0.000007,0,1,1,0,1,1
10339573,,0,0.000987,89,0.000007,0,5,5,0,5,5
9846030,,0,0.000743,89,0.000007,0,1,1,0,1,1
9689122,,0,0.000909,89,0.000007,0,2,2,0,2,2
9626062,,0,0.000758,66,0.000007,0,4,4,0,4,4
9560268,,0,0.003843,89,0.000007,0,9,9,0,9,9
8730279,,0,0.000743,89,0.000007,0,1,1,0,1,1
8645585,,0,0.000743,89,0.000007,0,1,1,0,1,1
23267367,,0,0.000015,231,0.000007,0,2,2,0,2,2
23029043,,0,0.007745,69,0.000007,0,11,11,0,11,11
20184781,,0,0.000031,69,0.000007,0,4,4,0,4,4
19759843,,0,0.000034,69,0.000007,0,5,5,0,5,5
19671739,,0,0.000073,89,0.000007,0,2,2,0,2,2
16430786,,0.001242,0.002471,100,0.000017,13,18,31,13,18,31
7951316,,0.00126,0,89,0.000142,17,0,17,17,0,17
24490108,,0,0.000026,205,0.000007,0,2,2,0,2,2
22632416,,0,0.000024,89,0.000007,0,1,1,0,1,1
18230721,,0.016847,0.002975,35,0.000881,159,8,167,159,8,167
15731249,,0,0.000024,13,0.000007,0,2,2,0,2,2
15187990,,0,0.000052,89,0.000007,0,4,4,0,4,4
12970408,,0,0.000024,89,0.000007,0,1,1,0,1,1
10330163,,0,0.000024,89,0.000007,0,1,1,0,1,1
7668290,,0,0.000031,89,0.000007,0,2,2,0,2,2
28087643,,0.002297,0.018806,1,0.000012,8,17,25,8,17,25
7954448,,0.006332,0,100,0.000098,25,0,25,25,0,25
27076919,,0,0.010293,1,0.000007,0,9,9,0,9,9
23337117,,0.00321,0.025141,100,0.000089,28,24,52,28,24,52
21709188,,0.054386,0.016342,1,0.000169,119,13,132,119,13,132
21278454,,0.007317,0.048612,100,0.000052,30,55,85,30,55,85
21205087,,0.012274,0.035613,1,0.000057,35,26,61,35,26,61
19654294,,0,0.005342,100,0.000007,0,8,8,0,8,8
19506729,,0,0.002214,279,0.000007,0,13,13,0,13,13
18824701,,0.005743,0.006095,140,0.000047,35,44,79,35,44,79
18264087,,0,0.013836,100,0.000007,0,16,16,0,16,16
8855976,,0,0,7,0.000007,0,1,1,0,1,1
7959292,,0,0,7,0.000013,1,0,1,1,0,1
9311747,,0,0.000013,89,0.000007,0,1,1,0,1,1
29928384,,0,0.000061,89,0.000007,0,4,4,0,4,4
7981072,,0.000403,0,89,0.000053,11,0,11,11,0,11
23733769,,0,0.000008,89,0.000007,0,1,1,0,1,1
22691290,,0.000225,0.000697,89,0.00001,4,21,25,4,21,25
21343334,,0,0.000008,89,0.000007,0,1,1,0,1,1
21305319,,0,0.000008,89,0.000007,0,1,1,0,1,1
10486318,,0,0.000008,89,0.000007,0,1,1,0,1,1
9671804,,0,0.000008,89,0.000007,0,1,1,0,1,1
9218725,,0,0.000052,89,0.000007,0,4,4,0,4,4
9052405,,0,0.000008,89,0.000007,0,1,1,0,1,1
8825920,,0,0.000008,89,0.000007,0,1,1,0,1,1
14526170,,0,0.000001,89,0.000007,0,1,1,0,1,1
7987315,,0.000039,0,89,0.000021,4,0,4,4,0,4
11250705,,0,0.000041,89,0.000007,0,2,2,0,2,2
7987639,,0.000223,0,89,0.000019,4,0,4,4,0,4
20223029,,0,0.000133,89,0.000007,0,2,2,0,2,2
9848907,,0,0.000004,89,0.000007,0,1,1,0,1,1
18575893,,0.000175,0.000357,41,0.000015,4,5,9,4,5,9
7987646,,0.000034,0,41,0.000016,2,0,2,2,0,2
27583302,,0.000265,0.002924,100,0.000013,5,15,20,5,15,20
7987831,,0.000111,0,82,0.000028,9,0,9,9,0,9
23833647,,0,0.000019,82,0.000007,0,2,2,0,2,2
23335946,,0,0.00042,82,0.000007,0,3,3,0,3,3
20868731,,0,0.001526,90,0.000007,0,8,8,0,8,8
20818811,,0,0.000019,82,0.000007,0,2,2,0,2,2
16168120,,0,0.000148,82,0.000007,0,4,4,0,4,4
9118959,,0,0.000002,82,0.000007,0,1,1,0,1,1
7999429,,0.000236,0,89,0.000014,5,0,5,5,0,5
25146725,,0,0.000061,89,0.000007,0,3,3,0,3,3
18575953,,0,0.001009,1,0.000007,0,6,6,0,6,6
9743305,,0,0.000352,89,0.000007,0,3,3,0,3,3
23950631,,0,0.000023,5,0.000007,0,4,4,0,4,4
7999466,,0.000564,0,35,0.000043,11,0,11,11,0,11
20492657,,0,0.00035,35,0.000007,0,5,5,0,5,5
18779610,,0.000202,0.019155,35,0.000013,1,37,38,1,37,38
17855016,,0,0.000011,35,0.000007,0,1,1,0,1,1
15162141,,0,0.000015,5,0.000007,0,2,2,0,2,2
11250679,,0.000267,0.000011,35,0.000008,2,1,3,2,1,3
8956795,,0,0.000011,35,0.000007,0,1,1,0,1,1
8630296,,0,0.000011,35,0.000007,0,1,1,0,1,1
15694000,,0,0,8,0.000007,0,1,1,0,1,1
8007694,,0,0,8,0.000013,1,0,1,1,0,1
8013003,,0.001612,0,89,0.000054,17,0,17,17,0,17
27011512,,0,0.000031,89,0.000007,0,1,1,0,1,1
21300207,,0,0.044287,1,0.000007,0,35,35,0,35,35
18487431,,0,0.000061,231,0.000007,0,2,2,0,2,2
16859522,,0,0.000033,231,0.000007,0,2,2,0,2,2
12177798,,0.000378,0.001996,89,0.000031,9,15,24,9,15,24
7762719,,0,0.000031,89,0.000007,0,1,1,0,1,1
22892534,,0,0.000028,66,0.000007,0,3,3,0,3,3
8039134,,0.000532,0,66,0.000009,2,0,2,2,0,2
19825178,,0.000479,0.02789,1,0.000011,5,37,42,5,37,42
29123356,,0,0,9,0.000007,0,1,1,0,1,1
8062169,,0,0,9,0.000037,5,0,5,5,0,5
26557902,,0,0,9,0.000007,0,1,1,0,1,1
26029274,,0,0,9,0.000007,0,1,1,0,1,1
24160869,,0,0,9,0.000007,0,1,1,0,1,1
23248053,,0,0,9,0.000007,0,1,1,0,1,1
29370694,,0,0.000013,89,0.000007,0,1,1,0,1,1
8069304,,0.000696,0,89,0.000072,17,0,17,17,0,17
26698872,,0,0.000013,89,0.000007,0,1,1,0,1,1
26015963,,0,0.000013,89,0.000007,0,1,1,0,1,1
22924509,,0,0.000013,89,0.000007,0,1,1,0,1,1
14517229,,0,0.000013,89,0.000007,0,1,1,0,1,1
8931154,,0,0.000013,89,0.000007,0,1,1,0,1,1
8679443,,0,0.000025,89,0.000007,0,2,2,0,2,2
8650207,,0,0.000013,89,0.000007,0,1,1,0,1,1
7947096,,0,0.00003,89,0.000007,0,3,3,0,3,3
8075631,,0.002756,0,89,0.000127,22,0,22,22,0,22
25960721,,0.000115,0.008322,35,0.000009,2,29,31,2,29,31
23125888,,0,0.001002,89,0.000007,0,8,8,0,8,8
22160242,,0,0.000053,89,0.000007,0,1,1,0,1,1
20233467,,0.001205,0.013663,35,0.000012,5,40,45,5,40,45
18558006,,0,0.000156,89,0.000007,0,7,7,0,7,7
18042939,,0.00438,0.004345,89,0.000085,49,17,66,49,17,66
8091231,,0.039578,0,89,0.000634,262,0,262,262,0,262
29541174,,0.000029,0.015261,1,0.000007,1,10,11,1,10,11
29459887,,0.000192,0.029359,1,0.000009,2,61,63,2,61,63
29262523,,0,0.002215,35,0.000013,1,17,18,1,17,18
29238749,,0.000914,0.026031,1,0.000007,1,11,12,1,11,12
29194591,,0,0.000755,89,0.000007,0,1,1,0,1,1
29162161,,0,0.002607,89,0.000007,0,4,4,0,4,4
29152499,,0,0.003927,5,0.000007,0,10,10,0,10,10
28251929,,0,0.009539,1,0.000007,0,5,5,0,5,5
28161399,,0.00012,0.003037,100,0.000061,11,19,30,11,19,30
28096247,,0,0.000755,89,0.000007,0,1,1,0,1,1
27977206,,0,0.001109,89,0.000007,0,3,3,0,3,3
27923995,,0,0.001492,100,0.000007,0,7,7,0,7,7
27881737,,0.000017,0.005588,90,0.000015,4,23,27,4,23,27
27729585,,0,0.003404,100,0.000007,0,13,13,0,13,13
27648713,,0,0.00142,5,0.000007,0,4,4,0,4,4
27642590,,0.001866,0.040037,1,0.000015,7,58,65,7,58,65
27441238,,0,0.000755,89,0.000007,0,1,1,0,1,1
26920070,,0,0.00334,100,0.000007,0,13,13,0,13,13
26858951,,0,0.002564,5,0.000007,0,20,20,0,20,20
26840090,,0,0.000834,89,0.000007,0,3,3,0,3,3
26669452,,0.001431,0.048269,1,0.000027,10,29,39,10,29,39
26637267,,0,0.000967,231,0.000007,0,2,2,0,2,2
26609213,,0,0.008191,69,0.000007,0,2,2,0,2,2
26586665,,0.000862,0.006479,205,0.00004,19,21,40,19,21,40
26557407,,0,0.009628,5,0.000007,0,43,43,0,43,43
26380221,,0,0.002067,89,0.000007,0,5,5,0,5,5
25605744,,0.001516,0.014987,5,0.000059,30,42,72,30,42,72
25206309,,0,0.000786,5,0.000007,0,2,2,0,2,2
25043256,,0.00033,0.002708,1,0.000017,5,15,20,5,15,20
24598993,,0,0.019592,100,0.000007,0,9,9,0,9,9
24489863,,0,0.003636,1,0.000007,0,10,10,0,10,10
24348212,,0,0.011713,100,0.000007,0,9,9,0,9,9
24268522,,0,0.017653,100,0.000007,0,9,9,0,9,9
24177593,,0,0.004589,35,0.000007,0,10,10,0,10,10
24098868,,0.004091,0.040169,1,0.000033,13,35,48,13,35,48
23998004,,0,0.004052,100,0.000007,0,8,8,0,8,8
23926460,,0,0.00137,89,0.000007,0,2,2,0,2,2
23841703,,0,0.001043,89,0.000007,0,3,3,0,3,3
23776363,,0.000138,0.002988,231,0.000021,6,7,13,6,7,13
23717390,,0,0.001407,231,0.000007,0,4,4,0,4,4
23383274,,0.00173,0.002183,35,0.000016,10,17,27,10,17,27
23369278,,0,0.001814,89,0.000007,0,6,6,0,6,6
23339072,,0,0.001126,69,0.000007,0,2,2,0,2,2
22977638,,0.000177,0.006804,89,0.000009,4,19,23,4,19,23
22312502,,0.001529,0.031074,5,0.000013,7,85,92,7,85,92
22295226,,0.000024,0.013703,5,0.000008,1,52,53,1,52,53
22258532,,0,0.001233,231,0.000007,0,4,4,0,4,4
21913181,,0.002543,0.00189,5,0.000019,19,5,24,19,5,24
21789034,,0,0.000755,89,0.000007,0,1,1,0,1,1
20974951,,0,0.003283,100,0.000007,0,7,7,0,7,7
20959029,,0,0.000755,89,0.000007,0,1,1,0,1,1
20542480,,0.003995,0.02355,231,0.000208,94,69,163,94,69,163
20159340,,0,0.001366,100,0.000007,0,2,2,0,2,2
19727433,,0,0.001312,231,0.000007,0,4,4,0,4,4
19536108,,0,0.000755,89,0.000007,0,1,1,0,1,1
19280625,,0.000284,0.005353,5,0.000018,10,19,29,10,19,29
19115029,,0,0.000755,89,0.000007,0,1,1,0,1,1
19102775,,0.000694,0.003618,5,0.000012,8,21,29,8,21,29
18587272,,0,0.001281,89,0.000007,0,3,3,0,3,3
17245114,,0,0.000859,231,0.000007,0,2,2,0,2,2
16695985,,0,0.000755,89,0.000007,0,1,1,0,1,1
16361123,,0.000013,0.002036,89,0.000022,4,10,14,4,10,14
15930293,,0,0.001897,100,0.000007,0,7,7,0,7,7
15810068,,0,0.000755,89,0.000007,0,1,1,0,1,1
14597750,,0,0.004454,5,0.000007,0,10,10,0,10,10
12835295,,0,0.000755,89,0.000007,0,1,1,0,1,1
12835293,,0,0.000755,89,0.000007,0,1,1,0,1,1
11756561,,0,0.004885,100,0.000007,0,12,12,0,12,12
11531255,,0,0.000805,89,0.000007,0,2,2,0,2,2
11250676,,0,0.002446,89,0.000007,0,8,8,0,8,8
11170890,,0,0.003458,89,0.000007,0,18,18,0,18,18
11161412,,0,0.00076,89,0.000007,0,2,2,0,2,2
10924405,,0,0.000755,89,0.000007,0,1,1,0,1,1
10759551,,0,0.000755,89,0.000007,0,1,1,0,1,1
9689095,,0,0.000755,89,0.000007,0,1,1,0,1,1
9207100,,0,0.001302,89,0.000007,0,4,4,0,4,4
9122171,,0,0.000755,89,0.000007,0,1,1,0,1,1
8899366,,0,0.00086,89,0.000007,0,2,2,0,2,2
8819440,,0,0.000755,89,0.000007,0,1,1,0,1,1
8630835,,0,0.000833,89,0.000007,0,3,3,0,3,3
7597059,,0,0.000755,89,0.000007,0,1,1,0,1,1
7568034,,0,0.000755,89,0.000007,0,1,1,0,1,1
21900106,,0.00791,0.017195,1,0.000046,34,30,64,34,30,64
8093792,,0.000328,0,1,0.000008,1,0,1,1,0,1
8116621,,0.000379,0.00003,89,0.000027,7,5,12,7,5,12
26888970,,0.000269,0.000453,100,0.000011,3,12,15,3,12,15
8097005,,0.000553,0,5,0.000032,12,0,12,12,0,12
26001790,,0,0.000328,100,0.000007,0,4,4,0,4,4
22184484,,0,0.00345,5,0.000007,0,10,10,0,10,10
19655032,,0,0.000217,5,0.000007,0,3,3,0,3,3
19498043,,0,0.000011,5,0.000007,0,1,1,0,1,1
17532886,,0,0.000011,5,0.000007,0,1,1,0,1,1
8098014,,0.000629,0,89,0.000045,14,0,14,14,0,14
18474296,,0,0.002913,1,0.000007,0,12,12,0,12,12
8826850,,0,0.000012,89,0.000007,0,1,1,0,1,1
8241896,,0,0.000012,89,0.000007,0,1,1,0,1,1
7852189,,0,0.000012,89,0.000007,0,1,1,0,1,1
7547235,,0,0.000012,89,0.000007,0,1,1,0,1,1
8116068,,0.000002,0,89,0.000014,2,0,2,2,0,2
7553490,,0,0,89,0.000007,0,1,1,0,1,1
30340058,,0,0.000732,5,0.000007,0,11,11,0,11,11
16275781,,0,0.000007,89,0.000007,0,1,1,0,1,1
10738597,,0,0.000007,89,0.000007,0,1,1,0,1,1
28969709,,0,0.002502,5,0.000007,0,11,11,0,11,11
8117599,,0.000048,0,5,0.000038,6,0,6,6,0,6
26330328,,0,0.000001,5,0.000007,0,1,1,0,1,1
24936657,,0,0.000001,5,0.000007,0,1,1,0,1,1
24143964,,0,0.000001,5,0.000007,0,1,1,0,1,1
9043027,,0,0.000001,5,0.000007,0,1,1,0,1,1
7794075,,0,0.000001,5,0.000007,0,1,1,0,1,1
25403437,,0,0.000003,82,0.000007,0,2,2,0,2,2
8125484,,0.000086,0,82,0.000036,10,0,10,10,0,10
18843021,,0,0.000002,82,0.000007,0,2,2,0,2,2
18483327,,0,0.000047,82,0.000007,0,2,2,0,2,2
18086758,,0,0.00013,82,0.000007,0,5,5,0,5,5
17301695,,0,0.000003,82,0.000007,0,2,2,0,2,2
16311626,,0,0.000522,82,0.000007,0,4,4,0,4,4
12052257,,0,0.00003,82,0.000007,0,2,2,0,2,2
11056690,,0,0.000002,82,0.000007,0,1,1,0,1,1
7998947,,0,0.000003,82,0.000007,0,2,2,0,2,2
30044695,,0,0.00008,5,0.000007,0,6,6,0,6,6
8151327,,0.002322,0,5,0.000168,76,0,76,76,0,76
30021754,,0,0.001914,5,0.000007,0,4,4,0,4,4
29464398,,0,0.000113,5,0.000007,0,5,5,0,5,5
29349527,,0,0.000163,5,0.000007,0,2,2,0,2,2
29204811,,0,0.000059,5,0.000007,0,2,2,0,2,2
29202783,,0,0.000045,5,0.000007,0,2,2,0,2,2
28190649,,0.000178,0.001417,5,0.000008,2,17,19,2,17,19
28190541,,0,0.000044,5,0.000007,0,1,1,0,1,1
27629874,,0,0.000212,205,0.000007,0,6,6,0,6,6
27496122,,0.000021,0.00036,5,0.000007,1,15,16,1,15,16
27460568,,0,0.000227,5,0.000007,0,6,6,0,6,6
27433283,,0,0.000088,5,0.000007,0,5,5,0,5,5
27386847,,0,0.000098,5,0.000007,0,6,6,0,6,6
27067306,,0,0.000044,5,0.000007,0,1,1,0,1,1
26531312,,0.000568,0.005672,5,0.000021,6,21,27,6,21,27
26286255,,0.001129,0.009112,5,0.000009,7,41,48,7,41,48
26044162,,0,0.000044,5,0.000007,0,1,1,0,1,1
26036858,,0,0.000044,5,0.000007,0,1,1,0,1,1
25425205,,0,0.000044,5,0.000007,0,1,1,0,1,1
25416153,,0,0.000052,5,0.000007,0,3,3,0,3,3
25400308,,0,0.000044,5,0.000007,0,1,1,0,1,1
24872228,,0,0.00011,5,0.000007,0,6,6,0,6,6
24784156,,0,0.00006,5,0.000007,0,2,2,0,2,2
24671341,,0,0.001158,89,0.000007,0,22,22,0,22,22
24651919,,0,0.000044,5,0.000007,0,1,1,0,1,1
24488543,,0,0.000074,5,0.000007,0,7,7,0,7,7
23899493,,0,0.000044,5,0.000007,0,1,1,0,1,1
23777535,,0,0.005235,5,0.000007,0,4,4,0,4,4
22744911,,0,0.000044,5,0.000007,0,1,1,0,1,1
22569005,,0.000396,0.020841,5,0.000009,3,30,33,3,30,33
21865154,,0,0.000142,5,0.000007,0,3,3,0,3,3
21864353,,0,0.005851,5,0.000007,0,21,21,0,21,21
21656744,,0.000657,0.003294,5,0.000008,3,12,15,3,12,15
21567236,,0,0.000081,5,0.000007,0,9,9,0,9,9
21312312,,0,0.000044,5,0.000007,0,1,1,0,1,1
20699375,,0.00037,0.000414,5,0.000018,16,15,31,16,15,31
19480691,,0,0.000044,5,0.000007,0,1,1,0,1,1
19346959,,0,0.00017,5,0.000007,0,6,6,0,6,6
19105686,,0,0.000178,5,0.000007,0,3,3,0,3,3
19021640,,0,0.000153,5,0.000007,0,9,9,0,9,9
18688790,,0,0.000184,5,0.000007,0,12,12,0,12,12
18627059,,0,0.000044,5,0.000007,0,1,1,0,1,1
18447953,,0.000037,0.000107,5,0.000062,11,6,17,11,6,17
17614177,,0,0.000045,5,0.000007,0,2,2,0,2,2
15888227,,0,0.000044,5,0.000007,0,1,1,0,1,1
15478685,,0,0.000199,5,0.000007,0,9,9,0,9,9
8612250,,0,0.000046,5,0.000007,0,2,2,0,2,2
27533253,,0.000238,0.014329,89,0.000008,3,27,30,3,27,30
8168077,,0.001082,0,89,0.000016,9,0,9,9,0,9
8169978,,0.000155,0,66,0.000014,2,0,2,2,0,2
11376555,,0,0.000002,89,0.000007,0,2,2,0,2,2
8197773,,0.000121,0,89,0.000016,3,0,3,3,0,3
27535224,,0,0.000072,89,0.000007,0,2,2,0,2,2
8221639,,0.000178,0,89,0.000019,4,0,4,4,0,4
8808599,,0,0.000003,89,0.000007,0,1,1,0,1,1
8242614,,0.000079,0,89,0.000029,8,0,8,8,0,8
9231914,,0,0.000002,89,0.000007,0,1,1,0,1,1
8244378,,0.000621,0,89,0.000082,16,0,16,16,0,16
16354798,,0,0.000013,35,0.000007,0,2,2,0,2,2
12915883,,0,0.000012,89,0.000007,0,1,1,0,1,1
10514385,,0,0.000012,89,0.000007,0,1,1,0,1,1
9463328,,0,0.000014,89,0.000007,0,2,2,0,2,2
8986815,,0,0.000012,89,0.000007,0,1,1,0,1,1
8244380,,0.000004,0,89,0.000026,5,0,5,5,0,5
9345089,,0,0,89,0.000007,0,1,1,0,1,1
7977375,,0,0,89,0.000007,0,1,1,0,1,1
8252342,,0.000105,0,35,0.000008,2,0,2,2,0,2
12799632,,0,0.000026,89,0.000007,0,3,3,0,3,3
8281142,,0.000627,0,89,0.000084,12,0,12,12,0,12
7847385,,0,0.000012,89,0.000007,0,1,1,0,1,1
23317700,,0,0.003186,66,0.000007,0,4,4,0,4,4
8281156,,0.000697,0,66,0.000024,6,0,6,6,0,6
23173571,,0,0.000013,66,0.000007,0,1,1,0,1,1
12407449,,0,0.000013,66,0.000007,0,1,1,0,1,1
8283492,,0.000958,0,89,0.000116,14,0,14,14,0,14
23247437,,0,0.000445,89,0.000007,0,4,4,0,4,4
8290255,,0.000026,0,89,0.000013,2,0,2,2,0,2
26588488,,0,0.00001,89,0.000007,0,1,1,0,1,1
8302608,,0.000535,0,89,0.000075,17,0,17,17,0,17
25529563,,0,0.00001,89,0.000007,0,1,1,0,1,1
24065105,,0,0.007446,69,0.000007,0,2,2,0,2,2
12085209,,0,0.00001,89,0.000007,0,1,1,0,1,1
10864200,,0,0.00001,89,0.000007,0,1,1,0,1,1
7710950,,0,0.00001,89,0.000007,0,1,1,0,1,1
29490071,,0,0.000455,5,0.000007,0,18,18,0,18,18
8352830,,0.001762,0,89,0.000118,46,0,46,46,0,46
27167380,,0,0.000036,89,0.000007,0,2,2,0,2,2
25355401,,0.000064,0.000748,5,0.000012,6,26,32,6,26,32
24814192,,0,0.000034,89,0.000007,0,1,1,0,1,1
24616381,,0,0.000034,89,0.000007,0,1,1,0,1,1
24075727,,0.000047,0.000335,5,0.00001,6,22,28,6,22,28
22747109,,0,0.000541,5,0.000007,0,8,8,0,8,8
22109876,,0,0.000144,5,0.000007,0,6,6,0,6,6
21039431,,0.000154,0.000326,5,0.000031,14,11,25,14,11,25
20234119,,0.000195,0.000867,5,0.000027,13,18,31,13,18,31
19012865,,0,0.000247,5,0.000007,0,6,6,0,6,6
18475387,,0,0.000034,89,0.000007,0,1,1,0,1,1
15857495,,0,0.000516,5,0.000007,0,6,6,0,6,6
15389697,,0.000102,0.000229,5,0.000008,2,10,12,2,10,12
15381929,,0,0.000034,89,0.000007,0,1,1,0,1,1
8548713,,0,0.000034,89,0.000007,0,1,1,0,1,1
7947100,,0,0.000034,89,0.000007,0,1,1,0,1,1
7485175,,0,0.000034,89,0.000007,0,1,1,0,1,1
8364930,,0.000223,0,89,0.000044,11,0,11,11,0,11
19077293,,0,0.000072,35,0.000007,0,6,6,0,6,6
15084242,,0.000003,0.000016,231,0.000012,2,4,6,2,4,6
11305955,,0,0.00001,231,0.000007,0,4,4,0,4,4
9502423,,0,0.000004,89,0.000007,0,1,1,0,1,1
9376278,,0,0.000009,89,0.000007,0,2,2,0,2,2
9094671,,0,0.000004,89,0.000007,0,1,1,0,1,1
8178827,,0,0.000004,89,0.000007,0,1,1,0,1,1
7937788,,0,0.000004,89,0.000007,0,1,1,0,1,1
29662904,,0,0.000002,82,0.000007,0,1,1,0,1,1
8389226,,0.000094,0,82,0.000028,6,0,6,6,0,6
26261478,,0,0.000002,82,0.000007,0,1,1,0,1,1
8401501,,0.000474,0,89,0.000044,9,0,9,9,0,9
9708807,,0,0.000009,89,0.000007,0,1,1,0,1,1
29285353,,0,0.006269,89,0.000007,0,5,5,0,5,5
8434413,,0.000216,0,89,0.000026,6,0,6,6,0,6
24865188,,0,0.000004,89,0.000007,0,1,1,0,1,1
18183577,,0,0.000004,89,0.000007,0,1,1,0,1,1
8454289,,0.000062,0,89,0.000026,6,0,6,6,0,6
9184233,,0,0.000001,89,0.000007,0,1,1,0,1,1
25034697,,0,0.000386,89,0.000007,0,10,10,0,10,10
27923913,,0.000001,0.001766,72,0.00001,1,11,12,1,11,12
27895797,,0,0.000009,89,0.000007,0,1,1,0,1,1
7907978,,0,0.000009,89,0.000007,0,1,1,0,1,1
25477366,,0,0.000136,89,0.000007,0,3,3,0,3,3
23059733,,0,0.000013,89,0.000007,0,1,1,0,1,1
21858794,,0,0.027561,5,0.000007,0,56,56,0,56,56
9634538,,0,0,89,0.000007,0,1,1,0,1,1
8460643,,0.000011,0,89,0.000015,3,0,3,3,0,3
30298118,,0,0.000002,72,0.000007,0,2,2,0,2,2
20689761,,0,0.000002,89,0.000007,0,1,1,0,1,1
19804601,,0,0.00044,89,0.000007,0,9,9,0,9,9
11433037,,0,0.00102,35,0.000007,0,3,3,0,3,3
21541048,,0,0,10,0.000007,0,1,1,0,1,1
8529999,,0,0,10,0.000025,3,0,3,3,0,3
16957164,,0,0,10,0.000007,0,1,1,0,1,1
16832410,,0,0,10,0.000007,0,1,1,0,1,1
8531967,,0.005532,0,89,0.000176,54,0,54,54,0,54
26577449,,0.000337,0.003473,89,0.000015,5,37,42,5,37,42
26014432,,0.000084,0.015939,89,0.000007,1,22,23,1,22,23
24838940,,0,0.001043,89,0.000007,0,8,8,0,8,8
24624093,,0,0.010172,205,0.000007,0,10,10,0,10,10
24312913,,0.001976,0.008598,89,0.000021,18,195,213,18,195,213
23633134,,0,0.000156,89,0.000007,0,3,3,0,3,3
23161852,,0.002073,0.00269,140,0.000036,14,27,41,14,27,41
17949012,,0,0.000391,181,0.00007,11,3,14,11,3,14
17721994,,0.000847,0.001194,231,0.000041,21,13,34,21,13,34
15173236,,0.006264,0.003959,5,0.000072,48,28,76,48,28,76
12488587,,0,0.003097,89,0.000007,0,18,18,0,18,18
12403743,,0,0.000108,89,0.000007,0,2,2,0,2,2
11123386,,0.000019,0.000392,89,0.000011,2,8,10,2,8,10
10027348,,0,0.001191,89,0.000007,0,10,10,0,10,10
9584103,,0,0.000721,89,0.000007,0,3,3,0,3,3
8531968,,0.003294,0,89,0.000089,44,0,44,44,0,44
27843605,,0,0.014114,1,0.000007,0,8,8,0,8,8
26867194,,0,0.002231,5,0.000007,0,19,19,0,19,19
21980244,,0,0.000137,35,0.000007,0,3,3,0,3,3
20234365,,0.000853,0.003351,5,0.000026,13,16,29,13,16,29
19826425,,0,0.000119,89,0.000007,0,3,3,0,3,3
19190627,,0,0.000454,5,0.000007,0,5,5,0,5,5
17916332,,0,0.000063,89,0.000007,0,1,1,0,1,1
14580256,,0.001366,0.002377,89,0.000033,16,21,37,16,21,37
25853295,,0,0.000078,89,0.000007,0,1,1,0,1,1
21394826,,0.001077,0.001815,140,0.000031,19,18,37,19,18,37
10901363,,0.000079,0.000475,89,0.000026,3,8,11,3,8,11
9326338,,0,0.000078,89,0.000007,0,1,1,0,1,1
29456621,,0,0.002389,89,0.000007,0,25,25,0,25,25
29373861,,0,0.000122,89,0.000007,0,1,1,0,1,1
29262670,,0,0.003351,69,0.000007,0,6,6,0,6,6
28472603,,0,0.00026,5,0.000007,0,11,11,0,11,11
27647460,,0,0.000317,35,0.000007,0,3,3,0,3,3
25212775,,0,0.000378,89,0.000007,0,7,7,0,7,7
25077650,,0,0.000285,140,0.000007,0,3,3,0,3,3
23250910,,0,0.000122,89,0.000007,0,1,1,0,1,1
22811390,,0.0032,0.001354,5,0.000036,16,8,24,16,8,24
22670105,,0,0.000461,35,0.000007,0,2,2,0,2,2
21992449,,0,0.001145,5,0.000019,4,4,8,4,4,8
21503673,,0.001847,0.003385,89,0.000033,17,34,51,17,34,51
20814817,,0.000824,0.000508,35,0.000049,18,3,21,18,3,21
20398395,,0.000838,0.010203,35,0.000011,3,33,36,3,33,36
19996028,,0.002574,0.002048,184,0.00024,68,6,74,68,6,74
19318436,,0.00009,0.003234,5,0.000039,9,21,30,9,21,30
18079052,,0,0.000122,89,0.000007,0,1,1,0,1,1
16825437,,0.000457,0.004143,100,0.000012,7,22,29,7,22,29
16495917,,0.001392,0.005018,5,0.000038,14,16,30,14,16,30
16098152,,0.000437,0.003714,5,0.00001,3,24,27,3,24,27
15642176,,0,0.000129,89,0.000007,0,2,2,0,2,2
15477862,,0.000837,0.004327,1,0.000025,9,17,26,9,17,26
11237377,,0,0.000198,5,0.000007,0,3,3,0,3,3
10797040,,0,0.000147,89,0.000007,0,2,2,0,2,2
10559036,,0,0.000241,89,0.000007,0,2,2,0,2,2
9168001,,0,0.000122,89,0.000007,0,1,1,0,1,1
26174520,,0,0.000638,5,0.000007,0,19,19,0,19,19
8536958,,0.000013,0,5,0.000036,8,0,8,8,0,8
23958724,,0,0,5,0.000007,0,1,1,0,1,1
21062459,,0,0,5,0.000007,0,1,1,0,1,1
19005969,,0,0.000009,5,0.000007,0,2,2,0,2,2
18636437,,0,0.000031,5,0.000007,0,5,5,0,5,5
18554093,,0,0.000006,5,0.000007,0,2,2,0,2,2
18541615,,0,0.000001,5,0.000007,0,2,2,0,2,2
8882221,,0,0,5,0.000007,0,1,1,0,1,1
8541881,,0.004265,0,89,0.000199,42,0,42,42,0,42
30425729,,0,0.000108,140,0.000007,0,2,2,0,2,2
30029633,,0,0.000088,35,0.000007,0,2,2,0,2,2
29572011,,0,0.000086,279,0.000007,0,2,2,0,2,2
28880270,,0,0.000344,100,0.000007,0,3,3,0,3,3
28282418,,0,0.000086,89,0.000007,0,2,2,0,2,2
27528400,,0,0.000081,89,0.000007,0,1,1,0,1,1
24816756,,0,0.000119,72,0.000007,0,2,2,0,2,2
23997864,,0,0.000082,241,0.000007,0,3,3,0,3,3
21946536,,0.004531,0.004921,140,0.000243,77,26,103,77,26,103
19594871,,0,0.000537,89,0.000007,0,6,6,0,6,6
18433505,,0.000266,0.000455,231,0.000025,13,5,18,13,5,18
15367667,,0.011268,0.004533,100,0.000239,91,19,110,91,19,110
9311732,,0,0.000081,89,0.000007,0,1,1,0,1,1
9304669,,0,0.000081,89,0.000007,0,1,1,0,1,1
8755918,,0,0.000081,89,0.000007,0,1,1,0,1,1
8550241,,0.000972,0,89,0.000039,12,0,12,12,0,12
22872794,,0,0.000197,5,0.000007,0,7,7,0,7,7
12927042,,0.000724,0.001611,5,0.00003,16,14,30,16,14,30
12223120,,0,0.000832,89,0.000007,0,8,8,0,8,8
8871551,,0,0.000032,89,0.000007,0,1,1,0,1,1
8558713,,0.00027,0,89,0.000029,8,0,8,8,0,8
9311739,,0,0.000005,89,0.000007,0,1,1,0,1,1
21811309,,0,0.003601,5,0.000007,0,10,10,0,10,10
8559544,,0.00007,0,5,0.000008,2,0,2,2,0,2
8564955,,0.002551,0,35,0.000043,19,0,19,19,0,19
26221963,,0.000246,0.002222,35,0.000008,4,25,29,4,25,29
25803781,,0,0.000078,90,0.000007,0,2,2,0,2,2
22190995,,0,0.003565,35,0.000007,0,5,5,0,5,5
21343941,,0.001316,0.011145,231,0.000017,12,26,38,12,26,38
21080930,,0.003663,0.010681,35,0.000029,15,37,52,15,37,52
20149218,,0.007192,0.004624,35,0.000047,27,23,50,27,23,50
18269736,,0.001754,0.003467,279,0.000128,28,17,45,28,17,45
15642173,,0.002508,0.006851,231,0.000038,25,24,49,25,24,49
11720473,,0.000535,0.001873,35,0.00001,4,20,24,4,20,24
17369502,,0,0.000006,35,0.000007,0,3,3,0,3,3
8566965,,0,0,35,0.000021,3,0,3,3,0,3
9482898,,0,0,35,0.000007,0,1,1,0,1,1
9199935,,0,0,35,0.000007,0,1,1,0,1,1
25505254,,0,0.000082,89,0.000007,0,1,1,0,1,1
23299532,,0,0.000182,89,0.000007,0,3,3,0,3,3
23233716,,0.00465,0.008148,89,0.000035,44,31,75,44,31,75
22763381,,0,0.001069,89,0.000007,0,27,27,0,27,27
22516946,,0.00659,0.001443,89,0.000168,46,16,62,46,16,62
21060860,,0,0.003741,231,0.000007,0,19,19,0,19,19
20470408,,0,0.000159,89,0.000007,0,4,4,0,4,4
19491894,,0.001202,0.004277,89,0.000011,8,37,45,8,37,45
15208782,,0,0.000082,89,0.000007,0,1,1,0,1,1
14624392,,0,0.000082,89,0.000007,0,2,2,0,2,2
12612865,,0,0.001203,89,0.000007,0,7,7,0,7,7
12181777,,0.002379,0.001209,89,0.00004,27,9,36,27,9,36
11506491,,0,0.000131,89,0.000007,0,2,2,0,2,2
11452040,,0.000027,0.000263,89,0.000045,9,12,21,9,12,21
11127913,,0.000002,0.000222,89,0.00007,11,2,13,11,2,13
10869234,,0,0.000131,89,0.000007,0,2,2,0,2,2
10677327,,0,0.000082,89,0.000007,0,1,1,0,1,1
9326343,,0,0.000188,89,0.000007,0,2,2,0,2,2
9207112,,0,0.000082,89,0.000007,0,1,1,0,1,1
8940269,,0,0.000082,89,0.000007,0,1,1,0,1,1
8573439,,0.000201,0,89,0.000018,2,0,2,2,0,2
15784723,,0.001264,0.000179,5,0.000119,47,9,56,47,9,56
27630665,,0,0.023371,205,0.000007,0,24,24,0,24,24
8573446,,0.000857,0,89,0.000015,5,0,5,5,0,5
10193332,,0,0.000016,89,0.000007,0,1,1,0,1,1
8573451,,0.000035,0,5,0.000016,3,0,3,3,0,3
11154619,,0,0.000001,5,0.000007,0,2,2,0,2,2
9242334,,0,0.000048,5,0.000007,0,2,2,0,2,2
8573465,,0.000097,0,89,0.000008,1,0,1,1,0,1
8575748,,0.00091,0,100,0.00002,5,0,5,5,0,5
8575845,,0.000557,0,89,0.000035,13,0,13,13,0,13
20223022,,0,0.000049,89,0.000007,0,2,2,0,2,2
15520403,,0,0.000229,89,0.000007,0,4,4,0,4,4
15199386,,0,0.000428,5,0.000007,0,10,10,0,10,10
11161404,,0,0.00055,89,0.000007,0,5,5,0,5,5
8589721,,0.006469,0,100,0.000306,57,0,57,57,0,57
27383850,,0,0.000123,100,0.000007,0,1,1,0,1,1
27356740,,0.000006,0.002398,279,0.000211,35,11,46,35,11,46
25992773,,0.000105,0.002211,168,0.000022,4,12,16,4,12,16
25969759,,0,0.000571,35,0.000019,2,7,9,2,7,9
21344391,,0.001105,0.002227,90,0.000022,9,23,32,9,23,32
20454448,,0,0.000123,100,0.000007,0,1,1,0,1,1
19585236,,0.00004,0.000396,279,0.000009,1,8,9,1,8,9
16645043,,0,0.000123,100,0.000007,0,1,1,0,1,1
15138484,,0.001739,0.00129,279,0.000036,10,14,24,10,14,24
11287641,,0,0.000123,100,0.000007,0,1,1,0,1,1
10954590,,0.002075,0.000643,279,0.000111,24,7,31,24,7,31
8589722,,0.003231,0,100,0.000084,19,0,19,19,0,19
23213348,,0,0.000175,184,0.000007,0,4,4,0,4,4
8841747,,0,0.000062,100,0.000007,0,1,1,0,1,1
19584272,,0.000744,0.006915,231,0.000021,11,25,36,11,25,36
8589723,,0.00146,0,89,0.000118,26,0,26,26,0,26
18245329,,0,0.001996,231,0.000007,0,8,8,0,8,8
18047684,,0,0.000028,89,0.000007,0,1,1,0,1,1
16537453,,0.003637,0.004965,231,0.000135,29,22,51,29,22,51
15834153,,0,0.000031,69,0.000007,0,2,2,0,2,2
10487631,,0.000008,0.000643,89,0.000063,13,2,15,13,2,15
10051005,,0,0.000028,89,0.000007,0,1,1,0,1,1
9758595,,0,0.000028,89,0.000007,0,1,1,0,1,1
9671073,,0,0.000028,89,0.000007,0,1,1,0,1,1
9634535,,0,0.0012,1,0.000007,0,9,9,0,9,9
9380716,,0,0.000028,89,0.000007,0,1,1,0,1,1
9155064,,0,0.000078,89,0.000007,0,2,2,0,2,2
30410590,,0,0.000331,89,0.000007,0,1,1,0,1,1
8589730,,0.017381,0,89,0.000412,138,0,138,138,0,138
29021639,,0,0.001343,89,0.000007,0,12,12,0,12,12
28099906,,0,0.001497,205,0.000007,0,3,3,0,3,3
26489468,,0,0.004958,100,0.000007,0,10,10,0,10,10
26455428,,0,0.000864,89,0.000007,0,8,8,0,8,8
26284228,,0,0.000331,89,0.000007,0,1,1,0,1,1
25666348,,0,0.0046,89,0.000007,0,12,12,0,12,12
24616882,,0.008274,0.052764,1,0.000048,24,49,73,24,49,73
23833673,,0,0.002182,100,0.000007,0,9,9,0,9,9
23433111,,0.00032,0.001685,100,0.000066,9,11,20,9,11,20
23393598,,0,0.001884,24,0.000031,4,15,19,4,15,19
22187435,,0,0.001945,100,0.000007,0,5,5,0,5,5
22157755,,0,0.002281,100,0.000007,0,11,11,0,11,11
21741379,,0,0.001056,140,0.000007,0,5,5,0,5,5
21731065,,0,0.011326,100,0.000007,0,10,10,0,10,10
21483806,,0,0.003589,100,0.000007,0,10,10,0,10,10
20075200,,0.000409,0.002943,279,0.000048,11,23,34,11,23,34
19774700,,0,0.005168,100,0.000007,0,25,25,0,25,25
19609323,,0,0.004644,100,0.000007,0,7,7,0,7,7
19457980,,0,0.000447,100,0.000007,0,3,3,0,3,3
19170079,,0.000002,0.000527,5,0.000014,2,8,10,2,8,10
18990703,,0,0.000826,89,0.000007,0,6,6,0,6,6
18451181,,0,0.00155,140,0.000007,0,8,8,0,8,8
18417535,,0,0.001864,100,0.000007,0,4,4,0,4,4
17940634,,0,0.001596,100,0.000007,0,4,4,0,4,4
16014699,,0.007161,0.005531,140,0.000856,201,13,214,201,13,214
15314155,,0,0.003181,100,0.000007,0,13,13,0,13,13
15217494,,0,0.001387,89,0.000007,0,8,8,0,8,8
12644832,,0,0.000463,89,0.000007,0,3,3,0,3,3
11207042,,0.000028,0.001922,89,0.000011,3,8,11,3,8,11
10373512,,0,0.002796,89,0.000007,0,14,14,0,14,14
9218518,,0,0.000331,89,0.000007,0,1,1,0,1,1
8595420,,0.002228,0,89,0.000036,15,0,15,15,0,15
20032171,,0,0.000042,89,0.000007,0,1,1,0,1,1
9414657,,0,0.000042,89,0.000007,0,1,1,0,1,1
8600523,,0.008224,0,100,0.000198,45,0,45,45,0,45
27849576,,0,0.000244,100,0.000007,0,3,3,0,3,3
26338419,,0,0.007556,100,0.000007,0,27,27,0,27,27
24335192,,0.000315,0.002902,35,0.000041,12,12,24,12,12,24
24080249,,0.000371,0.029074,100,0.000014,2,19,21,2,19,21
21464229,,0,0.001355,100,0.000007,0,5,5,0,5,5
19706752,,0.000092,0.007086,100,0.000024,6,33,39,6,33,39
19101576,,0,0.009366,100,0.000007,0,32,32,0,32,32
18628483,,0.002035,0.007227,100,0.000017,17,29,46,17,29,46
15254237,,0.001863,0.002719,176,0.000117,48,12,60,48,12,60
15220474,,0,0.000157,100,0.000007,0,1,1,0,1,1
15065664,,0.000586,0.004938,100,0.000035,10,13,23,10,13,23
11114888,,0.012354,0.005981,100,0.000644,127,17,144,127,17,144
9858595,,0,0.000849,100,0.000007,0,5,5,0,5,5
8602197,,0.000005,0,89,0.000008,1,0,1,1,0,1
18525342,,0,0.000054,5,0.000007,0,2,2,0,2,2
8602198,,0.000001,0,5,0.00001,1,0,1,1,0,1
8602199,,0.000252,0,89,0.000019,3,0,3,3,0,3
8603070,,0.000166,0,231,0.000008,2,0,2,2,0,2
27270457,,0.000105,0.003198,100,0.000008,1,19,20,1,19,20
9652759,,0,0.000001,66,0.000007,0,1,1,0,1,1
8605112,,0.0012,0,66,0.000126,37,0,37,37,0,37
26380553,,0,0.000361,69,0.000007,0,4,4,0,4,4
25406647,,0,0.000023,66,0.000007,0,1,1,0,1,1
23404580,,0,0.003356,66,0.000007,0,3,3,0,3,3
22740929,,0,0.000023,66,0.000007,0,1,1,0,1,1
21533016,,0,0.000043,66,0.000007,0,2,2,0,2,2
20955608,,0,0.000023,66,0.000007,0,1,1,0,1,1
20028875,,0,0.000023,66,0.000007,0,1,1,0,1,1
19729658,,0,0.000023,66,0.000007,0,1,1,0,1,1
19458770,,0,0.008397,35,0.000007,0,4,4,0,4,4
18796146,,0,0.000023,66,0.000007,0,1,1,0,1,1
18000362,,0,0.008474,66,0.000007,0,4,4,0,4,4
15611180,,0,0.000152,5,0.000007,0,6,6,0,6,6
14676808,,0,0.00004,89,0.000007,0,4,4,0,4,4
14578209,,0,0.000216,66,0.000007,0,3,3,0,3,3
12508358,,0,0.000046,66,0.000007,0,2,2,0,2,2
12011455,,0,0.000464,66,0.000007,0,2,2,0,2,2
11473724,,0,0.000023,66,0.000007,0,1,1,0,1,1
10884424,,0,0.000052,66,0.000007,0,2,2,0,2,2
10811911,,0,0.000023,66,0.000007,0,1,1,0,1,1
10507777,,0.001021,0.0019,231,0.000026,12,8,20,12,8,20
9820183,,0,0.000023,66,0.000007,0,1,1,0,1,1
9310246,,0,0.000023,66,0.000007,0,1,1,0,1,1
8799150,,0,0.000023,66,0.000007,0,1,1,0,1,1
8606385,,0.000531,0,140,0.000011,3,0,3,3,0,3
9382108,,0,0.000006,89,0.000007,0,2,2,0,2,2
8610259,,0,0,89,0.00001,1,0,1,1,0,1
17940620,,0,0.00028,89,0.000007,0,5,5,0,5,5
8614840,,0.00007,0,89,0.000022,4,0,4,4,0,4
11272908,,0,0.000001,89,0.000007,0,1,1,0,1,1
9016564,,0,0.000001,89,0.000007,0,1,1,0,1,1
8616748,,0.000097,0,89,0.000008,1,0,1,1,0,1
8616762,,0.007021,0,35,0.000084,46,0,46,46,0,46
27468326,,0,0.001995,5,0.000007,0,11,11,0,11,11
26496879,,0.000205,0.008458,35,0.000014,2,30,32,2,30,32
26310369,,0.000204,0.007672,1,0.000016,6,17,23,6,17,23
25368521,,0.00075,0.048898,35,0.000023,11,85,96,11,85,96
25061520,,0,0.000177,35,0.000007,0,3,3,0,3,3
24191209,,0,0.000437,35,0.000007,0,5,5,0,5,5
23409121,,0.000113,0.005526,35,0.000026,6,24,30,6,24,30
22977598,,0,0.00098,1,0.000007,0,7,7,0,7,7
20847819,,0,0.001565,279,0.000007,0,11,11,0,11,11
20824038,,0,0.000189,35,0.000007,0,4,4,0,4,4
20233484,,0.000047,0.002873,5,0.000009,2,20,22,2,20,22
20223001,,0.000946,0.011782,35,0.000013,4,19,23,4,19,23
20100965,,0.052569,0.009762,1,0.000657,247,16,263,247,16,263
19804604,,0,0.005427,5,0.000007,0,37,37,0,37,37
16768547,,0.000575,0.003148,100,0.00004,14,28,42,14,28,42
15923272,,0.001575,0.003515,140,0.000031,14,43,57,14,43,57
15220356,,0,0.000502,35,0.000007,0,3,3,0,3,3
11753038,,0,0.000494,5,0.000007,0,6,6,0,6,6
8620417,,0.000032,0,100,0.000008,2,0,2,2,0,2
15918899,,0,0.000428,100,0.000007,0,10,10,0,10,10
8622478,,0.00055,0,89,0.000012,3,0,3,3,0,3
30135548,,0,0.000062,89,0.000007,0,1,1,0,1,1
25136623,,0.000854,0.045687,1,0.000015,5,96,101,5,96,101
22293751,,0,0.009516,100,0.000007,0,5,5,0,5,5
21157981,,0,0.000062,89,0.000007,0,1,1,0,1,1
17997301,,0,0.000062,89,0.000007,0,1,1,0,1,1
15047740,,0.000011,0.000221,35,0.000014,2,8,10,2,8,10
11452363,,0,0.000382,89,0.000007,0,7,7,0,7,7
10471040,,0,0.000069,89,0.000007,0,2,2,0,2,2
9924343,,0,0.000062,89,0.000007,0,1,1,0,1,1
9777940,,0,0.000062,89,0.000007,0,1,1,0,1,1
9588896,,0,0.000062,89,0.000007,0,1,1,0,1,1
8632895,,0.000001,0,82,0.000016,4,0,4,4,0,4
9742083,,0,0.000007,89,0.000007,0,2,2,0,2,2
8634696,,0.003117,0,279,0.000054,21,0,21,21,0,21
29533737,,0,0.000074,279,0.000007,0,2,2,0,2,2
29137324,,0,0.016209,1,0.000007,0,19,19,0,19,19
26156012,,0.000093,0.000685,231,0.000007,1,9,10,1,9,10
22792269,,0,0.000059,279,0.000007,0,1,1,0,1,1
22615874,,0,0.000059,279,0.000007,0,1,1,0,1,1
21999571,,0,0.000059,279,0.000007,0,1,1,0,1,1
21217778,,0,0.000059,279,0.000007,0,1,1,0,1,1
17020921,,0,0.000267,279,0.000007,0,4,4,0,4,4
19683496,,0.003867,0.003408,1,0.000104,37,9,46,37,9,46
8634697,,0.001263,0,100,0.000083,12,0,12,12,0,12
12531920,,0.001781,0.002409,140,0.000122,34,20,54,34,20,54
12220483,,0,0.000024,100,0.000007,0,1,1,0,1,1
28122244,,0.000098,0.003203,100,0.000008,1,17,18,1,17,18
8634698,,0.000841,0,100,0.000061,8,0,8,8,0,8
20204287,,0,0.000027,69,0.000007,0,2,2,0,2,2
8634990,,0.000002,0,69,0.000026,5,0,5,5,0,5
20075391,,0,0,69,0.000007,0,1,1,0,1,1
12086888,,0,0.000088,69,0.000007,0,5,5,0,5,5
11058163,,0,0,69,0.000007,0,1,1,0,1,1
28442502,,0,0.00022,90,0.000007,0,2,2,0,2,2
8637708,,0.00115,0,100,0.000069,14,0,14,14,0,14
25505059,,0,0.000113,100,0.000007,0,2,2,0,2,2
20668074,,0,0.000029,176,0.000007,0,2,2,0,2,2
8640235,,0.008719,0,89,0.000128,63,0,63,63,0,63
29126202,,0,0.000234,89,0.000007,0,2,2,0,2,2
26932841,,0,0.000166,89,0.000007,0,1,1,0,1,1
26186187,,0,0.000779,89,0.000007,0,3,3,0,3,3
25938495,,0,0.000393,89,0.000007,0,2,2,0,2,2
24835992,,0,0.001135,100,0.000007,0,3,3,0,3,3
23385652,,0,0.000166,89,0.000007,0,1,1,0,1,1
23063622,,0,0.001327,89,0.000007,0,2,2,0,2,2
22483534,,0,0.000166,89,0.000007,0,1,1,0,1,1
22325354,,0,0.011079,1,0.000007,0,6,6,0,6,6
21670257,,0,0.000591,89,0.000007,0,2,2,0,2,2
19620486,,0,0.01188,5,0.000007,0,10,10,0,10,10
19461667,,0,0.002908,1,0.000007,0,9,9,0,9,9
18623241,,0,0.000223,231,0.000007,0,4,4,0,4,4
17945002,,0,0.00174,89,0.000007,0,10,10,0,10,10
12605716,,0,0.001327,89,0.000007,0,2,2,0,2,2
30174293,,0,0.000064,140,0.000007,0,2,2,0,2,2
8640236,,0.002612,0,89,0.000061,31,0,31,31,0,31
28868023,,0,0.000489,140,0.000007,0,6,6,0,6,6
25736055,,0.00003,0.001224,1,0.00002,3,7,10,3,7,10
10793087,,0,0.000838,89,0.000007,0,5,5,0,5,5
29028794,,0,0.00005,89,0.000007,0,1,1,0,1,1
8640237,,0.002645,0,89,0.00018,57,0,57,57,0,57
28855259,,0,0.000058,89,0.000007,0,2,2,0,2,2
27158268,,0,0.000429,89,0.000007,0,3,3,0,3,3
26890526,,0,0.000067,89,0.000007,0,3,3,0,3,3
26734601,,0,0.000058,89,0.000007,0,2,2,0,2,2
26699908,,0,0.00005,89,0.000007,0,1,1,0,1,1
26085575,,0.001331,0.000694,100,0.000027,20,7,27,20,7,27
25317108,,0,0.000073,89,0.000007,0,3,3,0,3,3
25228379,,0,0.00005,89,0.000007,0,1,1,0,1,1
24956175,,0,0.000064,89,0.000007,0,3,3,0,3,3
24637839,,0,0.000069,89,0.000007,0,3,3,0,3,3
24278713,,0,0.00005,89,0.000007,0,1,1,0,1,1
24093510,,0,0.00005,89,0.000007,0,1,1,0,1,1
24080407,,0,0.000094,89,0.000007,0,3,3,0,3,3
23675233,,0,0.000591,100,0.000007,0,9,9,0,9,9
23087845,,0,0.00005,89,0.000007,0,1,1,0,1,1
22869729,,0,0.00005,89,0.000007,0,1,1,0,1,1
22704332,,0,0.00005,89,0.000007,0,1,1,0,1,1
21876680,,0,0.00005,89,0.000007,0,1,1,0,1,1
21779174,,0,0.002976,100,0.000007,0,8,8,0,8,8
21210251,,0,0.000078,89,0.000007,0,3,3,0,3,3
20307669,,0,0.000669,89,0.000007,0,11,11,0,11,11
18534786,,0,0.00005,89,0.000007,0,1,1,0,1,1
16950820,,0.00062,0.000308,89,0.000038,12,10,22,12,10,22
16877817,,0,0.000058,89,0.000007,0,2,2,0,2,2
16511833,,0,0.00005,89,0.000007,0,1,1,0,1,1
15514065,,0,0.00005,89,0.000007,0,1,1,0,1,1
12805277,,0,0.00005,89,0.000007,0,1,1,0,1,1
11560904,,0,0.00005,89,0.000007,0,1,1,0,1,1
11333864,,0,0.001624,1,0.000007,0,7,7,0,7,7
9973282,,0,0.00005,89,0.000007,0,1,1,0,1,1
9330599,,0,0.00005,89,0.000007,0,1,1,0,1,1
8640808,,0.000539,0,89,0.000024,6,0,6,6,0,6
8642955,,0.002798,0,89,0.000038,17,0,17,17,0,17
25983549,,0,0.001046,5,0.000007,0,10,10,0,10,10
8642956,,0.000212,0,89,0.000027,8,0,8,8,0,8
24821458,,0,0.000058,5,0.000007,0,7,7,0,7,7
17096838,,0,0.000004,89,0.000007,0,1,1,0,1,1
15306593,,0,0.000004,89,0.000007,0,1,1,0,1,1
20142248,,0,0.000063,89,0.000007,0,1,1,0,1,1
10364525,,0,0.000063,89,0.000007,0,1,1,0,1,1
23038782,,0.002599,0.008364,100,0.000016,13,23,36,13,23,36
10884917,,0,0.000039,89,0.000007,0,1,1,0,1,1
30236776,,0,0.006241,5,0.000007,0,29,29,0,29,29
8648868,,0.00394,0,5,0.000153,94,0,94,94,0,94
30103738,,0,0.004828,5,0.000007,0,27,27,0,27,27
28542378,,0,0.00081,5,0.000007,0,23,23,0,23,23
27594054,,0,0.00088,5,0.000007,0,6,6,0,6,6
26878762,,0,0.000083,5,0.000007,0,2,2,0,2,2
26810587,,0,0.000075,5,0.000007,0,1,1,0,1,1
26389838,,0,0.00132,5,0.000007,0,16,16,0,16,16
26032340,,0,0.00009,5,0.000007,0,2,2,0,2,2
26004130,,0,0.000242,5,0.000007,0,11,11,0,11,11
25256359,,0,0.000129,5,0.000007,0,5,5,0,5,5
24970542,,0,0.000076,5,0.000007,0,2,2,0,2,2
24073142,,0,0.000075,5,0.000007,0,1,1,0,1,1
24010759,,0,0.000142,5,0.000007,0,3,3,0,3,3
23917453,,0.00002,0.01584,5,0.000007,1,26,27,1,26,27
23860039,,0,0.000209,5,0.000007,0,6,6,0,6,6
23157996,,0,0.000183,5,0.000007,0,8,8,0,8,8
22790832,,0.000276,0.000983,5,0.000019,12,19,31,12,19,31
22766984,,0.000268,0.002879,5,0.000017,7,26,33,7,26,33
22231763,,0.001255,0.000323,5,0.000024,13,11,24,13,11,24
21990416,,0.001305,0.000435,5,0.000015,14,15,29,14,15,29
21756124,,0.000036,0.000212,5,0.00001,2,10,12,2,10,12
21691207,,0.000038,0.000592,5,0.000025,8,11,19,8,11,19
21307304,,0,0.000099,5,0.000007,0,3,3,0,3,3
20204945,,0.00024,0.000301,5,0.000023,8,21,29,8,21,29
20203477,,0,0.000075,5,0.000007,0,1,1,0,1,1
19929403,,0,0.001289,89,0.000007,0,18,18,0,18,18
19605829,,0,0.000126,5,0.000007,0,3,3,0,3,3
19525703,,0.000294,0.001015,5,0.000013,2,12,14,2,12,14
19390990,,0.000007,0.000331,5,0.000013,4,17,21,4,17,21
19169829,,0,0.000179,89,0.000007,0,3,3,0,3,3
19019415,,0.003664,0.001244,1,0.000025,17,16,33,17,16,33
18479882,,0.000214,0.000769,5,0.000018,13,12,25,13,12,25
17949286,,0.001051,0.001639,5,0.000025,18,15,33,18,15,33
17948904,,0,0.000089,5,0.000007,0,2,2,0,2,2
17060218,,0,0.000075,5,0.000007,0,1,1,0,1,1
16612057,,0.000307,0.000234,5,0.000023,10,12,22,10,12,22
15235043,,0,0.000343,5,0.000007,0,20,20,0,20,20
14735171,,0,0.000084,5,0.000007,0,4,4,0,4,4
12940798,,0,0.000091,5,0.000007,0,2,2,0,2,2
12911650,,0,0.000094,5,0.000007,0,6,6,0,6,6
11141871,,0,0.000075,5,0.000007,0,1,1,0,1,1
10755396,,0.000758,0.000252,5,0.000015,9,6,15,9,6,15
10486532,,0,0.000075,5,0.000007,0,1,1,0,1,1
9549463,,0,0.000825,5,0.000007,0,4,4,0,4,4
20034397,,0,0.000065,69,0.000007,0,7,7,0,7,7
8665505,,0.003022,0,89,0.000037,17,0,17,17,0,17
27016230,,0,0.012759,1,0.000007,0,14,14,0,14,14
16417627,,0,0.000058,140,0.000007,0,3,3,0,3,3
23407849,,0,0.000026,89,0.000007,0,2,2,0,2,2
8672929,,0,0,89,0.00001,1,0,1,1,0,1
30275862,,0,0.000636,89,0.000007,0,11,11,0,11,11
8673091,,0.003482,0,89,0.000106,58,0,58,58,0,58
29703267,,0,0.00061,231,0.000007,0,14,14,0,14,14
29433453,,0,0.005028,89,0.00001,1,14,15,1,14,15
28946846,,0,0.000738,89,0.000007,0,7,7,0,7,7
28944120,,0,0.000245,89,0.000007,0,3,3,0,3,3
28690658,,0,0.000143,89,0.000007,0,6,6,0,6,6
28630313,,0,0.005925,100,0.000007,0,9,9,0,9,9
28008555,,0.000295,0.002916,231,0.000009,4,21,25,4,21,25
26741064,,0,0.000446,205,0.000007,0,4,4,0,4,4
25632310,,0.000269,0.00148,89,0.000015,7,8,15,7,8,15
25320599,,0.000346,0.000748,89,0.000015,5,9,14,5,9,14
24938873,,0,0.000082,35,0.000007,0,2,2,0,2,2
23935381,,0.000753,0.006191,100,0.000018,13,35,48,13,35,48
22382806,,0.000931,0.003314,89,0.000015,11,31,42,11,31,42
20927582,,0,0.001747,89,0.000007,0,18,18,0,18,18
20308661,,0,0.00187,89,0.000007,0,9,9,0,9,9
18797466,,0,0.001894,100,0.000007,0,6,6,0,6,6
18158280,,0.000177,0.003712,89,0.000009,3,18,21,3,18,21
15548363,,0,0.001288,89,0.000007,0,18,18,0,18,18
12022038,,0,0.000066,89,0.000007,0,1,1,0,1,1
11950811,,0,0.000355,89,0.000007,0,7,7,0,7,7
10577940,,0.000817,0.00184,89,0.000022,10,7,17,10,7,17
10051004,,0,0.000074,89,0.000007,0,2,2,0,2,2
29356578,,0,0.005815,140,0.000007,0,23,23,0,23,23
8673092,,0.007135,0,89,0.000148,64,0,64,64,0,64
29197417,,0,0.000501,5,0.000007,0,14,14,0,14,14
28655807,,0,0.001713,89,0.000007,0,13,13,0,13,13
28575672,,0,0.002466,100,0.000007,0,11,11,0,11,11
22866093,,0.000385,0.004774,89,0.000011,7,15,22,7,15,22
22703879,,0.001106,0.001643,140,0.000461,99,10,109,99,10,109
20455026,,0.000158,0.001143,140,0.000009,3,17,20,3,17,20
19767587,,0,0.004229,89,0.000007,0,10,10,0,10,10
18940471,,0,0.001385,89,0.000007,0,7,7,0,7,7
17603881,,0.000512,0.001867,89,0.000078,18,13,31,18,13,31
17525135,,0,0.000242,89,0.000007,0,2,2,0,2,2
8674039,,0.000508,0,279,0.000024,6,0,6,6,0,6
14583770,,0,0.000126,279,0.000007,0,3,3,0,3,3
10362802,,0,0.00001,279,0.000007,0,1,1,0,1,1
30383754,,0,0.003203,100,0.000007,0,12,12,0,12,12
8674108,,0.019716,0,100,0.000748,160,0,160,160,0,160
30340501,,0,0.000645,100,0.000007,0,4,4,0,4,4
30305020,,0,0.000391,100,0.000007,0,3,3,0,3,3
29712865,,0,0.003945,100,0.000007,0,14,14,0,14,14
29426838,,0,0.008445,100,0.000007,0,31,31,0,31,31
28839193,,0,0.000376,100,0.000007,0,1,1,0,1,1
27819109,,0,0.000408,35,0.000007,0,2,2,0,2,2
27481995,,0,0.00039,24,0.000007,0,2,2,0,2,2
27313062,,0.000068,0.00596,100,0.000008,1,22,23,1,22,23
27164092,,0,0.00047,100,0.000007,0,2,2,0,2,2
27137888,,0,0.000376,100,0.000007,0,1,1,0,1,1
27058754,,0,0.002715,100,0.000007,0,12,12,0,12,12
27043663,,0,0.003291,100,0.000007,0,17,17,0,17,17
26941120,,0,0.003851,100,0.000007,0,21,21,0,21,21
26926912,,0,0.008522,100,0.000007,0,34,34,0,34,34
26792133,,0,0.00261,100,0.000007,0,10,10,0,10,10
25954303,,0,0.006424,100,0.000007,0,15,15,0,15,15
25741594,,0,0.000376,100,0.000007,0,1,1,0,1,1
25636482,,0,0.001227,100,0.000007,0,5,5,0,5,5
25590533,,0,0.001836,100,0.000007,0,4,4,0,4,4
25565522,,0,0.002091,100,0.000007,0,7,7,0,7,7
25349447,,0,0.000752,100,0.000007,0,3,3,0,3,3
25086022,,0,0.000376,100,0.000007,0,1,1,0,1,1
24889535,,0,0.000596,100,0.000007,0,6,6,0,6,6
23994874,,0.00157,0.013407,100,0.000059,18,14,32,18,14,32
23916969,,0,0.007193,100,0.000007,0,20,20,0,20,20
23857982,,0,0.009783,100,0.000007,0,24,24,0,24,24
23657012,,0,0.014029,100,0.000007,0,17,17,0,17,17
23585894,,0.00074,0.004946,100,0.000045,15,13,28,15,13,28
23528888,,0,0.01254,69,0.000007,0,18,18,0,18,18
22788692,,0,0.000376,100,0.000007,0,1,1,0,1,1
22761758,,0,0.000376,100,0.000007,0,1,1,0,1,1
22629260,,0.000126,0.010593,100,0.000034,9,46,55,9,46,55
22580959,,0,0.004254,100,0.000007,0,16,16,0,16,16
22539352,,0,0.009095,100,0.000007,0,26,26,0,26,26
22521491,,0,0.000376,100,0.000007,0,1,1,0,1,1
22034435,,0,0.004644,100,0.000007,0,19,19,0,19,19
21836819,,0,0.003012,100,0.000007,0,14,14,0,14,14
21800101,,0,0.000404,100,0.000007,0,2,2,0,2,2
21778574,,0,0.016723,100,0.000007,0,43,43,0,43,43
21283715,,0,0.000376,100,0.000007,0,1,1,0,1,1
21075289,,0,0.001926,35,0.000007,0,16,16,0,16,16
21054854,,0,0.02487,100,0.000007,0,33,33,0,33,33
20842695,,0,0.0007,100,0.000007,0,2,2,0,2,2
20453858,,0.073117,0.019954,100,0.000761,317,19,336,317,19,336
20385750,,0,0.001303,100,0.000007,0,4,4,0,4,4
19959799,,0,0.004859,100,0.000007,0,15,15,0,15,15
19338681,,0.000034,0.001923,89,0.000007,1,9,10,1,9,10
19325126,,0,0.000376,100,0.000007,0,1,1,0,1,1
19088202,,0.012496,0.006076,100,0.000078,57,24,81,57,24,81
18974873,,0,0.000376,100,0.000007,0,1,1,0,1,1
18285820,,0,0.001424,100,0.000007,0,6,6,0,6,6
17626182,,0.018578,0.020796,100,0.000742,123,21,144,123,21,144
17379580,,0.005541,0.028691,100,0.000174,46,55,101,46,55,101
17130244,,0,0.000459,100,0.000007,0,2,2,0,2,2
16790550,,0,0.000988,100,0.000007,0,3,3,0,3,3
16446425,,0,0.000376,100,0.000007,0,1,1,0,1,1
16000404,,0,0.000384,184,0.000007,0,2,2,0,2,2
15831459,,0,0.001011,100,0.000007,0,6,6,0,6,6
15743496,,0.001016,0.000531,231,0.000161,20,6,26,20,6,26
15282322,,0,0.0007,100,0.000007,0,2,2,0,2,2
15232000,,0,0.000376,100,0.000007,0,1,1,0,1,1
15169895,,0,0.000376,100,0.000007,0,1,1,0,1,1
15131084,,0.002156,0.006485,100,0.00007,28,25,53,28,25,53
14993262,,0,0.000731,100,0.000007,0,3,3,0,3,3
14729816,,0.00518,0.016136,35,0.000251,31,29,60,31,29,60
12588986,,0,0.000727,100,0.000007,0,3,3,0,3,3
12529396,,0,0.000376,100,0.000007,0,1,1,0,1,1
12450415,,0,0.001577,100,0.000007,0,5,5,0,5,5
12024039,,0.002873,0.004174,100,0.000102,32,24,56,32,24,56
11904422,,0,0.000376,100,0.000007,0,1,1,0,1,1
11879563,,0,0.001978,100,0.000007,0,14,14,0,14,14
11865061,,0,0.000612,100,0.000007,0,2,2,0,2,2
11839814,,0,0.000376,100,0.000007,0,1,1,0,1,1
11358863,,0.006116,0.001253,100,0.000163,41,7,48,41,7,48
11283266,,0,0.0007,100,0.000007,0,2,2,0,2,2
11250695,,0.000271,0.005404,100,0.000025,4,15,19,4,15,19
11172041,,0,0.0007,100,0.000007,0,2,2,0,2,2
11158604,,0,0.0007,100,0.000007,0,2,2,0,2,2
11027287,,0,0.000376,100,0.000007,0,1,1,0,1,1
10950870,,0,0.0007,100,0.000007,0,2,2,0,2,2
10859164,,0,0.00088,100,0.000007,0,2,2,0,2,2
10859163,,0,0.000596,100,0.000007,0,2,2,0,2,2
10805751,,0,0.0007,100,0.000007,0,2,2,0,2,2
10691732,,0,0.001934,100,0.000007,0,4,4,0,4,4
10655477,,0.002831,0.005306,100,0.000163,44,20,64,44,20,64
10640272,,0,0.000376,100,0.000007,0,1,1,0,1,1
10090719,,0.001808,0.003392,72,0.000162,33,10,43,33,10,43
9923797,,0,0.000376,100,0.000007,0,1,1,0,1,1
9843483,,0,0.0007,100,0.000007,0,2,2,0,2,2
9520423,,0,0.000376,100,0.000007,0,1,1,0,1,1
9512518,,0,0.000376,100,0.000007,0,1,1,0,1,1
9420335,,0,0.000376,100,0.000007,0,1,1,0,1,1
9336464,,0,0.000376,100,0.000007,0,1,1,0,1,1
9224597,,0,0.001395,100,0.000007,0,2,2,0,2,2
8676668,,0.000246,0,89,0.000011,3,0,3,3,0,3
8682513,,0.000072,0,89,0.00001,1,0,1,1,0,1
8684125,,0.000414,0,89,0.000011,5,0,5,5,0,5
22431477,,0,0.000009,89,0.000007,0,1,1,0,1,1
8695152,,0.000454,0,89,0.000046,7,0,7,7,0,7
15483347,,0,0.000009,89,0.000007,0,2,2,0,2,2
28452926,,0,0.000717,205,0.000007,0,9,9,0,9,9
8695765,,0.000143,0,89,0.000012,5,0,5,5,0,5
21629434,,0,0.000107,89,0.000007,0,3,3,0,3,3
21702907,,0,0.003,5,0.000007,0,11,11,0,11,11
8700509,,0.001094,0,279,0.000051,14,0,14,14,0,14
21637503,,0.002077,0.003439,89,0.000034,24,45,69,24,45,69
9621070,,0,0.000047,279,0.000007,0,2,2,0,2,2
8700521,,0.000136,0,100,0.000117,8,0,8,8,0,8
12471204,,0,0.000003,100,0.000007,0,1,1,0,1,1
9683596,,0,0.000003,100,0.000007,0,1,1,0,1,1
9557656,,0,0.000008,100,0.000007,0,2,2,0,2,2
9400934,,0,0.000003,100,0.000007,0,1,1,0,1,1
9371798,,0.000272,0.000003,100,0.000097,23,1,24,23,1,24
9245987,,0,0.000003,100,0.000007,0,1,1,0,1,1
8700535,,0.004509,0,100,0.000094,33,0,33,33,0,33
25625517,,0,0.000627,100,0.000007,0,5,5,0,5,5
23070009,,0,0.010131,100,0.000007,0,19,19,0,19,19
20608971,,0.001133,0.005477,100,0.000025,16,35,51,16,35,51
20046869,,0,0.004749,1,0.000007,0,26,26,0,26,26
17428466,,0.00107,0.003473,100,0.000072,13,24,37,13,24,37
11250691,,0,0.000086,100,0.000007,0,1,1,0,1,1
9857177,,0,0.000086,100,0.000007,0,1,1,0,1,1
10588735,,0,0,82,0.000007,0,1,1,0,1,1
8703123,,0,0,82,0.000016,2,0,2,2,0,2
8705994,,0.007894,0,1,0.000054,25,0,25,25,0,25
26584681,,0.000204,0.008468,1,0.000008,1,15,16,1,15,16
22759740,,0,0.045494,1,0.000007,0,34,34,0,34,34
21990299,,0.037422,0.020495,1,0.000293,121,29,150,121,29,150
20547991,,0.048459,0.029523,1,0.000239,120,23,143,120,23,143
23213058,,0.000345,0.001898,35,0.000168,30,8,38,30,8,38
8707299,,0.000161,0,89,0.000027,3,0,3,3,0,3
8707769,,0.000009,0,5,0.000008,1,0,1,1,0,1
26327783,,0,0.006508,35,0.000007,0,31,31,0,31,31
8709756,,0.000836,0,35,0.000016,5,0,5,5,0,5
27549118,,0,0.000003,89,0.000007,0,1,1,0,1,1
8710380,,0.000167,0,89,0.000045,9,0,9,9,0,9
25973395,,0,0.000003,89,0.000007,0,1,1,0,1,1
15964795,,0,0.000003,89,0.000007,0,1,1,0,1,1
12610779,,0,0.000022,89,0.000007,0,3,3,0,3,3
10507764,,0,0.000003,89,0.000007,0,1,1,0,1,1
9600920,,0,0.000003,89,0.000007,0,1,1,0,1,1
25393451,,0,0.000338,41,0.000007,0,6,6,0,6,6
8714791,,0.000309,0,89,0.000017,7,0,7,7,0,7
24140413,,0,0.000564,89,0.000007,0,5,5,0,5,5
22692071,,0,0.000313,89,0.000007,0,2,2,0,2,2
22009719,,0,0.001885,89,0.000007,0,3,3,0,3,3
8722746,,0.000131,0,89,0.000022,4,0,4,4,0,4
20865092,,0,0.000009,89,0.000007,0,2,2,0,2,2
15693932,,0,0.000725,89,0.000007,0,9,9,0,9,9
8723683,,0.001002,0,89,0.000017,12,0,12,12,0,12
23267305,,0.000312,0.001614,89,0.000009,3,19,22,3,19,22
21464040,,0,0.001536,5,0.000007,0,5,5,0,5,5
29554198,,0,0.000002,5,0.000007,0,1,1,0,1,1
8724215,,0.00009,0,5,0.000379,72,0,72,72,0,72
29088842,,0,0.00008,5,0.000007,0,2,2,0,2,2
29085507,,0,0.000002,5,0.000007,0,1,1,0,1,1
29084512,,0,0.000002,5,0.000007,0,1,1,0,1,1
28260177,,0,0.000002,5,0.000007,0,1,1,0,1,1
28196846,,0,0.000169,5,0.000007,0,2,2,0,2,2
27813060,,0,0.000002,5,0.000007,0,1,1,0,1,1
26855440,,0,0.000002,5,0.000007,0,1,1,0,1,1
25797100,,0,0.000002,5,0.000007,0,1,1,0,1,1
25506089,,0,0.000002,5,0.000007,0,1,1,0,1,1
25389105,,0,0.000529,35,0.000007,0,8,8,0,8,8
24765206,,0,0.000002,5,0.000007,0,1,1,0,1,1
24621503,,0,0.000002,5,0.000007,0,1,1,0,1,1
24249438,,0,0.000002,5,0.000007,0,1,1,0,1,1
23293394,,0,0.000002,5,0.000007,0,1,1,0,1,1
23282240,,0,0.000004,5,0.000007,0,2,2,0,2,2
23171873,,0,0.000002,5,0.000007,0,1,1,0,1,1
23088607,,0,0.000002,5,0.000007,0,1,1,0,1,1
22953181,,0,0.000087,89,0.000007,0,4,4,0,4,4
22936839,,0,0.000002,5,0.000007,0,1,1,0,1,1
22740868,,0,0.000002,5,0.000007,0,1,1,0,1,1
22028401,,0,0.000011,35,0.000007,0,2,2,0,2,2
21956096,,0,0.000002,5,0.000007,0,1,1,0,1,1
21464039,,0,0.000002,5,0.000007,0,1,1,0,1,1
21432907,,0,0.000002,5,0.000007,0,1,1,0,1,1
20724373,,0,0.000002,5,0.000007,0,1,1,0,1,1
20494530,,0,0.000002,5,0.000007,0,1,1,0,1,1
20484174,,0,0.000002,5,0.000007,0,1,1,0,1,1
20422714,,0,0.000002,5,0.000007,0,1,1,0,1,1
20147667,,0,0.000002,5,0.000007,0,1,1,0,1,1
20049199,,0,0.000042,5,0.000007,0,3,3,0,3,3
19934325,,0,0.000002,5,0.000007,0,1,1,0,1,1
19862633,,0,0.000002,5,0.000007,0,1,1,0,1,1
19800794,,0,0.000002,5,0.000007,0,1,1,0,1,1
19629651,,0,0.000002,5,0.000007,0,1,1,0,1,1
19548084,,0,0.000002,5,0.000007,0,1,1,0,1,1
19423528,,0,0.000002,5,0.000007,0,1,1,0,1,1
19244174,,0,0.000002,5,0.000007,0,1,1,0,1,1
19197401,,0,0.000014,231,0.000007,0,2,2,0,2,2
19003581,,0,0.000002,5,0.000007,0,1,1,0,1,1
18794155,,0,0.000002,279,0.000007,0,2,2,0,2,2
18709175,,0,0.000002,5,0.000007,0,1,1,0,1,1
18516289,,0,0.000004,5,0.000007,0,2,2,0,2,2
18417735,,0,0.000002,5,0.000007,0,1,1,0,1,1
18080775,,0,0.000002,5,0.000007,0,1,1,0,1,1
17224037,,0,0.00003,231,0.000007,0,2,2,0,2,2
16569222,,0,0.000002,5,0.000007,0,1,1,0,1,1
16168110,,0,0.000002,5,0.000007,0,1,1,0,1,1
16100311,,0,0.000002,5,0.000007,0,1,1,0,1,1
15963732,,0,0.000002,5,0.000007,0,1,1,0,1,1
15634366,,0,0.000002,5,0.000007,0,1,1,0,1,1
15617560,,0,0.000002,5,0.000007,0,1,1,0,1,1
15345075,,0,0.000556,5,0.000007,0,6,6,0,6,6
15295101,,0,0.000002,5,0.000007,0,1,1,0,1,1
12934865,,0,0.000002,5,0.000007,0,1,1,0,1,1
12817999,,0,0.000002,5,0.000007,0,1,1,0,1,1
12631394,,0,0.000002,5,0.000007,0,1,1,0,1,1
12408694,,0,0.000002,5,0.000007,0,1,1,0,1,1
11919060,,0,0.000002,5,0.000007,0,1,1,0,1,1
11879551,,0,0.000004,5,0.000007,0,2,2,0,2,2
11518544,,0,0.000002,5,0.000007,0,1,1,0,1,1
11450279,,0,0.000002,5,0.000007,0,1,1,0,1,1
11450210,,0,0.000002,5,0.000007,0,1,1,0,1,1
10463094,,0,0.000085,5,0.000007,0,2,2,0,2,2
10229714,,0,0.000005,90,0.000007,0,2,2,0,2,2
10206312,,0,0.000002,5,0.000007,0,1,1,0,1,1
9721252,,0,0.000004,231,0.000007,0,3,3,0,3,3
9645176,,0,0.000069,5,0.000007,0,2,2,0,2,2
9357741,,0,0.000002,5,0.000007,0,1,1,0,1,1
28270171,,0,0.001689,69,0.000007,0,13,13,0,13,13
8724217,,0.000032,0,69,0.000014,2,0,2,2,0,2
20398372,,0,0.000001,69,0.000007,0,1,1,0,1,1
30405807,,0,0.000002,89,0.000007,0,1,1,0,1,1
20564342,,0,0.000002,89,0.000007,0,1,1,0,1,1
17598916,,0,0.000002,89,0.000007,0,1,1,0,1,1
17003396,,0,0.000531,5,0.000007,0,6,6,0,6,6
8741803,,0,0.000002,89,0.000007,0,1,1,0,1,1
8741801,,0,0.000002,89,0.000007,0,1,1,0,1,1
8747400,,0.000001,0,69,0.000008,1,0,1,1,0,1
8747927,,0,0,205,0.00001,1,0,1,1,0,1
20920338,,0.000087,0.000718,89,0.00002,3,6,9,3,6,9
27930734,,0,0.000615,205,0.000007,0,7,7,0,7,7
27313952,,0,0.000323,89,0.000007,0,8,8,0,8,8
14633621,,0,0.00021,279,0.000007,0,4,4,0,4,4
8761410,,0.00002,0,89,0.000013,3,0,3,3,0,3
11139513,,0,0.000112,89,0.000007,0,3,3,0,3,3
29276372,,0,0.005346,168,0.000007,0,4,4,0,4,4
8764110,,0.000425,0,168,0.000038,4,0,4,4,0,4
23945289,,0.000235,0.001037,168,0.000098,18,3,21,18,3,21
26926928,,0.000005,0.000492,1,0.000009,1,12,13,1,12,13
8776600,,0.002265,0,89,0.000067,25,0,25,25,0,25
25011685,,0.000599,0.000756,140,0.000036,10,13,23,10,13,23
24502646,,0.000047,0.000158,89,0.000024,6,6,12,6,6,12
23964347,,0,0.015974,1,0.000007,0,30,30,0,30,30
23884293,,0,0.001533,89,0.000007,0,7,7,0,7,7
21708019,,0.000312,0.002865,231,0.000018,8,30,38,8,30,38
8780884,,0.00448,0,100,0.000471,32,0,32,32,0,32
29567272,,0.000308,0.012493,1,0.000007,1,13,14,1,13,14
28881569,,0.000713,0.005646,1,0.000011,4,15,19,4,15,19
26189575,,0,0.000653,1,0.000007,0,4,4,0,4,4
24091731,,0.000461,0.002699,100,0.000014,4,11,15,4,11,15
21914189,,0.000414,0.001446,279,0.000015,5,10,15,5,10,15
20185827,,0.002822,0.003151,100,0.000062,29,25,54,29,25,54
19464967,,0,0.001049,100,0.000007,0,7,7,0,7,7
15563594,,0,0.002625,100,0.000007,0,11,11,0,11,11
11983916,,0.001058,0.000525,137,0.000683,126,2,128,126,2,128
9653194,,0.000281,0.000401,48,0.000352,60,3,63,60,3,63
29435132,,0,0.005106,1,0.000007,0,12,12,0,12,12
8780885,,0.005188,0,100,0.000081,33,0,33,33,0,33
25349192,,0,0.009637,1,0.000007,0,5,5,0,5,5
24843000,,0.002552,0.023771,1,0.000052,19,17,36,19,17,36
18296025,,0.000404,0.003792,100,0.000025,4,16,20,4,16,20
22343226,,0,0.004315,69,0.000007,0,32,32,0,32,32
8784888,,0.000084,0,69,0.000008,2,0,2,2,0,2
19139004,,0,0.000068,69,0.000007,0,6,6,0,6,6
8786111,,0.000094,0,89,0.000007,1,0,1,1,0,1
20005186,,0,0.000005,151,0.000007,0,2,2,0,2,2
8787054,,0,0,151,0.000016,2,0,2,2,0,2
10735510,,0,0,151,0.000007,0,1,1,0,1,1
8791126,,0.000125,0,140,0.00001,1,0,1,1,0,1
9304675,,0,0.000007,89,0.000007,0,1,1,0,1,1
8807330,,0.005536,0,89,0.000186,51,0,51,51,0,51
25877891,,0,0.007577,89,0.000007,0,3,3,0,3,3
23977447,,0,0.000106,89,0.000007,0,1,1,0,1,1
23789027,,0,0.00017,89,0.000007,0,6,6,0,6,6
23344954,,0.001423,0.002927,100,0.000074,22,24,46,22,24,46
21764905,,0,0.000106,89,0.000007,0,1,1,0,1,1
19745069,,0,0.001266,89,0.000007,0,2,2,0,2,2
19383379,,0.002238,0.002437,231,0.00006,30,12,42,30,12,42
19336551,,0.002584,0.002367,5,0.000013,15,32,47,15,32,47
18989261,,0,0.000106,89,0.000007,0,1,1,0,1,1
18951446,,0,0.001314,140,0.000007,0,10,10,0,10,10
18951438,,0.000807,0.000853,140,0.000072,14,9,23,14,9,23
15814069,,0,0.000189,89,0.000007,0,4,4,0,4,4
12354814,,0.000912,0.000106,35,0.000059,9,1,10,9,1,10
10908331,,0,0.001166,100,0.000007,0,4,4,0,4,4
9582198,,0,0.000106,89,0.000007,0,1,1,0,1,1
8808710,,0.000544,0,89,0.000014,6,0,6,6,0,6
29784808,,0,0,11,0.000007,0,1,1,0,1,1
8824721,,0,0,11,0.000127,20,0,20,20,0,20
29588307,,0,0,11,0.000007,0,1,1,0,1,1
29133867,,0,0,11,0.000007,0,1,1,0,1,1
27907099,,0,0,11,0.000007,0,1,1,0,1,1
22619565,,0,0,11,0.000007,0,1,1,0,1,1
21693435,,0,0,11,0.000007,0,1,1,0,1,1
20033472,,0,0,11,0.000007,0,1,1,0,1,1
18080139,,0,0,11,0.000007,0,1,1,0,1,1
10577937,,0,0,11,0.000007,0,1,1,0,1,1
10491404,,0,0,11,0.000007,0,1,1,0,1,1
9861025,,0,0,11,0.000007,0,1,1,0,1,1
9861021,,0,0,11,0.000007,0,1,1,0,1,1
9529362,,0,0,11,0.000007,0,1,1,0,1,1
9403714,,0,0,11,0.000007,0,1,1,0,1,1
9358774,,0,0,11,0.000007,0,1,1,0,1,1
9132502,,0,0,11,0.000007,0,1,1,0,1,1
9108092,,0,0,11,0.000007,0,1,1,0,1,1
9006320,,0,0,11,0.000007,0,1,1,0,1,1
8950679,,0,0,11,0.000007,0,1,1,0,1,1
8755927,,0,0,11,0.000007,0,1,1,0,1,1
8828444,,0.00002,0,89,0.000007,1,0,1,1,0,1
8840964,,0.001312,0,90,0.000021,15,0,15,15,0,15
28270739,,0.00005,0.001016,35,0.000007,1,11,12,1,11,12
24658338,,0,0.000382,90,0.000007,0,10,10,0,10,10
22615956,,0.0002,0.000483,90,0.000021,7,8,15,7,8,15
16280041,,0.000066,0.002622,140,0.000013,5,20,25,5,20,25
11983855,,0,0.000033,100,0.000007,0,2,2,0,2,2
27001068,,0,0.001384,100,0.000007,0,8,8,0,8,8
8840967,,0.001777,0,100,0.000052,23,0,23,23,0,23
26439702,,0.000501,0.001047,205,0.000037,8,5,13,8,5,13
26100862,,0,0.000247,87,0.000007,0,3,3,0,3,3
25488918,,0,0.001156,100,0.000007,0,4,4,0,4,4
25436004,,0,0.000034,100,0.000007,0,1,1,0,1,1
22824328,,0,0.000502,100,0.000007,0,3,3,0,3,3
21697891,,0,0.000478,100,0.000007,0,4,4,0,4,4
20233482,,0.000219,0.007453,100,0.00001,3,30,33,3,30,33
15606925,,0,0.001306,100,0.000007,0,3,3,0,3,3
12058064,,0,0.000147,100,0.000007,0,3,3,0,3,3
9121449,,0,0.000034,100,0.000007,0,1,1,0,1,1
8841191,,0.013614,0,89,0.00018,116,0,116,116,0,116
29487695,,0,0.003347,89,0.000007,0,23,23,0,23,23
28977883,,0,0.001372,89,0.000007,0,6,6,0,6,6
28670351,,0,0.004436,205,0.000007,0,16,16,0,16,16
28467518,,0,0.000307,89,0.000007,0,2,2,0,2,2
28183138,,0.000481,0.002486,205,0.000017,7,7,14,7,7,14
27382614,,0,0.013166,1,0.000007,0,19,19,0,19,19
27286788,,0.000458,0.002824,89,0.000014,7,48,55,7,48,55
27283172,,0,0.005387,5,0.000007,0,22,22,0,22,22
27144062,,0,0.007103,205,0.000007,0,28,28,0,28,28
27094481,,0.000186,0.003094,184,0.000017,6,12,18,6,12,18
27045993,,0,0.003186,205,0.000007,0,17,17,0,17,17
26834852,,0,0.001759,100,0.000007,0,8,8,0,8,8
26300672,,0,0.001641,5,0.000007,0,17,17,0,17,17
25992589,,0,0.000262,5,0.000007,0,2,2,0,2,2
25980754,,0.001292,0.002282,205,0.000083,32,13,45,32,13,45
25948675,,0.000057,0.002621,5,0.000009,3,13,16,3,13,16
25884701,,0.001048,0.016333,1,0.000013,3,32,35,3,32,35
25685387,,0,0.000999,89,0.000007,0,10,10,0,10,10
25192939,,0.003941,0.009504,5,0.000048,43,25,68,43,25,68
25072261,,0.005126,0.017747,205,0.000243,39,25,64,39,25,64
24784157,,0,0.000387,140,0.000007,0,5,5,0,5,5
24678132,,0.00003,0.002265,5,0.000013,4,18,22,4,18,22
24319297,,0,0.00026,89,0.000007,0,1,1,0,1,1
24212814,,0,0.000371,89,0.000007,0,3,3,0,3,3
23872691,,0,0.00026,89,0.000007,0,1,1,0,1,1
23778531,,0.001496,0.001141,5,0.000009,7,9,16,7,9,16
23658460,,0.003747,0.002003,205,0.000043,18,13,31,18,13,31
22987302,,0,0.000965,89,0.000007,0,4,4,0,4,4
22649661,,0,0.002264,89,0.000007,0,25,25,0,25,25
22275995,,0,0.002391,5,0.000007,0,11,11,0,11,11
22212556,,0,0.001173,231,0.000022,3,12,15,3,12,15
22160602,,0,0.001762,5,0.000007,0,21,21,0,21,21
21155762,,0,0.00026,89,0.000007,0,1,1,0,1,1
20924075,,0.001627,0.001098,89,0.000011,7,11,18,7,11,18
19642207,,0.000354,0.000826,184,0.000029,13,8,21,13,8,21
17640379,,0,0.001843,89,0.000007,0,12,12,0,12,12
15217505,,0,0.002658,89,0.000007,0,10,10,0,10,10
12373604,,0,0.001223,89,0.000007,0,7,7,0,7,7
11207041,,0,0.001288,89,0.000007,0,9,9,0,9,9
11156628,,0,0.000432,89,0.000007,0,3,3,0,3,3
9973276,,0,0.001027,89,0.000007,0,5,5,0,5,5
30258276,,0,0.002784,205,0.000007,0,13,13,0,13,13
8841192,,0.007415,0,89,0.000109,63,0,63,63,0,63
28687971,,0,0.000604,205,0.000007,0,9,9,0,9,9
27906166,,0.00039,0.002885,5,0.000017,5,17,22,5,17,22
27084934,,0,0.001551,100,0.000007,0,5,5,0,5,5
23052947,,0,0.000229,231,0.000007,0,3,3,0,3,3
21673951,,0.000133,0.006497,5,0.000009,2,32,34,2,32,34
19324993,,0.000845,0.002011,89,0.00002,6,9,15,6,9,15
18607349,,0,0.001347,140,0.000007,0,9,9,0,9,9
21465171,,0.000671,0.001321,5,0.000009,5,11,16,5,11,16
8841228,,0.000026,0,89,0.000011,2,0,2,2,0,2
8870999,,0,0,5,0.00001,1,0,1,1,0,1
8872468,,0.002231,0,140,0.000049,20,0,20,20,0,20
27127342,,0,0.011837,5,0.000007,0,12,12,0,12,12
16957774,,0.00124,0.004371,100,0.000054,19,21,40,19,21,40
9501213,,0,0.000043,140,0.000007,0,1,1,0,1,1
8874470,,0.00022,0,100,0.000008,1,0,1,1,0,1
8875189,,0.000803,0,89,0.000016,5,0,5,5,0,5
29930747,,0,0.000768,1,0.000007,0,5,5,0,5,5
8875917,,0.021726,0,1,0.0001,64,0,64,64,0,64
29480828,,0,0.016088,1,0.000007,0,49,49,0,49,49
28989926,,0,0.006959,1,0.000007,0,10,10,0,10,10
28143870,,0.000582,0.002513,5,0.000015,6,13,19,6,13,19
27690218,,0.00163,0.010954,1,0.000011,4,39,43,4,39,43
27350785,,0.002313,0.007546,1,0.000009,4,24,28,4,24,28
26807161,,0,0.005641,1,0.000007,0,17,17,0,17,17
26753012,,0.002346,0.018268,1,0.000008,5,28,33,5,28,33
25934522,,0,0.010153,1,0.000007,0,7,7,0,7,7
25897373,,0,0.00795,1,0.000007,0,3,3,0,3,3
25581431,,0,0.009795,231,0.000007,0,18,18,0,18,18
24862760,,0.005709,0.001657,1,0.000088,19,4,23,19,4,23
24788697,,0.005244,0.021389,1,0.000032,17,42,59,17,42,59
24748377,,0.000333,0.027783,1,0.000012,3,22,25,3,22,25
24579064,,0.005005,0.065791,1,0.000019,12,60,72,12,60,72
24265398,,0.000848,0.025392,1,0.000015,6,12,18,6,12,18
23941236,,0,0.003527,89,0.000019,2,14,16,2,14,16
23536787,,0.001018,0.028441,1,0.00002,4,40,44,4,40,44
23262210,,0.001615,0.030651,1,0.000009,6,25,31,6,25,31
23047606,,0.001074,0.019572,1,0.000083,20,38,58,20,38,58
22711857,,0.061686,0.035129,1,0.000229,190,27,217,190,27,217
22429596,,0.005279,0.038867,1,0.000021,14,31,45,14,31,45
22144499,,0.017265,0.008247,231,0.000109,86,37,123,86,37,123
22139894,,0.00839,0.03252,1,0.000027,24,22,46,24,22,46
21084428,,0.009816,0.012117,1,0.000027,25,15,40,25,15,40
20606085,,0.035342,0.02088,1,0.000135,87,12,99,87,12,99
20456938,,0,0.01116,1,0.000007,0,17,17,0,17,17
20350313,,0,0.005321,69,0.000007,0,13,13,0,13,13
19664812,,0,0.00186,1,0.000007,0,3,3,0,3,3
19648919,,0,0.001218,1,0.000007,0,8,8,0,8,8
19383376,,0.00085,0.009441,1,0.00001,4,35,39,4,35,39
9764590,,0,0.000414,1,0.000007,0,1,1,0,1,1
8875986,,0.000883,0,89,0.000011,7,0,7,7,0,7
26852130,,0.000001,0.001443,89,0.000008,1,29,30,1,29,30
8879357,,0.000011,0,89,0.000013,2,0,2,2,0,2
9819434,,0,0,89,0.000007,0,1,1,0,1,1
25350069,,0,0.001766,100,0.000007,0,11,11,0,11,11
8880869,,0.000049,0,89,0.000011,3,0,3,3,0,3
30393433,,0,0,89,0.000007,0,1,1,0,1,1
8889551,,0.000002,0,89,0.000305,50,0,50,50,0,50
27901108,,0,0,89,0.000007,0,1,1,0,1,1
27829362,,0,0,89,0.000007,0,1,1,0,1,1
26027638,,0,0,89,0.000007,0,1,1,0,1,1
25539684,,0,0,89,0.000007,0,1,1,0,1,1
25304607,,0,0,89,0.000007,0,1,1,0,1,1
24023641,,0,0,89,0.000007,0,1,1,0,1,1
22529984,,0,0,89,0.000007,0,1,1,0,1,1
22028025,,0,0,89,0.000007,0,1,1,0,1,1
21622661,,0,0,89,0.000007,0,1,1,0,1,1
21612628,,0,0,89,0.000007,0,1,1,0,1,1
19017747,,0,0,89,0.000007,0,1,1,0,1,1
18384671,,0,0,89,0.000007,0,1,1,0,1,1
17400304,,0,0,89,0.000007,0,1,1,0,1,1
16919236,,0,0,89,0.000007,0,1,1,0,1,1
16520458,,0,0,89,0.000007,0,1,1,0,1,1
16120807,,0,0,89,0.000007,0,1,1,0,1,1
15608234,,0,0,89,0.000007,0,1,1,0,1,1
15511299,,0,0,89,0.000007,0,1,1,0,1,1
15364904,,0,0,89,0.000007,0,1,1,0,1,1
14613980,,0,0,89,0.000007,0,1,1,0,1,1
14525933,,0,0,89,0.000007,0,1,1,0,1,1
12888525,,0,0,89,0.000007,0,1,1,0,1,1
12819148,,0,0,89,0.000007,0,1,1,0,1,1
12750305,,0,0,89,0.000007,0,1,1,0,1,1
12618381,,0,0,89,0.000007,0,1,1,0,1,1
12612082,,0,0,89,0.000007,0,1,1,0,1,1
12529307,,0,0,89,0.000007,0,1,1,0,1,1
12529305,,0,0,89,0.000007,0,1,1,0,1,1
12529302,,0,0,89,0.000007,0,1,1,0,1,1
12368239,,0,0,89,0.000007,0,1,1,0,1,1
11937628,,0,0,89,0.000007,0,1,1,0,1,1
11827946,,0,0,89,0.000007,0,1,1,0,1,1
11779826,,0,0,89,0.000007,0,1,1,0,1,1
11752330,,0,0,89,0.000007,0,1,1,0,1,1
11156617,,0,0,89,0.000007,0,1,1,0,1,1
11116087,,0,0,89,0.000007,0,1,1,0,1,1
10935514,,0,0,89,0.000007,0,1,1,0,1,1
10899144,,0,0,89,0.000007,0,1,1,0,1,1
10854409,,0,0,89,0.000007,0,1,1,0,1,1
10810084,,0,0,89,0.000007,0,1,1,0,1,1
10592223,,0,0,89,0.000007,0,1,1,0,1,1
10508839,,0,0,89,0.000007,0,1,1,0,1,1
9927484,,0,0,89,0.000007,0,1,1,0,1,1
9847176,,0,0,89,0.000007,0,1,1,0,1,1
9750195,,0,0.00012,89,0.000007,0,2,2,0,2,2
9689093,,0,0,89,0.000007,0,1,1,0,1,1
9528765,,0,0,89,0.000007,0,1,1,0,1,1
9371744,,0,0,89,0.000007,0,1,1,0,1,1
9159160,,0,0,89,0.000007,0,1,1,0,1,1
8895509,,0.002702,0,90,0.000069,25,0,25,25,0,25
25447904,,0.000013,0.001762,90,0.000028,6,8,14,6,8,14
25031550,,0,0.000439,90,0.000007,0,7,7,0,7,7
24860786,,0.000915,0.001192,90,0.000111,33,17,50,33,17,50
22947396,,0,0.004008,90,0.000007,0,21,21,0,21,21
14610279,,0,0.000138,279,0.000007,0,2,2,0,2,2
10682656,,0,0.00013,279,0.000007,0,3,3,0,3,3
8895988,,0.00017,0,90,0.000033,7,0,7,7,0,7
26235328,,0,0.000003,90,0.000007,0,1,1,0,1,1
24160328,,0,0.001118,5,0.000007,0,4,4,0,4,4
20737283,,0,0.00001,90,0.000007,0,2,2,0,2,2
19714492,,0,0.000003,90,0.000007,0,1,1,0,1,1
19467526,,0,0.000003,90,0.000007,0,1,1,0,1,1
8898735,,0.005525,0,89,0.000308,63,0,63,63,0,63
27819678,,0.000217,0.000122,367,0.000027,6,3,9,6,3,9
27514839,,0.000153,0.008581,89,0.000017,9,45,54,9,45,54
24516540,,0.00137,0.004978,89,0.000011,5,29,34,5,29,34
24343588,,0.000005,0.000105,205,0.000061,10,1,11,10,1,11
24131966,,0.00444,0.002969,69,0.000059,34,21,55,34,21,55
23636849,,0.000095,0.009202,367,0.000078,13,7,20,13,7,20
22166496,,0,0.000137,72,0.000007,0,3,3,0,3,3
21708937,,0.000649,0.006896,231,0.00004,6,19,25,6,19,25
21597964,,0.000357,0.002429,89,0.000012,7,9,16,7,9,16
19843326,,0.001409,0.005221,231,0.000063,19,16,35,19,16,35
19208375,,0,0.001038,5,0.000007,0,7,7,0,7,7
19038766,,0,0.001471,69,0.000007,0,8,8,0,8,8
18855126,,0.001299,0.002829,205,0.000011,7,14,21,7,14,21
18483326,,0,0.000404,89,0.000007,0,4,4,0,4,4
11313009,,0,0.000155,89,0.000007,0,2,2,0,2,2
10827109,,0.001829,0.000298,89,0.001183,17,7,24,17,7,24
8898983,,0.000079,0,100,0.000012,1,0,1,1,0,1
8900426,,0.000272,0,89,0.000014,4,0,4,4,0,4
28963516,,0,0.00002,100,0.000007,0,1,1,0,1,1
8910495,,0.001037,0,100,0.000041,11,0,11,11,0,11
18922798,,0,0.00002,100,0.000007,0,1,1,0,1,1
26061043,,0.000167,0.00378,35,0.000026,6,10,16,6,10,16
24624361,,0.003409,0.03692,1,0.000034,20,34,54,20,34,54
23613873,,0.000001,0.00057,108,0.000043,7,4,11,7,4,11
23285190,,0,0.00123,100,0.000007,0,4,4,0,4,4
22542848,,0,0.000111,100,0.000007,0,1,1,0,1,1
22405187,,0.000755,0.00086,5,0.000058,19,14,33,19,14,33
22073136,,0,0.007547,69,0.000007,0,2,2,0,2,2
19327579,,0,0.005709,100,0.000007,0,23,23,0,23,23
19016568,,0.000624,0.005234,5,0.000019,6,8,14,6,8,14
16434996,,0.001244,0.002533,90,0.000219,39,23,62,39,23,62
15226308,,0,0.001365,100,0.000007,0,8,8,0,8,8
12809565,,0,0.00068,100,0.000007,0,2,2,0,2,2
9382087,,0,0.001773,100,0.000007,0,3,3,0,3,3
24019896,,0,0.007467,89,0.000007,0,4,4,0,4,4
16189157,,0.000007,0.000239,35,0.000022,3,4,7,3,4,7
27532258,,0,0.007323,89,0.000007,0,26,26,0,26,26
21577200,,0,0.000015,35,0.000007,0,2,2,0,2,2
18612690,,0,0.000051,231,0.000007,0,2,2,0,2,2
16509964,,0.000712,0.000462,89,0.000008,3,9,12,3,9,12
30263092,,0,0.002054,89,0.000007,0,29,29,0,29,29
8938427,,0.006275,0,89,0.000129,51,0,51,51,0,51
29901183,,0,0.001448,89,0.000007,0,19,19,0,19,19
28163741,,0.000057,0.002282,89,0.000007,1,29,30,1,29,30
27303907,,0.000187,0.003019,89,0.000008,3,38,41,3,38,41
26150827,,0,0.00012,89,0.000007,0,1,1,0,1,1
25260588,,0,0.002854,2,0.000072,12,15,27,12,15,27
24906410,,0.000043,0.000708,89,0.000008,3,19,22,3,19,22
24747961,,0,0.000316,89,0.000007,0,4,4,0,4,4
23099436,,0.000543,0.001796,89,0.00001,6,17,23,6,17,23
22201807,,0,0.00012,89,0.000007,0,1,1,0,1,1
22112862,,0,0.00012,89,0.000007,0,1,1,0,1,1
22079017,,0,0.005109,5,0.000007,0,16,16,0,16,16
21056402,,0,0.00012,89,0.000007,0,1,1,0,1,1
20600922,,0,0.000163,89,0.000007,0,2,2,0,2,2
18854030,,0,0.003597,41,0.000007,0,3,3,0,3,3
17561994,,0.000297,0.003309,89,0.00001,5,37,42,5,37,42
16792506,,0,0.000189,89,0.000007,0,5,5,0,5,5
16052033,,0,0.000383,279,0.000058,9,10,19,9,10,19
11937624,,0,0.000198,279,0.000007,0,4,4,0,4,4
11337476,,0,0.00012,89,0.000007,0,1,1,0,1,1
10575584,,0,0.00012,89,0.000007,0,1,1,0,1,1
9531558,,0,0.00012,89,0.000007,0,1,1,0,1,1
9521933,,0,0.00012,89,0.000007,0,1,1,0,1,1
9521930,,0,0.00012,89,0.000007,0,1,1,0,1,1
28833843,,0,0.008142,100,0.000007,0,21,21,0,21,21
27899966,,0,0.001368,100,0.000019,2,9,11,2,9,11
27822389,,0,0.002523,140,0.000007,0,24,24,0,24,24
26282181,,0,0.000276,100,0.000007,0,1,1,0,1,1
25912308,,0.000006,0.001224,24,0.000023,4,13,17,4,13,17
25636033,,0.000014,0.000892,241,0.000037,7,25,32,7,25,32
24845084,,0.000387,0.003822,140,0.000019,3,28,31,3,28,31
24695549,,0.000026,0.010938,140,0.000007,1,49,50,1,49,50
23203101,,0.000389,0.037849,100,0.000013,4,59,63,4,59,63
21880590,,0,0.011192,100,0.000007,0,26,26,0,26,26
21690299,,0,0.000276,100,0.000007,0,1,1,0,1,1
21407215,,0.000631,0.001424,72,0.000024,7,9,16,7,9,16
20160719,,0.000391,0.00149,72,0.000135,29,13,42,29,13,42
18951449,,0.001582,0.004428,140,0.000087,35,29,64,35,29,64
18285836,,0.002428,0.004795,140,0.000022,16,24,40,16,24,40
17924331,,0.012067,0.004334,140,0.00031,147,20,167,147,20,167
15282296,,0.00072,0.003585,100,0.000037,10,24,34,10,24,34
10725406,,0,0.001695,100,0.000007,0,8,8,0,8,8
10611293,,0,0.000276,100,0.000007,0,1,1,0,1,1
9443979,,0.001704,0.000276,72,0.000324,64,1,65,64,1,65
30383767,,0,0.004741,100,0.000007,0,17,17,0,17,17
8944023,,0.028509,0,100,0.000522,168,0,168,168,0,168
29996917,,0.000018,0.024479,100,0.000007,1,55,56,1,55,56
29521627,,0,0.000832,100,0.000007,0,2,2,0,2,2
29292755,,0,0.0061,100,0.000007,0,53,53,0,53,53
28854736,,0,0.004157,100,0.000007,0,8,8,0,8,8
28634376,,0,0.003357,100,0.000007,0,20,20,0,20,20
28458126,,0,0.000658,100,0.000007,0,5,5,0,5,5
28398198,,0.001853,0.012059,100,0.000011,11,39,50,11,39,50
28174632,,0,0.001644,100,0.000007,0,14,14,0,14,14
27977889,,0.000116,0.002542,100,0.000008,2,14,16,2,14,16
27670884,,0,0.006447,100,0.000007,0,17,17,0,17,17
27591253,,0,0.000998,100,0.000007,0,4,4,0,4,4
27484786,,0.000191,0.006932,100,0.000008,2,34,36,2,34,36
27446204,,0,0.007482,100,0.000007,0,23,23,0,23,23
27399284,,0.000095,0.013511,100,0.000009,2,30,32,2,30,32
26941572,,0,0.000834,100,0.000007,0,8,8,0,8,8
26831064,,0.000003,0.002254,100,0.000012,2,12,14,2,12,14
26690337,,0,0.00477,100,0.000007,0,17,17,0,17,17
26350354,,0,0.007986,100,0.000007,0,39,39,0,39,39
26324327,,0,0.008226,100,0.000007,0,17,17,0,17,17
26320175,,0.000659,0.009144,100,0.000023,5,29,34,5,29,34
26048987,,0.0025,0.036905,100,0.000038,21,46,67,21,46,67
25994375,,0.000148,0.003633,100,0.000015,6,33,39,6,33,39
25956866,,0,0.005431,100,0.000007,0,10,10,0,10,10
25785002,,0,0.001225,100,0.000007,0,24,24,0,24,24
25690937,,0.000513,0.005203,1,0.000012,7,25,32,7,25,32
25657202,,0,0.001336,100,0.000007,0,8,8,0,8,8
25634209,,0.001649,0.006684,100,0.000038,15,21,36,15,21,36
25252691,,0.007921,0.023776,100,0.000035,26,39,65,26,39,65
25220415,,0.004753,0.021108,100,0.000075,29,30,59,29,30,59
25131202,,0,0.003017,100,0.000007,0,14,14,0,14,14
25092866,,0.003912,0.038797,100,0.000027,19,42,61,19,42,61
24948741,,0,0.004588,100,0.000007,0,18,18,0,18,18
24804229,,0,0.002672,69,0.000007,0,30,30,0,30,30
24324792,,0.000125,0.001488,35,0.000088,23,8,31,23,8,31
23680142,,0,0.001855,100,0.000007,0,5,5,0,5,5
23516424,,0,0.000544,100,0.000007,0,1,1,0,1,1
23274701,,0,0.000544,100,0.000007,0,1,1,0,1,1
23056176,,0.000073,0.002482,100,0.000027,7,21,28,7,21,28
22576693,,0.000179,0.001179,241,0.000077,19,5,24,19,5,24
22389392,,0,0.000928,100,0.000007,0,5,5,0,5,5
22350409,,0.000785,0.000724,100,0.000126,30,9,39,30,9,39
21909479,,0.00037,0.005977,100,0.000042,14,17,31,14,17,31
21597459,,0,0.000544,100,0.000007,0,1,1,0,1,1
21393566,,0.000285,0.002916,100,0.000011,4,14,18,4,14,18
20936109,,0.000316,0.004952,100,0.000023,5,15,20,5,15,20
20810661,,0,0.001425,100,0.000007,0,7,7,0,7,7
20531967,,0,0.000544,100,0.000007,0,1,1,0,1,1
20351172,,0.000791,0.004084,100,0.000092,22,22,44,22,22,44
19875294,,0,0.008756,100,0.000007,0,24,24,0,24,24
19638189,,0,0.000544,100,0.000007,0,1,1,0,1,1
19473884,,0,0.007796,100,0.000007,0,23,23,0,23,23
19412175,,0,0.000619,100,0.000007,0,6,6,0,6,6
19261749,,0.008702,0.006168,100,0.000241,84,12,96,84,12,96
19208129,,0,0.00057,279,0.000007,0,2,2,0,2,2
19007432,,0.000014,0.011763,100,0.000026,5,28,33,5,28,33
18997820,,0.001995,0.003205,90,0.000051,23,22,45,23,22,45
18842000,,0,0.005635,100,0.000007,0,31,31,0,31,31
18757741,,0,0.00057,100,0.000007,0,2,2,0,2,2
18591352,,0,0.001781,100,0.000007,0,8,8,0,8,8
18443292,,0.007447,0.008167,100,0.00006,31,26,57,31,26,57
18077395,,0,0.007527,100,0.000007,0,17,17,0,17,17
18032921,,0,0.003462,100,0.000007,0,11,11,0,11,11
17525340,,0.043211,0.006432,100,0.000594,276,13,289,276,13,289
16984230,,0,0.000858,100,0.000007,0,11,11,0,11,11
16714450,,0,0.013403,100,0.000007,0,16,16,0,16,16
16641130,,0,0.000544,100,0.000007,0,1,1,0,1,1
16166645,,0.002413,0.004587,100,0.000072,31,20,51,31,20,51
16061562,,0.002738,0.003389,100,0.000036,13,23,36,13,23,36
15965503,,0,0.000681,100,0.000007,0,2,2,0,2,2
12941884,,0,0.000544,100,0.000007,0,1,1,0,1,1
12732733,,0.009704,0.00544,100,0.000436,123,23,146,123,23,146
12697828,,0,0.001533,100,0.000007,0,7,7,0,7,7
11879553,,0.002823,0.006486,100,0.00003,17,22,39,17,22,39
11371630,,0,0.00476,100,0.000007,0,18,18,0,18,18
11313484,,0,0.000544,100,0.000007,0,1,1,0,1,1
11230151,,0,0.00063,367,0.000007,0,2,2,0,2,2
10477748,,0,0.000544,100,0.000007,0,1,1,0,1,1
10377438,,0,0.000544,100,0.000007,0,1,1,0,1,1
30479592,,0,0.000008,181,0.000007,0,1,1,0,1,1
8944024,,0.000401,0,181,0.000302,59,0,59,59,0,59
29942240,,0,0.000012,89,0.000007,0,2,2,0,2,2
28740223,,0,0.000008,181,0.000007,0,1,1,0,1,1
24708278,,0,0.000008,181,0.000007,0,1,1,0,1,1
23971744,,0,0.000008,181,0.000007,0,1,1,0,1,1
23636707,,0,0.000008,181,0.000007,0,1,1,0,1,1
23288464,,0,0.000008,181,0.000007,0,1,1,0,1,1
22574066,,0,0.000009,181,0.000007,0,5,5,0,5,5
21613238,,0,0.000008,181,0.000007,0,1,1,0,1,1
21475550,,0,0.000008,181,0.000007,0,1,1,0,1,1
20368836,,0,0.000449,181,0.000007,0,2,2,0,2,2
19128060,,0,0.000008,181,0.000007,0,1,1,0,1,1
19105186,,0,0.000008,181,0.000007,0,1,1,0,1,1
18023400,,0,0.000008,181,0.000007,0,1,1,0,1,1
17609390,,0,0.000008,181,0.000007,0,1,1,0,1,1
16076954,,0,0.000008,181,0.000007,0,1,1,0,1,1
15722479,,0,0.000009,181,0.000007,0,3,3,0,3,3
15713227,,0,0.000011,35,0.000007,0,2,2,0,2,2
15591353,,0,0.000119,35,0.000007,0,2,2,0,2,2
15583317,,0,0.000008,181,0.000007,0,1,1,0,1,1
15514109,,0,0.000017,181,0.000007,0,4,4,0,4,4
14973200,,0,0.000008,181,0.000007,0,1,1,0,1,1
14707174,,0,0.000008,181,0.000007,0,1,1,0,1,1
14638875,,0,0.000008,181,0.000007,0,1,1,0,1,1
14624696,,0,0.000008,181,0.000007,0,1,1,0,1,1
14527341,,0,0.000008,181,0.000007,0,1,1,0,1,1
12697903,,0,0.000076,181,0.000007,0,2,2,0,2,2
12620822,,0,0.000008,181,0.000007,0,1,1,0,1,1
12413464,,0,0.000013,66,0.000007,0,2,2,0,2,2
12140337,,0,0.000008,181,0.000007,0,1,1,0,1,1
11713325,,0,0.000008,181,0.000007,0,1,1,0,1,1
11691856,,0,0.000008,181,0.000007,0,1,1,0,1,1
11574694,,0,0.000009,181,0.000007,0,2,2,0,2,2
11435406,,0,0.000133,181,0.000007,0,2,2,0,2,2
11305951,,0,0.000213,181,0.000007,0,5,5,0,5,5
11266571,,0,0.000008,181,0.000007,0,1,1,0,1,1
11193046,,0,0.000008,181,0.000007,0,1,1,0,1,1
11157263,,0,0.000008,181,0.000007,0,1,1,0,1,1
10958642,,0,0.000008,181,0.000007,0,1,1,0,1,1
10871383,,0,0.000008,181,0.000007,0,1,1,0,1,1
10637339,,0,0.000008,181,0.000007,0,1,1,0,1,1
10528850,,0,0.000009,181,0.000007,0,3,3,0,3,3
10468554,,0,0.000008,181,0.000007,0,1,1,0,1,1
10377423,,0,0.000008,181,0.000007,0,1,1,0,1,1
10226928,,0,0.000008,181,0.000007,0,1,1,0,1,1
9685507,,0.000001,0.000008,181,0.000032,6,1,7,6,1,7
9547283,,0,0.000008,181,0.000007,0,1,1,0,1,1
9490800,,0,0.000008,181,0.000007,0,1,1,0,1,1
9461455,,0,0.000008,181,0.000007,0,1,1,0,1,1
9396817,,0,0.000008,181,0.000007,0,1,1,0,1,1
25544582,,0,0.000012,1,0.000007,0,1,1,0,1,1
8944062,,0.000634,0,1,0.000013,2,0,2,2,0,2
28657222,,0,0.009465,1,0.000007,0,35,35,0,35,35
8946903,,0.000585,0,89,0.000025,7,0,7,7,0,7
30257646,,0,0.009702,35,0.000007,0,26,26,0,26,26
8949022,,0.000185,0,35,0.000007,1,0,1,1,0,1
23359154,,0,0,89,0.000007,0,1,1,0,1,1
21687537,,0,0,89,0.000007,0,1,1,0,1,1
21059814,,0,0,89,0.000007,0,1,1,0,1,1
19760029,,0,0,89,0.000007,0,1,1,0,1,1
18332990,,0,0,89,0.000007,0,1,1,0,1,1
16393667,,0,0,89,0.000007,0,1,1,0,1,1
10817498,,0,0,89,0.000007,0,1,1,0,1,1
10616684,,0,0,89,0.000007,0,1,1,0,1,1
9863592,,0,0,89,0.000007,0,1,1,0,1,1
8954804,,0.000443,0,89,0.00001,4,0,4,4,0,4
8955125,,0.00689,0,100,0.000165,44,0,44,44,0,44
30257212,,0,0.017571,100,0.000007,0,35,35,0,35,35
26626130,,0,0.000131,100,0.000007,0,1,1,0,1,1
24562911,,0,0.000131,100,0.000007,0,1,1,0,1,1
24429466,,0,0.008168,100,0.000007,0,10,10,0,10,10
23991171,,0.000003,0.00021,168,0.000054,10,4,14,10,4,14
22962264,,0.000633,0.018904,100,0.000009,3,14,17,3,14,17
21406404,,0.00061,0.004143,35,0.000181,35,17,52,35,17,52
20713352,,0,0.000231,100,0.000007,0,6,6,0,6,6
19996286,,0.000254,0.005308,168,0.000086,17,3,20,17,3,20
15798196,,0,0.000131,100,0.000007,0,1,1,0,1,1
11073820,,0,0.000131,100,0.000007,0,1,1,0,1,1
9742112,,0,0.001799,100,0.000007,0,4,4,0,4,4
9606203,,0,0.000131,100,0.000007,0,1,1,0,1,1
9223327,,0,0.000131,100,0.000007,0,1,1,0,1,1
8957093,,0.000775,0,100,0.00003,5,0,5,5,0,5
8957501,,0.000053,0,5,0.00001,2,0,2,2,0,2
29805666,,0,0.000068,35,0.000007,0,2,2,0,2,2
8961970,,0.003046,0,69,0.000098,44,0,44,44,0,44
29615582,,0,0.000058,69,0.000007,0,1,1,0,1,1
27354067,,0,0.008848,69,0.000007,0,10,10,0,10,10
26665166,,0,0.000592,90,0.000007,0,10,10,0,10,10
26630225,,0,0.00023,69,0.000007,0,4,4,0,4,4
25622902,,0,0.007574,69,0.000007,0,4,4,0,4,4
25303976,,0,0.012872,1,0.000007,0,6,6,0,6,6
25199754,,0.002309,0.007339,69,0.000017,18,49,67,18,49,67
25198260,,0,0.000058,69,0.000007,0,1,1,0,1,1
24998918,,0.000168,0.001515,69,0.000024,5,13,18,5,13,18
24868556,,0,0.008998,69,0.000007,0,16,16,0,16,16
24616881,,0,0.009125,69,0.000007,0,14,14,0,14,14
24123833,,0,0.000115,69,0.000007,0,3,3,0,3,3
23292799,,0,0.000058,69,0.000007,0,1,1,0,1,1
22962306,,0,0.000058,69,0.000007,0,1,1,0,1,1
22496700,,0,0.000453,69,0.000007,0,4,4,0,4,4
21683865,,0,0.010663,69,0.000007,0,23,23,0,23,23
21115743,,0,0.000095,69,0.000007,0,2,2,0,2,2
20958993,,0,0.000457,69,0.000007,0,6,6,0,6,6
20873867,,0.000195,0.000621,69,0.000014,5,8,13,5,8,13
20158943,,0,0.000058,69,0.000007,0,1,1,0,1,1
19776209,,0,0.002269,69,0.000007,0,12,12,0,12,12
19649254,,0,0.000679,69,0.000007,0,4,4,0,4,4
19636370,,0.002707,0.006407,69,0.000217,63,31,94,63,31,94
19615727,,0.000722,0.000899,69,0.000019,7,8,15,7,8,15
19110304,,0,0.00025,69,0.000007,0,4,4,0,4,4
19012860,,0,0.000179,69,0.000007,0,4,4,0,4,4
18854563,,0,0.004774,69,0.000007,0,36,36,0,36,36
17392171,,0,0.000084,69,0.000007,0,2,2,0,2,2
15870720,,0,0.000058,69,0.000007,0,1,1,0,1,1
14613552,,0,0.000089,69,0.000007,0,3,3,0,3,3
14577833,,0,0.000139,279,0.000007,0,3,3,0,3,3
12027581,,0,0.000079,69,0.000007,0,3,3,0,3,3
19458778,,0,0.000002,35,0.000007,0,2,2,0,2,2
8967721,,0,0,35,0.00001,1,0,1,1,0,1
22855649,,0,0.000336,140,0.000007,0,7,7,0,7,7
8968102,,0.000416,0,89,0.000017,5,0,5,5,0,5
8968716,,0.000462,0,140,0.000032,8,0,8,8,0,8
15290653,,0,0.003688,140,0.000007,0,10,10,0,10,10
12900794,,0,0.00051,140,0.000007,0,4,4,0,4,4
28331708,,0,0,12,0.000007,0,1,1,0,1,1
8971464,,0,0,12,0.000019,2,0,2,2,0,2
28223845,,0,0,12,0.000007,0,1,1,0,1,1
29848666,,0,0.000171,35,0.000007,0,3,3,0,3,3
29156836,,0.000003,0.006235,100,0.00001,1,31,32,1,31,32
28981467,,0,0.000675,140,0.000007,0,8,8,0,8,8
26615780,,0,0.001041,100,0.000007,0,12,12,0,12,12
25989275,,0.000121,0.001929,82,0.000055,11,12,23,11,12,23
23269703,,0.005565,0.020415,100,0.000045,36,15,51,36,15,51
22962582,,0,0.000376,1,0.000007,0,6,6,0,6,6
20531984,,0,0.000152,100,0.000007,0,1,1,0,1,1
19383345,,0,0.000152,100,0.000007,0,1,1,0,1,1
9742224,,0,0.000152,100,0.000007,0,1,1,0,1,1
29296924,,0,0.000031,231,0.000007,0,1,1,0,1,1
8976369,,0.001637,0,231,0.000189,52,0,52,52,0,52
27764772,,0,0.000075,231,0.000007,0,7,7,0,7,7
26594346,,0,0.000031,231,0.000007,0,1,1,0,1,1
24681528,,0,0.000031,231,0.000007,0,1,1,0,1,1
24449244,,0,0.009729,231,0.000007,0,12,12,0,12,12
23943852,,0,0.000067,231,0.000007,0,3,3,0,3,3
23196058,,0,0.024521,205,0.000007,0,15,15,0,15,15
22607586,,0,0.000396,231,0.000007,0,2,2,0,2,2
22585167,,0,0.015517,1,0.000007,0,3,3,0,3,3
22146522,,0,0.000041,231,0.000007,0,2,2,0,2,2
21993670,,0,0.000425,231,0.000007,0,2,2,0,2,2
21962505,,0,0.000031,231,0.000007,0,1,1,0,1,1
20799949,,0,0.000047,231,0.000007,0,4,4,0,4,4
20175908,,0,0.000664,100,0.000007,0,8,8,0,8,8
19769788,,0,0.000136,231,0.000007,0,6,6,0,6,6
19147735,,0,0.000067,89,0.000007,0,3,3,0,3,3
16622469,,0,0.001898,231,0.000007,0,11,11,0,11,11
15942625,,0,0.000031,231,0.000007,0,1,1,0,1,1
15217508,,0.000069,0.002606,231,0.000009,3,11,14,3,11,14
14562025,,0,0.000119,231,0.000007,0,3,3,0,3,3
12473172,,0,0.000119,231,0.000007,0,3,3,0,3,3
12226795,,0,0.000031,231,0.000007,0,1,1,0,1,1
11805335,,0,0.001059,100,0.000007,0,4,4,0,4,4
11597319,,0,0.000788,100,0.000007,0,5,5,0,5,5
11429421,,0,0.000031,231,0.000007,0,1,1,0,1,1
11305950,,0.000085,0.000479,35,0.000013,2,9,11,2,9,11
11104561,,0,0.000031,231,0.000007,0,1,1,0,1,1
10864201,,0,0.000031,231,0.000007,0,1,1,0,1,1
10748873,,0,0.000031,231,0.000007,0,1,1,0,1,1
10699050,,0,0.000035,41,0.000007,0,2,2,0,2,2
10677309,,0,0.000031,231,0.000007,0,1,1,0,1,1
10441587,,0,0.001029,231,0.000007,0,2,2,0,2,2
10362113,,0,0.000031,231,0.000007,0,1,1,0,1,1
10330348,,0,0.000031,231,0.000007,0,1,1,0,1,1
10098776,,0,0.000031,231,0.000007,0,1,1,0,1,1
9933223,,0,0.000031,231,0.000007,0,1,1,0,1,1
9893752,,0,0.000156,231,0.000007,0,2,2,0,2,2
9893751,,0,0.000156,231,0.000007,0,2,2,0,2,2
9893750,,0,0.000156,231,0.000007,0,2,2,0,2,2
9463314,,0,0.000031,231,0.000007,0,1,1,0,1,1
9443866,,0,0.000031,231,0.000007,0,1,1,0,1,1
9413938,,0,0.000031,231,0.000007,0,1,1,0,1,1
9399900,,0,0.000031,231,0.000007,0,1,1,0,1,1
8976406,,0.000002,0,5,0.000009,1,0,1,1,0,1
27308341,,0,0.008149,69,0.000007,0,6,6,0,6,6
8980241,,0.000423,0,69,0.000076,19,0,19,19,0,19
26757261,,0,0.000008,69,0.000007,0,1,1,0,1,1
26527883,,0,0.000553,69,0.000007,0,2,2,0,2,2
25188864,,0,0.000008,69,0.000007,0,1,1,0,1,1
23351307,,0,0.000078,69,0.000007,0,2,2,0,2,2
22943261,,0,0.000016,69,0.000007,0,2,2,0,2,2
21785464,,0,0.000045,69,0.000007,0,2,2,0,2,2
21291304,,0,0.000008,69,0.000007,0,1,1,0,1,1
20174585,,0,0.000008,69,0.000007,0,1,1,0,1,1
20053926,,0,0.000008,69,0.000007,0,1,1,0,1,1
19854497,,0,0.000008,69,0.000007,0,1,1,0,1,1
19390579,,0,0.000018,69,0.000007,0,2,2,0,2,2
19025622,,0,0.000008,69,0.000007,0,1,1,0,1,1
15115550,,0,0.000008,69,0.000007,0,1,1,0,1,1
28716792,,0,0.000116,1,0.000007,0,6,6,0,6,6
8986274,,0.000269,0,5,0.000023,14,0,14,14,0,14
23696713,,0,0.000061,5,0.000007,0,4,4,0,4,4
23194586,,0,0.000295,5,0.000007,0,10,10,0,10,10
18776708,,0,0.000008,5,0.000007,0,2,2,0,2,2
18686019,,0,0.000598,5,0.000007,0,3,3,0,3,3
10922389,,0,0.000119,5,0.000007,0,2,2,0,2,2
8987214,,0.000002,0,5,0.00001,1,0,1,1,0,1
8988162,,0.000622,0,89,0.000009,5,0,5,5,0,5
29346284,,0,0.00126,89,0.000007,0,33,33,0,33,33
8988179,,0.010562,0,89,0.000195,84,0,84,84,0,84
27378931,,0,0.007651,69,0.000007,0,3,3,0,3,3
26560874,,0,0.001302,1,0.000007,0,11,11,0,11,11
26145171,,0,0.000856,100,0.000007,0,4,4,0,4,4
22923021,,0.000498,0.006318,89,0.00001,7,37,44,7,37,44
22274685,,0.040651,0.028943,1,0.000225,124,30,154,124,30,154
22010008,,0.00178,0.011537,35,0.000065,29,30,59,29,30,59
19584903,,0,0.000277,89,0.000007,0,3,3,0,3,3
18688698,,0.00017,0.00204,5,0.000026,10,24,34,10,24,34
10356028,,0,0.000302,89,0.000007,0,2,2,0,2,2
18481162,,0,0.000103,5,0.000007,0,10,10,0,10,10
8989632,,0.000003,0,5,0.00001,2,0,2,2,0,2
8990217,,0.000624,0,89,0.000025,8,0,8,8,0,8
24281364,,0,0.001672,89,0.000007,0,8,8,0,8,8
15756275,,0.000135,0.000293,89,0.00005,15,13,28,15,13,28
8996544,,0.00022,0,100,0.000008,1,0,1,1,0,1
30001421,,0,0.00038,5,0.000007,0,7,7,0,7,7
8998184,,0.000839,0,5,0.000159,69,0,69,69,0,69
27267490,,0,0.000155,5,0.000007,0,7,7,0,7,7
27043759,,0,0.000055,5,0.000007,0,4,4,0,4,4
26938633,,0,0.000106,5,0.000007,0,7,7,0,7,7
26930535,,0,0.000032,5,0.000007,0,4,4,0,4,4
26855846,,0,0.00007,5,0.000007,0,3,3,0,3,3
26712228,,0,0.000592,5,0.000007,0,13,13,0,13,13
26233331,,0,0.000019,5,0.000007,0,2,2,0,2,2
25872529,,0,0.000016,5,0.000007,0,1,1,0,1,1
25812042,,0,0.000016,5,0.000007,0,1,1,0,1,1
25142628,,0,0.00035,89,0.000007,0,8,8,0,8,8
24755713,,0,0.000039,5,0.000007,0,3,3,0,3,3
24706196,,0.000168,0.001965,5,0.000008,3,24,27,3,24,27
24625237,,0,0.00002,5,0.000007,0,2,2,0,2,2
24624995,,0,0.00003,5,0.000007,0,2,2,0,2,2
24616568,,0,0.000016,5,0.000007,0,1,1,0,1,1
24143875,,0,0.000016,5,0.000007,0,1,1,0,1,1
24066792,,0,0.000016,5,0.000007,0,1,1,0,1,1
23504675,,0,0.000043,5,0.000007,0,6,6,0,6,6
22109722,,0,0.000098,5,0.000007,0,7,7,0,7,7
21818696,,0,0.000866,5,0.000007,0,12,12,0,12,12
21212064,,0,0.000033,5,0.000007,0,3,3,0,3,3
20490636,,0,0.001851,5,0.000007,0,16,16,0,16,16
20347649,,0,0.001297,5,0.000007,0,29,29,0,29,29
19854023,,0,0.000016,5,0.000007,0,1,1,0,1,1
19449415,,0,0.000043,5,0.000007,0,4,4,0,4,4
19291763,,0,0.000077,5,0.000007,0,8,8,0,8,8
19209174,,0,0.000039,5,0.000007,0,3,3,0,3,3
18834503,,0,0.00166,5,0.000007,0,10,10,0,10,10
18651981,,0,0.000022,5,0.000007,0,2,2,0,2,2
17324194,,0,0.000048,5,0.000007,0,5,5,0,5,5
16911137,,0,0.000195,5,0.000007,0,5,5,0,5,5
16617243,,0,0.000066,5,0.000007,0,7,7,0,7,7
16129870,,0,0.000022,5,0.000007,0,2,2,0,2,2
12883063,,0,0.000016,5,0.000007,0,1,1,0,1,1
12752738,,0,0.000016,5,0.000007,0,1,1,0,1,1
11533431,,0,0.000016,5,0.000007,0,1,1,0,1,1
11359541,,0,0.000016,5,0.000007,0,1,1,0,1,1
10487995,,0,0.000016,5,0.000007,0,1,1,0,1,1
27286002,,0,0.001015,89,0.000007,0,2,2,0,2,2
9005288,,0.000866,0,89,0.000138,12,0,12,12,0,12
15642178,,0,0.00016,231,0.000007,0,8,8,0,8,8
15318928,,0.000345,0.000028,231,0.000263,60,2,62,60,2,62
15217507,,0,0.000052,89,0.000007,0,3,3,0,3,3
9679488,,0,0.000017,89,0.000007,0,1,1,0,1,1
9008167,,0.053437,0,100,0.001011,335,0,335,335,0,335
30090744,,0,0.007691,5,0.000007,0,24,24,0,24,24
29891926,,0,0.00366,100,0.000007,0,8,8,0,8,8
29765774,,0,0.023054,1,0.000007,0,37,37,0,37,37
29606576,,0,0.005973,100,0.000007,0,19,19,0,19,19
29559847,,0,0.00131,57,0.000007,0,2,2,0,2,2
29511213,,0,0.012173,100,0.000007,0,12,12,0,12,12
29337080,,0,0.001019,100,0.000007,0,1,1,0,1,1
29249653,,0.000019,0.001542,100,0.000029,6,5,11,6,5,11
29108258,,0,0.01096,35,0.000007,0,22,22,0,22,22
27925296,,0,0.001019,100,0.000007,0,1,1,0,1,1
27832076,,0.000298,0.003272,100,0.000016,5,8,13,5,8,13
27753535,,0,0.004541,100,0.000007,0,10,10,0,10,10
27573846,,0,0.001082,100,0.000007,0,2,2,0,2,2
27502483,,0,0.001548,100,0.000007,0,4,4,0,4,4
27450436,,0,0.002475,100,0.000007,0,13,13,0,13,13
27438127,,0,0.001019,100,0.000007,0,1,1,0,1,1
27206857,,0,0.001371,100,0.000007,0,2,2,0,2,2
27184417,,0.003874,0.029169,1,0.000432,129,32,161,129,32,161
27171262,,0,0.003857,1,0.000007,0,11,11,0,11,11
27084940,,0,0.004607,100,0.000007,0,10,10,0,10,10
27043660,,0.000242,0.002191,35,0.000017,4,15,19,4,15,19
27010650,,0,0.001841,100,0.000007,0,3,3,0,3,3
26959739,,0,0.001019,100,0.000007,0,1,1,0,1,1
26745677,,0,0.006181,100,0.000007,0,17,17,0,17,17
26443207,,0,0.001662,100,0.000007,0,2,2,0,2,2
26429972,,0,0.001183,100,0.000007,0,3,3,0,3,3
26384272,,0,0.008424,100,0.000007,0,19,19,0,19,19
26162908,,0.000158,0.00471,100,0.000015,6,16,22,6,16,22
25659039,,0.000301,0.012689,100,0.00002,9,16,25,9,16,25
25499220,,0.000095,0.001217,35,0.000023,4,3,7,4,3,7
25497287,,0,0.001067,241,0.000007,0,3,3,0,3,3
25486561,,0,0.003819,100,0.000007,0,17,17,0,17,17
25448685,,0,0.00157,5,0.000007,0,6,6,0,6,6
25400221,,0.00585,0.011055,100,0.000071,37,36,73,37,36,73
25207207,,0,0.001052,35,0.000007,0,2,2,0,2,2
25010292,,0,0.00221,100,0.000007,0,5,5,0,5,5
24970156,,0,0.002701,100,0.000007,0,6,6,0,6,6
24919198,,0,0.002705,100,0.000007,0,10,10,0,10,10
24914237,,0,0.005612,100,0.000007,0,12,12,0,12,12
24788721,,0,0.00218,100,0.000007,0,2,2,0,2,2
24627085,,0,0.014641,1,0.000007,0,12,12,0,12,12
24563357,,0,0.004173,100,0.000007,0,10,10,0,10,10
24556218,,0.002192,0.004847,100,0.00004,29,13,42,29,13,42
24536073,,0,0.022931,1,0.000007,0,16,16,0,16,16
24349572,,0,0.001019,100,0.000007,0,1,1,0,1,1
24320053,,0,0.005595,100,0.000007,0,10,10,0,10,10
24097900,,0,0.006264,100,0.000007,0,13,13,0,13,13
24085845,,0.018308,0.023523,1,0.000078,46,16,62,46,16,62
24003649,,0,0.008741,1,0.000007,0,7,7,0,7,7
23969067,,0,0.001351,57,0.000007,0,2,2,0,2,2
23727112,,0,0.014421,100,0.000007,0,8,8,0,8,8
23604399,,0,0.001022,231,0.000007,0,2,2,0,2,2
23525009,,0,0.005387,100,0.000007,0,11,11,0,11,11
23408054,,0,0.002869,184,0.000007,0,11,11,0,11,11
23055523,,0.001654,0.018623,100,0.000035,19,19,38,19,19,38
22964643,,0,0.020292,100,0.000007,0,12,12,0,12,12
22628410,,0.005575,0.013592,35,0.000136,46,19,65,46,19,65
22569363,,0.00043,0.002444,265,0.00013,27,5,32,27,5,32
22369660,,0.002248,0.015639,100,0.000037,17,52,69,17,52,69
22303228,,0,0.002216,100,0.000007,0,7,7,0,7,7
22295252,,0,0.033871,1,0.000007,0,19,19,0,19,19
22192953,,0.000963,0.001552,90,0.000044,9,9,18,9,9,18
22167183,,0,0.005038,100,0.000007,0,10,10,0,10,10
22137763,,0.001751,0.009697,100,0.000125,35,18,53,35,18,53
22084686,,0,0.002342,100,0.000007,0,6,6,0,6,6
21968427,,0,0.047696,1,0.000007,0,46,46,0,46,46
21954437,,0.003339,0.004682,100,0.000038,25,11,36,25,11,36
21863050,,0.000988,0.027711,232,0.000567,115,27,142,115,27,142
21740187,,0,0.001732,231,0.000007,0,13,13,0,13,13
21536735,,0,0.002148,100,0.000007,0,4,4,0,4,4
21466675,,0.001049,0.004333,100,0.000026,6,14,20,6,14,20
21464033,,0,0.00102,1,0.000007,0,2,2,0,2,2
21408059,,0,0.002355,100,0.000007,0,5,5,0,5,5
21406551,,0,0.012038,100,0.000007,0,39,39,0,39,39
21321378,,0.001604,0.012828,100,0.000066,16,15,31,16,15,31
21103343,,0.000046,0.005325,100,0.000023,6,32,38,6,32,38
21087664,,0.000006,0.003398,100,0.00001,2,18,20,2,18,20
20952512,,0,0.009896,100,0.000007,0,31,31,0,31,31
20587414,,0,0.001351,57,0.000007,0,2,2,0,2,2
20362325,,0,0.022049,100,0.000007,0,19,19,0,19,19
20177395,,0,0.01924,100,0.000007,0,35,35,0,35,35
20002770,,0.002343,0.003356,231,0.000067,29,12,41,29,12,41
19809577,,0.000339,0.002469,100,0.000031,8,9,17,8,9,17
19783859,,0,0.001633,100,0.000007,0,4,4,0,4,4
19755857,,0,0.001747,57,0.000007,0,4,4,0,4,4
19690184,,0,0.001176,231,0.000007,0,7,7,0,7,7
19333399,,0,0.001209,2,0.000007,0,3,3,0,3,3
19015238,,0,0.009463,100,0.000007,0,20,20,0,20,20
18995829,,0,0.005893,100,0.000007,0,13,13,0,13,13
18711133,,0.000136,0.002753,231,0.000064,12,11,23,12,11,23
18703507,,0,0.001019,100,0.000007,0,1,1,0,1,1
18663141,,0,0.001084,2,0.000007,0,2,2,0,2,2
18604178,,0,0.001443,100,0.000007,0,2,2,0,2,2
18545657,,0.000221,0.006135,100,0.000062,6,20,26,6,20,26
18462780,,0,0.001026,176,0.000007,0,2,2,0,2,2
18371194,,0,0.005968,100,0.000007,0,10,10,0,10,10
18342300,,0,0.002858,100,0.000007,0,5,5,0,5,5
18284688,,0.001157,0.003792,140,0.000016,7,18,25,7,18,25
18283110,,0,0.00107,100,0.000007,0,2,2,0,2,2
18219312,,0,0.004027,100,0.000007,0,8,8,0,8,8
17957241,,0,0.001019,100,0.000007,0,1,1,0,1,1
17717048,,0,0.00125,2,0.000007,0,3,3,0,3,3
17541404,,0,0.003551,100,0.000007,0,6,6,0,6,6
17511879,,0.000551,0.002432,100,0.000081,10,10,20,10,10,20
17145961,,0,0.003567,100,0.000007,0,14,14,0,14,14
16945145,,0,0.0031,100,0.000007,0,12,12,0,12,12
16628214,,0.0069,0.007498,100,0.000224,62,22,84,62,22,84
16417649,,0.000062,0.003023,100,0.000028,5,18,23,5,18,23
16391231,,0,0.010762,100,0.000007,0,24,24,0,24,24
15956972,,0,0.001125,231,0.000007,0,3,3,0,3,3
15650047,,0,0.001534,100,0.000007,0,4,4,0,4,4
15596849,,0,0.003359,100,0.000007,0,9,9,0,9,9
15590323,,0,0.004495,100,0.000007,0,12,12,0,12,12
15175262,,0,0.001483,100,0.000007,0,2,2,0,2,2
15065660,,0,0.003396,100,0.000007,0,8,8,0,8,8
14701743,,0.014464,0.009458,100,0.000337,102,27,129,102,27,129
14566050,,0,0.001857,100,0.000007,0,4,4,0,4,4
12773400,,0,0.005977,100,0.000007,0,16,16,0,16,16
12456786,,0,0.001533,100,0.000007,0,5,5,0,5,5
12446782,,0,0.003761,100,0.000007,0,7,7,0,7,7
12024016,,0,0.006821,100,0.000007,0,23,23,0,23,23
11756551,,0,0.003054,100,0.000007,0,10,10,0,10,10
11597317,,0,0.003992,100,0.000007,0,7,7,0,7,7
11532935,,0,0.003698,100,0.000007,0,16,16,0,16,16
11459987,,0,0.001815,100,0.000007,0,3,3,0,3,3
11459983,,0,0.003589,100,0.000007,0,6,6,0,6,6
11459982,,0,0.002168,100,0.000007,0,6,6,0,6,6
11459950,,0,0.001019,100,0.000007,0,1,1,0,1,1
11454747,,0,0.001019,100,0.000007,0,1,1,0,1,1
11331310,,0,0.001466,100,0.000007,0,4,4,0,4,4
11292845,,0,0.001019,100,0.000007,0,1,1,0,1,1
11256631,,0,0.001938,100,0.000007,0,5,5,0,5,5
11238908,,0,0.001019,100,0.000007,0,1,1,0,1,1
11178248,,0,0.001019,100,0.000007,0,1,1,0,1,1
11158303,,0,0.002167,100,0.000007,0,3,3,0,3,3
10931916,,0,0.001019,100,0.000007,0,1,1,0,1,1
10908572,,0,0.001662,100,0.000007,0,2,2,0,2,2
10856252,,0,0.001093,57,0.000007,0,4,4,0,4,4
10837032,,0,0.002463,100,0.000007,0,5,5,0,5,5
10747055,,0,0.001019,100,0.000007,0,1,1,0,1,1
10557214,,0,0.001019,100,0.000007,0,1,1,0,1,1
10541549,,0,0.001019,100,0.000007,0,1,1,0,1,1
10525529,,0,0.001483,100,0.000007,0,2,2,0,2,2
10436023,,0,0.002127,100,0.000007,0,3,3,0,3,3
10207075,,0,0.001019,100,0.000007,0,1,1,0,1,1
10098735,,0,0.001019,100,0.000007,0,1,1,0,1,1
10082566,,0,0.001019,100,0.000007,0,1,1,0,1,1
9885240,,0,0.001019,100,0.000007,0,1,1,0,1,1
9789045,,0,0.001668,100,0.000007,0,3,3,0,3,3
9736627,,0,0.001058,41,0.000007,0,2,2,0,2,2
9705507,,0,0.001019,100,0.000007,0,1,1,0,1,1
9679134,,0,0.001019,100,0.000007,0,1,1,0,1,1
9679065,,0,0.001019,100,0.000007,0,1,1,0,1,1
9628903,,0,0.001019,100,0.000007,0,1,1,0,1,1
9512535,,0,0.001019,100,0.000007,0,1,1,0,1,1
9469824,,0,0.001019,100,0.000007,0,1,1,0,1,1
9430650,,0,0.001019,100,0.000007,0,1,1,0,1,1
9412458,,0,0.001019,100,0.000007,0,1,1,0,1,1
9396801,,0,0.001019,100,0.000007,0,1,1,0,1,1
9372947,,0,0.001019,100,0.000007,0,1,1,0,1,1
9342309,,0,0.001019,100,0.000007,0,1,1,0,1,1
9321665,,0,0.001019,100,0.000007,0,1,1,0,1,1
9315668,,0,0.001019,100,0.000007,0,1,1,0,1,1
9311981,,0,0.001019,100,0.000007,0,1,1,0,1,1
9311980,,0,0.001019,100,0.000007,0,1,1,0,1,1
9245975,,0,0.001019,100,0.000007,0,1,1,0,1,1
9207083,,0,0.001019,100,0.000007,0,1,1,0,1,1
28881671,,0,0.000141,205,0.000007,0,4,4,0,4,4
9010228,,0.006567,0,100,0.000118,50,0,50,50,0,50
27677417,,0,0.001386,248,0.000007,0,7,7,0,7,7
25056543,,0,0.000542,90,0.000007,0,11,11,0,11,11
24747838,,0.000006,0.000707,90,0.000162,30,9,39,30,9,39
19048051,,0,0.000441,140,0.000007,0,10,10,0,10,10
15760843,,0,0.000125,100,0.000007,0,1,1,0,1,1
14627667,,0,0.000125,100,0.000007,0,1,1,0,1,1
12202761,,0,0.000125,100,0.000007,0,1,1,0,1,1
28968398,,0.000005,0.002019,1,0.000014,2,16,18,2,16,18
9010238,,0.003128,0,279,0.000113,25,0,25,25,0,25
28594273,,0,0.001712,279,0.000007,0,25,25,0,25,25
24586743,,0.000071,0.000918,279,0.000011,3,15,18,3,15,18
23764426,,0.000239,0.003424,231,0.000114,26,6,32,26,6,32
21976967,,0,0.000064,168,0.000043,6,2,8,6,2,8
20047966,,0,0.00006,279,0.000007,0,1,1,0,1,1
18949048,,0,0.00006,279,0.000007,0,1,1,0,1,1
29520654,,0,0.000106,89,0.000007,0,7,7,0,7,7
28480178,,0,0.001987,140,0.000013,1,20,21,1,20,21
27377827,,0.000156,0.00023,89,0.000009,3,8,11,3,8,11
26857456,,0.000184,0.001969,89,0.000019,8,14,22,8,14,22
26648754,,0,0.000732,5,0.000007,0,13,13,0,13,13
23691450,,0,0.000045,89,0.000007,0,3,3,0,3,3
22276005,,0,0.000082,89,0.000025,4,3,7,4,3,7
21291532,,0,0.000524,89,0.000007,0,5,5,0,5,5
19996029,,0,0.000107,89,0.000007,0,5,5,0,5,5
15082902,,0.00134,0.002621,89,0.000016,9,19,28,9,19,28
12896911,,0,0.000042,89,0.000007,0,1,1,0,1,1
30233771,,0,0.000076,279,0.000007,0,2,2,0,2,2
9017003,,0.00381,0,5,0.000086,52,0,52,52,0,52
30093737,,0,0.000317,5,0.000007,0,5,5,0,5,5
29943416,,0,0.001676,5,0.000007,0,10,10,0,10,10
29490057,,0,0.000805,5,0.000007,0,10,10,0,10,10
27833082,,0,0.000263,231,0.000007,0,5,5,0,5,5
26958303,,0,0.00029,5,0.000007,0,3,3,0,3,3
26578231,,0,0.001357,5,0.000007,0,8,8,0,8,8
25722355,,0,0.001527,5,0.000007,0,6,6,0,6,6
24165150,,0,0.001514,5,0.000007,0,9,9,0,9,9
22290208,,0.000913,0.007943,89,0.000008,4,52,56,4,52,56
22162228,,0,0.000726,205,0.000007,0,4,4,0,4,4
22054804,,0,0.000412,5,0.000007,0,4,4,0,4,4
21705679,,0,0.000344,5,0.000007,0,3,3,0,3,3
21123638,,0.002659,0.010183,5,0.000067,37,46,83,37,46,83
20068151,,0,0.000507,5,0.000007,0,5,5,0,5,5
19307513,,0,0.000229,5,0.000007,0,2,2,0,2,2
18407567,,0.00029,0.0027,5,0.00002,9,16,25,9,16,25
17909205,,0.001936,0.007894,5,0.000028,23,43,66,23,43,66
17416862,,0,0.000482,5,0.000007,0,6,6,0,6,6
17378937,,0.000705,0.002561,5,0.000015,11,15,26,11,15,26
16918912,,0.00046,0.000313,5,0.000012,7,3,10,7,3,10
16646800,,0,0.005484,5,0.000007,0,10,10,0,10,10
15834239,,0.000022,0.001643,5,0.000054,18,7,25,18,7,25
14757853,,0,0.001311,89,0.000007,0,7,7,0,7,7
21803008,,0,0.000022,66,0.000007,0,2,2,0,2,2
9018120,,0.000392,0,66,0.000029,10,0,10,10,0,10
20842219,,0,0.000007,66,0.000007,0,1,1,0,1,1
18158561,,0.000501,0.001341,41,0.000009,2,9,11,2,9,11
14504409,,0,0.000007,66,0.000007,0,1,1,0,1,1
13680524,,0,0.000199,35,0.000007,0,13,13,0,13,13
9028816,,0.001097,0,5,0.000049,25,0,25,25,0,25
27551110,,0.000001,0.000136,5,0.000014,3,10,13,3,10,13
27465808,,0,0.002205,5,0.000007,0,22,22,0,22,22
26482668,,0.000003,0.000145,5,0.000012,3,10,13,3,10,13
23462725,,0.000291,0.001501,5,0.000017,6,25,31,6,25,31
21810994,,0,0.000021,5,0.000007,0,1,1,0,1,1
11483640,,0,0.000021,5,0.000007,0,1,1,0,1,1
10593997,,0,0.000021,5,0.000007,0,1,1,0,1,1
25069854,,0,0,13,0.000007,0,1,1,0,1,1
9032395,,0,0,13,0.000148,24,0,24,24,0,24
22523082,,0,0,13,0.000007,0,1,1,0,1,1
22189101,,0,0,13,0.000007,0,1,1,0,1,1
20825662,,0,0,13,0.000007,0,1,1,0,1,1
20628575,,0,0,13,0.000007,0,1,1,0,1,1
20106923,,0,0,13,0.000007,0,1,1,0,1,1
19759129,,0,0,13,0.000007,0,1,1,0,1,1
16775308,,0,0,13,0.000007,0,1,1,0,1,1
15877812,,0,0,13,0.000007,0,1,1,0,1,1
15596798,,0,0,13,0.000007,0,1,1,0,1,1
12525625,,0,0,13,0.000007,0,1,1,0,1,1
11734633,,0,0,13,0.000007,0,1,1,0,1,1
10982325,,0,0,13,0.000007,0,1,1,0,1,1
10933682,,0,0,13,0.000007,0,1,1,0,1,1
10846109,,0,0,13,0.000007,0,1,1,0,1,1
10756007,,0,0,13,0.000007,0,1,1,0,1,1
10684315,,0,0,13,0.000007,0,1,1,0,1,1
10666268,,0,0,13,0.000007,0,1,1,0,1,1
10482574,,0,0,13,0.000007,0,1,1,0,1,1
10196327,,0,0,13,0.000007,0,1,1,0,1,1
9971790,,0,0,13,0.000007,0,1,1,0,1,1
9311814,,0,0,13,0.000007,0,1,1,0,1,1
9261429,,0,0,13,0.000007,0,1,1,0,1,1
9033168,,0.000015,0,89,0.000008,1,0,1,1,0,1
9038264,,0.000807,0,1,0.000025,15,0,15,15,0,15
27000861,,0,0.000358,69,0.000007,0,6,6,0,6,6
26668597,,0,0.000099,1,0.000007,0,2,2,0,2,2
18980979,,0,0.000176,1,0.000007,0,5,5,0,5,5
18757082,,0,0.001821,1,0.000007,0,10,10,0,10,10
29162844,,0,0.000516,89,0.000007,0,5,5,0,5,5
9041180,,0.001012,0,89,0.000187,17,0,17,17,0,17
25204323,,0,0.000225,89,0.000013,1,7,8,1,7,8
10606661,,0,0.000019,89,0.000007,0,1,1,0,1,1
10493923,,0,0.000019,89,0.000007,0,1,1,0,1,1
9482895,,0,0.000019,89,0.000007,0,1,1,0,1,1
28961279,,0.000008,0.004217,89,0.000011,2,41,43,2,41,43
24040146,,0,0.005526,100,0.000012,2,19,21,2,19,21
22703186,,0.000001,0.003752,35,0.000015,2,14,16,2,14,16
21673012,,0.000812,0.005989,48,0.000074,19,13,32,19,13,32
11792833,,0.000979,0.000783,35,0.000115,14,7,21,14,7,21
11170903,,0.000193,0.000223,89,0.000009,3,3,6,3,3,6
9683585,,0,0.000041,89,0.000007,0,1,1,0,1,1
29761043,,0,0.00015,89,0.000007,0,1,1,0,1,1
29368425,,0,0.006367,5,0.000007,0,16,16,0,16,16
27746277,,0,0.00604,1,0.000007,0,10,10,0,10,10
27367496,,0.000729,0.010726,5,0.000011,7,20,27,7,20,27
26295337,,0,0.004517,5,0.000007,0,8,8,0,8,8
25548576,,0,0.001183,89,0.000007,0,10,10,0,10,10
24962108,,0.000102,0.026753,1,0.000027,5,33,38,5,33,38
24872733,,0,0.00687,5,0.000007,0,22,22,0,22,22
24493630,,0,0.000496,231,0.000007,0,7,7,0,7,7
24349831,,0,0.039679,1,0.000007,0,23,23,0,23,23
23987739,,0.002588,0.009381,5,0.000022,11,49,60,11,49,60
22993654,,0,0.000225,89,0.000007,0,2,2,0,2,2
22488460,,0,0.005844,5,0.000007,0,22,22,0,22,22
21654687,,0.000686,0.003708,5,0.00003,12,12,24,12,12,24
20811826,,0,0.001313,1,0.000007,0,13,13,0,13,13
20604969,,0,0.000238,89,0.000007,0,3,3,0,3,3
18718648,,0.002059,0.004983,69,0.000049,20,16,36,20,16,36
17525270,,0,0.001844,89,0.000007,0,8,8,0,8,8
28487467,,0.000019,0.012078,205,0.000019,4,17,21,4,17,21
28453507,,0,0.003413,89,0.000007,0,40,40,0,40,40
19455369,,0.00063,0.003279,5,0.000036,15,16,31,15,16,31
19047089,,0.00239,0.006019,69,0.000082,21,11,32,21,11,32
18923645,,0,0.000081,89,0.000007,0,1,1,0,1,1
17233897,,0.000665,0.000373,89,0.000015,10,5,15,10,5,15
10577931,,0,0.001375,89,0.000007,0,7,7,0,7,7
9063749,,0.002316,0,231,0.000095,29,0,29,29,0,29
28427168,,0,0.00284,231,0.000007,0,26,26,0,26,26
23637064,,0,0.000044,231,0.000007,0,1,1,0,1,1
21191178,,0.000873,0.004967,231,0.000042,14,20,34,14,20,34
20807450,,0.000188,0.000206,231,0.000008,2,7,9,2,7,9
20510605,,0,0.000097,231,0.000007,0,4,4,0,4,4
17428325,,0.000542,0.000789,231,0.000073,28,7,35,28,7,35
15138483,,0.000424,0.000118,231,0.000098,24,4,28,24,4,28
11015456,,0,0.000044,231,0.000007,0,1,1,0,1,1
9063750,,0.00139,0,100,0.000017,11,0,11,11,0,11
26566862,,0,0.002392,100,0.000007,0,13,13,0,13,13
12474142,,0,0.001639,89,0.000007,0,12,12,0,12,12
9064396,,0.000147,0,89,0.000007,1,0,1,1,0,1
26070152,,0,0.000039,35,0.000007,0,3,3,0,3,3
9071571,,0.000391,0,89,0.000066,16,0,16,16,0,16
20955588,,0,0.000007,89,0.000007,0,1,1,0,1,1
17915011,,0,0.00036,89,0.000007,0,6,6,0,6,6
12169676,,0,0.000007,89,0.000007,0,1,1,0,1,1
11729386,,0,0.000007,89,0.000007,0,1,1,0,1,1
10330128,,0,0.000007,89,0.000007,0,1,1,0,1,1
10097140,,0,0.000007,89,0.000007,0,1,1,0,1,1
9916925,,0,0.000007,89,0.000007,0,1,1,0,1,1
28751759,,0,0.002981,1,0.000007,0,8,8,0,8,8
9090499,,0.001271,0,90,0.000044,14,0,14,14,0,14
25861310,,0,0.000035,35,0.000007,0,2,2,0,2,2
21888628,,0,0.000914,90,0.000007,0,8,8,0,8,8
19674456,,0,0.000024,90,0.000007,0,1,1,0,1,1
19200054,,0,0.020381,100,0.000007,0,44,44,0,44,44
17760956,,0.000576,0.000439,35,0.000042,13,7,20,13,7,20
30061853,,0,0.001247,5,0.000007,0,12,12,0,12,12
9091675,,0.006225,0,5,0.000179,85,0,85,85,0,85
28559958,,0,0.001731,205,0.000007,0,19,19,0,19,19
27721756,,0,0.00051,5,0.000007,0,4,4,0,4,4
27377470,,0,0.000119,5,0.000007,0,1,1,0,1,1
27265406,,0.000187,0.003671,5,0.000008,2,37,39,2,37,39
25960720,,0.000031,0.004478,5,0.000017,5,42,47,5,42,47
25841594,,0,0.003911,5,0.000007,0,20,20,0,20,20
25821783,,0,0.000181,89,0.000007,0,2,2,0,2,2
25719903,,0,0.000122,5,0.000007,0,2,2,0,2,2
25475650,,0,0.000119,5,0.000007,0,1,1,0,1,1
25279173,,0,0.001762,5,0.000007,0,14,14,0,14,14
25062114,,0.000037,0.000965,5,0.000007,1,8,9,1,8,9
22917154,,0,0.000222,5,0.000007,0,2,2,0,2,2
22489325,,0,0.005289,35,0.000007,0,2,2,0,2,2
22177185,,0,0.00222,5,0.000007,0,6,6,0,6,6
22075527,,0,0.000494,5,0.000007,0,4,4,0,4,4
20439838,,0,0.000143,5,0.000007,0,3,3,0,3,3
20223034,,0,0.000237,5,0.000007,0,6,6,0,6,6
20142257,,0,0.000393,5,0.000007,0,14,14,0,14,14
19536903,,0,0.000119,5,0.000007,0,2,2,0,2,2
19423517,,0.000529,0.004668,69,0.000103,23,9,32,23,9,32
19155390,,0,0.000119,5,0.000007,0,1,1,0,1,1
18936638,,0,0.000119,5,0.000007,0,1,1,0,1,1
18765407,,0,0.000355,5,0.000007,0,3,3,0,3,3
18702049,,0,0.002183,5,0.000007,0,11,11,0,11,11
18581219,,0.00002,0.001804,5,0.000007,1,11,12,1,11,12
18344711,,0,0.000145,5,0.000007,0,3,3,0,3,3
18268356,,0.018524,0.010296,5,0.000117,105,26,131,105,26,131
17426707,,0.003227,0.004928,5,0.000037,24,27,51,24,27,51
12472931,,0,0.000333,5,0.000007,0,4,4,0,4,4
11850397,,0,0.000415,5,0.000007,0,7,7,0,7,7
11431403,,0,0.002131,89,0.000007,0,7,7,0,7,7
10807694,,0,0.000126,5,0.000007,0,2,2,0,2,2
10738459,,0,0.000119,5,0.000007,0,1,1,0,1,1
10736900,,0,0.000119,5,0.000007,0,1,1,0,1,1
10736899,,0,0.000119,5,0.000007,0,1,1,0,1,1
29053726,,0.000968,0.008093,1,0.000008,5,17,22,5,17,22
9099656,,0.003873,0,1,0.000114,29,0,29,29,0,29
27514840,,0.000364,0.013141,5,0.000008,3,21,24,3,21,24
26745875,,0.002551,0.020251,1,0.000029,14,20,34,14,20,34
21364863,,0,0.000095,72,0.000007,0,2,2,0,2,2
20647319,,0.001088,0.0002,72,0.000195,54,3,57,54,3,57
20635389,,0,0.000458,1,0.000007,0,7,7,0,7,7
19240718,,0,0.001442,1,0.000007,0,8,8,0,8,8
10847890,,0,0.000074,1,0.000007,0,1,1,0,1,1
10666369,,0,0.000074,1,0.000007,0,1,1,0,1,1
10391090,,0,0.000074,1,0.000007,0,1,1,0,1,1
29147345,,0,0.006542,1,0.000013,1,8,9,1,8,9
9102202,,0.009514,0,35,0.000188,60,0,60,60,0,60
28341751,,0,0.018591,1,0.000007,0,13,13,0,13,13
27170701,,0.000093,0.003948,100,0.000008,1,22,23,1,22,23
26553136,,0.000781,0.006098,231,0.000026,8,18,26,8,18,26
25825120,,0.001108,0.005245,1,0.00002,6,16,22,6,16,22
25416589,,0.0004,0.013258,1,0.000023,9,22,31,9,22,31
24884718,,0.000001,0.003197,100,0.000008,1,12,13,1,12,13
23284877,,0.000003,0.011124,35,0.00002,3,13,16,3,13,16
22295238,,0,0.000209,35,0.000007,0,3,3,0,3,3
21677473,,0,0.016688,1,0.000007,0,12,12,0,12,12
21573075,,0,0.000181,35,0.000007,0,1,1,0,1,1
21118481,,0.003986,0.02353,1,0.000044,13,18,31,13,18,31
20843305,,0.000471,0.018796,1,0.000023,3,20,23,3,20,23
20592421,,0,0.004277,35,0.000007,0,6,6,0,6,6
20434408,,0,0.001097,100,0.000007,0,8,8,0,8,8
19697121,,0.000027,0.001441,35,0.00008,15,4,19,15,4,19
19454617,,0,0.000187,87,0.000007,0,2,2,0,2,2
18931701,,0,0.000181,35,0.000007,0,1,1,0,1,1
18647968,,0.002013,0.002098,279,0.000051,24,9,33,24,9,33
15687698,,0,0.000906,35,0.000007,0,6,6,0,6,6
15655561,,0,0.000404,35,0.000007,0,2,2,0,2,2
15014444,,0,0.001522,100,0.000007,0,6,6,0,6,6
14503924,,0,0.000181,35,0.000007,0,1,1,0,1,1
12610208,,0.005825,0.007342,35,0.0001,43,12,55,43,12,55
11870509,,0.00069,0.001377,5,0.000019,5,21,26,5,21,26
11493692,,0.005296,0.002358,90,0.000101,47,15,62,47,15,62
11331760,,0,0.000181,35,0.000007,0,2,2,0,2,2
11250672,,0,0.000684,35,0.000007,0,4,4,0,4,4
10944226,,0.00081,0.001762,35,0.000168,25,5,30,25,5,30
10487825,,0,0.001421,35,0.000007,0,3,3,0,3,3
10329585,,0,0.000181,35,0.000007,0,1,1,0,1,1
9606188,,0,0.000181,35,0.000007,0,1,1,0,1,1
9588877,,0,0.000181,35,0.000007,0,1,1,0,1,1
26109871,,0,0.000005,35,0.000007,0,2,2,0,2,2
9108587,,0.000175,0,35,0.000035,8,0,8,8,0,8
24428531,,0,0.000003,35,0.000007,0,1,1,0,1,1
21792545,,0,0.000003,35,0.000007,0,1,1,0,1,1
20104523,,0,0.001791,5,0.000007,0,9,9,0,9,9
18522734,,0,0.00018,5,0.000007,0,3,3,0,3,3
11250802,,0,0.000003,35,0.000007,0,1,1,0,1,1
9115959,,0.000977,0,89,0.000023,11,0,11,11,0,11
25036526,,0,0.001126,231,0.000013,1,15,16,1,15,16
22984553,,0.000058,0.001548,89,0.000043,10,12,22,10,12,22
20513136,,0.002262,0.002419,140,0.00003,22,22,44,22,22,44
9115962,,0.000639,0,89,0.000012,6,0,6,6,0,6
29167765,,0,0,14,0.000007,0,1,1,0,1,1
9118561,,0,0,14,0.000019,2,0,2,2,0,2
23365501,,0,0,14,0.000007,0,1,1,0,1,1
9121519,,0.000675,0,1,0.000008,2,0,2,2,0,2
9121520,,0.000675,0,1,0.000008,2,0,2,2,0,2
9121522,,0.000271,0,89,0.000011,2,0,2,2,0,2
9121523,,0.000499,0,89,0.000008,2,0,2,2,0,2
9121524,,0.000264,0,89,0.000013,4,0,4,4,0,4
29928319,,0,0.000164,90,0.000007,0,6,6,0,6,6
9133444,,0.002268,0,90,0.000087,27,0,27,27,0,27
25838159,,0.000111,0.000457,5,0.000011,3,12,15,3,12,15
21393859,,0,0.00051,90,0.000007,0,2,2,0,2,2
21243011,,0,0.000921,90,0.000007,0,5,5,0,5,5
9133456,,0.000154,0,89,0.00001,3,0,3,3,0,3
22970155,,0.001688,0.001329,89,0.000023,20,28,48,20,28,48
29057140,,0,0,89,0.000007,0,1,1,0,1,1
9134530,,0.000002,0,89,0.000015,2,0,2,2,0,2
9145676,,0.032267,0,89,0.000937,336,0,336,336,0,336
30228700,,0,0.000615,89,0.000007,0,1,1,0,1,1
30134520,,0,0.002771,5,0.000007,0,3,3,0,3,3
29861850,,0,0.006797,89,0.000007,0,26,26,0,26,26
29690565,,0,0.006281,82,0.000007,0,26,26,0,26,26
29566172,,0,0.001723,89,0.000007,0,2,2,0,2,2
29321957,,0,0.002897,100,0.000007,0,5,5,0,5,5
29228967,,0,0.005339,69,0.000007,0,21,21,0,21,21
28917021,,0,0.003993,1,0.000007,0,11,11,0,11,11
28841835,,0,0.000615,89,0.000007,0,1,1,0,1,1
28808221,,0,0.000615,89,0.000007,0,1,1,0,1,1
28766223,,0,0.004636,5,0.000007,0,27,27,0,27,27
28600340,,0,0.001384,89,0.000007,0,10,10,0,10,10
28439188,,0.000004,0.006459,35,0.000014,2,26,28,2,26,28
28269871,,0,0.000615,89,0.000007,0,1,1,0,1,1
28157161,,0.000083,0.002316,5,0.000008,1,8,9,1,8,9
28090392,,0,0.000615,89,0.000007,0,1,1,0,1,1
28076423,,0.000034,0.000887,89,0.000008,2,7,9,2,7,9
27989354,,0.000764,0.001634,1,0.000026,12,12,24,12,12,24
27842325,,0,0.006903,89,0.000007,0,80,80,0,80,80
27689078,,0,0.002019,89,0.000007,0,2,2,0,2,2
27626483,,0,0.000621,82,0.000007,0,2,2,0,2,2
27553621,,0,0.000615,89,0.000007,0,1,1,0,1,1
27532831,,0,0.000615,89,0.000007,0,1,1,0,1,1
27121695,,0,0.000615,89,0.000007,0,1,1,0,1,1
26848297,,0,0.000617,279,0.000007,0,2,2,0,2,2
26768420,,0,0.002751,69,0.000007,0,12,12,0,12,12
26645001,,0.000054,0.005012,5,0.000014,2,16,18,2,16,18
26622681,,0,0.000615,89,0.000007,0,1,1,0,1,1
26504486,,0,0.000615,89,0.000007,0,1,1,0,1,1
26453319,,0,0.001682,5,0.000007,0,4,4,0,4,4
26338451,,0,0.001115,89,0.000007,0,5,5,0,5,5
26062626,,0,0.000631,89,0.000007,0,2,2,0,2,2
25951739,,0.000141,0.006095,5,0.000014,3,27,30,3,27,30
25798433,,0,0.002714,5,0.000007,0,8,8,0,8,8
25798252,,0,0.007147,5,0.000007,0,31,31,0,31,31
25592164,,0,0.000615,89,0.000007,0,1,1,0,1,1
25485004,,0.00007,0.001907,89,0.000014,3,13,16,3,13,16
25435541,,0.002541,0.007045,5,0.000016,19,31,50,19,31,50
25404955,,0,0.000687,89,0.000007,0,2,2,0,2,2
25295459,,0,0.000615,89,0.000007,0,1,1,0,1,1
25203624,,0,0.000615,89,0.000007,0,1,1,0,1,1
25183411,,0,0.000866,89,0.000007,0,2,2,0,2,2
25170203,,0,0.009641,205,0.000007,0,16,16,0,16,16
25127731,,0,0.000615,89,0.000007,0,1,1,0,1,1
24957542,,0,0.000615,89,0.000007,0,1,1,0,1,1
24910640,,0,0.004116,69,0.000007,0,23,23,0,23,23
24867283,,0,0.000615,89,0.000007,0,1,1,0,1,1
24770866,,0,0.001681,89,0.000007,0,18,18,0,18,18
24587872,,0,0.001692,5,0.000007,0,16,16,0,16,16
24583925,,0,0.000615,89,0.000007,0,1,1,0,1,1
24489419,,0,0.000722,89,0.000007,0,4,4,0,4,4
24383053,,0,0.000615,89,0.000007,0,1,1,0,1,1
24351742,,0,0.000615,89,0.000007,0,1,1,0,1,1
24350628,,0,0.000615,89,0.000007,0,1,1,0,1,1
24292448,,0.002028,0.006535,205,0.00009,28,11,39,28,11,39
24289229,,0,0.00396,100,0.000007,0,8,8,0,8,8
24244370,,0,0.001705,89,0.000007,0,7,7,0,7,7
23722471,,0.000049,0.00106,89,0.00001,3,10,13,3,10,13
23475555,,0,0.000727,89,0.000007,0,2,2,0,2,2
23187834,,0.000299,0.004056,205,0.000046,14,13,27,14,13,27
23091538,,0,0.000615,89,0.000007,0,1,1,0,1,1
22853843,,0,0.001659,5,0.000007,0,5,5,0,5,5
22575968,,0,0.000817,89,0.000007,0,3,3,0,3,3
22425664,,0.000053,0.006832,69,0.000011,2,28,30,2,28,30
22276059,,0,0.002556,1,0.000007,0,7,7,0,7,7
22275985,,0.00001,0.002531,5,0.000009,1,3,4,1,3,4
22106103,,0,0.000621,198,0.000007,0,3,3,0,3,3
22088962,,0,0.000615,89,0.000007,0,1,1,0,1,1
21756279,,0.001199,0.018301,1,0.000025,5,24,29,5,24,29
21711529,,0.000038,0.001801,5,0.00002,4,4,8,4,4,8
21629734,,0,0.0007,184,0.000007,0,2,2,0,2,2
21424870,,0,0.010653,89,0.000007,0,4,4,0,4,4
21424757,,0.000194,0.008405,69,0.000008,2,30,32,2,30,32
21394499,,0.002954,0.005594,35,0.000049,25,17,42,25,17,42
20880789,,0,0.000615,89,0.000007,0,1,1,0,1,1
20810374,,0.030195,0.008703,5,0.000372,223,25,248,223,25,248
20707868,,0,0.001177,5,0.000007,0,5,5,0,5,5
20411323,,0.003704,0.001901,5,0.000019,19,14,33,19,14,33
20235860,,0,0.000615,89,0.000007,0,1,1,0,1,1
20233462,,0.00083,0.004275,89,0.000015,2,14,16,2,14,16
20215531,,0.005836,0.003502,89,0.000201,45,17,62,45,17,62
20144313,,0,0.000718,89,0.000007,0,2,2,0,2,2
20135344,,0.001772,0.006387,5,0.000023,14,23,37,14,23,37
20002400,,0,0.000629,5,0.000007,0,3,3,0,3,3
19902366,,0,0.000861,89,0.000007,0,6,6,0,6,6
19785775,,0,0.000615,89,0.000007,0,1,1,0,1,1
19725994,,0.000014,0.002244,89,0.000007,1,18,19,1,18,19
19706645,,0,0.001423,90,0.000007,0,6,6,0,6,6
19656774,,0.004354,0.004363,231,0.000157,48,15,63,48,15,63
19596651,,0,0.001621,89,0.000007,0,3,3,0,3,3
19476645,,0,0.00089,89,0.000007,0,9,9,0,9,9
19188187,,0.002007,0.002141,89,0.000066,23,18,41,23,18,41
19141781,,0.018151,0.010092,5,0.000167,143,31,174,143,31,174
18836996,,0,0.001935,89,0.000007,0,5,5,0,5,5
18836536,,0,0.000615,89,0.000007,0,1,1,0,1,1
18614782,,0,0.000615,89,0.000007,0,1,1,0,1,1
18542066,,0.000048,0.004259,231,0.000048,8,18,26,8,18,26
18413468,,0,0.000709,89,0.000007,0,4,4,0,4,4
18369226,,0,0.000615,89,0.000007,0,1,1,0,1,1
18182994,,0.003493,0.001672,89,0.000113,39,11,50,39,11,50
18182601,,0.007363,0.006549,231,0.000221,86,21,107,86,21,107
17972172,,0.000633,0.002947,5,0.000042,17,14,31,17,14,31
17850658,,0.000079,0.003862,5,0.00001,2,12,14,2,12,14
17700570,,0,0.004039,89,0.000007,0,20,20,0,20,20
17593981,,0,0.000647,89,0.000007,0,2,2,0,2,2
17336372,,0,0.000615,89,0.000007,0,1,1,0,1,1
17102813,,0.000005,0.000837,89,0.000017,3,9,12,3,9,12
16985998,,0,0.000615,89,0.000007,0,1,1,0,1,1
16973716,,0.000988,0.003984,205,0.000065,19,14,33,19,14,33
16681846,,0,0.000615,89,0.000007,0,1,1,0,1,1
15937110,,0,0.00212,89,0.000007,0,3,3,0,3,3
15545966,,0.003825,0.004062,5,0.000027,19,13,32,19,13,32
15208783,,0,0.000664,89,0.000007,0,2,2,0,2,2
12929083,,0,0.000617,89,0.000007,0,2,2,0,2,2
12577202,,0,0.000764,89,0.000007,0,2,2,0,2,2
12368216,,0,0.001726,89,0.000007,0,4,4,0,4,4
12107289,,0,0.000615,89,0.000007,0,1,1,0,1,1
11929722,,0,0.000615,89,0.000007,0,1,1,0,1,1
11850376,,0,0.002562,5,0.000007,0,9,9,0,9,9
10807691,,0,0.000664,89,0.000007,0,4,4,0,4,4
10753083,,0,0.000615,89,0.000007,0,1,1,0,1,1
30178398,,0,0.002172,5,0.000007,0,21,21,0,21,21
9145677,,0.008835,0,89,0.000154,92,0,92,92,0,92
30093976,,0,0.000361,205,0.000007,0,9,9,0,9,9
28142043,,0,0.000441,5,0.000007,0,3,3,0,3,3
27325848,,0.000188,0.00254,5,0.000014,12,28,40,12,28,40
26884579,,0,0.000177,89,0.000007,0,2,2,0,2,2
26690931,,0.000201,0.003316,5,0.000016,11,17,28,11,17,28
26175660,,0,0.000172,5,0.000007,0,2,2,0,2,2
25376862,,0.001347,0.002259,5,0.000025,26,20,46,26,20,46
25138101,,0.000116,0.008271,5,0.000015,4,33,37,4,33,37
24618965,,0,0.000207,89,0.000007,0,4,4,0,4,4
23113073,,0.000033,0.005765,89,0.000014,2,21,23,2,21,23
21540561,,0,0.001866,5,0.000007,0,16,16,0,16,16
21394302,,0.000254,0.014321,24,0.000031,12,12,24,12,12,24
20512419,,0.000727,0.002676,5,0.000013,7,14,21,7,14,21
19805686,,0,0.00125,5,0.000007,0,6,6,0,6,6
19429733,,0.00011,0.001129,5,0.000018,7,7,14,7,7,14
19188678,,0.001186,0.004265,5,0.000025,15,24,39,15,24,39
19090507,,0,0.002575,5,0.000007,0,22,22,0,22,22
18443409,,0.00083,0.008356,100,0.000035,16,17,33,16,17,33
18061181,,0,0.000377,5,0.000007,0,2,2,0,2,2
17636425,,0.000311,0.005983,5,0.000009,4,23,27,4,23,27
17066320,,0.001675,0.002532,5,0.000032,22,24,46,22,24,46
15987451,,0.002228,0.006909,231,0.000025,13,21,34,13,21,34
15208521,,0,0.003599,5,0.000007,0,19,19,0,19,19
9145678,,0.002957,0,89,0.000056,29,0,29,29,0,29
28646826,,0,0.008538,279,0.000007,0,23,23,0,23,23
25240578,,0,0.000123,205,0.000007,0,2,2,0,2,2
20028873,,0,0.002267,89,0.000007,0,7,7,0,7,7
19530235,,0,0.000625,89,0.000007,0,2,2,0,2,2
9148160,,0.002462,0,5,0.000043,30,0,30,30,0,30
29998077,,0,0.001055,5,0.000007,0,9,9,0,9,9
28234588,,0,0.000972,5,0.000007,0,6,6,0,6,6
26886774,,0,0.005628,5,0.000007,0,28,28,0,28,28
26848446,,0,0.001145,5,0.000007,0,8,8,0,8,8
26759468,,0,0.003481,5,0.000007,0,16,16,0,16,16
25403206,,0,0.000117,5,0.000007,0,3,3,0,3,3
23935382,,0.000003,0.001622,5,0.000008,1,10,11,1,10,11
23169509,,0,0.000047,5,0.000007,0,1,1,0,1,1
22556274,,0.001808,0.006864,5,0.000018,11,27,38,11,27,38
22231042,,0.001263,0.0275,5,0.000043,21,67,88,21,67,88
21720992,,0,0.000047,151,0.000007,0,2,2,0,2,2
21690472,,0,0.000632,5,0.000007,0,8,8,0,8,8
19996031,,0.005866,0.012909,5,0.000042,42,52,94,42,52,94
18268495,,0,0.001206,5,0.000007,0,15,15,0,15,15
12078367,,0,0.000062,5,0.000007,0,2,2,0,2,2
12031056,,0,0.000062,5,0.000007,0,2,2,0,2,2
28205045,,0.000066,0.005496,89,0.000008,1,29,30,1,29,30
27082205,,0.000437,0.002677,89,0.000008,4,25,29,4,25,29
26843614,,0,0.013165,205,0.000007,0,15,15,0,15,15
26766567,,0,0.000393,35,0.000007,0,4,4,0,4,4
25673085,,0.000323,0.001226,35,0.000161,52,18,70,52,18,70
24853948,,0,0.000333,231,0.000007,0,2,2,0,2,2
22609909,,0,0.000146,89,0.000007,0,1,1,0,1,1
21483040,,0,0.002413,90,0.000007,0,14,14,0,14,14
21359843,,0,0.000421,231,0.000007,0,4,4,0,4,4
19615095,,0,0.000176,231,0.000007,0,2,2,0,2,2
18053174,,0,0.003519,89,0.000007,0,11,11,0,11,11
15353005,,0.000296,0.002958,89,0.000012,7,27,34,7,27,34
10646903,,0,0.000146,89,0.000007,0,1,1,0,1,1
10577929,,0,0.000146,89,0.000007,0,1,1,0,1,1
30430080,,0,0.003253,231,0.000007,0,30,30,0,30,30
30252892,,0,0.000058,89,0.000007,0,2,2,0,2,2
26250392,,0.000494,0.002158,5,0.00001,5,25,30,5,25,30
23942203,,0.001279,0.000301,89,0.000077,22,8,30,22,8,30
22144684,,0.002535,0.002661,140,0.000037,26,34,60,26,34,60
19471317,,0.000618,0.002836,140,0.000034,13,17,30,13,17,30
18844211,,0,0.000215,89,0.000007,0,3,3,0,3,3
12403462,,0,0.000057,89,0.000007,0,1,1,0,1,1
30113427,,0,0.003592,205,0.000007,0,35,35,0,35,35
22734169,,0.000098,0.009301,5,0.000008,1,33,34,1,33,34
22267502,,0,0.000054,89,0.000007,0,1,1,0,1,1
20953242,,0,0.002402,69,0.000007,0,16,16,0,16,16
11506493,,0.000234,0.001441,89,0.000008,2,12,14,2,12,14
10090887,,0,0.000198,89,0.000007,0,2,2,0,2,2
9683583,,0,0.00008,89,0.000007,0,1,1,0,1,1
30108283,,0,0.000079,89,0.000007,0,2,2,0,2,2
30068706,,0,0.000075,205,0.000007,0,2,2,0,2,2
29881398,,0,0.001489,140,0.000007,0,16,16,0,16,16
28871186,,0,0.000095,89,0.000007,0,2,2,0,2,2
25709717,,0,0.000075,89,0.000007,0,1,1,0,1,1
24443550,,0,0.000075,89,0.000007,0,1,1,0,1,1
23668689,,0,0.000103,198,0.000007,0,3,3,0,3,3
15588316,,0,0.000075,89,0.000007,0,1,1,0,1,1
27067391,,0.000358,0.002906,140,0.000011,3,39,42,3,39,42
25985138,,0,0.000695,5,0.000007,0,8,8,0,8,8
25948282,,0.001337,0.001924,89,0.000018,13,35,48,13,35,48
26300670,,0,0.002147,5,0.000007,0,10,10,0,10,10
12068374,,0,0.000011,89,0.000007,0,1,1,0,1,1
10486319,,0,0.000011,89,0.000007,0,1,1,0,1,1
29151150,,0,0.000633,5,0.000007,0,20,20,0,20,20
27831900,,0,0.000708,89,0.000007,0,15,15,0,15,15
25070656,,0.000027,0.000058,35,0.000025,5,3,8,5,3,8
24971211,,0,0.000037,89,0.000007,0,1,1,0,1,1
22693503,,0,0.000162,89,0.000007,0,5,5,0,5,5
21822773,,0,0.000851,5,0.000007,0,23,23,0,23,23
21113654,,0.001574,0.00248,100,0.000014,13,12,25,13,12,25
9770955,,0,0.000123,89,0.000007,0,2,2,0,2,2
30333958,,0,0.008358,89,0.000007,0,14,14,0,14,14
20223023,,0.000547,0.000511,89,0.000008,3,12,15,3,12,15
18627636,,0.001867,0.002338,89,0.000027,24,35,59,24,35,59
17569143,,0,0.00012,89,0.000007,0,2,2,0,2,2
11281937,,0,0.000002,89,0.000007,0,1,1,0,1,1
29660026,,0,0.000211,367,0.000007,0,2,2,0,2,2
9155518,,0.01079,0,35,0.000108,47,0,47,47,0,47
26972162,,0,0.014221,100,0.000007,0,5,5,0,5,5
26312763,,0.000198,0.010305,35,0.00001,2,22,24,2,22,24
26199574,,0,0.00146,89,0.000009,1,11,12,1,11,12
24105793,,0,0.009225,1,0.000007,0,24,24,0,24,24
22817698,,0.011455,0.01592,1,0.000083,47,18,65,47,18,65
20941507,,0.003039,0.024724,35,0.000013,10,36,46,10,36,46
20482762,,0.003276,0.005089,231,0.00003,22,28,50,22,28,50
19818148,,0,0.002705,89,0.000007,0,22,22,0,22,22
19366445,,0.00009,0.002376,1,0.000007,1,24,25,1,24,25
11487275,,0,0.000225,35,0.000007,0,2,2,0,2,2
11250681,,0.001241,0.001236,35,0.000022,8,11,19,8,11,19
9156281,,0.00001,0,69,0.000016,3,0,3,3,0,3
11960551,,0,0,69,0.000007,0,1,1,0,1,1
10823141,,0,0.000021,69,0.000007,0,4,4,0,4,4
29386125,,0,0.001794,100,0.000007,0,8,8,0,8,8
29056883,,0,0.000447,100,0.000007,0,4,4,0,4,4
27260304,,0,0.000271,90,0.000007,0,2,2,0,2,2
26921029,,0,0.000241,100,0.000007,0,1,1,0,1,1
25699710,,0.002713,0.003386,72,0.000212,68,19,87,68,19,87
25162227,,0,0.000241,100,0.000007,0,1,1,0,1,1
21441434,,0,0.000247,100,0.000007,0,2,2,0,2,2
21099359,,0.000274,0.009436,100,0.000019,4,15,19,4,15,19
18282133,,0,0.000534,100,0.000007,0,4,4,0,4,4
18197258,,0.000723,0.003731,100,0.00005,14,20,34,14,20,34
18071589,,0.000658,0.001386,72,0.000033,10,17,27,10,17,27
15905410,,0.002594,0.00553,100,0.000168,51,23,74,51,23,74
15831101,,0,0.00084,100,0.000007,0,6,6,0,6,6
12509469,,0,0.000903,100,0.000007,0,3,3,0,3,3
12454060,,0,0.00046,72,0.000007,0,3,3,0,3,3
12021322,,0,0.000241,100,0.000007,0,1,1,0,1,1
11559820,,0,0.000274,72,0.000007,0,2,2,0,2,2
10893273,,0,0.000328,100,0.000007,0,3,3,0,3,3
10500093,,0,0.000274,72,0.000007,0,2,2,0,2,2
10454562,,0,0.000462,72,0.000007,0,3,3,0,3,3
10409729,,0,0.000274,72,0.000007,0,2,2,0,2,2
10205254,,0,0.000885,100,0.000007,0,2,2,0,2,2
9891058,,0,0.000241,100,0.000007,0,1,1,0,1,1
9710619,,0,0.000274,72,0.000007,0,2,2,0,2,2
9618449,,0,0.000241,100,0.000007,0,1,1,0,1,1
9396788,,0,0.000241,100,0.000007,0,1,1,0,1,1
27272900,,0.000129,0.000965,140,0.000007,1,14,15,1,14,15
25460500,,0.000073,0.002984,100,0.000022,5,22,27,5,22,27
22349084,,0,0.000875,140,0.000007,0,11,11,0,11,11
21786033,,0,0.000087,140,0.000007,0,2,2,0,2,2
19098428,,0,0.000957,140,0.000007,0,13,13,0,13,13
16014949,,0,0.000055,140,0.000007,0,1,1,0,1,1
29512770,,0,0.000001,231,0.000007,0,1,1,0,1,1
9164266,,0.000044,0,231,0.000033,6,0,6,6,0,6
29483847,,0,0.001528,231,0.000007,0,4,4,0,4,4
25202367,,0,0.000001,231,0.000007,0,1,1,0,1,1
24074861,,0,0.000001,231,0.000007,0,1,1,0,1,1
11286483,,0,0.000001,231,0.000007,0,1,1,0,1,1
29874626,,0,0.006083,35,0.000007,0,14,14,0,14,14
9167459,,0.012998,0,35,0.000122,70,0,70,70,0,70
27899083,,0,0.006106,5,0.000007,0,41,41,0,41,41
25592620,,0,0.000691,35,0.000007,0,4,4,0,4,4
25456381,,0,0.008282,1,0.000007,0,10,10,0,10,10
25331261,,0.00003,0.000784,279,0.000028,9,10,19,9,10,19
23887245,,0,0.000248,35,0.000007,0,1,1,0,1,1
23704984,,0.007736,0.023183,1,0.00002,22,35,57,22,35,57
23341493,,0,0.012661,1,0.000007,0,12,12,0,12,12
22312556,,0,0.022415,1,0.000007,0,20,20,0,20,20
21264845,,0.002984,0.020442,35,0.000044,16,22,38,16,22,38
20861225,,0,0.03306,1,0.000007,0,28,28,0,28,28
20309627,,0.000738,0.003886,5,0.000023,7,28,35,7,28,35
20223030,,0,0.003588,5,0.000007,0,9,9,0,9,9
19088016,,0,0.011828,35,0.000007,0,16,16,0,16,16
19046423,,0,0.000289,89,0.000007,0,4,4,0,4,4
18980022,,0.004113,0.017819,35,0.000215,72,13,85,72,13,85
18846217,,0,0.000248,35,0.000007,0,1,1,0,1,1
18787609,,0,0.013183,1,0.000007,0,9,9,0,9,9
18230179,,0,0.001326,231,0.000007,0,9,9,0,9,9
17910759,,0,0.010615,35,0.000007,0,7,7,0,7,7
16603649,,0.00416,0.010253,35,0.000088,22,25,47,22,25,47
16404417,,0,0.00223,5,0.000007,0,14,14,0,14,14
16154817,,0,0.002999,5,0.000007,0,9,9,0,9,9
15700031,,0,0.000401,35,0.000007,0,3,3,0,3,3
28212313,,0,0.000599,5,0.000007,0,4,4,0,4,4
21896544,,0,0,231,0.000007,0,1,1,0,1,1
18814239,,0,0.000015,231,0.000007,0,2,2,0,2,2
11485874,,0,0.000029,231,0.000007,0,3,3,0,3,3
9171983,,0,0,231,0.000007,0,1,1,0,1,1
25761408,,0,0.000031,198,0.000007,0,3,3,0,3,3
9168735,,0.000141,0,198,0.000018,6,0,6,6,0,6
25159706,,0.000118,0.002136,198,0.000043,14,23,37,14,23,37
20130984,,0.000236,0.000137,198,0.000042,16,12,28,16,12,28
18772892,,0,0.001979,198,0.000007,0,9,9,0,9,9
28454355,,0,0.000016,279,0.000007,0,2,2,0,2,2
9168997,,0.000767,0,100,0.000016,5,0,5,5,0,5
28058814,,0,0.00121,100,0.000007,0,5,5,0,5,5
9170764,,0.000451,0,5,0.000046,20,0,20,20,0,20
22763392,,0,0.000009,5,0.000007,0,1,1,0,1,1
22085393,,0,0.000127,5,0.000007,0,9,9,0,9,9
21688184,,0,0.000009,5,0.000007,0,1,1,0,1,1
20730660,,0,0.000009,5,0.000007,0,2,2,0,2,2
20459846,,0,0.000009,5,0.000007,0,1,1,0,1,1
15583691,,0,0.000827,5,0.000007,0,5,5,0,5,5
9171368,,0.017017,0,100,0.00034,137,0,137,137,0,137
29739757,,0,0.002382,100,0.000007,0,15,15,0,15,15
29416040,,0,0.002357,100,0.000007,0,13,13,0,13,13
29334356,,0,0.000541,100,0.000007,0,2,2,0,2,2
29157216,,0,0.000391,231,0.000007,0,9,9,0,9,9
29021281,,0,0.000746,100,0.000007,0,3,3,0,3,3
28984872,,0,0.000338,247,0.000007,0,2,2,0,2,2
27941124,,0,0.013208,100,0.000007,0,10,10,0,10,10
27542204,,0,0.000777,90,0.000007,0,5,5,0,5,5
27490902,,0,0.002006,100,0.000007,0,11,11,0,11,11
25939603,,0.00169,0.004375,100,0.000015,8,13,21,8,13,21
24627786,,0,0.000827,100,0.000007,0,5,5,0,5,5
24431481,,0,0.000441,100,0.000007,0,3,3,0,3,3
24389050,,0,0.001846,100,0.000007,0,3,3,0,3,3
24171803,,0,0.001818,100,0.000007,0,3,3,0,3,3
23712259,,0,0.005716,100,0.000007,0,19,19,0,19,19
23650262,,0,0.004643,100,0.000007,0,17,17,0,17,17
23435420,,0,0.000788,100,0.000007,0,7,7,0,7,7
23384538,,0,0.000381,184,0.000007,0,3,3,0,3,3
22956494,,0,0.002176,231,0.000007,0,11,11,0,11,11
22666344,,0,0.001066,57,0.000007,0,3,3,0,3,3
22445484,,0,0.021481,100,0.000007,0,13,13,0,13,13
21779182,,0,0.001719,100,0.000007,0,2,2,0,2,2
20585617,,0,0.016247,89,0.000007,0,8,8,0,8,8
20493860,,0,0.004908,100,0.000007,0,16,16,0,16,16
20421506,,0,0.000578,35,0.000007,0,5,5,0,5,5
19934329,,0,0.003899,100,0.000007,0,7,7,0,7,7
19910469,,0,0.002767,100,0.000007,0,8,8,0,8,8
19716796,,0,0.000503,100,0.000007,0,2,2,0,2,2
19047179,,0,0.011198,100,0.000007,0,8,8,0,8,8
18618591,,0,0.00134,100,0.000007,0,3,3,0,3,3
18511420,,0,0.000358,100,0.000007,0,2,2,0,2,2
18458002,,0,0.000797,100,0.000007,0,2,2,0,2,2
18266476,,0,0.000868,100,0.000007,0,3,3,0,3,3
17476307,,0,0.001169,100,0.000007,0,6,6,0,6,6
17239372,,0,0.000324,100,0.000007,0,1,1,0,1,1
17082765,,0,0.001283,100,0.000007,0,4,4,0,4,4
16825431,,0,0.003348,100,0.000007,0,9,9,0,9,9
16675955,,0,0.001459,100,0.000007,0,7,7,0,7,7
16648486,,0,0.00036,41,0.000007,0,2,2,0,2,2
16177181,,0,0.000324,100,0.000007,0,1,1,0,1,1
15798199,,0,0.003684,100,0.000007,0,10,10,0,10,10
15657438,,0,0.00307,100,0.000007,0,8,8,0,8,8
12861016,,0,0.000324,100,0.000007,0,1,1,0,1,1
11250674,,0,0.000427,35,0.000007,0,4,4,0,4,4
10567591,,0,0.000324,100,0.000007,0,1,1,0,1,1
21125683,,0,0.009147,66,0.000007,0,7,7,0,7,7
19824828,,0,0.008354,66,0.000007,0,4,4,0,4,4
18434545,,0,0.000007,66,0.000007,0,1,1,0,1,1
10920276,,0,0.000007,66,0.000007,0,1,1,0,1,1
10880402,,0,0.000007,66,0.000007,0,1,1,0,1,1
10762440,,0,0.000007,66,0.000007,0,1,1,0,1,1
21048827,,0,0,35,0.000007,0,2,2,0,2,2
9178910,,0,0,35,0.000017,3,0,3,3,0,3
9841917,,0,0,35,0.000007,0,1,1,0,1,1
29217907,,0,0.000484,279,0.000007,0,4,4,0,4,4
9179070,,0.000727,0,5,0.000037,22,0,22,22,0,22
21831495,,0,0.000039,5,0.000007,0,5,5,0,5,5
21365268,,0.00005,0.00505,5,0.000012,6,30,36,6,30,36
21094590,,0,0.000014,5,0.000007,0,1,1,0,1,1
20101300,,0.000423,0.004029,5,0.000018,9,18,27,9,18,27
19319160,,0,0.000256,5,0.000007,0,15,15,0,15,15
18196574,,0.007613,0.004905,5,0.000064,56,24,80,56,24,80
16418597,,0,0.000061,5,0.000007,0,4,4,0,4,4
17201139,,0,0,15,0.000007,0,1,1,0,1,1
9188464,,0,0,15,0.000013,1,0,1,1,0,1
9192828,,0.000267,0,231,0.00001,4,0,4,4,0,4
17705858,,0,0.000816,231,0.000007,0,14,14,0,14,14
29547931,,0,0.003457,5,0.000007,0,7,7,0,7,7
9201250,,0.0005,0,5,0.000023,8,0,8,8,0,8
22564871,,0.00081,0.001088,5,0.000028,13,17,30,13,17,30
17187672,,0.001459,0.004279,5,0.000037,18,13,31,18,13,31
20858234,,0,0.000006,89,0.000007,0,1,1,0,1,1
9201666,,0.000289,0,89,0.000022,7,0,7,7,0,7
11232054,,0,0.000006,89,0.000007,0,1,1,0,1,1
23022358,,0,0.0079,100,0.000007,0,11,11,0,11,11
9205094,,0.000904,0,100,0.000014,5,0,5,5,0,5
30327455,,0,0.003892,100,0.000007,0,20,20,0,20,20
29686231,,0,0.001912,1,0.000007,0,9,9,0,9,9
26601267,,0,0.001006,100,0.000043,6,7,13,6,7,13
25488815,,0.000424,0.000545,90,0.000026,6,8,14,6,8,14
25480944,,0.000339,0.001791,100,0.000022,5,11,16,5,11,16
23593009,,0,0.000896,100,0.000007,0,3,3,0,3,3
17603999,,0.000284,0.002505,100,0.00003,7,14,21,7,14,21
15175241,,0,0.000814,100,0.000007,0,3,3,0,3,3
11553794,,0,0.000144,100,0.000007,0,1,1,0,1,1
11070042,,0,0.000144,100,0.000007,0,1,1,0,1,1
9405610,,0,0.000144,100,0.000007,0,1,1,0,1,1
27792451,,0,0.000099,279,0.000007,0,3,3,0,3,3
9215675,,0.00138,0,279,0.000105,30,0,30,30,0,30
27681874,,0,0.000026,279,0.000007,0,1,1,0,1,1
27652330,,0.000002,0.000112,279,0.000027,5,4,9,5,4,9
27550823,,0,0.000026,279,0.000007,0,2,2,0,2,2
27152502,,0,0.000026,279,0.000007,0,1,1,0,1,1
26999735,,0,0.000036,89,0.000007,0,2,2,0,2,2
25822729,,0,0.000026,279,0.000007,0,1,1,0,1,1
25588111,,0,0.002734,279,0.000007,0,8,8,0,8,8
25551281,,0,0.00748,5,0.000007,0,3,3,0,3,3
22366276,,0,0.000253,279,0.000007,0,6,6,0,6,6
21689477,,0,0.000026,279,0.000007,0,1,1,0,1,1
19348682,,0,0.000026,279,0.000007,0,1,1,0,1,1
19284596,,0,0.000026,279,0.000007,0,1,1,0,1,1
17953488,,0,0.00004,279,0.000007,0,2,2,0,2,2
17447839,,0,0.000061,279,0.000007,0,2,2,0,2,2
16839196,,0,0.000026,279,0.000007,0,1,1,0,1,1
11433027,,0,0.000026,279,0.000007,0,1,1,0,1,1
9729470,,0,0.000026,279,0.000007,0,1,1,0,1,1
24649895,,0,0.000164,5,0.000007,0,10,10,0,10,10
9215771,,0.000258,0,5,0.00002,12,0,12,12,0,12
22494806,,0,0.003929,5,0.000007,0,23,23,0,23,23
20890722,,0,0.000045,5,0.000007,0,6,6,0,6,6
20531440,,0,0.000016,5,0.000007,0,3,3,0,3,3
20119933,,0,0.000079,5,0.000007,0,9,9,0,9,9
19398610,,0,0.000009,5,0.000007,0,2,2,0,2,2
9218874,,0.002896,0,100,0.000065,23,0,23,23,0,23
25426449,,0.000042,0.002195,100,0.000029,7,34,41,7,34,41
9221812,,0.000419,0,89,0.00001,4,0,4,4,0,4
12434006,,0,0.000033,89,0.000019,2,6,8,2,6,8
9241077,,0.003519,0,35,0.000079,28,0,28,28,0,28
25943391,,0,0.002925,100,0.000007,0,15,15,0,15,15
25118203,,0,0.004501,231,0.000007,0,12,12,0,12,12
23116406,,0.002538,0.004149,35,0.000029,17,24,41,17,24,41
20398298,,0,0.00041,90,0.000007,0,4,4,0,4,4
10577933,,0,0.000366,89,0.000007,0,5,5,0,5,5
10555757,,0,0.000069,89,0.000007,0,2,2,0,2,2
9552991,,0,0.000067,35,0.000007,0,1,1,0,1,1
9244350,,0.004011,0,100,0.000081,31,0,31,31,0,31
27835581,,0,0.00017,100,0.000007,0,5,5,0,5,5
22619502,,0,0.000112,90,0.000007,0,3,3,0,3,3
22112469,,0,0.000432,100,0.000007,0,8,8,0,8,8
21835923,,0,0.000076,100,0.000007,0,1,1,0,1,1
19936073,,0.000165,0.00258,100,0.000012,5,10,15,5,10,15
19376752,,0,0.000076,100,0.000007,0,1,1,0,1,1
9497270,,0,0.000076,100,0.000007,0,1,1,0,1,1
30286154,,0,0.001402,89,0.000007,0,13,13,0,13,13
27655704,,0,0.000354,89,0.000007,0,8,8,0,8,8
25803691,,0,0.000106,205,0.000007,0,2,2,0,2,2
23748176,,0,0.008638,1,0.000007,0,21,21,0,21,21
23222563,,0,0.000174,367,0.000007,0,3,3,0,3,3
23146383,,0.000408,0.001371,89,0.000033,13,15,28,13,15,28
23108138,,0,0.001337,140,0.000007,0,12,12,0,12,12
22435390,,0,0.000357,205,0.000007,0,2,2,0,2,2
18922120,,0,0.000087,89,0.000007,0,1,1,0,1,1
11720478,,0,0.000164,89,0.000007,0,3,3,0,3,3
11309686,,0,0.001236,231,0.000007,0,6,6,0,6,6
11238682,,0,0.001094,89,0.000007,0,4,4,0,4,4
10732752,,0,0.000087,89,0.000007,0,1,1,0,1,1
9250353,,0.000108,0,89,0.000007,1,0,1,1,0,1
28349547,,0,0,16,0.000007,0,1,1,0,1,1
9253392,,0,0,16,0.000037,5,0,5,5,0,5
28152992,,0,0,16,0.000007,0,1,1,0,1,1
23002407,,0,0,16,0.000007,0,1,1,0,1,1
16620385,,0,0,16,0.000007,0,1,1,0,1,1
15745447,,0,0,16,0.000007,0,1,1,0,1,1
16880784,,0,0,17,0.000007,0,1,1,0,1,1
9253520,,0,0,17,0.000013,1,0,1,1,0,1
28557421,,0,0.000003,100,0.000007,0,1,1,0,1,1
9254622,,0.000133,0,100,0.000038,10,0,10,10,0,10
23016122,,0,0.001178,100,0.000007,0,3,3,0,3,3
20689703,,0,0.000309,100,0.000007,0,2,2,0,2,2
20212144,,0,0.000024,100,0.000007,0,2,2,0,2,2
19339245,,0,0.000003,100,0.000007,0,1,1,0,1,1
16603524,,0,0.000031,100,0.000007,0,2,2,0,2,2
11792829,,0,0.000727,100,0.000007,0,5,5,0,5,5
10708446,,0,0.000153,100,0.000007,0,2,2,0,2,2
9254884,,0.000019,0,89,0.000008,1,0,1,1,0,1
27354083,,0,0.000001,89,0.000007,0,1,1,0,1,1
24932102,,0,0.000001,89,0.000007,0,1,1,0,1,1
23773402,,0,0.000001,89,0.000007,0,1,1,0,1,1
23626956,,0,0.000001,89,0.000007,0,1,1,0,1,1
23400313,,0,0.000001,89,0.000007,0,1,1,0,1,1
23157985,,0,0.000004,89,0.000007,0,2,2,0,2,2
22844364,,0,0.000001,89,0.000007,0,1,1,0,1,1
12671003,,0,0.000001,89,0.000007,0,1,1,0,1,1
29667615,,0,0.000001,168,0.000007,0,1,1,0,1,1
9257197,,0.000043,0,168,0.000054,10,0,10,10,0,10
29280010,,0,0.000001,168,0.000007,0,1,1,0,1,1
27124473,,0,0.000002,168,0.000007,0,2,2,0,2,2
26580599,,0,0.000001,168,0.000007,0,1,1,0,1,1
25830036,,0,0.000001,168,0.000007,0,1,1,0,1,1
25625804,,0,0.000002,168,0.000007,0,2,2,0,2,2
19650715,,0,0.000021,168,0.000007,0,2,2,0,2,2
16380576,,0,0.000001,168,0.000007,0,1,1,0,1,1
10408700,,0,0.000001,168,0.000007,0,1,1,0,1,1
30247612,,0,0.000039,41,0.000007,0,1,1,0,1,1
9259561,,0.002071,0,41,0.000591,122,0,122,122,0,122
30177755,,0,0.000039,41,0.000007,0,1,1,0,1,1
30097530,,0,0.000039,41,0.000007,0,1,1,0,1,1
30090811,,0,0.000039,41,0.000007,0,1,1,0,1,1
29620203,,0,0.001005,1,0.000007,0,3,3,0,3,3
29415479,,0,0.000315,100,0.000007,0,2,2,0,2,2
29181194,,0,0.000923,100,0.000007,0,5,5,0,5,5
29085508,,0,0.000215,41,0.000007,0,2,2,0,2,2
28882611,,0,0.000039,41,0.000007,0,1,1,0,1,1
28840859,,0,0.000039,41,0.000007,0,1,1,0,1,1
27621574,,0,0.026653,1,0.000007,0,15,15,0,15,15
27288692,,0,0.000039,41,0.000007,0,1,1,0,1,1
26990988,,0,0.000039,41,0.000007,0,1,1,0,1,1
26964677,,0,0.000049,41,0.000007,0,2,2,0,2,2
26795421,,0,0.000039,41,0.000007,0,1,1,0,1,1
26774286,,0,0.000156,176,0.000007,0,4,4,0,4,4
26666690,,0,0.000039,41,0.000007,0,1,1,0,1,1
26519825,,0,0.000039,41,0.000007,0,1,1,0,1,1
26089390,,0,0.000039,41,0.000007,0,1,1,0,1,1
25872942,,0,0.000049,41,0.000007,0,2,2,0,2,2
25728776,,0,0.000039,41,0.000007,0,1,1,0,1,1
25391321,,0,0.000049,41,0.000007,0,2,2,0,2,2
25165869,,0,0.000039,41,0.000007,0,1,1,0,1,1
25111769,,0,0.000738,100,0.000007,0,5,5,0,5,5
24984242,,0,0.000049,41,0.000007,0,2,2,0,2,2
24847916,,0,0.000039,41,0.000007,0,1,1,0,1,1
24795863,,0,0.026324,1,0.000007,0,16,16,0,16,16
24636752,,0,0.000447,41,0.000007,0,3,3,0,3,3
24582502,,0,0.001024,100,0.000007,0,3,3,0,3,3
24123394,,0,0.000049,41,0.000007,0,2,2,0,2,2
24027040,,0,0.000039,41,0.000007,0,1,1,0,1,1
23538968,,0,0.00026,69,0.000007,0,9,9,0,9,9
23523427,,0,0.000039,41,0.000007,0,1,1,0,1,1
23442139,,0,0.000049,41,0.000007,0,2,2,0,2,2
23337116,,0,0.000308,41,0.000007,0,2,2,0,2,2
23219551,,0,0.000039,41,0.000007,0,1,1,0,1,1
22658747,,0,0.000039,41,0.000007,0,1,1,0,1,1
22534089,,0,0.000709,100,0.000007,0,4,4,0,4,4
22287571,,0,0.000039,41,0.000007,0,1,1,0,1,1
22212435,,0,0.000039,41,0.000007,0,1,1,0,1,1
22192310,,0,0.000039,41,0.000007,0,1,1,0,1,1
22127868,,0,0.000039,41,0.000007,0,1,1,0,1,1
21824916,,0,0.000039,41,0.000007,0,1,1,0,1,1
21768349,,0,0.000039,41,0.000007,0,1,1,0,1,1
21533177,,0,0.000039,41,0.000007,0,1,1,0,1,1
21349273,,0,0.000039,41,0.000007,0,1,1,0,1,1
21070942,,0,0.000062,41,0.000007,0,2,2,0,2,2
20936167,,0,0.000066,41,0.000007,0,2,2,0,2,2
20852255,,0,0.000039,41,0.000007,0,1,1,0,1,1
20113890,,0,0.000039,41,0.000007,0,1,1,0,1,1
19442242,,0,0.01237,1,0.000007,0,7,7,0,7,7
19332554,,0,0.000813,100,0.000007,0,5,5,0,5,5
19142223,,0,0.000039,41,0.000007,0,1,1,0,1,1
19133841,,0,0.00034,41,0.000007,0,3,3,0,3,3
19056826,,0,0.000039,41,0.000007,0,1,1,0,1,1
18952251,,0,0.000039,41,0.000007,0,1,1,0,1,1
18782835,,0,0.000039,41,0.000007,0,1,1,0,1,1
18577246,,0,0.001203,100,0.000007,0,6,6,0,6,6
18558713,,0,0.000039,41,0.000007,0,1,1,0,1,1
18518823,,0,0.000094,41,0.000007,0,4,4,0,4,4
18440984,,0,0.000039,41,0.000007,0,1,1,0,1,1
18281457,,0,0.000039,41,0.000007,0,1,1,0,1,1
18046455,,0,0.000434,41,0.000007,0,2,2,0,2,2
17630212,,0,0.000039,41,0.000007,0,1,1,0,1,1
17567543,,0,0.000049,41,0.000007,0,2,2,0,2,2
17389648,,0,0.000039,41,0.000007,0,1,1,0,1,1
17159999,,0,0.000039,41,0.000007,0,1,1,0,1,1
17124166,,0,0.000039,41,0.000007,0,1,1,0,1,1
17003123,,0,0.000039,41,0.000007,0,1,1,0,1,1
16855289,,0,0.000061,41,0.000007,0,3,3,0,3,3
16478998,,0,0.000065,100,0.000007,0,2,2,0,2,2
15886299,,0,0.000039,41,0.000007,0,1,1,0,1,1
15385968,,0,0.000039,41,0.000007,0,1,1,0,1,1
14592984,,0,0.000041,41,0.000007,0,2,2,0,2,2
12853643,,0,0.000039,41,0.000007,0,1,1,0,1,1
12589063,,0,0.000775,41,0.000007,0,4,4,0,4,4
12235392,,0,0.000039,41,0.000007,0,1,1,0,1,1
12140331,,0,0.000039,41,0.000007,0,1,1,0,1,1
12110597,,0.002106,0.000461,100,0.00013,53,9,62,53,9,62
12032095,,0,0.000039,41,0.000007,0,1,1,0,1,1
11983062,,0,0.000039,41,0.000007,0,1,1,0,1,1
11953323,,0,0.000039,41,0.000007,0,1,1,0,1,1
11809878,,0,0.001443,100,0.000007,0,4,4,0,4,4
11792868,,0,0.000039,41,0.000007,0,1,1,0,1,1
11726687,,0,0.000039,41,0.000007,0,1,1,0,1,1
11606753,,0,0.000371,41,0.000007,0,2,2,0,2,2
11470886,,0,0.000039,41,0.000007,0,1,1,0,1,1
11470874,,0,0.000039,41,0.000007,0,1,1,0,1,1
11333216,,0,0.000039,41,0.000007,0,1,1,0,1,1
11292837,,0,0.000049,41,0.000007,0,2,2,0,2,2
11238909,,0,0.001958,100,0.000007,0,5,5,0,5,5
11205337,,0,0.000251,41,0.000007,0,5,5,0,5,5
11095673,,0,0.000049,41,0.000007,0,2,2,0,2,2
11080143,,0,0.000049,41,0.000007,0,2,2,0,2,2
11058099,,0,0.000075,41,0.000007,0,2,2,0,2,2
11024166,,0,0.000039,41,0.000007,0,1,1,0,1,1
10908332,,0,0.000039,41,0.000007,0,1,1,0,1,1
10871410,,0,0.000039,41,0.000007,0,1,1,0,1,1
10823943,,0,0.000039,41,0.000007,0,1,1,0,1,1
10757784,,0,0.000039,41,0.000007,0,1,1,0,1,1
10710416,,0,0.000039,41,0.000007,0,1,1,0,1,1
10202163,,0,0.000049,41,0.000007,0,2,2,0,2,2
10098733,,0,0.000039,41,0.000007,0,1,1,0,1,1
10064579,,0,0.000039,41,0.000007,0,1,1,0,1,1
10051619,,0,0.000039,41,0.000007,0,1,1,0,1,1
9990019,,0,0.000039,41,0.000007,0,1,1,0,1,1
9861008,,0,0.000039,41,0.000007,0,1,1,0,1,1
9826654,,0,0.000039,41,0.000007,0,1,1,0,1,1
9742108,,0,0.000039,41,0.000007,0,1,1,0,1,1
9705945,,0,0.000039,41,0.000007,0,1,1,0,1,1
9685494,,0,0.000039,41,0.000007,0,1,1,0,1,1
9670033,,0,0.000039,41,0.000007,0,1,1,0,1,1
9518490,,0,0.000039,41,0.000007,0,1,1,0,1,1
9501103,,0,0.000039,41,0.000007,0,1,1,0,1,1
9430651,,0,0.000039,41,0.000007,0,1,1,0,1,1
9261099,,0.003821,0,279,0.000132,39,0,39,39,0,39
27986894,,0,0.000073,279,0.000007,0,1,1,0,1,1
26230935,,0,0.005865,279,0.000007,0,9,9,0,9,9
25500870,,0,0.000547,279,0.000007,0,2,2,0,2,2
19164091,,0,0.000073,279,0.000007,0,1,1,0,1,1
18501021,,0.001212,0.00292,89,0.000013,12,21,33,12,21,33
17922032,,0.000373,0.002277,279,0.00015,27,17,44,27,17,44
17317153,,0.000637,0.000649,231,0.000016,9,12,21,9,12,21
11452016,,0,0.000073,279,0.000007,0,1,1,0,1,1
10558858,,0,0.000076,231,0.000007,0,2,2,0,2,2
9267023,,0.033745,0,100,0.000866,227,0,227,227,0,227
29649330,,0,0.000643,100,0.000007,0,1,1,0,1,1
29523239,,0,0.000845,100,0.000007,0,2,2,0,2,2
29475976,,0,0.003925,100,0.000007,0,7,7,0,7,7
29023490,,0,0.000879,100,0.000007,0,2,2,0,2,2
28604711,,0,0.001423,100,0.000007,0,8,8,0,8,8
28569838,,0,0.005526,100,0.000007,0,17,17,0,17,17
28560351,,0,0.000643,100,0.000007,0,1,1,0,1,1
28030839,,0,0.003828,100,0.000007,0,44,44,0,44,44
27655732,,0,0.010442,100,0.000007,0,9,9,0,9,9
27497297,,0,0.00109,176,0.000007,0,5,5,0,5,5
27373334,,0.000345,0.00427,100,0.000025,7,17,24,7,17,24
27229859,,0,0.00327,100,0.000013,1,16,17,1,16,17
26627254,,0,0.001485,100,0.000007,0,5,5,0,5,5
26569225,,0,0.010932,100,0.000007,0,7,7,0,7,7
26402707,,0,0.001316,100,0.000007,0,8,8,0,8,8
25927284,,0.00012,0.005601,1,0.000044,7,14,21,7,14,21
25294876,,0,0.002897,100,0.000007,0,8,8,0,8,8
25263469,,0,0.00085,176,0.000007,0,2,2,0,2,2
24936870,,0,0.000648,100,0.000007,0,3,3,0,3,3
24844596,,0,0.021641,1,0.000007,0,12,12,0,12,12
24278365,,0,0.001639,100,0.000007,0,5,5,0,5,5
24171103,,0,0.001033,232,0.000007,0,3,3,0,3,3
24094932,,0,0.015433,100,0.000007,0,17,17,0,17,17
23810717,,0,0.000643,100,0.000007,0,1,1,0,1,1
23346553,,0,0.003651,100,0.000007,0,11,11,0,11,11
23292635,,0,0.000643,100,0.000007,0,1,1,0,1,1
22382926,,0,0.002813,100,0.000007,0,7,7,0,7,7
21816114,,0.000049,0.001134,57,0.000259,49,7,56,49,7,56
21679440,,0,0.01622,1,0.000007,0,11,11,0,11,11
21621538,,0,0.024394,100,0.000007,0,23,23,0,23,23
21363960,,0,0.006693,100,0.000007,0,20,20,0,20,20
21290468,,0,0.001103,100,0.000007,0,3,3,0,3,3
21098284,,0,0.000643,100,0.000007,0,1,1,0,1,1
20700465,,0,0.000694,90,0.000007,0,4,4,0,4,4
20656689,,0,0.004389,100,0.000007,0,12,12,0,12,12
20649980,,0,0.003645,100,0.000007,0,6,6,0,6,6
20388772,,0.000249,0.00222,89,0.000019,6,11,17,6,11,17
20205718,,0.006921,0.012314,1,0.000046,21,17,38,21,17,38
20158880,,0,0.000644,82,0.000007,0,2,2,0,2,2
20107607,,0,0.001022,176,0.000007,0,4,4,0,4,4
19770511,,0.000158,0.012071,100,0.000014,4,14,18,4,14,18
19713159,,0,0.000643,100,0.000007,0,1,1,0,1,1
19704162,,0.001739,0.003453,100,0.000129,27,10,37,27,10,37
19671671,,0.017976,0.00872,1,0.000122,42,15,57,42,15,57
19451272,,0,0.004489,100,0.000007,0,5,5,0,5,5
19261748,,0.007716,0.007699,100,0.0002,69,21,90,69,21,90
19261746,,0.007554,0.006113,100,0.000196,68,13,81,68,13,81
19187758,,0,0.002744,100,0.000007,0,9,9,0,9,9
18836995,,0,0.001039,57,0.000007,0,3,3,0,3,3
18599024,,0,0.000643,100,0.000007,0,1,1,0,1,1
18562691,,0,0.000659,100,0.000007,0,2,2,0,2,2
18252771,,0,0.001267,100,0.000007,0,5,5,0,5,5
17591918,,0,0.000693,57,0.000007,0,3,3,0,3,3
17473170,,0,0.000787,231,0.000007,0,3,3,0,3,3
17101789,,0,0.000643,100,0.000007,0,1,1,0,1,1
16872911,,0,0.00791,100,0.000007,0,10,10,0,10,10
16724109,,0,0.00121,100,0.000007,0,3,3,0,3,3
16549501,,0,0.000643,100,0.000007,0,1,1,0,1,1
16547095,,0,0.00099,100,0.000007,0,4,4,0,4,4
15933716,,0,0.001872,100,0.000007,0,4,4,0,4,4
15647510,,0,0.000643,100,0.000007,0,1,1,0,1,1
15466591,,0,0.000643,100,0.000007,0,1,1,0,1,1
15020404,,0.001724,0.002567,100,0.000271,64,5,69,64,5,69
14978302,,0.000284,0.002407,100,0.000009,3,11,14,3,11,14
14718661,,0,0.000848,100,0.000007,0,2,2,0,2,2
14638871,,0,0.001287,100,0.000007,0,4,4,0,4,4
12964950,,0,0.000643,100,0.000007,0,1,1,0,1,1
12930944,,0,0.000643,100,0.000007,0,1,1,0,1,1
12668657,,0,0.001605,100,0.000007,0,4,4,0,4,4
12488590,,0,0.002505,100,0.000007,0,5,5,0,5,5
12034884,,0,0.001029,57,0.000007,0,3,3,0,3,3
12023299,,0,0.001557,100,0.000007,0,5,5,0,5,5
11916980,,0,0.00253,100,0.000007,0,8,8,0,8,8
11877378,,0.002789,0.004438,100,0.000171,68,14,82,68,14,82
11740565,,0,0.000975,57,0.000007,0,2,2,0,2,2
11447276,,0.008243,0.002346,100,0.000119,60,8,68,60,8,68
11283264,,0,0.001624,100,0.000007,0,4,4,0,4,4
11157773,,0,0.000643,100,0.000007,0,1,1,0,1,1
11134068,,0,0.001011,41,0.000007,0,3,3,0,3,3
10859352,,0,0.000643,100,0.000007,0,1,1,0,1,1
10512862,,0,0.000643,100,0.000007,0,1,1,0,1,1
9636207,,0,0.000643,100,0.000007,0,1,1,0,1,1
9269993,,0.006631,0,279,0.000386,72,0,72,72,0,72
30266954,,0,0.031089,1,0.000007,0,39,39,0,39,39
30120226,,0,0.00494,1,0.000007,0,17,17,0,17,17
29693332,,0,0.001534,279,0.000007,0,24,24,0,24,24
29649096,,0,0.000564,279,0.000007,0,3,3,0,3,3
29528252,,0,0.001323,279,0.000013,1,7,8,1,7,8
29435170,,0,0.000126,279,0.000007,0,1,1,0,1,1
28685150,,0,0.00058,279,0.000007,0,4,4,0,4,4
27997431,,0,0.000129,279,0.000007,0,2,2,0,2,2
27845898,,0,0.000126,279,0.000007,0,1,1,0,1,1
27583466,,0,0.000126,279,0.000007,0,1,1,0,1,1
27559297,,0,0.000365,279,0.000007,0,16,16,0,16,16
26834851,,0,0.005571,1,0.000007,0,12,12,0,12,12
26643130,,0.000331,0.006869,279,0.000021,8,48,56,8,48,56
26510686,,0.000057,0.001694,279,0.000089,17,9,26,17,9,26
26452468,,0.000003,0.002012,279,0.000016,3,12,15,3,12,15
25908947,,0,0.004774,279,0.000007,0,11,11,0,11,11
24569633,,0,0.000861,24,0.00006,8,14,22,8,14,22
24410153,,0,0.000442,279,0.000007,0,5,5,0,5,5
24280869,,0,0.0076,279,0.000007,0,4,4,0,4,4
23873296,,0,0.002473,279,0.000007,0,4,4,0,4,4
23682925,,0,0.041719,1,0.000007,0,30,30,0,30,30
23533770,,0,0.000131,279,0.000007,0,2,2,0,2,2
23369223,,0,0.000136,279,0.000007,0,2,2,0,2,2
22952718,,0,0.000126,279,0.000007,0,1,1,0,1,1
22735547,,0.000357,0.00237,279,0.00004,10,7,17,10,7,17
21765634,,0,0.00013,279,0.000007,0,2,2,0,2,2
21345145,,0,0.000546,100,0.000007,0,7,7,0,7,7
21141723,,0,0.000346,279,0.000007,0,3,3,0,3,3
20717533,,0,0.000256,279,0.000007,0,3,3,0,3,3
20627830,,0,0.002178,1,0.000007,0,9,9,0,9,9
19799643,,0.000143,0.001891,279,0.000072,19,10,29,19,10,29
19258476,,0.000642,0.002074,279,0.000052,16,15,31,16,15,31
18516675,,0.000103,0.002803,90,0.000031,7,11,18,7,11,18
16989720,,0,0.000128,231,0.000007,0,3,3,0,3,3
16404424,,0,0.000126,279,0.000007,0,1,1,0,1,1
16168112,,0,0.000472,279,0.000007,0,4,4,0,4,4
15353561,,0,0.000126,279,0.000007,0,1,1,0,1,1
15256063,,0,0.000126,279,0.000007,0,1,1,0,1,1
15217500,,0,0.000381,279,0.000007,0,6,6,0,6,6
11238060,,0.004163,0.001643,1,0.000228,50,5,55,50,5,55
9708796,,0.000013,0.000126,111,0.000173,22,1,23,22,1,23
9269994,,0.002118,0,100,0.000036,15,0,15,15,0,15
27058473,,0,0.000136,100,0.000007,0,3,3,0,3,3
9283605,,0.00008,0,231,0.000012,3,0,3,3,0,3
22136207,,0.000125,0.000613,231,0.00003,7,12,19,7,12,19
27217144,,0,0.000129,89,0.000007,0,2,2,0,2,2
9285788,,0.000595,0,89,0.000184,16,0,16,16,0,16
21412933,,0,0.000017,89,0.000007,0,2,2,0,2,2
20843829,,0,0.000011,89,0.000007,0,1,1,0,1,1
19875536,,0,0.000017,89,0.000007,0,2,2,0,2,2
15741274,,0,0.000011,89,0.000007,0,1,1,0,1,1
25217519,,0.000064,0.004065,5,0.000026,4,21,25,4,21,25
9288052,,0.001732,0,35,0.000082,21,0,21,21,0,21
22187033,,0,0.000258,35,0.000007,0,3,3,0,3,3
20407015,,0.000215,0.000538,35,0.000093,21,6,27,21,6,27
9288771,,0.000609,0,89,0.000022,9,0,9,9,0,9
19597986,,0.000708,0.00267,5,0.000008,2,20,22,2,20,22
17428320,,0.000478,0.003547,231,0.000026,15,14,29,15,14,29
12160467,,0,0.000012,89,0.000007,0,1,1,0,1,1
9289641,,0.000306,0,5,0.000008,2,0,2,2,0,2
25642792,,0,0,18,0.000007,0,1,1,0,1,1
9290954,,0,0,18,0.000025,3,0,3,3,0,3
15494094,,0,0,18,0.000007,0,1,1,0,1,1
10945812,,0,0,18,0.000007,0,1,1,0,1,1
16756719,,0,0.000135,1,0.000007,0,4,4,0,4,4
9296070,,0.000003,0,1,0.000009,1,0,1,1,0,1
9296497,,0.010744,0,100,0.000535,112,0,112,112,0,112
30090463,,0,0.000205,100,0.000007,0,1,1,0,1,1
30014904,,0,0.000832,100,0.000007,0,17,17,0,17,17
30008466,,0,0.000205,100,0.000007,0,1,1,0,1,1
28422740,,0,0.000205,352,0.000007,0,2,2,0,2,2
26066302,,0,0.000437,100,0.000007,0,6,6,0,6,6
24196441,,0,0.000329,100,0.000007,0,5,5,0,5,5
23589625,,0.001946,0.004831,100,0.000119,28,6,34,28,6,34
22200613,,0,0.000205,100,0.000007,0,1,1,0,1,1
21642427,,0,0.000213,100,0.000007,0,2,2,0,2,2
21412054,,0,0.000205,100,0.000007,0,1,1,0,1,1
20711239,,0,0.000282,100,0.000007,0,3,3,0,3,3
20696760,,0,0.000205,100,0.000007,0,1,1,0,1,1
20567632,,0.000443,0.004589,35,0.000111,28,19,47,28,19,47
20207739,,0,0.001213,100,0.000007,0,6,6,0,6,6
19671688,,0,0.00071,1,0.000007,0,2,2,0,2,2
19339993,,0,0.000205,100,0.000007,0,1,1,0,1,1
19276356,,0,0.000205,100,0.000007,0,1,1,0,1,1
19139564,,0,0.000205,100,0.000007,0,1,1,0,1,1
19074549,,0.001033,0.000262,100,0.000025,9,2,11,9,2,11
18590585,,0,0.000343,100,0.000007,0,4,4,0,4,4
18384113,,0,0.000205,100,0.000007,0,1,1,0,1,1
17015480,,0,0.000306,90,0.000007,0,2,2,0,2,2
16706751,,0,0.000205,100,0.000007,0,1,1,0,1,1
16581787,,0,0.000853,100,0.000007,0,7,7,0,7,7
16135801,,0,0.000205,100,0.000007,0,1,1,0,1,1
15367607,,0,0.000205,100,0.000007,0,1,1,0,1,1
15069711,,0,0.000205,100,0.000007,0,1,1,0,1,1
14517299,,0,0.004234,100,0.000007,0,17,17,0,17,17
12632490,,0,0.000205,100,0.000007,0,1,1,0,1,1
12610102,,0,0.000205,100,0.000007,0,1,1,0,1,1
12488620,,0,0.000629,100,0.000007,0,2,2,0,2,2
12163469,,0,0.000205,100,0.000007,0,1,1,0,1,1
11684722,,0,0.000205,100,0.000007,0,1,1,0,1,1
10906181,,0,0.000205,100,0.000007,0,1,1,0,1,1
10869426,,0,0.000205,100,0.000007,0,1,1,0,1,1
10749849,,0,0.000237,72,0.000007,0,2,2,0,2,2
10507781,,0,0.000205,100,0.000007,0,1,1,0,1,1
10200307,,0,0.000205,100,0.000007,0,1,1,0,1,1
10193510,,0,0.000205,100,0.000007,0,1,1,0,1,1
9618491,,0,0.000205,100,0.000007,0,1,1,0,1,1
9618481,,0,0.000205,100,0.000007,0,1,1,0,1,1
9566867,,0,0.000205,100,0.000007,0,1,1,0,1,1
26098711,,0,0.007562,69,0.000007,0,3,3,0,3,3
9299249,,0.000585,0,69,0.000032,7,0,7,7,0,7
24639951,,0,0.000292,69,0.000007,0,5,5,0,5,5
23574945,,0,0.000011,69,0.000007,0,1,1,0,1,1
23415752,,0.008312,0.022648,1,0.000062,35,26,61,35,26,61
23379414,,0,0.000011,69,0.000007,0,1,1,0,1,1
22710073,,0,0.000011,69,0.000007,0,1,1,0,1,1
19956504,,0,0.000138,69,0.000007,0,3,3,0,3,3
9299260,,0.000037,0,1,0.000007,1,0,1,1,0,1
29695400,,0,0.000001,231,0.000007,0,1,1,0,1,1
9299581,,0.000037,0,231,0.000016,3,0,3,3,0,3
27119112,,0,0,82,0.000007,0,1,1,0,1,1
9307185,,0.000001,0,82,0.000093,12,0,12,12,0,12
26977595,,0,0,82,0.000007,0,1,1,0,1,1
23840897,,0,0,82,0.000007,0,1,1,0,1,1
19298595,,0,0,82,0.000007,0,1,1,0,1,1
16117829,,0,0,82,0.000007,0,1,1,0,1,1
15831462,,0,0,82,0.000007,0,1,1,0,1,1
15455033,,0,0,82,0.000007,0,1,1,0,1,1
11953887,,0,0,82,0.000007,0,1,1,0,1,1
11819825,,0,0,82,0.000007,0,1,1,0,1,1
10408709,,0,0,82,0.000007,0,1,1,0,1,1
9862572,,0,0,82,0.000007,0,1,1,0,1,1
30258938,,0,0.000017,5,0.000007,0,1,1,0,1,1
9316177,,0.000878,0,5,0.000043,19,0,19,19,0,19
26692635,,0,0.000017,5,0.000007,0,1,1,0,1,1
23037493,,0.001635,0.030012,5,0.000016,10,99,109,10,99,109
22048556,,0.000142,0.000519,5,0.000027,6,11,17,6,11,17
20872174,,0,0.000017,5,0.000007,0,1,1,0,1,1
20828635,,0,0.000186,5,0.000007,0,5,5,0,5,5
19371228,,0,0.000017,5,0.000007,0,1,1,0,1,1
9317174,,0.000001,0,69,0.000028,6,0,6,6,0,6
12651602,,0,0.000012,69,0.000007,0,2,2,0,2,2
11438887,,0,0,69,0.000007,0,1,1,0,1,1
10935485,,0,0,69,0.000007,0,1,1,0,1,1
25938433,,0,0.000001,168,0.000007,0,1,1,0,1,1
9321930,,0.000052,0,168,0.00006,10,0,10,10,0,10
24563660,,0,0.000001,168,0.000007,0,1,1,0,1,1
22892228,,0,0.000001,168,0.000007,0,1,1,0,1,1
22359288,,0,0.000019,168,0.000007,0,2,2,0,2,2
21347291,,0,0.000001,168,0.000007,0,1,1,0,1,1
20861812,,0,0.000001,168,0.000007,0,1,1,0,1,1
20835995,,0,0.000001,168,0.000007,0,1,1,0,1,1
13130078,,0,0.000001,168,0.000007,0,1,1,0,1,1
11390414,,0,0.000001,168,0.000007,0,1,1,0,1,1
9333265,,0.005254,0,89,0.000082,50,0,50,50,0,50
20826828,,0,0.000618,231,0.000007,0,5,5,0,5,5
15681486,,0.000192,0.001805,89,0.000014,2,8,10,2,8,10
25545012,,0,0.000007,69,0.000007,0,1,1,0,1,1
9337069,,0.000369,0,69,0.000056,13,0,13,13,0,13
25177246,,0,0.000007,69,0.000007,0,1,1,0,1,1
24998925,,0,0.000053,69,0.000007,0,2,2,0,2,2
24576319,,0,0.000046,69,0.000007,0,2,2,0,2,2
19047685,,0,0.000007,69,0.000007,0,1,1,0,1,1
19007974,,0,0.000007,69,0.000007,0,1,1,0,1,1
18395030,,0,0.000915,69,0.000007,0,4,4,0,4,4
18317228,,0,0.000248,69,0.000007,0,3,3,0,3,3
15111296,,0,0.000007,69,0.000007,0,1,1,0,1,1
9703274,,0,0.000007,69,0.000007,0,1,1,0,1,1
30200332,,0,0.000195,100,0.000007,0,4,4,0,4,4
28794477,,0,0.002455,100,0.000019,2,18,20,2,18,20
27295004,,0,0.000118,100,0.000007,0,1,1,0,1,1
27236334,,0,0.000118,100,0.000007,0,1,1,0,1,1
22056817,,0,0.000118,100,0.000007,0,1,1,0,1,1
27471403,,0,0.000013,89,0.000007,0,3,3,0,3,3
22103913,,0,0.000372,89,0.000007,0,2,2,0,2,2
21799737,,0,0.000033,168,0.000007,0,3,3,0,3,3
19793575,,0,0.000018,89,0.000007,0,2,2,0,2,2
19595306,,0,0.000008,89,0.000007,0,1,1,0,1,1
18332865,,0,0.000008,89,0.000007,0,1,1,0,1,1
17634833,,0.00012,0.008537,5,0.000031,6,30,36,6,30,36
17526800,,0,0.000008,89,0.000007,0,1,1,0,1,1
11875759,,0,0.000031,89,0.000007,0,3,3,0,3,3
11494117,,0,0.000037,89,0.000007,0,5,5,0,5,5
11395362,,0,0.000012,184,0.000007,0,2,2,0,2,2
10978354,,0,0.000008,89,0.000007,0,1,1,0,1,1
10920277,,0,0.000008,89,0.000007,0,1,1,0,1,1
10716737,,0,0.000008,89,0.000007,0,1,1,0,1,1
10389970,,0,0.000008,89,0.000007,0,1,1,0,1,1
10353779,,0,0.000008,89,0.000007,0,1,1,0,1,1
9685848,,0,0.000008,89,0.000007,0,1,1,0,1,1
9545417,,0,0.000008,89,0.000007,0,1,1,0,1,1
11154279,,0,0,19,0.000007,0,1,1,0,1,1
9346939,,0,0,19,0.000013,1,0,1,1,0,1
9354803,,0.006162,0,89,0.001451,70,0,70,70,0,70
27741520,,0.000149,0.001968,89,0.000009,3,28,31,3,28,31
27391059,,0,0.000117,89,0.000007,0,1,1,0,1,1
26152678,,0,0.000201,89,0.000007,0,4,4,0,4,4
25644941,,0,0.007649,89,0.000007,0,6,6,0,6,6
22350158,,0.000002,0.000303,140,0.000008,1,6,7,1,6,7
22314128,,0.000993,0.000161,89,0.000101,33,6,39,33,6,39
21281505,,0.000274,0.002167,231,0.000008,3,24,27,3,24,27
21135055,,0.015588,0.018902,1,0.000054,36,21,57,36,21,57
20113482,,0,0.000206,89,0.000007,0,2,2,0,2,2
19566914,,0,0.000271,89,0.000007,0,4,4,0,4,4
17440616,,0,0.000117,89,0.000007,0,1,1,0,1,1
17251345,,0,0.000128,89,0.000007,0,2,2,0,2,2
17164383,,0.000105,0.000248,231,0.000025,9,5,14,9,5,14
16813644,,0,0.000206,89,0.000007,0,2,2,0,2,2
15475941,,0.000557,0.000468,89,0.000147,44,5,49,44,5,49
12690581,,0,0.000626,231,0.000007,0,4,4,0,4,4
12610780,,0.002345,0.000922,231,0.00003,27,7,34,27,7,34
12111668,,0,0.000117,89,0.000007,0,1,1,0,1,1
12060695,,0.004654,0.000152,89,0.002706,522,2,524,522,2,524
10666456,,0,0.000117,89,0.000007,0,1,1,0,1,1
10205265,,0,0.000117,89,0.000007,0,1,1,0,1,1
30227649,,0,0.004249,5,0.000007,0,23,23,0,23,23
9355572,,0.001162,0,5,0.000068,50,0,50,50,0,50
28599763,,0,0.000168,5,0.000007,0,10,10,0,10,10
27910721,,0,0.000735,5,0.000007,0,36,36,0,36,36
27866793,,0.000036,0.001472,5,0.000008,1,22,23,1,22,23
26248088,,0,0.000202,5,0.000007,0,5,5,0,5,5
26240090,,0,0.00006,5,0.000007,0,3,3,0,3,3
26036266,,0,0.000128,5,0.000007,0,5,5,0,5,5
25833335,,0,0.000645,5,0.000007,0,9,9,0,9,9
25622081,,0,0.000127,5,0.000007,0,4,4,0,4,4
25622080,,0,0.000192,5,0.000007,0,8,8,0,8,8
24942180,,0,0.000036,5,0.000007,0,2,2,0,2,2
24253862,,0,0.000474,5,0.000007,0,9,9,0,9,9
24216722,,0,0.000022,5,0.000007,0,1,1,0,1,1
24186304,,0,0.015428,5,0.000007,0,40,40,0,40,40
22711611,,0,0.00244,5,0.000007,0,27,27,0,27,27
22694298,,0,0.000039,5,0.000007,0,4,4,0,4,4
22224593,,0,0.000084,5,0.000007,0,7,7,0,7,7
22003420,,0,0.000166,5,0.000007,0,8,8,0,8,8
21815821,,0,0.000022,5,0.000007,0,1,1,0,1,1
21656311,,0,0.000175,5,0.000007,0,6,6,0,6,6
21358336,,0.003181,0.001675,5,0.00009,63,17,80,63,17,80
21275654,,0,0.000413,5,0.000007,0,13,13,0,13,13
20549517,,0,0.000174,5,0.000007,0,8,8,0,8,8
18496223,,0,0.000304,5,0.000007,0,5,5,0,5,5
9360844,,0.000058,0,89,0.00001,2,0,2,2,0,2
9361038,,0.002603,0,231,0.000075,31,0,31,31,0,31
28702895,,0.000032,0.001409,231,0.000009,2,16,18,2,16,18
27542569,,0,0.000662,231,0.000007,0,11,11,0,11,11
26820313,,0,0.011337,231,0.000007,0,15,15,0,15,15
25918678,,0.000094,0.001176,231,0.00001,5,18,23,5,18,23
20617168,,0,0.000253,231,0.000007,0,4,4,0,4,4
19383352,,0.005307,0.010803,231,0.000118,52,17,69,52,17,69
18331640,,0,0.000253,231,0.000007,0,4,4,0,4,4
18275599,,0.000657,0.00558,231,0.000015,3,16,19,3,16,19
16914028,,0,0.0004,231,0.000007,0,11,11,0,11,11
12094328,,0.005689,0.001024,231,0.000127,90,10,100,90,10,100
9361585,,0.000141,0,100,0.000015,3,0,3,3,0,3
19133122,,0,0.000003,100,0.000007,0,1,1,0,1,1
9362443,,0.000405,0,89,0.000017,7,0,7,7,0,7
9367693,,0.000365,0,89,0.000017,6,0,6,6,0,6
29485617,,0,0.000372,69,0.000007,0,3,3,0,3,3
9370070,,0.002003,0,100,0.000035,15,0,15,15,0,15
26699876,,0,0.000152,90,0.000007,0,3,3,0,3,3
25476898,,0,0.000666,100,0.000007,0,3,3,0,3,3
23841029,,0,0.000038,100,0.000007,0,1,1,0,1,1
21399657,,0,0.000038,100,0.000007,0,1,1,0,1,1
29098742,,0,0.000885,100,0.000007,0,5,5,0,5,5
28717661,,0,0.000411,100,0.000007,0,7,7,0,7,7
28558143,,0,0.000005,100,0.000007,0,1,1,0,1,1
27232758,,0,0.001194,100,0.000007,0,4,4,0,4,4
27121516,,0,0.00058,100,0.000007,0,2,2,0,2,2
26181256,,0,0.000005,100,0.000007,0,1,1,0,1,1
25953249,,0,0.001559,100,0.000007,0,5,5,0,5,5
25827349,,0,0.00097,100,0.000007,0,5,5,0,5,5
25751062,,0,0.00054,100,0.000007,0,5,5,0,5,5
22778927,,0,0.001691,100,0.000007,0,10,10,0,10,10
21273304,,0,0.000612,100,0.000007,0,3,3,0,3,3
17476356,,0,0.000005,100,0.000007,0,1,1,0,1,1
16946016,,0,0.000005,100,0.000007,0,1,1,0,1,1
16397136,,0,0.000965,100,0.000007,0,6,6,0,6,6
12525534,,0.001773,0.001334,100,0.000132,52,6,58,52,6,58
11344308,,0,0.000005,100,0.000007,0,1,1,0,1,1
11226273,,0,0.000005,100,0.000007,0,1,1,0,1,1
10521298,,0,0.000033,100,0.000007,0,2,2,0,2,2
10373536,,0,0.000005,100,0.000007,0,1,1,0,1,1
9713825,,0,0.000005,100,0.000007,0,1,1,0,1,1
23577028,,0,0.000039,89,0.000007,0,2,2,0,2,2
9378159,,0.000001,0,89,0.000022,3,0,3,3,0,3
20415480,,0,0,89,0.000007,0,1,1,0,1,1
10682675,,0,0,89,0.000007,0,1,1,0,1,1
18471051,,0,0,89,0.000007,0,1,1,0,1,1
9389568,,0.000003,0,89,0.000027,4,0,4,4,0,4
15128789,,0,0,89,0.000007,0,1,1,0,1,1
10070882,,0,0,89,0.000007,0,1,1,0,1,1
23348381,,0,0,66,0.000007,0,1,1,0,1,1
9397200,,0.000015,0,66,0.000045,8,0,8,8,0,8
22684367,,0,0,66,0.000007,0,1,1,0,1,1
20805891,,0,0.000763,184,0.000007,0,30,30,0,30,30
19308680,,0,0,66,0.000007,0,1,1,0,1,1
18692117,,0,0,66,0.000007,0,1,1,0,1,1
12632495,,0,0,66,0.000007,0,1,1,0,1,1
12378613,,0,0.000008,66,0.000007,0,3,3,0,3,3
11880635,,0,0,66,0.000007,0,1,1,0,1,1
9398051,,0.000256,0,279,0.000013,3,0,3,3,0,3
23820649,,0,0.002957,231,0.000007,0,28,28,0,28,28
9406579,,0.000056,0,231,0.000007,1,0,1,1,0,1
24551091,,0,0,20,0.000007,0,1,1,0,1,1
9406583,,0,0,20,0.000013,1,0,1,1,0,1
27028212,,0,0.000002,89,0.000007,0,1,1,0,1,1
9407954,,0.000111,0,89,0.000045,9,0,9,9,0,9
14573780,,0,0.000002,89,0.000007,0,1,1,0,1,1
10544223,,0,0.000002,89,0.000007,0,1,1,0,1,1
10528862,,0,0.000002,89,0.000007,0,1,1,0,1,1
9724771,,0,0.000002,89,0.000007,0,1,1,0,1,1
9407955,,0.001566,0,89,0.000022,17,0,17,17,0,17
26775038,,0,0.000208,100,0.000007,0,3,3,0,3,3
22735704,,0,0.00158,100,0.000007,0,5,5,0,5,5
20202217,,0,0.000776,89,0.000007,0,9,9,0,9,9
15734731,,0,0.004366,111,0.000007,0,7,7,0,7,7
24122835,,0,0.000001,82,0.000007,0,1,1,0,1,1
9408751,,0.000049,0,82,0.000026,6,0,6,6,0,6
18190691,,0,0.000081,82,0.000007,0,3,3,0,3,3
15685233,,0,0.000002,82,0.000007,0,2,2,0,2,2
12192601,,0,0.000001,82,0.000007,0,1,1,0,1,1
9408754,,0.000042,0,279,0.000008,1,0,1,1,0,1
27375680,,0,0,89,0.000007,0,1,1,0,1,1
27182949,,0,0,89,0.000007,0,1,1,0,1,1
23651527,,0,0,89,0.000007,0,1,1,0,1,1
21915148,,0,0,89,0.000007,0,1,1,0,1,1
19931194,,0,0,89,0.000007,0,1,1,0,1,1
14573481,,0,0.001161,89,0.000007,0,2,2,0,2,2
11404818,,0,0,89,0.000007,0,1,1,0,1,1
9411474,,0.000085,0,5,0.000007,1,0,1,1,0,1
9415688,,0.000236,0,5,0.000042,16,0,16,16,0,16
26744307,,0,0.000004,5,0.000007,0,1,1,0,1,1
26110233,,0,0.000007,5,0.000007,0,2,2,0,2,2
25301325,,0.0004,0.001026,5,0.000009,6,28,34,6,28,34
19277061,,0,0.000006,5,0.000007,0,2,2,0,2,2
16225406,,0,0.000058,5,0.000007,0,4,4,0,4,4
12920070,,0,0.000889,5,0.000007,0,8,8,0,8,8
11110744,,0,0.000004,5,0.000007,0,1,1,0,1,1
10226930,,0,0.000004,5,0.000007,0,1,1,0,1,1
27259243,,0,0.000002,231,0.000007,0,1,1,0,1,1
9421204,,0.000082,0,231,0.000092,19,0,19,19,0,19
26404249,,0,0.000008,231,0.000007,0,2,2,0,2,2
24708807,,0,0.000002,231,0.000007,0,1,1,0,1,1
24291072,,0,0.001915,69,0.000007,0,3,3,0,3,3
23423446,,0,0.00002,231,0.000007,0,2,2,0,2,2
23378641,,0,0.000002,231,0.000007,0,1,1,0,1,1
22283328,,0,0.000002,231,0.000007,0,1,1,0,1,1
22265403,,0,0.000002,231,0.000007,0,1,1,0,1,1
21716904,,0,0.000033,231,0.000007,0,3,3,0,3,3
20509668,,0,0.000002,231,0.000007,0,1,1,0,1,1
19394116,,0,0.000002,231,0.000007,0,1,1,0,1,1
19158089,,0,0.000002,231,0.000007,0,1,1,0,1,1
18416538,,0,0.000002,231,0.000007,0,1,1,0,1,1
18052105,,0,0.000002,231,0.000007,0,2,2,0,2,2
17198388,,0,0.000002,231,0.000007,0,1,1,0,1,1
16730688,,0,0.000002,231,0.000007,0,1,1,0,1,1
29910701,,0,0.000593,100,0.000007,0,5,5,0,5,5
9425226,,0.004746,0,100,0.000044,32,0,32,32,0,32
18480049,,0.000299,0.001294,100,0.000012,6,18,24,6,18,24
9440731,,0.000363,0,100,0.00001,3,0,3,3,0,3
30154431,,0,0.000002,41,0.000007,0,1,1,0,1,1
9440762,,0.000079,0,41,0.000026,8,0,8,8,0,8
27084898,,0,0.000008,41,0.000007,0,2,2,0,2,2
26430163,,0,0.000045,41,0.000007,0,4,4,0,4,4
25429241,,0,0.000689,5,0.000007,0,8,8,0,8,8
20049264,,0,0.000142,41,0.000007,0,2,2,0,2,2
12697074,,0,0.000002,41,0.000007,0,2,2,0,2,2
29978915,,0,0.009765,69,0.000007,0,18,18,0,18,18
9441775,,0.000993,0,69,0.000018,7,0,7,7,0,7
24950779,,0,0.000367,69,0.000007,0,8,8,0,8,8
22792303,,0.00082,0.008948,100,0.000018,6,27,33,6,27,33
17519898,,0,0.000019,69,0.000007,0,1,1,0,1,1
30207098,,0,0.001545,89,0.000007,0,25,25,0,25,25
29880983,,0.000038,0.00132,231,0.000008,2,18,20,2,18,20
29781100,,0,0.000621,5,0.000007,0,7,7,0,7,7
29162654,,0,0.003853,205,0.000007,0,17,17,0,17,17
29160558,,0,0.000305,5,0.000007,0,6,6,0,6,6
28944288,,0,0.000342,5,0.000007,0,3,3,0,3,3
28943953,,0,0.002718,5,0.000007,0,9,9,0,9,9
28670484,,0,0.00103,5,0.000007,0,10,10,0,10,10
28623477,,0,0.000888,231,0.000007,0,14,14,0,14,14
28591191,,0.000029,0.004527,1,0.000009,3,14,17,3,14,17
28351343,,0.000029,0.00938,89,0.000007,1,13,14,1,13,14
28137790,,0,0.000474,5,0.000007,0,5,5,0,5,5
27815748,,0,0.000482,5,0.000007,0,9,9,0,9,9
27796713,,0,0.003243,231,0.000007,0,19,19,0,19,19
27464310,,0.000061,0.001669,231,0.000012,5,22,27,5,22,27
27200080,,0,0.001642,5,0.000007,0,8,8,0,8,8
27134689,,0.000159,0.001717,140,0.000014,3,14,17,3,14,17
26786860,,0.000032,0.003646,5,0.000008,1,10,11,1,10,11
26677205,,0.000445,0.000784,231,0.000042,20,10,30,20,10,30
26155950,,0,0.002286,5,0.000007,0,13,13,0,13,13
26047126,,0.000068,0.000566,184,0.000009,3,15,18,3,15,18
26025000,,0.000282,0.004887,231,0.00002,5,22,27,5,22,27
25956172,,0,0.000819,5,0.000007,0,7,7,0,7,7
24941967,,0,0.001395,5,0.000007,0,6,6,0,6,6
24833917,,0,0.002891,5,0.000007,0,11,11,0,11,11
24686888,,0,0.000493,5,0.000007,0,4,4,0,4,4
24638001,,0.001397,0.013257,1,0.000014,7,25,32,7,25,32
24358447,,0,0.000288,5,0.000007,0,5,5,0,5,5
24353130,,0,0.000433,5,0.000007,0,6,6,0,6,6
24321553,,0,0.00034,198,0.000007,0,3,3,0,3,3
24281205,,0,0.000281,205,0.000007,0,4,4,0,4,4
24171047,,0,0.000389,5,0.000007,0,3,3,0,3,3
23793601,,0,0.004905,5,0.000007,0,11,11,0,11,11
23690142,,0,0.003702,5,0.000007,0,11,11,0,11,11
23592716,,0,0.000209,5,0.000007,0,1,1,0,1,1
23300341,,0.000006,0.001203,35,0.000009,1,8,9,1,8,9
23247828,,0,0.004961,5,0.000007,0,19,19,0,19,19
23171648,,0,0.000471,5,0.000007,0,4,4,0,4,4
22924092,,0,0.000332,5,0.000007,0,6,6,0,6,6
22595938,,0,0.000754,5,0.000007,0,3,3,0,3,3
22124624,,0.000142,0.002884,5,0.000015,5,12,17,5,12,17
21529750,,0,0.002601,5,0.000007,0,9,9,0,9,9
20234394,,0.000273,0.002407,5,0.000009,4,20,24,4,20,24
19904271,,0,0.000549,5,0.000007,0,5,5,0,5,5
19563646,,0.00048,0.001064,140,0.000023,16,11,27,16,11,27
19383884,,0,0.000319,279,0.000007,0,4,4,0,4,4
19200354,,0.001268,0.001952,140,0.000037,19,21,40,19,21,40
19080039,,0,0.000305,5,0.000007,0,2,2,0,2,2
19075251,,0,0.000526,89,0.000007,0,6,6,0,6,6
18999202,,0,0.000337,5,0.000007,0,2,2,0,2,2
18466632,,0.001657,0.001486,5,0.000021,12,4,16,12,4,16
18335566,,0,0.000209,5,0.000007,0,1,1,0,1,1
18316752,,0,0.000337,5,0.000007,0,2,2,0,2,2
17420451,,0.010356,0.001764,100,0.000144,62,10,72,62,10,72
16941638,,0,0.000311,5,0.000007,0,2,2,0,2,2
16909138,,0.000332,0.003624,5,0.000009,2,18,20,2,18,20
15785743,,0,0.000372,5,0.000007,0,4,4,0,4,4
25712102,,0,0.000601,232,0.000007,0,6,6,0,6,6
25249627,,0,0.000032,72,0.000007,0,1,1,0,1,1
24868542,,0,0.000032,72,0.000007,0,1,1,0,1,1
24704920,,0,0.000032,72,0.000007,0,1,1,0,1,1
23498935,,0,0.000032,72,0.000007,0,1,1,0,1,1
23308214,,0,0.000032,72,0.000007,0,1,1,0,1,1
22514007,,0,0.000032,72,0.000007,0,1,1,0,1,1
22162999,,0,0.000032,72,0.000007,0,1,1,0,1,1
21968968,,0,0.000032,72,0.000007,0,1,1,0,1,1
21941619,,0,0.000561,72,0.000007,0,4,4,0,4,4
21518915,,0,0.000032,72,0.000007,0,1,1,0,1,1
20856196,,0,0.000032,72,0.000007,0,1,1,0,1,1
19906647,,0,0.000032,72,0.000007,0,1,1,0,1,1
19454010,,0,0.000282,100,0.000007,0,2,2,0,2,2
19407220,,0,0.000032,72,0.000007,0,1,1,0,1,1
18782771,,0,0.000032,72,0.000007,0,1,1,0,1,1
17882273,,0,0.000032,72,0.000007,0,1,1,0,1,1
17709385,,0,0.000032,72,0.000007,0,1,1,0,1,1
17658552,,0,0.000032,72,0.000007,0,1,1,0,1,1
16601680,,0,0.000282,100,0.000007,0,2,2,0,2,2
15385957,,0,0.000032,72,0.000007,0,1,1,0,1,1
15331701,,0,0.000032,72,0.000007,0,1,1,0,1,1
15060132,,0,0.000032,72,0.000007,0,1,1,0,1,1
12782657,,0,0.000032,72,0.000007,0,1,1,0,1,1
12773626,,0,0.000032,72,0.000007,0,1,1,0,1,1
12665568,,0,0.000105,90,0.000007,0,4,4,0,4,4
12600943,,0,0.000032,72,0.000007,0,1,1,0,1,1
12140315,,0,0.000032,72,0.000007,0,1,1,0,1,1
12077342,,0,0.000032,72,0.000007,0,1,1,0,1,1
11953317,,0,0.000032,72,0.000007,0,1,1,0,1,1
11739728,,0,0.000032,72,0.000007,0,1,1,0,1,1
11486022,,0,0.000032,72,0.000007,0,1,1,0,1,1
11416138,,0,0.000032,72,0.000007,0,1,1,0,1,1
11416126,,0,0.000218,72,0.000007,0,2,2,0,2,2
11097423,,0,0.000032,72,0.000007,0,1,1,0,1,1
10805757,,0,0.000032,72,0.000007,0,1,1,0,1,1
10773068,,0,0.000032,72,0.000007,0,1,1,0,1,1
10688638,,0,0.000032,72,0.000007,0,1,1,0,1,1
10618435,,0,0.000032,72,0.000007,0,1,1,0,1,1
10500094,,0,0.000032,72,0.000007,0,1,1,0,1,1
10373521,,0,0.000032,72,0.000007,0,1,1,0,1,1
10082527,,0,0.000032,72,0.000007,0,1,1,0,1,1
9874759,,0,0.000032,72,0.000007,0,1,1,0,1,1
9770462,,0,0.000032,72,0.000007,0,1,1,0,1,1
9755175,,0,0.000032,72,0.000007,0,1,1,0,1,1
9450187,,0.000318,0,89,0.000011,3,0,3,3,0,3
9450858,,0.000134,0,89,0.000009,3,0,3,3,0,3
29932049,,0,0,5,0.000007,0,1,1,0,1,1
9450863,,0,0,5,0.000016,2,0,2,2,0,2
29445722,,0,0.000021,5,0.000007,0,2,2,0,2,2
9452084,,0.001648,0,89,0.000023,11,0,11,11,0,11
20637093,,0.001314,0.0019,35,0.000022,9,16,25,9,16,25
18637200,,0.000374,0.000966,89,0.000008,4,8,12,4,8,12
9452097,,0.00005,0,89,0.000007,1,0,1,1,0,1
12453316,,0,0,21,0.000007,0,1,1,0,1,1
9454883,,0,0,21,0.000013,1,0,1,1,0,1
28842510,,0,0.000215,66,0.000007,0,3,3,0,3,3
9462681,,0.000094,0,66,0.000157,33,0,33,33,0,33
28119368,,0,0.000214,66,0.000007,0,3,3,0,3,3
27900799,,0,0.000002,66,0.000007,0,1,1,0,1,1
27874061,,0,0.000189,66,0.000007,0,3,3,0,3,3
27451135,,0,0.000002,66,0.000007,0,2,2,0,2,2
27446384,,0,0.000002,66,0.000007,0,1,1,0,1,1
27000662,,0,0.000002,66,0.000007,0,1,1,0,1,1
25730763,,0,0.000373,66,0.000007,0,2,2,0,2,2
25232177,,0,0.000002,66,0.000007,0,1,1,0,1,1
24948870,,0,0.000002,66,0.000007,0,2,2,0,2,2
24589467,,0,0.000151,1,0.000007,0,3,3,0,3,3
24294291,,0,0.000002,66,0.000007,0,1,1,0,1,1
23418425,,0,0.000002,66,0.000007,0,1,1,0,1,1
23204237,,0,0.000002,66,0.000007,0,2,2,0,2,2
22504874,,0,0.000002,66,0.000007,0,1,1,0,1,1
21937078,,0,0.000002,66,0.000007,0,1,1,0,1,1
21859993,,0,0.000002,66,0.000007,0,1,1,0,1,1
21685943,,0,0.000002,66,0.000007,0,1,1,0,1,1
20975660,,0,0.000002,66,0.000007,0,1,1,0,1,1
20233430,,0,0.000002,66,0.000007,0,1,1,0,1,1
20018353,,0,0.000002,66,0.000007,0,1,1,0,1,1
19363497,,0,0.000002,66,0.000007,0,2,2,0,2,2
18787684,,0,0.000002,66,0.000007,0,2,2,0,2,2
18207195,,0,0.000002,66,0.000007,0,1,1,0,1,1
17991527,,0,0.000002,66,0.000007,0,1,1,0,1,1
16505280,,0,0.000002,66,0.000007,0,1,1,0,1,1
15855652,,0,0.000002,66,0.000007,0,2,2,0,2,2
15466403,,0,0.000002,66,0.000007,0,2,2,0,2,2
14689578,,0,0.000002,66,0.000007,0,1,1,0,1,1
14633619,,0,0.000002,66,0.000007,0,2,2,0,2,2
11988844,,0,0.000002,66,0.000007,0,1,1,0,1,1
9465809,,0.000272,0,35,0.000009,3,0,3,3,0,3
26834486,,0,0.000448,231,0.000007,0,7,7,0,7,7
9466696,,0.000027,0,231,0.000023,5,0,5,5,0,5
24475258,,0,0.000647,231,0.000007,0,11,11,0,11,11
19066203,,0,0.000001,231,0.000007,0,1,1,0,1,1
12496208,,0,0.000332,231,0.000007,0,2,2,0,2,2
11157933,,0,0.000001,231,0.000007,0,1,1,0,1,1
28248256,,0,0.000001,184,0.000007,0,1,1,0,1,1
9467939,,0.000051,0,184,0.000023,5,0,5,5,0,5
27761361,,0,0.000252,184,0.000007,0,3,3,0,3,3
16572587,,0,0.000001,184,0.000007,0,1,1,0,1,1
9469321,,0.010178,0,1,0.00004,36,0,36,36,0,36
28628421,,0,0.011477,1,0.000007,0,18,18,0,18,18
27488874,,0.000508,0.011113,1,0.000009,4,26,30,4,26,30
26706041,,0.000125,0.003223,5,0.000013,5,14,19,5,14,19
25437005,,0.002397,0.021009,1,0.000012,7,23,30,7,23,30
15996267,,0.004864,0.000658,1,0.000021,21,11,32,21,11,32
25290619,,0,0,22,0.000007,0,1,1,0,1,1
9484627,,0,0,22,0.000013,1,0,1,1,0,1
30135627,,0,0.000003,41,0.000007,0,1,1,0,1,1
9484819,,0.000183,0,41,0.000073,22,0,22,22,0,22
29528422,,0,0.000916,41,0.000007,0,6,6,0,6,6
28729543,,0,0.000013,41,0.000007,0,2,2,0,2,2
26862731,,0,0.000003,41,0.000007,0,1,1,0,1,1
26541290,,0,0.000079,41,0.000007,0,3,3,0,3,3
25415331,,0.000038,0.000778,41,0.000009,3,10,13,3,10,13
24376993,,0,0.000003,41,0.000007,0,1,1,0,1,1
23617930,,0,0.00037,41,0.000007,0,5,5,0,5,5
23049746,,0,0.000003,41,0.000007,0,1,1,0,1,1
22187037,,0.000941,0.001572,41,0.000023,8,10,18,8,10,18
21595606,,0,0.000519,41,0.000007,0,6,6,0,6,6
20798883,,0,0.00012,41,0.000007,0,4,4,0,4,4
18414410,,0,0.000003,41,0.000007,0,1,1,0,1,1
17848944,,0.000062,0.001376,41,0.000008,1,9,10,1,9,10
16538220,,0,0.00039,41,0.000007,0,6,6,0,6,6
12454765,,0,0.000561,89,0.000007,0,9,9,0,9,9
11710829,,0,0.000716,35,0.000007,0,4,4,0,4,4
11286467,,0,0.001002,41,0.000007,0,2,2,0,2,2
11259091,,0,0.000003,41,0.000007,0,1,1,0,1,1
9862564,,0,0.000003,41,0.000007,0,1,1,0,1,1
22792365,,0,0.000233,89,0.000007,0,9,9,0,9,9
9489482,,0.000243,0,89,0.000009,3,0,3,3,0,3
9494611,,0.001421,0,279,0.000025,14,0,14,14,0,14
25774336,,0,0.000396,279,0.000007,0,6,6,0,6,6
17164758,,0.000007,0.000505,279,0.000027,5,6,11,5,6,11
9497100,,0.001729,0,35,0.000016,8,0,8,8,0,8
30460281,,0,0.003454,100,0.000007,0,13,13,0,13,13
30275608,,0,0.01374,5,0.000007,0,51,51,0,51,51
30262796,,0,0.002142,205,0.000007,0,32,32,0,32,32
30234181,,0,0.023625,1,0.000007,0,35,35,0,35,35
30075794,,0,0.001721,5,0.000007,0,20,20,0,20,20
29733510,,0,0.002066,5,0.000007,0,17,17,0,17,17
29697934,,0,0.002592,89,0.000007,0,9,9,0,9,9
29566657,,0,0.002568,89,0.000007,0,31,31,0,31,31
29466291,,0,0.007921,5,0.000007,0,36,36,0,36,36
29456844,,0,0.001006,5,0.000007,0,3,3,0,3,3
29196913,,0,0.000998,5,0.000007,0,1,1,0,1,1
29161300,,0,0.001804,89,0.000007,0,16,16,0,16,16
28894848,,0.000001,0.003358,5,0.00001,1,10,11,1,10,11
28840378,,0,0.002104,231,0.000007,0,12,12,0,12,12
28796317,,0.000049,0.003604,100,0.000007,1,29,30,1,29,30
28685084,,0,0.004213,5,0.000007,0,19,19,0,19,19
28629773,,0,0.012592,100,0.000007,0,8,8,0,8,8
28538673,,0,0.003165,5,0.000007,0,6,6,0,6,6
28392550,,0,0.002717,89,0.000007,0,15,15,0,15,15
28382102,,0,0.00111,279,0.000007,0,4,4,0,4,4
28285341,,0,0.006348,5,0.000007,0,19,19,0,19,19
28177912,,0,0.001015,231,0.000007,0,3,3,0,3,3
28076950,,0,0.001794,35,0.000007,0,4,4,0,4,4
27876019,,0,0.001143,35,0.000007,0,3,3,0,3,3
27844253,,0,0.003067,100,0.000007,0,6,6,0,6,6
27843583,,0,0.001101,205,0.000007,0,2,2,0,2,2
27788678,,0,0.009438,1,0.000007,0,18,18,0,18,18
27779110,,0.00001,0.007198,205,0.000008,1,24,25,1,24,25
27769992,,0,0.000998,5,0.000007,0,1,1,0,1,1
27688728,,0,0.00102,89,0.000007,0,2,2,0,2,2
27553291,,0.000021,0.003342,35,0.00001,3,37,40,3,37,40
27443514,,0.000027,0.006202,5,0.00002,6,17,23,6,17,23
27413415,,0,0.001566,231,0.000007,0,10,10,0,10,10
27273131,,0.000257,0.002384,35,0.000008,2,9,11,2,9,11
27252788,,0,0.004743,5,0.000007,0,9,9,0,9,9
27192130,,0,0.002428,205,0.000007,0,9,9,0,9,9
27095945,,0,0.001436,89,0.000007,0,7,7,0,7,7
27077130,,0,0.001273,5,0.000007,0,3,3,0,3,3
27050030,,0,0.000999,184,0.000007,0,2,2,0,2,2
26986251,,0.000031,0.004989,5,0.000014,4,10,14,4,10,14
26870808,,0,0.004132,5,0.000007,0,19,19,0,19,19
26823519,,0,0.001266,231,0.000007,0,4,4,0,4,4
26550133,,0,0.00151,35,0.000007,0,5,5,0,5,5
26309417,,0,0.048942,1,0.000007,0,29,29,0,29,29
26293705,,0,0.001063,5,0.000007,0,2,2,0,2,2
26237476,,0,0.000998,5,0.000007,0,1,1,0,1,1
26187060,,0.000366,0.007192,89,0.000011,6,82,88,6,82,88
26162567,,0,0.001476,5,0.000007,0,6,6,0,6,6
26109977,,0.000469,0.001739,89,0.000033,11,26,37,11,26,37
26078790,,0,0.001293,5,0.000007,0,10,10,0,10,10
26045257,,0,0.00105,72,0.000007,0,2,2,0,2,2
25713430,,0.000458,0.002777,5,0.000044,22,13,35,22,13,35
25692038,,0,0.006694,5,0.000007,0,23,23,0,23,23
25482078,,0.001461,0.005757,5,0.000022,8,22,30,8,22,30
25427996,,0.000014,0.001237,5,0.000011,3,15,18,3,15,18
25091735,,0,0.001275,5,0.000007,0,3,3,0,3,3
25002817,,0,0.001005,231,0.000007,0,2,2,0,2,2
24971890,,0,0.000998,5,0.000007,0,1,1,0,1,1
24955283,,0.000061,0.004007,1,0.000011,2,15,17,2,15,17
24951267,,0.000523,0.001773,5,0.00001,5,9,14,5,9,14
24944648,,0.000159,0.001499,35,0.000008,2,10,12,2,10,12
24901479,,0,0.001542,5,0.000007,0,7,7,0,7,7
24796968,,0.0001,0.002991,5,0.000022,6,17,23,6,17,23
24711870,,0,0.001529,89,0.000007,0,5,5,0,5,5
24667084,,0.000014,0.004908,5,0.000011,3,17,20,3,17,20
24660075,,0.000013,0.004829,5,0.000007,1,10,11,1,10,11
24563347,,0,0.001413,231,0.000007,0,4,4,0,4,4
24501658,,0,0.002048,90,0.000007,0,13,13,0,13,13
24429628,,0,0.020355,231,0.000007,0,15,15,0,15,15
24358278,,0,0.001218,89,0.000007,0,6,6,0,6,6
24097974,,0,0.001982,69,0.000007,0,10,10,0,10,10
24072553,,0,0.004566,5,0.000007,0,11,11,0,11,11
23935836,,0.001062,0.003154,100,0.000013,10,16,26,10,16,26
23836079,,0,0.001275,5,0.000007,0,3,3,0,3,3
23781229,,0,0.0013,5,0.000007,0,2,2,0,2,2
23690926,,0,0.001055,5,0.000007,0,2,2,0,2,2
23680028,,0,0.001126,5,0.000019,2,6,8,2,6,8
23431300,,0,0.001042,5,0.000007,0,2,2,0,2,2
23318652,,0.000639,0.00424,89,0.000027,11,54,65,11,54,65
23293602,,0,0.022609,1,0.000007,0,16,16,0,16,16
23271408,,0.000569,0.005025,5,0.00002,7,15,22,7,15,22
23248761,,0,0.008434,69,0.000007,0,2,2,0,2,2
23216834,,0.001076,0.004887,5,0.000027,19,19,38,19,19,38
23179792,,0.000021,0.001803,5,0.00001,2,11,13,2,11,13
22977115,,0,0.008566,69,0.000007,0,3,3,0,3,3
22869870,,0,0.001659,5,0.000007,0,7,7,0,7,7
22736444,,0,0.002429,5,0.000007,0,4,4,0,4,4
22729394,,0.000168,0.003416,231,0.000028,8,8,16,8,8,16
22678057,,0.003019,0.004817,140,0.000019,13,23,36,13,23,36
22670098,,0,0.003183,5,0.000007,0,6,6,0,6,6
22662244,,0,0.003257,72,0.000007,0,13,13,0,13,13
22632462,,0,0.002312,140,0.000007,0,22,22,0,22,22
22429896,,0,0.000998,5,0.000007,0,1,1,0,1,1
22275959,,0,0.001192,100,0.000007,0,3,3,0,3,3
22274690,,0.000375,0.029115,1,0.000008,2,19,21,2,19,21
22112691,,0,0.00631,5,0.000007,0,14,14,0,14,14
21933006,,0,0.001574,5,0.000007,0,2,2,0,2,2
21892298,,0,0.001107,231,0.000007,0,2,2,0,2,2
21855118,,0.000508,0.014909,1,0.000007,2,12,14,2,12,14
21835029,,0.000241,0.00223,48,0.000042,7,8,15,7,8,15
21834074,,0.000997,0.003784,5,0.000025,12,12,24,12,12,24
21816897,,0,0.004999,5,0.000007,0,7,7,0,7,7
21778580,,0.001396,0.012168,35,0.000039,19,40,59,19,40,59
21603083,,0,0.001144,24,0.000007,0,3,3,0,3,3
21571596,,0,0.010985,5,0.000007,0,3,3,0,3,3
21552502,,0,0.001286,205,0.000007,0,2,2,0,2,2
21487411,,0.003094,0.002759,5,0.000041,32,15,47,32,15,47
21444874,,0.004793,0.001824,5,0.000044,37,10,47,37,10,47
21404118,,0.000544,0.00161,89,0.000011,9,15,24,9,15,24
21365267,,0.002082,0.003354,100,0.000034,26,14,40,26,14,40
20980697,,0.00037,0.003116,5,0.000035,12,16,28,12,16,28
20930542,,0,0.002701,100,0.000007,0,10,10,0,10,10
20824037,,0,0.001038,89,0.000007,0,3,3,0,3,3
20647335,,0.000441,0.001251,5,0.00007,37,4,41,37,4,41
20639550,,0,0.001575,205,0.000007,0,4,4,0,4,4
20554149,,0.000716,0.002752,5,0.000071,16,5,21,16,5,21
20530438,,0,0.0017,89,0.000007,0,6,6,0,6,6
20397150,,0,0.003348,5,0.000007,0,8,8,0,8,8
20233481,,0,0.001452,89,0.000007,0,8,8,0,8,8
20223033,,0.000077,0.003867,5,0.000011,3,10,13,3,10,13
20167074,,0.000014,0.001042,72,0.000063,13,4,17,13,4,17
20146796,,0.001022,0.003648,231,0.000037,12,10,22,12,10,22
20111735,,0.000594,0.001755,231,0.000057,15,6,21,15,6,21
20028858,,0,0.005561,5,0.000007,0,9,9,0,9,9
20014424,,0,0.003425,5,0.000007,0,6,6,0,6,6
19958922,,0,0.003419,5,0.000007,0,7,7,0,7,7
19833573,,0,0.001689,5,0.000007,0,11,11,0,11,11
19695104,,0.000009,0.010399,35,0.00007,12,12,24,12,12,24
19567506,,0.000125,0.003297,5,0.000011,4,15,19,4,15,19
19493351,,0,0.001596,89,0.000007,0,5,5,0,5,5
19460581,,0.000929,0.00422,5,0.000473,113,6,119,113,6,119
19367322,,0.000485,0.004089,5,0.000013,7,12,19,7,12,19
19319666,,0,0.000998,5,0.000007,0,1,1,0,1,1
19043619,,0,0.006537,140,0.000007,0,16,16,0,16,16
18812548,,0.005026,0.004219,5,0.000036,28,12,40,28,12,40
18706089,,0.000249,0.00268,231,0.00001,6,15,21,6,15,21
18691161,,0,0.000998,5,0.000007,0,1,1,0,1,1
18450541,,0,0.001211,5,0.000007,0,2,2,0,2,2
18355772,,0.008475,0.004978,231,0.000261,94,13,107,94,13,107
18326623,,0.004743,0.001068,231,0.000418,146,5,151,146,5,151
17697391,,0.000009,0.00745,231,0.000014,2,11,13,2,11,13
17673440,,0,0.002922,5,0.000007,0,3,3,0,3,3
17341306,,0.000407,0.001132,5,0.00001,5,6,11,5,6,11
17324252,,0.000121,0.002283,5,0.000032,11,10,21,11,10,21
17213827,,0.000273,0.004588,41,0.000012,5,19,24,5,19,24
17106493,,0,0.001386,5,0.000007,0,3,3,0,3,3
16762046,,0.000176,0.001822,231,0.000026,6,13,19,6,13,19
16575876,,0.002594,0.004679,35,0.000108,35,16,51,35,16,51
16457692,,0.000405,0.003665,5,0.000022,7,6,13,7,6,13
16407375,,0,0.000998,5,0.000007,0,1,1,0,1,1
16280053,,0.001196,0.00848,100,0.000019,13,16,29,13,16,29
16136053,,0,0.000998,5,0.000007,0,1,1,0,1,1
16131554,,0,0.001109,231,0.000007,0,3,3,0,3,3
15831578,,0,0.001013,89,0.000007,0,3,3,0,3,3
14979910,,0,0.002301,205,0.000007,0,6,6,0,6,6
14583096,,0.000038,0.002652,205,0.000013,3,4,7,3,4,7
11395387,,0,0.001003,184,0.000007,0,3,3,0,3,3
10090894,,0,0.000998,5,0.000007,0,1,1,0,1,1
27231561,,0,0.011082,69,0.000007,0,10,10,0,10,10
9500773,,0.000253,0,69,0.000014,3,0,3,3,0,3
23706170,,0,0.000005,69,0.000007,0,1,1,0,1,1
27109188,,0,0,184,0.000007,0,2,2,0,2,2
9504233,,0.000019,0,184,0.000012,2,0,2,2,0,2
16611371,,0,0,23,0.000007,0,1,1,0,1,1
9504854,,0,0,23,0.000019,2,0,2,2,0,2
12875657,,0,0,23,0.000007,0,1,1,0,1,1
10621995,,0,0.000008,89,0.000007,0,1,1,0,1,1
9508180,,0.00081,0,5,0.000037,18,0,18,18,0,18
21418594,,0,0.000015,5,0.000007,0,1,1,0,1,1
20644999,,0.001963,0.004987,5,0.000025,18,33,51,18,33,51
20393305,,0,0.000928,5,0.000007,0,21,21,0,21,21
19142182,,0,0.000016,5,0.000007,0,2,2,0,2,2
11929508,,0,0.000015,5,0.000007,0,1,1,0,1,1
9509273,,0.000622,0,35,0.00013,9,0,9,9,0,9
23626933,,0,0.000117,35,0.000007,0,2,2,0,2,2
16236180,,0,0.000028,35,0.000007,0,2,2,0,2,2
19499062,,0,0.000012,89,0.000007,0,1,1,0,1,1
30008919,,0,0.00333,24,0.000007,0,9,9,0,9,9
9515792,,0.015799,0,1,0.000146,68,0,68,68,0,68
28959512,,0,0.003091,1,0.000007,0,6,6,0,6,6
28831036,,0.002447,0.043711,1,0.000022,12,46,58,12,46,58
28404895,,0,0.000638,24,0.000007,0,6,6,0,6,6
27179511,,0,0.003197,24,0.000007,0,17,17,0,17,17
26943034,,0,0.000553,100,0.000007,0,4,4,0,4,4
26297142,,0,0.000344,35,0.000007,0,3,3,0,3,3
26156420,,0,0.001132,1,0.000007,0,12,12,0,12,12
26152742,,0,0.001827,1,0.000007,0,5,5,0,5,5
25806229,,0.000063,0.004752,24,0.00001,3,19,22,3,19,22
25398451,,0.006105,0.017111,1,0.000044,28,19,47,28,19,47
25281711,,0.000308,0.016772,1,0.000015,1,19,20,1,19,20
25228385,,0.00088,0.003986,1,0.000105,34,13,47,34,13,47
25205036,,0.00069,0.005025,1,0.000039,16,20,36,16,20,36
24589211,,0,0.000301,1,0.000007,0,1,1,0,1,1
24507701,,0,0.014244,1,0.00001,1,25,26,1,25,26
24197907,,0.000364,0.017067,24,0.000023,7,24,31,7,24,31
24065387,,0,0.001333,231,0.000007,0,5,5,0,5,5
23867999,,0.002895,0.027891,1,0.000043,9,9,18,9,9,18
23549037,,0.000738,0.00129,24,0.000076,22,13,35,22,13,35
23326344,,0.00034,0.004878,24,0.000055,14,22,36,14,22,36
22787410,,0,0.003804,24,0.000007,0,11,11,0,11,11
22762204,,0.000178,0.006549,24,0.000115,23,26,49,23,26,49
22583667,,0,0.001351,1,0.000049,7,5,12,7,5,12
21830012,,0.003498,0.024619,35,0.000026,23,38,61,23,38,61
21819606,,0.002096,0.045324,1,0.00002,9,85,94,9,85,94
21771338,,0,0.024729,1,0.000007,0,41,41,0,41,41
21255398,,0,0.005738,35,0.000007,0,6,6,0,6,6
21157449,,0.001419,0.001538,24,0.000068,17,15,32,17,15,32
20209131,,0.00182,0.007016,24,0.000024,9,21,30,9,21,30
20164691,,0.00503,0.004808,35,0.000203,59,15,74,59,15,74
19707334,,0.000062,0.012063,279,0.000045,8,22,30,8,22,30
19415121,,0.002987,0.004897,24,0.000119,43,17,60,43,17,60
19112514,,0,0.000726,1,0.000007,0,2,2,0,2,2
19002265,,0.002037,0.002225,24,0.000152,39,12,51,39,12,51
18349819,,0,0.002306,1,0.000007,0,7,7,0,7,7
17663798,,0,0.006571,1,0.000007,0,11,11,0,11,11
15685237,,0,0.001588,1,0.000007,0,3,3,0,3,3
15199393,,0,0.000301,1,0.000007,0,1,1,0,1,1
12698203,,0,0.000301,1,0.000007,0,1,1,0,1,1
9516977,,0.008142,0,1,0.000025,19,0,19,19,0,19
21177825,,0,0.000004,279,0.000007,0,1,1,0,1,1
9519877,,0.000225,0,279,0.00002,4,0,4,4,0,4
17373912,,0,0.000004,279,0.000007,0,1,1,0,1,1
9523200,,0.000479,0,140,0.000011,4,0,4,4,0,4
9523210,,0.000056,0,89,0.000007,1,0,1,1,0,1
9525870,,0.001516,0,100,0.000076,17,0,17,17,0,17
24155884,,0,0.000029,100,0.000007,0,1,1,0,1,1
21678469,,0,0.000029,137,0.000007,0,2,2,0,2,2
10880484,,0,0.000116,367,0.000007,0,2,2,0,2,2
30477459,,0,0.000087,367,0.000007,0,2,2,0,2,2
9528852,,0.004543,0,367,0.000538,155,0,155,155,0,155
30405850,,0,0.000087,367,0.000007,0,1,1,0,1,1
30395583,,0,0.000127,367,0.000007,0,3,3,0,3,3
30305612,,0,0.000115,367,0.000007,0,5,5,0,5,5
30190820,,0,0.000097,367,0.000007,0,3,3,0,3,3
30060843,,0,0.000087,367,0.000007,0,1,1,0,1,1
29988936,,0,0.000092,367,0.000007,0,2,2,0,2,2
29778232,,0,0.000087,367,0.000007,0,1,1,0,1,1
29686263,,0,0.00015,367,0.000007,0,5,5,0,5,5
29651023,,0,0.00018,367,0.000007,0,2,2,0,2,2
29578129,,0,0.000087,367,0.000007,0,1,1,0,1,1
29440675,,0,0.000087,367,0.000007,0,1,1,0,1,1
29416875,,0,0.000145,367,0.000007,0,4,4,0,4,4
29345617,,0,0.000104,367,0.000007,0,2,2,0,2,2
29317634,,0,0.000087,367,0.000007,0,1,1,0,1,1
29284740,,0,0.000127,367,0.000007,0,2,2,0,2,2
29088836,,0,0.000226,367,0.000007,0,3,3,0,3,3
29085180,,0,0.000231,367,0.000007,0,4,4,0,4,4
29069806,,0,0.000087,367,0.000007,0,1,1,0,1,1
28977912,,0,0.000123,367,0.000007,0,2,2,0,2,2
28935764,,0,0.000266,367,0.000007,0,5,5,0,5,5
28812986,,0,0.000127,367,0.000007,0,2,2,0,2,2
28713675,,0,0.000087,367,0.000007,0,1,1,0,1,1
28713672,,0,0.000152,367,0.000007,0,6,6,0,6,6
28665402,,0,0.000106,367,0.000007,0,4,4,0,4,4
28544818,,0,0.000118,57,0.000007,0,3,3,0,3,3
28404968,,0,0.000092,367,0.000007,0,2,2,0,2,2
28229253,,0,0.000127,367,0.000007,0,2,2,0,2,2
28202673,,0,0.00011,367,0.000007,0,3,3,0,3,3
28062663,,0,0.000087,367,0.000007,0,1,1,0,1,1
27819754,,0,0.00068,367,0.000007,0,3,3,0,3,3
27800275,,0,0.000092,367,0.000007,0,2,2,0,2,2
27660484,,0,0.000087,367,0.000007,0,2,2,0,2,2
27574175,,0,0.000087,367,0.000007,0,1,1,0,1,1
27553041,,0,0.000093,367,0.000007,0,2,2,0,2,2
27527698,,0,0.000224,367,0.000007,0,2,2,0,2,2
26885612,,0,0.000092,367,0.000007,0,2,2,0,2,2
26787877,,0,0.000087,367,0.000007,0,1,1,0,1,1
26689913,,0.001351,0.007162,205,0.000099,39,17,56,39,17,56
26644404,,0,0.007963,100,0.000007,0,27,27,0,27,27
26442100,,0,0.004614,100,0.000007,0,14,14,0,14,14
26419610,,0,0.000155,72,0.000007,0,6,6,0,6,6
26416890,,0,0.000151,367,0.000007,0,5,5,0,5,5
26409435,,0,0.000087,367,0.000007,0,1,1,0,1,1
26308799,,0,0.000104,367,0.000007,0,2,2,0,2,2
26300491,,0,0.000087,367,0.000007,0,2,2,0,2,2
26217116,,0,0.000133,367,0.000007,0,3,3,0,3,3
26191197,,0,0.000087,367,0.000007,0,1,1,0,1,1
26154183,,0,0.000087,367,0.000007,0,1,1,0,1,1
26119930,,0,0.000105,367,0.000007,0,3,3,0,3,3
26096145,,0,0.000099,367,0.000007,0,5,5,0,5,5
26081045,,0,0.000153,367,0.000007,0,2,2,0,2,2
26011428,,0.000008,0.000282,367,0.000025,6,4,10,6,4,10
25970771,,0,0.008918,367,0.000007,0,3,3,0,3,3
25874144,,0,0.000087,367,0.000007,0,1,1,0,1,1
25873528,,0,0.000145,367,0.000007,0,3,3,0,3,3
25830670,,0,0.000135,367,0.000007,0,4,4,0,4,4
25658628,,0,0.000105,367,0.000007,0,5,5,0,5,5
25605410,,0,0.000087,367,0.000007,0,2,2,0,2,2
25521456,,0,0.000087,367,0.000007,0,2,2,0,2,2
25451922,,0,0.000109,367,0.000007,0,2,2,0,2,2
25225064,,0.000789,0.002574,367,0.000068,17,4,21,17,4,21
25147369,,0,0.000087,367,0.000007,0,1,1,0,1,1
25121098,,0,0.000312,100,0.000007,0,3,3,0,3,3
25058347,,0,0.000087,367,0.000007,0,1,1,0,1,1
24928783,,0,0.000087,367,0.000007,0,1,1,0,1,1
24855403,,0,0.000277,367,0.000007,0,4,4,0,4,4
24821879,,0,0.000087,367,0.000007,0,1,1,0,1,1
24790669,,0,0.000087,367,0.000007,0,1,1,0,1,1
24705312,,0,0.000127,367,0.000007,0,2,2,0,2,2
24672041,,0,0.000293,367,0.000007,0,2,2,0,2,2
24455749,,0,0.000087,367,0.000007,0,1,1,0,1,1
24347639,,0,0.00042,100,0.000007,0,7,7,0,7,7
24271000,,0,0.000093,367,0.000007,0,2,2,0,2,2
24211834,,0,0.000127,367,0.000007,0,2,2,0,2,2
23977537,,0,0.000087,367,0.000007,0,1,1,0,1,1
23915344,,0,0.000538,367,0.000007,0,3,3,0,3,3
23877836,,0,0.000087,367,0.000007,0,2,2,0,2,2
23867514,,0,0.000127,367,0.000007,0,2,2,0,2,2
23845989,,0,0.000712,100,0.000007,0,8,8,0,8,8
23832661,,0,0.000087,367,0.000007,0,1,1,0,1,1
23762276,,0,0.0006,100,0.000007,0,5,5,0,5,5
23736028,,0,0.000087,367,0.000007,0,1,1,0,1,1
23714557,,0,0.000092,367,0.000007,0,3,3,0,3,3
23714463,,0,0.000112,89,0.000007,0,2,2,0,2,2
23709298,,0,0.000087,367,0.000007,0,1,1,0,1,1
23684012,,0,0.000099,367,0.000007,0,3,3,0,3,3
23680672,,0,0.000087,367,0.000007,0,1,1,0,1,1
23550303,,0,0.000271,367,0.000007,0,4,4,0,4,4
23538488,,0,0.000087,367,0.000007,0,1,1,0,1,1
23300358,,0,0.000944,48,0.000013,1,9,10,1,9,10
22935333,,0,0.000087,367,0.000007,0,1,1,0,1,1
22878500,,0,0.000087,367,0.000007,0,1,1,0,1,1
22834783,,0,0.000235,367,0.000007,0,7,7,0,7,7
22825583,,0,0.000127,367,0.000007,0,2,2,0,2,2
22683710,,0,0.000127,367,0.000007,0,2,2,0,2,2
22545102,,0,0.000087,367,0.000007,0,2,2,0,2,2
22453016,,0,0.000087,367,0.000007,0,2,2,0,2,2
22374320,,0,0.000127,367,0.000007,0,2,2,0,2,2
22268848,,0,0.000087,367,0.000007,0,3,3,0,3,3
22038994,,0,0.000087,367,0.000007,0,1,1,0,1,1
21956388,,0,0.000087,367,0.000007,0,1,1,0,1,1
21941004,,0,0.000094,367,0.000007,0,5,5,0,5,5
21874003,,0,0.000087,367,0.000007,0,1,1,0,1,1
21874000,,0,0.000087,367,0.000007,0,1,1,0,1,1
21772249,,0,0.000583,100,0.000007,0,4,4,0,4,4
21642991,,0,0.00905,367,0.000007,0,3,3,0,3,3
21484256,,0,0.001547,100,0.000007,0,10,10,0,10,10
21195082,,0,0.002705,100,0.000007,0,7,7,0,7,7
21183497,,0,0.000099,367,0.000007,0,2,2,0,2,2
21051595,,0,0.000127,367,0.000007,0,2,2,0,2,2
20805357,,0,0.000127,367,0.000007,0,2,2,0,2,2
20436459,,0,0.000109,367,0.000007,0,2,2,0,2,2
19815555,,0,0.000265,367,0.000007,0,3,3,0,3,3
19489724,,0,0.000283,90,0.000007,0,3,3,0,3,3
19243136,,0,0.000087,367,0.000007,0,1,1,0,1,1
19188440,,0,0.000265,367,0.000007,0,4,4,0,4,4
19146381,,0,0.004494,100,0.000007,0,13,13,0,13,13
19007433,,0,0.000087,367,0.000007,0,1,1,0,1,1
18757409,,0,0.001577,100,0.000007,0,8,8,0,8,8
18687060,,0,0.000087,367,0.000007,0,1,1,0,1,1
18619997,,0,0.003346,100,0.000007,0,15,15,0,15,15
18346885,,0,0.00043,100,0.000007,0,3,3,0,3,3
15314180,,0,0.000224,367,0.000007,0,2,2,0,2,2
14982996,,0,0.000087,367,0.000007,0,1,1,0,1,1
11959841,,0,0.000087,367,0.000007,0,1,1,0,1,1
11752173,,0,0.000087,367,0.000007,0,1,1,0,1,1
11566882,,0,0.000087,367,0.000007,0,1,1,0,1,1
11024128,,0,0.000087,367,0.000007,0,1,1,0,1,1
10938131,,0,0.000087,367,0.000007,0,1,1,0,1,1
10893261,,0,0.000087,367,0.000007,0,1,1,0,1,1
27413552,,0.000017,0.002301,279,0.000009,2,24,26,2,24,26
9528858,,0.002892,0,279,0.000144,38,0,38,38,0,38
25421674,,0,0.002292,1,0.000007,0,9,9,0,9,9
24711395,,0,0.000055,279,0.000007,0,1,1,0,1,1
22945648,,0,0.000055,279,0.000007,0,1,1,0,1,1
21693594,,0,0.000302,279,0.000007,0,6,6,0,6,6
20238096,,0,0.000055,279,0.000007,0,1,1,0,1,1
19397792,,0,0.000062,279,0.000007,0,2,2,0,2,2
19362589,,0,0.000067,279,0.000007,0,2,2,0,2,2
19307728,,0,0.000067,279,0.000007,0,2,2,0,2,2
19264650,,0,0.000055,279,0.000007,0,1,1,0,1,1
19244314,,0,0.000055,279,0.000007,0,1,1,0,1,1
19011762,,0,0.000055,279,0.000007,0,1,1,0,1,1
18753137,,0,0.000077,279,0.000007,0,2,2,0,2,2
18698372,,0,0.000067,279,0.000007,0,2,2,0,2,2
17034647,,0,0.000055,279,0.000007,0,1,1,0,1,1
16702402,,0,0.000055,279,0.000007,0,1,1,0,1,1
16446478,,0,0.001241,279,0.000007,0,3,3,0,3,3
11437404,,0,0.001277,279,0.000007,0,3,3,0,3,3
11044091,,0,0.000055,279,0.000007,0,1,1,0,1,1
10823896,,0,0.000189,279,0.000007,0,2,2,0,2,2
9529600,,0.001876,0,89,0.000093,16,0,16,16,0,16
24591761,,0,0.005149,5,0.000007,0,13,13,0,13,13
24371431,,0,0.005497,90,0.000007,0,21,21,0,21,21
23552402,,0,0.000039,89,0.000007,0,2,2,0,2,2
10698680,,0,0.000071,89,0.000007,0,2,2,0,2,2
9534190,,0.000922,0,1,0.000011,5,0,5,5,0,5
9535786,,0.001679,0,279,0.000039,17,0,17,17,0,17
23021246,,0,0.000351,279,0.000007,0,3,3,0,3,3
20541129,,0,0.000032,279,0.000007,0,1,1,0,1,1
12721516,,0,0.000032,90,0.000007,0,2,2,0,2,2
9536083,,0.002596,0,89,0.000039,25,0,25,25,0,25
23401782,,0,0.008016,35,0.000007,0,10,10,0,10,10
10777718,,0,0.00005,89,0.000007,0,1,1,0,1,1
29707112,,0,0.00405,140,0.000007,0,29,29,0,29,29
9537232,,0.001827,0,89,0.000028,12,0,12,12,0,12
28904335,,0,0.004379,100,0.000007,0,14,14,0,14,14
21939546,,0.00021,0.002235,140,0.00001,5,20,25,5,20,25
16029503,,0,0.000682,89,0.000007,0,5,5,0,5,5
9538124,,0.000003,0,1,0.000009,1,0,1,1,0,1
9538156,,0.00038,0,100,0.000014,3,0,3,3,0,3
18604160,,0,0.000007,100,0.000007,0,1,1,0,1,1
9538157,,0.000058,0,100,0.000008,1,0,1,1,0,1
30241266,,0,0.000287,89,0.000007,0,3,3,0,3,3
9544765,,0.00393,0,89,0.000162,52,0,52,52,0,52
28781881,,0,0.000374,89,0.000007,0,2,2,0,2,2
27161971,,0.000738,0.001441,5,0.000021,16,19,35,16,19,35
27148939,,0,0.000345,205,0.000007,0,5,5,0,5,5
26785832,,0.000414,0.000416,231,0.000008,2,16,18,2,16,18
26287763,,0.000315,0.001879,5,0.000025,11,17,28,11,17,28
26153499,,0.001232,0.00709,140,0.000023,20,29,49,20,29,49
26040322,,0,0.000356,198,0.000007,0,5,5,0,5,5
24348557,,0,0.000987,89,0.000007,0,7,7,0,7,7
24296856,,0,0.000319,89,0.000007,0,4,4,0,4,4
24013928,,0.000576,0.004502,5,0.000014,9,24,33,9,24,33
22114898,,0,0.00033,89,0.000007,0,3,3,0,3,3
21873261,,0.000827,0.00206,205,0.000361,70,5,75,70,5,75
19774079,,0,0.00009,35,0.000007,0,3,3,0,3,3
17578664,,0,0.003441,89,0.000007,0,5,5,0,5,5
17553133,,0,0.000287,5,0.000007,0,5,5,0,5,5
29802286,,0,0.000773,205,0.000007,0,11,11,0,11,11
9544766,,0.002538,0,89,0.000148,31,0,31,31,0,31
28316699,,0,0.000313,89,0.000007,0,2,2,0,2,2
27308073,,0,0.000048,89,0.000007,0,1,1,0,1,1
24498881,,0,0.00056,89,0.000013,1,6,7,1,6,7
23569749,,0,0.000048,89,0.000007,0,1,1,0,1,1
23002315,,0,0.000048,89,0.000007,0,1,1,0,1,1
21575865,,0.017464,0.022364,1,0.000599,150,6,156,150,6,156
21153485,,0,0.001481,5,0.000007,0,4,4,0,4,4
19684881,,0,0.000277,89,0.000007,0,3,3,0,3,3
15535844,,0.000613,0.000785,231,0.000018,14,12,26,14,12,26
9544851,,0.000225,0,89,0.000008,2,0,2,2,0,2
9553742,,0.001605,0,100,0.00002,11,0,11,11,0,11
9556788,,0.000026,0,89,0.000008,1,0,1,1,0,1
9563465,,0.003294,0,35,0.000077,24,0,24,24,0,24
25705321,,0.000003,0.001464,35,0.000027,5,10,15,5,10,15
25375803,,0,0.000143,35,0.000007,0,2,2,0,2,2
23246570,,0,0.000063,35,0.000007,0,1,1,0,1,1
21147047,,0,0.009243,1,0.000007,0,14,14,0,14,14
19294003,,0,0.00406,35,0.000007,0,4,4,0,4,4
17496191,,0,0.014961,35,0.000007,0,13,13,0,13,13
12213737,,0,0.000183,35,0.000007,0,2,2,0,2,2
11470883,,0,0.000063,35,0.000007,0,1,1,0,1,1
30262665,,0,0.000005,25,0.000007,0,1,1,0,1,1
9575175,,0.000271,0,25,0.000178,32,0,32,32,0,32
30254472,,0,0.000005,25,0.000007,0,1,1,0,1,1
29805615,,0,0.000005,25,0.000007,0,1,1,0,1,1
29276666,,0,0.000005,25,0.000007,0,1,1,0,1,1
29141220,,0,0.000005,25,0.000007,0,1,1,0,1,1
26870184,,0,0.000005,25,0.000007,0,1,1,0,1,1
26190207,,0,0.000005,25,0.000007,0,1,1,0,1,1
25633196,,0,0.000005,25,0.000007,0,1,1,0,1,1
25069659,,0,0.000005,25,0.000007,0,1,1,0,1,1
24327656,,0,0.000005,25,0.000007,0,1,1,0,1,1
23981578,,0,0.000005,25,0.000007,0,1,1,0,1,1
23671329,,0,0.000005,25,0.000007,0,1,1,0,1,1
23386996,,0,0.001865,100,0.000007,0,9,9,0,9,9
22876290,,0,0.000005,25,0.000007,0,1,1,0,1,1
21994940,,0,0.000005,25,0.000007,0,1,1,0,1,1
21921034,,0,0.000005,25,0.000007,0,1,1,0,1,1
18280813,,0,0.000005,25,0.000007,0,1,1,0,1,1
18253812,,0,0.000005,25,0.000007,0,1,1,0,1,1
17121919,,0,0.000005,25,0.000007,0,1,1,0,1,1
16954377,,0,0.000005,25,0.000007,0,1,1,0,1,1
16260606,,0,0.000241,25,0.000007,0,2,2,0,2,2
15890660,,0,0.000005,25,0.000007,0,1,1,0,1,1
15577939,,0,0.000005,25,0.000007,0,1,1,0,1,1
15383005,,0,0.000005,25,0.000007,0,1,1,0,1,1
14871926,,0,0.000509,25,0.000007,0,2,2,0,2,2
14734805,,0,0.000005,25,0.000007,0,1,1,0,1,1
12972652,,0,0.000005,25,0.000007,0,1,1,0,1,1
12694636,,0,0.000005,25,0.000007,0,1,1,0,1,1
11689443,,0,0.000005,25,0.000007,0,1,1,0,1,1
11389770,,0,0.000005,25,0.000007,0,1,1,0,1,1
10935507,,0,0.00073,100,0.000007,0,3,3,0,3,3
28685067,,0,0.021478,1,0.000007,0,15,15,0,15,15
9579428,,0.007694,0,1,0.000097,35,0,35,35,0,35
28577564,,0,0.000902,89,0.000007,0,14,14,0,14,14
28240969,,0,0.005208,5,0.000007,0,16,16,0,16,16
27980798,,0.000132,0.001534,1,0.000007,1,10,11,1,10,11
24848881,,0,0.007736,1,0.000007,0,5,5,0,5,5
23591842,,0,0.000943,231,0.000007,0,7,7,0,7,7
23047549,,0,0.002114,1,0.000007,0,10,10,0,10,10
22481926,,0,0.001365,1,0.000007,0,2,2,0,2,2
22388872,,0,0.010279,1,0.000007,0,14,14,0,14,14
18405947,,0,0.001066,1,0.000007,0,5,5,0,5,5
12032225,,0,0.000147,1,0.000007,0,1,1,0,1,1
11477138,,0,0.000157,69,0.000007,0,2,2,0,2,2
9581822,,0.00222,0,35,0.000038,17,0,17,17,0,17
26722534,,0,0.000042,35,0.000007,0,1,1,0,1,1
24625110,,0.000228,0.020595,35,0.000061,15,22,37,15,22,37
25519319,,0,0.000009,140,0.000007,0,1,1,0,1,1
25502226,,0,0.000009,140,0.000007,0,1,1,0,1,1
24379824,,0,0.000402,231,0.000007,0,9,9,0,9,9
24357849,,0,0.004106,140,0.000007,0,12,12,0,12,12
18951437,,0,0.001562,140,0.000007,0,13,13,0,13,13
19118813,,0,0.000049,89,0.000007,0,1,1,0,1,1
16380905,,0,0.000049,89,0.000007,0,1,1,0,1,1
11920286,,0,0.000126,89,0.000007,0,2,2,0,2,2
9585617,,0.000585,0,89,0.000011,6,0,6,6,0,6
28944232,,0,0.001775,89,0.000007,0,40,40,0,40,40
9586873,,0.004787,0,5,0.000065,50,0,50,50,0,50
28627265,,0,0.000879,5,0.000007,0,14,14,0,14,14
27700016,,0,0.000422,5,0.000007,0,6,6,0,6,6
26383678,,0.000281,0.019474,100,0.00002,5,58,63,5,58,63
25957622,,0,0.000692,184,0.000007,0,9,9,0,9,9
25885213,,0,0.000092,35,0.000007,0,2,2,0,2,2
23825742,,0,0.00039,89,0.000007,0,4,4,0,4,4
23269995,,0.000472,0.001167,5,0.000057,28,13,41,28,13,41
22713661,,0,0.00049,35,0.000007,0,4,4,0,4,4
22545048,,0,0.005935,89,0.000007,0,11,11,0,11,11
21601377,,0,0.000232,5,0.000007,0,4,4,0,4,4
18722264,,0,0.000443,5,0.000007,0,7,7,0,7,7
18053234,,0,0.00063,89,0.000007,0,7,7,0,7,7
15546499,,0,0.000379,89,0.000007,0,3,3,0,3,3
29954865,,0,0.000015,5,0.000007,0,1,1,0,1,1
9586874,,0.000773,0,5,0.000037,23,0,23,23,0,23
29808287,,0,0.000253,5,0.000007,0,10,10,0,10,10
24432248,,0,0.000015,5,0.000007,0,2,2,0,2,2
24203529,,0,0.000092,5,0.000007,0,3,3,0,3,3
21547418,,0,0.000733,5,0.000007,0,21,21,0,21,21
19698175,,0,0.000017,5,0.000007,0,2,2,0,2,2
29719585,,0,0.000073,89,0.000007,0,4,4,0,4,4
9586917,,0.001475,0,89,0.000044,21,0,21,21,0,21
28746163,,0,0.000137,5,0.000007,0,4,4,0,4,4
28649662,,0.000249,0.001738,205,0.000008,3,14,17,3,14,17
25184114,,0,0.000167,35,0.000007,0,6,6,0,6,6
24711893,,0,0.000176,89,0.00001,1,10,11,1,10,11
23593085,,0,0.000028,89,0.000007,0,1,1,0,1,1
12966421,,0.000764,0.005756,1,0.000039,9,7,16,9,7,16
15084244,,0.001189,0.000677,231,0.000152,50,5,55,50,5,55
9588361,,0.000013,0,231,0.000033,1,0,1,1,0,1
26424758,,0,0.000319,89,0.000007,0,12,12,0,12,12
9592181,,0.000278,0,35,0.000046,10,0,10,10,0,10
22464652,,0,0.000005,35,0.000007,0,1,1,0,1,1
21533545,,0,0.000005,35,0.000007,0,2,2,0,2,2
16718776,,0,0.000005,35,0.000007,0,1,1,0,1,1
16482617,,0,0.000005,35,0.000007,0,1,1,0,1,1
12799636,,0,0.000005,35,0.000007,0,1,1,0,1,1
25788547,,0,0,26,0.000007,0,1,1,0,1,1
9592184,,0,0,26,0.000013,1,0,1,1,0,1
9598872,,0.000488,0,89,0.000009,4,0,4,4,0,4
20237900,,0,0,27,0.000007,0,1,1,0,1,1
9599022,,0,0,27,0.000025,3,0,3,3,0,3
17314412,,0,0,27,0.000007,0,1,1,0,1,1
16499869,,0,0,27,0.000007,0,1,1,0,1,1
9605638,,0.000056,0,5,0.00001,1,0,1,1,0,1
9605646,,0.001323,0,5,0.00006,22,0,22,22,0,22
25525571,,0,0.016927,5,0.000007,0,14,14,0,14,14
21507987,,0.000954,0.002986,100,0.000016,7,24,31,7,24,31
20445803,,0.000219,0.001978,5,0.000028,8,6,14,8,6,14
20145170,,0,0.00008,5,0.000007,0,5,5,0,5,5
20110285,,0,0.000483,5,0.000007,0,6,6,0,6,6
18006298,,0,0.000025,5,0.000007,0,1,1,0,1,1
15217502,,0,0.000025,5,0.000007,0,1,1,0,1,1
11229382,,0,0.000025,5,0.000007,0,1,1,0,1,1
11056684,,0,0.000025,5,0.000007,0,1,1,0,1,1
10212102,,0,0.000025,5,0.000007,0,1,1,0,1,1
9605807,,0.000213,0,35,0.000011,3,0,3,3,0,3
9609997,,0.00074,0,140,0.00001,5,0,5,5,0,5
9616287,,0.000539,0,1,0.000013,5,0,5,5,0,5
30268105,,0,0.000064,205,0.000007,0,5,5,0,5,5
9616736,,0.000001,0,231,0.000017,3,0,3,3,0,3
12970891,,0,0.000004,231,0.000007,0,2,2,0,2,2
11336470,,0,0,231,0.000007,0,1,1,0,1,1
9616738,,0.000386,0,100,0.000019,4,0,4,4,0,4
9616739,,0.000153,0,5,0.000019,2,0,2,2,0,2
11882254,,0,0.000003,5,0.000007,0,1,1,0,1,1
9619832,,0.001063,0,100,0.000055,17,0,17,17,0,17
25853515,,0,0.00002,100,0.000007,0,1,1,0,1,1
25337234,,0.00001,0.000917,1,0.000014,2,14,16,2,14,16
23166842,,0,0.000459,100,0.000007,0,7,7,0,7,7
20818429,,0.000539,0.00123,279,0.000048,14,12,26,14,12,26
18625847,,0.000344,0.001307,184,0.000085,17,12,29,17,12,29
10595737,,0,0.00002,100,0.000007,0,1,1,0,1,1
23760024,,0,0.000048,100,0.000007,0,3,3,0,3,3
9619837,,0.000887,0,100,0.00005,11,0,11,11,0,11
22471976,,0,0.002191,5,0.000007,0,9,9,0,9,9
19383825,,0,0.000082,100,0.000007,0,2,2,0,2,2
10805724,,0,0.000017,100,0.000007,0,2,2,0,2,2
10716917,,0,0.000017,100,0.000007,0,1,1,0,1,1
9620724,,0.000024,0,35,0.000009,1,0,1,1,0,1
28212684,,0,0.000009,69,0.000007,0,2,2,0,2,2
9625172,,0.000007,0,69,0.000027,6,0,6,6,0,6
27698805,,0,0.000036,69,0.000007,0,4,4,0,4,4
26095692,,0,0,69,0.000007,0,1,1,0,1,1
25419074,,0,0.000016,69,0.000007,0,3,3,0,3,3
25125875,,0,0,69,0.000007,0,1,1,0,1,1
19127596,,0,0.000307,69,0.000007,0,6,6,0,6,6
9625424,,0.000207,0,89,0.000007,1,0,1,1,0,1
9625861,,0.000064,0,89,0.000008,1,0,1,1,0,1
30254487,,0,0.000011,69,0.000007,0,1,1,0,1,1
9633840,,0.000579,0,69,0.000079,16,0,16,16,0,16
26615423,,0,0.000011,69,0.000007,0,1,1,0,1,1
24592355,,0,0.000239,69,0.000007,0,4,4,0,4,4
23573264,,0,0.000011,69,0.000007,0,1,1,0,1,1
23020525,,0,0.000011,69,0.000007,0,1,1,0,1,1
20377880,,0,0.000011,69,0.000007,0,1,1,0,1,1
19284764,,0,0.000011,69,0.000007,0,1,1,0,1,1
17342202,,0.001035,0.002369,100,0.000032,16,14,30,16,14,30
17108021,,0,0.000011,69,0.000007,0,1,1,0,1,1
12707044,,0,0.000041,69,0.000007,0,2,2,0,2,2
11696424,,0,0.000011,69,0.000007,0,1,1,0,1,1
29196727,,0,0.00099,89,0.000007,0,3,3,0,3,3
11509994,,0,0.00004,89,0.000007,0,1,1,0,1,1
22723428,,0,0,28,0.000007,0,1,1,0,1,1
9638266,,0,0,28,0.000013,1,0,1,1,0,1
9639385,,0.001261,0,279,0.000076,13,0,13,13,0,13
17971899,,0.000147,0.000667,108,0.000227,42,4,46,42,4,46
29494651,,0,0.000007,89,0.000007,0,1,1,0,1,1
9643825,,0.000092,0,1,0.00001,3,0,3,3,0,3
29599847,,0,0,82,0.000007,0,2,2,0,2,2
9645467,,0.000012,0,82,0.000013,2,0,2,2,0,2
9647529,,0.000072,0,5,0.00001,3,0,3,3,0,3
12473175,,0,0.000014,66,0.000007,0,2,2,0,2,2
9650038,,0.00004,0,5,0.000007,1,0,1,1,0,1
24523856,,0,0.000083,89,0.000007,0,2,2,0,2,2
9650154,,0.000012,0,89,0.000018,4,0,4,4,0,4
16036275,,0,0,89,0.000007,0,1,1,0,1,1
9652604,,0.000517,0,35,0.000023,3,0,3,3,0,3
9518896,,0,0.00001,35,0.000007,0,1,1,0,1,1
29337092,,0.0002,0.00411,1,0.000011,5,23,28,5,23,28
9652611,,0.008677,0,5,0.000153,66,0,66,66,0,66
27347213,,0,0.00021,5,0.000007,0,5,5,0,5,5
27149669,,0.000605,0.002724,1,0.000008,3,20,23,3,20,23
26103439,,0,0.000165,5,0.000007,0,1,1,0,1,1
24950272,,0,0.001233,5,0.000007,0,18,18,0,18,18
23893127,,0,0.000451,5,0.000007,0,13,13,0,13,13
20233478,,0,0.003763,5,0.000007,0,12,12,0,12,12
16951081,,0,0.003009,100,0.000007,0,9,9,0,9,9
15466005,,0.003203,0.000889,231,0.000033,30,14,44,30,14,44
30108271,,0,0.000005,48,0.000007,0,1,1,0,1,1
29663308,,0,0.000005,48,0.000007,0,1,1,0,1,1
28910408,,0,0.000005,48,0.000007,0,1,1,0,1,1
28687674,,0,0.000005,48,0.000007,0,1,1,0,1,1
28245562,,0,0.000005,48,0.000007,0,1,1,0,1,1
26654588,,0,0.000005,48,0.000007,0,1,1,0,1,1
26529026,,0,0.000005,48,0.000007,0,1,1,0,1,1
26157624,,0,0.000005,48,0.000007,0,1,1,0,1,1
25409697,,0,0.000012,48,0.000007,0,3,3,0,3,3
25148941,,0,0.000005,48,0.000007,0,1,1,0,1,1
25137020,,0,0.000005,48,0.000007,0,1,1,0,1,1
25115386,,0,0.000005,48,0.000007,0,1,1,0,1,1
24811863,,0,0.000005,48,0.000007,0,1,1,0,1,1
24648181,,0,0.000005,48,0.000007,0,1,1,0,1,1
24369462,,0,0.000005,48,0.000007,0,1,1,0,1,1
24225884,,0,0.000006,24,0.000007,0,3,3,0,3,3
24123667,,0,0.000005,48,0.000007,0,1,1,0,1,1
24111728,,0,0.000005,48,0.000007,0,1,1,0,1,1
24089517,,0,0.000007,48,0.000007,0,2,2,0,2,2
24039449,,0,0.000005,48,0.000007,0,1,1,0,1,1
23764845,,0,0.000005,48,0.000007,0,1,1,0,1,1
23575834,,0,0.000005,48,0.000007,0,1,1,0,1,1
23347118,,0,0.000005,48,0.000007,0,1,1,0,1,1
23319656,,0.000087,0.000106,48,0.000068,13,5,18,13,5,18
22970038,,0,0.000005,48,0.000007,0,1,1,0,1,1
22692672,,0,0.000005,48,0.000007,0,1,1,0,1,1
22594963,,0,0.000005,48,0.000007,0,1,1,0,1,1
22046372,,0,0.000005,48,0.000007,0,1,1,0,1,1
22038019,,0,0.000005,48,0.000007,0,1,1,0,1,1
21525939,,0,0.000005,48,0.000007,0,1,1,0,1,1
21502526,,0,0.000005,48,0.000007,0,1,1,0,1,1
21464819,,0,0.000005,48,0.000007,0,1,1,0,1,1
21410463,,0,0.000005,48,0.000007,0,1,1,0,1,1
21127735,,0,0.000005,48,0.000007,0,1,1,0,1,1
21057002,,0,0.000005,48,0.000007,0,1,1,0,1,1
20934397,,0,0.000005,48,0.000007,0,1,1,0,1,1
20817522,,0,0.000005,48,0.000007,0,1,1,0,1,1
20660502,,0,0.000005,48,0.000007,0,1,1,0,1,1
20649976,,0,0.000005,48,0.000007,0,1,1,0,1,1
20347808,,0,0.000005,48,0.000007,0,1,1,0,1,1
19647123,,0,0.000005,48,0.000007,0,1,1,0,1,1
19276348,,0,0.000005,48,0.000007,0,1,1,0,1,1
19123943,,0,0.000005,48,0.000007,0,1,1,0,1,1
18832445,,0,0.000005,48,0.000007,0,1,1,0,1,1
18763278,,0,0.000005,48,0.000007,0,1,1,0,1,1
18552868,,0,0.000005,48,0.000007,0,1,1,0,1,1
18204982,,0,0.000005,48,0.000007,0,1,1,0,1,1
17943729,,0,0.000005,48,0.000007,0,1,1,0,1,1
16968947,,0,0.000005,48,0.000007,0,1,1,0,1,1
16501583,,0,0.000005,48,0.000007,0,1,1,0,1,1
16099783,,0,0.000005,48,0.000007,0,1,1,0,1,1
11903061,,0,0.000005,48,0.000007,0,1,1,0,1,1
11498512,,0,0.000005,48,0.000007,0,1,1,0,1,1
11485574,,0,0.000005,48,0.000007,0,1,1,0,1,1
11399668,,0,0.000005,48,0.000007,0,1,1,0,1,1
11042139,,0,0.000005,48,0.000007,0,1,1,0,1,1
10805767,,0,0.000005,48,0.000007,0,1,1,0,1,1
10749665,,0,0.000005,48,0.000007,0,1,1,0,1,1
27806319,,0,0.003441,100,0.000007,0,10,10,0,10,10
9653432,,0.00435,0,100,0.000099,26,0,26,26,0,26
27679672,,0,0.000249,5,0.000007,0,4,4,0,4,4
27666291,,0,0.001017,100,0.000007,0,10,10,0,10,10
26399274,,0.002381,0.024227,1,0.000026,10,21,31,10,21,31
23397024,,0.000014,0.00015,5,0.000008,1,7,8,1,7,8
22168535,,0,0.000182,279,0.000007,0,3,3,0,3,3
16810332,,0.004631,0.011155,1,0.00003,17,13,30,17,13,30
9915938,,0,0.000083,100,0.000007,0,1,1,0,1,1
30400647,,0,0.00347,5,0.000007,0,42,42,0,42,42
9654203,,0.000179,0,89,0.000011,3,0,3,3,0,3
30186769,,0,0.005657,89,0.000007,0,11,11,0,11,11
9655254,,0.001445,0,279,0.000072,17,0,17,17,0,17
25593940,,0,0.000004,69,0.000007,0,2,2,0,2,2
9661879,,0.000199,0,69,0.000048,10,0,10,10,0,10
24886194,,0,0.00744,69,0.000007,0,2,2,0,2,2
15347260,,0,0.000017,35,0.000007,0,2,2,0,2,2
11509117,,0,0.000004,69,0.000007,0,1,1,0,1,1
11438451,,0,0.000004,69,0.000007,0,1,1,0,1,1
10934159,,0,0.000004,69,0.000007,0,1,1,0,1,1
10360667,,0,0.000004,69,0.000007,0,1,1,0,1,1
10329606,,0,0.000004,69,0.000007,0,1,1,0,1,1
28467448,,0,0.000029,90,0.000007,0,1,1,0,1,1
9662340,,0.001496,0,90,0.000095,24,0,24,24,0,24
26311046,,0,0.000029,90,0.000007,0,1,1,0,1,1
25833838,,0,0.000353,90,0.000007,0,2,2,0,2,2
24348867,,0,0.000029,90,0.000007,0,1,1,0,1,1
19887647,,0.003086,0.00431,90,0.000172,57,27,84,57,27,84
15644133,,0,0.000029,90,0.000007,0,1,1,0,1,1
12147712,,0,0.000029,90,0.000007,0,1,1,0,1,1
11438654,,0,0.000029,57,0.000007,0,2,2,0,2,2
11416144,,0,0.000057,90,0.000007,0,2,2,0,2,2
30137501,,0,0.000193,72,0.000007,0,2,2,0,2,2
9662397,,0.009744,0,72,0.000361,99,0,99,99,0,99
29742442,,0,0.000238,72,0.000007,0,2,2,0,2,2
29449899,,0,0.000317,35,0.000007,0,5,5,0,5,5
28588071,,0,0.000186,72,0.000007,0,1,1,0,1,1
28427210,,0,0.000186,72,0.000007,0,1,1,0,1,1
28356982,,0,0.000221,72,0.000007,0,2,2,0,2,2
28221134,,0,0.000193,72,0.000007,0,2,2,0,2,2
27824034,,0,0.000186,72,0.000007,0,1,1,0,1,1
27034008,,0,0.000566,72,0.000007,0,7,7,0,7,7
26973242,,0,0.000193,72,0.000007,0,2,2,0,2,2
26885691,,0,0.002296,100,0.000007,0,11,11,0,11,11
26625211,,0.002143,0.001836,1,0.000067,16,9,25,16,9,25
26578590,,0,0.000186,72,0.000007,0,1,1,0,1,1
25622248,,0,0.000186,72,0.000007,0,1,1,0,1,1
25564528,,0,0.000186,72,0.000007,0,1,1,0,1,1
25485873,,0,0.001756,100,0.000007,0,15,15,0,15,15
24990949,,0,0.000221,72,0.000007,0,2,2,0,2,2
24914047,,0,0.000186,72,0.000007,0,1,1,0,1,1
24049074,,0,0.000271,72,0.000007,0,3,3,0,3,3
23892398,,0,0.000997,100,0.000007,0,7,7,0,7,7
23337854,,0,0.000186,72,0.000007,0,1,1,0,1,1
23015696,,0,0.000186,72,0.000007,0,1,1,0,1,1
22492723,,0.001968,0.002783,72,0.000231,57,10,67,57,10,67
21858232,,0,0.000193,72,0.000007,0,2,2,0,2,2
21789256,,0,0.000193,72,0.000007,0,2,2,0,2,2
21274552,,0,0.00025,2,0.000007,0,2,2,0,2,2
21173576,,0,0.000193,72,0.000007,0,2,2,0,2,2
20669935,,0,0.000536,100,0.000007,0,5,5,0,5,5
20385589,,0,0.001045,100,0.000007,0,3,3,0,3,3
19584866,,0,0.000193,72,0.000007,0,2,2,0,2,2
18820297,,0,0.000186,72,0.000007,0,1,1,0,1,1
17305420,,0.001839,0.0032,140,0.000068,26,22,48,26,22,48
16914450,,0,0.000193,72,0.000007,0,2,2,0,2,2
16173919,,0,0.000193,72,0.000007,0,2,2,0,2,2
15298701,,0,0.000186,72,0.000007,0,1,1,0,1,1
12711669,,0,0.000186,72,0.000007,0,1,1,0,1,1
12592005,,0,0.000186,72,0.000007,0,1,1,0,1,1
11997506,,0,0.000186,72,0.000007,0,1,1,0,1,1
11911362,,0,0.000221,41,0.000007,0,2,2,0,2,2
11884601,,0,0.000186,72,0.000007,0,1,1,0,1,1
11149922,,0,0.000186,72,0.000007,0,1,1,0,1,1
11014818,,0,0.001038,100,0.000007,0,4,4,0,4,4
11003641,,0,0.000234,41,0.000007,0,3,3,0,3,3
9663595,,0.001624,0,89,0.000012,11,0,11,11,0,11
11687599,,0,0.000059,89,0.000007,0,4,4,0,4,4
24431628,,0,0.000398,69,0.000007,0,3,3,0,3,3
9665148,,0.000296,0,89,0.000018,4,0,4,4,0,4
9665150,,0.000561,0,279,0.000013,5,0,5,5,0,5
24482735,,0,0,87,0.000007,0,1,1,0,1,1
9665464,,0.000002,0,87,0.000055,9,0,9,9,0,9
18403610,,0,0,87,0.000007,0,1,1,0,1,1
18186939,,0,0.000111,87,0.000007,0,2,2,0,2,2
16235175,,0,0,87,0.000007,0,1,1,0,1,1
16084216,,0,0,87,0.000007,0,1,1,0,1,1
11891180,,0,0,87,0.000007,0,1,1,0,1,1
11041055,,0,0.000001,87,0.000007,0,2,2,0,2,2
10751344,,0,0,87,0.000007,0,1,1,0,1,1
9916919,,0,0,87,0.000007,0,1,1,0,1,1
9666805,,0.000151,0,89,0.000017,5,0,5,5,0,5
19946738,,0,0.000037,89,0.000007,0,3,3,0,3,3
9667259,,0.005424,0,89,0.000182,62,0,62,62,0,62
29675469,,0,0.000154,69,0.000007,0,2,2,0,2,2
27165126,,0,0.000737,1,0.000007,0,8,8,0,8,8
26800494,,0.000303,0.023728,1,0.000041,9,34,43,9,34,43
25173882,,0,0.000427,69,0.000007,0,6,6,0,6,6
24752797,,0.000299,0.004788,231,0.000012,3,17,20,3,17,20
24078348,,0.000031,0.000333,89,0.000062,11,5,16,11,5,16
20616022,,0.014182,0.011688,205,0.000449,141,11,152,141,11,152
20190862,,0,0.000103,89,0.000007,0,1,1,0,1,1
17617928,,0.000015,0.001023,5,0.000021,5,8,13,5,8,13
16051739,,0,0.001373,100,0.000007,0,5,5,0,5,5
28724391,,0.000007,0.000873,5,0.000008,1,6,7,1,6,7
9669814,,0.004624,0,35,0.000079,30,0,30,30,0,30
27880720,,0.000262,0.000445,5,0.000007,1,9,10,1,9,10
25013433,,0.00057,0.006619,35,0.000008,2,17,19,2,17,19
22638694,,0.000013,0.002671,89,0.000007,1,7,8,1,7,8
21523713,,0.000956,0.00068,1,0.000105,11,5,16,11,5,16
17932744,,0.00446,0.003912,279,0.000074,33,20,53,33,20,53
12618879,,0,0.000088,35,0.000007,0,1,1,0,1,1
29848294,,0,0.000001,57,0.000007,0,1,1,0,1,1
9674697,,0.000028,0,57,0.000128,22,0,22,22,0,22
29440379,,0,0.000001,57,0.000007,0,1,1,0,1,1
27073569,,0,0.000001,57,0.000007,0,1,1,0,1,1
25887320,,0,0.000941,57,0.000007,0,3,3,0,3,3
25806180,,0,0.000001,57,0.000007,0,1,1,0,1,1
24378750,,0,0.000489,57,0.000007,0,3,3,0,3,3
24136235,,0,0.000001,57,0.000007,0,1,1,0,1,1
23423860,,0,0.000001,57,0.000007,0,1,1,0,1,1
22962849,,0,0.000001,57,0.000007,0,1,1,0,1,1
22374333,,0,0.000001,57,0.000007,0,1,1,0,1,1
21779429,,0,0.000001,57,0.000007,0,1,1,0,1,1
21660063,,0,0.000001,57,0.000007,0,1,1,0,1,1
19530226,,0,0.000001,57,0.000007,0,1,1,0,1,1
19496715,,0,0.000001,57,0.000007,0,1,1,0,1,1
18784816,,0,0.000001,57,0.000007,0,1,1,0,1,1
15770726,,0,0.000001,57,0.000007,0,1,1,0,1,1
14640972,,0,0.000001,57,0.000007,0,1,1,0,1,1
11416216,,0,0.000001,57,0.000007,0,1,1,0,1,1
11134526,,0,0.000001,57,0.000007,0,1,1,0,1,1
10944610,,0,0.000001,57,0.000007,0,1,1,0,1,1
10688668,,0,0.000001,57,0.000007,0,1,1,0,1,1
9679245,,0.000153,0,231,0.000015,5,0,5,5,0,5
9679765,,0.000859,0,279,0.000022,7,0,7,7,0,7
16187332,,0,0.000017,279,0.000007,0,2,2,0,2,2
23900665,,0,0,5,0.000007,0,1,1,0,1,1
9679991,,0.000005,0,5,0.000034,6,0,6,6,0,6
23308325,,0,0.00022,5,0.000007,0,5,5,0,5,5
21505879,,0,0,5,0.000007,0,1,1,0,1,1
20151207,,0,0,5,0.000007,0,1,1,0,1,1
14676798,,0,0,5,0.000007,0,1,1,0,1,1
9683359,,0.002315,0,1,0.000014,12,0,12,12,0,12
23706288,,0.000378,0.00557,5,0.000026,13,29,42,13,29,42
22768051,,0,0.00054,5,0.000007,0,10,10,0,10,10
9683786,,0.000273,0,279,0.000009,2,0,2,2,0,2
21854607,,0,0,181,0.000007,0,1,1,0,1,1
17251336,,0,0.000011,181,0.000007,0,2,2,0,2,2
14632044,,0,0,181,0.000007,0,1,1,0,1,1
10854416,,0,0,181,0.000007,0,1,1,0,1,1
9690990,,0.000121,0,97,0.000022,4,0,4,4,0,4
19287511,,0,0.000002,97,0.000007,0,2,2,0,2,2
14500826,,0,0.000002,97,0.000007,0,1,1,0,1,1
10935476,,0,0.000002,97,0.000007,0,1,1,0,1,1
28853212,,0,0.000102,69,0.000007,0,3,3,0,3,3
9692553,,0.000002,0,69,0.000015,2,0,2,2,0,2
22723898,,0,0,69,0.000007,0,1,1,0,1,1
9695328,,0.000103,0,5,0.000007,1,0,1,1,0,1
25092268,,0,0,29,0.000007,0,1,1,0,1,1
9695977,,0,0,29,0.000061,9,0,9,9,0,9
25083282,,0,0,29,0.000007,0,1,1,0,1,1
23114610,,0,0,29,0.000007,0,1,1,0,1,1
22781097,,0,0,29,0.000007,0,1,1,0,1,1
21781274,,0,0,29,0.000007,0,1,1,0,1,1
21487445,,0,0,29,0.000007,0,1,1,0,1,1
18840725,,0,0,29,0.000007,0,1,1,0,1,1
16722529,,0,0,29,0.000007,0,1,1,0,1,1
16359514,,0,0,29,0.000007,0,1,1,0,1,1
18628764,,0,0.010916,1,0.000007,0,8,8,0,8,8
9698466,,0.000228,0,184,0.000019,4,0,4,4,0,4
10748870,,0,0.000004,184,0.000007,0,1,1,0,1,1
9699523,,0.00438,0,279,0.00005,31,0,31,31,0,31
22493645,,0,0.000088,90,0.000007,0,2,2,0,2,2
29180466,,0,0.007123,35,0.000007,0,16,16,0,16,16
9699640,,0.000995,0,69,0.000038,15,0,15,15,0,15
26175968,,0,0.007881,69,0.000007,0,5,5,0,5,5
22132162,,0,0.000019,69,0.000007,0,1,1,0,1,1
20436685,,0,0.001148,69,0.000007,0,6,6,0,6,6
20223002,,0.000001,0.003619,69,0.000013,2,7,9,2,7,9
20046879,,0.002679,0.005972,69,0.000056,22,25,47,22,25,47
19375421,,0,0.000019,69,0.000007,0,1,1,0,1,1
16036111,,0,0.000031,69,0.000007,0,4,4,0,4,4
10639144,,0,0.000019,69,0.000007,0,1,1,0,1,1
30333908,,0,0.000223,100,0.000007,0,1,1,0,1,1
9699648,,0.011679,0,100,0.000655,94,0,94,94,0,94
29464017,,0,0.000223,100,0.000007,0,1,1,0,1,1
29311755,,0,0.000277,35,0.000007,0,2,2,0,2,2
28958991,,0,0.012248,1,0.000007,0,16,16,0,16,16
28948225,,0,0.00255,100,0.000007,0,22,22,0,22,22
27917009,,0,0.001258,35,0.000007,0,6,6,0,6,6
27852524,,0,0.000223,100,0.000007,0,1,1,0,1,1
27711186,,0,0.000277,35,0.000007,0,2,2,0,2,2
27655662,,0,0.004414,1,0.000007,0,7,7,0,7,7
27375368,,0.000297,0.015512,1,0.000009,2,16,18,2,16,18
27142386,,0,0.000277,35,0.000007,0,2,2,0,2,2
26919240,,0.000135,0.011407,72,0.00004,8,14,22,8,14,22
26121674,,0,0.000993,100,0.000007,0,6,6,0,6,6
25814515,,0.000069,0.001146,100,0.000018,5,6,11,5,6,11
24786829,,0,0.001225,1,0.000007,0,2,2,0,2,2
24475217,,0.001049,0.001488,72,0.000063,20,13,33,20,13,33
23172369,,0.002623,0.011118,279,0.00007,23,34,57,23,34,57
22990118,,0.002454,0.00995,100,0.000125,37,16,53,37,16,53
22778154,,0.004363,0.027296,1,0.000036,17,17,34,17,17,34
22493435,,0.000007,0.000325,279,0.000051,8,4,12,8,4,12
22326273,,0,0.001884,100,0.000007,0,4,4,0,4,4
22032724,,0.000036,0.003798,205,0.000077,15,11,26,15,11,26
21901385,,0,0.003644,35,0.000007,0,3,3,0,3,3
21518452,,0,0.000491,100,0.000007,0,4,4,0,4,4
21372787,,0,0.001664,140,0.000007,0,11,11,0,11,11
21300883,,0,0.019405,1,0.000007,0,9,9,0,9,9
20731849,,0,0.000223,100,0.000007,0,1,1,0,1,1
20698951,,0,0.000229,66,0.000007,0,2,2,0,2,2
19622773,,0.000495,0.001034,90,0.000161,24,7,31,24,7,31
19582160,,0.008564,0.009418,35,0.001221,282,6,288,282,6,288
19268590,,0.023636,0.006262,100,0.000656,137,18,155,137,18,155
18593910,,0.000136,0.005631,100,0.000088,8,21,29,8,21,29
18378697,,0,0.000479,100,0.000007,0,6,6,0,6,6
18066063,,0.019109,0.004196,35,0.000845,137,9,146,137,9,146
17875215,,0,0.0087,35,0.000007,0,6,6,0,6,6
17596542,,0.002934,0.002969,100,0.000125,54,15,69,54,15,69
17192190,,0,0.000658,100,0.000007,0,3,3,0,3,3
16818604,,0.014955,0.005754,100,0.000334,111,24,135,111,24,135
16738325,,0.000772,0.002395,100,0.000173,38,9,47,38,9,47
12917330,,0,0.001984,100,0.000007,0,4,4,0,4,4
12089322,,0,0.000223,100,0.000007,0,1,1,0,1,1
30363743,,0,0.005949,5,0.000007,0,23,23,0,23,23
9700175,,0.006859,0,5,0.000067,48,0,48,48,0,48
29780976,,0,0.000131,5,0.000007,0,1,1,0,1,1
28264838,,0.000114,0.003662,5,0.000015,3,15,18,3,15,18
28073843,,0,0.012737,69,0.000007,0,3,3,0,3,3
27879377,,0,0.000131,5,0.000007,0,1,1,0,1,1
27382401,,0.000103,0.002835,5,0.000007,1,12,13,1,12,13
26629527,,0.000941,0.001097,69,0.000009,4,10,14,4,10,14
25544369,,0,0.000394,231,0.000007,0,5,5,0,5,5
25429284,,0,0.001411,5,0.000007,0,5,5,0,5,5
25349970,,0,0.008173,69,0.000007,0,4,4,0,4,4
24398512,,0.000015,0.001804,5,0.000014,2,19,21,2,19,21
23845225,,0,0.000968,5,0.000007,0,3,3,0,3,3
23842794,,0,0.000134,5,0.000007,0,2,2,0,2,2
23730224,,0,0.000743,5,0.000007,0,13,13,0,13,13
23582060,,0,0.000394,231,0.000007,0,5,5,0,5,5
23456270,,0,0.000981,5,0.000007,0,3,3,0,3,3
21109450,,0,0.00022,5,0.000007,0,4,4,0,4,4
19582179,,0.000001,0.001736,5,0.00001,1,9,10,1,9,10
30213113,,0,0.000339,35,0.000007,0,2,2,0,2,2
9701363,,0.01779,0,35,0.000267,124,0,124,124,0,124
30018709,,0,0.00065,1,0.000007,0,3,3,0,3,3
29491469,,0,0.000848,231,0.000007,0,12,12,0,12,12
28777143,,0,0.008359,35,0.000007,0,10,10,0,10,10
28592566,,0,0.001345,1,0.000007,0,5,5,0,5,5
28376175,,0.001116,0.002133,231,0.000022,14,14,28,14,14,28
27990198,,0,0.002161,5,0.000007,0,11,11,0,11,11
27117709,,0.000694,0.00199,231,0.000051,21,12,33,21,12,33
27087880,,0,0.001899,5,0.000007,0,20,20,0,20,20
26943587,,0.000007,0.004482,35,0.000024,4,17,21,4,17,21
25919761,,0.001103,0.005437,231,0.000026,15,15,30,15,15,30
25857409,,0.002195,0.007491,140,0.000016,20,47,67,20,47,67
25759620,,0.00014,0.010784,5,0.000007,2,22,24,2,22,24
25521701,,0,0.001995,100,0.000007,0,11,11,0,11,11
24771925,,0,0.001263,5,0.000007,0,7,7,0,7,7
24402422,,0.004726,0.004192,1,0.000057,22,10,32,22,10,32
23787919,,0.000223,0.005801,231,0.000011,5,31,36,5,31,36
23370825,,0.000965,0.009835,1,0.000011,5,31,36,5,31,36
22929433,,0.000232,0.001486,231,0.000011,4,15,19,4,15,19
21256021,,0,0.000693,100,0.000007,0,2,2,0,2,2
20813035,,0,0.008953,1,0.000007,0,8,8,0,8,8
20804567,,0,0.00615,35,0.000007,0,10,10,0,10,10
20452298,,0,0.026229,1,0.000007,0,22,22,0,22,22
19886718,,0.000106,0.002137,35,0.000009,2,8,10,2,8,10
19754664,,0,0.031055,1,0.000007,0,25,25,0,25,25
19472394,,0,0.000352,69,0.000007,0,2,2,0,2,2
18951447,,0.000407,0.017575,140,0.000042,18,37,55,18,37,55
18563556,,0.002825,0.005006,35,0.000093,13,9,22,13,9,22
18563191,,0,0.000987,35,0.000007,0,4,4,0,4,4
18036263,,0.003049,0.003296,140,0.000043,22,26,48,22,26,48
18030330,,0,0.005509,35,0.000007,0,2,2,0,2,2
17997823,,0,0.002217,35,0.000007,0,10,10,0,10,10
17217540,,0,0.008081,1,0.000007,0,9,9,0,9,9
16677422,,0,0.000339,35,0.000007,0,1,1,0,1,1
16280055,,0,0.001365,89,0.000007,0,11,11,0,11,11
12100745,,0,0.00046,35,0.000007,0,2,2,0,2,2
29100039,,0,0.000012,41,0.000007,0,1,1,0,1,1
9705932,,0.000637,0,41,0.000238,35,0,35,35,0,35
28751376,,0,0.000012,41,0.000007,0,1,1,0,1,1
28199214,,0,0.009052,1,0.000007,0,5,5,0,5,5
27683219,,0,0.000234,41,0.000007,0,3,3,0,3,3
25971543,,0,0.000012,41,0.000007,0,1,1,0,1,1
25733688,,0,0.000012,176,0.000007,0,2,2,0,2,2
25539916,,0,0.000012,41,0.000007,0,1,1,0,1,1
24655288,,0,0.000012,41,0.000007,0,1,1,0,1,1
23871146,,0,0.000057,41,0.000007,0,3,3,0,3,3
23247283,,0,0.000027,41,0.000007,0,2,2,0,2,2
22992732,,0,0.000021,41,0.000007,0,2,2,0,2,2
22460582,,0,0.00043,41,0.000007,0,2,2,0,2,2
22138376,,0,0.000012,41,0.000007,0,1,1,0,1,1
21652643,,0,0.000277,100,0.000007,0,8,8,0,8,8
19305001,,0,0.008853,41,0.000007,0,3,3,0,3,3
19208635,,0,0.000031,41,0.000007,0,2,2,0,2,2
18473723,,0,0.000066,41,0.000007,0,2,2,0,2,2
18238776,,0,0.000024,100,0.000007,0,3,3,0,3,3
18166976,,0,0.000027,41,0.000007,0,2,2,0,2,2
17189298,,0,0.000951,100,0.000007,0,8,8,0,8,8
17113833,,0,0.000027,41,0.000007,0,2,2,0,2,2
17040896,,0,0.000012,41,0.000007,0,1,1,0,1,1
12748298,,0,0.000063,41,0.000007,0,3,3,0,3,3
12198176,,0,0.000012,41,0.000007,0,1,1,0,1,1
11909950,,0.000777,0.000048,41,0.000198,46,2,48,46,2,48
11707423,,0,0.000021,41,0.000007,0,2,2,0,2,2
11095742,,0,0.000048,41,0.000007,0,2,2,0,2,2
10611252,,0,0.000048,41,0.000007,0,2,2,0,2,2
10473635,,0,0.000432,41,0.000007,0,3,3,0,3,3
29980672,,0,0.000009,41,0.000007,0,1,1,0,1,1
9705934,,0.000493,0,41,0.000141,39,0,39,39,0,39
29247009,,0,0.000009,41,0.000007,0,1,1,0,1,1
27703001,,0,0.000009,41,0.000007,0,1,1,0,1,1
26266709,,0,0.000093,232,0.000007,0,3,3,0,3,3
25457772,,0,0.000292,100,0.000007,0,5,5,0,5,5
24630899,,0,0.000009,41,0.000007,0,1,1,0,1,1
23663450,,0,0.000403,41,0.000007,0,2,2,0,2,2
21717429,,0,0.000009,41,0.000007,0,1,1,0,1,1
21376743,,0,0.00054,41,0.000007,0,2,2,0,2,2
20862368,,0,0.001749,100,0.000007,0,10,10,0,10,10
19772495,,0,0.005371,100,0.000007,0,15,15,0,15,15
19089598,,0,0.000068,100,0.000007,0,3,3,0,3,3
16749933,,0,0.000035,140,0.000007,0,3,3,0,3,3
14704177,,0,0.000009,41,0.000007,0,1,1,0,1,1
12471202,,0,0.000009,41,0.000007,0,1,1,0,1,1
11983065,,0,0.000045,41,0.000007,0,2,2,0,2,2
11226171,,0,0.000009,41,0.000007,0,1,1,0,1,1
30453933,,0,0.000002,5,0.000007,0,1,1,0,1,1
9706364,,0.000108,0,5,0.000039,13,0,13,13,0,13
24369499,,0,0.000002,5,0.000007,0,1,1,0,1,1
22988825,,0,0.000002,5,0.000007,0,1,1,0,1,1
21864049,,0,0.000101,5,0.000007,0,12,12,0,12,12
21595959,,0,0.000014,5,0.000007,0,5,5,0,5,5
20853153,,0,0.000085,5,0.000007,0,9,9,0,9,9
20160979,,0,0.000183,5,0.000007,0,6,6,0,6,6
14710204,,0,0.000002,5,0.000007,0,1,1,0,1,1
30292635,,0,0,111,0.000007,0,1,1,0,1,1
23588203,,0,0,111,0.000007,0,1,1,0,1,1
22307608,,0,0,111,0.000007,0,1,1,0,1,1
21532627,,0,0,111,0.000007,0,1,1,0,1,1
21473780,,0,0,111,0.000007,0,2,2,0,2,2
21203412,,0,0,111,0.000007,0,1,1,0,1,1
21103049,,0,0,111,0.000007,0,1,1,0,1,1
19962665,,0,0,111,0.000007,0,1,1,0,1,1
12707038,,0,0.000359,111,0.000007,0,2,2,0,2,2
12163369,,0,0,111,0.000007,0,1,1,0,1,1
11389158,,0,0.000006,111,0.000007,0,2,2,0,2,2
11215281,,0,0,111,0.000007,0,1,1,0,1,1
10896921,,0,0.000006,111,0.000007,0,2,2,0,2,2
10642527,,0,0,111,0.000007,0,1,1,0,1,1
10623683,,0,0.000006,111,0.000007,0,2,2,0,2,2
10430928,,0,0,111,0.000007,0,1,1,0,1,1
10429655,,0,0,111,0.000007,0,1,1,0,1,1
10389980,,0.000292,0,111,0.00007,18,1,19,18,1,19
10362809,,0,0,111,0.000007,0,1,1,0,1,1
10353780,,0,0,111,0.000007,0,1,1,0,1,1
10079245,,0,0,111,0.000007,0,1,1,0,1,1
9714446,,0.000023,0,89,0.000011,1,0,1,1,0,1
9716060,,0.001057,0,1,0.000025,10,0,10,10,0,10
28957316,,0,0,30,0.000007,0,1,1,0,1,1
9720270,,0,0,30,0.000031,4,0,4,4,0,4
23104080,,0,0,30,0.000007,0,1,1,0,1,1
22761737,,0,0,30,0.000007,0,1,1,0,1,1
20830203,,0,0,30,0.000007,0,1,1,0,1,1
9726814,,0,0,35,0.000014,3,0,3,3,0,3
11224619,,0,0,35,0.000007,0,2,2,0,2,2
29665859,,0,0.002523,231,0.000007,0,17,17,0,17,17
9735416,,0.000509,0,279,0.000017,6,0,6,6,0,6
23070345,,0.000029,0.000078,97,0.000007,1,5,6,1,5,6
28279692,,0,0.007439,69,0.000007,0,2,2,0,2,2
9737787,,0.000154,0,69,0.000025,5,0,5,5,0,5
19273186,,0,0.000591,100,0.000007,0,5,5,0,5,5
17353927,,0,0.000003,69,0.000007,0,1,1,0,1,1
14676809,,0,0.000003,69,0.000007,0,1,1,0,1,1
30054449,,0,0.000413,100,0.000007,0,2,2,0,2,2
9738006,,0.016168,0,100,0.000613,113,0,113,113,0,113
29114052,,0,0.000544,100,0.000007,0,5,5,0,5,5
29020620,,0,0.000308,100,0.000007,0,1,1,0,1,1
29017571,,0,0.013018,100,0.000007,0,27,27,0,27,27
28911102,,0,0.005022,100,0.000013,1,29,30,1,29,30
28740167,,0,0.00055,100,0.000007,0,3,3,0,3,3
27131361,,0,0.002155,100,0.000007,0,11,11,0,11,11
27033256,,0,0.000308,100,0.000007,0,1,1,0,1,1
26880199,,0,0.001106,100,0.000007,0,7,7,0,7,7
26699641,,0,0.004111,100,0.000007,0,16,16,0,16,16
26600742,,0,0.000504,100,0.000007,0,3,3,0,3,3
26525148,,0,0.001454,100,0.000007,0,6,6,0,6,6
25909997,,0,0.001855,100,0.000007,0,5,5,0,5,5
25582120,,0.000653,0.002045,100,0.000038,13,5,18,13,5,18
25081516,,0,0.00169,100,0.000007,0,6,6,0,6,6
24970157,,0,0.000638,100,0.000007,0,3,3,0,3,3
24970150,,0,0.002211,100,0.000007,0,6,6,0,6,6
24842372,,0,0.01166,100,0.000007,0,9,9,0,9,9
24403251,,0.000122,0.0043,100,0.000017,7,20,27,7,20,27
23486525,,0,0.004029,100,0.000007,0,9,9,0,9,9
23349304,,0,0.00273,1,0.000007,0,2,2,0,2,2
23306437,,0.020858,0.000471,100,0.000552,202,2,204,202,2,204
23181561,,0,0.001715,100,0.000007,0,4,4,0,4,4
23144634,,0,0.002238,100,0.000007,0,8,8,0,8,8
22792074,,0,0.00348,100,0.000007,0,16,16,0,16,16
21263215,,0,0.000593,100,0.000007,0,2,2,0,2,2
21145576,,0,0.000535,100,0.000007,0,3,3,0,3,3
21131982,,0,0.000322,100,0.000007,0,2,2,0,2,2
20829486,,0,0.009134,1,0.000007,0,2,2,0,2,2
20444606,,0,0.01642,100,0.000007,0,21,21,0,21,21
19759395,,0,0.001583,100,0.000007,0,6,6,0,6,6
19473888,,0,0.000377,57,0.000007,0,3,3,0,3,3
19369211,,0.034365,0.006336,100,0.000243,153,17,170,153,17,170
19357644,,0,0.000693,100,0.000007,0,4,4,0,4,4
19305427,,0.006006,0.009118,100,0.000033,32,29,61,32,29,61
19202191,,0,0.000781,100,0.000007,0,4,4,0,4,4
18550271,,0,0.00768,100,0.000007,0,29,29,0,29,29
18452305,,0.001582,0.005645,100,0.000021,16,26,42,16,26,42
18378696,,0,0.000771,100,0.000007,0,4,4,0,4,4
18158907,,0.001382,0.004974,100,0.00008,21,13,34,21,13,34
18007598,,0,0.000856,100,0.000007,0,5,5,0,5,5
17965729,,0,0.00095,100,0.000007,0,5,5,0,5,5
17525341,,0.033413,0.001616,100,0.00067,278,7,285,278,7,285
15485915,,0,0.006481,100,0.000007,0,21,21,0,21,21
12509449,,0,0.000409,100,0.000007,0,3,3,0,3,3
11940669,,0,0.000308,100,0.000007,0,1,1,0,1,1
11462050,,0,0.000438,100,0.000007,0,3,3,0,3,3
11416139,,0,0.000308,100,0.000007,0,1,1,0,1,1
11152513,,0,0.000308,100,0.000007,0,1,1,0,1,1
11134351,,0,0.000308,100,0.000007,0,1,1,0,1,1
10369679,,0,0.000308,100,0.000007,0,1,1,0,1,1
10359772,,0,0.000471,100,0.000007,0,2,2,0,2,2
9738598,,0.000031,0,89,0.000008,1,0,1,1,0,1
20840664,,0.00299,0.000762,5,0.00011,28,11,39,28,11,39
11062053,,0,0.000134,57,0.000007,0,3,3,0,3,3
9746028,,0.000028,0,57,0.000011,2,0,2,2,0,2
28630896,,0,0,184,0.000007,0,1,1,0,1,1
9746681,,0.000007,0,184,0.000039,7,0,7,7,0,7
25867973,,0,0.000355,184,0.000007,0,3,3,0,3,3
21711548,,0,0.000005,184,0.000007,0,2,2,0,2,2
19915151,,0,0,184,0.000007,0,1,1,0,1,1
18511746,,0,0,184,0.000007,0,1,1,0,1,1
17784782,,0,0,184,0.000007,0,1,1,0,1,1
9760198,,0.000338,0,140,0.000014,3,0,3,3,0,3
9764635,,0.000103,0,69,0.000017,7,0,7,7,0,7
28649123,,0,0.000018,69,0.000007,0,3,3,0,3,3
28368298,,0,0.003841,69,0.000007,0,11,11,0,11,11
24213462,,0.000038,0.000939,69,0.000014,2,7,9,2,7,9
19124490,,0,0.000184,69,0.000007,0,6,6,0,6,6
9774970,,0.024358,0,100,0.000541,153,0,153,153,0,153
29387807,,0,0.003559,100,0.000007,1,18,19,1,18,19
28963981,,0,0.00286,100,0.000007,0,11,11,0,11,11
28912125,,0,0.005244,100,0.000007,0,11,11,0,11,11
28608931,,0,0.005146,1,0.000007,0,9,9,0,9,9
28596291,,0,0.000636,100,0.000007,0,3,3,0,3,3
27760317,,0,0.004054,100,0.000007,0,16,16,0,16,16
26895423,,0,0.002471,100,0.000007,0,12,12,0,12,12
26811421,,0,0.010694,1,0.000007,0,7,7,0,7,7
26420486,,0.00039,0.00305,100,0.000017,6,10,16,6,10,16
24893124,,0.001311,0.024311,1,0.000041,13,19,32,13,19,32
24811865,,0,0.000598,100,0.000007,0,3,3,0,3,3
24460909,,0,0.000623,90,0.000007,0,5,5,0,5,5
24397478,,0.000747,0.009591,41,0.000112,31,24,55,31,24,55
24096576,,0,0.000717,100,0.000007,0,6,6,0,6,6
24013206,,0,0.00085,100,0.000007,0,5,5,0,5,5
22843421,,0.0057,0.025381,100,0.000105,35,36,71,35,36,71
22789542,,0.020994,0.001277,100,0.000453,246,5,251,246,5,251
21055983,,0,0.002012,100,0.000007,0,6,6,0,6,6
20858716,,0.009345,0.019764,100,0.000101,56,21,77,56,21,77
20740639,,0,0.004939,100,0.000007,0,10,10,0,10,10
19808958,,0,0.002084,100,0.000007,0,5,5,0,5,5
19683501,,0,0.000817,100,0.000007,0,3,3,0,3,3
19553677,,0,0.00157,100,0.000007,0,3,3,0,3,3
19423707,,0,0.00325,100,0.000007,0,8,8,0,8,8
19396164,,0,0.003781,100,0.000007,0,8,8,0,8,8
18458103,,0,0.000889,100,0.000007,0,2,2,0,2,2
18439040,,0,0.000889,100,0.000007,0,2,2,0,2,2
18413737,,0,0.009291,1,0.000007,0,2,2,0,2,2
18036997,,0,0.006697,100,0.000007,0,15,15,0,15,15
17627904,,0,0.00086,100,0.000007,0,5,5,0,5,5
17591703,,0,0.000859,57,0.000007,0,2,2,0,2,2
16914443,,0,0.001828,100,0.000007,0,3,3,0,3,3
16415210,,0,0.000929,100,0.000007,0,2,2,0,2,2
15899844,,0,0.00054,100,0.000007,0,2,2,0,2,2
15713648,,0,0.001805,100,0.000007,0,10,10,0,10,10
14681210,,0,0.002764,100,0.000007,0,5,5,0,5,5
12756300,,0.002065,0.001915,100,0.00003,15,9,24,15,9,24
11459980,,0,0.002303,100,0.000007,0,5,5,0,5,5
11290705,,0,0.000904,100,0.000007,0,2,2,0,2,2
11134344,,0,0.000464,100,0.000007,0,1,1,0,1,1
10938124,,0,0.000944,100,0.000007,0,4,4,0,4,4
22649627,,0,0.000001,181,0.000007,0,1,1,0,1,1
9776762,,0.000059,0,181,0.000079,15,0,15,15,0,15
18987000,,0,0.000001,181,0.000007,0,1,1,0,1,1
18448471,,0,0.000001,181,0.000007,0,1,1,0,1,1
16741246,,0,0.000001,181,0.000007,0,1,1,0,1,1
16120834,,0,0.000001,181,0.000007,0,1,1,0,1,1
15031318,,0,0.000001,181,0.000007,0,1,1,0,1,1
14676315,,0,0.000001,181,0.000007,0,1,1,0,1,1
12150713,,0,0.000001,181,0.000007,0,1,1,0,1,1
11410672,,0,0.000001,181,0.000007,0,1,1,0,1,1
10899152,,0,0.000001,181,0.000007,0,1,1,0,1,1
10666462,,0,0.000001,181,0.000007,0,1,1,0,1,1
9778046,,0.007025,0,279,0.000182,53,0,53,53,0,53
30082609,,0,0.000146,279,0.000007,0,2,2,0,2,2
29263182,,0,0.002066,1,0.000007,0,6,6,0,6,6
28594926,,0,0.000322,279,0.000007,0,7,7,0,7,7
26646903,,0,0.00015,279,0.000007,0,3,3,0,3,3
23881989,,0.004859,0.01668,1,0.000031,18,38,56,18,38,56
23467658,,0,0.000134,279,0.000007,0,1,1,0,1,1
23457564,,0,0.000134,279,0.000007,0,1,1,0,1,1
23069641,,0.005825,0.030055,1,0.00007,30,22,52,30,22,52
22082486,,0.00115,0.021884,35,0.000145,43,36,79,43,36,79
21169070,,0,0.003561,279,0.000007,0,4,4,0,4,4
19906696,,0,0.000217,279,0.000007,0,2,2,0,2,2
19885928,,0,0.000134,279,0.000007,0,1,1,0,1,1
19474344,,0,0.000134,279,0.000007,0,1,1,0,1,1
17987116,,0.003894,0.000856,24,0.000262,71,7,78,71,7,78
17599839,,0,0.000134,279,0.000007,0,1,1,0,1,1
15760842,,0,0.00014,279,0.000007,0,2,2,0,2,2
15534905,,0,0.000135,181,0.000007,0,2,2,0,2,2
12841847,,0,0.00022,108,0.000082,13,3,16,13,3,16
11779841,,0,0.000135,181,0.000007,0,2,2,0,2,2
9778168,,0.000802,0,89,0.000098,26,0,26,26,0,26
29097879,,0,0.000015,89,0.000007,0,1,1,0,1,1
29030599,,0,0.000015,89,0.000007,0,1,1,0,1,1
28656686,,0,0.000015,89,0.000007,0,1,1,0,1,1
28639421,,0,0.000015,89,0.000007,0,1,1,0,1,1
27799538,,0,0.000015,89,0.000007,0,1,1,0,1,1
27029810,,0,0.000015,89,0.000007,0,1,1,0,1,1
26412864,,0,0.000015,89,0.000007,0,1,1,0,1,1
24027120,,0,0.000015,89,0.000007,0,1,1,0,1,1
23795232,,0,0.000048,89,0.000007,0,3,3,0,3,3
23329866,,0,0.000029,89,0.000007,0,4,4,0,4,4
22534780,,0,0.000024,89,0.000007,0,4,4,0,4,4
21419771,,0,0.00243,5,0.000007,0,3,3,0,3,3
20179148,,0,0.000029,89,0.000007,0,4,4,0,4,4
20039378,,0,0.000969,89,0.000007,0,9,9,0,9,9
19210733,,0.000242,0.001426,89,0.000017,5,6,11,5,6,11
15113441,,0.001275,0.000808,100,0.000067,25,11,36,25,11,36
9778625,,0.000155,0,89,0.000014,4,0,4,4,0,4
9781026,,0.000194,0,5,0.000011,3,0,3,3,0,3
9781057,,0.000016,0,231,0.000012,3,0,3,3,0,3
9781059,,0.000141,0,89,0.000014,3,0,3,3,0,3
11349231,,0,0.000003,89,0.000007,0,1,1,0,1,1
27272763,,0.000119,0.003392,35,0.000007,1,27,28,1,27,28
9781655,,0.002246,0,35,0.000018,13,0,13,13,0,13
24424917,,0,0.000806,5,0.000007,0,8,8,0,8,8
23326384,,0.000416,0.000606,35,0.000079,17,12,29,17,12,29
9786365,,0.000262,0,231,0.000009,2,0,2,2,0,2
9788437,,0.004766,0,100,0.000071,31,0,31,31,0,31
27630164,,0,0.000091,100,0.000007,0,1,1,0,1,1
27272395,,0,0.000139,248,0.000007,0,2,2,0,2,2
24890833,,0,0.000178,87,0.000007,0,4,4,0,4,4
22056952,,0,0.000535,87,0.000007,0,3,3,0,3,3
16982732,,0,0.002722,100,0.000007,0,13,13,0,13,13
9788557,,0.000108,0,89,0.000007,1,0,1,1,0,1
9788724,,0.000334,0,5,0.000009,2,0,2,2,0,2
30250494,,0,0.0001,100,0.000007,0,1,1,0,1,1
30221013,,0,0.000315,100,0.000007,0,2,2,0,2,2
28792473,,0,0.000149,100,0.000007,0,2,2,0,2,2
28427147,,0.000022,0.007414,100,0.000011,2,15,17,2,15,17
28394342,,0,0.0001,100,0.000007,0,1,1,0,1,1
27398318,,0,0.001929,100,0.000007,0,8,8,0,8,8
26656453,,0,0.0001,100,0.000007,0,1,1,0,1,1
26365339,,0,0.0001,100,0.000007,0,1,1,0,1,1
26024970,,0,0.000726,100,0.000007,0,3,3,0,3,3
25483079,,0.000243,0.005171,100,0.000013,4,26,30,4,26,30
25332239,,0,0.0001,100,0.000007,0,1,1,0,1,1
24290756,,0,0.0001,100,0.000007,0,1,1,0,1,1
23680298,,0,0.00078,100,0.000007,0,9,9,0,9,9
23213376,,0,0.0001,100,0.000007,0,1,1,0,1,1
22928046,,0,0.001668,100,0.000007,0,6,6,0,6,6
22030621,,0,0.010094,100,0.000007,0,10,10,0,10,10
21412056,,0,0.001194,100,0.000007,0,5,5,0,5,5
21347699,,0,0.0001,100,0.000007,0,1,1,0,1,1
20581449,,0,0.000138,231,0.000007,0,4,4,0,4,4
20093778,,0,0.000718,100,0.000007,0,6,6,0,6,6
20011137,,0,0.000595,100,0.000007,0,4,4,0,4,4
19826003,,0,0.000282,100,0.000007,0,4,4,0,4,4
19544417,,0,0.000506,176,0.000007,0,3,3,0,3,3
19528325,,0,0.001481,100,0.000007,0,5,5,0,5,5
19470753,,0,0.0001,100,0.000007,0,1,1,0,1,1
19216791,,0,0.001169,100,0.000007,0,15,15,0,15,15
18635967,,0,0.001725,100,0.000007,0,6,6,0,6,6
18356157,,0,0.000476,100,0.000007,0,5,5,0,5,5
18087219,,0.002449,0.001267,100,0.000042,18,8,26,18,8,26
18070364,,0,0.000147,24,0.000007,0,3,3,0,3,3
16784539,,0,0.0001,100,0.000007,0,1,1,0,1,1
16525022,,0,0.0001,100,0.000007,0,1,1,0,1,1
12490715,,0,0.000228,100,0.000007,0,3,3,0,3,3
12082075,,0,0.0001,100,0.000007,0,1,1,0,1,1
11847113,,0,0.0001,100,0.000007,0,1,1,0,1,1
9790802,,0.000329,0,89,0.00001,3,0,3,3,0,3
27603373,,0,0.002139,205,0.000007,0,4,4,0,4,4
26622941,,0,0.014502,1,0.000007,0,18,18,0,18,18
26137147,,0,0.012669,100,0.000007,0,15,15,0,15,15
25925845,,0,0.00034,89,0.000007,0,13,13,0,13,13
23318356,,0,0.000513,89,0.000013,1,10,11,1,10,11
23302520,,0.000323,0.002311,100,0.000008,3,21,24,3,21,24
19298662,,0.009994,0.002889,35,0.000107,59,16,75,59,16,75
18507860,,0.002042,0.000195,69,0.000065,20,5,25,20,5,25
9793009,,0.000437,0,5,0.000007,2,0,2,2,0,2
9796697,,0.00772,0,35,0.000277,29,0,29,29,0,29
28486781,,0.000198,0.001801,89,0.000008,3,12,15,3,12,15
27861897,,0,0.001593,69,0.000007,0,3,3,0,3,3
23071490,,0,0.000389,205,0.000007,0,8,8,0,8,8
22135625,,0.00012,0.011285,35,0.000022,5,20,25,5,20,25
21199651,,0,0.019601,1,0.000007,0,6,6,0,6,6
17493263,,0.024472,0.009201,35,0.001598,456,6,462,456,6,462
12052252,,0,0.000347,35,0.000007,0,3,3,0,3,3
12052250,,0,0.000276,35,0.000007,0,3,3,0,3,3
9796975,,0.012104,0,1,0.000046,38,0,38,38,0,38
29189915,,0,0.014361,1,0.000007,0,17,17,0,17,17
29021870,,0,0.001251,1,0.000007,0,15,15,0,15,15
27075448,,0,0.009185,1,0.000007,0,5,5,0,5,5
26231170,,0,0.007743,69,0.000007,0,3,3,0,3,3
25366421,,0.001219,0.026561,89,0.000013,8,24,32,8,24,32
23677535,,0.000546,0.004507,1,0.000009,5,28,33,5,28,33
23390372,,0,0.001143,1,0.000007,0,4,4,0,4,4
9798686,,0.000962,0,100,0.000021,6,0,6,6,0,6
10330411,,0,0.000018,100,0.000007,0,1,1,0,1,1
26729041,,0,0.000006,89,0.000007,0,1,1,0,1,1
9799090,,0.000329,0,89,0.000014,3,0,3,3,0,3
21637642,,0,0.000096,89,0.000007,0,5,5,0,5,5
30319227,,0,0.00005,41,0.000007,0,2,2,0,2,2
29861877,,0,0.000036,41,0.000007,0,1,1,0,1,1
27890643,,0,0.000036,41,0.000007,0,1,1,0,1,1
26824244,,0,0.000036,41,0.000007,0,1,1,0,1,1
25795425,,0,0.000059,41,0.000007,0,3,3,0,3,3
24473209,,0,0.000164,41,0.000007,0,2,2,0,2,2
23964092,,0,0.006206,100,0.000007,0,17,17,0,17,17
23868975,,0,0.008876,41,0.000007,0,3,3,0,3,3
23788558,,0,0.001157,100,0.000007,0,3,3,0,3,3
23385236,,0,0.00005,41,0.000007,0,2,2,0,2,2
23240687,,0,0.00089,100,0.000007,0,4,4,0,4,4
21860547,,0,0.000036,41,0.000007,0,1,1,0,1,1
21814458,,0,0.001959,100,0.000007,0,12,12,0,12,12
20724438,,0,0.001627,100,0.000007,0,11,11,0,11,11
20081198,,0,0.001675,100,0.000007,0,10,10,0,10,10
19925808,,0,0.001915,100,0.000007,0,10,10,0,10,10
19345190,,0,0.000036,41,0.000007,0,1,1,0,1,1
19230024,,0,0.000036,41,0.000007,0,1,1,0,1,1
19026779,,0,0.001524,100,0.000007,0,6,6,0,6,6
18579587,,0,0.002251,100,0.000007,0,18,18,0,18,18
17915942,,0,0.002,100,0.000007,0,11,11,0,11,11
17631059,,0,0.000036,41,0.000007,0,1,1,0,1,1
17094803,,0.000138,0.001904,100,0.000073,17,9,26,17,9,26
16569515,,0,0.001298,100,0.000007,0,5,5,0,5,5
16547092,,0,0.001506,100,0.000007,0,6,6,0,6,6
15381933,,0,0.00005,41,0.000007,0,2,2,0,2,2
14581536,,0,0.000036,41,0.000007,0,1,1,0,1,1
12944481,,0,0.000088,41,0.000007,0,2,2,0,2,2
12730134,,0,0.000036,41,0.000007,0,1,1,0,1,1
12370301,,0,0.000036,41,0.000007,0,1,1,0,1,1
11973288,,0,0.000073,100,0.000007,0,3,3,0,3,3
11909969,,0,0.000036,41,0.000007,0,1,1,0,1,1
11823435,,0,0.000036,41,0.000007,0,1,1,0,1,1
11522823,,0,0.000036,41,0.000007,0,1,1,0,1,1
11296242,,0,0.000036,41,0.000007,0,1,1,0,1,1
10773072,,0,0.000036,41,0.000007,0,1,1,0,1,1
10733584,,0,0.000036,41,0.000007,0,1,1,0,1,1
10698952,,0,0.000036,41,0.000007,0,1,1,0,1,1
10579713,,0,0.000036,41,0.000007,0,1,1,0,1,1
10570175,,0,0.000036,41,0.000007,0,1,1,0,1,1
10455009,,0,0.000036,41,0.000007,0,1,1,0,1,1
30123885,,0,0.000107,89,0.000007,0,2,2,0,2,2
9802270,,0.005272,0,89,0.000129,55,0,55,55,0,55
27205903,,0,0.000204,205,0.000007,0,2,2,0,2,2
20602784,,0,0.000101,89,0.000007,0,1,1,0,1,1
29515683,,0,0.000008,5,0.000007,0,5,5,0,5,5
9802282,,0.00027,0,5,0.000038,9,0,9,9,0,9
27582843,,0,0.000005,5,0.000007,0,1,1,0,1,1
26284115,,0,0.000005,5,0.000013,1,1,2,1,1,2
24592003,,0,0.000104,5,0.000007,0,4,4,0,4,4
24327995,,0,0.000118,5,0.000007,0,3,3,0,3,3
23880155,,0.000127,0.0001,5,0.000029,7,4,11,7,4,11
19381788,,0,0.000824,5,0.000007,0,10,10,0,10,10
9805131,,0.000325,0,140,0.000026,8,0,8,8,0,8
26713731,,0,0.000006,140,0.000007,0,1,1,0,1,1
23164213,,0.000061,0.005013,5,0.000008,1,10,11,1,10,11
20043850,,0,0.000006,140,0.000007,0,1,1,0,1,1
16141195,,0,0.000075,140,0.000007,0,4,4,0,4,4
27601958,,0,0,247,0.000007,0,1,1,0,1,1
9806612,,0.000003,0,247,0.000032,5,0,5,5,0,5
26850927,,0,0,247,0.000007,0,1,1,0,1,1
16111488,,0,0.000165,247,0.000007,0,6,6,0,6,6
10805749,,0,0,247,0.000007,0,1,1,0,1,1
10799578,,0,0,247,0.000007,0,1,1,0,1,1
9808526,,0.000631,0,89,0.000011,6,0,6,6,0,6
29525983,,0,0.000023,138,0.000007,0,3,3,0,3,3
9809029,,0.000537,0,138,0.000066,13,0,13,13,0,13
27631691,,0,0.00001,138,0.000007,0,1,1,0,1,1
25406240,,0,0.00001,138,0.000007,0,1,1,0,1,1
23552377,,0,0.00001,138,0.000007,0,1,1,0,1,1
23551194,,0,0.00001,138,0.000007,0,1,1,0,1,1
22643842,,0,0.00001,138,0.000007,0,1,1,0,1,1
17592645,,0,0.00001,138,0.000007,0,1,1,0,1,1
16116034,,0,0.00001,138,0.000007,0,1,1,0,1,1
15161646,,0,0.00001,138,0.000007,0,1,1,0,1,1
15028125,,0,0.00001,138,0.000007,0,1,1,0,1,1
21351092,,0,0.000002,66,0.000007,0,1,1,0,1,1
9810006,,0.000099,0,66,0.000042,7,0,7,7,0,7
19648041,,0,0.000002,66,0.000007,0,1,1,0,1,1
18253104,,0,0.000002,66,0.000007,0,1,1,0,1,1
14979907,,0,0.005172,66,0.000007,0,2,2,0,2,2
11250734,,0,0.000002,66,0.000007,0,1,1,0,1,1
11250733,,0,0.000002,66,0.000007,0,1,1,0,1,1
9811458,,0.008556,0,100,0.000362,50,0,50,50,0,50
28623092,,0,0.001062,100,0.000007,0,8,8,0,8,8
28471392,,0.000159,0.004121,100,0.000007,1,14,15,1,14,15
27240470,,0,0.000195,100,0.000007,0,2,2,0,2,2
26713604,,0.001845,0.021203,1,0.000035,10,12,22,10,12,22
25558984,,0,0.000163,100,0.000007,0,1,1,0,1,1
22723967,,0,0.000197,231,0.000007,0,2,2,0,2,2
22481935,,0.001281,0.000649,100,0.000288,65,9,74,65,9,74
18007596,,0,0.000551,100,0.000007,0,4,4,0,4,4
12509526,,0,0.001146,100,0.000007,0,4,4,0,4,4
9815295,,0.000045,0,89,0.000009,2,0,2,2,0,2
20646866,,0,0.000733,5,0.000007,0,13,13,0,13,13
9815585,,0.000731,0,66,0.000032,6,0,6,6,0,6
19560744,,0,0.000014,66,0.000007,0,1,1,0,1,1
11720424,,0,0.000014,66,0.000007,0,1,1,0,1,1
29327913,,0,0.017645,1,0.000007,0,18,18,0,18,18
9815648,,0.002731,0,5,0.000026,21,0,21,21,0,21
25348513,,0.007382,0.017863,1,0.000033,28,40,68,28,40,68
16563182,,0,0.000408,5,0.000007,0,5,5,0,5,5
9816013,,0.003995,0,89,0.000023,16,0,16,16,0,16
28123851,,0.000017,0.001862,1,0.000014,2,23,25,2,23,25
16880780,,0.001214,0.000214,35,0.000045,11,9,20,11,9,20
29318406,,0,0.000721,5,0.000007,0,8,8,0,8,8
9818066,,0.000959,0,5,0.000024,12,0,12,12,0,12
24281200,,0,0.000018,5,0.000007,0,1,1,0,1,1
23984098,,0,0.000042,5,0.000007,0,6,6,0,6,6
21267012,,0.000268,0.00076,5,0.000015,11,17,28,11,17,28
19092773,,0.004412,0.004848,89,0.000101,54,32,86,54,32,86
9818226,,0,0,89,0.00001,1,0,1,1,0,1
9831109,,0.000152,0,5,0.000025,8,0,8,8,0,8
24103405,,0,0.00008,5,0.000007,0,4,4,0,4,4
23012130,,0,0.000003,5,0.000007,0,1,1,0,1,1
21860660,,0,0.000028,5,0.000007,0,3,3,0,3,3
21406316,,0,0.000003,5,0.000007,0,1,1,0,1,1
28447115,,0,0.000073,89,0.000007,0,2,2,0,2,2
26600934,,0,0.000001,89,0.000007,0,1,1,0,1,1
26579216,,0,0.000001,89,0.000007,0,1,1,0,1,1
25789042,,0,0.000181,205,0.000007,0,4,4,0,4,4
25669429,,0,0.000001,89,0.000007,0,1,1,0,1,1
24561254,,0,0.000001,89,0.000007,0,1,1,0,1,1
23399955,,0,0.00009,89,0.000007,0,2,2,0,2,2
23238744,,0,0.000001,89,0.000007,0,1,1,0,1,1
23114644,,0,0.000001,89,0.000007,0,1,1,0,1,1
22829200,,0,0.000001,89,0.000007,0,1,1,0,1,1
21979946,,0,0.000001,89,0.000007,0,1,1,0,1,1
21956414,,0,0.00009,89,0.000007,0,2,2,0,2,2
21417916,,0,0.000001,89,0.000007,0,1,1,0,1,1
21177507,,0,0.00109,89,0.000007,0,2,2,0,2,2
21093899,,0,0.000001,89,0.000007,0,1,1,0,1,1
20223021,,0,0.000001,89,0.000007,0,1,1,0,1,1
20194734,,0,0.000001,89,0.000007,0,1,1,0,1,1
18632658,,0,0.000001,89,0.000007,0,1,1,0,1,1
15492213,,0,0.000001,89,0.000007,0,1,1,0,1,1
15016316,,0,0.000001,89,0.000007,0,1,1,0,1,1
11839571,,0,0.000001,89,0.000007,0,1,1,0,1,1
11536076,,0,0.000001,89,0.000007,0,1,1,0,1,1
11259087,,0,0.000001,89,0.000007,0,1,1,0,1,1
15208539,,0,0,31,0.000007,0,1,1,0,1,1
9832896,,0,0,31,0.000013,1,0,1,1,0,1
9832899,,0.000042,0,5,0.000007,1,0,1,1,0,1
9833771,,0.00285,0,35,0.000422,96,0,96,96,0,96
29713081,,0,0.000073,69,0.000007,0,2,2,0,2,2
29627705,,0,0.000054,35,0.000007,0,1,1,0,1,1
29385983,,0,0.000054,35,0.000007,0,1,1,0,1,1
29250210,,0,0.000054,35,0.000007,0,1,1,0,1,1
29187162,,0,0.000361,89,0.000007,0,3,3,0,3,3
29158785,,0,0.006298,1,0.000007,0,9,9,0,9,9
29072965,,0,0.000054,35,0.000007,0,1,1,0,1,1
28371134,,0,0.000054,35,0.000007,0,1,1,0,1,1
28356768,,0,0.000061,35,0.000007,0,3,3,0,3,3
28127872,,0,0.000065,35,0.000007,0,2,2,0,2,2
27863398,,0,0.000054,35,0.000007,0,1,1,0,1,1
27594985,,0,0.000054,35,0.000007,0,1,1,0,1,1
27560552,,0,0.000054,35,0.000007,0,1,1,0,1,1
27556158,,0,0.000612,231,0.000007,0,4,4,0,4,4
27425180,,0,0.000054,35,0.000007,0,1,1,0,1,1
27224917,,0,0.000054,35,0.000007,0,1,1,0,1,1
27081041,,0,0.000054,35,0.000007,0,1,1,0,1,1
27015306,,0,0.000054,35,0.000007,0,1,1,0,1,1
27009863,,0,0.000054,35,0.000007,0,1,1,0,1,1
26934743,,0,0.000054,35,0.000007,0,1,1,0,1,1
26474073,,0,0.000054,35,0.000007,0,1,1,0,1,1
26289960,,0,0.000218,35,0.000007,0,2,2,0,2,2
26256959,,0,0.000799,35,0.000007,0,4,4,0,4,4
26158448,,0,0.00749,35,0.000007,0,2,2,0,2,2
26080861,,0,0.008039,35,0.000007,0,4,4,0,4,4
25867045,,0,0.000054,35,0.000007,0,1,1,0,1,1
25866923,,0,0.000054,35,0.000007,0,1,1,0,1,1
25762314,,0,0.000277,35,0.000007,0,2,2,0,2,2
25757734,,0,0.000132,35,0.000007,0,3,3,0,3,3
25360776,,0,0.000054,35,0.000007,0,1,1,0,1,1
25346520,,0,0.000054,35,0.000007,0,1,1,0,1,1
24868106,,0,0.000054,35,0.000007,0,1,1,0,1,1
24807106,,0,0.000062,57,0.000007,0,2,2,0,2,2
24224046,,0,0.000054,35,0.000007,0,1,1,0,1,1
24162158,,0,0.001305,35,0.000007,0,5,5,0,5,5
23597659,,0,0.000054,35,0.000007,0,1,1,0,1,1
23340293,,0,0.000054,35,0.000007,0,1,1,0,1,1
23136197,,0,0.000078,35,0.000007,0,3,3,0,3,3
23097627,,0,0.00124,35,0.000007,0,9,9,0,9,9
22341523,,0,0.000054,35,0.000007,0,1,1,0,1,1
22069465,,0,0.000054,35,0.000007,0,1,1,0,1,1
22049529,,0,0.000054,35,0.000007,0,1,1,0,1,1
21951600,,0,0.000054,35,0.000007,0,1,1,0,1,1
21908556,,0,0.000218,35,0.000007,0,2,2,0,2,2
21878537,,0,0.000113,241,0.000007,0,3,3,0,3,3
21603256,,0,0.003403,35,0.000007,0,4,4,0,4,4
21550387,,0,0.000054,35,0.000007,0,1,1,0,1,1
21521500,,0,0.000299,35,0.000007,0,2,2,0,2,2
21493686,,0,0.000057,35,0.000007,0,2,2,0,2,2
21410323,,0,0.000133,35,0.000007,0,2,2,0,2,2
21362200,,0,0.000054,35,0.000007,0,1,1,0,1,1
21310944,,0,0.000054,35,0.000007,0,1,1,0,1,1
21252201,,0,0.000054,35,0.000007,0,1,1,0,1,1
20679594,,0,0.000054,35,0.000007,0,1,1,0,1,1
20228842,,0,0.000082,35,0.000007,0,2,2,0,2,2
20205715,,0,0.000054,35,0.000007,0,1,1,0,1,1
20145163,,0,0.000072,66,0.000007,0,2,2,0,2,2
20079948,,0,0.000218,35,0.000007,0,2,2,0,2,2
19789341,,0,0.005225,35,0.000007,0,2,2,0,2,2
19584151,,0,0.000054,35,0.000007,0,1,1,0,1,1
19366795,,0,0.000054,35,0.000007,0,1,1,0,1,1
19343108,,0,0.000054,35,0.000007,0,1,1,0,1,1
18796136,,0,0.000054,35,0.000007,0,1,1,0,1,1
18794132,,0,0.000054,35,0.000007,0,1,1,0,1,1
18588681,,0,0.000546,35,0.000007,0,3,3,0,3,3
18579663,,0,0.000054,35,0.000007,0,1,1,0,1,1
18516279,,0,0.000054,35,0.000007,0,1,1,0,1,1
18366791,,0,0.000054,35,0.000007,0,1,1,0,1,1
18084325,,0,0.000054,35,0.000007,0,1,1,0,1,1
17942395,,0,0.000054,35,0.000007,0,1,1,0,1,1
17194187,,0,0.001326,279,0.000007,0,4,4,0,4,4
17157791,,0,0.000054,35,0.000007,0,1,1,0,1,1
16234815,,0,0.000054,35,0.000007,0,1,1,0,1,1
15785753,,0,0.000054,35,0.000007,0,1,1,0,1,1
15489357,,0,0.000054,35,0.000007,0,1,1,0,1,1
15260889,,0,0.005225,35,0.000007,0,2,2,0,2,2
12927047,,0,0.000054,35,0.000007,0,1,1,0,1,1
12631387,,0,0.000054,35,0.000007,0,1,1,0,1,1
11333291,,0,0.000054,35,0.000007,0,1,1,0,1,1
10948165,,0,0.000054,35,0.000007,0,1,1,0,1,1
16914526,,0,0,32,0.000007,0,1,1,0,1,1
9838122,,0,0,32,0.000019,2,0,2,2,0,2
12006486,,0,0,32,0.000007,0,1,1,0,1,1
29603059,,0,0.000161,69,0.000007,0,2,2,0,2,2
9839517,,0.002422,0,69,0.000581,142,0,142,142,0,142
29187928,,0,0.000185,69,0.000007,0,2,2,0,2,2
29141849,,0,0.000046,69,0.000007,0,1,1,0,1,1
28929490,,0,0.000046,69,0.000007,0,1,1,0,1,1
28620541,,0,0.000046,69,0.000007,0,1,1,0,1,1
28467804,,0,0.000075,69,0.000007,0,2,2,0,2,2
28422831,,0,0.000046,69,0.000007,0,1,1,0,1,1
28391539,,0,0.000051,231,0.000007,0,3,3,0,3,3
28381542,,0,0.000046,69,0.000007,0,1,1,0,1,1
28290016,,0,0.000046,69,0.000007,0,1,1,0,1,1
28251458,,0,0.000046,69,0.000007,0,1,1,0,1,1
28208158,,0,0.000559,1,0.000007,0,6,6,0,6,6
28085048,,0,0.00012,69,0.000007,0,2,2,0,2,2
28035019,,0,0.011102,231,0.000007,0,10,10,0,10,10
28000774,,0,0.000046,69,0.000007,0,1,1,0,1,1
27741511,,0,0.000109,69,0.000007,0,5,5,0,5,5
27667654,,0,0.000046,69,0.000007,0,1,1,0,1,1
27623016,,0,0.000063,69,0.000007,0,2,2,0,2,2
27603944,,0,0.000046,69,0.000007,0,1,1,0,1,1
27602952,,0,0.000046,69,0.000007,0,1,1,0,1,1
27528178,,0,0.000046,69,0.000007,0,1,1,0,1,1
27197274,,0,0.000046,69,0.000007,0,1,1,0,1,1
27190045,,0,0.000062,69,0.000007,0,2,2,0,2,2
26976855,,0,0.000607,231,0.000007,0,6,6,0,6,6
26923432,,0,0.000046,69,0.000007,0,1,1,0,1,1
26916548,,0,0.000073,69,0.000007,0,2,2,0,2,2
26779384,,0,0.000085,69,0.000007,0,2,2,0,2,2
26669283,,0,0.000046,69,0.000007,0,1,1,0,1,1
26554655,,0,0.000046,69,0.000007,0,1,1,0,1,1
26515595,,0,0.000046,69,0.000007,0,1,1,0,1,1
26515238,,0,0.000046,69,0.000007,0,1,1,0,1,1
26437729,,0,0.000063,69,0.000007,0,2,2,0,2,2
26422378,,0,0.000259,168,0.000007,0,5,5,0,5,5
26282631,,0,0.000046,69,0.000007,0,1,1,0,1,1
26091707,,0,0.000046,69,0.000007,0,1,1,0,1,1
26000308,,0,0.000048,168,0.000007,0,2,2,0,2,2
25985759,,0,0.000047,184,0.000007,0,2,2,0,2,2
25866823,,0,0.000047,90,0.000007,0,2,2,0,2,2
25844270,,0,0.000046,69,0.000007,0,1,1,0,1,1
25837263,,0,0.000046,69,0.000007,0,1,1,0,1,1
25569640,,0,0.00005,241,0.000007,0,2,2,0,2,2
25528498,,0,0.000518,231,0.000007,0,4,4,0,4,4
25516257,,0,0.000046,69,0.000007,0,1,1,0,1,1
25337537,,0,0.000049,69,0.000007,0,2,2,0,2,2
25270324,,0,0.000046,69,0.000007,0,1,1,0,1,1
25189423,,0,0.000046,69,0.000007,0,1,1,0,1,1
25006581,,0,0.001301,232,0.000007,0,10,10,0,10,10
24649005,,0,0.000046,69,0.000007,0,1,1,0,1,1
24482739,,0.000039,0.000743,69,0.00002,4,7,11,4,7,11
24386165,,0,0.000046,69,0.000007,0,1,1,0,1,1
24309005,,0,0.000274,69,0.000007,0,2,2,0,2,2
23983241,,0,0.000046,69,0.000007,0,1,1,0,1,1
23966580,,0,0.000046,69,0.000007,0,1,1,0,1,1
23961245,,0,0.000076,69,0.000007,0,2,2,0,2,2
23956749,,0,0.000046,69,0.000007,0,1,1,0,1,1
23656885,,0,0.000046,69,0.000007,0,1,1,0,1,1
23583217,,0,0.001832,69,0.000007,0,13,13,0,13,13
23574936,,0,0.000061,137,0.000007,0,2,2,0,2,2
23404857,,0,0.000046,69,0.000007,0,1,1,0,1,1
23375197,,0,0.000046,69,0.000007,0,1,1,0,1,1
23364849,,0,0.001258,69,0.000007,0,5,5,0,5,5
23315066,,0,0.008394,69,0.000007,0,5,5,0,5,5
23240043,,0,0.00025,231,0.000007,0,3,3,0,3,3
23176303,,0,0.000046,69,0.000007,0,1,1,0,1,1
23045324,,0,0.000317,69,0.000007,0,6,6,0,6,6
22952919,,0,0.007699,69,0.000007,0,5,5,0,5,5
22623987,,0,0.000046,69,0.000007,0,1,1,0,1,1
22527170,,0,0.000046,69,0.000007,0,1,1,0,1,1
22228319,,0,0.000072,69,0.000007,0,2,2,0,2,2
22214378,,0,0.000046,69,0.000007,0,2,2,0,2,2
22135044,,0,0.000046,69,0.000007,0,1,1,0,1,1
22076164,,0,0.000046,69,0.000007,0,1,1,0,1,1
22031719,,0,0.000205,69,0.000007,0,3,3,0,3,3
21984931,,0,0.000396,231,0.000007,0,4,4,0,4,4
21948654,,0,0.002285,69,0.000007,0,3,3,0,3,3
21943063,,0,0.000046,69,0.000007,0,1,1,0,1,1
21915124,,0,0.000046,69,0.000007,0,1,1,0,1,1
21761370,,0,0.000046,69,0.000007,0,1,1,0,1,1
21694728,,0,0.000046,69,0.000007,0,1,1,0,1,1
21423607,,0,0.000677,69,0.000007,0,4,4,0,4,4
21278886,,0,0.000046,69,0.000007,0,1,1,0,1,1
20861144,,0,0.000046,69,0.000007,0,1,1,0,1,1
20562186,,0,0.000046,69,0.000007,0,1,1,0,1,1
20547493,,0,0.000046,69,0.000007,0,1,1,0,1,1
20182531,,0,0.000046,69,0.000007,0,1,1,0,1,1
20035276,,0,0.000046,69,0.000007,0,1,1,0,1,1
19939368,,0,0.000046,69,0.000007,0,1,1,0,1,1
19783585,,0,0.000046,69,0.000007,0,1,1,0,1,1
19653647,,0,0.000046,69,0.000007,0,1,1,0,1,1
19623182,,0,0.000047,69,0.000007,0,3,3,0,3,3
19569181,,0,0.000046,69,0.000007,0,1,1,0,1,1
19560192,,0,0.000046,69,0.000007,0,1,1,0,1,1
19383883,,0,0.000796,100,0.000007,0,3,3,0,3,3
19127552,,0,0.001913,69,0.000007,0,2,2,0,2,2
19127543,,0,0.000046,69,0.000007,0,1,1,0,1,1
19034283,,0,0.000046,69,0.000007,0,1,1,0,1,1
18704709,,0,0.000046,69,0.000007,0,1,1,0,1,1
18667686,,0,0.000046,69,0.000007,0,1,1,0,1,1
18568250,,0,0.000046,69,0.000007,0,1,1,0,1,1
18509730,,0,0.000046,69,0.000007,0,1,1,0,1,1
18303003,,0,0.000046,69,0.000007,0,1,1,0,1,1
18264784,,0,0.000046,69,0.000007,0,1,1,0,1,1
18219286,,0,0.000856,231,0.000007,0,3,3,0,3,3
17855701,,0,0.000105,5,0.000007,0,2,2,0,2,2
17603635,,0,0.000086,69,0.000007,0,2,2,0,2,2
17411440,,0,0.000046,69,0.000007,0,1,1,0,1,1
17387347,,0,0.000046,69,0.000007,0,1,1,0,1,1
17217615,,0,0.000143,69,0.000007,0,2,2,0,2,2
17179984,,0,0.000046,69,0.000007,0,1,1,0,1,1
16801542,,0,0.000046,69,0.000007,0,1,1,0,1,1
16399219,,0,0.000051,66,0.000007,0,3,3,0,3,3
15982416,,0,0.000061,66,0.000007,0,2,2,0,2,2
15886700,,0,0.000046,69,0.000007,0,1,1,0,1,1
15718480,,0,0.000053,5,0.000007,0,2,2,0,2,2
14577831,,0,0.000091,69,0.000007,0,3,3,0,3,3
12149147,,0,0.000046,69,0.000007,0,1,1,0,1,1
11953818,,0,0.000046,69,0.000007,0,1,1,0,1,1
11572759,,0,0.000046,69,0.000007,0,1,1,0,1,1
11237375,,0,0.000046,69,0.000007,0,1,1,0,1,1
10976174,,0,0.000046,69,0.000007,0,1,1,0,1,1
10318951,,0,0.000046,69,0.000007,0,1,1,0,1,1
9839523,,0.001989,0,5,0.000059,18,0,18,18,0,18
26566980,,0,0.000196,5,0.000007,0,5,5,0,5,5
25933682,,0,0.006764,1,0.000007,0,22,22,0,22,22
25604794,,0.000018,0.000608,89,0.000014,3,8,11,3,8,11
23097709,,0,0.000228,5,0.000007,0,3,3,0,3,3
19775333,,0,0.000038,5,0.000007,0,1,1,0,1,1
9840533,,0.0045,0,231,0.000078,40,0,40,40,0,40
29131529,,0,0.000093,66,0.000007,0,2,2,0,2,2
24136668,,0,0.000107,231,0.000007,0,4,4,0,4,4
23593081,,0.000427,0.000986,89,0.000017,8,19,27,8,19,27
23071633,,0,0.000086,231,0.000007,0,1,1,0,1,1
22537934,,0.000865,0.003083,231,0.000051,12,12,24,12,12,24
22527103,,0,0.000166,35,0.000007,0,2,2,0,2,2
21453508,,0,0.000086,231,0.000007,0,1,1,0,1,1
21336637,,0.000936,0.006944,35,0.000038,9,13,22,9,13,22
20206335,,0.000887,0.002287,231,0.000077,29,19,48,29,19,48
19724277,,0.000467,0.003361,231,0.000097,21,13,34,21,13,34
17892570,,0,0.000176,231,0.000007,0,2,2,0,2,2
9842965,,0.000142,0,66,0.000021,5,0,5,5,0,5
21281495,,0,0.000092,66,0.000007,0,4,4,0,4,4
10468307,,0,0.000003,66,0.000007,0,1,1,0,1,1
9845764,,0.000061,0,100,0.000008,1,0,1,1,0,1
9849441,,0.000171,0,57,0.000009,3,0,3,3,0,3
19155299,,0,0.001116,57,0.000007,0,5,5,0,5,5
9858813,,0.000003,0,35,0.000013,2,0,2,2,0,2
9872327,,0.012699,0,100,0.000181,78,0,78,78,0,78
26528328,,0,0.000377,184,0.000007,0,9,9,0,9,9
25975985,,0,0.009258,100,0.000007,0,5,5,0,5,5
25916843,,0.000814,0.020235,100,0.000019,8,14,22,8,14,22
25516717,,0,0.000576,100,0.000007,0,4,4,0,4,4
25158060,,0,0.036675,1,0.000046,3,32,35,3,32,35
23619945,,0.000133,0.000258,184,0.000018,4,3,7,4,3,7
23416057,,0,0.000242,100,0.000007,0,1,1,0,1,1
23303449,,0.000183,0.00089,279,0.000027,9,9,18,9,9,18
21715654,,0,0.000242,100,0.000007,0,1,1,0,1,1
20429939,,0,0.001073,100,0.000007,0,5,5,0,5,5
19836377,,0.000087,0.004876,1,0.000074,17,17,34,17,17,34
19622404,,0,0.017676,100,0.000007,0,32,32,0,32,32
19427003,,0,0.001709,100,0.000007,0,5,5,0,5,5
19061834,,0,0.000242,100,0.000007,0,1,1,0,1,1
18835033,,0,0.000929,100,0.000007,0,6,6,0,6,6
18710940,,0,0.000827,100,0.000007,0,4,4,0,4,4
18473727,,0,0.00785,100,0.000007,0,20,20,0,20,20
11486039,,0,0.000242,100,0.000007,0,1,1,0,1,1
11250741,,0,0.000242,100,0.000007,0,1,1,0,1,1
10880452,,0,0.000242,100,0.000007,0,1,1,0,1,1
9872332,,0.004565,0,279,0.000095,29,0,29,29,0,29
30275858,,0,0.014968,1,0.000007,0,22,22,0,22,22
28586036,,0,0.000096,279,0.000007,0,2,2,0,2,2
23860382,,0.000382,0.008955,279,0.000204,37,18,55,37,18,55
22303362,,0,0.008214,1,0.000007,0,7,7,0,7,7
20505321,,0.000479,0.011569,279,0.000036,10,13,23,10,13,23
17392432,,0.005905,0.003187,100,0.000143,52,20,72,52,20,72
11309512,,0,0.0001,279,0.000007,0,2,2,0,2,2
9890178,,0.000036,0,35,0.000007,1,0,1,1,0,1
9890972,,0.002291,0,100,0.000088,26,0,26,26,0,26
27270442,,0,0.005214,35,0.000007,0,2,2,0,2,2
21193408,,0,0.000044,100,0.000007,0,1,1,0,1,1
19525231,,0,0.000044,100,0.000007,0,1,1,0,1,1
18281289,,0,0.000261,100,0.000007,0,6,6,0,6,6
15632079,,0,0.000044,100,0.000007,0,1,1,0,1,1
14966284,,0,0.000044,100,0.000007,0,1,1,0,1,1
12930951,,0,0.000044,100,0.000007,0,1,1,0,1,1
11818577,,0,0.000044,100,0.000007,0,1,1,0,1,1
25490678,,0.000069,0.000163,89,0.00001,3,5,8,3,5,8
9892109,,0.000675,0,89,0.000027,7,0,7,7,0,7
16817944,,0,0.008962,231,0.000007,0,11,11,0,11,11
9892727,,0.000845,0,100,0.000017,6,0,6,6,0,6
9893652,,0.000981,0,35,0.000014,7,0,7,7,0,7
9893667,,0.000142,0,100,0.000008,1,0,1,1,0,1
23630459,,0,0.000467,100,0.000007,0,2,2,0,2,2
9894790,,0.000122,0,100,0.000028,6,0,6,6,0,6
23408238,,0,0.000387,89,0.000007,0,4,4,0,4,4
20496165,,0,0.000487,90,0.000007,0,4,4,0,4,4
18551366,,0,0.001068,100,0.000007,0,5,5,0,5,5
14597413,,0,0.001641,100,0.000007,0,4,4,0,4,4
9915565,,0.000379,0,89,0.000027,10,0,10,10,0,10
16033918,,0,0.000007,89,0.000007,0,1,1,0,1,1
9916952,,0.00151,0,1,0.000011,4,0,4,4,0,4
9917577,,0.000289,0,89,0.00002,6,0,6,6,0,6
19856276,,0,0.000006,89,0.000007,0,1,1,0,1,1
9921907,,0.000309,0,89,0.000009,4,0,4,4,0,4
29928364,,0,0.000086,100,0.000007,0,2,2,0,2,2
9926942,,0.004168,0,100,0.000104,35,0,35,35,0,35
24231951,,0,0.001157,100,0.000007,0,6,6,0,6,6
23554684,,0,0.000104,100,0.000007,0,4,4,0,4,4
22731250,,0,0.000079,100,0.000007,0,1,1,0,1,1
22646717,,0,0.00168,100,0.000007,0,13,13,0,13,13
20100570,,0,0.000087,100,0.000007,0,2,2,0,2,2
19933157,,0,0.000181,100,0.000007,0,2,2,0,2,2
10485851,,0,0.000079,100,0.000007,0,1,1,0,1,1
9927062,,0.001473,0,89,0.000176,19,0,19,19,0,19
25111504,,0,0.000028,89,0.000007,0,1,1,0,1,1
24627880,,0,0.000117,89,0.000007,0,2,2,0,2,2
9927063,,0.000528,0,69,0.000099,20,0,20,20,0,20
26144601,,0,0.00001,69,0.000007,0,1,1,0,1,1
24209623,,0,0.000669,69,0.000007,0,3,3,0,3,3
22888282,,0,0.000383,176,0.000007,0,3,3,0,3,3
20629513,,0,0.000181,1,0.000007,0,5,5,0,5,5
20543579,,0,0.000063,69,0.000007,0,2,2,0,2,2
19375789,,0,0.000088,69,0.000007,0,3,3,0,3,3
19101990,,0,0.00001,69,0.000007,0,1,1,0,1,1
16701802,,0,0.00001,69,0.000007,0,1,1,0,1,1
12732731,,0,0.00001,69,0.000007,0,1,1,0,1,1
11943731,,0,0.00001,69,0.000007,0,1,1,0,1,1
11788563,,0,0.00001,69,0.000007,0,1,1,0,1,1
11710827,,0,0.00001,69,0.000007,0,1,1,0,1,1
11524701,,0,0.00001,69,0.000007,0,1,1,0,1,1
11283247,,0,0.00001,69,0.000007,0,1,1,0,1,1
10854205,,0,0.00001,69,0.000007,0,1,1,0,1,1
10748874,,0,0.00001,69,0.000007,0,1,1,0,1,1
10550333,,0,0.00001,69,0.000007,0,1,1,0,1,1
10550292,,0,0.00001,69,0.000007,0,1,1,0,1,1
29706640,,0,0.000228,140,0.000013,1,5,6,1,5,6
9928476,,0.007316,0,100,0.000194,63,0,63,63,0,63
27466510,,0.000011,0.000218,231,0.000007,1,4,5,1,4,5
25385471,,0,0.001649,90,0.000007,0,4,4,0,4,4
24969172,,0,0.000269,35,0.000007,0,5,5,0,5,5
24104964,,0.000224,0.000763,35,0.000039,11,12,23,11,12,23
23738079,,0,0.001563,100,0.000007,0,6,6,0,6,6
23086583,,0,0.001263,205,0.000007,0,6,6,0,6,6
21829601,,0,0.00014,100,0.000007,0,1,1,0,1,1
21399666,,0,0.004267,100,0.000007,0,8,8,0,8,8
21335604,,0.013209,0.010727,100,0.000134,82,28,110,82,28,110
20877357,,0,0.006799,1,0.000007,0,2,2,0,2,2
19572197,,0.000931,0.005159,100,0.000015,6,18,24,6,18,24
17767707,,0.000192,0.000412,231,0.000031,11,10,21,11,10,21
17515903,,0,0.000669,100,0.000007,0,3,3,0,3,3
19383289,,0,0,33,0.000007,0,1,1,0,1,1
9928543,,0,0,33,0.000013,1,0,1,1,0,1
9928546,,0.000033,0,89,0.000009,1,0,1,1,0,1
9950212,,0.004089,0,100,0.000277,23,0,23,23,0,23
24220145,,0,0.001034,35,0.000007,0,4,4,0,4,4
22048815,,0.003325,0.021472,35,0.000137,44,13,57,44,13,57
21646376,,0,0.001526,35,0.000007,0,8,8,0,8,8
18828875,,0,0.006145,100,0.000007,0,6,6,0,6,6
15280923,,0,0,34,0.000007,0,1,1,0,1,1
9973246,,0,0,34,0.000025,3,0,3,3,0,3
12508347,,0,0,34,0.000007,0,1,1,0,1,1
11250700,,0,0,34,0.000007,0,1,1,0,1,1
26433958,,0,0.00037,35,0.00001,1,9,10,1,9,10
9988226,,0.000204,0,90,0.000023,7,0,7,7,0,7
20711217,,0,0.000043,90,0.000007,0,2,2,0,2,2
20173765,,0,0.000043,90,0.000007,0,2,2,0,2,2
9988281,,0.017476,0,279,0.000368,108,0,108,108,0,108
25884417,,0.001118,0.001227,140,0.000008,4,6,10,4,6,10
24171172,,0.000464,0.001275,232,0.000026,5,10,15,5,10,15
23644490,,0,0.003504,100,0.000007,0,7,7,0,7,7
23246380,,0.001093,0.026837,1,0.000018,7,18,25,7,18,25
22253870,,0.004542,0.014622,1,0.000029,14,15,29,14,15,29
20164690,,0.002444,0.025921,1,0.000034,16,17,33,16,17,33
19921426,,0.000557,0.000945,279,0.000033,18,8,26,18,8,26
19389812,,0.000685,0.005669,90,0.000104,13,25,38,13,25,38
19079346,,0.001906,0.006872,35,0.000534,79,12,91,79,12,91
10702410,,0,0.000333,279,0.000007,0,1,1,0,1,1
10023017,,0.000043,0,140,0.000007,1,0,1,1,0,1
10023316,,0.000276,0,5,0.000013,6,0,6,6,0,6
28129608,,0,0.000234,5,0.000007,0,7,7,0,7,7
11795771,,0,0.000005,5,0.000007,0,3,3,0,3,3
11693316,,0,0,35,0.000007,0,1,1,0,1,1
10023674,,0,0,35,0.000022,3,0,3,3,0,3
10844550,,0,0,35,0.000007,0,1,1,0,1,1
10026184,,0.007895,0,100,0.000127,37,0,37,37,0,37
29036709,,0,0.000157,100,0.000007,0,2,2,0,2,2
26991106,,0,0.000551,100,0.000007,0,2,2,0,2,2
26903030,,0,0.001258,100,0.000007,0,7,7,0,7,7
25420785,,0,0.00332,35,0.000007,0,2,2,0,2,2
23826138,,0,0.005749,100,0.000007,0,13,13,0,13,13
20018070,,0,0.000153,231,0.000007,0,2,2,0,2,2
16140759,,0,0.000151,100,0.000007,0,1,1,0,1,1
29881257,,0,0.053649,1,0.000007,0,36,36,0,36,36
10029077,,0.012155,0,1,0.000042,29,0,29,29,0,29
23257159,,0.007098,0.006608,1,0.00005,32,13,45,32,13,45
22176776,,0.001208,0.028631,89,0.00001,2,18,20,2,18,20
19360115,,0,0.000285,1,0.000007,0,2,2,0,2,2
28074086,,0,0.00006,231,0.000007,0,3,3,0,3,3
10030809,,0.000088,0,231,0.000014,5,0,5,5,0,5
20658316,,0,0.000237,231,0.000007,0,4,4,0,4,4
18423013,,0,0.000045,89,0.000007,0,4,4,0,4,4
15987450,,0,0.000032,231,0.000007,0,3,3,0,3,3
10037104,,0.001618,0,89,0.000014,9,0,9,9,0,9
29447163,,0,0.000395,2,0.000013,1,9,10,1,9,10
10050867,,0.000623,0,2,0.000053,20,0,20,20,0,20
29308008,,0,0.000012,2,0.000007,0,1,1,0,1,1
29119601,,0,0.000071,2,0.000007,0,5,5,0,5,5
25043884,,0,0.000012,2,0.000007,0,1,1,0,1,1
24581183,,0,0.000018,89,0.000007,0,3,3,0,3,3
23782947,,0,0.000016,2,0.000007,0,2,2,0,2,2
23556484,,0,0.000016,2,0.000007,0,2,2,0,2,2
22515449,,0,0.00085,2,0.000007,0,14,14,0,14,14
22146940,,0,0.00002,2,0.000007,0,3,3,0,3,3
15994977,,0,0.000033,231,0.000007,0,5,5,0,5,5
15923273,,0,0.000178,2,0.000007,0,2,2,0,2,2
15383145,,0.000194,0.001833,2,0.000026,5,7,12,5,7,12
11826021,,0,0.000048,2,0.000007,0,3,3,0,3,3
10052688,,0.000021,0,279,0.00001,1,0,1,1,0,1
10053113,,0.001896,0,89,0.000021,16,0,16,16,0,16
24465539,,0,0.000057,89,0.000007,0,3,3,0,3,3
23110154,,0.001165,0.016459,35,0.000037,13,34,47,13,34,47
18279506,,0,0.000169,231,0.000007,0,8,8,0,8,8
10064388,,0.00125,0,279,0.000025,14,0,14,14,0,14
21443808,,0,0.000024,279,0.000007,0,1,1,0,1,1
11927006,,0,0.000053,90,0.000007,0,3,3,0,3,3
19139003,,0,0.000157,279,0.000007,0,5,5,0,5,5
10064397,,0.000003,0,279,0.000008,1,0,1,1,0,1
18538481,,0,0,89,0.000007,0,1,1,0,1,1
10066082,,0.000007,0,89,0.000017,3,0,3,3,0,3
10070953,,0.000995,0,89,0.000022,12,0,12,12,0,12
25483748,,0,0.000007,5,0.000007,0,1,1,0,1,1
10071299,,0.000384,0,5,0.000023,14,0,14,14,0,14
23748874,,0,0.000009,5,0.000007,0,2,2,0,2,2
22426886,,0,0.000256,5,0.000007,0,11,11,0,11,11
10074913,,0.001783,0,279,0.000046,15,0,15,15,0,15
10080590,,0.000249,0,5,0.000024,9,0,9,9,0,9
27417765,,0,0.001509,5,0.000007,0,14,14,0,14,14
25996638,,0,0.000265,5,0.000007,0,5,5,0,5,5
21637102,,0,0.002589,5,0.000007,0,11,11,0,11,11
21412252,,0,0.000243,5,0.000007,0,6,6,0,6,6
15960769,,0,0.000005,5,0.000007,0,1,1,0,1,1
11431707,,0,0.000005,5,0.000007,0,1,1,0,1,1
10085126,,0.002134,0,279,0.000052,15,0,15,15,0,15
23215809,,0,0.00113,279,0.000007,0,5,5,0,5,5
10087311,,0.000286,0,279,0.000014,4,0,4,4,0,4
10087939,,0.000397,0,5,0.000025,12,0,12,12,0,12
17159154,,0,0.000008,5,0.000007,0,1,1,0,1,1
29021971,,0,0.000088,140,0.000007,0,4,4,0,4,4
10090482,,0.000276,0,89,0.000011,6,0,6,6,0,6
25914721,,0,0.000034,72,0.000007,0,1,1,0,1,1
25483070,,0,0.000034,72,0.000007,0,1,1,0,1,1
23634256,,0,0.000059,176,0.000007,0,2,2,0,2,2
23527004,,0,0.000091,72,0.000007,0,2,2,0,2,2
23321980,,0,0.000034,72,0.000007,0,1,1,0,1,1
22772991,,0,0.000034,72,0.000007,0,1,1,0,1,1
22265405,,0,0.000034,72,0.000007,0,1,1,0,1,1
20817926,,0.000224,0.002911,100,0.000045,11,13,24,11,13,24
17030616,,0,0.00034,100,0.000007,0,3,3,0,3,3
15456886,,0,0.000034,72,0.000007,0,1,1,0,1,1
12093739,,0,0.000037,111,0.000007,0,2,2,0,2,2
11991988,,0,0.000034,72,0.000007,0,1,1,0,1,1
11756546,,0,0.000034,72,0.000007,0,1,1,0,1,1
11713306,,0,0.000034,72,0.000007,0,1,1,0,1,1
11507224,,0,0.000034,72,0.000007,0,1,1,0,1,1
11258704,,0,0.000034,72,0.000007,0,1,1,0,1,1
11046151,,0,0.000181,72,0.000007,0,2,2,0,2,2
10669733,,0,0.000034,72,0.000007,0,1,1,0,1,1
10523631,,0,0.000034,72,0.000007,0,1,1,0,1,1
10409719,,0,0.000034,72,0.000007,0,1,1,0,1,1
25637381,,0,0.000183,89,0.000007,0,4,4,0,4,4
24845763,,0,0.000053,35,0.000007,0,3,3,0,3,3
24605033,,0,0.000945,205,0.000007,0,7,7,0,7,7
22845480,,0,0.001998,1,0.000007,0,9,9,0,9,9
10986050,,0,0.000047,89,0.000007,0,1,1,0,1,1
10733464,,0,0.000047,89,0.000007,0,1,1,0,1,1
26372358,,0,0.0052,89,0.000007,0,3,3,0,3,3
10092133,,0.000101,0,89,0.000021,5,0,5,5,0,5
11714444,,0,0.000002,89,0.000007,0,1,1,0,1,1
11046132,,0,0.000002,89,0.000007,0,2,2,0,2,2
23638402,,0.000329,0.001967,5,0.000072,19,14,33,19,14,33
30453943,,0,0.000028,100,0.000007,0,2,2,0,2,2
30116365,,0,0.000018,100,0.000007,0,1,1,0,1,1
30030469,,0,0.000018,100,0.000007,0,1,1,0,1,1
29962921,,0,0.008858,279,0.000007,0,24,24,0,24,24
29662639,,0,0.000339,41,0.000007,0,5,5,0,5,5
29478268,,0,0.002161,231,0.000007,0,8,8,0,8,8
28972307,,0,0.000381,90,0.000007,0,4,4,0,4,4
28448435,,0,0.003171,69,0.000007,0,8,8,0,8,8
25986046,,0.000043,0.001252,1,0.000017,4,14,18,4,14,18
23353575,,0,0.000324,1,0.000007,0,2,2,0,2,2
11477134,,0,0.000018,100,0.000007,0,1,1,0,1,1
10196224,,0.003353,0,100,0.000115,35,0,35,35,0,35
22277651,,0,0.000064,100,0.000007,0,1,1,0,1,1
19103759,,0,0.000064,100,0.000007,0,1,1,0,1,1
17298719,,0,0.0005,100,0.000007,0,8,8,0,8,8
16036112,,0,0.000064,100,0.000007,0,1,1,0,1,1
12052894,,0,0.000064,100,0.000007,0,1,1,0,1,1
10196379,,0.001889,0,231,0.000037,13,0,13,13,0,13
19661301,,0,0.000036,231,0.000007,0,1,1,0,1,1
17010210,,0,0.000042,111,0.000007,0,2,2,0,2,2
10197592,,0.00823,0,100,0.000106,54,0,54,54,0,54
29939192,,0,0.000503,100,0.000007,0,5,5,0,5,5
28211448,,0,0.000839,100,0.000007,0,4,4,0,4,4
28094292,,0,0.000297,100,0.000007,0,3,3,0,3,3
27596592,,0,0.000581,100,0.000007,0,2,2,0,2,2
27487145,,0,0.000352,41,0.000007,0,2,2,0,2,2
27279728,,0,0.002633,100,0.000007,0,11,11,0,11,11
26752698,,0,0.000157,100,0.000007,0,1,1,0,1,1
26099552,,0,0.000157,100,0.000007,0,1,1,0,1,1
25735297,,0,0.000157,100,0.000007,0,1,1,0,1,1
25695263,,0,0.000279,100,0.000007,0,2,2,0,2,2
25301930,,0,0.001238,100,0.000007,0,5,5,0,5,5
23422745,,0,0.000237,100,0.000007,0,2,2,0,2,2
23181949,,0,0.013751,100,0.000007,0,12,12,0,12,12
20459590,,0.002674,0.028401,1,0.000042,15,25,40,15,25,40
20056622,,0,0.000192,5,0.000007,0,2,2,0,2,2
17947333,,0,0.00039,100,0.000007,0,3,3,0,3,3
16382135,,0,0.00385,100,0.000007,0,18,18,0,18,18
26424555,,0,0,35,0.000007,0,1,1,0,1,1
10197594,,0.000001,0,35,0.000049,8,0,8,8,0,8
23363989,,0,0,35,0.000007,0,1,1,0,1,1
21118556,,0,0,35,0.000007,0,1,1,0,1,1
16574773,,0,0,35,0.000007,0,1,1,0,1,1
15215175,,0,0,35,0.000007,0,1,1,0,1,1
14580259,,0,0.000025,35,0.000007,0,2,2,0,2,2
12817990,,0,0,35,0.000007,0,1,1,0,1,1
11606748,,0,0.00002,35,0.000007,0,2,2,0,2,2
30381801,,0,0.003707,100,0.000007,0,3,3,0,3,3
10198641,,0.021536,0,100,0.00057,164,0,164,164,0,164
30176860,,0,0.003424,100,0.000007,0,9,9,0,9,9
30022158,,0.000471,0.002649,100,0.00001,5,6,11,5,6,11
28627616,,0,0.012304,100,0.000007,0,9,9,0,9,9
28115467,,0,0.009634,100,0.000007,0,3,3,0,3,3
27489360,,0,0.000411,100,0.000007,0,1,1,0,1,1
26791779,,0,0.000552,100,0.000007,0,4,4,0,4,4
26224004,,0.000355,0.002521,184,0.000028,11,19,30,11,19,30
24784001,,0.000725,0.001605,35,0.000088,20,7,27,20,7,27
24639516,,0.0003,0.001438,100,0.000009,4,16,20,4,16,20
23271346,,0,0.004569,100,0.000007,0,11,11,0,11,11
23166748,,0,0.000411,100,0.000007,0,1,1,0,1,1
22956898,,0,0.007774,100,0.000007,0,11,11,0,11,11
22576213,,0.024655,0.018197,1,0.000171,56,16,72,56,16,72
22300766,,0,0.008201,69,0.000007,0,3,3,0,3,3
22043171,,0,0.000762,100,0.000007,0,7,7,0,7,7
22014574,,0,0.000479,100,0.000007,0,3,3,0,3,3
21505454,,0,0.000452,100,0.000007,0,3,3,0,3,3
21203397,,0.000733,0.002424,100,0.000011,4,13,17,4,13,17
21118148,,0,0.000448,176,0.000007,0,3,3,0,3,3
20814902,,0,0.006056,100,0.000007,0,6,6,0,6,6
20736306,,0,0.000411,100,0.000007,0,1,1,0,1,1
20581865,,0,0.000568,100,0.000007,0,3,3,0,3,3
20056609,,0,0.000718,100,0.000007,0,4,4,0,4,4
19841536,,0.000765,0.001997,279,0.000448,85,7,92,85,7,92
19768832,,0,0.000487,100,0.000007,0,2,2,0,2,2
19440510,,0,0.000932,176,0.000007,0,7,7,0,7,7
19426562,,0,0.000676,100,0.000007,0,2,2,0,2,2
19116315,,0,0.000441,176,0.000007,0,2,2,0,2,2
19061835,,0,0.001028,100,0.000007,0,3,3,0,3,3
18472015,,0,0.001729,100,0.000007,0,4,4,0,4,4
18437411,,0,0.000411,100,0.000007,0,1,1,0,1,1
18392149,,0,0.000538,100,0.000007,0,2,2,0,2,2
17627006,,0.0009,0.001121,231,0.000042,10,4,14,10,4,14
17585109,,0,0.000441,176,0.000007,0,2,2,0,2,2
17470549,,0,0.000752,100,0.000007,0,5,5,0,5,5
17109756,,0,0.000852,100,0.000007,0,7,7,0,7,7
16810330,,0,0.001307,100,0.000007,0,6,6,0,6,6
16488990,,0,0.001657,100,0.000007,0,7,7,0,7,7
16449657,,0,0.000538,100,0.000007,0,2,2,0,2,2
16382142,,0,0.000538,100,0.000007,0,2,2,0,2,2
16294017,,0.000309,0.000789,247,0.000066,12,5,17,12,5,17
15452277,,0,0.001082,100,0.000007,0,4,4,0,4,4
15359281,,0,0.000552,100,0.000007,0,3,3,0,3,3
15205312,,0,0.000538,100,0.000007,0,2,2,0,2,2
12861014,,0,0.000538,100,0.000007,0,2,2,0,2,2
12802070,,0,0.000411,100,0.000007,0,1,1,0,1,1
12726860,,0,0.000616,100,0.000007,0,3,3,0,3,3
12556505,,0,0.000411,100,0.000007,0,1,1,0,1,1
12529385,,0,0.000411,100,0.000007,0,1,1,0,1,1
12391152,,0,0.001201,100,0.000007,0,6,6,0,6,6
12107843,,0,0.000538,100,0.000007,0,2,2,0,2,2
12000837,,0,0.000731,57,0.000007,0,7,7,0,7,7
11847097,,0,0.000538,100,0.000007,0,2,2,0,2,2
11593014,,0,0.001718,100,0.000007,0,6,6,0,6,6
11313470,,0,0.002051,100,0.000007,0,6,6,0,6,6
11247899,,0,0.000411,100,0.000007,0,1,1,0,1,1
11016956,,0,0.000411,100,0.000007,0,1,1,0,1,1
10761921,,0,0.000411,100,0.000007,0,1,1,0,1,1
10637228,,0,0.000411,100,0.000007,0,1,1,0,1,1
10612807,,0,0.000411,100,0.000007,0,1,1,0,1,1
26807317,,0,0.000001,69,0.000007,0,1,1,0,1,1
10202133,,0.00003,0,69,0.000048,11,0,11,11,0,11
25388014,,0,0.000026,69,0.000007,0,2,2,0,2,2
22931248,,0,0.000447,69,0.000007,0,6,6,0,6,6
22022186,,0,0.000001,69,0.000007,0,1,1,0,1,1
20959669,,0,0.000001,69,0.000007,0,1,1,0,1,1
19926575,,0,0.000194,69,0.000007,0,3,3,0,3,3
19818123,,0,0.000001,69,0.000007,0,1,1,0,1,1
18586313,,0,0.000001,69,0.000007,0,1,1,0,1,1
18546622,,0,0.000636,69,0.000007,0,7,7,0,7,7
15277215,,0,0.000217,69,0.000007,0,2,2,0,2,2
26745695,,0,0.000392,69,0.000007,0,4,4,0,4,4
10203282,,0.000706,0,69,0.000014,8,0,8,8,0,8
22506137,,0,0.0087,69,0.000007,0,13,13,0,13,13
30377392,,0,0,69,0.000007,0,1,1,0,1,1
10203646,,0,0,69,0.00004,6,0,6,6,0,6
24639781,,0,0,69,0.000007,0,1,1,0,1,1
20436317,,0,0,69,0.000007,0,1,1,0,1,1
16896365,,0,0,69,0.000007,0,1,1,0,1,1
11405553,,0,0,69,0.000007,0,1,1,0,1,1
10203660,,0.000371,0,5,0.000038,9,0,9,9,0,9
24771937,,0,0.003592,5,0.000007,0,14,14,0,14,14
22666209,,0,0.000007,5,0.000007,0,1,1,0,1,1
19746214,,0,0.000007,5,0.000007,0,1,1,0,1,1
18008159,,0,0.000007,5,0.000007,0,1,1,0,1,1
10567117,,0,0.000007,5,0.000007,0,1,1,0,1,1
30210453,,0,0.000115,231,0.000007,0,3,3,0,3,3
26316780,,0,0.000034,231,0.000007,0,4,4,0,4,4
23770079,,0.000436,0.001892,100,0.000119,30,8,38,30,8,38
23467468,,0,0.000067,231,0.000007,0,7,7,0,7,7
22860233,,0,0.000105,231,0.000007,0,4,4,0,4,4
22792352,,0,0.000056,231,0.000007,0,8,8,0,8,8
22151998,,0,0.00004,231,0.000007,0,4,4,0,4,4
21493872,,0,0.000029,231,0.000007,0,1,1,0,1,1
20846920,,0,0.00011,231,0.000007,0,8,8,0,8,8
19597981,,0,0.000029,231,0.000007,0,1,1,0,1,1
17389770,,0,0.000029,231,0.000007,0,1,1,0,1,1
16987421,,0,0.000051,231,0.000007,0,3,3,0,3,3
15743497,,0.000529,0.002105,231,0.000035,11,10,21,11,10,21
12793900,,0,0.000041,231,0.000007,0,2,2,0,2,2
12052249,,0,0.00037,41,0.000007,0,3,3,0,3,3
11056674,,0,0.000029,231,0.000007,0,1,1,0,1,1
28930233,,0,0.000629,89,0.000007,0,4,4,0,4,4
10206068,,0.000177,0,89,0.000013,5,0,5,5,0,5
25810703,,0,0.000016,1,0.000007,0,1,1,0,1,1
10206407,,0.000836,0,1,0.000018,5,0,5,5,0,5
10207641,,0.000837,0,5,0.000056,27,0,27,27,0,27
24073047,,0,0.000016,5,0.000007,0,1,1,0,1,1
23435715,,0,0.000099,5,0.000007,0,2,2,0,2,2
22191677,,0,0.000088,5,0.000007,0,5,5,0,5,5
22109875,,0,0.000016,5,0.000007,0,1,1,0,1,1
19797406,,0,0.000016,5,0.000007,0,1,1,0,1,1
16573301,,0,0.000099,5,0.000007,0,2,2,0,2,2
15994356,,0,0.000016,5,0.000007,0,1,1,0,1,1
10207643,,0.00005,0,5,0.000031,8,0,8,8,0,8
25059530,,0,0.000001,5,0.000007,0,1,1,0,1,1
20229073,,0,0.000125,5,0.000007,0,7,7,0,7,7
17030154,,0,0.000001,5,0.000007,0,1,1,0,1,1
15679510,,0,0.000001,5,0.000007,0,1,1,0,1,1
29225669,,0,0.00007,5,0.000007,0,6,6,0,6,6
10207644,,0.000922,0,5,0.000022,18,0,18,18,0,18
26897130,,0.000032,0.000258,5,0.000012,3,15,18,3,15,18
23485718,,0,0.0001,5,0.000007,0,5,5,0,5,5
23420550,,0.000081,0.000218,5,0.000022,12,13,25,12,13,25
22381132,,0,0.000049,5,0.000007,0,8,8,0,8,8
20852944,,0.001684,0.000295,5,0.000018,15,18,33,15,18,33
10208417,,0.017859,0,1,0.000257,74,0,74,74,0,74
29925418,,0,0.031259,1,0.000007,0,25,25,0,25,25
29480000,,0,0.001268,1,0.000007,0,13,13,0,13,13
29467487,,0,0.002903,1,0.000007,0,7,7,0,7,7
26284132,,0.000347,0.000506,279,0.000026,8,11,19,8,11,19
24821107,,0,0.004995,1,0.000007,0,20,20,0,20,20
24348208,,0,0.009864,279,0.000007,0,12,12,0,12,12
23269547,,0.005013,0.027815,1,0.000032,21,14,35,21,14,35
22207351,,0.000205,0.001693,279,0.000066,15,9,24,15,9,24
21670155,,0.000411,0.001241,279,0.000181,30,12,42,30,12,42
21402071,,0,0.022846,1,0.000007,0,20,20,0,20,20
21345144,,0.002507,0.030043,100,0.000044,36,52,88,36,52,88
20689651,,0.000197,0.002214,1,0.000033,9,9,18,9,9,18
20682973,,0.000424,0.000687,279,0.000178,53,4,57,53,4,57
20179752,,0,0.001036,1,0.000007,0,4,4,0,4,4
19644562,,0.00073,0.001181,279,0.000037,8,12,20,8,12,20
19452229,,0,0.006998,1,0.000007,0,21,21,0,21,21
17963294,,0,0.000476,1,0.000007,0,2,2,0,2,2
16679448,,0,0.000341,1,0.000007,0,1,1,0,1,1
11879567,,0,0.001654,1,0.000007,0,6,6,0,6,6
11420478,,0,0.001429,1,0.000007,0,2,2,0,2,2
25949218,,0,0.000009,35,0.000007,0,2,2,0,2,2
10210766,,0.000053,0,35,0.000012,3,0,3,3,0,3
21248744,,0.000111,0.000133,5,0.000009,4,10,14,4,10,14
10213514,,0.004738,0,231,0.001076,48,0,48,48,0,48
26152113,,0.000033,0.002122,1,0.000014,2,16,18,2,16,18
25093046,,0,0.002972,100,0.000007,0,14,14,0,14,14
24959366,,0,0.00125,205,0.000007,0,5,5,0,5,5
24942640,,0.00033,0.000981,279,0.000027,6,12,18,6,12,18
24106700,,0,0.00009,231,0.000007,0,1,1,0,1,1
23339669,,0,0.00009,231,0.000007,0,1,1,0,1,1
20130978,,0.000047,0.006055,5,0.000027,4,23,27,4,23,27
19820934,,0,0.00009,231,0.000007,0,1,1,0,1,1
19336554,,0,0.004107,35,0.000007,0,4,4,0,4,4
19183329,,0,0.00009,231,0.000007,0,1,1,0,1,1
15655558,,0,0.00009,231,0.000007,0,1,1,0,1,1
15583697,,0,0.000092,90,0.000007,0,2,2,0,2,2
14583766,,0,0.000169,231,0.000007,0,4,4,0,4,4
12829800,,0.166219,0.005804,35,0.005693,1409,5,1414,1409,5,1414
11734645,,0,0.00009,231,0.000007,0,1,1,0,1,1
10213572,,0.000037,0,35,0.000007,1,0,1,1,0,1
24489791,,0.000217,0.003093,140,0.00001,4,34,38,4,34,38
10220145,,0.000301,0,140,0.00002,6,0,6,6,0,6
23448497,,0.001297,0.009992,100,0.000027,17,27,44,17,27,44
23065703,,0,0.000006,140,0.000007,0,1,1,0,1,1
20179151,,0,0.000165,140,0.000007,0,3,3,0,3,3
29239146,,0,0.001185,100,0.000007,0,15,15,0,15,15
28320735,,0,0.00017,100,0.000007,0,3,3,0,3,3
26972001,,0,0.000591,1,0.000007,0,6,6,0,6,6
26257058,,0,0.000162,90,0.000007,0,3,3,0,3,3
25755634,,0,0.000147,100,0.000007,0,1,1,0,1,1
25697359,,0,0.000147,100,0.000007,0,1,1,0,1,1
23340908,,0,0.000147,100,0.000007,0,1,1,0,1,1
23246971,,0.002919,0.005571,100,0.000102,21,29,50,21,29,50
22743332,,0.000466,0.000662,100,0.000009,3,4,7,3,4,7
22496786,,0,0.000147,100,0.000007,0,1,1,0,1,1
22247744,,0,0.009323,100,0.000007,0,21,21,0,21,21
22132221,,0,0.000147,100,0.000007,0,1,1,0,1,1
20304628,,0,0.000222,1,0.000007,0,2,2,0,2,2
20026604,,0,0.000147,100,0.000007,0,1,1,0,1,1
19164445,,0,0.001077,100,0.000007,0,8,8,0,8,8
18385154,,0,0.000541,57,0.000007,0,2,2,0,2,2
17720775,,0,0.000147,100,0.000007,0,1,1,0,1,1
16091739,,0.00042,0.003476,100,0.000052,12,10,22,12,10,22
15082762,,0,0.000201,100,0.000007,0,2,2,0,2,2
12954765,,0,0.00017,100,0.000007,0,2,2,0,2,2
12409607,,0,0.000147,90,0.000007,0,2,2,0,2,2
10221342,,0.000012,0,69,0.000008,1,0,1,1,0,1
30159686,,0,0,66,0.000007,0,1,1,0,1,1
10223244,,0.000005,0,66,0.000077,17,0,17,17,0,17
25898411,,0,0,66,0.000007,0,1,1,0,1,1
25826086,,0,0,66,0.000007,0,1,1,0,1,1
22977611,,0,0,66,0.000007,0,1,1,0,1,1
22408433,,0,0,66,0.000007,0,1,1,0,1,1
22174605,,0,0,66,0.000007,0,1,1,0,1,1
19931353,,0,0,66,0.000007,0,1,1,0,1,1
10229196,,0.000859,0,35,0.000051,17,0,17,17,0,17
24651012,,0,0.000016,35,0.000007,0,1,1,0,1,1
22446188,,0,0.000056,35,0.000007,0,2,2,0,2,2
12909720,,0,0.000142,35,0.000007,0,3,3,0,3,3
12446780,,0,0.000139,35,0.000007,0,2,2,0,2,2
10779360,,0,0.000016,35,0.000007,0,1,1,0,1,1
10323242,,0.00144,0,89,0.00003,17,0,17,17,0,17
29324832,,0,0.000036,89,0.000007,0,3,3,0,3,3
26852015,,0.001191,0.000825,89,0.000008,4,29,33,4,29,33
26824983,,0.000751,0.000819,89,0.000027,10,10,20,10,10,20
25927356,,0.000878,0.001425,89,0.000018,9,14,23,9,14,23
16963498,,0,0.000027,89,0.000007,0,1,1,0,1,1
11161380,,0,0.000027,89,0.000007,0,1,1,0,1,1
10326698,,0.001497,0,231,0.000024,16,0,16,16,0,16
10326710,,0.000163,0,35,0.000008,1,0,1,1,0,1
10329379,,0.000175,0,279,0.00001,2,0,2,2,0,2
24773628,,0,0.006565,231,0.000007,0,8,8,0,8,8
10333246,,0.000158,0,66,0.000016,6,0,6,6,0,6
22021332,,0,0.00015,231,0.000007,0,5,5,0,5,5
19192273,,0,0.000014,66,0.000007,0,2,2,0,2,2
10334549,,0.000193,0,5,0.000017,4,0,4,4,0,4
10334989,,0.011829,0,90,0.0003,106,0,106,106,0,106
30093977,,0,0.000314,35,0.000007,0,4,4,0,4,4
28970854,,0,0.002528,5,0.000007,0,13,13,0,13,13
28808806,,0,0.001783,90,0.000007,0,13,13,0,13,13
28052035,,0.000004,0.000395,90,0.000009,2,12,14,2,12,14
27449292,,0,0.000351,90,0.000007,0,5,5,0,5,5
26414677,,0.000383,0.000536,184,0.000239,47,5,52,47,5,52
25493237,,0,0.000604,90,0.000007,0,7,7,0,7,7
24830723,,0,0.000695,90,0.000007,0,4,4,0,4,4
23790801,,0,0.000513,90,0.000007,0,5,5,0,5,5
22865929,,0,0.000669,100,0.000007,0,4,4,0,4,4
22488153,,0.001479,0.000363,69,0.00002,11,5,16,11,5,16
21950761,,0.000016,0.002523,100,0.000035,6,20,26,6,20,26
21793850,,0,0.002663,90,0.000007,0,27,27,0,27,27
21179390,,0,0.000354,90,0.000007,0,3,3,0,3,3
20720010,,0,0.000226,90,0.000007,0,1,1,0,1,1
20460377,,0,0.000226,90,0.000007,0,1,1,0,1,1
19935720,,0,0.000226,90,0.000007,0,1,1,0,1,1
19840196,,0,0.000355,90,0.000007,0,2,2,0,2,2
19569049,,0,0.000536,41,0.000007,0,3,3,0,3,3
19445691,,0.000555,0.00049,90,0.000044,12,7,19,12,7,19
19369417,,0,0.000226,90,0.000007,0,1,1,0,1,1
18165438,,0,0.00026,90,0.000007,0,2,2,0,2,2
17627304,,0,0.005396,90,0.000007,0,2,2,0,2,2
17515958,,0,0.000232,90,0.000007,0,2,2,0,2,2
17291555,,0,0.000374,90,0.000007,0,3,3,0,3,3
16538216,,0.000483,0.002615,5,0.000016,6,18,24,6,18,24
16282588,,0,0.000448,90,0.000007,0,4,4,0,4,4
15886699,,0,0.000252,72,0.000007,0,3,3,0,3,3
15831449,,0,0.005396,90,0.000007,0,2,2,0,2,2
15798188,,0,0.000456,90,0.000007,0,3,3,0,3,3
15342491,,0,0.000575,90,0.000007,0,7,7,0,7,7
12765342,,0,0.000226,90,0.000007,0,1,1,0,1,1
11971970,,0,0.000265,90,0.000007,0,2,2,0,2,2
11287611,,0,0.000226,90,0.000007,0,1,1,0,1,1
11250677,,0,0.000226,90,0.000007,0,1,1,0,1,1
29854275,,0,0.00104,1,0.000007,0,4,4,0,4,4
10337991,,0.003893,0,1,0.000034,22,0,22,22,0,22
28835720,,0,0.000757,205,0.000007,0,8,8,0,8,8
10340909,,0.000988,0,89,0.000046,8,0,8,8,0,8
10343884,,0.000029,0,231,0.000016,3,0,3,3,0,3
16935972,,0,0.000001,231,0.000007,0,1,1,0,1,1
25754547,,0,0.000513,89,0.000007,0,8,8,0,8,8
10344217,,0.001071,0,89,0.000018,10,0,10,10,0,10
18288683,,0,0.001498,100,0.000007,0,8,8,0,8,8
10344722,,0.000062,0,176,0.000024,4,0,4,4,0,4
20034954,,0,0.000273,176,0.000007,0,3,3,0,3,3
15304567,,0,0.000001,176,0.000007,0,1,1,0,1,1
29898891,,0,0.00031,231,0.000007,0,4,4,0,4,4
10359546,,0.013265,0,89,0.00027,155,0,155,155,0,155
29805665,,0,0.001163,89,0.000007,0,27,27,0,27,27
29409476,,0,0.002613,89,0.000007,0,22,22,0,22,22
28770017,,0.00014,0.001368,5,0.000007,2,23,25,2,23,25
27896289,,0,0.000996,5,0.000007,0,17,17,0,17,17
27737991,,0,0.004135,5,0.000007,0,22,22,0,22,22
27737975,,0,0.004135,5,0.000007,0,22,22,0,22,22
27417805,,0,0.004659,5,0.000007,0,12,12,0,12,12
27037238,,0.002583,0.00826,100,0.000081,45,32,77,45,32,77
26970739,,0,0.000467,89,0.000007,0,5,5,0,5,5
26923423,,0,0.000388,89,0.000007,0,3,3,0,3,3
26730210,,0,0.000638,89,0.000007,0,7,7,0,7,7
26328265,,0.000094,0.003014,35,0.000036,9,18,27,9,18,27
25742481,,0,0.00026,35,0.000007,0,4,4,0,4,4
24818103,,0,0.000682,89,0.000007,0,3,3,0,3,3
24693404,,0,0.000283,231,0.000007,0,2,2,0,2,2
24359602,,0.001723,0.007038,231,0.000038,15,31,46,15,31,46
24281079,,0,0.001295,89,0.000007,0,6,6,0,6,6
23940692,,0,0.000552,89,0.000007,0,2,2,0,2,2
23819024,,0,0.000761,89,0.000007,0,5,5,0,5,5
23785413,,0,0.00034,231,0.000007,0,3,3,0,3,3
23674086,,0,0.001433,5,0.000007,0,4,4,0,4,4
23224237,,0,0.003949,89,0.000007,0,6,6,0,6,6
22187038,,0.000306,0.003548,5,0.000008,4,15,19,4,15,19
21804359,,0,0.000805,89,0.000007,0,7,7,0,7,7
21352566,,0,0.002404,5,0.000007,0,7,7,0,7,7
20025740,,0,0.001387,231,0.000007,0,9,9,0,9,9
19690183,,0,0.000582,89,0.000007,0,4,4,0,4,4
19034644,,0.00024,0.001673,35,0.000024,6,15,21,6,15,21
18096087,,0,0.000395,231,0.000007,0,2,2,0,2,2
17551082,,0,0.00031,5,0.000007,0,2,2,0,2,2
16848974,,0,0.000332,89,0.000007,0,2,2,0,2,2
16404418,,0.000636,0.001533,41,0.000015,7,12,19,7,12,19
11233871,,0,0.000253,89,0.000007,0,1,1,0,1,1
10678859,,0,0.000272,231,0.000007,0,2,2,0,2,2
23928696,,0,0.001395,89,0.000007,0,2,2,0,2,2
29956808,,0,0.000145,1,0.000007,0,5,5,0,5,5
10362364,,0.002197,0,57,0.000143,40,0,40,40,0,40
29254138,,0,0.011901,1,0.000007,0,5,5,0,5,5
27921283,,0,0.000839,1,0.000007,0,5,5,0,5,5
27902462,,0,0.012915,1,0.000007,0,7,7,0,7,7
27605872,,0,0.000042,57,0.000007,0,1,1,0,1,1
27523733,,0,0.000042,57,0.000007,0,1,1,0,1,1
26431531,,0,0.000596,1,0.000007,0,6,6,0,6,6
26046797,,0,0.000288,231,0.000007,0,4,4,0,4,4
24202319,,0,0.027575,1,0.000007,0,8,8,0,8,8
24198246,,0,0.000042,57,0.000007,0,1,1,0,1,1
24002644,,0,0.000042,57,0.000007,0,1,1,0,1,1
23382697,,0,0.010474,1,0.000007,0,4,4,0,4,4
22693661,,0,0.013839,1,0.000007,0,19,19,0,19,19
22567403,,0,0.000042,57,0.000007,0,1,1,0,1,1
22467216,,0,0.012042,1,0.000007,0,12,12,0,12,12
22382497,,0,0.000394,57,0.000007,0,2,2,0,2,2
21807948,,0,0.000576,57,0.000007,0,2,2,0,2,2
21558173,,0,0.000042,57,0.000007,0,1,1,0,1,1
19218431,,0,0.009373,1,0.000007,0,3,3,0,3,3
18986213,,0,0.000055,57,0.000007,0,2,2,0,2,2
18718930,,0,0.000042,57,0.000007,0,1,1,0,1,1
16945962,,0,0.000042,57,0.000007,0,1,1,0,1,1
16935872,,0,0.000042,57,0.000007,0,1,1,0,1,1
16822856,,0,0.000042,57,0.000007,0,1,1,0,1,1
16762066,,0,0.000042,57,0.000007,0,1,1,0,1,1
16428451,,0,0.000042,57,0.000007,0,1,1,0,1,1
14551247,,0,0.000042,57,0.000007,0,1,1,0,1,1
11904375,,0,0.000042,57,0.000007,0,1,1,0,1,1
11884632,,0,0.000055,57,0.000007,0,2,2,0,2,2
11782437,,0,0.000528,57,0.000007,0,3,3,0,3,3
10970884,,0,0.000108,57,0.000007,0,3,3,0,3,3
10880455,,0,0.000042,57,0.000007,0,1,1,0,1,1
10848582,,0,0.000042,57,0.000007,0,1,1,0,1,1
10747037,,0,0.000042,57,0.000007,0,1,1,0,1,1
10362365,,0.000669,0,57,0.000071,21,0,21,21,0,21
28059167,,0,0.00365,248,0.000007,0,6,6,0,6,6
24387052,,0,0.000124,57,0.000007,0,2,2,0,2,2
24358152,,0,0.000013,57,0.000007,0,1,1,0,1,1
24043618,,0,0.000013,57,0.000007,0,1,1,0,1,1
23613757,,0,0.000013,57,0.000007,0,1,1,0,1,1
23284289,,0,0.000407,57,0.000007,0,2,2,0,2,2
20089461,,0,0.001401,100,0.000007,0,3,3,0,3,3
19881892,,0,0.000013,57,0.000007,0,1,1,0,1,1
17544928,,0,0.000013,57,0.000007,0,1,1,0,1,1
16540687,,0,0.000432,57,0.000007,0,4,4,0,4,4
16520463,,0,0.000028,57,0.000007,0,2,2,0,2,2
12614485,,0,0.000013,57,0.000007,0,1,1,0,1,1
12087154,,0,0.000265,57,0.000007,0,4,4,0,4,4
24165045,,0,0.007944,1,0.000007,0,5,5,0,5,5
10367417,,0.000259,0,89,0.000015,3,0,3,3,0,3
10488003,,0,0.000005,89,0.000007,0,1,1,0,1,1
10367887,,0.010401,0,90,0.000489,111,0,111,111,0,111
28821714,,0,0.000198,90,0.000007,0,1,1,0,1,1
28035057,,0,0.000793,168,0.000061,9,4,13,9,4,13
27047795,,0,0.000227,176,0.000007,0,2,2,0,2,2
26927663,,0,0.000467,90,0.000007,0,2,2,0,2,2
26914889,,0,0.000198,90,0.000007,0,1,1,0,1,1
26870207,,0.000021,0.000599,24,0.000019,4,4,8,4,4,8
26870203,,0,0.000198,90,0.000007,0,1,1,0,1,1
26731607,,0,0.000198,90,0.000007,0,1,1,0,1,1
26636486,,0,0.000203,168,0.000007,0,2,2,0,2,2
26545365,,0,0.000198,90,0.000007,0,1,1,0,1,1
25939870,,0,0.000198,90,0.000007,0,1,1,0,1,1
24955130,,0,0.000198,90,0.000007,0,1,1,0,1,1
23563151,,0,0.000198,90,0.000007,0,1,1,0,1,1
23435429,,0.000293,0.012253,35,0.000046,11,20,31,11,20,31
23388825,,0,0.000204,168,0.000007,0,2,2,0,2,2
23110523,,0,0.000198,90,0.000007,0,1,1,0,1,1
22515981,,0,0.000229,168,0.000007,0,6,6,0,6,6
22313682,,0,0.000222,168,0.000007,0,4,4,0,4,4
22135303,,0,0.000238,168,0.000007,0,2,2,0,2,2
22058036,,0,0.000198,90,0.000007,0,1,1,0,1,1
21986581,,0,0.00024,168,0.000007,0,3,3,0,3,3
21921033,,0,0.000198,90,0.000007,0,1,1,0,1,1
21821885,,0,0.000198,90,0.000007,0,1,1,0,1,1
21813510,,0,0.00029,100,0.000007,0,4,4,0,4,4
21293478,,0,0.000198,90,0.000007,0,1,1,0,1,1
20932473,,0,0.000198,90,0.000007,0,1,1,0,1,1
20651982,,0.000217,0.000357,279,0.000167,33,3,36,33,3,36
20184742,,0,0.000227,176,0.000007,0,2,2,0,2,2
19738286,,0,0.000198,90,0.000007,0,1,1,0,1,1
19652693,,0,0.000198,90,0.000007,0,1,1,0,1,1
19452042,,0.000006,0.001417,24,0.000022,3,8,11,3,8,11
19348871,,0,0.000198,90,0.000007,0,1,1,0,1,1
19128509,,0,0.000198,90,0.000007,0,1,1,0,1,1
19075680,,0,0.000198,90,0.000007,0,1,1,0,1,1
19061437,,0,0.000198,90,0.000007,0,1,1,0,1,1
18789159,,0,0.000198,90,0.000007,0,1,1,0,1,1
18755030,,0,0.000198,90,0.000007,0,1,1,0,1,1
18483238,,0,0.000198,90,0.000007,0,1,1,0,1,1
18288288,,0,0.000198,90,0.000007,0,1,1,0,1,1
18039880,,0,0.000198,90,0.000007,0,1,1,0,1,1
17686638,,0,0.000198,90,0.000007,0,1,1,0,1,1
17659913,,0,0.000198,90,0.000007,0,1,1,0,1,1
17367502,,0,0.000209,90,0.000007,0,3,3,0,3,3
16287712,,0,0.000198,90,0.000007,0,1,1,0,1,1
16129820,,0,0.000198,90,0.000007,0,1,1,0,1,1
16093247,,0,0.000201,90,0.000007,0,2,2,0,2,2
15899854,,0,0.000319,100,0.000007,0,5,5,0,5,5
12060755,,0,0.000198,90,0.000007,0,1,1,0,1,1
11861824,,0,0.000217,100,0.000007,0,2,2,0,2,2
11790258,,0,0.000198,90,0.000007,0,1,1,0,1,1
11359902,,0,0.000198,90,0.000007,0,1,1,0,1,1
11283255,,0,0.000198,90,0.000007,0,1,1,0,1,1
11172022,,0,0.000198,90,0.000007,0,1,1,0,1,1
11119614,,0,0.000198,90,0.000007,0,1,1,0,1,1
10518576,,0,0.000198,90,0.000007,0,1,1,0,1,1
10508860,,0,0.000198,90,0.000007,0,1,1,0,1,1
10369075,,0.000948,0,66,0.000042,12,0,12,12,0,12
26629412,,0,0.000018,231,0.000007,0,2,2,0,2,2
25506474,,0,0.000022,66,0.000007,0,2,2,0,2,2
11834470,,0,0.000126,66,0.000007,0,4,4,0,4,4
10371336,,0.000076,0,89,0.000011,2,0,2,2,0,2
10371343,,0.002905,0,279,0.000057,17,0,17,17,0,17
27246982,,0.000017,0.004664,5,0.000013,2,34,36,2,34,36
10371344,,0.001464,0,5,0.000014,8,0,8,8,0,8
10372578,,0.000237,0,89,0.000008,3,0,3,3,0,3
10373498,,0.010109,0,100,0.0002,44,0,44,44,0,44
28765325,,0.002508,0.033777,1,0.000019,7,18,25,7,18,25
28210115,,0,0.021338,24,0.000007,0,21,21,0,21,21
25472942,,0.00909,0.010778,100,0.000117,91,10,101,91,10,101
24928521,,0.000255,0.012037,1,0.000009,3,11,14,3,11,14
23583677,,0.000001,0.001455,100,0.00001,1,8,9,1,8,9
20431479,,0,0.001661,69,0.000007,0,9,9,0,9,9
17591697,,0,0.000715,100,0.000007,0,6,6,0,6,6
15902273,,0,0.001426,100,0.000007,0,3,3,0,3,3
25874233,,0,0.000143,66,0.000007,0,5,5,0,5,5
10375022,,0.000012,0,66,0.000076,14,0,14,14,0,14
25870675,,0,0.000427,66,0.000007,0,2,2,0,2,2
23678451,,0,0,66,0.000007,0,2,2,0,2,2
22977174,,0,0,66,0.000007,0,1,1,0,1,1
22265958,,0,0,66,0.000007,0,1,1,0,1,1
21069581,,0,0,66,0.000007,0,1,1,0,1,1
20043081,,0,0,66,0.000007,0,1,1,0,1,1
19321454,,0,0,66,0.000007,0,1,1,0,1,1
19106194,,0,0,66,0.000007,0,1,1,0,1,1
18450951,,0,0,66,0.000007,0,1,1,0,1,1
18434428,,0,0,66,0.000007,0,1,1,0,1,1
11879565,,0,0,66,0.000007,0,1,1,0,1,1
11517191,,0,0,66,0.000007,0,1,1,0,1,1
26163143,,0.000013,0.000073,198,0.000017,3,9,12,3,9,12
10376643,,0.000042,0,198,0.000012,3,0,3,3,0,3
25624167,,0,0.000058,90,0.000007,0,3,3,0,3,3
10377759,,0.000009,0,90,0.000018,4,0,4,4,0,4
24023717,,0,0.000312,35,0.000007,0,5,5,0,5,5
23508728,,0,0,90,0.000007,0,1,1,0,1,1
10378346,,0.000002,0,5,0.000009,1,0,1,1,0,1
29552163,,0,0,137,0.000007,0,1,1,0,1,1
10378691,,0.000017,0,137,0.000261,47,0,47,47,0,47
29507657,,0,0,137,0.000007,0,1,1,0,1,1
29221209,,0,0,137,0.000007,0,1,1,0,1,1
28590415,,0,0.00051,137,0.000007,0,4,4,0,4,4
28469390,,0,0,137,0.000007,0,1,1,0,1,1
27341130,,0,0,137,0.000007,0,1,1,0,1,1
25332683,,0,0.000058,137,0.000007,0,4,4,0,4,4
24426788,,0,0,137,0.000007,0,1,1,0,1,1
23593022,,0,0,137,0.000007,0,1,1,0,1,1
23178486,,0,0,137,0.000007,0,1,1,0,1,1
22949360,,0,0,137,0.000007,0,1,1,0,1,1
22937096,,0,0.000178,1,0.000007,0,3,3,0,3,3
22457068,,0,0,137,0.000007,0,1,1,0,1,1
22281836,,0,0,137,0.000007,0,1,1,0,1,1
21722388,,0,0,137,0.000007,0,1,1,0,1,1
21696634,,0,0,137,0.000007,0,1,1,0,1,1
21160952,,0,0,137,0.000007,0,1,1,0,1,1
20630092,,0,0,137,0.000007,0,1,1,0,1,1
20124188,,0,0,137,0.000007,0,1,1,0,1,1
20066163,,0,0,137,0.000007,0,1,1,0,1,1
19586553,,0,0,137,0.000007,0,1,1,0,1,1
18773413,,0,0.00002,137,0.000007,0,2,2,0,2,2
16925946,,0,0.00002,137,0.000007,0,2,2,0,2,2
16705311,,0,0,137,0.000007,0,1,1,0,1,1
16287840,,0,0,137,0.000007,0,1,1,0,1,1
16166655,,0,0,137,0.000007,0,1,1,0,1,1
15990869,,0,0.00002,137,0.000007,0,2,2,0,2,2
15888729,,0,0,137,0.000007,0,1,1,0,1,1
15876353,,0,0,137,0.000007,0,1,1,0,1,1
15644444,,0,0,137,0.000007,0,1,1,0,1,1
14749374,,0,0,137,0.000007,0,1,1,0,1,1
12660246,,0,0,137,0.000007,0,1,1,0,1,1
11988837,,0,0,137,0.000007,0,1,1,0,1,1
11839798,,0,0,137,0.000007,0,1,1,0,1,1
11583582,,0,0,137,0.000007,0,1,1,0,1,1
11559788,,0,0,137,0.000007,0,1,1,0,1,1
11498786,,0,0,137,0.000007,0,1,1,0,1,1
11438650,,0,0,137,0.000007,0,1,1,0,1,1
11160753,,0,0,137,0.000007,0,1,1,0,1,1
11154257,,0,0,137,0.000007,0,1,1,0,1,1
11139609,,0,0,137,0.000007,0,1,1,0,1,1
11073970,,0,0,137,0.000007,0,1,1,0,1,1
11018017,,0,0,137,0.000007,0,1,1,0,1,1
10871348,,0,0,137,0.000007,0,1,1,0,1,1
10449755,,0,0,137,0.000007,0,1,1,0,1,1
29682206,,0,0.000001,87,0.000007,0,1,1,0,1,1
10385558,,0.000033,0,87,0.000062,12,0,12,12,0,12
24608665,,0,0.000232,87,0.000007,0,3,3,0,3,3
21969033,,0,0.000004,87,0.000007,0,2,2,0,2,2
20219115,,0,0.000001,87,0.000007,0,1,1,0,1,1
19131544,,0,0.000001,87,0.000007,0,1,1,0,1,1
18039672,,0,0.000001,87,0.000007,0,1,1,0,1,1
15659642,,0,0.000001,87,0.000007,0,1,1,0,1,1
15487985,,0,0.000001,87,0.000007,0,1,1,0,1,1
15107402,,0,0.000001,87,0.000007,0,1,1,0,1,1
12610513,,0,0.000308,87,0.000007,0,2,2,0,2,2
27135030,,0,0.000002,279,0.000007,0,1,1,0,1,1
10388011,,0.000082,0,279,0.000033,7,0,7,7,0,7
26343159,,0,0.002603,5,0.000007,0,14,14,0,14,14
25914468,,0,0.000002,279,0.000007,0,1,1,0,1,1
22848233,,0,0.000131,279,0.000007,0,5,5,0,5,5
22558471,,0,0.001541,69,0.000007,0,12,12,0,12,12
19461420,,0,0.000002,279,0.000007,0,1,1,0,1,1
19019330,,0,0.000002,279,0.000007,0,1,1,0,1,1
10388122,,0.000419,0,69,0.00002,5,0,5,5,0,5
21779467,,0.010772,0.016333,1,0.000112,58,13,71,58,13,71
19012856,,0,0.000053,69,0.000007,0,3,3,0,3,3
10388131,,0.000511,0,89,0.000008,2,0,2,2,0,2
10388472,,0.000734,0,89,0.00001,4,0,4,4,0,4
10389907,,0.003999,0,279,0.000073,31,0,31,31,0,31
22807977,,0.000215,0.000373,1,0.000019,3,4,7,3,4,7
29326282,,0,0.001637,1,0.000007,0,10,10,0,10,10
27694902,,0,0.000527,111,0.000007,0,4,4,0,4,4
26015068,,0,0.000006,111,0.000007,0,1,1,0,1,1
25295095,,0,0.000212,111,0.000007,0,2,2,0,2,2
25169151,,0,0.000037,111,0.000007,0,3,3,0,3,3
23668926,,0,0.000006,111,0.000007,0,1,1,0,1,1
23386605,,0,0.000006,111,0.000007,0,1,1,0,1,1
23343470,,0,0.000072,111,0.000007,0,3,3,0,3,3
19843852,,0,0.000007,111,0.000007,0,3,3,0,3,3
19725933,,0,0.000006,111,0.000007,0,1,1,0,1,1
18219292,,0,0.000006,111,0.000007,0,1,1,0,1,1
11733352,,0,0.000006,111,0.000007,0,1,1,0,1,1
11720474,,0,0.000019,69,0.000007,0,2,2,0,2,2
30370269,,0,0.000017,82,0.000007,0,1,1,0,1,1
10395800,,0.000871,0,82,0.001258,231,0,231,231,0,231
30274346,,0,0.000017,82,0.000007,0,1,1,0,1,1
30210236,,0,0.000017,82,0.000007,0,1,1,0,1,1
29916526,,0,0.000026,69,0.000007,0,2,2,0,2,2
29783720,,0,0.000017,82,0.000007,0,1,1,0,1,1
29610308,,0,0.00002,82,0.000007,0,2,2,0,2,2
29212227,,0,0.000017,82,0.000007,0,1,1,0,1,1
29186924,,0,0.000017,82,0.000007,0,1,1,0,1,1
29100416,,0,0.000017,82,0.000007,0,1,1,0,1,1
28978086,,0,0.000017,82,0.000007,0,1,1,0,1,1
28924214,,0,0.000017,82,0.000007,0,1,1,0,1,1
28915569,,0,0.000017,82,0.000007,0,1,1,0,1,1
28808307,,0,0.000017,82,0.000007,0,1,1,0,1,1
28656199,,0,0.000017,82,0.000007,0,1,1,0,1,1
28649557,,0,0.000017,82,0.000007,0,1,1,0,1,1
28628113,,0,0.00002,82,0.000007,0,2,2,0,2,2
28565848,,0,0.000017,82,0.000007,0,1,1,0,1,1
28345663,,0,0.000017,82,0.000007,0,1,1,0,1,1
28320471,,0,0.000017,82,0.000007,0,1,1,0,1,1
28249796,,0,0.000771,1,0.000007,0,9,9,0,9,9
28208686,,0,0.000017,82,0.000007,0,2,2,0,2,2
28039434,,0,0.000017,82,0.000007,0,1,1,0,1,1
27989102,,0,0.000017,82,0.000007,0,1,1,0,1,1
27917193,,0,0.000458,82,0.000007,0,4,4,0,4,4
27825125,,0,0.000017,82,0.000007,0,1,1,0,1,1
27787518,,0,0.000017,82,0.000007,0,1,1,0,1,1
27754804,,0,0.000017,82,0.000007,0,1,1,0,1,1
27664235,,0,0.000029,82,0.000007,0,3,3,0,3,3
27657126,,0,0.000095,35,0.000007,0,2,2,0,2,2
27656195,,0,0.000017,82,0.000007,0,1,1,0,1,1
27655644,,0,0.00002,82,0.000007,0,2,2,0,2,2
27586425,,0,0.000017,82,0.000007,0,1,1,0,1,1
27583134,,0,0.000017,82,0.000007,0,1,1,0,1,1
27559856,,0,0.000017,82,0.000007,0,1,1,0,1,1
27413116,,0,0.000017,82,0.000007,0,1,1,0,1,1
27308318,,0,0.000063,176,0.000007,0,2,2,0,2,2
27186430,,0,0.000017,82,0.000007,0,1,1,0,1,1
27174920,,0,0.00002,82,0.000007,0,2,2,0,2,2
27046249,,0,0.000017,82,0.000007,0,1,1,0,1,1
26990661,,0,0.000017,82,0.000007,0,1,1,0,1,1
26965179,,0,0.000017,82,0.000007,0,1,1,0,1,1
26895793,,0,0.000017,82,0.000007,0,1,1,0,1,1
26885041,,0,0.000017,82,0.000007,0,1,1,0,1,1
26848389,,0,0.000017,82,0.000007,0,1,1,0,1,1
26722507,,0,0.000017,82,0.000007,0,1,1,0,1,1
26692106,,0,0.000025,82,0.000007,0,2,2,0,2,2
26637829,,0,0.000455,100,0.000007,0,3,3,0,3,3
26622876,,0,0.000017,82,0.000007,0,1,1,0,1,1
26567363,,0,0.000029,82,0.000007,0,3,3,0,3,3
26506894,,0,0.00002,82,0.000007,0,2,2,0,2,2
26494988,,0,0.000017,82,0.000007,0,1,1,0,1,1
26458502,,0,0.000017,82,0.000007,0,1,1,0,1,1
26325327,,0,0.000017,82,0.000007,0,1,1,0,1,1
26267321,,0,0.000017,82,0.000007,0,1,1,0,1,1
26221242,,0,0.000367,82,0.000007,0,4,4,0,4,4
26106145,,0,0.000024,82,0.000007,0,3,3,0,3,3
25780525,,0,0.000017,82,0.000007,0,1,1,0,1,1
25750736,,0,0.000167,82,0.000007,0,4,4,0,4,4
25708267,,0,0.000017,82,0.000007,0,1,1,0,1,1
25693418,,0,0.00002,82,0.000007,0,2,2,0,2,2
25654549,,0,0.000025,82,0.000007,0,2,2,0,2,2
25522271,,0,0.000017,82,0.000007,0,1,1,0,1,1
25520576,,0,0.000017,82,0.000007,0,1,1,0,1,1
25483966,,0,0.00038,82,0.000007,0,3,3,0,3,3
25478322,,0,0.000017,82,0.000007,0,1,1,0,1,1
25427136,,0,0.000017,82,0.000007,0,1,1,0,1,1
25375374,,0,0.000017,82,0.000007,0,1,1,0,1,1
25373623,,0,0.00003,82,0.000007,0,2,2,0,2,2
25328887,,0,0.000025,82,0.000007,0,2,2,0,2,2
25278778,,0,0.000017,82,0.000007,0,1,1,0,1,1
25278333,,0,0.000025,82,0.000007,0,2,2,0,2,2
25221581,,0,0.000017,82,0.000007,0,1,1,0,1,1
25196438,,0,0.000017,82,0.000007,0,1,1,0,1,1
25165101,,0,0.000039,82,0.000007,0,3,3,0,3,3
25086043,,0,0.000017,82,0.000007,0,1,1,0,1,1
25026290,,0,0.000017,82,0.000007,0,1,1,0,1,1
25013481,,0,0.000017,82,0.000007,0,1,1,0,1,1
24991826,,0,0.000017,82,0.000007,0,1,1,0,1,1
24980959,,0,0.000039,100,0.000007,0,2,2,0,2,2
24967584,,0,0.000017,82,0.000007,0,1,1,0,1,1
24956373,,0,0.000349,57,0.000007,0,2,2,0,2,2
24905997,,0,0.000017,82,0.000007,0,1,1,0,1,1
24905824,,0,0.000017,82,0.000007,0,1,1,0,1,1
24729948,,0,0.000017,82,0.000007,0,1,1,0,1,1
24710488,,0,0.00003,82,0.000007,0,2,2,0,2,2
24649042,,0,0.000017,82,0.000007,0,1,1,0,1,1
24583697,,0,0.000017,82,0.000007,0,1,1,0,1,1
24492513,,0,0.000867,35,0.000007,0,3,3,0,3,3
24482641,,0,0.000017,82,0.000007,0,1,1,0,1,1
24478461,,0.000457,0.000168,82,0.000204,46,3,49,46,3,49
24475161,,0,0.000017,82,0.000007,0,1,1,0,1,1
24413078,,0,0.000017,82,0.000007,0,1,1,0,1,1
24401568,,0,0.000017,82,0.000007,0,1,1,0,1,1
24335351,,0,0.000017,82,0.000007,0,1,1,0,1,1
24260370,,0,0.000017,82,0.000007,0,1,1,0,1,1
24159576,,0,0.000017,82,0.000007,0,1,1,0,1,1
24146879,,0,0.000017,82,0.000007,0,1,1,0,1,1
24129700,,0,0.000017,82,0.000007,0,1,1,0,1,1
24121596,,0,0.000017,82,0.000007,0,1,1,0,1,1
23971531,,0,0.000017,82,0.000007,0,1,1,0,1,1
23943849,,0,0.000017,82,0.000007,0,1,1,0,1,1
23933813,,0,0.00044,1,0.000007,0,4,4,0,4,4
23841025,,0,0.000215,35,0.000007,0,3,3,0,3,3
23840208,,0,0.000017,82,0.000007,0,1,1,0,1,1
23749209,,0,0.000017,82,0.000007,0,1,1,0,1,1
23743823,,0,0.000017,82,0.000007,0,1,1,0,1,1
23555164,,0,0.000017,82,0.000007,0,1,1,0,1,1
23497401,,0,0.000017,82,0.000007,0,1,1,0,1,1
23416930,,0,0.000017,82,0.000007,0,1,1,0,1,1
23406899,,0,0.000017,82,0.000007,0,1,1,0,1,1
23382696,,0,0.000017,82,0.000007,0,1,1,0,1,1
23341467,,0,0.000017,82,0.000007,0,1,1,0,1,1
23301705,,0,0.000017,82,0.000007,0,1,1,0,1,1
23274497,,0,0.000017,82,0.000007,0,1,1,0,1,1
23270461,,0,0.000017,82,0.000007,0,1,1,0,1,1
23236226,,0,0.000017,82,0.000007,0,1,1,0,1,1
23192274,,0,0.00003,82,0.000007,0,2,2,0,2,2
23181220,,0,0.000017,82,0.000007,0,1,1,0,1,1
23150779,,0,0.000017,82,0.000007,0,1,1,0,1,1
23119048,,0,0.000307,57,0.000007,0,2,2,0,2,2
23041550,,0,0.000017,82,0.000007,0,1,1,0,1,1
23026799,,0,0.000017,82,0.000007,0,1,1,0,1,1
22944659,,0,0.000017,82,0.000007,0,1,1,0,1,1
22935804,,0,0.000017,82,0.000007,0,1,1,0,1,1
22928777,,0,0.000017,82,0.000007,0,1,1,0,1,1
22871337,,0,0.000017,82,0.000007,0,1,1,0,1,1
22728670,,0,0.000017,82,0.000007,0,1,1,0,1,1
22684298,,0,0.000017,82,0.000007,0,1,1,0,1,1
22562096,,0,0.000017,82,0.000007,0,1,1,0,1,1
22562073,,0,0.000017,82,0.000007,0,1,1,0,1,1
22534666,,0,0.000017,82,0.000007,0,1,1,0,1,1
22518295,,0,0.000017,82,0.000007,0,1,1,0,1,1
22334383,,0,0.000017,82,0.000007,0,1,1,0,1,1
22314807,,0,0.000017,82,0.000007,0,1,1,0,1,1
22310240,,0,0.000017,82,0.000007,0,1,1,0,1,1
22295229,,0,0.000017,82,0.000007,0,1,1,0,1,1
22281437,,0,0.000265,100,0.000007,0,2,2,0,2,2
22246348,,0,0.000017,82,0.000007,0,1,1,0,1,1
22166310,,0,0.000017,82,0.000007,0,1,1,0,1,1
22144182,,0,0.000017,82,0.000007,0,1,1,0,1,1
21994775,,0,0.000017,82,0.000007,0,1,1,0,1,1
21969237,,0,0.000017,82,0.000007,0,1,1,0,1,1
21969218,,0,0.000017,82,0.000007,0,1,1,0,1,1
21967333,,0,0.000017,82,0.000007,0,1,1,0,1,1
21936852,,0,0.000017,82,0.000007,0,1,1,0,1,1
21935420,,0,0.000017,82,0.000007,0,1,1,0,1,1
21912435,,0,0.00003,82,0.000007,0,2,2,0,2,2
21807966,,0,0.000017,82,0.000007,0,1,1,0,1,1
21801811,,0,0.000017,82,0.000007,0,1,1,0,1,1
21764854,,0,0.000017,82,0.000007,0,1,1,0,1,1
21611191,,0,0.000017,82,0.000007,0,1,1,0,1,1
21540988,,0,0.000017,82,0.000007,0,1,1,0,1,1
21455500,,0,0.000017,82,0.000007,0,1,1,0,1,1
21339326,,0,0.000017,82,0.000007,0,1,1,0,1,1
21317301,,0,0.000017,82,0.000007,0,1,1,0,1,1
21298336,,0,0.000017,82,0.000007,0,1,1,0,1,1
21274377,,0,0.000017,82,0.000007,0,1,1,0,1,1
21263212,,0,0.000017,82,0.000007,0,1,1,0,1,1
20842118,,0,0.000017,82,0.000007,0,1,1,0,1,1
20811353,,0,0.000017,82,0.000007,0,1,1,0,1,1
20694022,,0,0.000017,82,0.000007,0,1,1,0,1,1
20657601,,0,0.000017,82,0.000007,0,1,1,0,1,1
20634405,,0,0.000017,82,0.000007,0,1,1,0,1,1
20418542,,0,0.000017,82,0.000007,0,1,1,0,1,1
20368806,,0,0.000017,82,0.000007,0,1,1,0,1,1
20356743,,0,0.000017,82,0.000007,0,1,1,0,1,1
20303758,,0,0.000017,82,0.000007,0,1,1,0,1,1
20224296,,0,0.000017,82,0.000007,0,1,1,0,1,1
20206246,,0,0.000017,82,0.000007,0,1,1,0,1,1
20184741,,0,0.000017,82,0.000007,0,1,1,0,1,1
20096689,,0,0.000017,82,0.000007,0,1,1,0,1,1
20096553,,0,0.000017,82,0.000007,0,1,1,0,1,1
20056398,,0,0.008843,82,0.000007,0,2,2,0,2,2
19951459,,0,0.000017,82,0.000007,0,1,1,0,1,1
19945837,,0,0.000017,82,0.000007,0,1,1,0,1,1
19778902,,0,0.000017,82,0.000007,0,1,1,0,1,1
19707354,,0,0.000017,82,0.000007,0,1,1,0,1,1
19706824,,0,0.000017,82,0.000007,0,1,1,0,1,1
19661439,,0,0.000017,82,0.000007,0,1,1,0,1,1
19641499,,0,0.000017,82,0.000007,0,1,1,0,1,1
19535919,,0,0.000017,82,0.000007,0,1,1,0,1,1
19520853,,0,0.000017,82,0.000007,0,1,1,0,1,1
19372752,,0,0.000017,82,0.000007,0,1,1,0,1,1
19289499,,0,0.000017,82,0.000007,0,1,1,0,1,1
19270154,,0,0.000017,82,0.000007,0,1,1,0,1,1
19221462,,0,0.000017,82,0.000007,0,1,1,0,1,1
19216902,,0,0.000017,82,0.000007,0,1,1,0,1,1
19130303,,0,0.000017,82,0.000007,0,1,1,0,1,1
19049976,,0,0.000017,82,0.000007,0,1,1,0,1,1
19033653,,0,0.000017,82,0.000007,0,1,1,0,1,1
18833585,,0,0.000017,82,0.000007,0,1,1,0,1,1
18797192,,0,0.000017,82,0.000007,0,1,1,0,1,1
18767033,,0,0.000017,82,0.000007,0,1,1,0,1,1
18641390,,0,0.000017,82,0.000007,0,1,1,0,1,1
18598947,,0,0.000017,82,0.000007,0,1,1,0,1,1
18573652,,0,0.000017,82,0.000007,0,1,1,0,1,1
18567846,,0,0.000017,82,0.000007,0,1,1,0,1,1
17972889,,0,0.000017,82,0.000007,0,1,1,0,1,1
17891140,,0,0.000017,82,0.000007,0,1,1,0,1,1
17611387,,0,0.000017,82,0.000007,0,1,1,0,1,1
17606641,,0,0.000489,82,0.000007,0,2,2,0,2,2
17510285,,0,0.000017,82,0.000007,0,1,1,0,1,1
17235397,,0,0.000017,82,0.000007,0,1,1,0,1,1
16718815,,0,0.000017,82,0.000007,0,1,1,0,1,1
16614230,,0,0.008843,82,0.000007,0,2,2,0,2,2
16200202,,0,0.000017,82,0.000007,0,1,1,0,1,1
15928081,,0,0.000017,82,0.000007,0,1,1,0,1,1
15596714,,0,0.000017,82,0.000007,0,1,1,0,1,1
14966907,,0,0.000017,82,0.000007,0,1,1,0,1,1
14657337,,0,0.000017,82,0.000007,0,1,1,0,1,1
11564866,,0,0.000017,82,0.000007,0,1,1,0,1,1
25261235,,0,0.000004,89,0.000007,0,1,1,0,1,1
10398429,,0.000222,0,89,0.000024,5,0,5,5,0,5
24890125,,0,0.000004,89,0.000007,0,1,1,0,1,1
19536326,,0,0.00018,89,0.000007,0,3,3,0,3,3
29725001,,0,0.000009,140,0.000007,0,1,1,0,1,1
10403822,,0.000449,0,140,0.00004,9,0,9,9,0,9
29124183,,0,0.000009,140,0.000007,0,1,1,0,1,1
24653001,,0,0.000019,140,0.000007,0,2,2,0,2,2
18651975,,0,0.000009,140,0.000007,0,1,1,0,1,1
12396231,,0,0.000009,140,0.000007,0,1,1,0,1,1
10406662,,0.000219,0,140,0.000012,4,0,4,4,0,4
14576320,,0,0.000054,140,0.000007,0,2,2,0,2,2
28302160,,0.000059,0.000363,231,0.000008,1,12,13,1,12,13
27902704,,0.000227,0.001681,231,0.000008,2,18,20,2,18,20
21182766,,0,0.003608,231,0.000007,0,20,20,0,20,20
20501846,,0,0.000525,231,0.000007,0,8,8,0,8,8
18704680,,0.002249,0.001746,231,0.000049,27,19,46,27,19,46
10413426,,0.005866,0,89,0.00016,58,0,58,58,0,58
28717751,,0,0.000193,89,0.000007,0,2,2,0,2,2
28637432,,0.000173,0.019465,5,0.000011,4,48,52,4,48,52
27229687,,0,0.000791,5,0.000007,0,10,10,0,10,10
19401704,,0,0.000466,89,0.000007,0,6,6,0,6,6
11461071,,0,0.000112,89,0.000007,0,1,1,0,1,1
10417300,,0.000763,0,89,0.00002,11,0,11,11,0,11
28199346,,0,0.000304,5,0.000007,0,23,23,0,23,23
10422801,,0.001336,0,89,0.00001,8,0,8,8,0,8
10426999,,0.022447,0,100,0.000436,128,0,128,128,0,128
29267345,,0,0.000428,100,0.000007,0,1,1,0,1,1
27385001,,0.000414,0.025578,1,0.000012,4,14,18,4,14,18
26501335,,0.000245,0.003015,24,0.00006,14,11,25,14,11,25
25084169,,0.000082,0.001635,184,0.00002,5,16,21,5,16,21
24062231,,0.000185,0.001495,100,0.000015,6,14,20,6,14,20
23530059,,0,0.0028,100,0.000007,0,13,13,0,13,13
23341130,,0,0.000428,100,0.000007,0,1,1,0,1,1
19509288,,0,0.000428,100,0.000007,0,1,1,0,1,1
19505873,,0,0.000623,41,0.000007,0,2,2,0,2,2
19452044,,0,0.000574,89,0.000007,0,5,5,0,5,5
18936245,,0,0.000428,100,0.000007,0,1,1,0,1,1
15596820,,0,0.001754,100,0.000007,0,4,4,0,4,4
15157277,,0,0.001378,100,0.000007,0,4,4,0,4,4
15140983,,0,0.001188,100,0.000007,0,6,6,0,6,6
14710187,,0,0.000867,100,0.000007,0,2,2,0,2,2
11917116,,0,0.001374,100,0.000007,0,5,5,0,5,5
11238951,,0,0.000867,100,0.000007,0,2,2,0,2,2
11238374,,0,0.000921,57,0.000007,0,3,3,0,3,3
11113202,,0,0.000867,100,0.000007,0,2,2,0,2,2
10908350,,0,0.000428,100,0.000007,0,1,1,0,1,1
23181572,,0,0.000216,279,0.000007,0,3,3,0,3,3
10430073,,0.000484,0,279,0.000022,5,0,5,5,0,5
21138872,,0,0.000009,279,0.000007,0,1,1,0,1,1
20502565,,0,0.000009,279,0.000007,0,1,1,0,1,1
26086041,,0,0.000046,89,0.000007,0,4,4,0,4,4
10432928,,0.000079,0,89,0.000012,3,0,3,3,0,3
28471386,,0,0.000312,89,0.000007,0,4,4,0,4,4
10435598,,0.000318,0,89,0.000172,12,0,12,12,0,12
22140101,,0,0.000006,89,0.000007,0,1,1,0,1,1
10435628,,0.000505,0,279,0.000018,3,0,3,3,0,3
10441598,,0.00114,0,89,0.000048,12,0,12,12,0,12
10444347,,0.000052,0,176,0.000015,1,0,1,1,0,1
30464209,,0,0.000492,1,0.000007,0,2,2,0,2,2
10446958,,0.022262,0,100,0.00037,147,0,147,147,0,147
30345412,,0,0.030867,100,0.000007,0,71,71,0,71,71
30190603,,0,0.000698,100,0.000007,0,2,2,0,2,2
29599286,,0,0.000724,100,0.000007,0,3,3,0,3,3
29309696,,0,0.002218,100,0.000007,0,4,4,0,4,4
27974827,,0,0.000959,100,0.000007,0,2,2,0,2,2
27781374,,0,0.001133,100,0.000007,0,4,4,0,4,4
27725183,,0,0.000622,100,0.000007,0,2,2,0,2,2
27474148,,0,0.002187,100,0.000007,0,7,7,0,7,7
27418635,,0,0.017921,1,0.000007,0,12,12,0,12,12
27308314,,0,0.019768,1,0.000007,0,13,13,0,13,13
27208205,,0,0.001716,100,0.000007,0,8,8,0,8,8
27131790,,0,0.001123,100,0.000007,0,4,4,0,4,4
27094881,,0,0.000639,100,0.000007,0,2,2,0,2,2
26889944,,0,0.001553,100,0.000007,0,5,5,0,5,5
26873923,,0,0.009678,100,0.000007,0,8,8,0,8,8
26586793,,0,0.000425,100,0.000007,0,1,1,0,1,1
26515461,,0.000252,0.003688,184,0.00001,5,21,26,5,21,26
25282148,,0,0.003942,100,0.000007,0,4,4,0,4,4
25218467,,0,0.007262,100,0.000007,0,3,3,0,3,3
25016020,,0,0.013301,100,0.000007,0,14,14,0,14,14
24600040,,0,0.000599,100,0.000007,0,3,3,0,3,3
24323938,,0,0.031734,140,0.000007,0,43,43,0,43,43
23754376,,0,0.010645,100,0.000007,0,3,3,0,3,3
23399959,,0.002595,0.005304,100,0.000022,12,10,22,12,10,22
23326577,,0,0.010569,1,0.000007,0,9,9,0,9,9
23251575,,0,0.024472,1,0.000007,0,11,11,0,11,11
23137030,,0,0.000696,100,0.000007,0,4,4,0,4,4
22915759,,0,0.000657,90,0.000007,0,6,6,0,6,6
21998700,,0.000601,0.009852,184,0.000075,17,6,23,17,6,23
21750719,,0,0.002843,35,0.000007,0,5,5,0,5,5
21722802,,0,0.000647,100,0.000007,0,3,3,0,3,3
21599536,,0,0.002296,100,0.000007,0,6,6,0,6,6
21576230,,0,0.000629,100,0.000007,0,2,2,0,2,2
21558276,,0,0.000467,100,0.000007,0,2,2,0,2,2
21555554,,0.004903,0.016137,24,0.000251,55,4,59,55,4,59
21317870,,0,0.000715,57,0.000007,0,2,2,0,2,2
21052706,,0,0.001887,100,0.000007,0,6,6,0,6,6
20976249,,0,0.009326,100,0.000007,0,3,3,0,3,3
20871616,,0,0.002235,100,0.000007,0,6,6,0,6,6
20729859,,0,0.000425,100,0.000007,0,1,1,0,1,1
20729832,,0,0.000735,100,0.000007,0,3,3,0,3,3
20691183,,0,0.0039,100,0.000007,0,8,8,0,8,8
20509860,,0,0.014239,100,0.000007,0,16,16,0,16,16
20299221,,0,0.000425,100,0.000007,0,1,1,0,1,1
20233726,,0.007045,0.024469,100,0.000138,49,18,67,49,18,67
20207730,,0,0.000472,241,0.000007,0,2,2,0,2,2
20198462,,0,0.000425,100,0.000007,0,1,1,0,1,1
19875419,,0,0.000629,100,0.000007,0,2,2,0,2,2
19838057,,0,0.000425,100,0.000007,0,1,1,0,1,1
19795481,,0,0.002688,140,0.000007,0,12,12,0,12,12
19779458,,0,0.001059,100,0.000007,0,3,3,0,3,3
19713438,,0,0.000564,100,0.000007,0,3,3,0,3,3
19540122,,0,0.000425,100,0.000007,0,1,1,0,1,1
19338667,,0,0.000425,100,0.000007,0,1,1,0,1,1
19270307,,0,0.000425,100,0.000007,0,1,1,0,1,1
19043071,,0,0.000425,100,0.000007,0,1,1,0,1,1
18593900,,0,0.011223,1,0.000007,0,5,5,0,5,5
17996711,,0,0.00092,100,0.000007,0,3,3,0,3,3
17101782,,0,0.000729,100,0.000007,0,3,3,0,3,3
16731627,,0,0.002452,100,0.000007,0,6,6,0,6,6
16513631,,0,0.000899,100,0.000007,0,4,4,0,4,4
15199141,,0,0.003431,100,0.000007,0,9,9,0,9,9
12861027,,0,0.003651,100,0.000007,0,10,10,0,10,10
12202770,,0,0.001306,100,0.000007,0,2,2,0,2,2
26380989,,0,0.000002,89,0.000007,0,1,1,0,1,1
10447004,,0.000089,0,89,0.000029,5,0,5,5,0,5
11172010,,0,0.000002,89,0.000007,0,1,1,0,1,1
11003672,,0,0.000002,89,0.000007,0,1,1,0,1,1
10447273,,0.001108,0,89,0.000015,10,0,10,10,0,10
20223000,,0,0.000261,89,0.000007,0,6,6,0,6,6
28915555,,0,0.000234,35,0.000007,0,4,4,0,4,4
10448115,,0.00011,0,82,0.000082,17,0,17,17,0,17
25114863,,0,0.000031,82,0.000007,0,3,3,0,3,3
20098429,,0,0.001592,82,0.000007,0,4,4,0,4,4
20033770,,0,0.000002,82,0.000007,0,1,1,0,1,1
19891787,,0,0.000002,82,0.000007,0,1,1,0,1,1
18689895,,0,0.000002,82,0.000007,0,1,1,0,1,1
18502190,,0,0.000002,82,0.000007,0,1,1,0,1,1
17622325,,0,0.000002,82,0.000007,0,2,2,0,2,2
17242181,,0,0.000002,82,0.000007,0,1,1,0,1,1
16584539,,0,0.000002,82,0.000007,0,1,1,0,1,1
16168105,,0,0.000107,82,0.000007,0,2,2,0,2,2
12817998,,0,0.000002,82,0.000007,0,1,1,0,1,1
11852996,,0,0.000002,82,0.000007,0,1,1,0,1,1
11305954,,0,0.000008,82,0.000007,0,2,2,0,2,2
11178110,,0,0.000002,82,0.000007,0,1,1,0,1,1
10584868,,0,0.000002,82,0.000007,0,1,1,0,1,1
10449599,,0.001089,0,89,0.000015,8,0,8,8,0,8
17474988,,0,0.008898,35,0.000007,0,5,5,0,5,5
10449606,,0.000205,0,35,0.000009,2,0,2,2,0,2
26553326,,0,0.000008,5,0.000007,0,1,1,0,1,1
10450858,,0.000439,0,5,0.000024,9,0,9,9,0,9
24003856,,0,0.000031,5,0.000007,0,3,3,0,3,3
23861169,,0.000422,0.002237,5,0.000014,9,17,26,9,17,26
21476119,,0,0.000029,5,0.000007,0,3,3,0,3,3
10451451,,0.000036,0,35,0.000007,1,0,1,1,0,1
10451700,,0.000044,0,140,0.000009,2,0,2,2,0,2
10458128,,0.000179,0,89,0.000015,4,0,4,4,0,4
18405362,,0,0.005174,89,0.000007,0,2,2,0,2,2
10459348,,0.000179,0,140,0.000009,3,0,3,3,0,3
24667779,,0.000503,0.003973,140,0.000041,15,26,41,15,26,41
25669972,,0,0.000336,140,0.000007,0,6,6,0,6,6
10463575,,0.000345,0,231,0.000018,6,0,6,6,0,6
22355270,,0,0.000145,231,0.000007,0,5,5,0,5,5
20555325,,0,0.000007,231,0.000007,0,1,1,0,1,1
10464624,,0.000826,0,89,0.000012,4,0,4,4,0,4
10464625,,0.000718,0,89,0.000018,8,0,8,8,0,8
10464630,,0.000116,0,140,0.000008,1,0,1,1,0,1
10464631,,0.000079,0,89,0.000013,2,0,2,2,0,2
25473590,,0,0.001396,5,0.000007,0,13,13,0,13,13
10464632,,0.000349,0,5,0.000013,7,0,7,7,0,7
19545972,,0.0001,0.000228,5,0.00001,4,19,23,4,19,23
10464638,,0.000003,0,5,0.000018,1,0,1,1,0,1
12541220,,0,0.000413,89,0.000007,0,6,6,0,6,6
10464641,,0.000008,0,89,0.000008,1,0,1,1,0,1
10464672,,0.000003,0,231,0.00001,2,0,2,2,0,2
10467410,,0.001942,0,279,0.000016,10,0,10,10,0,10
28314837,,0,0.008604,5,0.000007,0,51,51,0,51,51
10469748,,0.005303,0,5,0.000101,54,0,54,54,0,54
27873046,,0,0.004398,5,0.000013,1,11,12,1,11,12
22509228,,0,0.000203,5,0.000007,0,2,2,0,2,2
22426783,,0,0.000125,5,0.000007,0,2,2,0,2,2
21731580,,0,0.001456,5,0.000007,0,5,5,0,5,5
20935677,,0,0.000125,5,0.000007,0,2,2,0,2,2
20452958,,0,0.000446,5,0.000007,0,4,4,0,4,4
20346095,,0.000599,0.001472,35,0.00001,2,7,9,2,7,9
19775326,,0,0.002659,5,0.000007,0,8,8,0,8,8
19609668,,0.001147,0.008679,5,0.000024,9,25,34,9,25,34
19075184,,0,0.000418,5,0.000007,0,6,6,0,6,6
18672140,,0,0.000908,5,0.000007,0,8,8,0,8,8
18398474,,0,0.000445,5,0.000007,0,3,3,0,3,3
18196605,,0,0.002894,5,0.000007,0,6,6,0,6,6
16457695,,0,0.000343,5,0.000007,0,3,3,0,3,3
16280052,,0.000362,0.001783,5,0.000044,12,9,21,12,9,21
12528581,,0,0.000521,5,0.000007,0,2,2,0,2,2
12528580,,0,0.000521,5,0.000007,0,2,2,0,2,2
11250719,,0,0.000101,5,0.000007,0,1,1,0,1,1
24422881,,0,0,36,0.000007,0,1,1,0,1,1
10469756,,0,0,36,0.000013,1,0,1,1,0,1
10472776,,0.000156,0,5,0.000021,3,0,3,3,0,3
21829373,,0.00067,0.001798,184,0.000117,30,10,40,30,10,40
15972300,,0,0.000005,5,0.000007,0,2,2,0,2,2
10479726,,0.000125,0,140,0.000008,2,0,2,2,0,2
10480351,,0.000796,0,5,0.000028,12,0,12,12,0,12
25390934,,0,0.000108,5,0.000007,0,2,2,0,2,2
11986403,,0,0.000044,5,0.000007,0,2,2,0,2,2
29514593,,0.00015,0.001628,35,0.000007,1,18,19,1,18,19
10480358,,0.00049,0,89,0.0001,30,0,30,30,0,30
24996834,,0,0.000009,89,0.000007,0,1,1,0,1,1
23206658,,0,0.001329,89,0.000007,0,7,7,0,7,7
22605952,,0,0.000009,89,0.000007,0,1,1,0,1,1
20440406,,0,0.000009,89,0.000007,0,1,1,0,1,1
19958559,,0,0.000009,89,0.000007,0,1,1,0,1,1
19804600,,0,0.000202,89,0.000007,0,4,4,0,4,4
19644920,,0,0.000009,89,0.000007,0,1,1,0,1,1
18811933,,0,0.000009,89,0.000007,0,1,1,0,1,1
18394881,,0,0.000012,89,0.000007,0,2,2,0,2,2
17327413,,0,0.000009,89,0.000007,0,1,1,0,1,1
16237223,,0,0.000137,89,0.000007,0,6,6,0,6,6
15931297,,0,0.000023,89,0.000007,0,2,2,0,2,2
15858117,,0,0.000009,89,0.000007,0,1,1,0,1,1
15717935,,0,0.000015,89,0.000007,0,4,4,0,4,4
15309712,,0,0.000009,89,0.000007,0,1,1,0,1,1
14669308,,0,0.000014,89,0.000007,0,2,2,0,2,2
12414817,,0,0.000009,89,0.000007,0,1,1,0,1,1
12046063,,0,0.000039,89,0.000007,0,4,4,0,4,4
11733360,,0,0.000009,89,0.000007,0,1,1,0,1,1
11189446,,0,0.000023,89,0.000007,0,2,2,0,2,2
26967244,,0,0.000103,82,0.000007,0,3,3,0,3,3
24728189,,0.004325,0.01369,1,0.000029,24,23,47,24,23,47
22415235,,0.001143,0.007722,1,0.000017,9,5,14,9,5,14
21822267,,0,0.019567,5,0.000007,0,13,13,0,13,13
26872611,,0,0,89,0.000007,0,1,1,0,1,1
23225982,,0,0,89,0.000007,0,1,1,0,1,1
21930187,,0,0,89,0.000007,0,1,1,0,1,1
21249215,,0,0.000005,89,0.000007,0,2,2,0,2,2
20182602,,0,0.000025,89,0.000007,0,2,2,0,2,2
19426493,,0,0,89,0.000007,0,1,1,0,1,1
19379143,,0,0.00001,89,0.000007,0,4,4,0,4,4
19276375,,0,0.000063,69,0.000007,0,3,3,0,3,3
18798306,,0,0,89,0.000007,0,1,1,0,1,1
16079077,,0,0,89,0.000007,0,1,1,0,1,1
15623478,,0,0.000005,89,0.000007,0,2,2,0,2,2
15387888,,0,0,89,0.000007,0,1,1,0,1,1
10489161,,0.000469,0,89,0.000018,5,0,5,5,0,5
23593030,,0,0.000142,2,0.000007,0,2,2,0,2,2
20852424,,0,0.000188,100,0.000007,0,2,2,0,2,2
19806447,,0,0.000078,100,0.000007,0,1,1,0,1,1
15456874,,0,0.000159,100,0.000007,0,2,2,0,2,2
14668445,,0,0.000078,100,0.000007,0,1,1,0,1,1
11696426,,0,0,37,0.000007,0,1,1,0,1,1
10491526,,0,0,37,0.000019,2,0,2,2,0,2
10727458,,0,0,37,0.000007,0,1,1,0,1,1
24781030,,0,0.000392,231,0.000007,0,6,6,0,6,6
10493508,,0.000051,0,231,0.000079,10,0,10,10,0,10
24039993,,0,0.000001,35,0.00004,6,1,7,6,1,7
22439007,,0,0.000207,231,0.000007,0,2,2,0,2,2
20919637,,0,0.000001,231,0.000007,0,1,1,0,1,1
19641506,,0,0.000001,231,0.000007,0,1,1,0,1,1
19641503,,0,0.000001,231,0.000007,0,1,1,0,1,1
19156528,,0,0.000001,231,0.000007,0,1,1,0,1,1
19106292,,0,0.000259,231,0.000007,0,3,3,0,3,3
18299399,,0,0.000001,231,0.000007,0,1,1,0,1,1
10498392,,0.00577,0,231,0.000212,55,0,55,55,0,55
28062399,,0,0.00011,231,0.000007,0,1,1,0,1,1
25229012,,0.00001,0.000191,5,0.000038,6,5,11,6,5,11
20607129,,0,0.00011,231,0.000007,0,1,1,0,1,1
19862570,,0,0.00011,231,0.000007,0,1,1,0,1,1
17003779,,0,0.00011,231,0.000007,0,1,1,0,1,1
12149518,,0,0.00011,231,0.000007,0,1,1,0,1,1
27729767,,0,0.000014,100,0.000007,0,1,1,0,1,1
10498869,,0.00072,0,100,0.000136,30,0,30,30,0,30
24663817,,0,0.000014,100,0.000007,0,1,1,0,1,1
23086976,,0,0.000014,100,0.000007,0,1,1,0,1,1
22952839,,0,0.000014,100,0.000007,0,1,1,0,1,1
22544570,,0.000033,0.000305,89,0.000018,5,13,18,5,13,18
22380713,,0,0.000014,100,0.000007,0,1,1,0,1,1
21149450,,0,0.000106,100,0.000007,0,3,3,0,3,3
21127055,,0,0.004311,100,0.000007,0,16,16,0,16,16
19139065,,0,0.000014,100,0.000007,0,1,1,0,1,1
17913746,,0,0.001136,100,0.000007,0,4,4,0,4,4
17686975,,0,0.000014,100,0.000007,0,1,1,0,1,1
17287259,,0,0.000014,100,0.000007,0,1,1,0,1,1
16751278,,0,0.000115,100,0.000007,0,2,2,0,2,2
15326288,,0,0.000014,100,0.000007,0,1,1,0,1,1
15007098,,0,0.000014,100,0.000007,0,1,1,0,1,1
12773567,,0.000575,0.001661,184,0.00014,31,4,35,31,4,35
12743046,,0,0.000014,100,0.000007,0,1,1,0,1,1
12433983,,0,0.000067,100,0.000007,0,2,2,0,2,2
23826974,,0,0.000021,279,0.000007,0,4,4,0,4,4
10502775,,0.000001,0,279,0.000042,7,0,7,7,0,7
22303369,,0,0.000006,279,0.000007,0,2,2,0,2,2
19806612,,0,0,279,0.000007,0,1,1,0,1,1
19551458,,0,0,279,0.000007,0,1,1,0,1,1
19274076,,0,0,279,0.000007,0,1,1,0,1,1
18710507,,0,0,279,0.000007,0,1,1,0,1,1
15677535,,0,0,279,0.000007,0,1,1,0,1,1
10502781,,0.000251,0,89,0.000051,19,0,19,19,0,19
19104467,,0,0.000005,89,0.000007,0,1,1,0,1,1
16981255,,0,0.000005,89,0.000007,0,1,1,0,1,1
12843075,,0,0.000005,89,0.000007,0,1,1,0,1,1
12788732,,0,0.000005,89,0.000007,0,1,1,0,1,1
10505028,,0.00037,0,89,0.000009,3,0,3,3,0,3
10505039,,0.001112,0,89,0.000014,8,0,8,8,0,8
10506595,,0.000185,0,5,0.000015,5,0,5,5,0,5
17623063,,0,0.000521,231,0.000007,0,3,3,0,3,3
10506754,,0.000459,0,279,0.000019,6,0,6,6,0,6
25068070,,0,0.000037,279,0.000007,0,2,2,0,2,2
21718589,,0,0.000027,279,0.000007,0,3,3,0,3,3
23404160,,0,0.000689,231,0.000007,0,7,7,0,7,7
10508480,,0.000261,0,5,0.000008,2,0,2,2,0,2
29785153,,0,0.001954,89,0.000007,0,31,31,0,31,31
10523726,,0.000309,0,89,0.000011,4,0,4,4,0,4
20222997,,0,0.000105,89,0.000007,0,2,2,0,2,2
10525392,,0.000741,0,5,0.000016,6,0,6,6,0,6
22518164,,0,0.00011,5,0.000007,0,3,3,0,3,3
10526284,,0.001151,0,69,0.00004,17,0,17,17,0,17
24030860,,0,0.001395,69,0.000007,0,13,13,0,13,13
20661639,,0,0.000022,69,0.000007,0,1,1,0,1,1
20563260,,0,0.000022,69,0.000007,0,1,1,0,1,1
20154587,,0,0.002206,69,0.000007,0,13,13,0,13,13
10526669,,0.000663,0,5,0.000017,5,0,5,5,0,5
26449386,,0,0.000081,5,0.000007,0,2,2,0,2,2
19217148,,0,0.000013,5,0.000007,0,1,1,0,1,1
10528224,,0.000152,0,100,0.000011,3,0,3,3,0,3
14569612,,0,0.000002,89,0.000007,0,1,1,0,1,1
10531007,,0.006667,0,100,0.000333,68,0,68,68,0,68
29125140,,0,0.000527,100,0.000007,0,2,2,0,2,2
28684602,,0,0.000216,89,0.000007,0,2,2,0,2,2
28428707,,0,0.000581,205,0.000007,0,4,4,0,4,4
27702988,,0,0.011297,1,0.000007,0,6,6,0,6,6
27499891,,0,0.000357,1,0.000007,0,3,3,0,3,3
27087322,,0,0.004412,89,0.000007,0,17,17,0,17,17
26900729,,0,0.001793,100,0.000007,0,4,4,0,4,4
25719666,,0.014647,0.009887,205,0.001691,368,8,376,368,8,376
24765528,,0,0.001321,100,0.000007,0,7,7,0,7,7
24167712,,0,0.00305,100,0.000007,0,12,12,0,12,12
23934222,,0,0.001219,100,0.000007,0,6,6,0,6,6
21798026,,0,0.000494,100,0.000007,0,3,3,0,3,3
20687468,,0,0.000127,100,0.000007,0,1,1,0,1,1
19176996,,0,0.000141,57,0.000007,0,3,3,0,3,3
19133265,,0,0.000203,100,0.000007,0,2,2,0,2,2
18703117,,0,0.000127,100,0.000007,0,1,1,0,1,1
15767662,,0,0.000203,100,0.000007,0,2,2,0,2,2
14657364,,0,0.000127,100,0.000007,0,1,1,0,1,1
12663541,,0,0.001881,100,0.000007,0,5,5,0,5,5
10531328,,0.001109,0,279,0.000027,10,0,10,10,0,10
29562639,,0,0.000799,100,0.000007,0,12,12,0,12,12
10542266,,0.001862,0,100,0.000132,25,0,25,25,0,25
27054335,,0.000019,0.000246,100,0.000033,6,6,12,6,6,12
26225792,,0,0.000184,100,0.000007,0,4,4,0,4,4
25088422,,0.000015,0.000068,72,0.000067,14,3,17,14,3,17
22376253,,0,0.000036,100,0.000007,0,1,1,0,1,1
22109824,,0,0.000036,100,0.000007,0,1,1,0,1,1
20832017,,0,0.000417,57,0.000007,0,3,3,0,3,3
20495005,,0.000812,0.003457,100,0.000072,15,12,27,15,12,27
19279164,,0,0.000056,100,0.000007,0,2,2,0,2,2
18161916,,0,0.000036,100,0.000007,0,1,1,0,1,1
15305194,,0,0.000036,100,0.000007,0,1,1,0,1,1
12631397,,0,0.000036,100,0.000007,0,1,1,0,1,1
11971763,,0,0.000036,100,0.000007,0,1,1,0,1,1
10545425,,0.000001,0,140,0.000009,1,0,1,1,0,1
29308362,,0,0.000029,231,0.000007,0,1,1,0,1,1
10548311,,0.001498,0,231,0.000313,73,0,73,73,0,73
29253885,,0,0.000029,231,0.000007,0,1,1,0,1,1
29032088,,0,0.000061,89,0.000007,0,3,3,0,3,3
28779002,,0,0.000503,231,0.000007,0,4,4,0,4,4
28068355,,0,0.000029,231,0.000007,0,1,1,0,1,1
27634905,,0,0.000368,231,0.000007,0,6,6,0,6,6
27294121,,0,0.000032,231,0.000007,0,2,2,0,2,2
27102200,,0,0.000059,231,0.000007,0,2,2,0,2,2
26730188,,0,0.000029,231,0.000007,0,1,1,0,1,1
26673457,,0,0.000224,231,0.000007,0,6,6,0,6,6
26491354,,0,0.000049,231,0.000007,0,8,8,0,8,8
26226484,,0,0.000053,231,0.000007,0,3,3,0,3,3
24880450,,0,0.000032,184,0.000007,0,2,2,0,2,2
23991405,,0,0.000029,231,0.000007,0,1,1,0,1,1
23217244,,0,0.000121,89,0.000007,0,3,3,0,3,3
22808109,,0,0.000029,231,0.000007,0,1,1,0,1,1
22611130,,0,0.000053,231,0.000007,0,2,2,0,2,2
22584640,,0,0.000032,231,0.000007,0,2,2,0,2,2
22454379,,0,0.000352,198,0.000007,0,5,5,0,5,5
22408390,,0,0.000029,231,0.000007,0,1,1,0,1,1
21673823,,0,0.000041,231,0.000007,0,2,2,0,2,2
21637570,,0,0.000097,5,0.000007,0,3,3,0,3,3
21610218,,0,0.000285,231,0.000007,0,3,3,0,3,3
21457551,,0,0.00003,35,0.000007,0,3,3,0,3,3
20634197,,0,0.000029,231,0.000007,0,1,1,0,1,1
20427382,,0,0.00026,231,0.000007,0,3,3,0,3,3
19718449,,0,0.000034,231,0.000007,0,2,2,0,2,2
19250193,,0,0.000029,231,0.000007,0,1,1,0,1,1
19190167,,0,0.000029,231,0.000007,0,1,1,0,1,1
18628428,,0,0.000029,231,0.000007,0,1,1,0,1,1
18403857,,0,0.000049,35,0.000007,0,2,2,0,2,2
18360538,,0,0.000166,231,0.000007,0,5,5,0,5,5
18271972,,0,0.000029,231,0.000007,0,1,1,0,1,1
18226174,,0,0.001192,231,0.000007,0,3,3,0,3,3
18199708,,0,0.000029,231,0.000007,0,1,1,0,1,1
17295924,,0,0.000029,231,0.000007,0,1,1,0,1,1
16887007,,0,0.000536,231,0.000007,0,4,4,0,4,4
16834767,,0,0.000328,231,0.000007,0,2,2,0,2,2
15987458,,0,0.00194,231,0.000007,0,5,5,0,5,5
15642171,,0,0.00003,231,0.000007,0,2,2,0,2,2
15084240,,0,0.000029,231,0.000007,0,1,1,0,1,1
12927032,,0,0.000609,5,0.000007,0,6,6,0,6,6
12631398,,0,0.00003,231,0.000007,0,2,2,0,2,2
11854903,,0,0.000029,231,0.000007,0,1,1,0,1,1
11250721,,0,0.000029,231,0.000007,0,1,1,0,1,1
11011114,,0,0.000029,231,0.000007,0,1,1,0,1,1
19887554,,0,0,38,0.000007,0,1,1,0,1,1
10550005,,0,0,38,0.000031,4,0,4,4,0,4
12629218,,0,0,38,0.000007,0,1,1,0,1,1
12149131,,0,0,38,0.000007,0,1,1,0,1,1
11720440,,0,0,38,0.000007,0,1,1,0,1,1
10550055,,0.026442,0,100,0.000939,234,0,234,234,0,234
30088201,,0,0.001075,100,0.000007,0,7,7,0,7,7
30010942,,0,0.000556,72,0.000007,0,2,2,0,2,2
29198440,,0,0.004416,100,0.000007,0,14,14,0,14,14
28893936,,0,0.000516,176,0.000007,0,2,2,0,2,2
28659469,,0,0.005122,100,0.000007,0,11,11,0,11,11
28467351,,0,0.000519,232,0.000007,0,2,2,0,2,2
28271657,,0,0.001474,100,0.000007,0,10,10,0,10,10
27713304,,0,0.000653,100,0.000007,0,6,6,0,6,6
27458206,,0,0.001984,100,0.000007,0,6,6,0,6,6
27094386,,0,0.004687,100,0.000007,0,18,18,0,18,18
26964739,,0,0.008186,100,0.000007,0,5,5,0,5,5
26929199,,0,0.001475,100,0.000007,0,4,4,0,4,4
26902145,,0.000637,0.002174,241,0.00003,8,9,17,8,9,17
26833090,,0.000244,0.006478,100,0.00002,4,10,14,4,10,14
26783066,,0.000043,0.003863,100,0.000035,7,8,15,7,8,15
26771497,,0,0.008345,100,0.000007,0,7,7,0,7,7
26719576,,0,0.013818,1,0.000007,0,9,9,0,9,9
26680552,,0,0.001016,100,0.000007,0,3,3,0,3,3
26645154,,0,0.000532,100,0.00001,1,3,4,1,3,4
26621847,,0,0.000641,100,0.000007,0,2,2,0,2,2
26529031,,0,0.009785,100,0.000007,0,9,9,0,9,9
26345423,,0,0.000504,100,0.000007,0,1,1,0,1,1
26147969,,0,0.000504,100,0.000007,0,1,1,0,1,1
26088138,,0,0.000641,100,0.000007,0,2,2,0,2,2
25970777,,0.000068,0.004486,35,0.00002,3,15,18,3,15,18
25625042,,0,0.001247,176,0.000007,0,10,10,0,10,10
25601159,,0,0.000504,100,0.000007,0,1,1,0,1,1
25329891,,0,0.000504,100,0.000007,0,1,1,0,1,1
25240135,,0,0.000504,100,0.000007,0,1,1,0,1,1
25086746,,0,0.000913,176,0.000007,0,4,4,0,4,4
25002126,,0,0.001567,100,0.000007,0,4,4,0,4,4
24971451,,0.000005,0.000504,24,0.000034,5,1,6,5,1,6
24905898,,0,0.000545,176,0.000007,0,3,3,0,3,3
24705211,,0,0.000504,100,0.000007,0,1,1,0,1,1
24553123,,0,0.00057,100,0.000007,0,2,2,0,2,2
24474685,,0.000131,0.000589,100,0.000078,17,2,19,17,2,19
24266355,,0,0.001124,100,0.000007,0,5,5,0,5,5
24123256,,0,0.000504,100,0.000007,0,1,1,0,1,1
24097061,,0,0.000559,100,0.000007,0,3,3,0,3,3
23813586,,0,0.004813,100,0.000007,0,11,11,0,11,11
23706308,,0,0.000516,176,0.000007,0,2,2,0,2,2
23656790,,0,0.015723,1,0.000007,0,12,12,0,12,12
23536721,,0.000048,0.000562,57,0.000052,14,2,16,14,2,16
23512991,,0,0.000504,100,0.000007,0,1,1,0,1,1
23341980,,0,0.000504,100,0.000007,0,1,1,0,1,1
23239948,,0,0.000584,100,0.000007,0,2,2,0,2,2
23071855,,0,0.001246,100,0.000007,0,10,10,0,10,10
23054561,,0,0.000535,176,0.000007,0,2,2,0,2,2
22891162,,0,0.000725,176,0.000007,0,3,3,0,3,3
22213803,,0,0.000504,100,0.000007,0,1,1,0,1,1
22179839,,0,0.000504,100,0.000007,0,1,1,0,1,1
21918620,,0,0.000995,100,0.000007,0,4,4,0,4,4
21849032,,0,0.001754,100,0.000007,0,12,12,0,12,12
21765995,,0,0.00059,279,0.000007,0,2,2,0,2,2
21705321,,0,0.001271,100,0.000007,0,5,5,0,5,5
21615334,,0,0.000705,100,0.000007,0,3,3,0,3,3
21546556,,0,0.000898,57,0.000007,0,2,2,0,2,2
21499571,,0,0.000627,100,0.000007,0,4,4,0,4,4
21499441,,0,0.000504,100,0.000007,0,1,1,0,1,1
21191148,,0,0.001387,100,0.000007,0,7,7,0,7,7
21149446,,0,0.001697,100,0.000007,0,5,5,0,5,5
20860841,,0,0.002037,100,0.000007,0,12,12,0,12,12
20515732,,0,0.000603,100,0.000007,0,3,3,0,3,3
20434834,,0,0.001375,231,0.000007,0,6,6,0,6,6
20421724,,0,0.001194,100,0.000007,0,3,3,0,3,3
20305132,,0,0.001286,231,0.000007,0,13,13,0,13,13
20123963,,0,0.000504,100,0.000007,0,1,1,0,1,1
19913868,,0,0.000744,100,0.000007,0,3,3,0,3,3
19805520,,0,0.000721,100,0.000007,0,3,3,0,3,3
19793801,,0,0.001556,100,0.000007,0,4,4,0,4,4
19502793,,0,0.000504,100,0.000007,0,1,1,0,1,1
19412436,,0,0.001232,100,0.000007,0,4,4,0,4,4
18710941,,0,0.000898,57,0.000007,0,2,2,0,2,2
18594563,,0,0.000788,100,0.000007,0,5,5,0,5,5
18519686,,0.000454,0.005046,100,0.000017,7,16,23,7,16,23
18514189,,0,0.000863,100,0.000007,0,7,7,0,7,7
18442975,,0,0.000943,100,0.000007,0,2,2,0,2,2
18332866,,0,0.000504,100,0.000007,0,1,1,0,1,1
17621610,,0.00863,0.003882,100,0.000236,66,13,79,66,13,79
17609267,,0,0.000504,100,0.000007,0,1,1,0,1,1
17376433,,0,0.000504,100,0.000007,0,1,1,0,1,1
17132159,,0,0.001614,231,0.000007,0,11,11,0,11,11
16980402,,0,0.003161,100,0.000007,0,14,14,0,14,14
16943440,,0,0.003338,100,0.000007,0,11,11,0,11,11
16858402,,0,0.000836,57,0.000007,0,2,2,0,2,2
16478990,,0,0.000504,100,0.000007,0,1,1,0,1,1
16432227,,0,0.000836,57,0.000007,0,2,2,0,2,2
15916964,,0,0.001038,100,0.000007,0,3,3,0,3,3
15785736,,0,0.000836,57,0.000007,0,2,2,0,2,2
15504820,,0,0.000648,100,0.000007,0,3,3,0,3,3
15217510,,0,0.000632,231,0.000007,0,5,5,0,5,5
15210935,,0,0.001179,100,0.000007,0,3,3,0,3,3
15121837,,0,0.000504,100,0.000007,0,1,1,0,1,1
15096561,,0,0.000504,100,0.000007,0,1,1,0,1,1
12679521,,0,0.00074,100,0.000007,0,2,2,0,2,2
12446774,,0,0.00074,100,0.000007,0,2,2,0,2,2
12192050,,0,0.000504,100,0.000007,0,1,1,0,1,1
12024051,,0,0.000755,100,0.000007,0,3,3,0,3,3
11889050,,0,0.000558,57,0.000007,0,2,2,0,2,2
11877377,,0,0.001738,100,0.000007,0,4,4,0,4,4
11809875,,0,0.000504,100,0.000007,0,1,1,0,1,1
11687627,,0,0.000793,100,0.000007,0,3,3,0,3,3
11390642,,0,0.000824,100,0.000007,0,3,3,0,3,3
11359899,,0,0.000504,100,0.000007,0,1,1,0,1,1
11313465,,0,0.000504,100,0.000007,0,1,1,0,1,1
11248063,,0,0.000642,100,0.000007,0,3,3,0,3,3
11238919,,0,0.000589,100,0.000007,0,2,2,0,2,2
11238376,,0,0.000504,100,0.000007,0,1,1,0,1,1
11069891,,0,0.000504,100,0.000007,0,1,1,0,1,1
10973490,,0,0.000504,100,0.000007,0,1,1,0,1,1
10950868,,0,0.000504,100,0.000007,0,1,1,0,1,1
10889046,,0,0.000504,100,0.000007,0,1,1,0,1,1
10716718,,0,0.000504,100,0.000007,0,1,1,0,1,1
10550129,,0.000137,0,89,0.000011,3,0,3,3,0,3
29147364,,0,0.010105,1,0.000007,0,11,11,0,11,11
10550133,,0.004338,0,5,0.000042,31,0,31,31,0,31
27382334,,0,0.001148,5,0.000007,0,16,16,0,16,16
15987438,,0,0.005694,35,0.000007,0,3,3,0,3,3
15714204,,0,0.005694,35,0.000007,0,3,3,0,3,3
10550164,,0.001002,0,231,0.00002,11,0,11,11,0,11
21740599,,0,0,39,0.000007,0,1,1,0,1,1
10553024,,0,0,39,0.000019,2,0,2,2,0,2
16818544,,0,0,39,0.000007,0,1,1,0,1,1
10559788,,0.000081,0,231,0.000012,4,0,4,4,0,4
17393301,,0,0.000118,231,0.000007,0,4,4,0,4,4
22331912,,0,0.00791,69,0.000007,0,6,6,0,6,6
10571946,,0.000039,0,89,0.000021,6,0,6,6,0,6
24297533,,0,0.000344,140,0.000007,0,5,5,0,5,5
12119422,,0,0.000001,89,0.000007,0,1,1,0,1,1
11443540,,0,0.000014,89,0.000007,0,2,2,0,2,2
10571958,,0.000209,0,89,0.000008,3,0,3,3,0,3
26300996,,0,0.000666,89,0.000007,0,22,22,0,22,22
10572557,,0.000013,0,89,0.000007,1,0,1,1,0,1
27004024,,0,0.000188,35,0.000007,0,3,3,0,3,3
10572559,,0.000004,0,35,0.000015,2,0,2,2,0,2
18784357,,0,0,35,0.000007,0,1,1,0,1,1
27904775,,0,0.001236,205,0.00001,1,9,10,1,9,10
10573018,,0.000691,0,89,0.000025,11,0,11,11,0,11
27286703,,0,0.000017,89,0.000007,0,1,1,0,1,1
26718727,,0.00024,0.005003,1,0.000007,1,13,14,1,13,14
10580847,,0.003448,0,100,0.000043,15,0,15,15,0,15
23553196,,0,0.000208,1,0.000013,1,4,5,1,4,5
23173005,,0.000039,0.006978,35,0.000033,6,15,21,6,15,21
10584720,,0.002921,0,5,0.000075,33,0,33,33,0,33
29116468,,0,0.001046,5,0.000007,0,14,14,0,14,14
27500275,,0,0.000056,5,0.000007,0,1,1,0,1,1
24638981,,0.002768,0.004921,5,0.000038,21,19,40,21,19,40
23006497,,0.000285,0.000747,5,0.000063,14,12,26,14,12,26
21147871,,0,0.000249,5,0.000007,0,7,7,0,7,7
18497031,,0,0.000056,5,0.000007,0,1,1,0,1,1
17311016,,0,0.000057,5,0.000007,0,2,2,0,2,2
16763774,,0,0.000584,5,0.000007,0,3,3,0,3,3
14680493,,0,0.000274,5,0.000007,0,2,2,0,2,2
10586331,,0.0009,0,1,0.00002,12,0,12,12,0,12
28053523,,0,0.000143,24,0.000007,0,2,2,0,2,2
17598882,,0,0.000524,1,0.000007,0,7,7,0,7,7
29752676,,0,0.009206,5,0.000007,0,31,31,0,31,31
28096903,,0,0.001039,5,0.000007,0,16,16,0,16,16
10595253,,0.000236,0,89,0.000012,2,0,2,2,0,2
10595255,,0.000983,0,89,0.000009,7,0,7,7,0,7
10595257,,0.00092,0,89,0.000018,8,0,8,8,0,8
16354302,,0,0.000018,89,0.000007,0,1,1,0,1,1
10595259,,0.000038,0,89,0.000008,1,0,1,1,0,1
10595268,,0.000099,0,5,0.000016,5,0,5,5,0,5
19266699,,0,0.000017,5,0.000007,0,2,2,0,2,2
10595277,,0.000088,0,89,0.000007,1,0,1,1,0,1
22866086,,0,0,35,0.000007,0,1,1,0,1,1
10597224,,0.000005,0,35,0.000054,11,0,11,11,0,11
22719901,,0,0.000126,35,0.000007,0,2,2,0,2,2
22246670,,0,0,35,0.000007,0,1,1,0,1,1
12713671,,0,0.000016,35,0.000007,0,2,2,0,2,2
11684716,,0,0,35,0.000007,0,1,1,0,1,1
11313461,,0,0,35,0.000007,0,1,1,0,1,1
11230172,,0,0,35,0.000007,0,1,1,0,1,1
29531807,,0,0.00014,100,0.000007,0,6,6,0,6,6
10597248,,0.00112,0,100,0.000068,15,0,15,15,0,15
24489995,,0,0.000021,100,0.000007,0,1,1,0,1,1
24189071,,0,0.000021,100,0.000007,0,1,1,0,1,1
21908405,,0,0.000551,100,0.000007,0,4,4,0,4,4
21520247,,0,0.001352,100,0.000007,0,7,7,0,7,7
18617897,,0,0.000021,100,0.000007,0,1,1,0,1,1
18413476,,0,0.000021,100,0.000007,0,1,1,0,1,1
12024025,,0,0.000021,100,0.000007,0,1,1,0,1,1
10597265,,0.001497,0,100,0.000151,16,0,16,16,0,16
20215423,,0.000066,0.003129,100,0.000013,2,26,28,2,26,28
17936562,,0,0.000029,100,0.000007,0,1,1,0,1,1
15775976,,0.000168,0.000529,87,0.000275,50,3,53,50,3,53
29974063,,0,0.000047,108,0.000007,0,3,3,0,3,3
10597274,,0.000418,0,108,0.000107,18,0,18,18,0,18
28216655,,0,0.000008,108,0.000007,0,1,1,0,1,1
27923066,,0,0.000009,108,0.000007,0,2,2,0,2,2
26670484,,0,0.000009,108,0.000007,0,2,2,0,2,2
25356872,,0,0.000009,108,0.000007,0,2,2,0,2,2
23666755,,0,0.000008,108,0.000007,0,1,1,0,1,1
21279488,,0,0.000009,108,0.000007,0,2,2,0,2,2
21241485,,0,0.000009,108,0.000007,0,2,2,0,2,2
21060149,,0,0.000008,108,0.000007,0,1,1,0,1,1
20670407,,0,0.000978,108,0.000007,0,3,3,0,3,3
19686582,,0,0.000008,108,0.000007,0,1,1,0,1,1
18440973,,0,0.000009,108,0.000007,0,2,2,0,2,2
18368538,,0,0.000008,108,0.000007,0,1,1,0,1,1
10600309,,0.000361,0,1,0.000008,2,0,2,2,0,2
10601383,,0.003235,0,5,0.000027,19,0,19,19,0,19
25187270,,0.00001,0.001271,5,0.000017,3,20,23,3,20,23
22157293,,0.000489,0.032396,5,0.000011,10,56,66,10,56,66
15305188,,0,0.000137,5,0.000007,0,2,2,0,2,2
15054458,,0,0.000191,1,0.000007,0,2,2,0,2,2
10602154,,0.00019,0,89,0.000007,1,0,1,1,0,1
10602489,,0.004532,0,100,0.000031,19,0,19,19,0,19
27184744,,0.000037,0.002458,5,0.000008,2,37,39,2,37,39
26964031,,0,0.024963,1,0.000007,0,13,13,0,13,13
23345941,,0,0.000014,2,0.000007,0,3,3,0,3,3
10612497,,0.000172,0,2,0.00001,2,0,2,2,0,2
27926510,,0,0.003114,279,0.000007,0,21,21,0,21,21
10612800,,0.001052,0,231,0.000021,6,0,6,6,0,6
11079941,,0,0.00002,231,0.000007,0,1,1,0,1,1
10615237,,0.002064,0,89,0.000032,21,0,21,21,0,21
26779294,,0.000004,0.002928,89,0.000009,1,20,21,1,20,21
20233466,,0,0.000039,89,0.000007,0,2,2,0,2,2
30424539,,0,0.018928,69,0.000007,0,71,71,0,71,71
10620440,,0.00579,0,69,0.000029,21,0,21,21,0,21
28719396,,0,0.002142,69,0.000007,0,21,21,0,21,21
27898521,,0.000985,0.035844,69,0.000025,9,54,63,9,54,63
22567506,,0,0.00024,69,0.000007,0,3,3,0,3,3
20223045,,0,0.003451,5,0.000007,0,5,5,0,5,5
19616151,,0,0.002156,5,0.000007,0,9,9,0,9,9
17456833,,0.007272,0.003549,69,0.00013,74,21,95,74,21,95
10625400,,0,0,181,0.000021,3,0,3,3,0,3
12902384,,0,0,181,0.000007,0,1,1,0,1,1
12202593,,0,0,181,0.000007,0,1,1,0,1,1
29109259,,0,0.000596,35,0.000007,0,4,4,0,4,4
10629549,,0.001022,0,35,0.00013,32,0,32,32,0,32
27382385,,0.00008,0.000051,111,0.000007,1,5,6,1,5,6
26861772,,0,0.001132,35,0.000007,0,8,8,0,8,8
25411894,,0,0.000019,35,0.000007,0,1,1,0,1,1
24862985,,0,0.000019,35,0.000007,0,1,1,0,1,1
24748104,,0.0001,0.000044,35,0.000021,3,3,6,3,3,6
24347643,,0,0.000462,100,0.000007,0,5,5,0,5,5
24292813,,0,0.010095,1,0.000007,0,3,3,0,3,3
21990958,,0,0.000019,35,0.000007,0,1,1,0,1,1
21785684,,0,0.000052,35,0.000007,0,4,4,0,4,4
20199686,,0,0.000019,35,0.000007,0,1,1,0,1,1
19390630,,0,0.000019,35,0.000007,0,1,1,0,1,1
18808719,,0,0.003663,35,0.000007,0,3,3,0,3,3
17054791,,0,0.008359,35,0.000007,0,3,3,0,3,3
16464125,,0,0.000019,35,0.000007,0,1,1,0,1,1
12835294,,0,0.000019,35,0.000007,0,1,1,0,1,1
12610207,,0,0.000019,35,0.000007,0,1,1,0,1,1
12473168,,0,0.000019,35,0.000007,0,1,1,0,1,1
12402149,,0,0.000019,35,0.000007,0,1,1,0,1,1
12107113,,0,0.000027,66,0.000007,0,3,3,0,3,3
11879561,,0,0.000019,35,0.000007,0,1,1,0,1,1
11597318,,0,0.000019,35,0.000007,0,1,1,0,1,1
11533075,,0,0.000019,35,0.000007,0,1,1,0,1,1
11250738,,0,0.000019,35,0.000007,0,1,1,0,1,1
25563224,,0,0.000097,5,0.000007,0,8,8,0,8,8
10630170,,0.000019,0,5,0.000009,2,0,2,2,0,2
27705907,,0,0.000008,231,0.000007,0,2,2,0,2,2
10630175,,0.000368,0,231,0.000034,8,0,8,8,0,8
27192127,,0,0.002239,5,0.000007,0,13,13,0,13,13
23738773,,0,0.000112,231,0.000007,0,9,9,0,9,9
10630176,,0.00013,0,231,0.000007,1,0,1,1,0,1
10630177,,0.00008,0,69,0.000032,6,0,6,6,0,6
21811380,,0,0.000727,69,0.000007,0,3,3,0,3,3
20799509,,0,0.000002,69,0.000007,0,1,1,0,1,1
10630183,,0.000182,0,89,0.000009,3,0,3,3,0,3
30241505,,0,0.000019,89,0.000007,0,1,1,0,1,1
10630184,,0.000975,0,89,0.000034,16,0,16,16,0,16
28199202,,0,0.000223,137,0.000007,0,9,9,0,9,9
24728327,,0.000191,0.000851,140,0.000112,25,16,41,25,16,41
22866089,,0,0.000044,89,0.000007,0,2,2,0,2,2
12636877,,0,0.000019,89,0.000007,0,1,1,0,1,1
30166523,,0,0.000462,57,0.000007,0,3,3,0,3,3
10630641,,0.002815,0,57,0.000263,69,0,69,69,0,69
29742017,,0,0.000054,69,0.000007,0,2,2,0,2,2
28993682,,0,0.013831,1,0.000007,0,17,17,0,17,17
28539821,,0,0.000054,57,0.000007,0,1,1,0,1,1
28402276,,0,0.000054,57,0.000007,0,1,1,0,1,1
27678398,,0,0.000454,57,0.000007,0,2,2,0,2,2
27374106,,0,0.000054,57,0.000007,0,1,1,0,1,1
27334422,,0,0.000173,57,0.000007,0,3,3,0,3,3
27026501,,0,0.000054,57,0.000007,0,1,1,0,1,1
25434743,,0,0.000054,57,0.000007,0,1,1,0,1,1
25372714,,0,0.000054,57,0.000007,0,1,1,0,1,1
25207935,,0,0.000538,57,0.000007,0,3,3,0,3,3
24599715,,0.000111,0.000204,231,0.000027,9,4,13,9,4,13
24357799,,0,0.000054,57,0.000007,0,1,1,0,1,1
24069199,,0,0.007489,57,0.000007,0,2,2,0,2,2
24041596,,0,0.000299,57,0.000007,0,3,3,0,3,3
23966038,,0,0.000054,57,0.000007,0,1,1,0,1,1
23518501,,0,0.000054,57,0.000007,0,1,1,0,1,1
22022560,,0,0.000815,57,0.000007,0,4,4,0,4,4
19809539,,0,0.000108,57,0.000007,0,3,3,0,3,3
19564623,,0,0.000054,57,0.000007,0,1,1,0,1,1
19500427,,0,0.000054,57,0.000007,0,1,1,0,1,1
19056684,,0,0.000054,57,0.000007,0,1,1,0,1,1
18369403,,0,0.000072,57,0.000007,0,3,3,0,3,3
18335050,,0,0.000054,57,0.000007,0,1,1,0,1,1
17855626,,0,0.000448,57,0.000007,0,2,2,0,2,2
17511890,,0,0.000061,57,0.000007,0,2,2,0,2,2
17327271,,0,0.000054,57,0.000007,0,1,1,0,1,1
16809776,,0,0.000493,57,0.000007,0,2,2,0,2,2
16542501,,0,0.000068,176,0.000007,0,2,2,0,2,2
15226436,,0,0.000386,57,0.000007,0,2,2,0,2,2
15194793,,0,0.000054,57,0.000007,0,1,1,0,1,1
15150571,,0,0.000146,57,0.000007,0,2,2,0,2,2
15143192,,0,0.000054,57,0.000007,0,1,1,0,1,1
15075273,,0,0.000061,57,0.000007,0,2,2,0,2,2
14609959,,0,0.000615,100,0.000007,0,3,3,0,3,3
12584315,,0,0.000054,57,0.000007,0,1,1,0,1,1
12024032,,0,0.000448,57,0.000007,0,2,2,0,2,2
11904432,,0,0.000493,57,0.000007,0,2,2,0,2,2
11884605,,0,0.000054,57,0.000007,0,1,1,0,1,1
11867762,,0,0.000054,57,0.000007,0,1,1,0,1,1
11751636,,0,0.000146,57,0.000007,0,2,2,0,2,2
11751292,,0,0.000054,57,0.000007,0,1,1,0,1,1
11516336,,0,0.000054,57,0.000007,0,1,1,0,1,1
11452007,,0,0.000054,57,0.000007,0,1,1,0,1,1
11445542,,0,0.000054,57,0.000007,0,1,1,0,1,1
11438670,,0,0.000054,57,0.000007,0,1,1,0,1,1
11058076,,0,0.000274,57,0.000007,0,2,2,0,2,2
11003671,,0,0.000054,57,0.000007,0,1,1,0,1,1
10921903,,0,0.000054,57,0.000007,0,1,1,0,1,1
29756349,,0,0.010224,100,0.000007,0,14,14,0,14,14
10630642,,0.011943,0,100,0.000188,54,0,54,54,0,54
26299995,,0,0.001683,100,0.000007,0,3,3,0,3,3
25909287,,0,0.000653,100,0.000043,6,7,13,6,7,13
25905708,,0,0.003076,100,0.000007,0,7,7,0,7,7
24913804,,0,0.000716,100,0.000007,0,5,5,0,5,5
20858840,,0.011417,0.026923,1,0.000125,54,18,72,54,18,72
19834534,,0,0.002398,100,0.000007,0,11,11,0,11,11
19519404,,0.000634,0.008558,100,0.000057,20,33,53,20,33,53
15485900,,0.014068,0.001637,100,0.000516,182,8,190,182,8,190
11387040,,0,0.000338,100,0.000007,0,2,2,0,2,2
10635334,,0.021796,0,100,0.000519,112,0,112,112,0,112
27999201,,0,0.0005,35,0.000007,0,4,4,0,4,4
26784987,,0.002659,0.001144,1,0.000024,14,6,20,14,6,20
26701150,,0,0.000986,100,0.000007,0,3,3,0,3,3
26116172,,0,0.010842,1,0.000007,0,5,5,0,5,5
23355489,,0,0.010639,1,0.000007,0,6,6,0,6,6
22761336,,0,0.009984,1,0.000007,0,4,4,0,4,4
21865299,,0,0.002273,100,0.000007,0,9,9,0,9,9
21816436,,0,0.000416,100,0.000007,0,1,1,0,1,1
20676667,,0,0.00597,100,0.000007,0,23,23,0,23,23
19190334,,0.00318,0.006414,90,0.000141,36,7,43,36,7,43
18158901,,0,0.003734,100,0.000007,0,9,9,0,9,9
16957053,,0,0.000416,100,0.000007,0,1,1,0,1,1
14983014,,0.009864,0.001834,100,0.000222,91,6,97,91,6,97
14517203,,0.000822,0.001801,184,0.000116,36,7,43,36,7,43
29907814,,0,0.005,89,0.000007,0,29,29,0,29,29
22720145,,0,0.001122,100,0.000007,0,4,4,0,4,4
10639738,,0.000308,0,35,0.000016,2,0,2,2,0,2
12771218,,0,0.000006,35,0.000007,0,3,3,0,3,3
10642429,,0.005349,0,5,0.000125,43,0,43,43,0,43
27493913,,0.000061,0.004605,89,0.000011,5,54,59,5,54,59
21642044,,0,0.000107,89,0.000007,0,2,2,0,2,2
21415361,,0,0.000145,231,0.000007,0,2,2,0,2,2
26884094,,0,0.000014,89,0.000007,0,2,2,0,2,2
10644434,,0.000703,0,89,0.00007,25,0,25,25,0,25
25430087,,0,0.000013,89,0.000007,0,2,2,0,2,2
24204737,,0,0.000013,89,0.000007,0,1,1,0,1,1
24106601,,0,0.000017,89,0.000007,0,2,2,0,2,2
23767878,,0.000177,0.000781,89,0.000016,4,12,16,4,12,16
12370419,,0,0.00002,89,0.000007,0,2,2,0,2,2
12235378,,0,0.000013,89,0.000007,0,1,1,0,1,1
11691859,,0,0.000017,89,0.000007,0,2,2,0,2,2
11148292,,0,0.000013,89,0.000007,0,1,1,0,1,1
30263499,,0,0.00011,100,0.000007,0,1,1,0,1,1
10652533,,0.00577,0,100,0.000165,54,0,54,54,0,54
30020212,,0,0.000144,100,0.000007,0,4,4,0,4,4
29113215,,0,0.008785,89,0.000007,0,16,16,0,16,16
29042514,,0,0.000774,100,0.000007,0,7,7,0,7,7
28469042,,0,0.034269,1,0.000007,0,33,33,0,33,33
27852271,,0,0.00011,100,0.000007,0,1,1,0,1,1
27245397,,0,0.00011,100,0.000007,0,1,1,0,1,1
23941127,,0.000658,0.002985,100,0.000009,4,10,14,4,10,14
22885007,,0,0.000647,100,0.000007,0,6,6,0,6,6
21211025,,0,0.00011,100,0.000007,0,1,1,0,1,1
18061512,,0,0.000955,57,0.000007,0,8,8,0,8,8
11205323,,0,0.00011,100,0.000007,0,1,1,0,1,1
29187845,,0,0.000688,100,0.000007,0,7,7,0,7,7
29097748,,0,0.000054,100,0.000007,0,1,1,0,1,1
27764250,,0,0.000054,100,0.000007,0,1,1,0,1,1
27322556,,0,0.000054,100,0.000007,0,1,1,0,1,1
26934656,,0,0.000057,140,0.000007,0,2,2,0,2,2
25621293,,0,0.000255,100,0.000007,0,7,7,0,7,7
25404732,,0,0.000054,100,0.000007,0,1,1,0,1,1
24529102,,0,0.000054,100,0.000007,0,1,1,0,1,1
24302725,,0,0.000119,90,0.000007,0,2,2,0,2,2
24253305,,0,0.000056,100,0.000007,0,2,2,0,2,2
23074186,,0.000219,0.000454,100,0.000034,8,5,13,8,5,13
22198154,,0,0.000054,100,0.000007,0,1,1,0,1,1
21041558,,0,0.000054,100,0.000007,0,1,1,0,1,1
20679336,,0,0.000109,100,0.000007,0,2,2,0,2,2
17590016,,0,0.000054,100,0.000007,0,1,1,0,1,1
17434128,,0,0.000054,100,0.000007,0,1,1,0,1,1
17196618,,0,0.000054,100,0.000007,0,1,1,0,1,1
10657950,,0.004094,0,279,0.000115,32,0,32,32,0,32
22843497,,0.001624,0.002515,279,0.000028,15,18,33,15,18,33
21429863,,0,0.000089,279,0.000007,0,2,2,0,2,2
20223011,,0,0.000176,279,0.000007,0,2,2,0,2,2
17047656,,0.001161,0.003288,279,0.000085,19,9,28,19,9,28
15256060,,0,0.000306,279,0.000007,0,2,2,0,2,2
28948196,,0,0.000006,198,0.000007,0,4,4,0,4,4
10659732,,0.000119,0,198,0.000087,20,0,20,20,0,20
28924576,,0,0.000017,198,0.000021,3,8,11,3,8,11
26158050,,0.000015,0.000025,198,0.000025,8,8,16,8,8,16
25075270,,0,0.000005,198,0.000007,0,2,2,0,2,2
23570938,,0,0.000033,198,0.000007,0,6,6,0,6,6
23231281,,0,0.000002,198,0.000007,0,1,1,0,1,1
22490545,,0,0.000009,198,0.000007,0,3,3,0,3,3
22246204,,0.000155,0.000012,198,0.000031,10,5,15,10,5,15
21771961,,0,0.000069,198,0.000007,0,8,8,0,8,8
21258512,,0,0.000002,198,0.000007,0,1,1,0,1,1
19903338,,0.000024,0.000545,198,0.000175,34,7,41,34,7,41
19201357,,0,0.000045,198,0.000007,0,8,8,0,8,8
19175137,,0,0.000007,198,0.000007,0,2,2,0,2,2
19175100,,0,0.000002,198,0.000007,0,1,1,0,1,1
18598375,,0,0.00003,198,0.000007,0,4,4,0,4,4
18175183,,0.000063,0.000588,198,0.000063,21,7,28,21,7,28
17436047,,0,0.000002,198,0.000007,0,1,1,0,1,1
10660329,,0.000451,0,89,0.000036,4,0,4,4,0,4
10660629,,0.004112,0,279,0.000093,32,0,32,32,0,32
30010936,,0,0.018656,1,0.000007,0,9,9,0,9,9
28454547,,0,0.030015,1,0.000007,0,23,23,0,23,23
25909886,,0,0.000078,279,0.000007,0,1,1,0,1,1
25369795,,0.000031,0.009767,1,0.000012,4,10,14,4,10,14
24338011,,0,0.000078,279,0.000007,0,1,1,0,1,1
21966451,,0,0.000078,279,0.000007,0,1,1,0,1,1
21512314,,0,0.000742,232,0.000007,0,4,4,0,4,4
20832021,,0,0.007018,279,0.000007,0,5,5,0,5,5
15951853,,0,0.000078,279,0.000007,0,1,1,0,1,1
26101693,,0,0,89,0.000007,0,1,1,0,1,1
10662541,,0.000023,0,89,0.000027,6,0,6,6,0,6
22002021,,0,0.000001,89,0.000007,0,2,2,0,2,2
12682376,,0,0,89,0.000007,0,1,1,0,1,1
21904691,,0,0,40,0.000007,0,1,1,0,1,1
10664249,,0,0,40,0.000013,1,0,1,1,0,1
10665596,,0.000267,0,5,0.000013,6,0,6,6,0,6
10665701,,0.002156,0,5,0.000059,29,0,29,29,0,29
27650678,,0,0.000098,5,0.000007,0,9,9,0,9,9
25678823,,0.000072,0.000266,5,0.000027,5,12,17,5,12,17
23280632,,0.000136,0.000351,5,0.000011,3,9,12,3,9,12
22941538,,0,0.000042,5,0.000007,0,2,2,0,2,2
22326036,,0,0.000054,5,0.000007,0,2,2,0,2,2
21651834,,0,0.000425,5,0.000007,0,3,3,0,3,3
20976028,,0,0.000041,5,0.000007,0,1,1,0,1,1
18988293,,0,0.000069,5,0.000007,0,2,2,0,2,2
16808782,,0,0.001616,5,0.000007,0,9,9,0,9,9
12559045,,0,0.000041,5,0.000007,0,1,1,0,1,1
10667217,,0.00003,0,367,0.000043,12,0,12,12,0,12
25674009,,0,0.000001,367,0.000007,0,1,1,0,1,1
20974139,,0,0.000678,367,0.000007,0,3,3,0,3,3
20886540,,0,0.000001,367,0.000007,0,1,1,0,1,1
18195710,,0,0.000001,367,0.000007,0,1,1,0,1,1
21253829,,0,0,97,0.000007,0,2,2,0,2,2
10667421,,0,0,97,0.000013,2,0,2,2,0,2
17150092,,0,0,97,0.000007,0,2,2,0,2,2
27312973,,0,0.000001,5,0.000007,0,1,1,0,1,1
10667468,,0.000036,0,5,0.000033,6,0,6,6,0,6
23018750,,0,0.000023,5,0.000007,0,2,2,0,2,2
19319213,,0,0.000001,5,0.000007,0,1,1,0,1,1
23550123,,0,0.000003,69,0.000007,0,1,1,0,1,1
10667571,,0.000151,0,69,0.000029,5,0,5,5,0,5
20659312,,0,0.000003,69,0.000007,0,1,1,0,1,1
18000536,,0,0.000003,69,0.000007,0,1,1,0,1,1
29504903,,0,0.000038,41,0.000007,0,1,1,0,1,1
10667592,,0.001996,0,41,0.000098,33,0,33,33,0,33
29228718,,0,0.012604,1,0.000007,0,33,33,0,33,33
28097454,,0,0.000038,41,0.000007,0,1,1,0,1,1
27186303,,0,0.000038,41,0.000007,0,1,1,0,1,1
25653913,,0,0.000038,41,0.000007,0,1,1,0,1,1
24704845,,0,0.000682,247,0.000007,0,4,4,0,4,4
23887830,,0,0.000038,41,0.000007,0,1,1,0,1,1
23874352,,0,0.000316,41,0.000007,0,5,5,0,5,5
23179091,,0,0.000038,41,0.000007,0,1,1,0,1,1
22524510,,0,0.000038,41,0.000007,0,1,1,0,1,1
22252233,,0,0.000038,41,0.000007,0,1,1,0,1,1
21448285,,0,0.000038,41,0.000007,0,1,1,0,1,1
21253831,,0,0.000038,41,0.000007,0,1,1,0,1,1
21079656,,0,0.000144,82,0.000007,0,5,5,0,5,5
19583803,,0,0.000038,41,0.000007,0,1,1,0,1,1
15955237,,0.000419,0.000729,41,0.000022,9,11,20,9,11,20
14673148,,0,0.003207,100,0.000007,0,12,12,0,12,12
14610281,,0,0.000102,41,0.000007,0,3,3,0,3,3
10667595,,0.003493,0,205,0.000131,45,0,45,45,0,45
29945567,,0,0.000947,205,0.000007,0,13,13,0,13,13
29329208,,0,0.007034,205,0.000007,0,14,14,0,14,14
29069866,,0.000126,0.025511,205,0.00002,6,33,39,6,33,39
27732944,,0,0.011322,205,0.000007,0,12,12,0,12,12
25684935,,0,0.000403,205,0.000007,0,4,4,0,4,4
25645574,,0,0.000644,205,0.000007,0,6,6,0,6,6
25479140,,0.002697,0.004297,205,0.000079,42,22,64,42,22,64
25356972,,0.003078,0.002194,205,0.000063,32,17,49,32,17,49
25250326,,0,0.000067,35,0.000007,0,3,3,0,3,3
25152581,,0,0.000723,205,0.000007,0,9,9,0,9,9
23099806,,0.006888,0.001255,205,0.000067,42,5,47,42,5,47
22873581,,0,0.000067,205,0.000007,0,1,1,0,1,1
22245846,,0,0.000579,205,0.000007,0,4,4,0,4,4
21697764,,0,0.000067,205,0.000007,0,1,1,0,1,1
21253292,,0,0.000067,205,0.000007,0,1,1,0,1,1
20657174,,0,0.000076,205,0.000007,0,3,3,0,3,3
20049842,,0,0.000067,205,0.000007,0,1,1,0,1,1
19956730,,0,0.000067,205,0.000007,0,1,1,0,1,1
19751883,,0,0.000107,205,0.000007,0,2,2,0,2,2
19720778,,0,0.000067,205,0.000007,0,1,1,0,1,1
19029836,,0.001541,0.002219,205,0.000032,18,10,28,18,10,28
18382097,,0,0.000067,205,0.000007,0,1,1,0,1,1
17872573,,0,0.00087,205,0.000007,0,4,4,0,4,4
17724796,,0,0.000067,205,0.000007,0,1,1,0,1,1
17625148,,0,0.000109,205,0.000007,0,2,2,0,2,2
12454511,,0,0.000067,205,0.000007,0,1,1,0,1,1
10668218,,0.00032,0,140,0.000008,1,0,1,1,0,1
10671920,,0.000001,0,231,0.000009,1,0,1,1,0,1
29936929,,0,0.00003,69,0.000007,0,1,1,0,1,1
10675491,,0.001578,0,69,0.000155,39,0,39,39,0,39
29095547,,0,0.0001,69,0.000007,0,2,2,0,2,2
28928856,,0,0.000083,69,0.000007,0,4,4,0,4,4
26487491,,0,0.00003,69,0.000007,0,1,1,0,1,1
26372729,,0,0.00003,69,0.000007,0,1,1,0,1,1
24947047,,0,0.00003,69,0.000007,0,1,1,0,1,1
23226093,,0,0.00003,69,0.000007,0,1,1,0,1,1
22581446,,0,0.00003,69,0.000007,0,1,1,0,1,1
22113853,,0,0.000041,69,0.000007,0,2,2,0,2,2
21695196,,0,0.000069,69,0.000007,0,2,2,0,2,2
21200134,,0,0.000056,5,0.000007,0,2,2,0,2,2
21138843,,0,0.00003,69,0.000007,0,1,1,0,1,1
20370557,,0,0.00003,69,0.000007,0,1,1,0,1,1
20049170,,0,0.00003,69,0.000007,0,1,1,0,1,1
19953551,,0,0.000529,69,0.000007,0,3,3,0,3,3
19936259,,0,0.000049,69,0.000007,0,2,2,0,2,2
19781107,,0,0.000094,69,0.000007,0,5,5,0,5,5
19435908,,0,0.00003,69,0.000007,0,1,1,0,1,1
18787632,,0,0.00003,69,0.000007,0,1,1,0,1,1
18690643,,0,0.000548,69,0.000007,0,3,3,0,3,3
18620447,,0,0.00003,69,0.000007,0,1,1,0,1,1
15900302,,0,0.00003,69,0.000007,0,1,1,0,1,1
15860581,,0,0.00007,69,0.000007,0,2,2,0,2,2
12232761,,0,0.00003,69,0.000007,0,1,1,0,1,1
11158614,,0,0.00003,69,0.000007,0,1,1,0,1,1
10676562,,0.000371,0,89,0.000033,10,0,10,10,0,10
17906336,,0,0.000007,89,0.000007,0,1,1,0,1,1
16826529,,0,0.000007,89,0.000007,0,1,1,0,1,1
10679919,,0.001184,0,279,0.000016,9,0,9,9,0,9
10684699,,0.00201,0,279,0.000022,12,0,12,12,0,12
10684722,,0.000024,0,2,0.00001,2,0,2,2,0,2
21034673,,0,0.000394,2,0.000007,0,3,3,0,3,3
23244685,,0,0,69,0.000007,0,1,1,0,1,1
10685639,,0.000012,0,69,0.00002,3,0,3,3,0,3
12149146,,0,0,69,0.000007,0,1,1,0,1,1
10686936,,0.000217,0,1,0.000014,3,0,3,3,0,3
18060073,,0,0.000004,1,0.000007,0,1,1,0,1,1
30288007,,0,0,42,0.000007,0,1,1,0,1,1
10693180,,0,0,42,0.000031,4,0,4,4,0,4
29546008,,0,0,42,0.000007,0,1,1,0,1,1
26312217,,0,0,42,0.000007,0,1,1,0,1,1
24872742,,0,0,42,0.000007,0,1,1,0,1,1
10696733,,0.000454,0,5,0.000013,7,0,7,7,0,7
21185966,,0,0.000066,5,0.000007,0,3,3,0,3,3
10697533,,0.000072,0,89,0.00001,1,0,1,1,0,1
10699917,,0.000306,0,5,0.000012,4,0,4,4,0,4
10704738,,0.000123,0,66,0.000016,4,0,4,4,0,4
17876337,,0,0.000017,66,0.000007,0,3,3,0,3,3
23495923,,0,0.000005,89,0.000007,0,2,2,0,2,2
10706125,,0.000255,0,89,0.000062,16,0,16,16,0,16
22740959,,0,0.000005,89,0.000007,0,1,1,0,1,1
21072901,,0,0.000005,89,0.000007,0,1,1,0,1,1
16203232,,0,0.000005,89,0.000007,0,1,1,0,1,1
14695767,,0,0.000005,89,0.000007,0,1,1,0,1,1
12896855,,0,0.000005,89,0.000007,0,1,1,0,1,1
10709098,,0.000892,0,89,0.000021,12,0,12,12,0,12
25712765,,0,0.003199,5,0.000007,0,8,8,0,8,8
14735197,,0,0.001321,89,0.000007,0,5,5,0,5,5
12378626,,0,0.000017,89,0.000007,0,3,3,0,3,3
29967069,,0,0.000115,100,0.000007,0,1,1,0,1,1
10713690,,0.006025,0,100,0.000151,38,0,38,38,0,38
28542142,,0,0.000115,100,0.000007,0,1,1,0,1,1
27811360,,0.000069,0.003359,35,0.000009,2,14,16,2,14,16
27635656,,0,0.000131,89,0.000007,0,4,4,0,4,4
24817481,,0,0.038297,1,0.000007,0,30,30,0,30,30
24377088,,0,0.002286,1,0.000007,0,14,14,0,14,14
24225229,,0,0.000115,100,0.000007,0,1,1,0,1,1
21150936,,0,0.000218,35,0.000007,0,5,5,0,5,5
19293151,,0,0.000115,100,0.000007,0,1,1,0,1,1
18589865,,0,0.000115,100,0.000007,0,1,1,0,1,1
17015619,,0,0.000115,100,0.000007,0,1,1,0,1,1
14680482,,0,0.000115,100,0.000007,0,1,1,0,1,1
10717532,,0.000002,0,231,0.000009,2,0,2,2,0,2
29445940,,0,0.000225,35,0.000007,0,3,3,0,3,3
10717622,,0.004153,0,89,0.000058,43,0,43,43,0,43
27358599,,0,0.000106,5,0.000007,0,3,3,0,3,3
25871653,,0,0.000139,89,0.000007,0,3,3,0,3,3
25300196,,0,0.00162,5,0.000007,0,13,13,0,13,13
22452927,,0,0.00018,89,0.000007,0,3,3,0,3,3
21153764,,0,0.000239,89,0.000007,0,4,4,0,4,4
10718491,,0.000147,0,5,0.000017,4,0,4,4,0,4
19254357,,0,0.000003,5,0.000007,0,1,1,0,1,1
30111747,,0,0.000034,90,0.000007,0,3,3,0,3,3
10720440,,0.000984,0,90,0.000065,21,0,21,21,0,21
29922232,,0,0.000183,90,0.000007,0,6,6,0,6,6
29455671,,0,0.000062,90,0.000007,0,5,5,0,5,5
29339473,,0,0.000019,90,0.000007,0,1,1,0,1,1
27663076,,0,0.000037,90,0.000007,0,2,2,0,2,2
27590516,,0,0.001068,90,0.000007,0,31,31,0,31,31
27285981,,0,0.000071,90,0.000007,0,4,4,0,4,4
27226530,,0,0.000019,90,0.000007,0,1,1,0,1,1
25884514,,0,0.000046,90,0.000007,0,2,2,0,2,2
25362932,,0,0.000019,90,0.000007,0,1,1,0,1,1
24904527,,0.000022,0.000122,90,0.000085,15,7,22,15,7,22
22299029,,0,0.000074,90,0.000007,0,2,2,0,2,2
22128190,,0,0.000063,90,0.000007,0,3,3,0,3,3
21396117,,0.001241,0.002436,90,0.00007,21,21,42,21,21,42
10723138,,0.000516,0,69,0.000011,4,0,4,4,0,4
23415753,,0,0.007454,69,0.000007,0,3,3,0,3,3
10724175,,0.011555,0,100,0.000406,120,0,120,120,0,120
27447864,,0,0.00722,1,0.000007,0,13,13,0,13,13
27196891,,0,0.00022,100,0.000007,0,1,1,0,1,1
26158765,,0,0.00022,100,0.000007,0,1,1,0,1,1
25692096,,0,0.002026,1,0.000007,0,5,5,0,5,5
25629968,,0,0.001993,231,0.00001,1,20,21,1,20,21
25404613,,0,0.000645,100,0.000007,0,8,8,0,8,8
24986639,,0.000164,0.000893,231,0.000009,2,6,8,2,6,8
24976383,,0,0.000469,176,0.000007,0,4,4,0,4,4
24578981,,0,0.000237,231,0.000007,0,2,2,0,2,2
23975433,,0,0.008017,231,0.000007,0,4,4,0,4,4
23843721,,0,0.000585,35,0.000007,0,3,3,0,3,3
23806170,,0.000158,0.002216,231,0.000017,7,25,32,7,25,32
23690919,,0,0.000508,100,0.000007,0,3,3,0,3,3
23550703,,0,0.000496,100,0.000007,0,2,2,0,2,2
23544166,,0,0.000471,1,0.000007,0,3,3,0,3,3
23178491,,0.000208,0.000649,176,0.000058,11,3,14,11,3,14
22941656,,0,0.003383,100,0.000007,0,8,8,0,8,8
22158418,,0,0.00022,100,0.000007,0,1,1,0,1,1
22114986,,0.000412,0.001785,231,0.000021,14,20,34,14,20,34
20834228,,0,0.000728,231,0.000007,0,4,4,0,4,4
20164679,,0.000356,0.000234,57,0.000047,12,2,14,12,2,14
19746219,,0,0.000307,279,0.000007,0,2,2,0,2,2
18676809,,0,0.002405,100,0.000007,0,7,7,0,7,7
18644861,,0,0.001578,100,0.000007,0,3,3,0,3,3
18571837,,0,0.000958,231,0.000007,0,9,9,0,9,9
17380128,,0,0.00022,100,0.000007,0,1,1,0,1,1
17182846,,0,0.00022,100,0.000007,0,1,1,0,1,1
17118344,,0,0.000661,100,0.000007,0,5,5,0,5,5
16671833,,0,0.001005,231,0.000007,0,11,11,0,11,11
16478982,,0,0.000523,100,0.000007,0,4,4,0,4,4
16439560,,0,0.00022,100,0.000007,0,1,1,0,1,1
15827205,,0,0.00022,100,0.000007,0,1,1,0,1,1
15700044,,0.000679,0.000835,231,0.000027,10,8,18,10,8,18
15601819,,0,0.00022,100,0.000007,0,1,1,0,1,1
15509799,,0,0.000429,57,0.000007,0,3,3,0,3,3
15452351,,0,0.00022,100,0.000007,0,1,1,0,1,1
15192702,,0,0.00022,100,0.000007,0,1,1,0,1,1
15125777,,0,0.000251,231,0.000007,0,2,2,0,2,2
15122511,,0,0.001301,231,0.000007,0,11,11,0,11,11
12724400,,0,0.00022,100,0.000007,0,1,1,0,1,1
12551973,,0,0.00022,100,0.000007,0,1,1,0,1,1
12529183,,0,0.000773,231,0.000007,0,5,5,0,5,5
11875739,,0,0.00022,100,0.000007,0,1,1,0,1,1
11819679,,0,0.00022,100,0.000007,0,1,1,0,1,1
11438675,,0,0.00066,100,0.000007,0,2,2,0,2,2
11333893,,0,0.00022,100,0.000007,0,1,1,0,1,1
11073977,,0,0.00022,100,0.000007,0,1,1,0,1,1
10728676,,0.004052,0,35,0.000035,19,0,19,19,0,19
21233401,,0.032211,0.030222,35,0.000196,137,17,154,137,17,154
10728699,,0.000472,0,69,0.000025,8,0,8,8,0,8
23071858,,0,0.000009,69,0.000007,0,1,1,0,1,1
20477415,,0,0.000215,69,0.000007,0,4,4,0,4,4
10728701,,0.000664,0,89,0.000029,13,0,13,13,0,13
27084275,,0,0.000275,89,0.000007,0,4,4,0,4,4
22236224,,0,0.000512,82,0.000007,0,4,4,0,4,4
10733239,,0.000597,0,89,0.000008,3,0,3,3,0,3
10737987,,0.001147,0,89,0.000011,9,0,9,9,0,9
25716084,,0.001688,0.002581,89,0.000014,13,36,49,13,36,49
25572802,,0,0.000545,35,0.000007,0,2,2,0,2,2
10739701,,0.00001,0,35,0.000016,2,0,2,2,0,2
17395154,,0,0,35,0.000007,0,1,1,0,1,1
27931752,,0,0.000148,89,0.000007,0,1,1,0,1,1
27171439,,0,0.000148,89,0.000007,0,1,1,0,1,1
25256924,,0.000704,0.004013,184,0.00004,19,11,30,19,11,30
23504063,,0.000023,0.001931,5,0.000007,1,17,18,1,17,18
10741697,,0.006325,0,35,0.00009,39,0,39,39,0,39
29322114,,0,0.000278,35,0.000007,0,3,3,0,3,3
28117528,,0,0.001166,35,0.000007,0,13,13,0,13,13
24479546,,0.001955,0.010739,35,0.000018,8,28,36,8,28,36
23469205,,0.001479,0.001776,89,0.000022,19,21,40,19,21,40
18046629,,0,0.003975,5,0.000007,0,12,12,0,12,12
17660459,,0.002028,0.000754,89,0.000096,31,3,34,31,3,34
18850140,,0,0,89,0.000007,0,1,1,0,1,1
10744124,,0,0,89,0.000015,2,0,2,2,0,2
10749023,,0.000681,0,69,0.00002,4,0,4,4,0,4
19383378,,0.004229,0.00217,69,0.000181,47,15,62,47,15,62
27067410,,0,0.007577,69,0.000007,0,5,5,0,5,5
10749897,,0.000687,0,69,0.000121,10,0,10,10,0,10
23034185,,0,0.007994,69,0.000007,0,3,3,0,3,3
18611862,,0,0.000013,69,0.000007,0,1,1,0,1,1
15526363,,0.000051,0.000197,279,0.000236,45,4,49,45,4,49
15367334,,0.000106,0.000099,279,0.000148,28,3,31,28,3,31
11786399,,0,0.000111,69,0.000007,0,2,2,0,2,2
30347758,,0,0.047023,1,0.000007,0,51,51,0,51,51
10749912,,0.057076,0,1,0.001728,248,0,248,248,0,248
30337805,,0,0.001088,1,0.000007,0,1,1,0,1,1
30254753,,0,0.001162,1,0.000007,0,2,2,0,2,2
30179224,,0,0.004146,100,0.000007,0,6,6,0,6,6
30176808,,0,0.001088,1,0.000007,0,1,1,0,1,1
29896272,,0,0.001093,279,0.000007,0,3,3,0,3,3
29721479,,0,0.016626,1,0.000007,0,14,14,0,14,14
29659014,,0,0.00191,279,0.000007,0,14,14,0,14,14
29617664,,0.000361,0.012867,1,0.000039,11,15,26,11,15,26
29445424,,0,0.002212,1,0.000007,0,14,14,0,14,14
29436922,,0,0.001561,231,0.000007,0,8,8,0,8,8
29389913,,0,0.001088,1,0.000007,0,1,1,0,1,1
29293876,,0.000402,0.007989,1,0.000008,2,17,19,2,17,19
29259228,,0,0.012555,1,0.000013,1,21,22,1,21,22
29127590,,0,0.001186,279,0.000007,0,2,2,0,2,2
28992434,,0,0.001095,279,0.000007,0,2,2,0,2,2
28948212,,0,0.021331,1,0.000007,0,23,23,0,23,23
28832623,,0,0.001088,1,0.000007,0,1,1,0,1,1
28782606,,0,0.011976,1,0.000007,0,19,19,0,19,19
28636652,,0.000177,0.006748,1,0.000018,5,9,14,5,9,14
28611535,,0,0.010258,1,0.000007,0,13,13,0,13,13
28522855,,0,0.001125,1,0.000007,0,3,3,0,3,3
28403857,,0,0.001652,279,0.000013,1,17,18,1,17,18
28261325,,0,0.001088,1,0.000007,0,1,1,0,1,1
28138258,,0,0.001088,1,0.000007,0,1,1,0,1,1
28003236,,0.006525,0.03906,1,0.000079,32,30,62,32,30,62
27884198,,0,0.048163,1,0.000007,0,58,58,0,58,58
27807102,,0,0.001172,1,0.000007,0,2,2,0,2,2
27756336,,0.000299,0.021152,1,0.000009,3,37,40,3,37,40
27723796,,0,0.001186,279,0.000007,0,2,2,0,2,2
27614696,,0.001266,0.036621,1,0.000009,4,24,28,4,24,28
27440269,,0,0.021407,1,0.000007,0,13,13,0,13,13
27284266,,0,0.023115,1,0.000007,0,20,20,0,20,20
27220670,,0,0.00446,1,0.000007,0,16,16,0,16,16
27022037,,0.001391,0.049618,1,0.000011,5,43,48,5,43,48
26979391,,0,0.013439,1,0.000007,0,10,10,0,10,10
26669451,,0.000294,0.012814,1,0.00001,3,14,17,3,14,17
26508480,,0,0.001192,279,0.000007,0,3,3,0,3,3
26490435,,0.000113,0.009866,1,0.000028,5,18,23,5,18,23
26488005,,0,0.0011,1,0.000007,0,3,3,0,3,3
26463832,,0,0.067764,1,0.000007,0,71,71,0,71,71
26418898,,0,0.001088,1,0.000007,0,1,1,0,1,1
26392358,,0.000001,0.001432,1,0.000011,2,6,8,2,6,8
26261599,,0,0.023228,1,0.000007,0,18,18,0,18,18
26224327,,0,0.001088,1,0.000007,0,1,1,0,1,1
25931995,,0,0.001088,1,0.000007,0,1,1,0,1,1
25779564,,0.020465,0.05775,1,0.000075,67,57,124,67,57,124
25598768,,0,0.006314,205,0.000007,0,4,4,0,4,4
25526776,,0.000258,0.018042,1,0.000016,3,6,9,3,6,9
25441900,,0,0.001088,1,0.000007,0,1,1,0,1,1
25403427,,0.0001,0.007227,279,0.000062,11,15,26,11,15,26
25248717,,0,0.001088,1,0.000007,0,1,1,0,1,1
25093514,,0.0152,0.04464,1,0.00004,39,30,69,39,30,69
24923910,,0,0.001088,1,0.000007,0,1,1,0,1,1
24576477,,0,0.001204,279,0.000007,0,3,3,0,3,3
24560445,,0.005791,0.019171,1,0.000089,35,14,49,35,14,49
24369052,,0,0.001089,5,0.000007,0,2,2,0,2,2
24273214,,0.000293,0.001611,1,0.000076,17,10,27,17,10,27
24188789,,0,0.001088,1,0.000007,0,1,1,0,1,1
24079333,,0,0.0011,241,0.000007,0,3,3,0,3,3
23828038,,0,0.001088,1,0.000007,0,1,1,0,1,1
23729402,,0.010321,0.036467,1,0.000025,24,13,37,24,13,37
23515667,,0,0.001132,279,0.000007,0,3,3,0,3,3
23054610,,0,0.009053,1,0.000007,0,5,5,0,5,5
22915752,,0.036333,0.024598,1,0.000257,127,10,137,127,10,137
22661641,,0,0.001145,205,0.000007,0,2,2,0,2,2
22653910,,0,0.001236,1,0.000007,0,3,3,0,3,3
22300631,,0,0.001088,1,0.000007,0,1,1,0,1,1
22156296,,0,0.001613,279,0.000007,0,3,3,0,3,3
22078060,,0,0.001147,279,0.000007,0,3,3,0,3,3
22059908,,0,0.001573,279,0.000007,0,14,14,0,14,14
21985575,,0,0.001088,1,0.000007,0,1,1,0,1,1
21720365,,0.389949,0.01936,69,0.007963,1957,7,1964,1957,7,1964
21672285,,0,0.004373,1,0.000007,0,6,6,0,6,6
21584899,,0,0.001088,1,0.000007,0,1,1,0,1,1
21552467,,0,0.001186,279,0.000007,0,2,2,0,2,2
21301064,,0,0.001088,1,0.000007,0,1,1,0,1,1
21069385,,0.005458,0.0183,35,0.000169,64,21,85,64,21,85
20701443,,0,0.00322,1,0.000007,0,16,16,0,16,16
20119531,,0,0.001088,1,0.000007,0,1,1,0,1,1
20101446,,0,0.001188,90,0.000007,0,3,3,0,3,3
19798417,,0.001353,0.002917,69,0.000175,33,10,43,33,10,43
19662228,,0,0.001278,279,0.000007,0,4,4,0,4,4
19584833,,0,0.001186,279,0.000007,0,2,2,0,2,2
19285540,,0,0.001268,140,0.000007,0,3,3,0,3,3
18926282,,0,0.002161,1,0.000007,0,10,10,0,10,10
18785809,,0,0.001242,66,0.000007,0,4,4,0,4,4
18507500,,0,0.006259,35,0.000007,0,2,2,0,2,2
18463976,,0,0.001312,1,0.000007,0,6,6,0,6,6
18451150,,0,0.01479,1,0.000007,0,10,10,0,10,10
18156209,,0,0.001174,279,0.000007,0,2,2,0,2,2
17623056,,0,0.001408,1,0.000007,0,6,6,0,6,6
17057642,,0,0.004716,1,0.000007,0,6,6,0,6,6
16723399,,0,0.001088,1,0.000007,0,1,1,0,1,1
15701279,,0,0.001197,231,0.000007,0,2,2,0,2,2
12773202,,0.000613,0.001189,279,0.000259,53,3,56,53,3,56
12495446,,0.000183,0.001265,279,0.000176,23,3,26,23,3,26
11481438,,0,0.001088,1,0.000007,0,1,1,0,1,1
11092975,,0,0.001098,279,0.000007,0,2,2,0,2,2
15222021,,0,0,43,0.000007,0,1,1,0,1,1
10752678,,0,0,43,0.000013,1,0,1,1,0,1
29805775,,0,0.00011,231,0.000007,0,5,5,0,5,5
10753214,,0.000015,0,82,0.000045,10,0,10,10,0,10
28882148,,0,0.000264,82,0.000007,0,3,3,0,3,3
27284366,,0,0,82,0.000007,0,1,1,0,1,1
24527079,,0,0,82,0.000007,0,1,1,0,1,1
23792640,,0,0,82,0.000007,0,1,1,0,1,1
22644783,,0,0,82,0.000007,0,1,1,0,1,1
18037969,,0,0,82,0.000007,0,1,1,0,1,1
28553141,,0,0.000003,89,0.000007,0,3,3,0,3,3
10753542,,0,0,89,0.000012,2,0,2,2,0,2
23904835,,0,0.000007,89,0.000007,0,2,2,0,2,2
30344816,,0,0.000085,57,0.000007,0,1,1,0,1,1
10753787,,0.004432,0,57,0.000315,82,0,82,82,0,82
30062046,,0,0.000602,57,0.000007,0,3,3,0,3,3
29320554,,0,0.000085,57,0.000007,0,1,1,0,1,1
29147327,,0,0.000085,57,0.000007,0,1,1,0,1,1
28983338,,0,0.000085,57,0.000007,0,1,1,0,1,1
28894150,,0,0.000416,57,0.000007,0,2,2,0,2,2
28423717,,0,0.000085,57,0.000007,0,1,1,0,1,1
28144590,,0,0.000085,57,0.000007,0,1,1,0,1,1
27673354,,0,0.000587,100,0.000007,0,4,4,0,4,4
27452366,,0,0.001344,100,0.000007,0,7,7,0,7,7
27358488,,0,0.000377,137,0.000007,0,3,3,0,3,3
26556501,,0,0.000745,57,0.000007,0,4,4,0,4,4
26420828,,0,0.000085,57,0.000007,0,1,1,0,1,1
26196022,,0,0.000085,57,0.000007,0,1,1,0,1,1
25960722,,0,0.044613,1,0.000007,0,23,23,0,23,23
25480843,,0,0.00255,1,0.000007,0,7,7,0,7,7
25338269,,0,0.000085,205,0.000007,0,2,2,0,2,2
25027116,,0.0001,0.001798,100,0.000021,5,11,16,5,11,16
24889240,,0,0.000759,57,0.000007,0,3,3,0,3,3
24887359,,0.0039,0.034754,1,0.000027,16,23,39,16,23,39
24841373,,0,0.00081,57,0.000007,0,3,3,0,3,3
24558436,,0,0.000085,57,0.000007,0,1,1,0,1,1
23589025,,0,0.000085,57,0.000007,0,1,1,0,1,1
23457464,,0,0.000085,57,0.000007,0,1,1,0,1,1
23287771,,0,0.000085,57,0.000007,0,1,1,0,1,1
23097299,,0,0.000085,57,0.000007,0,1,1,0,1,1
22709253,,0,0.01,1,0.000007,0,8,8,0,8,8
22684507,,0,0.000085,57,0.000007,0,1,1,0,1,1
21263216,,0,0.000501,57,0.000007,0,3,3,0,3,3
21263027,,0,0.000085,57,0.000007,0,1,1,0,1,1
19794960,,0,0.000479,57,0.000007,0,2,2,0,2,2
18820296,,0,0.000085,57,0.000007,0,1,1,0,1,1
18648584,,0,0.000085,57,0.000007,0,1,1,0,1,1
18579371,,0,0.000266,57,0.000007,0,7,7,0,7,7
18541667,,0,0.000747,57,0.000007,0,3,3,0,3,3
18270754,,0,0.000085,57,0.000007,0,1,1,0,1,1
16140992,,0,0.000085,57,0.000007,0,1,1,0,1,1
15872216,,0,0.000085,57,0.000007,0,1,1,0,1,1
15781695,,0,0.001021,100,0.000007,0,6,6,0,6,6
15601996,,0,0.000516,57,0.000007,0,4,4,0,4,4
15562005,,0,0.000085,57,0.000007,0,1,1,0,1,1
14978260,,0,0.000085,57,0.000007,0,1,1,0,1,1
14639526,,0,0.000085,57,0.000007,0,1,1,0,1,1
14500812,,0,0.000557,57,0.000007,0,3,3,0,3,3
12888535,,0,0.000085,57,0.000007,0,1,1,0,1,1
12727892,,0,0.000085,57,0.000007,0,1,1,0,1,1
12615949,,0,0.000479,57,0.000007,0,2,2,0,2,2
12488583,,0,0.000085,57,0.000007,0,1,1,0,1,1
12469324,,0,0.000085,57,0.000007,0,1,1,0,1,1
12461083,,0,0.000479,57,0.000007,0,2,2,0,2,2
12202749,,0,0.000085,57,0.000007,0,1,1,0,1,1
12087170,,0,0.000479,57,0.000007,0,2,2,0,2,2
12060680,,0,0.000085,57,0.000007,0,1,1,0,1,1
11983025,,0,0.000085,57,0.000007,0,1,1,0,1,1
11782532,,0,0.000416,57,0.000007,0,2,2,0,2,2
11779792,,0,0.000085,57,0.000007,0,1,1,0,1,1
11504867,,0,0.000479,57,0.000007,0,2,2,0,2,2
11459989,,0,0.000085,57,0.000007,0,1,1,0,1,1
11316787,,0,0.000085,57,0.000007,0,1,1,0,1,1
11266539,,0,0.000085,57,0.000007,0,1,1,0,1,1
11160887,,0,0.000085,57,0.000007,0,1,1,0,1,1
11149936,,0,0.000085,57,0.000007,0,1,1,0,1,1
19336560,,0.000203,0.005564,5,0.00003,9,18,27,9,18,27
27582548,,0,0.000191,89,0.000007,0,2,2,0,2,2
22238615,,0,0.000595,89,0.000007,0,8,8,0,8,8
19147119,,0.001513,0.000612,35,0.000029,12,14,26,12,14,26
11024165,,0,0.000013,89,0.000007,0,1,1,0,1,1
10757645,,0.000002,0,5,0.000009,1,0,1,1,0,1
30297868,,0,0.000171,100,0.000007,0,2,2,0,2,2
10764811,,0.00346,0,100,0.000172,53,0,53,53,0,53
29749794,,0,0.000351,100,0.000007,0,2,2,0,2,2
29160738,,0,0.001848,100,0.000007,0,3,3,0,3,3
29059323,,0,0.001256,100,0.000007,0,8,8,0,8,8
28834754,,0,0.000625,100,0.000007,0,3,3,0,3,3
27561354,,0,0.000287,100,0.000007,0,5,5,0,5,5
27013923,,0,0.000081,367,0.000007,0,2,2,0,2,2
23254285,,0,0.000066,100,0.000007,0,1,1,0,1,1
22941650,,0,0.000066,100,0.000007,0,1,1,0,1,1
22084383,,0,0.000066,100,0.000007,0,1,1,0,1,1
21998596,,0,0.000094,100,0.000007,0,2,2,0,2,2
21893598,,0,0.000476,100,0.000007,0,3,3,0,3,3
21344631,,0,0.000066,100,0.000007,0,1,1,0,1,1
21087997,,0,0.000926,100,0.000007,0,3,3,0,3,3
20655309,,0,0.000737,57,0.000007,0,5,5,0,5,5
18923075,,0,0.00046,57,0.000007,0,2,2,0,2,2
18842137,,0,0.000066,100,0.000007,0,1,1,0,1,1
18584027,,0,0.001317,100,0.000007,0,5,5,0,5,5
17936710,,0,0.000351,100,0.000007,0,2,2,0,2,2
16287852,,0,0.0001,231,0.000007,0,2,2,0,2,2
14562366,,0,0.000066,100,0.000007,0,1,1,0,1,1
12414815,,0.000958,0.000086,100,0.00005,12,2,14,12,2,14
11429044,,0,0.000066,100,0.000007,0,1,1,0,1,1
25425972,,0,0.001037,1,0.000007,0,14,14,0,14,14
10767628,,0.000471,0,89,0.000023,10,0,10,10,0,10
23761956,,0,0.001854,1,0.000007,0,9,9,0,9,9
19616740,,0,0.000027,89,0.000007,0,2,2,0,2,2
15509680,,0,0.000448,100,0.000007,0,2,2,0,2,2
27672332,,0,0.000098,89,0.000007,0,2,2,0,2,2
10769725,,0.000089,0,89,0.000014,3,0,3,3,0,3
26402833,,0,0.000611,89,0.000007,0,9,9,0,9,9
23374397,,0.000385,0.005307,66,0.00004,10,21,31,10,21,31
10770566,,0.000101,0,66,0.000009,1,0,1,1,0,1
10771370,,0.000007,0,5,0.000007,1,0,1,1,0,1
10773883,,0.00221,0,279,0.000026,12,0,12,12,0,12
10782928,,0.000514,0,89,0.000026,7,0,7,7,0,7
30209988,,0,0.004992,100,0.000007,0,25,25,0,25,25
30202980,,0,0.000635,100,0.000007,0,4,4,0,4,4
30197789,,0,0.003141,231,0.000007,0,25,25,0,25,25
30069494,,0,0.000473,100,0.000007,0,2,2,0,2,2
29238697,,0,0.000464,100,0.000007,0,2,2,0,2,2
29190978,,0,0.000439,100,0.000007,0,1,1,0,1,1
29137223,,0.000002,0.000944,90,0.000016,2,9,11,2,9,11
28673972,,0.000001,0.001542,100,0.000026,4,7,11,4,7,11
28506294,,0,0.000625,100,0.000007,0,2,2,0,2,2
28415827,,0,0.002232,100,0.000007,0,4,4,0,4,4
28376765,,0,0.000439,100,0.000007,0,1,1,0,1,1
28255305,,0,0.000439,100,0.000007,0,1,1,0,1,1
28228481,,0,0.000465,100,0.000007,0,2,2,0,2,2
28125613,,0,0.000439,100,0.000007,0,1,1,0,1,1
28123606,,0,0.000439,100,0.000007,0,1,1,0,1,1
28031358,,0,0.000451,176,0.000007,0,3,3,0,3,3
27965933,,0,0.000439,100,0.000007,0,1,1,0,1,1
27630279,,0.000011,0.000446,100,0.000013,2,3,5,2,3,5
27618981,,0,0.000439,100,0.000007,0,1,1,0,1,1
27467592,,0,0.000963,100,0.000016,2,5,7,2,5,7
27413734,,0,0.001012,100,0.000007,0,6,6,0,6,6
27262172,,0,0.000439,100,0.000007,0,1,1,0,1,1
26951435,,0,0.000487,100,0.000007,0,3,3,0,3,3
26873719,,0.000022,0.016287,1,0.000022,2,22,24,2,22,24
26819409,,0,0.000486,227,0.000007,0,3,3,0,3,3
26680658,,0,0.000439,100,0.000007,0,1,1,0,1,1
26616728,,0.000075,0.013741,1,0.000009,3,13,16,3,13,16
26556860,,0,0.001236,24,0.000019,2,8,10,2,8,10
26490168,,0,0.001828,100,0.000007,0,8,8,0,8,8
26434776,,0,0.000439,100,0.000007,0,2,2,0,2,2
26240375,,0,0.000467,100,0.000007,0,2,2,0,2,2
26186548,,0,0.00092,57,0.000007,0,4,4,0,4,4
25770783,,0,0.009297,100,0.000007,0,3,3,0,3,3
25668003,,0,0.001704,100,0.000007,0,6,6,0,6,6
25633809,,0,0.000439,310,0.000025,3,1,4,3,1,4
25486020,,0,0.003035,100,0.000007,0,10,10,0,10,10
25470042,,0,0.000461,100,0.000007,0,2,2,0,2,2
25268703,,0,0.000911,232,0.000007,0,3,3,0,3,3
25132853,,0,0.000457,279,0.000007,0,2,2,0,2,2
25048400,,0,0.000459,231,0.000007,0,3,3,0,3,3
25013758,,0,0.001496,24,0.000007,0,7,7,0,7,7
24966277,,0,0.004247,100,0.000007,0,13,13,0,13,13
24910779,,0,0.000935,100,0.000007,0,3,3,0,3,3
24901222,,0,0.000439,100,0.000007,0,1,1,0,1,1
24809503,,0,0.000488,248,0.000007,0,2,2,0,2,2
24800743,,0,0.000902,100,0.000007,0,3,3,0,3,3
24709898,,0.000065,0.000653,184,0.000033,10,7,17,10,7,17
24708616,,0.000091,0.002514,100,0.000032,8,11,19,8,11,19
24606147,,0,0.001046,1,0.000007,0,4,4,0,4,4
24564762,,0,0.00086,69,0.000007,0,3,3,0,3,3
24556691,,0.000683,0.009951,1,0.000016,4,13,17,4,13,17
24550935,,0,0.002118,100,0.000007,0,5,5,0,5,5
24396275,,0,0.000841,89,0.000007,0,14,14,0,14,14
24205245,,0,0.000439,100,0.000007,0,1,1,0,1,1
24108125,,0,0.000439,100,0.000007,0,1,1,0,1,1
24082819,,0,0.000833,100,0.000007,0,2,2,0,2,2
23765697,,0,0.000558,100,0.000007,0,5,5,0,5,5
23741394,,0,0.000439,100,0.000007,0,1,1,0,1,1
23725059,,0,0.000439,100,0.000007,0,1,1,0,1,1
23545421,,0,0.001023,100,0.000007,0,3,3,0,3,3
23536656,,0,0.000439,100,0.000007,0,1,1,0,1,1
23509288,,0,0.000503,100,0.000007,0,2,2,0,2,2
23481661,,0,0.000439,100,0.000007,0,1,1,0,1,1
23434370,,0,0.000606,100,0.000007,0,2,2,0,2,2
23408991,,0,0.008162,100,0.000007,0,3,3,0,3,3
23408952,,0,0.000536,48,0.000007,0,4,4,0,4,4
23394702,,0,0.000627,24,0.000007,0,7,7,0,7,7
23391514,,0,0.000439,100,0.000007,0,1,1,0,1,1
23389450,,0,0.000901,100,0.000007,0,4,4,0,4,4
23129629,,0,0.000447,184,0.000007,0,3,3,0,3,3
22773873,,0,0.000439,100,0.000007,0,1,1,0,1,1
22737080,,0.000891,0.001936,89,0.000035,14,5,19,14,5,19
22605334,,0,0.002433,100,0.000007,0,6,6,0,6,6
22366898,,0.000395,0.021767,1,0.000053,12,16,28,12,16,28
22355630,,0,0.000881,100,0.000007,0,4,4,0,4,4
22272300,,0,0.000439,100,0.000007,0,1,1,0,1,1
22111699,,0,0.000833,100,0.000007,0,2,2,0,2,2
22084690,,0,0.000439,100,0.000007,0,1,1,0,1,1
22024395,,0,0.00226,100,0.000007,0,10,10,0,10,10
21949547,,0,0.000487,72,0.000007,0,3,3,0,3,3
21849470,,0,0.000459,57,0.000007,0,2,2,0,2,2
21804017,,0,0.000439,100,0.000007,0,1,1,0,1,1
21725088,,0,0.000951,100,0.000007,0,3,3,0,3,3
21647442,,0,0.000469,2,0.000007,0,4,4,0,4,4
21620140,,0,0.00286,100,0.000007,0,10,10,0,10,10
21575908,,0,0.00044,57,0.000007,0,2,2,0,2,2
21565612,,0,0.009446,100,0.000007,0,4,4,0,4,4
21419786,,0,0.000675,100,0.000007,0,2,2,0,2,2
21409565,,0,0.004305,100,0.000007,0,16,16,0,16,16
21240188,,0,0.003061,100,0.000007,0,13,13,0,13,13
21224348,,0,0.000455,100,0.000007,0,2,2,0,2,2
21123383,,0,0.000439,100,0.000007,0,1,1,0,1,1
21113733,,0,0.000455,100,0.000007,0,2,2,0,2,2
21075794,,0,0.000853,57,0.000007,0,3,3,0,3,3
21047263,,0,0.000439,100,0.000007,0,1,1,0,1,1
20188637,,0,0.000439,100,0.000007,0,1,1,0,1,1
20173098,,0,0.000439,100,0.000007,0,1,1,0,1,1
20154148,,0,0.000443,100,0.000007,0,2,2,0,2,2
20110345,,0,0.000443,100,0.000007,0,2,2,0,2,2
20029092,,0,0.000467,231,0.000007,0,3,3,0,3,3
19911388,,0,0.000455,100,0.000007,0,2,2,0,2,2
19566964,,0,0.000439,100,0.000007,0,1,1,0,1,1
19522845,,0,0.000992,100,0.000007,0,5,5,0,5,5
19472310,,0,0.000439,100,0.000007,0,1,1,0,1,1
19393077,,0,0.000534,57,0.000007,0,9,9,0,9,9
19270065,,0,0.000439,100,0.000007,0,1,1,0,1,1
19138690,,0,0.000439,100,0.000007,0,1,1,0,1,1
19056039,,0,0.001165,100,0.000007,0,3,3,0,3,3
19001091,,0,0.000439,100,0.000007,0,1,1,0,1,1
18971343,,0,0.000439,100,0.000007,0,1,1,0,1,1
18923083,,0,0.000535,100,0.000007,0,3,3,0,3,3
18923082,,0,0.000625,100,0.000007,0,2,2,0,2,2
18480061,,0,0.000619,100,0.000007,0,4,4,0,4,4
18319069,,0,0.000491,57,0.000007,0,2,2,0,2,2
18263878,,0,0.001979,100,0.000007,0,6,6,0,6,6
18086870,,0,0.000439,100,0.000007,0,1,1,0,1,1
17923529,,0,0.000439,100,0.000007,0,1,1,0,1,1
17909071,,0,0.002225,100,0.000007,0,10,10,0,10,10
17846123,,0,0.000542,100,0.000007,0,4,4,0,4,4
17581638,,0.0071,0.003597,100,0.000142,84,10,94,84,10,94
17570479,,0,0.000724,100,0.000007,0,2,2,0,2,2
17452447,,0,0.000439,100,0.000007,0,1,1,0,1,1
17210642,,0,0.000439,100,0.000007,0,1,1,0,1,1
17173371,,0,0.010518,100,0.000007,0,4,4,0,4,4
17114288,,0,0.000439,100,0.000007,0,1,1,0,1,1
17113727,,0,0.000439,100,0.000007,0,1,1,0,1,1
16925525,,0,0.00089,184,0.000007,0,3,3,0,3,3
16879101,,0,0.000439,100,0.000007,0,1,1,0,1,1
16864798,,0,0.000439,100,0.000007,0,1,1,0,1,1
16648361,,0,0.000439,100,0.000007,0,1,1,0,1,1
16431910,,0,0.000753,100,0.000007,0,3,3,0,3,3
16189143,,0,0.000444,231,0.000007,0,2,2,0,2,2
16176973,,0,0.000742,100,0.000007,0,3,3,0,3,3
16027118,,0,0.000439,100,0.000007,0,1,1,0,1,1
15964827,,0,0.000439,100,0.000007,0,1,1,0,1,1
15930159,,0,0.000439,100,0.000007,0,1,1,0,1,1
15864295,,0,0.000439,100,0.000007,0,1,1,0,1,1
15831465,,0,0.000439,100,0.000007,0,1,1,0,1,1
15831450,,0,0.000439,100,0.000007,0,1,1,0,1,1
15775963,,0,0.000782,100,0.000007,0,4,4,0,4,4
15743907,,0,0.000439,100,0.000007,0,1,1,0,1,1
15616572,,0,0.003597,100,0.000007,0,8,8,0,8,8
15542852,,0,0.000771,100,0.000007,0,2,2,0,2,2
15479784,,0,0.000439,100,0.000007,0,1,1,0,1,1
15456891,,0,0.001796,100,0.000007,0,5,5,0,5,5
15367657,,0,0.000439,100,0.000007,0,1,1,0,1,1
15364958,,0,0.000988,100,0.000007,0,4,4,0,4,4
15289460,,0,0.000439,100,0.000007,0,1,1,0,1,1
15277230,,0,0.000507,35,0.000007,0,2,2,0,2,2
15257300,,0,0.001973,100,0.000007,0,10,10,0,10,10
15226443,,0,0.000439,100,0.000007,0,1,1,0,1,1
15197177,,0,0.000439,100,0.000007,0,1,1,0,1,1
15184650,,0,0.000454,57,0.000007,0,2,2,0,2,2
15143166,,0,0.001631,57,0.000007,0,4,4,0,4,4
15109307,,0,0.000518,100,0.000007,0,2,2,0,2,2
15054444,,0,0.00244,100,0.000007,0,7,7,0,7,7
14742710,,0,0.000519,57,0.000007,0,4,4,0,4,4
14716813,,0,0.000684,66,0.000007,0,3,3,0,3,3
14657349,,0,0.000439,100,0.000007,0,1,1,0,1,1
14577841,,0,0.000439,100,0.000007,0,1,1,0,1,1
14562032,,0,0.000439,100,0.000007,0,1,1,0,1,1
12944467,,0,0.000454,57,0.000007,0,2,2,0,2,2
12803543,,0,0.000959,100,0.000007,0,3,3,0,3,3
12724401,,0,0.002758,100,0.000007,0,5,5,0,5,5
12702765,,0,0.000524,184,0.000007,0,2,2,0,2,2
12682026,,0,0.000454,57,0.000007,0,2,2,0,2,2
12606585,,0,0.000579,57,0.000007,0,3,3,0,3,3
12601175,,0,0.000439,100,0.000007,0,1,1,0,1,1
12586696,,0,0.000439,100,0.000007,0,1,1,0,1,1
12235379,,0,0.000439,100,0.000007,0,1,1,0,1,1
12192049,,0,0.000439,100,0.000007,0,1,1,0,1,1
11877376,,0,0.000439,100,0.000007,0,1,1,0,1,1
11799062,,0,0.000439,100,0.000007,0,1,1,0,1,1
11779799,,0,0.000439,100,0.000007,0,1,1,0,1,1
11691925,,0,0.000439,100,0.000007,0,1,1,0,1,1
11472631,,0,0.000439,100,0.000007,0,1,1,0,1,1
11438646,,0,0.000439,100,0.000007,0,1,1,0,1,1
11326315,,0,0.000439,100,0.000007,0,1,1,0,1,1
11309417,,0,0.000439,100,0.000007,0,1,1,0,1,1
11259578,,0,0.000439,100,0.000007,0,1,1,0,1,1
11124263,,0,0.000439,100,0.000007,0,1,1,0,1,1
11112663,,0,0.000439,100,0.000007,0,1,1,0,1,1
11073920,,0,0.000439,100,0.000007,0,1,1,0,1,1
11058127,,0,0.000439,100,0.000007,0,1,1,0,1,1
11040210,,0,0.000439,100,0.000007,0,1,1,0,1,1
10785486,,0.000735,0,69,0.000013,6,0,6,6,0,6
24333842,,0.00227,0.002585,69,0.000021,12,21,33,12,21,33
23135210,,0,0.000064,69,0.000007,0,3,3,0,3,3
28340626,,0,0.00335,5,0.000007,0,74,74,0,74,74
10787220,,0.000064,0,5,0.000007,1,0,1,1,0,1
30040829,,0,0.00368,89,0.000007,0,34,34,0,34,34
29723101,,0,0.000899,89,0.000007,0,12,12,0,12,12
29678143,,0,0.000482,89,0.000007,0,7,7,0,7,7
29492181,,0,0.000597,89,0.000007,0,15,15,0,15,15
28927094,,0,0.000099,89,0.000007,0,1,1,0,1,1
26928677,,0,0.003838,5,0.000007,0,35,35,0,35,35
26557774,,0,0.000165,35,0.000007,0,2,2,0,2,2
25591549,,0.000018,0.002068,231,0.000024,6,12,18,6,12,18
22395474,,0.002405,0.00356,89,0.000011,9,22,31,9,22,31
22032251,,0.00061,0.002005,89,0.000009,4,24,28,4,24,28
21124932,,0,0.005706,231,0.000007,0,6,6,0,6,6
20233483,,0,0.000099,89,0.000007,0,1,1,0,1,1
20223031,,0,0.000099,89,0.000007,0,1,1,0,1,1
17220212,,0.000159,0.001205,89,0.000019,3,6,9,3,6,9
10790213,,0.001327,0,89,0.000012,10,0,10,10,0,10
10790221,,0.000042,0,89,0.000007,1,0,1,1,0,1
29416786,,0,0.000068,66,0.000007,0,1,1,0,1,1
28442393,,0,0.000072,66,0.000007,0,3,3,0,3,3
26623723,,0,0.000071,66,0.000039,5,2,7,5,2,7
25950470,,0,0.000068,66,0.000007,0,1,1,0,1,1
24189062,,0,0.000068,66,0.000007,0,1,1,0,1,1
23885756,,0,0.005626,66,0.000007,0,4,4,0,4,4
23204318,,0,0.000341,66,0.000007,0,3,3,0,3,3
22977523,,0,0.000125,66,0.000007,0,3,3,0,3,3
22740880,,0,0.000068,66,0.000007,0,1,1,0,1,1
22264274,,0,0.000555,35,0.000007,0,4,4,0,4,4
20841510,,0,0.000068,66,0.000007,0,1,1,0,1,1
16699046,,0,0.000068,66,0.000007,0,1,1,0,1,1
15296508,,0,0.000068,66,0.000007,0,1,1,0,1,1
14748743,,0,0.000102,66,0.000007,0,2,2,0,2,2
12799648,,0,0.000068,66,0.000007,0,1,1,0,1,1
12610144,,0,0.000068,66,0.000007,0,1,1,0,1,1
12138205,,0,0.000068,66,0.000007,0,1,1,0,1,1
12093877,,0,0.000068,66,0.000007,0,1,1,0,1,1
12048245,,0,0.000068,66,0.000007,0,1,1,0,1,1
11994401,,0,0.000074,66,0.000007,0,2,2,0,2,2
11773396,,0,0.000068,66,0.000007,0,1,1,0,1,1
11585785,,0,0.000068,66,0.000007,0,1,1,0,1,1
11226159,,0,0.000068,66,0.000007,0,1,1,0,1,1
10794360,,0.000152,0,5,0.000017,4,0,4,4,0,4
16207892,,0,0.000003,5,0.000007,0,1,1,0,1,1
10794361,,0.000011,0,89,0.000009,1,0,1,1,0,1
10794482,,0.000162,0,5,0.000036,14,0,14,14,0,14
23348082,,0,0.000116,5,0.000007,0,4,4,0,4,4
20306165,,0,0.000003,5,0.000007,0,1,1,0,1,1
19170098,,0,0.000003,5,0.000007,0,1,1,0,1,1
19170091,,0,0.000006,5,0.000007,0,2,2,0,2,2
19170081,,0,0.000019,5,0.000007,0,2,2,0,2,2
21514447,,0,0.003743,89,0.000007,0,13,13,0,13,13
10797254,,0.000155,0,89,0.000008,2,0,2,2,0,2
10797299,,0.002725,0,89,0.000048,16,0,16,16,0,16
26479563,,0,0.000006,5,0.000007,0,2,2,0,2,2
10797419,,0.000095,0,5,0.000017,5,0,5,5,0,5
20924409,,0,0.000512,231,0.000007,0,6,6,0,6,6
10797590,,0.00001,0,231,0.000008,1,0,1,1,0,1
10799749,,0.000066,0,89,0.000007,1,0,1,1,0,1
20413710,,0,0.000109,89,0.000007,0,3,3,0,3,3
25165096,,0,0.000004,100,0.000007,0,1,1,0,1,1
10803459,,0.000233,0,100,0.000029,5,0,5,5,0,5
18665226,,0,0.000004,100,0.000007,0,1,1,0,1,1
17996702,,0,0.000004,100,0.000007,0,2,2,0,2,2
23232854,,0.003831,0.011233,1,0.000028,14,16,30,14,16,30
29137248,,0,0.000012,5,0.000007,0,3,3,0,3,3
10805949,,0.00017,0,5,0.000013,6,0,6,6,0,6
19762336,,0,0.000362,5,0.000007,0,3,3,0,3,3
28467490,,0,0.001065,5,0.000007,0,4,4,0,4,4
10805950,,0.005445,0,35,0.000065,33,0,33,33,0,33
26137966,,0.000024,0.000521,35,0.000053,10,4,14,10,4,14
26046764,,0,0.001936,35,0.000007,0,7,7,0,7,7
19709408,,0,0.018895,140,0.000007,0,13,13,0,13,13
19590058,,0,0.004802,5,0.000007,0,13,13,0,13,13
17211475,,0,0.000165,232,0.000007,0,2,2,0,2,2
10805951,,0.000165,0,5,0.00001,1,0,1,1,0,1
18087590,,0,0,44,0.000007,0,1,1,0,1,1
10806298,,0,0,44,0.000019,2,0,2,2,0,2
16330350,,0,0,44,0.000007,0,1,1,0,1,1
10806355,,0.000119,0,205,0.000028,7,0,7,7,0,7
11940665,,0,0.000002,205,0.000007,0,1,1,0,1,1
11447128,,0,0.000002,205,0.000007,0,1,1,0,1,1
10807385,,0.03165,0,1,0.000206,98,0,98,98,0,98
29852322,,0,0.004248,5,0.000007,0,15,15,0,15,15
29742009,,0,0.00151,1,0.000007,0,4,4,0,4,4
29587661,,0,0.00464,1,0.000007,0,14,14,0,14,14
29298688,,0,0.01772,1,0.000007,0,23,23,0,23,23
28808501,,0,0.002717,1,0.000007,0,6,6,0,6,6
28740454,,0,0.003958,1,0.000007,0,20,20,0,20,20
28376831,,0.000001,0.001133,1,0.000013,3,6,9,3,6,9
28373819,,0,0.006405,1,0.000007,0,15,15,0,15,15
26871470,,0,0.010319,1,0.000007,0,10,10,0,10,10
26425718,,0.000118,0.00155,1,0.000008,2,5,7,2,5,7
26275954,,0,0.00088,1,0.000007,0,3,3,0,3,3
23072336,,0,0.01818,1,0.000007,0,10,10,0,10,10
22937176,,0.000103,0.004469,1,0.000008,1,7,8,1,7,8
22579790,,0.002479,0.012032,1,0.000016,8,13,21,8,13,21
22017867,,0.00027,0.001606,100,0.000011,2,2,4,2,2,4
20852633,,0.00978,0.001593,231,0.000291,126,8,134,126,8,134
20807817,,0.000488,0.005392,1,0.000069,18,15,33,18,15,33
12454801,,0,0.000646,5,0.000007,0,3,3,0,3,3
10807537,,0.001693,0,231,0.000055,23,0,23,23,0,23
28864920,,0,0.001395,231,0.000007,0,17,17,0,17,17
28146134,,0,0.019067,205,0.000007,0,38,38,0,38,38
27694619,,0,0.001839,100,0.000007,0,8,8,0,8,8
26108708,,0,0.00035,231,0.000007,0,16,16,0,16,16
25409685,,0.000031,0.000667,265,0.00001,2,9,11,2,9,11
25010205,,0,0.000032,231,0.000007,0,1,1,0,1,1
24088786,,0.002597,0.001437,1,0.000076,27,6,33,27,6,33
22305526,,0,0.000032,231,0.000007,0,1,1,0,1,1
19336413,,0,0.000302,231,0.000007,0,6,6,0,6,6
11691922,,0,0.000172,231,0.000007,0,4,4,0,4,4
11459984,,0,0.000032,231,0.000007,0,1,1,0,1,1
20455263,,0,0,45,0.000007,0,1,1,0,1,1
10810408,,0,0,45,0.000013,1,0,1,1,0,1
17702760,,0,0.000046,140,0.000007,0,1,1,0,1,1
11872731,,0,0.000046,140,0.000007,0,1,1,0,1,1
29769598,,0,0.000037,5,0.000007,0,2,2,0,2,2
10811497,,0.001942,0,5,0.00003,18,0,18,18,0,18
29341851,,0,0.000321,5,0.000007,0,9,9,0,9,9
10811679,,0.00021,0,5,0.000024,15,0,15,15,0,15
25099078,,0.000015,0.00022,5,0.000007,1,16,17,1,16,17
24625446,,0,0.000058,5,0.000007,0,7,7,0,7,7
21779515,,0,0.00052,231,0.000007,0,4,4,0,4,4
21502235,,0,0.000015,5,0.000007,0,3,3,0,3,3
19330464,,0,0.000043,5,0.000007,0,4,4,0,4,4
15111476,,0,0.000004,5,0.000007,0,1,1,0,1,1
10817354,,0.001082,0,1,0.000012,8,0,8,8,0,8
28983627,,0,0.008073,1,0.000007,0,6,6,0,6,6
10818392,,0.000773,0,1,0.000022,6,0,6,6,0,6
24551595,,0,0.008965,1,0.000007,0,8,8,0,8,8
23134732,,0,0.000015,1,0.000007,0,1,1,0,1,1
16945398,,0,0.000015,1,0.000007,0,1,1,0,1,1
26365241,,0,0.000001,181,0.000007,0,1,1,0,1,1
10818594,,0.000064,0,181,0.000056,13,0,13,13,0,13
20217576,,0,0.000001,181,0.000007,0,2,2,0,2,2
19199618,,0,0.000016,181,0.000007,0,3,3,0,3,3
18685000,,0,0.000001,181,0.000007,0,1,1,0,1,1
18495862,,0,0.000001,181,0.000007,0,2,2,0,2,2
17428930,,0,0.000001,181,0.000007,0,1,1,0,1,1
12972634,,0,0.000001,181,0.000007,0,1,1,0,1,1
12854135,,0,0.000001,181,0.000007,0,1,1,0,1,1
10818710,,0.000005,0,89,0.00001,1,0,1,1,0,1
10819531,,0.000578,0,100,0.000028,5,0,5,5,0,5
10819533,,0.000306,0,111,0.000022,10,0,10,10,0,10
26401660,,0,0.000006,111,0.000007,0,1,1,0,1,1
15670748,,0,0.004329,111,0.000007,0,5,5,0,5,5
25304112,,0,0.003487,5,0.000007,0,12,12,0,12,12
10819534,,0.000255,0,5,0.000008,2,0,2,2,0,2
15454540,,0,0,100,0.000007,0,1,1,0,1,1
10819535,,0.000026,0,100,0.000014,2,0,2,2,0,2
10819536,,0.000284,0,100,0.000008,3,0,3,3,0,3
29447171,,0,0.00062,100,0.000007,0,2,2,0,2,2
10819537,,0.002685,0,100,0.000052,22,0,22,22,0,22
28512217,,0,0.001699,100,0.000007,0,6,6,0,6,6
26596371,,0,0.001407,100,0.000007,0,10,10,0,10,10
25640415,,0,0.000051,100,0.000007,0,1,1,0,1,1
16522646,,0,0.000117,100,0.000007,0,2,2,0,2,2
11742487,,0,0.000051,100,0.000007,0,1,1,0,1,1
11118202,,0,0.000051,100,0.000007,0,1,1,0,1,1
10824194,,0.000092,0,89,0.000011,3,0,3,3,0,3
20459777,,0,0.00029,89,0.000007,0,5,5,0,5,5
28630945,,0,0.000156,5,0.000007,0,5,5,0,5,5
23907184,,0,0.001531,5,0.000007,0,6,6,0,6,6
10841315,,0.000046,0,5,0.000013,4,0,4,4,0,4
18313025,,0,0.000614,205,0.000007,0,5,5,0,5,5
12695382,,0,0.000002,5,0.000007,0,2,2,0,2,2
10843985,,0.046206,0,100,0.00041,168,0,168,168,0,168
30373556,,0,0.018485,1,0.000007,0,21,21,0,21,21
30135856,,0,0.002329,1,0.000007,0,12,12,0,12,12
29910657,,0.000002,0.017334,1,0.000009,1,8,9,1,8,9
29867226,,0.000234,0.047956,1,0.000007,1,73,74,1,73,74
29635390,,0.000297,0.02367,1,0.000011,4,30,34,4,30,34
29434522,,0,0.007832,72,0.000007,0,8,8,0,8,8
28977823,,0,0.034329,5,0.000007,0,28,28,0,28,28
28967905,,0,0.009831,100,0.000007,0,4,4,0,4,4
28613254,,0,0.001976,100,0.000007,0,6,6,0,6,6
28494179,,0.000002,0.011491,1,0.00002,3,29,32,3,29,32
28333150,,0.000003,0.002657,35,0.000013,3,7,10,3,7,10
28069943,,0,0.001147,100,0.000007,0,2,2,0,2,2
28028375,,0.000001,0.018727,1,0.000009,1,14,15,1,14,15
28008145,,0,0.001469,24,0.00001,1,8,9,1,8,9
28002809,,0.000202,0.044739,1,0.00001,2,22,24,2,22,24
27740936,,0,0.018006,1,0.000007,0,9,9,0,9,9
27626685,,0.000067,0.016877,1,0.000011,2,15,17,2,15,17
26677438,,0.000619,0.02269,35,0.000079,21,18,39,21,18,39
26649820,,0,0.003761,100,0.000007,0,10,10,0,10,10
26196284,,0,0.003954,100,0.000007,0,4,4,0,4,4
26181259,,0.00139,0.011906,1,0.000036,11,7,18,11,7,18
26175926,,0,0.01144,1,0.000007,0,10,10,0,10,10
26137293,,0,0.004245,1,0.000007,0,13,13,0,13,13
25847929,,0.009361,0.013869,1,0.000077,41,14,55,41,14,55
25347122,,0,0.02185,1,0.000007,0,20,20,0,20,20
25219499,,0.003511,0.006569,100,0.00011,38,20,58,38,20,58
25104095,,0,0.011905,1,0.000007,0,10,10,0,10,10
24971740,,0,0.00109,35,0.000007,0,4,4,0,4,4
24476748,,0,0.002451,1,0.000007,0,5,5,0,5,5
24212667,,0,0.002935,100,0.000007,0,22,22,0,22,22
24114677,,0,0.017464,1,0.000007,0,13,13,0,13,13
24107634,,0.000221,0.005374,100,0.000034,9,9,18,9,9,18
23966292,,0,0.014775,100,0.000007,0,15,15,0,15,15
23901102,,0.000693,0.00286,100,0.000059,16,9,25,16,9,25
23830640,,0,0.001394,100,0.000007,0,2,2,0,2,2
23548269,,0.010005,0.010522,1,0.000099,44,7,51,44,7,51
23259762,,0.000083,0.001631,100,0.000022,5,4,9,5,4,9
22868240,,0,0.000881,100,0.000007,0,1,1,0,1,1
22416079,,0.006039,0.02031,69,0.000326,83,14,97,83,14,97
22084573,,0.000712,0.008982,100,0.00001,3,50,53,3,50,53
21875941,,0.002024,0.001468,1,0.00004,11,2,13,11,2,13
21857991,,0,0.001247,100,0.000007,0,5,5,0,5,5
21706030,,0.021772,0.030675,1,0.000177,75,12,87,75,12,87
21701511,,0,0.010952,100,0.000007,0,10,10,0,10,10
21633166,,0,0.019452,1,0.000007,0,12,12,0,12,12
21478198,,0,0.002294,100,0.000007,0,8,8,0,8,8
21050424,,0,0.023795,1,0.000007,0,10,10,0,10,10
20931014,,0,0.000881,100,0.000007,0,1,1,0,1,1
20798217,,0.011114,0.011107,1,0.000123,49,9,58,49,9,58
20660013,,0,0.016612,1,0.000007,0,5,5,0,5,5
20581869,,0,0.004694,1,0.000007,0,5,5,0,5,5
20173781,,0.003065,0.003991,100,0.000039,29,14,43,29,14,43
19534534,,0,0.000881,35,0.000007,0,2,2,0,2,2
19458043,,0,0.001226,24,0.000007,0,2,2,0,2,2
19372558,,0,0.001131,100,0.000007,0,3,3,0,3,3
18182985,,0,0.010396,5,0.000007,0,8,8,0,8,8
17626183,,0,0.010556,1,0.000007,0,5,5,0,5,5
26452104,,0,0,89,0.000007,0,1,1,0,1,1
10851077,,0.00002,0,89,0.000045,8,0,8,8,0,8
24302565,,0,0.000451,140,0.000007,0,10,10,0,10,10
20105337,,0,0,89,0.000007,0,1,1,0,1,1
19730687,,0,0,89,0.000007,0,1,1,0,1,1
17183658,,0,0,89,0.000007,0,1,1,0,1,1
16014937,,0,0,89,0.000007,0,1,1,0,1,1
11967300,,0,0,89,0.000007,0,1,1,0,1,1
10852372,,0.00024,0,5,0.000015,9,0,9,9,0,9
24222509,,0,0.000005,5,0.000007,0,3,3,0,3,3
22473221,,0,0.000272,5,0.000007,0,7,7,0,7,7
27347488,,0,0.000029,5,0.000007,0,2,2,0,2,2
10853463,,0.000008,0,5,0.000028,5,0,5,5,0,5
27332954,,0,0,5,0.000007,0,1,1,0,1,1
26388666,,0,0.000021,5,0.000007,0,2,2,0,2,2
26247668,,0,0,5,0.000007,0,1,1,0,1,1
16636135,,0,0.000394,5,0.000007,0,2,2,0,2,2
10854487,,0.000039,0,89,0.000019,6,0,6,6,0,6
19887461,,0,0.000193,231,0.000007,0,4,4,0,4,4
10854492,,0.001011,0,231,0.000085,28,0,28,28,0,28
28399571,,0,0.000518,231,0.000007,0,9,9,0,9,9
27871006,,0,0.000019,231,0.000007,0,1,1,0,1,1
25862352,,0,0.00005,231,0.000007,0,2,2,0,2,2
23942072,,0,0.000779,231,0.000007,0,12,12,0,12,12
23774992,,0,0.000118,231,0.000007,0,4,4,0,4,4
16556643,,0,0.000019,231,0.000007,0,1,1,0,1,1
15987430,,0.000125,0.000094,231,0.00001,3,4,7,3,4,7
15150559,,0,0.000019,231,0.000007,0,1,1,0,1,1
12792144,,0,0.000019,231,0.000007,0,1,1,0,1,1
12473176,,0,0.000556,231,0.000007,0,5,5,0,5,5
12439712,,0,0.000019,231,0.000007,0,1,1,0,1,1
11565063,,0,0.000019,231,0.000007,0,1,1,0,1,1
27116033,,0,0.000022,2,0.000007,0,3,3,0,3,3
10854793,,0.000055,0,2,0.000034,6,0,6,6,0,6
25690893,,0,0.000001,2,0.000007,0,2,2,0,2,2
12720573,,0,0.000001,2,0.000007,0,1,1,0,1,1
12626728,,0,0.000001,2,0.000007,0,1,1,0,1,1
11788734,,0,0.000001,2,0.000007,0,1,1,0,1,1
29180510,,0,0.00081,100,0.000007,0,13,13,0,13,13
10855792,,0.00052,0,232,0.000116,24,0,24,24,0,24
28847819,,0,0.001327,100,0.000007,0,7,7,0,7,7
28754127,,0,0.00003,232,0.000007,0,2,2,0,2,2
27644328,,0.000361,0.002937,100,0.000036,8,14,22,8,14,22
25852467,,0,0.00001,232,0.000007,0,1,1,0,1,1
23747512,,0,0.00001,232,0.000007,0,1,1,0,1,1
23722536,,0,0.00001,232,0.000007,0,1,1,0,1,1
23641252,,0,0.000381,232,0.000007,0,3,3,0,3,3
23459247,,0,0.00001,232,0.000007,0,1,1,0,1,1
21949850,,0,0.00001,232,0.000007,0,1,1,0,1,1
19380227,,0,0.00001,232,0.000007,0,1,1,0,1,1
19237541,,0,0.00001,232,0.000007,0,1,1,0,1,1
18570652,,0,0.00001,232,0.000007,0,1,1,0,1,1
18279508,,0,0.00001,232,0.000007,0,1,1,0,1,1
16525503,,0,0.00001,232,0.000007,0,1,1,0,1,1
14988733,,0,0.00001,232,0.000007,0,1,1,0,1,1
12937274,,0,0.00001,232,0.000007,0,1,1,0,1,1
12747802,,0,0.00001,232,0.000007,0,1,1,0,1,1
12529442,,0,0.00001,232,0.000007,0,1,1,0,1,1
12427991,,0,0.00001,232,0.000007,0,1,1,0,1,1
11320219,,0,0.00001,232,0.000007,0,1,1,0,1,1
10856109,,0.000046,0,5,0.000042,10,0,10,10,0,10
25063358,,0,0.000001,5,0.000007,0,2,2,0,2,2
24665452,,0,0.00028,5,0.000007,0,5,5,0,5,5
20180951,,0.000059,0.001028,5,0.000016,7,18,25,7,18,25
18940308,,0,0.000001,5,0.000007,0,1,1,0,1,1
17485698,,0,0.000001,5,0.000007,0,1,1,0,1,1
16507657,,0,0.000001,5,0.000007,0,1,1,0,1,1
15216547,,0,0.000001,5,0.000007,0,1,1,0,1,1
14501496,,0,0.000483,5,0.000007,0,3,3,0,3,3
29891881,,0,0,5,0.000007,0,1,1,0,1,1
10859009,,0.000003,0,5,0.000017,4,0,4,4,0,4
23369270,,0,0.000026,5,0.000007,0,4,4,0,4,4
12823654,,0,0,46,0.000007,0,1,1,0,1,1
10860223,,0,0,46,0.000013,1,0,1,1,0,1
10861460,,0.000502,0,5,0.00001,3,0,3,3,0,3
15757934,,0,0.000002,5,0.000007,0,2,2,0,2,2
10861679,,0,0,5,0.000018,3,0,3,3,0,3
12660192,,0,0,5,0.000007,0,1,1,0,1,1
28060910,,0,0.000011,89,0.000007,0,1,1,0,1,1
10862036,,0.000555,0,89,0.00017,10,0,10,10,0,10
16773564,,0,0.000011,89,0.000007,0,1,1,0,1,1
28921573,,0,0.000011,66,0.000007,0,5,5,0,5,5
10862044,,0.000078,0,66,0.000025,6,0,6,6,0,6
26242876,,0,0.000036,66,0.000007,0,3,3,0,3,3
20687928,,0,0.000001,66,0.000007,0,1,1,0,1,1
16278720,,0,0.000001,66,0.000007,0,1,1,0,1,1
21291537,,0,0.000071,241,0.000007,0,3,3,0,3,3
10862052,,0.000687,0,241,0.000015,4,0,4,4,0,4
20877358,,0,0.01788,5,0.000007,0,12,12,0,12,12
22246618,,0,0.006869,5,0.000007,0,11,11,0,11,11
10862837,,0.00024,0,5,0.000009,3,0,3,3,0,3
10864338,,0.00068,0,5,0.000008,3,0,3,3,0,3
27422433,,0,0,5,0.000007,0,1,1,0,1,1
10865683,,0,0,5,0.000021,3,0,3,3,0,3
25473429,,0,0.000018,5,0.000007,0,4,4,0,4,4
16059426,,0,0,5,0.000007,0,1,1,0,1,1
28163803,,0,0.000064,5,0.000007,0,3,3,0,3,3
10866028,,0.00009,0,5,0.000009,2,0,2,2,0,2
10866324,,0.004437,0,100,0.000214,51,0,51,51,0,51
29101015,,0,0.000085,100,0.000007,0,1,1,0,1,1
26712747,,0,0.000341,89,0.000007,0,7,7,0,7,7
24970375,,0,0.000085,100,0.000007,0,1,1,0,1,1
24204783,,0,0.000124,241,0.000007,0,2,2,0,2,2
23939379,,0.00141,0.006835,57,0.000143,29,4,33,29,4,33
23440242,,0,0.000275,100,0.000007,0,5,5,0,5,5
18625723,,0,0.000085,100,0.000007,0,1,1,0,1,1
18596239,,0,0.00902,100,0.000007,0,4,4,0,4,4
16439996,,0,0.000085,100,0.000007,0,1,1,0,1,1
12970909,,0,0.000479,57,0.000007,0,2,2,0,2,2
10868478,,0.000359,0,90,0.00012,22,0,22,22,0,22
29904587,,0,0.000041,90,0.000007,0,5,5,0,5,5
29866056,,0,0.000039,90,0.000007,0,4,4,0,4,4
29735912,,0,0.000035,90,0.000007,0,2,2,0,2,2
28698459,,0,0.000122,90,0.000007,0,6,6,0,6,6
28238104,,0,0.000007,90,0.000007,0,1,1,0,1,1
26252364,,0,0.000031,90,0.000007,0,2,2,0,2,2
25486199,,0,0.000013,90,0.000007,0,2,2,0,2,2
24944623,,0,0.00001,90,0.000007,0,2,2,0,2,2
24212940,,0,0.000013,90,0.000007,0,2,2,0,2,2
23209302,,0,0.000007,90,0.000007,0,1,1,0,1,1
21693539,,0,0.00001,90,0.000007,0,2,2,0,2,2
20570586,,0,0.00001,90,0.000007,0,2,2,0,2,2
20067378,,0,0.000007,90,0.000007,0,1,1,0,1,1
19257909,,0,0.000008,90,0.000007,0,2,2,0,2,2
19173291,,0,0.000013,90,0.000007,0,3,3,0,3,3
18501502,,0,0.000037,90,0.000007,0,3,3,0,3,3
18314259,,0.000126,0.00028,90,0.000228,48,4,52,48,4,52
11992260,,0,0,47,0.000007,0,1,1,0,1,1
10872502,,0,0,47,0.000013,1,0,1,1,0,1
29730627,,0,0.000005,90,0.000007,0,1,1,0,1,1
10873626,,0.000248,0,90,0.000053,17,0,17,17,0,17
28827722,,0,0.000005,90,0.000007,0,1,1,0,1,1
27959387,,0,0.000014,72,0.000007,0,2,2,0,2,2
27939360,,0,0.000027,90,0.000007,0,3,3,0,3,3
27416801,,0,0.000012,90,0.000007,0,3,3,0,3,3
27035792,,0,0.000052,90,0.000007,0,2,2,0,2,2
26661278,,0,0.000049,90,0.000007,0,3,3,0,3,3
26655092,,0,0.000012,90,0.000007,0,3,3,0,3,3
26384849,,0,0.003181,90,0.000007,0,3,3,0,3,3
26106135,,0,0.006385,1,0.000007,0,9,9,0,9,9
25368672,,0,0.000005,90,0.000007,0,1,1,0,1,1
24367161,,0,0.000089,90,0.000007,0,3,3,0,3,3
22228320,,0,0.000018,90,0.000007,0,3,3,0,3,3
21168302,,0,0.000137,90,0.000007,0,5,5,0,5,5
20201928,,0,0.000011,90,0.000007,0,3,3,0,3,3
30103829,,0,0.010201,1,0.000007,0,25,25,0,25,25
10874312,,0.000453,0,1,0.00002,4,0,4,4,0,4
10880552,,0.001761,0,69,0.000021,10,0,10,10,0,10
23642077,,0,0.000034,69,0.000007,0,1,1,0,1,1
22405464,,0,0.012453,69,0.000007,0,27,27,0,27,27
19700937,,0,0.003097,69,0.000007,0,9,9,0,9,9
29563261,,0,0.000131,89,0.000007,0,3,3,0,3,3
10882856,,0.000354,0,89,0.000035,14,0,14,14,0,14
27366307,,0,0.000356,231,0.000007,0,7,7,0,7,7
25049628,,0,0.000007,89,0.000007,0,1,1,0,1,1
21489208,,0,0.005282,89,0.000007,0,3,3,0,3,3
21254913,,0.000001,0.001133,5,0.000014,2,12,14,2,12,14
17010193,,0.000767,0.002502,231,0.000041,13,23,36,13,23,36
11556837,,0,0.000008,89,0.000007,0,2,2,0,2,2
10882857,,0.002426,0,1,0.000054,17,0,17,17,0,17
27895754,,0,0.000143,69,0.000007,0,2,2,0,2,2
25647689,,0,0.000046,1,0.000007,0,1,1,0,1,1
22461340,,0,0.000809,231,0.000007,0,13,13,0,13,13
21194473,,0,0.000143,231,0.000007,0,3,3,0,3,3
21191117,,0,0.001764,231,0.000007,0,11,11,0,11,11
20308648,,0,0.000642,231,0.000007,0,8,8,0,8,8
30393480,,0,0.00004,69,0.000007,0,1,1,0,1,1
10883018,,0.002078,0,69,0.000535,120,0,120,120,0,120
30310512,,0,0.00004,69,0.000007,0,1,1,0,1,1
30066910,,0,0.00004,69,0.000007,0,1,1,0,1,1
29693704,,0,0.00004,69,0.000007,0,1,1,0,1,1
29616112,,0,0.00004,69,0.000007,0,2,2,0,2,2
29456732,,0,0.00004,69,0.000007,0,1,1,0,1,1
29435048,,0,0.000045,69,0.000007,0,2,2,0,2,2
29434823,,0,0.00004,69,0.000007,0,1,1,0,1,1
29247577,,0,0.00004,69,0.000007,0,1,1,0,1,1
29085240,,0,0.00004,69,0.000007,0,1,1,0,1,1
29069830,,0,0.000052,69,0.000007,0,2,2,0,2,2
29051715,,0,0.000111,69,0.000007,0,3,3,0,3,3
28979680,,0,0.00004,69,0.000007,0,1,1,0,1,1
28943941,,0,0.00004,69,0.000007,0,1,1,0,1,1
28901523,,0,0.00004,69,0.000007,0,1,1,0,1,1
28819352,,0,0.00004,69,0.000007,0,1,1,0,1,1
28758102,,0,0.000095,69,0.000007,0,2,2,0,2,2
28665326,,0,0.00004,69,0.000007,0,1,1,0,1,1
28656240,,0,0.000052,69,0.000007,0,2,2,0,2,2
28615921,,0,0.00004,69,0.000007,0,1,1,0,1,1
28579808,,0,0.000056,69,0.000007,0,2,2,0,2,2
28293802,,0,0.000309,231,0.000007,0,3,3,0,3,3
28275392,,0,0.00004,69,0.000007,0,1,1,0,1,1
28105363,,0,0.00004,69,0.000007,0,1,1,0,1,1
28092994,,0,0.00004,69,0.000007,0,1,1,0,1,1
28065618,,0,0.000164,5,0.000007,0,4,4,0,4,4
28042188,,0,0.007475,69,0.000007,0,2,2,0,2,2
27902750,,0,0.00004,69,0.000007,0,1,1,0,1,1
27877225,,0,0.000049,69,0.000007,0,2,2,0,2,2
27632371,,0,0.00004,69,0.000007,0,1,1,0,1,1
27604260,,0,0.000109,69,0.000007,0,2,2,0,2,2
27374312,,0,0.00004,69,0.000007,0,1,1,0,1,1
27313681,,0,0.00004,69,0.000007,0,1,1,0,1,1
27275284,,0,0.000137,69,0.000007,0,3,3,0,3,3
27262447,,0,0.00004,69,0.000007,0,1,1,0,1,1
27189279,,0,0.012646,69,0.000007,0,3,3,0,3,3
27172797,,0,0.007649,69,0.000007,0,3,3,0,3,3
26937373,,0,0.00004,69,0.000007,0,1,1,0,1,1
26886260,,0,0.000362,69,0.000007,0,2,2,0,2,2
26865837,,0,0.00004,5,0.000007,0,2,2,0,2,2
26732868,,0,0.00004,69,0.000007,0,1,1,0,1,1
26684027,,0,0.008055,69,0.000007,0,4,4,0,4,4
26671276,,0,0.00004,69,0.000007,0,1,1,0,1,1
26664001,,0,0.00004,69,0.000007,0,1,1,0,1,1
26617728,,0,0.002213,1,0.000007,0,3,3,0,3,3
26448945,,0,0.000404,69,0.000007,0,3,3,0,3,3
26353776,,0,0.00004,69,0.000007,0,1,1,0,1,1
26316893,,0,0.00004,69,0.000007,0,1,1,0,1,1
26273932,,0,0.00004,69,0.000007,0,1,1,0,1,1
26243426,,0,0.00004,69,0.000007,0,1,1,0,1,1
26137418,,0,0.00004,69,0.000007,0,1,1,0,1,1
26075384,,0,0.00004,69,0.000007,0,1,1,0,1,1
25973134,,0,0.00004,69,0.000007,0,1,1,0,1,1
25799488,,0,0.00004,69,0.000007,0,1,1,0,1,1
25695542,,0,0.00004,69,0.000007,0,1,1,0,1,1
25659114,,0,0.000207,69,0.000007,0,3,3,0,3,3
25299694,,0,0.00004,69,0.000007,0,1,1,0,1,1
25257702,,0,0.00004,69,0.000007,0,1,1,0,1,1
25225597,,0,0.007607,69,0.000007,0,5,5,0,5,5
25028565,,0,0.00004,69,0.000007,0,1,1,0,1,1
24732053,,0,0.00004,69,0.000007,0,1,1,0,1,1
24631948,,0,0.00004,69,0.000007,0,1,1,0,1,1
24625450,,0,0.00004,69,0.000007,0,1,1,0,1,1
24489952,,0,0.00004,69,0.000007,0,1,1,0,1,1
23552992,,0,0.00004,69,0.000007,0,1,1,0,1,1
23442818,,0,0.00004,69,0.000007,0,1,1,0,1,1
23171677,,0,0.00004,69,0.000007,0,1,1,0,1,1
22864456,,0,0.00004,69,0.000007,0,1,1,0,1,1
22615897,,0,0.00004,69,0.000007,0,1,1,0,1,1
22436532,,0,0.00004,69,0.000007,0,1,1,0,1,1
22429801,,0,0.00004,69,0.000007,0,1,1,0,1,1
22396544,,0,0.00004,69,0.000007,0,1,1,0,1,1
22163280,,0,0.000177,1,0.000007,0,4,4,0,4,4
22149035,,0,0.000093,69,0.000007,0,3,3,0,3,3
22028406,,0,0.00004,69,0.000007,0,1,1,0,1,1
22022533,,0,0.00004,69,0.000007,0,1,1,0,1,1
21858223,,0,0.007475,69,0.000007,0,2,2,0,2,2
21705663,,0,0.00004,69,0.000007,0,1,1,0,1,1
21286802,,0,0.00004,69,0.000007,0,1,1,0,1,1
21054125,,0,0.000262,69,0.000007,0,4,4,0,4,4
20885926,,0,0.00004,69,0.000007,0,1,1,0,1,1
20368574,,0,0.00004,69,0.000007,0,1,1,0,1,1
20234821,,0,0.00004,69,0.000007,0,1,1,0,1,1
20181230,,0,0.00004,69,0.000007,0,1,1,0,1,1
20103787,,0,0.00004,69,0.000007,0,1,1,0,1,1
19824562,,0,0.00004,69,0.000007,0,1,1,0,1,1
19707197,,0,0.000521,69,0.000007,0,4,4,0,4,4
19641607,,0,0.000136,69,0.000007,0,2,2,0,2,2
19484149,,0,0.00004,69,0.000007,0,1,1,0,1,1
19427026,,0.000126,0.00004,35,0.000014,3,1,4,3,1,4
19351767,,0,0.00004,69,0.000007,0,1,1,0,1,1
18923710,,0,0.000629,1,0.000007,0,4,4,0,4,4
18768519,,0,0.00004,69,0.000007,0,1,1,0,1,1
18664563,,0,0.00004,69,0.000007,0,1,1,0,1,1
18502743,,0,0.00004,69,0.000007,0,1,1,0,1,1
18349835,,0,0.00004,69,0.000007,0,1,1,0,1,1
18272210,,0,0.00004,69,0.000007,0,1,1,0,1,1
18071361,,0,0.000043,69,0.000007,0,2,2,0,2,2
16344461,,0,0.00004,69,0.000007,0,1,1,0,1,1
14688417,,0,0.00004,69,0.000007,0,2,2,0,2,2
10884389,,0.000746,0,100,0.000042,11,0,11,11,0,11
21436991,,0,0.000036,100,0.000007,0,2,2,0,2,2
19113992,,0,0.000014,100,0.000007,0,1,1,0,1,1
11296226,,0,0.000014,100,0.000007,0,1,1,0,1,1
11158542,,0,0.000014,100,0.000007,0,1,1,0,1,1
28008196,,0,0,69,0.000007,0,1,1,0,1,1
10884804,,0.000007,0,69,0.000016,3,0,3,3,0,3
10885351,,0.003241,0,5,0.000046,36,0,36,36,0,36
28228131,,0,0.000183,5,0.000007,0,2,2,0,2,2
27796678,,0,0.007143,5,0.000009,1,30,31,1,30,31
27269948,,0,0.000674,231,0.000007,0,9,9,0,9,9
23934761,,0,0.001507,5,0.000007,0,36,36,0,36,36
21150785,,0,0.000185,5,0.000007,0,9,9,0,9,9
20829330,,0.000408,0.002055,5,0.000019,11,31,42,11,31,42
20233479,,0,0.000255,5,0.000007,0,5,5,0,5,5
20014126,,0.00021,0.000603,5,0.000028,8,18,26,8,18,26
19338651,,0.000229,0.000645,5,0.000008,2,7,9,2,7,9
17700548,,0,0.000227,5,0.000007,0,2,2,0,2,2
10885601,,0.000548,0,89,0.000009,5,0,5,5,0,5
25825688,,0,0.002569,35,0.00001,1,13,14,1,13,14
30174725,,0,0.000152,5,0.000007,0,15,15,0,15,15
10893664,,0.000114,0,5,0.000013,2,0,2,2,0,2
10894872,,0.002064,0,69,0.000028,18,0,18,18,0,18
27231565,,0.000001,0.008962,69,0.000015,2,34,36,2,34,36
24582866,,0,0.004107,69,0.000007,0,21,21,0,21,21
21278312,,0.002068,0.003134,69,0.000017,14,22,36,14,22,36
20619389,,0.002619,0.005165,69,0.000021,22,29,51,22,29,51
19481241,,0,0.000377,69,0.000007,0,4,4,0,4,4
10896846,,0.00176,0,5,0.000073,40,0,40,40,0,40
27656640,,0,0.000039,198,0.000007,0,3,3,0,3,3
27433786,,0,0.000074,5,0.000007,0,2,2,0,2,2
26321750,,0,0.000123,5,0.000007,0,9,9,0,9,9
24457521,,0,0.000037,5,0.000007,0,2,2,0,2,2
22878783,,0,0.000037,5,0.000007,0,2,2,0,2,2
21717445,,0.002057,0.003244,5,0.000048,38,29,67,38,29,67
21226570,,0,0.000074,5,0.000007,0,2,2,0,2,2
20407217,,0,0.000263,5,0.000007,0,7,7,0,7,7
19900944,,0,0.000084,5,0.000007,0,5,5,0,5,5
19471162,,0,0.00026,5,0.000007,0,4,4,0,4,4
16575896,,0,0.000034,5,0.000007,0,1,1,0,1,1
12771979,,0,0.00042,5,0.000007,0,4,4,0,4,4
11834752,,0,0.000034,5,0.000007,0,1,1,0,1,1
10897034,,0.0064,0,1,0.000042,24,0,24,24,0,24
23524581,,0,0.003076,24,0.000007,0,22,22,0,22,22
18708403,,0,0.000001,89,0.000007,0,1,1,0,1,1
17439536,,0,0.000001,66,0.000007,0,2,2,0,2,2
10901555,,0,0,66,0.00001,1,0,1,1,0,1
10903898,,0.000491,0,279,0.000056,11,0,11,11,0,11
22974592,,0,0.000009,279,0.000007,0,1,1,0,1,1
22827527,,0,0.000009,279,0.000007,0,1,1,0,1,1
18765859,,0,0.000009,279,0.000007,0,1,1,0,1,1
16508941,,0,0.000009,279,0.000007,0,1,1,0,1,1
15934086,,0,0.000009,279,0.000007,0,1,1,0,1,1
12010571,,0,0.000009,279,0.000007,0,1,1,0,1,1
11433044,,0,0.000009,279,0.000007,0,1,1,0,1,1
30425937,,0,0.00002,35,0.000007,0,1,1,0,1,1
10904085,,0.001052,0,35,0.000155,47,0,47,47,0,47
30319540,,0,0.000356,35,0.000007,0,3,3,0,3,3
30245779,,0,0.000035,24,0.000007,0,2,2,0,2,2
29682491,,0,0.00002,35,0.000007,0,1,1,0,1,1
28707432,,0,0.00018,184,0.000007,0,4,4,0,4,4
28441790,,0,0.000048,35,0.000007,0,2,2,0,2,2
28331724,,0,0.000394,89,0.000007,0,6,6,0,6,6
28083060,,0,0.00002,35,0.000007,0,1,1,0,1,1
27699013,,0,0.00002,35,0.000007,0,1,1,0,1,1
27577081,,0,0.00016,279,0.000007,0,5,5,0,5,5
26483192,,0,0.000237,35,0.000007,0,3,3,0,3,3
26446998,,0,0.000055,41,0.000007,0,3,3,0,3,3
26170848,,0,0.000027,5,0.000007,0,2,2,0,2,2
26063962,,0,0.000031,35,0.000007,0,2,2,0,2,2
25928046,,0,0.000487,35,0.000007,0,2,2,0,2,2
25478233,,0,0.00002,35,0.000007,0,1,1,0,1,1
25309649,,0,0.003576,35,0.000007,0,4,4,0,4,4
25285238,,0,0.00002,35,0.000007,0,1,1,0,1,1
23342035,,0,0.000047,35,0.000007,0,3,3,0,3,3
22740986,,0,0.000338,35,0.000007,0,2,2,0,2,2
22736197,,0,0.002626,66,0.00007,11,10,21,11,10,21
21042577,,0,0.00002,35,0.000007,0,1,1,0,1,1
20697170,,0,0.00002,35,0.000007,0,1,1,0,1,1
17692113,,0,0.00002,35,0.000007,0,1,1,0,1,1
17591970,,0,0.00002,35,0.000007,0,1,1,0,1,1
16972993,,0,0.00002,35,0.000007,0,1,1,0,1,1
12223498,,0,0.00002,35,0.000007,0,1,1,0,1,1
12223121,,0,0.000121,35,0.000007,0,2,2,0,2,2
12149140,,0,0.00002,35,0.000007,0,1,1,0,1,1
29703057,,0,0.000447,5,0.000007,0,2,2,0,2,2
21182764,,0,0.000654,5,0.000007,0,3,3,0,3,3
10918170,,0.002568,0,69,0.000045,22,0,22,22,0,22
26364602,,0,0.008146,69,0.000007,0,6,6,0,6,6
24696706,,0,0.010372,69,0.000007,0,20,20,0,20,20
24511245,,0.000404,0.01595,69,0.00001,3,27,30,3,27,30
23868002,,0,0.001891,69,0.000007,0,9,9,0,9,9
10918303,,0.011651,0,100,0.000234,68,0,68,68,0,68
29226803,,0,0.000222,100,0.000007,0,1,1,0,1,1
29158830,,0,0.00608,1,0.000013,1,16,17,1,16,17
29124132,,0,0.000275,184,0.000007,0,3,3,0,3,3
27105496,,0,0.000225,168,0.000007,0,2,2,0,2,2
24490130,,0.000288,0.000488,265,0.000111,21,2,23,21,2,23
22436612,,0,0.001395,100,0.000007,0,3,3,0,3,3
19440381,,0.000145,0.006178,2,0.000102,25,17,42,25,17,42
17233903,,0.000121,0.000575,35,0.000133,27,7,34,27,7,34
16717195,,0,0.000348,100,0.000007,0,3,3,0,3,3
15921531,,0,0.000236,140,0.000007,0,3,3,0,3,3
15300889,,0,0.000222,100,0.000007,0,1,1,0,1,1
10918394,,0.000522,0,89,0.000012,5,0,5,5,0,5
28082369,,0,0.005193,66,0.000007,0,4,4,0,4,4
10919637,,0.000305,0,66,0.000083,24,0,24,24,0,24
27936420,,0,0.000006,66,0.000007,0,1,1,0,1,1
26763882,,0,0.000006,66,0.000007,0,1,1,0,1,1
26279627,,0,0.000006,66,0.000007,0,1,1,0,1,1
24088226,,0,0.000006,66,0.000007,0,1,1,0,1,1
23865427,,0,0.000008,66,0.000007,0,2,2,0,2,2
21207418,,0,0.000083,66,0.000007,0,4,4,0,4,4
21152250,,0,0.000006,66,0.000007,0,1,1,0,1,1
19048595,,0,0.000111,66,0.000007,0,2,2,0,2,2
18406867,,0,0.000015,66,0.000007,0,2,2,0,2,2
17060936,,0,0.000006,66,0.000007,0,1,1,0,1,1
16436631,,0,0.000007,205,0.000007,0,2,2,0,2,2
11786401,,0,0.000006,66,0.000007,0,1,1,0,1,1
10919664,,0.00047,0,66,0.000057,21,0,21,21,0,21
29119232,,0,0.000143,69,0.000007,0,4,4,0,4,4
25861265,,0,0.000094,279,0.000007,0,5,5,0,5,5
25107306,,0,0.000009,66,0.000007,0,2,2,0,2,2
23504227,,0,0.009639,1,0.000007,0,4,4,0,4,4
22792263,,0,0.000009,66,0.000007,0,1,1,0,1,1
21860549,,0,0.000009,66,0.000007,0,1,1,0,1,1
20051991,,0,0.000018,35,0.000007,0,2,2,0,2,2
12514102,,0,0.000009,66,0.000007,0,1,1,0,1,1
12466111,,0,0.005179,66,0.000007,0,2,2,0,2,2
10926794,,0.001569,0,1,0.000008,4,0,4,4,0,4
10926816,,0.000177,0,69,0.000009,2,0,2,2,0,2
10928993,,0.000683,0,279,0.00005,17,0,17,17,0,17
29058695,,0,0.000013,279,0.000007,0,2,2,0,2,2
27634379,,0,0.000013,279,0.000007,0,1,1,0,1,1
23961768,,0,0.000019,279,0.000007,0,2,2,0,2,2
22455563,,0,0.000016,279,0.000007,0,2,2,0,2,2
17584923,,0,0.000013,279,0.000007,0,1,1,0,1,1
21311700,,0,0.000003,5,0.000007,0,1,1,0,1,1
10929847,,0.000176,0,5,0.000015,3,0,3,3,0,3
10931243,,0.000183,0,89,0.000007,1,0,1,1,0,1
29792826,,0,0.000005,140,0.000007,0,1,1,0,1,1
10932184,,0.000258,0,140,0.000147,32,0,32,32,0,32
28175284,,0,0.000005,140,0.000007,0,1,1,0,1,1
27896058,,0,0.000005,140,0.000007,0,1,1,0,1,1
27437030,,0,0.000026,140,0.000007,0,3,3,0,3,3
25870538,,0,0.000146,176,0.000007,0,11,11,0,11,11
25697341,,0,0.000016,140,0.000007,0,2,2,0,2,2
25567903,,0,0.001564,100,0.000007,0,7,7,0,7,7
21521791,,0,0.000005,140,0.000007,0,1,1,0,1,1
19015730,,0,0.000005,140,0.000007,0,1,1,0,1,1
18535014,,0,0.000194,140,0.000007,0,9,9,0,9,9
17971861,,0,0.000005,140,0.000007,0,1,1,0,1,1
17883850,,0,0.000006,140,0.000007,0,2,2,0,2,2
17708774,,0,0.000008,140,0.000007,0,2,2,0,2,2
17603100,,0,0.000039,140,0.000007,0,2,2,0,2,2
17459455,,0,0.000005,140,0.000007,0,1,1,0,1,1
17101967,,0,0.000005,140,0.000007,0,1,1,0,1,1
16438707,,0,0.001467,140,0.000007,0,5,5,0,5,5
16254603,,0,0.000005,140,0.000007,0,1,1,0,1,1
16170411,,0,0.000059,140,0.000007,0,3,3,0,3,3
15892878,,0,0.000005,140,0.000007,0,1,1,0,1,1
15238543,,0,0.000005,140,0.000007,0,1,1,0,1,1
14706121,,0,0.000005,140,0.000007,0,1,1,0,1,1
14668371,,0,0.000005,140,0.000007,0,1,1,0,1,1
12466284,,0,0.000005,140,0.000007,0,1,1,0,1,1
25685069,,0,0.000002,35,0.000007,0,1,1,0,1,1
10937043,,0.000099,0,35,0.000028,4,0,4,4,0,4
18039276,,0,0.000002,35,0.000007,0,1,1,0,1,1
16885352,,0,0.005172,35,0.000007,0,2,2,0,2,2
14500842,,0,0.000002,35,0.000007,0,1,1,0,1,1
10938285,,0.002473,0,279,0.000056,28,0,28,28,0,28
25594018,,0.000175,0.000074,241,0.000024,4,2,6,4,2,6
24829851,,0,0.000134,176,0.000007,0,3,3,0,3,3
24755251,,0,0.000217,279,0.000007,0,8,8,0,8,8
22768170,,0,0.000047,279,0.000007,0,1,1,0,1,1
19139118,,0,0.000047,279,0.000007,0,1,1,0,1,1
14654702,,0,0.000156,35,0.000007,0,3,3,0,3,3
14577832,,0,0.00006,69,0.000007,0,2,2,0,2,2
10942534,,0.000103,0,90,0.000021,4,0,4,4,0,4
20645070,,0,0.000002,90,0.000007,0,1,1,0,1,1
19285097,,0,0.000002,90,0.000007,0,1,1,0,1,1
30026859,,0,0.000249,100,0.000007,0,1,1,0,1,1
10943845,,0.013071,0,100,0.000476,121,0,121,121,0,121
27827316,,0,0.000251,111,0.000007,0,2,2,0,2,2
27705915,,0,0.020167,1,0.000007,0,13,13,0,13,13
27276420,,0,0.000249,100,0.000007,0,1,1,0,1,1
26716708,,0,0.000249,100,0.000007,0,1,1,0,1,1
26097869,,0,0.000259,111,0.000007,0,3,3,0,3,3
26004182,,0,0.00034,100,0.000007,0,2,2,0,2,2
25808524,,0,0.000266,111,0.000007,0,4,4,0,4,4
25544751,,0,0.015989,1,0.000007,0,6,6,0,6,6
25353636,,0,0.000251,176,0.000007,0,2,2,0,2,2
24889532,,0,0.000302,111,0.000007,0,7,7,0,7,7
24618703,,0,0.00031,232,0.000007,0,2,2,0,2,2
24519853,,0,0.000251,111,0.000007,0,2,2,0,2,2
23936361,,0,0.000249,100,0.000007,0,1,1,0,1,1
23907388,,0,0.000249,100,0.000007,0,1,1,0,1,1
23770848,,0,0.00026,100,0.000007,0,2,2,0,2,2
23533649,,0,0.000251,111,0.000007,0,2,2,0,2,2
23438604,,0.00013,0.000804,100,0.000039,9,4,13,9,4,13
23359823,,0,0.000249,100,0.000007,0,1,1,0,1,1
23166813,,0,0.001379,2,0.000007,0,8,8,0,8,8
22721696,,0,0.000288,1,0.000007,0,2,2,0,2,2
22169276,,0,0.000249,100,0.000007,0,1,1,0,1,1
22139574,,0,0.000249,100,0.000007,0,1,1,0,1,1
21940037,,0,0.000253,111,0.000007,0,3,3,0,3,3
21542898,,0,0.009406,231,0.000007,0,15,15,0,15,15
21514451,,0,0.000251,111,0.000007,0,2,2,0,2,2
21478907,,0,0.000261,111,0.000007,0,4,4,0,4,4
21358755,,0,0.000251,111,0.000007,0,2,2,0,2,2
21102582,,0,0.000251,100,0.000007,0,2,2,0,2,2
20923775,,0,0.00025,57,0.000007,0,2,2,0,2,2
20838381,,0,0.000249,100,0.000007,0,1,1,0,1,1
20571081,,0,0.000257,111,0.000007,0,2,2,0,2,2
20543574,,0,0.000257,87,0.000007,0,2,2,0,2,2
20506188,,0,0.000249,100,0.000007,0,1,1,0,1,1
19721813,,0,0.000439,100,0.000007,0,4,4,0,4,4
19626125,,0,0.000249,100,0.000007,0,1,1,0,1,1
19149898,,0,0.000251,111,0.000007,0,2,2,0,2,2
18414052,,0,0.000257,168,0.000007,0,3,3,0,3,3
18301784,,0,0.000249,100,0.000007,0,1,1,0,1,1
18003620,,0,0.000249,100,0.000007,0,1,1,0,1,1
17925232,,0,0.001506,100,0.000007,0,4,4,0,4,4
17822959,,0,0.000249,100,0.000007,0,1,1,0,1,1
17363900,,0,0.000249,100,0.000007,0,1,1,0,1,1
17306844,,0,0.000251,111,0.000007,0,2,2,0,2,2
16537910,,0,0.000252,87,0.000007,0,2,2,0,2,2
16135788,,0,0.000289,111,0.000007,0,3,3,0,3,3
15454538,,0,0.000289,111,0.000007,0,3,3,0,3,3
15141164,,0,0.000249,100,0.000007,0,1,1,0,1,1
14729568,,0,0.000249,100,0.000007,0,1,1,0,1,1
12032298,,0,0.000249,100,0.000007,0,1,1,0,1,1
11988099,,0,0.000249,100,0.000007,0,1,1,0,1,1
11865042,,0,0.000249,100,0.000007,0,1,1,0,1,1
11463835,,0,0.000249,100,0.000007,0,1,1,0,1,1
11313485,,0,0.000249,100,0.000007,0,1,1,0,1,1
27519604,,0,0.000063,35,0.000007,0,3,3,0,3,3
26455320,,0,0.000015,35,0.000007,0,1,1,0,1,1
26353381,,0,0.000122,35,0.000007,0,2,2,0,2,2
25299648,,0,0.000015,35,0.000007,0,1,1,0,1,1
22977619,,0,0.000034,35,0.000007,0,2,2,0,2,2
22593025,,0,0.000015,35,0.000007,0,1,1,0,1,1
20101243,,0,0.000015,35,0.000007,0,1,1,0,1,1
18337727,,0,0.000111,35,0.000007,0,3,3,0,3,3
17461480,,0,0.000015,35,0.000007,0,1,1,0,1,1
16623759,,0,0.000335,35,0.000007,0,4,4,0,4,4
29162897,,0,0.00002,100,0.000007,0,1,1,0,1,1
10945975,,0.00105,0,100,0.000105,14,0,14,14,0,14
28912415,,0,0.00002,100,0.000007,0,1,1,0,1,1
23482857,,0,0.00002,100,0.000007,0,1,1,0,1,1
18487186,,0.000278,0.001382,48,0.000366,66,6,72,66,6,72
12646039,,0,0.000131,100,0.000007,0,2,2,0,2,2
12391146,,0,0.00002,100,0.000007,0,1,1,0,1,1
10946236,,0.001217,0,100,0.000072,30,0,30,30,0,30
24600046,,0,0.000124,100,0.000007,0,2,2,0,2,2
20169082,,0,0.00007,100,0.000007,0,3,3,0,3,3
15987907,,0,0.000225,100,0.000007,0,2,2,0,2,2
15806441,,0,0.000023,100,0.000007,0,1,1,0,1,1
15653636,,0,0.001144,100,0.000007,0,3,3,0,3,3
15199523,,0,0.000023,100,0.000007,0,1,1,0,1,1
12046007,,0,0.000023,100,0.000007,0,1,1,0,1,1
10946349,,0.000658,0,5,0.000052,19,0,19,19,0,19
27824257,,0,0.000013,5,0.000007,0,1,1,0,1,1
23898988,,0,0.000013,5,0.000007,0,1,1,0,1,1
22887054,,0,0.000013,5,0.000007,0,1,1,0,1,1
19360462,,0,0.000013,5,0.000007,0,1,1,0,1,1
19265722,,0,0.000013,5,0.000007,0,2,2,0,2,2
18547196,,0,0.000014,5,0.000007,0,2,2,0,2,2
17327893,,0,0.000013,5,0.000007,0,1,1,0,1,1
10948320,,0.000534,0,1,0.000009,2,0,2,2,0,2
10951344,,0.001048,0,89,0.000014,11,0,11,11,0,11
15244511,,0,0.000037,89,0.000007,0,2,2,0,2,2
29334951,,0,0.000142,231,0.000007,0,3,3,0,3,3
10952097,,0.00075,0,231,0.000036,9,0,9,9,0,9
23457453,,0,0.000057,231,0.000007,0,2,2,0,2,2
19826454,,0,0.000014,231,0.000007,0,1,1,0,1,1
29138730,,0,0.003957,89,0.000007,0,25,25,0,25,25
10954253,,0.000796,0,5,0.000012,5,0,5,5,0,5
25574148,,0,0.000023,5,0.000007,0,3,3,0,3,3
26509079,,0,0.00004,279,0.000007,0,1,1,0,1,1
25277523,,0.000002,0.00036,279,0.000045,7,2,9,7,2,9
24039605,,0,0.00004,279,0.000007,0,1,1,0,1,1
23907119,,0,0.000326,279,0.000007,0,3,3,0,3,3
22782891,,0,0.001236,279,0.000007,0,5,5,0,5,5
20219993,,0,0.00004,279,0.000007,0,1,1,0,1,1
16229802,,0,0.000137,279,0.000007,0,2,2,0,2,2
14670180,,0,0.00004,279,0.000007,0,1,1,0,1,1
12810945,,0,0.00004,279,0.000007,0,1,1,0,1,1
12208845,,0,0.00004,279,0.000007,0,1,1,0,1,1
30181873,,0,0.000002,168,0.000007,0,1,1,0,1,1
10955825,,0.000081,0,168,0.000251,45,0,45,45,0,45
29048387,,0,0.000002,168,0.000007,0,1,1,0,1,1
28878134,,0,0.000002,168,0.000007,0,1,1,0,1,1
28744399,,0,0.000066,168,0.000007,0,2,2,0,2,2
28632174,,0,0.000002,168,0.000007,0,1,1,0,1,1
27920626,,0,0.000002,168,0.000007,0,1,1,0,1,1
26817629,,0,0.000002,168,0.000007,0,1,1,0,1,1
25934710,,0,0.000002,168,0.000007,0,1,1,0,1,1
25849303,,0,0.000002,168,0.000007,0,1,1,0,1,1
25738688,,0,0.000002,168,0.000007,0,2,2,0,2,2
25252917,,0,0.000002,168,0.000007,0,1,1,0,1,1
24835144,,0,0.000002,168,0.000007,0,1,1,0,1,1
24714744,,0,0.000002,168,0.000007,0,1,1,0,1,1
24678876,,0,0.000002,168,0.000007,0,1,1,0,1,1
24524062,,0,0.000002,168,0.000007,0,1,1,0,1,1
24297042,,0,0.000002,168,0.000007,0,1,1,0,1,1
23533810,,0,0.000002,168,0.000007,0,1,1,0,1,1
23304196,,0,0.000002,168,0.000007,0,1,1,0,1,1
22939886,,0,0.000002,168,0.000007,0,1,1,0,1,1
22801352,,0,0.000002,168,0.000007,0,1,1,0,1,1
22536923,,0,0.00005,279,0.000007,0,8,8,0,8,8
22461213,,0,0.000002,168,0.000007,0,1,1,0,1,1
21872801,,0,0.000002,168,0.000007,0,1,1,0,1,1
21712736,,0,0.000002,168,0.000007,0,1,1,0,1,1
21686077,,0,0.000002,168,0.000007,0,1,1,0,1,1
21387179,,0,0.000002,168,0.000007,0,1,1,0,1,1
21386992,,0,0.000002,168,0.000007,0,1,1,0,1,1
21283672,,0,0.000002,168,0.000007,0,1,1,0,1,1
20858763,,0,0.000002,168,0.000007,0,1,1,0,1,1
20831823,,0,0.000002,168,0.000007,0,1,1,0,1,1
20596273,,0,0.000002,168,0.000007,0,1,1,0,1,1
19906814,,0,0.000002,168,0.000007,0,1,1,0,1,1
19373868,,0,0.000002,168,0.000007,0,1,1,0,1,1
19138995,,0,0.000002,168,0.000007,0,1,1,0,1,1
19054766,,0,0.000002,168,0.000007,0,1,1,0,1,1
18439661,,0,0.000002,168,0.000007,0,1,1,0,1,1
18419802,,0,0.000002,168,0.000007,0,1,1,0,1,1
18205042,,0,0.000002,168,0.000007,0,1,1,0,1,1
16115727,,0,0.000002,168,0.000007,0,1,1,0,1,1
15143157,,0,0.000002,168,0.000007,0,1,1,0,1,1
11250754,,0,0.000004,168,0.000007,0,2,2,0,2,2
11237391,,0,0.000002,168,0.000007,0,1,1,0,1,1
10958937,,0.000783,0,66,0.000052,11,0,11,11,0,11
25793736,,0,0.000015,66,0.000007,0,1,1,0,1,1
24392697,,0,0.000015,66,0.000007,0,1,1,0,1,1
24145035,,0,0.000015,66,0.000007,0,1,1,0,1,1
23558894,,0.001549,0.011437,35,0.000023,9,26,35,9,26,35
22340730,,0,0.000399,66,0.000007,0,2,2,0,2,2
19261608,,0,0.000015,66,0.000007,0,1,1,0,1,1
18511290,,0,0.000015,66,0.000007,0,1,1,0,1,1
16988415,,0,0.000015,66,0.000007,0,1,1,0,1,1
30245854,,0,0.000332,57,0.000007,0,1,1,0,1,1
10959836,,0.017405,0,57,0.003397,587,0,587,587,0,587
30159125,,0,0.000342,41,0.000007,0,2,2,0,2,2
30104419,,0,0.000332,57,0.000007,0,1,1,0,1,1
30055035,,0,0.000332,57,0.000007,0,1,1,0,1,1
30011940,,0,0.000332,57,0.000007,0,1,1,0,1,1
29930750,,0,0.000332,57,0.000007,0,1,1,0,1,1
29795555,,0,0.000403,2,0.000007,0,3,3,0,3,3
29775409,,0,0.000332,57,0.000007,0,1,1,0,1,1
29743621,,0,0.000332,57,0.000007,0,1,1,0,1,1
29705884,,0,0.000332,57,0.000007,0,1,1,0,1,1
29679095,,0,0.000534,100,0.000007,0,2,2,0,2,2
29636367,,0,0.000349,265,0.000007,0,2,2,0,2,2
29634396,,0,0.000332,57,0.000007,0,1,1,0,1,1
29515758,,0,0.000332,57,0.000007,0,1,1,0,1,1
29511169,,0,0.000332,57,0.000007,0,1,1,0,1,1
29474633,,0,0.000332,57,0.000007,0,1,1,0,1,1
29436204,,0,0.000332,57,0.000007,0,1,1,0,1,1
29269425,,0,0.000334,35,0.000007,0,2,2,0,2,2
29163809,,0,0.000332,57,0.000007,0,2,2,0,2,2
29163782,,0,0.000344,367,0.000007,0,2,2,0,2,2
29163714,,0,0.000332,57,0.000007,0,1,1,0,1,1
29163372,,0,0.000332,57,0.000007,0,1,1,0,1,1
29156644,,0.000006,0.00209,100,0.000009,1,10,11,1,10,11
29113112,,0,0.000333,176,0.000007,0,2,2,0,2,2
29095668,,0,0.000332,57,0.000007,0,1,1,0,1,1
28978225,,0,0.000332,57,0.000007,0,1,1,0,1,1
28954241,,0,0.000332,57,0.000007,0,1,1,0,1,1
28947928,,0,0.000332,57,0.000007,0,1,1,0,1,1
28914798,,0,0.000355,69,0.000007,0,2,2,0,2,2
28852018,,0.000003,0.000343,176,0.00001,1,2,3,1,2,3
28847816,,0,0.000377,100,0.000007,0,3,3,0,3,3
28796254,,0,0.00055,82,0.000007,0,3,3,0,3,3
28630472,,0,0.001069,100,0.000007,0,5,5,0,5,5
28588692,,0,0.000332,57,0.000007,0,1,1,0,1,1
28545143,,0,0.000332,57,0.000007,0,1,1,0,1,1
28526910,,0,0.000332,57,0.000007,0,2,2,0,2,2
28483909,,0,0.000332,57,0.000007,0,1,1,0,1,1
28412251,,0,0.000332,57,0.000007,0,1,1,0,1,1
28256593,,0,0.000332,57,0.000007,0,1,1,0,1,1
28242625,,0,0.005613,100,0.000007,0,19,19,0,19,19
28236767,,0,0.000332,57,0.000007,0,1,1,0,1,1
28127258,,0,0.00034,140,0.000007,0,3,3,0,3,3
28005992,,0,0.000332,57,0.000007,0,1,1,0,1,1
27907109,,0,0.000852,57,0.000007,0,3,3,0,3,3
27903633,,0,0.0022,100,0.000007,0,8,8,0,8,8
27881872,,0,0.000332,57,0.000007,0,1,1,0,1,1
27877235,,0,0.000332,57,0.000007,0,1,1,0,1,1
27863405,,0,0.008535,1,0.000007,0,8,8,0,8,8
27853172,,0,0.000422,57,0.000007,0,2,2,0,2,2
27793024,,0,0.000332,57,0.000007,0,1,1,0,1,1
27744420,,0,0.000332,57,0.000007,0,1,1,0,1,1
27720638,,0,0.000332,57,0.000007,0,1,1,0,1,1
27693457,,0,0.000332,57,0.000007,0,1,1,0,1,1
27686532,,0,0.000332,57,0.000007,0,1,1,0,1,1
27636097,,0,0.000332,57,0.000007,0,1,1,0,1,1
27603133,,0,0.000332,57,0.000007,0,1,1,0,1,1
27452521,,0,0.005348,100,0.000007,0,17,17,0,17,17
27425845,,0,0.000358,100,0.000007,0,3,3,0,3,3
27402160,,0,0.000332,57,0.000007,0,1,1,0,1,1
27391345,,0,0.018364,1,0.000007,0,14,14,0,14,14
27391338,,0,0.000332,57,0.000007,0,1,1,0,1,1
27345199,,0,0.000399,57,0.000007,0,3,3,0,3,3
27274063,,0,0.000332,57,0.000007,0,1,1,0,1,1
27271479,,0,0.000332,57,0.000007,0,1,1,0,1,1
27260000,,0,0.000332,57,0.000007,0,1,1,0,1,1
27248496,,0,0.000332,57,0.000007,0,1,1,0,1,1
27248179,,0,0.002138,100,0.000007,0,4,4,0,4,4
27144333,,0,0.000332,57,0.000007,0,1,1,0,1,1
27135971,,0,0.000332,57,0.000007,0,1,1,0,1,1
27086925,,0,0.000332,57,0.000007,0,1,1,0,1,1
27030801,,0,0.000332,57,0.000007,0,1,1,0,1,1
27028857,,0,0.000332,57,0.000007,0,1,1,0,1,1
26998525,,0,0.000567,57,0.000007,0,2,2,0,2,2
26941327,,0,0.000332,57,0.000007,0,1,1,0,1,1
26910887,,0,0.020571,1,0.000007,0,15,15,0,15,15
26805432,,0,0.000336,100,0.000007,0,2,2,0,2,2
26796306,,0,0.000356,57,0.000007,0,2,2,0,2,2
26766492,,0.000144,0.000426,100,0.000015,4,3,7,4,3,7
26694365,,0,0.000332,57,0.000007,0,1,1,0,1,1
26682919,,0,0.000354,231,0.000007,0,2,2,0,2,2
26612367,,0,0.000332,57,0.000007,0,1,1,0,1,1
26596785,,0,0.001218,100,0.000007,0,3,3,0,3,3
26557130,,0,0.000332,57,0.000007,0,1,1,0,1,1
26540568,,0.000008,0.000372,57,0.000053,9,2,11,9,2,11
26437226,,0,0.000563,176,0.000007,0,3,3,0,3,3
26337087,,0,0.000551,100,0.000007,0,5,5,0,5,5
26317544,,0,0.000406,100,0.000007,0,3,3,0,3,3
26314960,,0,0.000334,57,0.000007,0,2,2,0,2,2
26283729,,0,0.000836,100,0.000007,0,4,4,0,4,4
26257651,,0,0.007323,1,0.000007,0,6,6,0,6,6
26253487,,0,0.000332,57,0.000007,0,1,1,0,1,1
26198537,,0,0.011082,1,0.000007,0,7,7,0,7,7
26111201,,0,0.000332,57,0.000007,0,1,1,0,1,1
26097508,,0,0.000332,57,0.000007,0,1,1,0,1,1
26039894,,0,0.000332,57,0.000007,0,1,1,0,1,1
25972552,,0,0.000332,57,0.000007,0,1,1,0,1,1
25938445,,0,0.000332,176,0.000007,0,2,2,0,2,2
25924630,,0,0.000503,100,0.000007,0,3,3,0,3,3
25923214,,0,0.000384,57,0.000007,0,2,2,0,2,2
25918701,,0,0.000332,57,0.000007,0,1,1,0,1,1
25878247,,0,0.000332,57,0.000007,0,1,1,0,1,1
25875106,,0,0.000344,176,0.000007,0,2,2,0,2,2
25866249,,0,0.000534,100,0.000007,0,2,2,0,2,2
25837977,,0,0.000422,100,0.000007,0,2,2,0,2,2
25809161,,0,0.00051,57,0.000007,0,2,2,0,2,2
25803638,,0.00006,0.003009,100,0.000055,14,9,23,14,9,23
25793019,,0,0.000332,57,0.000007,0,1,1,0,1,1
25790254,,0,0.000465,137,0.000007,0,3,3,0,3,3
25789044,,0,0.000332,57,0.000007,0,1,1,0,1,1
25786120,,0,0.000332,57,0.000007,0,1,1,0,1,1
25773776,,0,0.001423,100,0.000007,0,4,4,0,4,4
25773539,,0,0.000336,89,0.000007,0,2,2,0,2,2
25765654,,0,0.000888,100,0.000007,0,5,5,0,5,5
25738897,,0,0.000332,57,0.000007,0,1,1,0,1,1
25701194,,0,0.000332,57,0.000007,0,1,1,0,1,1
25691887,,0,0.000334,57,0.000007,0,2,2,0,2,2
25665578,,0,0.000343,57,0.000007,0,3,3,0,3,3
25650663,,0,0.000727,57,0.000007,0,3,3,0,3,3
25647331,,0,0.000506,100,0.000007,0,3,3,0,3,3
25617833,,0,0.000332,57,0.000007,0,1,1,0,1,1
25609432,,0,0.000332,57,0.000007,0,1,1,0,1,1
25605334,,0,0.000568,100,0.000007,0,3,3,0,3,3
25558827,,0,0.000332,57,0.000007,0,1,1,0,1,1
25531649,,0,0.000332,57,0.000007,0,1,1,0,1,1
25520194,,0,0.00163,100,0.000007,0,8,8,0,8,8
25486563,,0,0.000342,176,0.000007,0,2,2,0,2,2
25480829,,0,0.000332,57,0.000007,0,1,1,0,1,1
25409157,,0,0.000332,57,0.000007,0,1,1,0,1,1
25394548,,0,0.000332,57,0.000007,0,1,1,0,1,1
25355512,,0,0.000332,57,0.000007,0,1,1,0,1,1
25341047,,0,0.000332,57,0.000007,0,1,1,0,1,1
25341044,,0,0.000332,57,0.000007,0,1,1,0,1,1
25332144,,0,0.000394,69,0.000007,0,4,4,0,4,4
25302047,,0,0.000332,57,0.000007,0,1,1,0,1,1
25277150,,0,0.000332,57,0.000007,0,1,1,0,1,1
25250043,,0,0.000866,57,0.000007,0,2,2,0,2,2
25232489,,0,0.000332,57,0.000007,0,1,1,0,1,1
25168287,,0,0.000694,1,0.000007,0,3,3,0,3,3
25143403,,0,0.000368,72,0.000007,0,2,2,0,2,2
25128619,,0,0.00089,57,0.000007,0,3,3,0,3,3
25078064,,0,0.000332,57,0.000007,0,1,1,0,1,1
25072018,,0,0.000332,57,0.000007,0,1,1,0,1,1
25035215,,0,0.000351,168,0.000007,0,2,2,0,2,2
25017500,,0,0.000332,57,0.000007,0,1,1,0,1,1
25003966,,0,0.000349,57,0.000007,0,4,4,0,4,4
24991985,,0,0.000379,184,0.000007,0,3,3,0,3,3
24886669,,0,0.000333,35,0.000007,0,2,2,0,2,2
24882580,,0,0.000349,176,0.000007,0,4,4,0,4,4
24879124,,0,0.000372,100,0.000007,0,3,3,0,3,3
24858818,,0,0.000505,24,0.000007,0,4,4,0,4,4
24819514,,0,0.000371,1,0.000007,0,2,2,0,2,2
24808367,,0,0.000332,57,0.000007,0,1,1,0,1,1
24759730,,0,0.000332,57,0.000007,0,1,1,0,1,1
24756254,,0,0.000332,57,0.000007,0,1,1,0,1,1
24755837,,0.000229,0.00256,100,0.000049,8,18,26,8,18,26
24729610,,0,0.000399,57,0.000007,0,2,2,0,2,2
24674624,,0,0.000368,57,0.000007,0,2,2,0,2,2
24651433,,0,0.000901,100,0.000007,0,5,5,0,5,5
24610783,,0,0.000339,57,0.000007,0,2,2,0,2,2
24603765,,0,0.002253,100,0.000007,0,5,5,0,5,5
24587176,,0,0.010631,100,0.000007,0,7,7,0,7,7
24583641,,0,0.000332,57,0.000007,0,1,1,0,1,1
24515437,,0,0.000332,57,0.000007,0,1,1,0,1,1
24474691,,0,0.000332,57,0.000007,0,1,1,0,1,1
24429368,,0,0.000332,57,0.000007,0,1,1,0,1,1
24405746,,0,0.000332,57,0.000007,0,1,1,0,1,1
24339741,,0,0.000332,57,0.000007,0,1,1,0,1,1
24336406,,0.002352,0.017092,1,0.000023,7,7,14,7,7,14
24335975,,0,0.000332,57,0.000007,0,1,1,0,1,1
24290221,,0,0.000332,57,0.000007,0,1,1,0,1,1
24244503,,0,0.000332,57,0.000007,0,1,1,0,1,1
24220693,,0,0.000332,57,0.000007,0,1,1,0,1,1
24201897,,0,0.000332,57,0.000007,0,1,1,0,1,1
24196438,,0,0.000626,176,0.000007,0,3,3,0,3,3
24134842,,0,0.000332,57,0.000007,0,1,1,0,1,1
24107631,,0,0.000332,57,0.000007,0,1,1,0,1,1
24078903,,0,0.000332,57,0.000007,0,1,1,0,1,1
24069426,,0,0.000332,57,0.000007,0,1,1,0,1,1
24036543,,0,0.000332,57,0.000007,0,1,1,0,1,1
23945651,,0,0.000332,57,0.000007,0,1,1,0,1,1
23928695,,0,0.000332,57,0.000007,0,1,1,0,1,1
23922782,,0,0.000332,57,0.000007,0,1,1,0,1,1
23917692,,0,0.000332,57,0.000007,0,1,1,0,1,1
23903043,,0,0.000332,57,0.000007,0,1,1,0,1,1
23882280,,0,0.000397,57,0.000007,0,2,2,0,2,2
23880845,,0,0.000332,57,0.000007,0,1,1,0,1,1
23813871,,0,0.000332,57,0.000007,0,1,1,0,1,1
23752311,,0,0.000332,57,0.000007,0,1,1,0,1,1
23733185,,0,0.000362,265,0.000007,0,2,2,0,2,2
23715498,,0,0.000743,57,0.000007,0,2,2,0,2,2
23704914,,0,0.000332,57,0.000007,0,1,1,0,1,1
23603977,,0,0.000332,57,0.000007,0,1,1,0,1,1
23598974,,0,0.001018,100,0.000007,0,5,5,0,5,5
23576160,,0,0.001402,100,0.000007,0,5,5,0,5,5
23554604,,0,0.003043,100,0.000007,0,9,9,0,9,9
23497352,,0,0.000332,57,0.000007,0,1,1,0,1,1
23383325,,0,0.000743,57,0.000007,0,2,2,0,2,2
23373901,,0,0.002365,100,0.000007,0,8,8,0,8,8
23362981,,0,0.000332,57,0.000007,0,1,1,0,1,1
23346550,,0,0.001263,100,0.000007,0,6,6,0,6,6
23260667,,0,0.000332,57,0.000007,0,1,1,0,1,1
23255604,,0,0.00038,57,0.000007,0,2,2,0,2,2
23235539,,0,0.000332,57,0.000007,0,1,1,0,1,1
23166296,,0,0.000362,176,0.000007,0,2,2,0,2,2
23146902,,0,0.000332,57,0.000007,0,1,1,0,1,1
23144636,,0,0.000332,57,0.000007,0,1,1,0,1,1
23109871,,0,0.000623,57,0.000007,0,2,2,0,2,2
23109425,,0,0.001211,100,0.000007,0,4,4,0,4,4
23077620,,0,0.000332,57,0.000007,0,1,1,0,1,1
23071775,,0,0.000332,57,0.000007,0,1,1,0,1,1
23012520,,0,0.000332,57,0.000007,0,1,1,0,1,1
23000060,,0,0.000384,57,0.000007,0,2,2,0,2,2
22863315,,0,0.000332,57,0.000007,0,1,1,0,1,1
22847445,,0,0.000332,57,0.000007,0,1,1,0,1,1
22787276,,0,0.000332,57,0.000007,0,1,1,0,1,1
22770119,,0,0.000332,57,0.000007,0,1,1,0,1,1
22768044,,0,0.007114,57,0.000007,0,3,3,0,3,3
22730303,,0,0.000406,1,0.000007,0,2,2,0,2,2
22724027,,0,0.012054,1,0.000007,0,5,5,0,5,5
22704343,,0,0.000623,57,0.000007,0,2,2,0,2,2
22694057,,0,0.000332,57,0.000007,0,1,1,0,1,1
22679557,,0,0.00562,100,0.000007,0,16,16,0,16,16
22661230,,0,0.001589,100,0.000007,0,5,5,0,5,5
22595911,,0,0.000332,57,0.000007,0,1,1,0,1,1
22586065,,0,0.000982,57,0.000007,0,3,3,0,3,3
22573309,,0,0.000332,57,0.000007,0,1,1,0,1,1
22559321,,0,0.000332,57,0.000007,0,1,1,0,1,1
22541714,,0,0.000332,57,0.000007,0,1,1,0,1,1
22531813,,0,0.000332,57,0.000007,0,1,1,0,1,1
22474515,,0,0.000332,57,0.000007,0,1,1,0,1,1
22458853,,0,0.000332,57,0.000007,0,1,1,0,1,1
22454429,,0,0.000534,100,0.000007,0,2,2,0,2,2
22442661,,0,0.000332,57,0.000007,0,1,1,0,1,1
22438569,,0,0.000332,57,0.000007,0,1,1,0,1,1
22431734,,0,0.000726,57,0.000007,0,2,2,0,2,2
22422937,,0,0.000332,57,0.000007,0,1,1,0,1,1
22408587,,0,0.000332,57,0.000007,0,1,1,0,1,1
22331558,,0,0.000332,57,0.000007,0,1,1,0,1,1
22319460,,0,0.000339,2,0.000007,0,2,2,0,2,2
22281239,,0,0.000332,57,0.000007,0,1,1,0,1,1
22262834,,0,0.00193,100,0.000007,0,9,9,0,9,9
22237206,,0,0.000332,57,0.000007,0,1,1,0,1,1
22234877,,0,0.000969,100,0.000007,0,5,5,0,5,5
22198208,,0,0.006994,2,0.000007,0,3,3,0,3,3
22090141,,0,0.000332,57,0.000007,0,1,1,0,1,1
22073316,,0,0.000332,57,0.000007,0,1,1,0,1,1
22037873,,0,0.000336,100,0.000007,0,2,2,0,2,2
21949400,,0,0.000332,57,0.000007,0,1,1,0,1,1
21930799,,0,0.000454,57,0.000007,0,2,2,0,2,2
21920433,,0,0.000332,57,0.000007,0,1,1,0,1,1
21906590,,0,0.000332,57,0.000007,0,1,1,0,1,1
21869826,,0,0.000332,57,0.000007,0,1,1,0,1,1
21834983,,0,0.000332,57,0.000007,0,1,1,0,1,1
21791604,,0,0.000332,57,0.000007,0,1,1,0,1,1
21776019,,0,0.000332,57,0.000007,0,1,1,0,1,1
21741933,,0,0.000538,176,0.000007,0,2,2,0,2,2
21704159,,0,0.000332,57,0.000007,0,1,1,0,1,1
21698222,,0,0.001441,100,0.000007,0,4,4,0,4,4
21690091,,0,0.001231,100,0.000007,0,4,4,0,4,4
21680713,,0,0.000358,100,0.000007,0,2,2,0,2,2
21676867,,0,0.00124,100,0.000007,0,4,4,0,4,4
21673501,,0,0.000332,57,0.000007,0,1,1,0,1,1
21613478,,0,0.000332,57,0.000007,0,1,1,0,1,1
21566653,,0,0.000334,57,0.000007,0,2,2,0,2,2
21546543,,0,0.000722,57,0.000007,0,3,3,0,3,3
21525980,,0,0.000332,57,0.000007,0,1,1,0,1,1
21444826,,0,0.000332,57,0.000007,0,1,1,0,1,1
21388271,,0,0.000332,57,0.000007,0,1,1,0,1,1
21383063,,0,0.00323,100,0.000007,0,9,9,0,9,9
21326359,,0,0.000332,57,0.000007,0,1,1,0,1,1
21188172,,0,0.000354,247,0.000007,0,2,2,0,2,2
21118958,,0,0.000343,184,0.000007,0,2,2,0,2,2
21110984,,0,0.000332,57,0.000007,0,1,1,0,1,1
21087955,,0,0.000332,57,0.000007,0,1,1,0,1,1
21051358,,0,0.000435,57,0.000007,0,2,2,0,2,2
21037856,,0,0.003541,100,0.000007,0,12,12,0,12,12
20940144,,0,0.00063,279,0.000007,0,3,3,0,3,3
20924131,,0,0.000332,57,0.000007,0,1,1,0,1,1
20923785,,0,0.000918,57,0.000007,0,3,3,0,3,3
20889917,,0,0.000332,57,0.000007,0,1,1,0,1,1
20876831,,0,0.000567,57,0.000007,0,2,2,0,2,2
20823147,,0,0.001503,100,0.000007,0,3,3,0,3,3
20811597,,0,0.001866,100,0.000007,0,7,7,0,7,7
20678257,,0,0.000332,57,0.000007,0,1,1,0,1,1
20660628,,0,0.001254,100,0.000007,0,4,4,0,4,4
20647761,,0,0.000984,57,0.000007,0,4,4,0,4,4
20647331,,0,0.000332,57,0.000007,0,1,1,0,1,1
20644635,,0,0.000332,57,0.000007,0,1,1,0,1,1
20634902,,0,0.000332,57,0.000007,0,1,1,0,1,1
20601408,,0,0.000332,57,0.000007,0,1,1,0,1,1
20551164,,0,0.000332,57,0.000007,0,1,1,0,1,1
20461094,,0,0.000352,57,0.000007,0,2,2,0,2,2
20460517,,0,0.000397,57,0.000007,0,3,3,0,3,3
20445776,,0,0.001003,231,0.000007,0,7,7,0,7,7
20442707,,0,0.000332,57,0.000007,0,1,1,0,1,1
20418188,,0,0.000332,57,0.000007,0,1,1,0,1,1
20385602,,0,0.000348,57,0.000007,0,2,2,0,2,2
20383580,,0,0.000332,57,0.000007,0,1,1,0,1,1
20368801,,0,0.000489,100,0.000007,0,3,3,0,3,3
20360685,,0,0.000332,57,0.000007,0,1,1,0,1,1
20353948,,0,0.000332,57,0.000007,0,1,1,0,1,1
20233881,,0,0.000332,57,0.000007,0,1,1,0,1,1
20205745,,0,0.000332,57,0.000007,0,1,1,0,1,1
20176923,,0,0.000387,57,0.000007,0,2,2,0,2,2
20167590,,0,0.000332,57,0.000007,0,1,1,0,1,1
20160104,,0,0.000339,279,0.000007,0,2,2,0,2,2
20144237,,0,0.000522,57,0.000007,0,4,4,0,4,4
20118229,,0,0.000332,57,0.000007,0,1,1,0,1,1
20103672,,0,0.000332,57,0.000007,0,1,1,0,1,1
20075863,,0,0.00142,100,0.000007,0,4,4,0,4,4
20064251,,0,0.000332,57,0.000007,0,1,1,0,1,1
20053681,,0,0.000454,57,0.000007,0,2,2,0,2,2
20051134,,0,0.000492,231,0.000007,0,3,3,0,3,3
20046100,,0,0.000866,57,0.000007,0,2,2,0,2,2
20008512,,0,0.001292,100,0.000007,0,5,5,0,5,5
19996108,,0,0.001006,176,0.000007,0,5,5,0,5,5
19930723,,0,0.000332,57,0.000007,0,1,1,0,1,1
19913408,,0,0.000417,184,0.000007,0,2,2,0,2,2
19896421,,0,0.000332,57,0.000007,0,1,1,0,1,1
19895106,,0,0.000332,57,0.000007,0,1,1,0,1,1
19887394,,0,0.000454,57,0.000007,0,2,2,0,2,2
19805145,,0,0.000332,57,0.000007,0,1,1,0,1,1
19798429,,0.000618,0.000469,176,0.000721,149,2,151,149,2,151
19759019,,0,0.002007,100,0.000007,0,4,4,0,4,4
19748985,,0,0.000332,57,0.000007,0,1,1,0,1,1
19713035,,0,0.000623,57,0.000007,0,2,2,0,2,2
19707781,,0,0.000334,57,0.000007,0,2,2,0,2,2
19700769,,0,0.000726,57,0.000007,0,2,2,0,2,2
19656853,,0,0.000332,57,0.000007,0,1,1,0,1,1
19621083,,0,0.000332,57,0.000007,0,1,1,0,1,1
19615340,,0,0.000332,57,0.000007,0,1,1,0,1,1
19556879,,0,0.000358,100,0.000007,0,2,2,0,2,2
19545787,,0,0.000541,176,0.000007,0,3,3,0,3,3
19463835,,0,0.000332,57,0.000007,0,1,1,0,1,1
19463809,,0,0.000396,2,0.000007,0,2,2,0,2,2
19450528,,0,0.000454,57,0.000007,0,2,2,0,2,2
19433585,,0,0.003124,100,0.000007,0,8,8,0,8,8
19424290,,0,0.000332,57,0.000007,0,1,1,0,1,1
19381940,,0,0.000332,57,0.000007,0,1,1,0,1,1
19357094,,0,0.000332,57,0.000007,0,1,1,0,1,1
19321613,,0,0.000454,57,0.000007,0,2,2,0,2,2
19289554,,0,0.000332,57,0.000007,0,1,1,0,1,1
19273588,,0,0.000332,57,0.000007,0,1,1,0,1,1
19273072,,0,0.000726,57,0.000007,0,2,2,0,2,2
19266019,,0,0.000332,57,0.000007,0,1,1,0,1,1
19245833,,0,0.000725,57,0.000007,0,5,5,0,5,5
19228710,,0,0.000512,57,0.000007,0,2,2,0,2,2
19176521,,0,0.000928,100,0.000007,0,3,3,0,3,3
19137022,,0,0.000332,57,0.000007,0,1,1,0,1,1
19064695,,0,0.000332,57,0.000007,0,1,1,0,1,1
19049966,,0,0.000607,176,0.000007,0,5,5,0,5,5
19014415,,0,0.000332,57,0.000007,0,1,1,0,1,1
19008192,,0,0.000332,57,0.000007,0,1,1,0,1,1
19005492,,0,0.001071,176,0.000007,0,5,5,0,5,5
18852295,,0,0.000332,57,0.000007,0,1,1,0,1,1
18829739,,0,0.000623,57,0.000007,0,2,2,0,2,2
18802408,,0,0.000332,57,0.000007,0,1,1,0,1,1
18772227,,0,0.003617,100,0.000007,0,10,10,0,10,10
18704159,,0,0.000623,57,0.000007,0,2,2,0,2,2
18678647,,0,0.001453,100,0.000007,0,3,3,0,3,3
18664457,,0,0.000363,176,0.000007,0,2,2,0,2,2
18648073,,0,0.000332,57,0.000007,0,1,1,0,1,1
18616816,,0,0.000988,57,0.000007,0,3,3,0,3,3
18603118,,0,0.000332,57,0.000007,0,1,1,0,1,1
18524821,,0,0.000332,57,0.000007,0,1,1,0,1,1
18469000,,0,0.000332,57,0.000007,0,1,1,0,1,1
18463164,,0,0.000332,57,0.000007,0,1,1,0,1,1
18281562,,0,0.000332,57,0.000007,0,1,1,0,1,1
18212067,,0,0.000332,57,0.000007,0,1,1,0,1,1
18006705,,0.028011,0.002625,100,0.000879,361,6,367,361,6,367
18005708,,0,0.000336,66,0.000007,0,2,2,0,2,2
18003859,,0,0.000397,100,0.000007,0,2,2,0,2,2
18001825,,0,0.004559,100,0.000007,0,10,10,0,10,10
17991895,,0.000356,0.000332,279,0.000534,106,1,107,106,1,107
17912366,,0,0.000332,57,0.000007,0,1,1,0,1,1
17880262,,0,0.000332,57,0.000007,0,1,1,0,1,1
17785529,,0,0.000332,57,0.000007,0,1,1,0,1,1
17723002,,0,0.000332,57,0.000007,0,1,1,0,1,1
17704360,,0,0.00037,231,0.000007,0,2,2,0,2,2
17676951,,0,0.000332,57,0.000007,0,1,1,0,1,1
17664286,,0,0.000332,57,0.000007,0,1,1,0,1,1
17624738,,0,0.000332,57,0.000007,0,1,1,0,1,1
17576692,,0,0.000332,57,0.000007,0,1,1,0,1,1
17562866,,0,0.000332,57,0.000007,0,1,1,0,1,1
17513297,,0,0.000332,57,0.000007,0,1,1,0,1,1
17486133,,0,0.000332,57,0.000007,0,1,1,0,1,1
17485519,,0,0.000332,57,0.000007,0,1,1,0,1,1
17425457,,0,0.000332,57,0.000007,0,1,1,0,1,1
17368705,,0,0.000332,57,0.000007,0,1,1,0,1,1
17353265,,0,0.000332,57,0.000007,0,1,1,0,1,1
17316710,,0,0.000332,57,0.000007,0,1,1,0,1,1
17304220,,0,0.004016,100,0.000007,0,17,17,0,17,17
17291544,,0,0.000421,57,0.000007,0,2,2,0,2,2
17242195,,0,0.00039,232,0.000007,0,3,3,0,3,3
17227291,,0,0.000332,57,0.000007,0,1,1,0,1,1
17194776,,0,0.000332,57,0.000007,0,1,1,0,1,1
17178837,,0,0.000726,57,0.000007,0,2,2,0,2,2
17174478,,0,0.000726,57,0.000007,0,2,2,0,2,2
17151099,,0,0.000334,57,0.000007,0,2,2,0,2,2
17124492,,0,0.000332,57,0.000007,0,1,1,0,1,1
17028320,,0,0.000332,57,0.000007,0,1,1,0,1,1
17024177,,0,0.000591,232,0.000007,0,3,3,0,3,3
16940754,,0,0.000332,57,0.000007,0,1,1,0,1,1
16940359,,0,0.000332,57,0.000007,0,1,1,0,1,1
16940174,,0,0.000332,57,0.000007,0,1,1,0,1,1
16893675,,0,0.002213,100,0.000031,4,8,12,4,8,12
16818236,,0,0.000384,57,0.000007,0,2,2,0,2,2
16788066,,0,0.000332,57,0.000007,0,1,1,0,1,1
16751347,,0,0.000332,57,0.000007,0,1,1,0,1,1
16731925,,0,0.000353,57,0.000007,0,3,3,0,3,3
16706843,,0,0.000332,57,0.000007,0,1,1,0,1,1
16676346,,0,0.000332,57,0.000007,0,1,1,0,1,1
16520385,,0,0.000332,57,0.000007,0,1,1,0,1,1
16479003,,0,0.000332,57,0.000007,0,1,1,0,1,1
16423555,,0,0.000332,57,0.000007,0,1,1,0,1,1
16314498,,0,0.000708,57,0.000007,0,4,4,0,4,4
16297667,,0,0.00062,279,0.000007,0,3,3,0,3,3
16291645,,0,0.001253,100,0.000007,0,7,7,0,7,7
16219777,,0,0.000454,57,0.000007,0,2,2,0,2,2
16199871,,0,0.000451,184,0.000007,0,5,5,0,5,5
16140623,,0,0.000332,57,0.000007,0,1,1,0,1,1
16109483,,0,0.000332,57,0.000007,0,1,1,0,1,1
16098182,,0,0.000332,57,0.000007,0,1,1,0,1,1
16061690,,0,0.000332,57,0.000007,0,1,1,0,1,1
16055725,,0,0.001493,57,0.000007,0,3,3,0,3,3
16055552,,0,0.000332,57,0.000007,0,1,1,0,1,1
16045545,,0,0.000332,57,0.000007,0,1,1,0,1,1
16030261,,0,0.000332,57,0.000007,0,1,1,0,1,1
15923609,,0,0.000332,57,0.000007,0,1,1,0,1,1
15921535,,0,0.000332,57,0.000007,0,1,1,0,1,1
15781691,,0,0.000332,57,0.000007,0,1,1,0,1,1
15772150,,0,0.000411,57,0.000007,0,2,2,0,2,2
15767283,,0,0.000332,57,0.000007,0,1,1,0,1,1
15616588,,0,0.000411,57,0.000007,0,2,2,0,2,2
15610743,,0.006404,0.001072,57,0.000234,87,3,90,87,3,90
15520243,,0,0.000332,57,0.000007,0,1,1,0,1,1
15458641,,0,0.000332,57,0.000007,0,1,1,0,1,1
15226429,,0,0.000332,57,0.000007,0,1,1,0,1,1
15226425,,0,0.001505,100,0.000007,0,4,4,0,4,4
15199134,,0,0.000421,57,0.000007,0,2,2,0,2,2
15197225,,0,0.000332,57,0.000007,0,1,1,0,1,1
15175264,,0,0.000332,57,0.000007,0,1,1,0,1,1
15175260,,0,0.000397,100,0.000007,0,2,2,0,2,2
15169897,,0,0.000567,57,0.000007,0,2,2,0,2,2
15105829,,0,0.000332,57,0.000007,0,1,1,0,1,1
15029247,,0,0.000332,57,0.000007,0,1,1,0,1,1
14983007,,0,0.000332,57,0.000007,0,1,1,0,1,1
14970850,,0,0.000344,279,0.000007,0,3,3,0,3,3
14657032,,0,0.000332,57,0.000007,0,1,1,0,1,1
14627815,,0,0.000332,57,0.000007,0,1,1,0,1,1
14559999,,0,0.000792,100,0.000007,0,3,3,0,3,3
14530433,,0,0.000399,57,0.000007,0,2,2,0,2,2
12949583,,0,0.000601,100,0.000007,0,3,3,0,3,3
12917337,,0,0.000459,57,0.000007,0,2,2,0,2,2
12914701,,0,0.000332,57,0.000007,0,1,1,0,1,1
12810694,,0,0.000332,57,0.000007,0,1,1,0,1,1
12792653,,0,0.000332,57,0.000007,0,1,1,0,1,1
12732729,,0,0.000332,57,0.000007,0,1,1,0,1,1
12727890,,0,0.000332,57,0.000007,0,1,1,0,1,1
12704228,,0,0.000332,57,0.000007,0,1,1,0,1,1
12679524,,0,0.000332,57,0.000007,0,1,1,0,1,1
12660166,,0,0.000332,57,0.000007,0,1,1,0,1,1
12659659,,0,0.000332,57,0.000007,0,1,1,0,1,1
12640136,,0,0.000627,100,0.000007,0,4,4,0,4,4
12633669,,0,0.000332,57,0.000007,0,1,1,0,1,1
12629044,,0,0.000567,57,0.000007,0,2,2,0,2,2
12588979,,0,0.000332,57,0.000007,0,1,1,0,1,1
12417736,,0,0.000332,57,0.000007,0,1,1,0,1,1
12399375,,0,0.000332,57,0.000007,0,1,1,0,1,1
12231622,,0,0.000332,57,0.000007,0,1,1,0,1,1
12208847,,0,0.000332,57,0.000007,0,1,1,0,1,1
12114543,,0,0.000332,57,0.000007,0,1,1,0,1,1
12077346,,0,0.000332,57,0.000007,0,1,1,0,1,1
11994429,,0,0.000332,57,0.000007,0,1,1,0,1,1
11973294,,0,0.000332,57,0.000007,0,1,1,0,1,1
11934988,,0,0.000332,57,0.000007,0,1,1,0,1,1
11930007,,0,0.000332,57,0.000007,0,1,1,0,1,1
11799057,,0,0.000567,57,0.000007,0,2,2,0,2,2
11756691,,0,0.000695,100,0.000007,0,3,3,0,3,3
10961349,,0.000219,0,100,0.000011,2,0,2,2,0,2
10962436,,0.001689,0,231,0.000088,20,0,20,20,0,20
28334891,,0,0.000938,100,0.000007,0,6,6,0,6,6
24484288,,0,0.032235,1,0.000007,0,23,23,0,23,23
19142183,,0,0.000047,176,0.000007,0,2,2,0,2,2
10962562,,0.000988,0,100,0.000058,18,0,18,18,0,18
25565400,,0,0.000254,100,0.000007,0,2,2,0,2,2
24894488,,0,0.000019,100,0.000007,0,1,1,0,1,1
18349321,,0,0.000058,100,0.000007,0,2,2,0,2,2
10962578,,0.000349,0,35,0.000105,5,0,5,5,0,5
29867779,,0,0.00024,1,0.000007,0,5,5,0,5,5
10964110,,0.011939,0,1,0.000161,49,0,49,49,0,49
29029467,,0,0.010352,1,0.000021,3,17,20,3,17,20
25739977,,0,0.000228,1,0.000007,0,1,1,0,1,1
25342917,,0.003265,0.033579,1,0.000017,10,30,40,10,30,40
24634322,,0,0.001481,5,0.000007,0,4,4,0,4,4
15161624,,0,0.000228,1,0.000007,0,1,1,0,1,1
10966850,,0.0008,0,89,0.000029,7,0,7,7,0,7
21915125,,0,0.000015,89,0.000007,0,1,1,0,1,1
16804522,,0,0.000015,89,0.000007,0,1,1,0,1,1
10969800,,0.001493,0,89,0.000052,24,0,24,24,0,24
28638498,,0,0.000119,89,0.000007,0,3,3,0,3,3
27294245,,0,0.000028,89,0.000007,0,1,1,0,1,1
26604137,,0,0.000256,82,0.000007,0,3,3,0,3,3
21470549,,0,0.010763,1,0.000007,0,18,18,0,18,18
21188102,,0,0.000028,89,0.000007,0,1,1,0,1,1
21095241,,0,0.000061,82,0.000007,0,2,2,0,2,2
20460480,,0,0.000236,89,0.000007,0,3,3,0,3,3
30486888,,0,0.000462,1,0.000007,0,7,7,0,7,7
10972993,,0.00118,0,90,0.00003,11,0,11,11,0,11
24631446,,0,0.035536,1,0.000007,0,13,13,0,13,13
23451143,,0,0.000377,90,0.000007,0,2,2,0,2,2
22333994,,0,0.000023,90,0.000007,0,1,1,0,1,1
18646000,,0,0.000036,90,0.000007,0,2,2,0,2,2
15599381,,0,0.000023,90,0.000007,0,1,1,0,1,1
10980541,,0.000476,0,89,0.000015,6,0,6,6,0,6
10985881,,0.002016,0,69,0.000018,8,0,8,8,0,8
21541039,,0,0.000038,69,0.000007,0,1,1,0,1,1
27516117,,0,0.000002,168,0.000007,0,1,1,0,1,1
10989982,,0.00012,0,168,0.000064,13,0,13,13,0,13
23251142,,0,0.000002,168,0.000007,0,1,1,0,1,1
23012078,,0,0.000002,168,0.000007,0,1,1,0,1,1
19509159,,0,0.000002,168,0.000007,0,1,1,0,1,1
19079765,,0,0.000003,168,0.000007,0,2,2,0,2,2
18483618,,0,0.000002,168,0.000007,0,1,1,0,1,1
15928228,,0,0.000234,5,0.000007,0,3,3,0,3,3
15681840,,0,0.000002,168,0.000007,0,1,1,0,1,1
11747323,,0,0.000002,168,0.000007,0,1,1,0,1,1
11704632,,0,0.000002,168,0.000007,0,1,1,0,1,1
10989983,,0.000024,0,5,0.000008,1,0,1,1,0,1
30469340,,0,0.000111,100,0.000007,0,1,1,0,1,1
10991937,,0.005832,0,100,0.000117,41,0,41,41,0,41
27270431,,0,0.000187,100,0.000007,0,3,3,0,3,3
26476453,,0,0.000111,100,0.000007,0,1,1,0,1,1
26091065,,0,0.00013,100,0.000007,0,2,2,0,2,2
24631835,,0,0.000111,100,0.000007,0,1,1,0,1,1
24631834,,0,0.000271,100,0.000007,0,3,3,0,3,3
23297349,,0,0.000111,100,0.000007,0,1,1,0,1,1
22701671,,0,0.000111,100,0.000007,0,1,1,0,1,1
22209898,,0,0.000134,100,0.000007,0,2,2,0,2,2
22110128,,0,0.000111,100,0.000007,0,1,1,0,1,1
20378546,,0,0.000134,100,0.000007,0,2,2,0,2,2
17877814,,0,0.000111,100,0.000007,0,1,1,0,1,1
15681417,,0,0.000111,100,0.000007,0,1,1,0,1,1
12667137,,0,0.000111,100,0.000007,0,1,1,0,1,1
11689703,,0,0.000111,100,0.000007,0,1,1,0,1,1
29164420,,0,0.000435,5,0.000007,0,14,14,0,14,14
10995809,,0.002749,0,231,0.000131,54,0,54,54,0,54
28386063,,0,0.00226,231,0.000007,0,18,18,0,18,18
27919043,,0,0.00006,69,0.000007,0,2,2,0,2,2
27438779,,0,0.000514,231,0.000007,0,8,8,0,8,8
26355959,,0,0.000052,231,0.000007,0,1,1,0,1,1
25964295,,0,0.000068,168,0.000007,0,3,3,0,3,3
25823661,,0,0.000617,231,0.000007,0,6,6,0,6,6
25425654,,0,0.0001,231,0.000007,0,2,2,0,2,2
25338681,,0,0.003659,231,0.000007,0,5,5,0,5,5
24267921,,0,0.000078,231,0.000007,0,3,3,0,3,3
23129174,,0,0.000156,231,0.000007,0,2,2,0,2,2
23034890,,0,0.000183,231,0.000007,0,2,2,0,2,2
22850554,,0,0.000409,231,0.000007,0,4,4,0,4,4
22102859,,0,0.000052,231,0.000007,0,1,1,0,1,1
21269472,,0,0.000165,231,0.000007,0,4,4,0,4,4
21062454,,0,0.000072,231,0.000007,0,2,2,0,2,2
20956818,,0,0.000072,35,0.000007,0,2,2,0,2,2
20520800,,0,0.003276,231,0.000007,0,4,4,0,4,4
20021639,,0,0.000075,89,0.000007,0,5,5,0,5,5
19293801,,0,0.005271,231,0.000007,0,3,3,0,3,3
18194538,,0,0.000056,231,0.000007,0,2,2,0,2,2
17727696,,0,0.0001,231,0.000007,0,2,2,0,2,2
16740153,,0,0.000052,231,0.000007,0,1,1,0,1,1
16670718,,0,0.0001,231,0.000007,0,2,2,0,2,2
18847459,,0,0.000002,279,0.000007,0,1,1,0,1,1
10996734,,0.000084,0,279,0.00002,3,0,3,3,0,3
11675484,,0,0.000002,279,0.000007,0,1,1,0,1,1
28092675,,0,0,90,0.000007,0,2,2,0,2,2
11001824,,0.000006,0,90,0.000071,14,0,14,14,0,14
27405474,,0,0.000093,90,0.000007,0,6,6,0,6,6
24709958,,0,0,90,0.000007,0,1,1,0,1,1
24550888,,0,0.000017,90,0.000007,0,2,2,0,2,2
24437490,,0,0,90,0.000007,0,1,1,0,1,1
23367880,,0,0,90,0.000007,0,1,1,0,1,1
22977483,,0,0,90,0.000007,0,1,1,0,1,1
22778948,,0,0,90,0.000007,0,1,1,0,1,1
20948718,,0,0,90,0.000007,0,1,1,0,1,1
18639575,,0,0.000027,90,0.000007,0,2,2,0,2,2
15956962,,0,0,90,0.000007,0,1,1,0,1,1
15282325,,0,0,90,0.000007,0,1,1,0,1,1
11003560,,0.000639,0,231,0.000017,6,0,6,6,0,6
26998284,,0,0.000022,100,0.000007,0,1,1,0,1,1
26228159,,0,0.000022,100,0.000007,0,1,1,0,1,1
24558369,,0,0.000028,279,0.000007,0,3,3,0,3,3
19015127,,0,0.00004,279,0.000007,0,2,2,0,2,2
29961569,,0,0.000569,35,0.000007,0,2,2,0,2,2
11004669,,0.000031,0,35,0.000048,5,0,5,5,0,5
21108794,,0.000157,0.000612,35,0.000071,13,2,15,13,2,15
12944548,,0,0.000001,35,0.000007,0,3,3,0,3,3
11004687,,0.001521,0,231,0.000011,3,0,3,3,0,3
11006035,,0.000177,0,231,0.00001,3,0,3,3,0,3
29172151,,0,0,49,0.000007,0,1,1,0,1,1
11006407,,0,0,49,0.000025,3,0,3,3,0,3
26625310,,0,0,49,0.000007,0,1,1,0,1,1
22096476,,0,0,49,0.000007,0,1,1,0,1,1
11013276,,0.002018,0,5,0.000016,17,0,17,17,0,17
28299801,,0.000538,0.022192,1,0.000009,4,34,38,4,34,38
26908327,,0.000069,0.003877,5,0.000012,4,22,26,4,22,26
24793961,,0,0.000491,89,0.000007,0,3,3,0,3,3
11013445,,0.000185,0,89,0.000032,10,0,10,10,0,10
18165269,,0,0.000004,89,0.000007,0,1,1,0,1,1
11734061,,0,0.000004,89,0.000007,0,1,1,0,1,1
11013448,,0.000006,0,89,0.000013,2,0,2,2,0,2
30194340,,0,0.000027,90,0.000007,0,2,2,0,2,2
11016617,,0.000849,0,90,0.00005,14,0,14,14,0,14
28732505,,0,0.000037,90,0.000007,0,2,2,0,2,2
27032101,,0,0.000056,90,0.000007,0,4,4,0,4,4
24567396,,0.001698,0.002352,35,0.000089,26,13,39,26,13,39
22970719,,0,0.000333,90,0.000007,0,5,5,0,5,5
20492653,,0,0.000016,90,0.000007,0,1,1,0,1,1
15987426,,0,0.000016,90,0.000007,0,1,1,0,1,1
11016625,,0.004187,0,100,0.000061,30,0,30,30,0,30
27526774,,0,0.00008,100,0.000007,0,1,1,0,1,1
27442013,,0,0.000315,100,0.000007,0,2,2,0,2,2
27297629,,0,0.000117,100,0.000007,0,4,4,0,4,4
21730979,,0,0.001041,57,0.000007,0,3,3,0,3,3
29285272,,0,0.000039,90,0.000007,0,1,1,0,1,1
27994514,,0,0.017301,1,0.000007,0,13,13,0,13,13
27006591,,0,0.000068,90,0.000007,0,2,2,0,2,2
25934801,,0,0.000039,90,0.000007,0,1,1,0,1,1
25257132,,0.000016,0.000093,90,0.000034,5,2,7,5,2,7
25221777,,0,0.00004,90,0.000007,0,2,2,0,2,2
25096064,,0,0.00106,90,0.000007,0,11,11,0,11,11
24678734,,0,0.000039,90,0.000007,0,1,1,0,1,1
23783762,,0,0.000064,48,0.000007,0,3,3,0,3,3
23159636,,0,0.000039,90,0.000007,0,1,1,0,1,1
22562579,,0,0.000039,90,0.000007,0,1,1,0,1,1
22154085,,0,0.000039,90,0.000007,0,1,1,0,1,1
21448923,,0,0.000039,90,0.000007,0,1,1,0,1,1
20479785,,0,0.000039,90,0.000007,0,1,1,0,1,1
18831788,,0,0.000493,66,0.000007,0,3,3,0,3,3
18703514,,0,0.000039,90,0.000007,0,1,1,0,1,1
15277682,,0,0.000039,90,0.000007,0,1,1,0,1,1
12145204,,0,0.000039,90,0.000007,0,1,1,0,1,1
11404460,,0,0.000093,90,0.000007,0,2,2,0,2,2
11022626,,0.000158,0,89,0.000016,3,0,3,3,0,3
11027532,,0.000165,0,48,0.000012,2,0,2,2,0,2
29121898,,0,0.000288,5,0.000007,0,11,11,0,11,11
11029525,,0.000014,0,89,0.000016,4,0,4,4,0,4
25780794,,0,0.000129,89,0.000007,0,9,9,0,9,9
15334673,,0,0,89,0.000007,0,1,1,0,1,1
11030417,,0.001505,0,5,0.00003,19,0,19,19,0,19
22436125,,0,0.000029,5,0.000007,0,1,1,0,1,1
11034064,,0.000374,0,87,0.000165,30,0,30,30,0,30
29675107,,0,0.000007,87,0.000007,0,1,1,0,1,1
28894804,,0,0.000354,35,0.000007,0,5,5,0,5,5
28575485,,0,0.000007,87,0.000007,0,1,1,0,1,1
27533466,,0,0.000023,66,0.000007,0,2,2,0,2,2
26810070,,0,0.000007,87,0.000007,0,1,1,0,1,1
24589977,,0,0.000007,87,0.000007,0,1,1,0,1,1
24098698,,0,0.000447,87,0.000007,0,3,3,0,3,3
24067373,,0,0.000007,87,0.000007,0,1,1,0,1,1
23935942,,0,0.000007,87,0.000007,0,1,1,0,1,1
22764095,,0,0.000007,87,0.000007,0,1,1,0,1,1
22475747,,0,0.000007,87,0.000007,0,1,1,0,1,1
22439866,,0,0.000007,87,0.000007,0,1,1,0,1,1
22431717,,0,0.000007,87,0.000007,0,1,1,0,1,1
21976542,,0,0.000007,87,0.000007,0,1,1,0,1,1
21931799,,0,0.000007,87,0.000007,0,1,1,0,1,1
21261996,,0,0.000007,87,0.000007,0,2,2,0,2,2
21196221,,0,0.000007,87,0.000007,0,1,1,0,1,1
21046410,,0,0.000007,87,0.000007,0,1,1,0,1,1
20949095,,0,0.001019,87,0.000007,0,3,3,0,3,3
20647765,,0,0.000007,87,0.000007,0,1,1,0,1,1
20622260,,0,0.000007,87,0.000007,0,1,1,0,1,1
20576095,,0.006609,0.01053,35,0.000247,71,10,81,71,10,81
19036881,,0,0.00002,87,0.000007,0,2,2,0,2,2
18070937,,0,0.000007,87,0.000007,0,1,1,0,1,1
17690249,,0,0.000007,87,0.000007,0,1,1,0,1,1
15687240,,0,0.000007,87,0.000007,0,1,1,0,1,1
15068668,,0,0.000007,87,0.000007,0,1,1,0,1,1
11034065,,0.02331,0,1,0.000494,77,0,77,77,0,77
29221486,,0,0.000444,1,0.000007,0,1,1,0,1,1
28378010,,0,0.003156,1,0.000007,0,8,8,0,8,8
28105221,,0,0.000526,279,0.000039,6,9,15,6,9,15
27458531,,0,0.019015,1,0.000007,0,26,26,0,26,26
27268121,,0,0.010262,1,0.000007,0,13,13,0,13,13
26363302,,0,0.020024,1,0.000007,0,29,29,0,29,29
26339650,,0,0.000444,1,0.000007,0,1,1,0,1,1
26005633,,0,0.000444,1,0.000007,0,1,1,0,1,1
25586903,,0,0.002892,5,0.000007,0,23,23,0,23,23
24971229,,0,0.010248,1,0.000007,0,10,10,0,10,10
22807625,,0,0.005485,1,0.000007,0,9,9,0,9,9
22661305,,0,0.027542,1,0.000007,0,14,14,0,14,14
21541038,,0,0.000575,1,0.000007,0,3,3,0,3,3
21056906,,0.001666,0.000821,1,0.000066,24,6,30,24,6,30
20739886,,0,0.028955,1,0.000007,0,14,14,0,14,14
19854495,,0,0.001563,1,0.000007,0,8,8,0,8,8
19843854,,0.001304,0.000444,69,0.000082,26,1,27,26,1,27
19574400,,0,0.001368,1,0.000007,0,6,6,0,6,6
14970867,,0,0.000444,1,0.000007,0,1,1,0,1,1
12433278,,0.000016,0.000444,279,0.00032,47,1,48,47,1,48
11870520,,0,0.000524,1,0.000007,0,2,2,0,2,2
29383107,,0,0.001651,231,0.000007,0,9,9,0,9,9
11034101,,0.003785,0,100,0.000111,35,0,35,35,0,35
27749894,,0,0.000072,100,0.000007,0,1,1,0,1,1
27076935,,0,0.000396,72,0.000007,0,4,4,0,4,4
25792776,,0,0.000072,100,0.000007,0,1,1,0,1,1
23190892,,0,0.000171,100,0.000007,0,3,3,0,3,3
22297469,,0.00026,0.000629,231,0.000029,7,6,13,7,6,13
19531215,,0,0.000174,89,0.000007,0,3,3,0,3,3
18588899,,0.000415,0.000707,1,0.000111,23,5,28,23,5,28
17449003,,0,0.000072,100,0.000007,0,1,1,0,1,1
11746753,,0,0.000072,100,0.000007,0,1,1,0,1,1
11034530,,0.000786,0,35,0.000007,1,0,1,1,0,1
28540271,,0,0.000038,231,0.000007,0,3,3,0,3,3
11036113,,0.000083,0,231,0.000039,12,0,12,12,0,12
25228414,,0,0.000017,90,0.000007,0,3,3,0,3,3
16280038,,0,0.000032,231,0.000007,0,2,2,0,2,2
12546713,,0,0.000002,231,0.000007,0,1,1,0,1,1
28874143,,0,0.003274,231,0.00001,1,17,18,1,17,18
11039575,,0.001182,0,89,0.000027,16,0,16,16,0,16
25288723,,0.002218,0.000782,231,0.000063,39,7,46,39,7,46
23176254,,0,0.001498,231,0.000007,0,10,10,0,10,10
22652533,,0,0.000752,231,0.000007,0,5,5,0,5,5
22357538,,0.005051,0.00826,100,0.00003,22,28,50,22,28,50
30157901,,0,0.00002,168,0.000007,0,1,1,0,1,1
11042697,,0.001049,0,168,0.000092,21,0,21,21,0,21
29529900,,0,0.000038,231,0.000007,0,4,4,0,4,4
28073589,,0,0.003634,100,0.000007,0,16,16,0,16,16
27145372,,0,0.000125,100,0.000007,0,4,4,0,4,4
27041576,,0.000074,0.019451,100,0.000023,5,15,20,5,15,20
26102214,,0,0.00002,168,0.000007,0,1,1,0,1,1
25799416,,0,0.000134,89,0.000007,0,4,4,0,4,4
24116037,,0,0.00008,279,0.000007,0,4,4,0,4,4
23098689,,0,0.00002,168,0.000007,0,1,1,0,1,1
23087083,,0,0.00002,168,0.000007,0,1,1,0,1,1
22676419,,0,0.00002,168,0.000007,0,1,1,0,1,1
21274445,,0,0.00002,168,0.000007,0,1,1,0,1,1
21119599,,0,0.00002,168,0.000007,0,1,1,0,1,1
21088000,,0,0.00002,168,0.000007,0,1,1,0,1,1
20100589,,0,0.00002,168,0.000007,0,1,1,0,1,1
19737544,,0,0.00002,168,0.000007,0,1,1,0,1,1
19684888,,0,0.00002,168,0.000007,0,1,1,0,1,1
17716971,,0,0.00002,168,0.000007,0,1,1,0,1,1
30254990,,0,0.001726,69,0.000007,0,14,14,0,14,14
30189361,,0,0.000549,89,0.000007,0,4,4,0,4,4
30135399,,0,0.000966,72,0.000007,0,18,18,0,18,18
29868112,,0,0.001614,89,0.000007,0,22,22,0,22,22
29719599,,0,0.015063,1,0.000007,0,18,18,0,18,18
29713003,,0,0.000566,89,0.000007,0,4,4,0,4,4
29361751,,0,0.000383,89,0.000007,0,3,3,0,3,3
28931501,,0,0.005123,5,0.000007,0,24,24,0,24,24
28334425,,0.000196,0.00479,5,0.000011,4,26,30,4,26,30
28288110,,0.005396,0.0312,1,0.000053,35,31,66,35,31,66
27421647,,0,0.000653,231,0.000007,0,13,13,0,13,13
27283966,,0,0.001088,231,0.000007,0,5,5,0,5,5
26774741,,0.000003,0.00263,5,0.000011,2,9,11,2,9,11
26753781,,0,0.000299,89,0.000007,0,1,1,0,1,1
25777348,,0.000284,0.003216,89,0.000021,8,21,29,8,21,29
24772314,,0.000004,0.000647,205,0.000011,2,6,8,2,6,8
24516018,,0,0.000299,89,0.000007,0,1,1,0,1,1
24223879,,0,0.000299,89,0.000007,0,1,1,0,1,1
24137204,,0.00004,0.002295,100,0.000007,1,16,17,1,16,17
23371291,,0.001331,0.00514,5,0.000026,19,24,43,19,24,43
22133884,,0,0.000299,89,0.000007,0,1,1,0,1,1
20727220,,0,0.00048,89,0.000007,0,5,5,0,5,5
19519210,,0,0.011387,1,0.000007,0,6,6,0,6,6
18653701,,0,0.002386,5,0.000007,0,4,4,0,4,4
18174243,,0,0.001423,100,0.000007,0,5,5,0,5,5
17459456,,0,0.000299,89,0.000007,0,1,1,0,1,1
17404222,,0,0.000349,35,0.000007,0,2,2,0,2,2
15743501,,0,0.00033,231,0.000007,0,2,2,0,2,2
22619651,,0,0.003469,1,0.000007,0,19,19,0,19,19
20074364,,0.000001,0.005368,5,0.00001,1,4,5,1,4,5
16839413,,0,0.000038,35,0.000007,0,1,1,0,1,1
29774317,,0,0.000571,89,0.000007,0,23,23,0,23,23
11044644,,0.000469,0,89,0.000009,5,0,5,5,0,5
11044645,,0.000137,0,89,0.000013,4,0,4,4,0,4
11050427,,0.004928,0,100,0.00009,27,0,27,27,0,27
11739746,,0,0.000094,100,0.000007,0,1,1,0,1,1
30015873,,0,0.000031,231,0.000007,0,1,1,0,1,1
11053450,,0.001616,0,231,0.000085,33,0,33,33,0,33
25884806,,0,0.013746,231,0.000007,0,18,18,0,18,18
23449389,,0,0.000753,176,0.000007,0,4,4,0,4,4
23115424,,0,0.000031,231,0.000007,0,1,1,0,1,1
22496453,,0,0.000037,231,0.000007,0,2,2,0,2,2
22419737,,0,0.000592,231,0.000007,0,7,7,0,7,7
21514219,,0,0.000915,231,0.000007,0,5,5,0,5,5
21184685,,0,0.000597,231,0.000007,0,6,6,0,6,6
20798862,,0,0.000139,231,0.000007,0,2,2,0,2,2
20453876,,0,0.000031,231,0.000007,0,1,1,0,1,1
20160490,,0,0.000559,231,0.000007,0,4,4,0,4,4
18725978,,0,0.000083,231,0.000007,0,3,3,0,3,3
18253122,,0,0.000775,231,0.000007,0,10,10,0,10,10
16940182,,0,0.000701,57,0.000007,0,3,3,0,3,3
16816021,,0,0.000565,231,0.000007,0,5,5,0,5,5
14970869,,0.000019,0.000498,231,0.000012,2,3,5,2,3,5
14612911,,0,0.000589,231,0.000007,0,5,5,0,5,5
12793891,,0.00022,0.000498,231,0.000017,4,3,7,4,3,7
11058866,,0.000532,0,100,0.000009,3,0,3,3,0,3
11058900,,0.000008,0,89,0.000008,1,0,1,1,0,1
11059339,,0.000519,0,89,0.000008,3,0,3,3,0,3
27907908,,0.000353,0.020714,1,0.000017,6,31,37,6,31,37
29244822,,0,0.000014,90,0.000007,0,2,2,0,2,2
11059753,,0.000332,0,90,0.000234,40,0,40,40,0,40
28899409,,0,0.000006,90,0.000007,0,1,1,0,1,1
28763032,,0,0.000006,90,0.000007,0,1,1,0,1,1
28486582,,0,0.000006,90,0.000007,0,1,1,0,1,1
28356238,,0,0.000006,90,0.000007,0,1,1,0,1,1
27414029,,0,0.000006,90,0.000007,0,1,1,0,1,1
27197280,,0,0.000006,90,0.000007,0,1,1,0,1,1
27107051,,0,0.000006,90,0.000007,0,1,1,0,1,1
26674340,,0,0.000006,90,0.000007,0,1,1,0,1,1
26220752,,0,0.000006,90,0.000007,0,1,1,0,1,1
26035701,,0,0.000135,90,0.000007,0,2,2,0,2,2
25581056,,0,0.000006,90,0.000007,0,1,1,0,1,1
25400119,,0,0.000006,90,0.000007,0,1,1,0,1,1
24824616,,0,0.000006,90,0.000007,0,1,1,0,1,1
24265860,,0.000046,0.000083,90,0.000058,12,7,19,12,7,19
23150063,,0,0.000006,90,0.000007,0,1,1,0,1,1
23054611,,0,0.000006,90,0.000007,0,2,2,0,2,2
22759508,,0,0.000033,90,0.000007,0,3,3,0,3,3
22331481,,0,0.000006,90,0.000007,0,1,1,0,1,1
22045766,,0,0.000006,90,0.000007,0,1,1,0,1,1
21838876,,0,0.000006,90,0.000007,0,1,1,0,1,1
20805458,,0,0.000006,90,0.000007,0,1,1,0,1,1
20716925,,0.000745,0.000442,90,0.000599,112,11,123,112,11,123
19541857,,0,0.000006,90,0.000007,0,1,1,0,1,1
18847333,,0,0.000006,90,0.000007,0,1,1,0,1,1
17718399,,0,0.000006,90,0.000007,0,1,1,0,1,1
15150620,,0,0.000006,90,0.000007,0,1,1,0,1,1
12824819,,0,0.000006,90,0.000007,0,1,1,0,1,1
23750174,,0,0.000004,5,0.000007,0,1,1,0,1,1
11060334,,0.000205,0,5,0.000019,5,0,5,5,0,5
11060335,,0.00035,0,5,0.000019,6,0,6,6,0,6
25490861,,0,0.000007,5,0.000007,0,1,1,0,1,1
30128007,,0,0.001374,89,0.000007,0,10,10,0,10,10
11060337,,0.001494,0,35,0.000067,14,0,14,14,0,14
23918944,,0.003349,0.004907,5,0.000043,31,29,60,31,29,60
22211105,,0.000541,0.000078,35,0.000239,49,5,54,49,5,54
21431872,,0,0.000765,35,0.000007,0,3,3,0,3,3
11060338,,0.000444,0,35,0.00003,4,0,4,4,0,4
21161370,,0.0026,0.016983,35,0.000331,85,19,104,85,19,104
11060339,,0.000216,0,66,0.000023,4,0,4,4,0,4
26468160,,0.000035,0.000289,5,0.000008,2,11,13,2,11,13
21603983,,0.000023,0.000471,5,0.000007,1,14,15,1,14,15
19725993,,0,0.000118,35,0.000013,1,4,5,1,4,5
18373407,,0.002359,0.000103,5,0.000033,33,8,41,33,8,41
11067843,,0.001656,0,90,0.000049,16,0,16,16,0,16
24960160,,0,0.000032,90,0.000007,0,1,1,0,1,1
18259752,,0,0.000094,90,0.000007,0,4,4,0,4,4
27539542,,0,0,66,0.000007,0,1,1,0,1,1
11071894,,0.000019,0,66,0.000152,26,0,26,26,0,26
27409667,,0,0,66,0.000007,0,1,1,0,1,1
26607231,,0,0,66,0.000007,0,1,1,0,1,1
25557119,,0,0,66,0.000007,0,1,1,0,1,1
25482194,,0,0,66,0.000007,0,1,1,0,1,1
25338000,,0,0,66,0.000007,0,1,1,0,1,1
23104566,,0,0,66,0.000007,0,1,1,0,1,1
22860098,,0,0,66,0.000007,0,1,1,0,1,1
22820289,,0,0.000017,66,0.000007,0,2,2,0,2,2
22817864,,0,0,66,0.000007,0,1,1,0,1,1
22384214,,0,0,66,0.000007,0,1,1,0,1,1
22363708,,0,0,66,0.000007,0,1,1,0,1,1
21482754,,0,0,66,0.000007,0,1,1,0,1,1
21151873,,0,0,66,0.000007,0,1,1,0,1,1
20444707,,0,0,66,0.000007,0,1,1,0,1,1
20351094,,0,0,66,0.000007,0,1,1,0,1,1
19596686,,0,0,66,0.000007,0,1,1,0,1,1
19075239,,0,0,66,0.000007,0,1,1,0,1,1
17272295,,0,0,66,0.000007,0,1,1,0,1,1
16738141,,0,0,66,0.000007,0,1,1,0,1,1
16274472,,0,0,66,0.000007,0,1,1,0,1,1
16229805,,0,0,66,0.000007,0,2,2,0,2,2
15656911,,0,0,66,0.000007,0,1,1,0,1,1
15169904,,0,0,66,0.000007,0,1,1,0,1,1
12022229,,0,0,66,0.000007,0,1,1,0,1,1
29187880,,0.000006,0.011513,1,0.000008,1,11,12,1,11,12
11072151,,0.001029,0,231,0.000045,16,0,16,16,0,16
28361061,,0,0.00002,231,0.000007,0,1,1,0,1,1
28361059,,0,0.00002,231,0.000007,0,1,1,0,1,1
27245205,,0,0.00002,231,0.000007,0,2,2,0,2,2
23285288,,0,0.000105,184,0.000007,0,2,2,0,2,2
22039421,,0,0.000022,176,0.000007,0,2,2,0,2,2
12698192,,0,0.00002,231,0.000007,0,1,1,0,1,1
27329735,,0,0.007652,5,0.000007,0,20,20,0,20,20
22610836,,0.000003,0.000136,5,0.000016,2,7,9,2,7,9
22057223,,0,0.000015,5,0.000007,0,3,3,0,3,3
11076055,,0.001924,0,5,0.00003,25,0,25,25,0,25
27788513,,0,0.001137,5,0.000007,0,14,14,0,14,14
24386893,,0,0.000037,5,0.000007,0,1,1,0,1,1
20090283,,0,0.000038,5,0.000007,0,3,3,0,3,3
11077440,,0.000834,0,100,0.000062,6,0,6,6,0,6
17310252,,0,0.001177,100,0.000007,0,2,2,0,2,2
30420960,,0,0.000518,5,0.000007,0,6,6,0,6,6
11079159,,0.000758,0,5,0.000054,25,0,25,25,0,25
29721480,,0,0.000213,5,0.000007,0,4,4,0,4,4
29317373,,0,0.00003,5,0.000007,0,2,2,0,2,2
29107353,,0,0.000668,5,0.000007,0,10,10,0,10,10
25741458,,0,0.000696,5,0.000007,0,12,12,0,12,12
23086584,,0.000017,0.006428,5,0.000007,1,26,27,1,26,27
22915431,,0,0.000543,5,0.000007,0,7,7,0,7,7
19884532,,0,0.000566,5,0.000007,0,8,8,0,8,8
19727744,,0,0.000261,5,0.000007,0,5,5,0,5,5
19631485,,0,0.000014,5,0.000007,0,1,1,0,1,1
19593396,,0,0.000697,5,0.000007,0,18,18,0,18,18
19070222,,0,0.000334,5,0.000007,0,6,6,0,6,6
18250016,,0,0.000014,5,0.000007,0,1,1,0,1,1
17016484,,0.000862,0.000548,5,0.000047,25,5,30,25,5,30
16168141,,0,0.000234,5,0.000007,0,3,3,0,3,3
15755947,,0,0.000261,5,0.000007,0,4,4,0,4,4
15150556,,0,0.000041,5,0.000007,0,2,2,0,2,2
11080904,,0.000005,0,89,0.00001,1,0,1,1,0,1
16646087,,0,0,50,0.000007,0,1,1,0,1,1
11084459,,0,0,50,0.000013,1,0,1,1,0,1
11084537,,0.000185,0,35,0.000007,1,0,1,1,0,1
30416486,,0,0.000067,90,0.000007,0,2,2,0,2,2
11085509,,0.00281,0,90,0.000111,31,0,31,31,0,31
29890379,,0,0.000054,90,0.000007,0,1,1,0,1,1
29261439,,0,0.010098,1,0.000007,0,5,5,0,5,5
28245550,,0,0.004518,35,0.000007,0,14,14,0,14,14
26568765,,0,0.000074,35,0.000007,0,3,3,0,3,3
25695063,,0.000194,0.003517,35,0.000033,8,22,30,8,22,30
20831839,,0,0.000066,231,0.000007,0,4,4,0,4,4
19889198,,0,0.000064,231,0.000007,0,3,3,0,3,3
17205105,,0,0.000054,90,0.000007,0,1,1,0,1,1
12473178,,0,0.00026,90,0.000007,0,4,4,0,4,4
11091606,,0.000019,0,1,0.000008,1,0,1,1,0,1
11091610,,0.000355,0,89,0.000008,4,0,4,4,0,4
28710912,,0,0,51,0.000007,0,1,1,0,1,1
11091985,,0,0,51,0.000067,10,0,10,10,0,10
25386488,,0,0,51,0.000007,0,1,1,0,1,1
25113319,,0,0,51,0.000007,0,1,1,0,1,1
24324584,,0,0,51,0.000007,0,1,1,0,1,1
23983490,,0,0,51,0.000007,0,1,1,0,1,1
23554793,,0,0,51,0.000007,0,1,1,0,1,1
22292006,,0,0,51,0.000007,0,1,1,0,1,1
22033644,,0,0,51,0.000007,0,1,1,0,1,1
19920983,,0,0,51,0.000007,0,1,1,0,1,1
16371485,,0,0,51,0.000007,0,1,1,0,1,1
11092370,,0.000159,0,5,0.000007,1,0,1,1,0,1
29551903,,0,0.000068,231,0.000007,0,1,1,0,1,1
11093813,,0.003549,0,231,0.000127,52,0,52,52,0,52
29075115,,0,0.000071,57,0.000007,0,2,2,0,2,2
29036688,,0,0.009174,1,0.000007,0,7,7,0,7,7
28627709,,0,0.000113,231,0.000007,0,3,3,0,3,3
28099437,,0,0.000128,231,0.000007,0,3,3,0,3,3
27884159,,0,0.000068,231,0.000007,0,1,1,0,1,1
27733989,,0,0.000118,231,0.000007,0,3,3,0,3,3
27525019,,0,0.000074,72,0.000007,0,3,3,0,3,3
26816539,,0,0.000106,231,0.000007,0,2,2,0,2,2
26610585,,0,0.044367,1,0.000007,0,33,33,0,33,33
25909291,,0,0.000068,231,0.000007,0,1,1,0,1,1
25401086,,0,0.000224,231,0.000007,0,4,4,0,4,4
24903147,,0,0.000068,231,0.000007,0,1,1,0,1,1
24856061,,0,0.001437,1,0.000007,0,4,4,0,4,4
24811120,,0,0.000466,100,0.000007,0,5,5,0,5,5
24753542,,0,0.000382,231,0.000007,0,4,4,0,4,4
24646375,,0,0.00051,66,0.000007,0,4,4,0,4,4
24616504,,0,0.012662,231,0.000007,0,12,12,0,12,12
24304898,,0,0.000068,231,0.000007,0,1,1,0,1,1
23977219,,0,0.000444,231,0.000007,0,3,3,0,3,3
23592964,,0,0.016503,1,0.000007,0,4,4,0,4,4
22573178,,0,0.000891,100,0.000007,0,6,6,0,6,6
22362735,,0,0.000068,231,0.000007,0,1,1,0,1,1
22266465,,0,0.000116,231,0.000007,0,3,3,0,3,3
22174876,,0,0.00029,231,0.000007,0,3,3,0,3,3
22008909,,0,0.000197,100,0.000007,0,3,3,0,3,3
21858113,,0,0.000112,231,0.000007,0,2,2,0,2,2
21428443,,0,0.000199,231,0.000007,0,2,2,0,2,2
21267443,,0,0.000126,184,0.000007,0,4,4,0,4,4
20940395,,0,0.000207,231,0.000007,0,3,3,0,3,3
20684611,,0,0.000106,231,0.000007,0,2,2,0,2,2
19568413,,0,0.011192,100,0.000007,0,10,10,0,10,10
18243065,,0,0.000284,231,0.000007,0,3,3,0,3,3
12782787,,0,0.000068,231,0.000007,0,1,1,0,1,1
30208165,,0,0.000988,100,0.000007,0,8,8,0,8,8
11094302,,0.000932,0,66,0.000156,41,0,41,41,0,41
29928381,,0,0.000035,66,0.000007,0,2,2,0,2,2
29354495,,0,0.000275,66,0.000007,0,3,3,0,3,3
28540987,,0,0.000018,66,0.000007,0,1,1,0,1,1
28427182,,0,0.000115,66,0.000007,0,2,2,0,2,2
28199384,,0,0.000448,100,0.000007,0,4,4,0,4,4
26676339,,0,0.000018,66,0.000007,0,1,1,0,1,1
26137013,,0,0.000018,66,0.000007,0,1,1,0,1,1
25374922,,0,0.000028,66,0.000007,0,2,2,0,2,2
25198391,,0,0.000018,24,0.000007,0,2,2,0,2,2
24977105,,0,0.000804,66,0.000007,0,3,3,0,3,3
24926469,,0,0.00002,66,0.000007,0,2,2,0,2,2
24807107,,0.006075,0.011935,35,0.000023,28,22,50,28,22,50
24367530,,0,0.000018,66,0.000007,0,1,1,0,1,1
24179526,,0,0.000018,66,0.000007,0,1,1,0,1,1
23961262,,0,0.000025,279,0.000007,0,2,2,0,2,2
22920183,,0,0.000018,66,0.000007,0,1,1,0,1,1
22848209,,0,0.000018,66,0.000007,0,1,1,0,1,1
22112476,,0,0.003194,198,0.000007,0,4,4,0,4,4
22020530,,0,0.000055,66,0.000007,0,3,3,0,3,3
21383541,,0.000132,0.000783,279,0.000047,14,16,30,14,16,30
21150308,,0,0.000018,66,0.000007,0,1,1,0,1,1
20653064,,0,0.000018,66,0.000007,0,1,1,0,1,1
19777566,,0,0.000018,66,0.000007,0,1,1,0,1,1
19521987,,0,0.000029,66,0.000007,0,2,2,0,2,2
19072646,,0,0.000362,66,0.000007,0,4,4,0,4,4
17965599,,0,0.000018,66,0.000007,0,1,1,0,1,1
17938428,,0,0.000018,66,0.000007,0,1,1,0,1,1
17451198,,0,0.000018,66,0.000007,0,1,1,0,1,1
12117890,,0,0.000018,66,0.000007,0,1,1,0,1,1
12087472,,0,0.000018,66,0.000007,0,1,1,0,1,1
12085181,,0,0.000115,66,0.000007,0,2,2,0,2,2
11747320,,0,0.000018,66,0.000007,0,1,1,0,1,1
29544444,,0,0.000023,89,0.000007,0,5,5,0,5,5
11094304,,0.000029,0,66,0.000067,14,0,14,14,0,14
28685147,,0,0.000001,66,0.000007,0,1,1,0,1,1
24639966,,0,0.000001,66,0.000007,0,1,1,0,1,1
23444906,,0,0.000001,66,0.000007,0,1,1,0,1,1
23105766,,0,0.000001,66,0.000007,0,1,1,0,1,1
22291746,,0,0.000004,66,0.000007,0,2,2,0,2,2
20817226,,0,0.000004,66,0.000007,0,2,2,0,2,2
19593234,,0,0.000001,66,0.000007,0,1,1,0,1,1
17503006,,0,0.000001,66,0.000007,0,1,1,0,1,1
17303386,,0,0.000001,66,0.000007,0,1,1,0,1,1
11097234,,0.000949,0,5,0.000038,24,0,24,24,0,24
28622609,,0,0.000126,5,0.000007,0,7,7,0,7,7
28398847,,0.000272,0.007718,5,0.000015,7,40,47,7,40,47
25589525,,0,0.000059,5,0.000007,0,4,4,0,4,4
24664857,,0,0.000018,5,0.000007,0,2,2,0,2,2
21413946,,0,0.000018,5,0.000007,0,1,1,0,1,1
29312738,,0,0.001151,89,0.000007,0,12,12,0,12,12
28945747,,0,0.001626,100,0.000007,0,3,3,0,3,3
28435291,,0,0.00248,41,0.000007,0,10,10,0,10,10
27136113,,0,0.01153,100,0.000007,0,10,10,0,10,10
26021514,,0,0.000489,100,0.000007,0,2,2,0,2,2
24776801,,0.004932,0.000722,100,0.00011,41,4,45,41,4,45
22039535,,0,0.000692,100,0.000007,0,2,2,0,2,2
21996371,,0.001016,0.009396,1,0.000008,2,3,5,2,3,5
21805697,,0,0.004312,100,0.000007,0,13,13,0,13,13
21459848,,0,0.002358,100,0.000007,0,9,9,0,9,9
21296653,,0,0.002265,100,0.000007,0,4,4,0,4,4
21113239,,0,0.005448,100,0.000007,0,23,23,0,23,23
20703100,,0,0.00157,100,0.000007,0,6,6,0,6,6
20228131,,0,0.000819,100,0.000007,0,2,2,0,2,2
20171279,,0,0.000491,100,0.000007,0,3,3,0,3,3
20098673,,0,0.000614,100,0.000007,0,2,2,0,2,2
19948475,,0,0.006566,100,0.000007,0,23,23,0,23,23
19885846,,0,0.000491,100,0.000007,0,3,3,0,3,3
19779484,,0,0.000937,100,0.000007,0,2,2,0,2,2
19746182,,0,0.002845,69,0.000007,0,12,12,0,12,12
19525936,,0,0.001429,100,0.000007,0,4,4,0,4,4
19470754,,0,0.002391,100,0.000007,0,5,5,0,5,5
19276285,,0.001218,0.000982,231,0.000022,15,15,30,15,15,30
18794134,,0,0.000623,100,0.000007,0,3,3,0,3,3
18026119,,0,0.001558,100,0.000007,0,4,4,0,4,4
17288986,,0,0.000465,100,0.000007,0,1,1,0,1,1
15838521,,0,0.00049,100,0.000007,0,2,2,0,2,2
15793277,,0,0.000465,100,0.000007,0,1,1,0,1,1
15689940,,0,0.000465,100,0.000007,0,1,1,0,1,1
15650050,,0.015518,0.003457,100,0.000412,153,11,164,153,11,164
15601828,,0,0.004005,100,0.000007,0,11,11,0,11,11
15331604,,0,0.001166,100,0.000007,0,3,3,0,3,3
14688275,,0,0.000465,100,0.000007,0,1,1,0,1,1
12727893,,0,0.000465,100,0.000007,0,1,1,0,1,1
12093742,,0,0.001093,100,0.000007,0,3,3,0,3,3
11102977,,0.000619,0,89,0.000016,10,0,10,10,0,10
11102978,,0.000454,0,89,0.000025,9,0,9,9,0,9
15042510,,0,0.000009,89,0.000007,0,1,1,0,1,1
11102986,,0.000079,0,140,0.000008,1,0,1,1,0,1
29048667,,0,0.000025,176,0.000007,0,2,2,0,2,2
11103814,,0,0,176,0.000064,10,0,10,10,0,10
26851019,,0,0,176,0.000007,0,1,1,0,1,1
22351658,,0,0,176,0.000007,0,1,1,0,1,1
21887248,,0,0,176,0.000007,0,1,1,0,1,1
21776260,,0,0,176,0.000007,0,1,1,0,1,1
21432397,,0,0,176,0.000007,0,1,1,0,1,1
20669245,,0,0,176,0.000007,0,1,1,0,1,1
20506578,,0,0,176,0.000007,0,1,1,0,1,1
18053169,,0,0,176,0.000007,0,1,1,0,1,1
16353237,,0,0,176,0.000007,0,1,1,0,1,1
11104455,,0.000242,0,5,0.000009,3,0,3,3,0,3
11104622,,0.0008,0,90,0.000009,4,0,4,4,0,4
30364812,,0,0.000631,5,0.000007,0,12,12,0,12,12
11104623,,0.000565,0,5,0.000023,10,0,10,10,0,10
28184290,,0,0.000161,5,0.000007,0,4,4,0,4,4
23861597,,0,0.000011,5,0.000007,0,1,1,0,1,1
28974240,,0,0.000013,205,0.000007,0,1,1,0,1,1
11106241,,0.000664,0,205,0.000036,11,0,11,11,0,11
22531031,,0,0.000013,205,0.000007,0,1,1,0,1,1
12868707,,0,0.000013,205,0.000007,0,1,1,0,1,1
27061572,,0,0.000019,231,0.000007,0,2,2,0,2,2
11108640,,0.000001,0,231,0.000043,7,0,7,7,0,7
25483344,,0,0,231,0.000007,0,1,1,0,1,1
24123198,,0,0,231,0.000007,0,1,1,0,1,1
23462918,,0,0,231,0.000007,0,1,1,0,1,1
22777728,,0,0,231,0.000007,0,1,1,0,1,1
22311722,,0,0.000016,231,0.000007,0,2,2,0,2,2
16096111,,0,0,231,0.000007,0,1,1,0,1,1
30349318,,0,0,154,0.000007,0,2,2,0,2,2
11109172,,0,0,154,0.000016,2,0,2,2,0,2
22754236,,0,0,154,0.000007,0,1,1,0,1,1
11110602,,0.000029,0,24,0.000044,7,0,7,7,0,7
24993737,,0,0.000001,24,0.000007,0,1,1,0,1,1
17690246,,0,0.000001,24,0.000007,0,1,1,0,1,1
15918904,,0,0.000001,24,0.000007,0,1,1,0,1,1
15748298,,0,0.000001,24,0.000007,0,1,1,0,1,1
15691381,,0,0.000001,24,0.000007,0,1,1,0,1,1
12540297,,0,0.000001,24,0.000007,0,1,1,0,1,1
30092754,,0,0.000006,90,0.000007,0,1,1,0,1,1
11110848,,0.000319,0,90,0.000119,24,0,24,24,0,24
28096236,,0,0.000006,90,0.000007,0,1,1,0,1,1
27413713,,0,0.000006,90,0.000007,0,1,1,0,1,1
27016037,,0,0.000065,90,0.000007,0,4,4,0,4,4
25774338,,0,0.000006,90,0.000007,0,1,1,0,1,1
24520533,,0,0.000006,90,0.000007,0,1,1,0,1,1
24127581,,0,0.000173,100,0.000007,0,5,5,0,5,5
23788916,,0,0.000006,90,0.000007,0,1,1,0,1,1
23447562,,0,0.000008,90,0.000007,0,2,2,0,2,2
22814257,,0,0.000469,24,0.000007,0,16,16,0,16,16
21122939,,0,0.00003,90,0.000007,0,2,2,0,2,2
20032195,,0,0.000006,90,0.000007,0,1,1,0,1,1
19298854,,0,0.000006,90,0.000007,0,1,1,0,1,1
15811958,,0,0.000006,90,0.000007,0,1,1,0,1,1
15270080,,0,0.000006,90,0.000007,0,1,1,0,1,1
11112219,,0.001725,0,1,0.000012,8,0,8,8,0,8
29507815,,0,0.000028,5,0.000007,0,4,4,0,4,4
11113434,,0.000024,0,5,0.000024,7,0,7,7,0,7
28970846,,0,0,5,0.000007,0,1,1,0,1,1
26992816,,0,0.000357,5,0.000007,0,5,5,0,5,5
24912611,,0,0.000035,5,0.000007,0,3,3,0,3,3
23441139,,0,0.000398,5,0.000007,0,4,4,0,4,4
29625052,,0,0.000647,205,0.000007,0,7,7,0,7,7
29587466,,0,0.000236,100,0.000007,0,1,1,0,1,1
29242514,,0,0.000236,100,0.000007,0,1,1,0,1,1
28698210,,0,0.001347,100,0.000007,0,5,5,0,5,5
28448462,,0,0.000542,1,0.000007,0,6,6,0,6,6
28255082,,0,0.001554,1,0.000007,0,2,2,0,2,2
27753536,,0,0.000898,100,0.000007,0,3,3,0,3,3
27738139,,0,0.000424,100,0.000007,0,7,7,0,7,7
27648096,,0,0.000237,2,0.000007,0,3,3,0,3,3
25083873,,0,0.000236,100,0.000007,0,1,1,0,1,1
24675793,,0,0.002658,1,0.000007,0,2,2,0,2,2
24599037,,0,0.000236,100,0.000007,0,1,1,0,1,1
23923041,,0,0.000236,100,0.000007,0,1,1,0,1,1
23639843,,0,0.000236,100,0.000007,0,1,1,0,1,1
22970243,,0,0.000411,1,0.000007,0,2,2,0,2,2
22212482,,0,0.0003,2,0.000007,0,2,2,0,2,2
22013059,,0,0.000236,100,0.000007,0,1,1,0,1,1
21777809,,0,0.000236,100,0.000007,0,1,1,0,1,1
21036674,,0,0.0003,2,0.000007,0,2,2,0,2,2
20980439,,0,0.00072,100,0.000007,0,4,4,0,4,4
18606816,,0,0.000236,100,0.000007,0,1,1,0,1,1
18478113,,0,0.000536,100,0.000007,0,3,3,0,3,3
17360434,,0,0.000693,100,0.000007,0,5,5,0,5,5
16757521,,0,0.000236,100,0.000007,0,1,1,0,1,1
16474843,,0,0.000236,100,0.000007,0,1,1,0,1,1
15681408,,0,0.000236,100,0.000007,0,1,1,0,1,1
15538388,,0,0.000236,100,0.000007,0,1,1,0,1,1
15485898,,0.00026,0.000236,57,0.000385,60,2,62,60,2,62
15314022,,0,0.001841,100,0.000007,0,6,6,0,6,6
15198978,,0,0.002355,100,0.000007,0,9,9,0,9,9
15075397,,0,0.00026,100,0.000007,0,2,2,0,2,2
12697061,,0,0.000236,100,0.000007,0,1,1,0,1,1
12271137,,0,0.000236,100,0.000007,0,1,1,0,1,1
12234250,,0,0.0005,100,0.000007,0,2,2,0,2,2
11854406,,0,0.000236,100,0.000007,0,1,1,0,1,1
11799063,,0,0.000236,100,0.000007,0,1,1,0,1,1
11691833,,0,0.000236,100,0.000007,0,1,1,0,1,1
11535615,,0,0.000236,100,0.000007,0,1,1,0,1,1
11481475,,0,0.000236,100,0.000007,0,1,1,0,1,1
25792784,,0,0,5,0.000007,0,1,1,0,1,1
11115532,,0.00001,0,5,0.000015,2,0,2,2,0,2
30153845,,0,0.000007,66,0.000007,0,1,1,0,1,1
11117786,,0.000376,0,66,0.000094,20,0,20,20,0,20
29413653,,0,0.00004,66,0.000007,0,2,2,0,2,2
29263698,,0,0.000007,66,0.000007,0,1,1,0,1,1
28693516,,0,0.000007,66,0.000007,0,1,1,0,1,1
28612228,,0,0.000007,66,0.000007,0,1,1,0,1,1
27407713,,0,0.000007,66,0.000007,0,1,1,0,1,1
26041550,,0,0.000007,66,0.000007,0,1,1,0,1,1
25682191,,0,0.000007,66,0.000007,0,1,1,0,1,1
23091544,,0,0.000007,66,0.000007,0,1,1,0,1,1
22354696,,0,0.00001,66,0.000007,0,2,2,0,2,2
21326816,,0,0.000007,66,0.000007,0,1,1,0,1,1
21282721,,0,0.000361,66,0.000007,0,2,2,0,2,2
19701073,,0,0.000007,66,0.000007,0,1,1,0,1,1
17375183,,0,0.000007,66,0.000007,0,1,1,0,1,1
12169679,,0,0.00001,66,0.000007,0,2,2,0,2,2
28415599,,0.000375,0.003609,205,0.000015,4,16,20,4,16,20
11118465,,0.002789,0,35,0.000051,20,0,20,20,0,20
23828241,,0,0.000064,35,0.000007,0,2,2,0,2,2
22232737,,0,0.000387,35,0.000007,0,3,3,0,3,3
19429480,,0,0.001897,140,0.000007,0,16,16,0,16,16
19298520,,0,0.000273,35,0.000007,0,3,3,0,3,3
17764562,,0,0.001507,35,0.000007,0,4,4,0,4,4
17092354,,0,0.000262,35,0.000007,0,2,2,0,2,2
14680481,,0,0.000053,35,0.000007,0,1,1,0,1,1
30250564,,0,0.001757,35,0.000007,0,11,11,0,11,11
11118466,,0.006806,0,1,0.000042,39,0,39,39,0,39
28331702,,0,0.00267,5,0.000007,0,21,21,0,21,21
26819640,,0,0.004418,35,0.000007,0,6,6,0,6,6
25293656,,0,0.002082,1,0.000007,0,8,8,0,8,8
19636020,,0,0.000475,1,0.000007,0,4,4,0,4,4
29094250,,0,0.000002,151,0.000007,0,2,2,0,2,2
11121624,,0.000122,0,151,0.000171,35,0,35,35,0,35
27795722,,0,0.000002,151,0.000007,0,1,1,0,1,1
27777879,,0,0.000002,151,0.000007,0,1,1,0,1,1
27648567,,0,0.000059,151,0.000007,0,2,2,0,2,2
27601142,,0,0.000002,151,0.000007,0,1,1,0,1,1
27494111,,0,0.000002,151,0.000007,0,2,2,0,2,2
27158571,,0,0.000002,151,0.000007,0,1,1,0,1,1
26962366,,0,0.000002,151,0.000007,0,1,1,0,1,1
26931319,,0,0.000002,151,0.000007,0,2,2,0,2,2
26752928,,0,0.000002,151,0.000007,0,1,1,0,1,1
26600763,,0,0.000002,151,0.000007,0,2,2,0,2,2
25861031,,0,0.000002,151,0.000007,0,1,1,0,1,1
25821331,,0,0.000002,151,0.000007,0,1,1,0,1,1
25143050,,0,0.000002,151,0.000007,0,1,1,0,1,1
25098247,,0,0.000246,151,0.000007,0,2,2,0,2,2
25009747,,0,0.000375,151,0.000007,0,2,2,0,2,2
24473943,,0,0.000002,151,0.000007,0,1,1,0,1,1
23995875,,0,0.000002,151,0.000007,0,1,1,0,1,1
23304530,,0,0.000002,151,0.000007,0,2,2,0,2,2
22996169,,0,0.000002,151,0.000007,0,1,1,0,1,1
22547340,,0,0.000002,151,0.000007,0,1,1,0,1,1
22466664,,0,0.000002,151,0.000007,0,1,1,0,1,1
22295220,,0,0.000002,151,0.000007,0,1,1,0,1,1
22031800,,0,0.000015,151,0.000007,0,3,3,0,3,3
21695097,,0,0.000007,151,0.000007,0,2,2,0,2,2
21209588,,0,0.000002,151,0.000007,0,1,1,0,1,1
20700648,,0,0.000002,151,0.000007,0,1,1,0,1,1
20697089,,0,0.000072,5,0.000007,0,3,3,0,3,3
19349544,,0,0.000002,151,0.000007,0,2,2,0,2,2
18963542,,0,0.000002,151,0.000007,0,1,1,0,1,1
18844974,,0,0.000002,151,0.000007,0,1,1,0,1,1
17876326,,0,0.000002,151,0.000007,0,1,1,0,1,1
15075650,,0,0.000002,151,0.000007,0,1,1,0,1,1
29061935,,0,0.000002,35,0.000007,0,2,2,0,2,2
26261303,,0,0.000033,69,0.000007,0,1,1,0,1,1
11123866,,0.001721,0,69,0.00004,7,0,7,7,0,7
25904967,,0,0.000033,69,0.000007,0,1,1,0,1,1
22163003,,0,0.007534,69,0.000007,0,7,7,0,7,7
22042787,,0,0.000033,69,0.000007,0,1,1,0,1,1
30396341,,0,0.000001,69,0.000007,0,1,1,0,1,1
11125943,,0.00003,0,69,0.000026,5,0,5,5,0,5
27683350,,0,0.000001,69,0.000007,0,1,1,0,1,1
17655680,,0,0.00001,69,0.000007,0,2,2,0,2,2
11126365,,0.000533,0,100,0.00001,4,0,4,4,0,4
26545921,,0,0,89,0.000007,0,1,1,0,1,1
25446961,,0,0,89,0.000007,0,1,1,0,1,1
24906912,,0,0,89,0.000007,0,1,1,0,1,1
24412419,,0,0,89,0.000007,0,1,1,0,1,1
24336751,,0,0,89,0.000007,0,1,1,0,1,1
23990608,,0,0,89,0.000007,0,1,1,0,1,1
17417609,,0,0,89,0.000007,0,1,1,0,1,1
15994875,,0,0,89,0.000007,0,1,1,0,1,1
11532206,,0,0,89,0.000007,0,1,1,0,1,1
11404347,,0,0,89,0.000007,0,1,1,0,1,1
19359497,,0,0.000001,89,0.000007,0,1,1,0,1,1
11129340,,0.000074,0,89,0.000015,3,0,3,3,0,3
11130383,,0.010029,0,5,0.000191,69,0,69,69,0,69
29857526,,0,0.000377,5,0.000007,0,7,7,0,7,7
28649660,,0,0.000635,5,0.000007,0,7,7,0,7,7
27400983,,0,0.000227,5,0.000007,0,3,3,0,3,3
27375968,,0.000101,0.009171,5,0.000009,4,32,36,4,32,36
26484312,,0.000741,0.008184,205,0.000029,20,33,53,20,33,53
25879521,,0.000073,0.000439,5,0.000033,7,3,10,7,3,10
20853163,,0,0.001028,5,0.000007,0,9,9,0,9,9
20620921,,0,0.000409,5,0.000007,0,2,2,0,2,2
20495088,,0,0.008066,5,0.000007,0,7,7,0,7,7
20223019,,0,0.000937,5,0.000007,0,6,6,0,6,6
20171802,,0,0.000191,5,0.000007,0,1,1,0,1,1
19602282,,0.000083,0.004633,5,0.000026,7,16,23,7,16,23
19527773,,0.000633,0.00347,35,0.00017,46,22,68,46,22,68
19075281,,0,0.001321,5,0.000007,0,4,4,0,4,4
17332541,,0,0.000928,5,0.000007,0,6,6,0,6,6
12454761,,0,0.000409,5,0.000007,0,2,2,0,2,2
28813639,,0,0.009821,24,0.000007,0,9,9,0,9,9
28031937,,0,0.000834,231,0.000007,0,8,8,0,8,8
26328243,,0.000585,0.003744,35,0.000009,8,26,34,8,26,34
24385403,,0,0.005196,231,0.000007,0,2,2,0,2,2
20039063,,0,0.002035,231,0.000007,0,3,3,0,3,3
19124506,,0,0.009102,35,0.000007,0,7,7,0,7,7
16945138,,0,0.000025,231,0.000007,0,1,1,0,1,1
16423305,,0,0.000025,231,0.000007,0,1,1,0,1,1
30139383,,0,0.000162,72,0.000007,0,4,4,0,4,4
29921315,,0,0.005375,72,0.000007,0,8,8,0,8,8
29298879,,0,0.002869,1,0.000007,0,16,16,0,16,16
28143562,,0,0.000123,279,0.000007,0,1,1,0,1,1
27302061,,0,0.000152,35,0.000007,0,3,3,0,3,3
26610810,,0.000058,0.005763,1,0.000011,3,19,22,3,19,22
25512197,,0,0.001044,72,0.000007,0,7,7,0,7,7
25048467,,0.001511,0.01719,1,0.000018,8,17,25,8,17,25
24827908,,0,0.002753,279,0.000007,0,3,3,0,3,3
24409060,,0,0.000123,279,0.000007,0,1,1,0,1,1
24348864,,0.00113,0.019365,35,0.000018,7,24,31,7,24,31
23457527,,0,0.000123,279,0.000007,0,1,1,0,1,1
23342267,,0,0.000221,279,0.000007,0,3,3,0,3,3
22193050,,0,0.00019,279,0.000007,0,3,3,0,3,3
22069192,,0,0.000135,279,0.000007,0,2,2,0,2,2
21293053,,0,0.000992,279,0.000007,0,4,4,0,4,4
21098398,,0,0.000209,279,0.000007,0,2,2,0,2,2
20070914,,0,0.000123,279,0.000007,0,1,1,0,1,1
19828070,,0,0.000123,279,0.000007,0,1,1,0,1,1
19795511,,0,0.000123,279,0.000007,0,1,1,0,1,1
19500415,,0,0.000221,279,0.000007,0,3,3,0,3,3
18687774,,0,0.000135,279,0.000007,0,2,2,0,2,2
18513385,,0,0.001015,279,0.000007,0,5,5,0,5,5
18388915,,0,0.000123,279,0.000007,0,1,1,0,1,1
18053134,,0,0.000123,279,0.000007,0,1,1,0,1,1
16787528,,0,0.000123,279,0.000007,0,1,1,0,1,1
15542635,,0,0.000123,279,0.000007,0,1,1,0,1,1
15304545,,0,0.000123,279,0.000007,0,1,1,0,1,1
12719525,,0,0.000123,279,0.000007,0,1,1,0,1,1
12663543,,0,0.000123,279,0.000007,0,1,1,0,1,1
12177303,,0,0.000123,279,0.000007,0,1,1,0,1,1
11964387,,0,0.000123,279,0.000007,0,1,1,0,1,1
11827948,,0,0.000123,279,0.000007,0,1,1,0,1,1
11713272,,0,0.000123,279,0.000007,0,1,1,0,1,1
11574696,,0,0.000123,279,0.000007,0,1,1,0,1,1
11139249,,0.000279,0,35,0.000009,2,0,2,2,0,2
11139251,,0.000499,0,89,0.000016,9,0,9,9,0,9
11139324,,0.00084,0,231,0.000022,10,0,10,10,0,10
23056620,,0,0.000022,35,0.000007,0,2,2,0,2,2
15987455,,0.000347,0.000797,231,0.000026,7,8,15,7,8,15
25234227,,0,0.000001,52,0.000007,0,1,1,0,1,1
11139339,,0.000027,0,52,0.000052,9,0,9,9,0,9
25199839,,0,0.000001,52,0.000007,0,1,1,0,1,1
20713695,,0,0.000001,52,0.000007,0,1,1,0,1,1
20529377,,0,0.000001,52,0.000007,0,1,1,0,1,1
15684389,,0,0.000001,52,0.000007,0,1,1,0,1,1
14665452,,0,0.000001,52,0.000007,0,1,1,0,1,1
12569107,,0,0.000001,52,0.000007,0,1,1,0,1,1
11142757,,0.000124,0,5,0.00001,6,0,6,6,0,6
11142766,,0.00026,0,89,0.000021,7,0,7,7,0,7
29472715,,0,0,72,0.000007,0,1,1,0,1,1
11146438,,0.000001,0,72,0.000034,5,0,5,5,0,5
29117863,,0,0.000038,72,0.000007,0,2,2,0,2,2
25320618,,0,0,72,0.000007,0,1,1,0,1,1
22452784,,0,0,72,0.000007,0,1,1,0,1,1
17689132,,0,0,72,0.000007,0,1,1,0,1,1
29963966,,0,0.000002,111,0.000007,0,1,1,0,1,1
11147808,,0.000085,0,111,0.000262,56,0,56,56,0,56
29084256,,0,0.000002,111,0.000007,0,1,1,0,1,1
27617704,,0,0.000002,111,0.000007,0,1,1,0,1,1
27486753,,0,0.000002,111,0.000007,0,1,1,0,1,1
27127533,,0,0.000002,111,0.000007,0,1,1,0,1,1
26899600,,0,0.000289,111,0.000007,0,2,2,0,2,2
26418130,,0,0.000002,111,0.000007,0,1,1,0,1,1
25774356,,0,0.000002,111,0.000007,0,1,1,0,1,1
25749195,,0,0.000007,111,0.000007,0,3,3,0,3,3
25009291,,0,0.000002,111,0.000007,0,1,1,0,1,1
24876151,,0,0.000002,111,0.000007,0,1,1,0,1,1
24752179,,0,0.000002,111,0.000007,0,1,1,0,1,1
23533663,,0,0.000002,111,0.000007,0,1,1,0,1,1
23493350,,0,0.000002,111,0.000007,0,1,1,0,1,1
23480510,,0,0.000002,111,0.000007,0,1,1,0,1,1
23349767,,0,0.000002,111,0.000007,0,1,1,0,1,1
23229642,,0,0.000002,111,0.000007,0,1,1,0,1,1
22952240,,0,0.000002,111,0.000007,0,1,1,0,1,1
21811517,,0,0.000012,111,0.000007,0,2,2,0,2,2
21478905,,0,0.000002,111,0.000007,0,1,1,0,1,1
21118156,,0,0.000002,111,0.000007,0,1,1,0,1,1
20942669,,0,0.000375,111,0.000007,0,2,2,0,2,2
20829358,,0,0.000004,111,0.000007,0,2,2,0,2,2
20660729,,0,0.000002,111,0.000007,0,1,1,0,1,1
20460533,,0,0.000004,111,0.000007,0,3,3,0,3,3
20179200,,0,0.000002,111,0.000007,0,1,1,0,1,1
19789351,,0,0.000002,111,0.000007,0,1,1,0,1,1
19784067,,0,0.000002,111,0.000007,0,1,1,0,1,1
19766970,,0,0.000002,111,0.000007,0,1,1,0,1,1
18710953,,0,0.000002,111,0.000007,0,1,1,0,1,1
18559499,,0,0.000002,111,0.000007,0,1,1,0,1,1
18508185,,0,0.000002,111,0.000007,0,1,1,0,1,1
18238828,,0,0.000004,111,0.000007,0,3,3,0,3,3
18191465,,0,0.000002,111,0.000007,0,1,1,0,1,1
17925491,,0,0.000002,111,0.000007,0,1,1,0,1,1
16919237,,0,0.000002,111,0.000007,0,1,1,0,1,1
16199878,,0,0.000041,111,0.000007,0,3,3,0,3,3
15743818,,0,0.000002,111,0.000007,0,1,1,0,1,1
15060156,,0,0.000002,111,0.000007,0,1,1,0,1,1
14657023,,0,0.000004,111,0.000007,0,2,2,0,2,2
14559996,,0,0.000002,111,0.000007,0,1,1,0,1,1
12192045,,0,0.000002,111,0.000007,0,1,1,0,1,1
11896621,,0,0.000002,111,0.000007,0,1,1,0,1,1
11149425,,0.001713,0,89,0.000014,15,0,15,15,0,15
25493573,,0,0,53,0.000007,0,1,1,0,1,1
11156380,,0,0,53,0.000061,9,0,9,9,0,9
25225888,,0,0,53,0.000007,0,1,1,0,1,1
22977637,,0,0,53,0.000007,0,1,1,0,1,1
20663177,,0,0,53,0.000007,0,1,1,0,1,1
18854828,,0,0,53,0.000007,0,1,1,0,1,1
16425401,,0,0,53,0.000007,0,1,1,0,1,1
16280036,,0,0,53,0.000007,0,1,1,0,1,1
15987423,,0,0,53,0.000007,0,1,1,0,1,1
15743503,,0,0,53,0.000007,0,1,1,0,1,1
30256860,,0,0.000009,140,0.000007,0,2,2,0,2,2
11156388,,0.000291,0,100,0.00002,6,0,6,6,0,6
28786985,,0,0.000565,100,0.000007,0,18,18,0,18,18
24349422,,0.000117,0.000289,100,0.000064,11,14,25,11,14,25
18173842,,0,0.000018,100,0.000007,0,2,2,0,2,2
11156529,,0.001375,0,89,0.000026,14,0,14,14,0,14
26258011,,0,0.000108,90,0.000007,0,5,5,0,5,5
22400017,,0,0.000503,24,0.000007,0,6,6,0,6,6
21895510,,0,0.000026,89,0.000007,0,1,1,0,1,1
17351056,,0,0.00005,89,0.000007,0,2,2,0,2,2
16217032,,0,0.000266,100,0.000007,0,4,4,0,4,4
11156531,,0.002508,0,100,0.000065,21,0,21,21,0,21
28454214,,0,0.025159,1,0.000007,0,13,13,0,13,13
28140789,,0,0.000269,35,0.000007,0,4,4,0,4,4
27625703,,0,0.00014,100,0.000007,0,2,2,0,2,2
27297111,,0,0.000442,57,0.000007,0,2,2,0,2,2
24382094,,0,0.000216,100,0.000007,0,3,3,0,3,3
18079180,,0,0.000048,100,0.000007,0,1,1,0,1,1
11447127,,0,0.000048,100,0.000007,0,1,1,0,1,1
29577646,,0,0,35,0.000007,0,1,1,0,1,1
11159737,,0.000004,0,35,0.000014,2,0,2,2,0,2
11161856,,0.003365,0,69,0.000034,27,0,27,27,0,27
28913049,,0,0.000195,69,0.000007,0,2,2,0,2,2
24696653,,0,0.000064,69,0.000007,0,2,2,0,2,2
24567435,,0.009011,0.002339,5,0.000075,82,17,99,82,17,99
24366882,,0,0.009655,69,0.000007,0,11,11,0,11,11
24172097,,0.002196,0.002066,69,0.000014,15,18,33,15,18,33
20228782,,0,0.000904,69,0.000007,0,5,5,0,5,5
18757330,,0,0.002732,69,0.000007,0,16,16,0,16,16
11162473,,0.002022,0,90,0.000083,24,0,24,24,0,24
25988147,,0,0.000132,248,0.000007,0,7,7,0,7,7
24179441,,0,0.000039,90,0.000007,0,2,2,0,2,2
22969875,,0,0.000039,90,0.000007,0,1,1,0,1,1
19830129,,0,0.000123,90,0.000007,0,2,2,0,2,2
19780515,,0,0.00004,90,0.000007,0,4,4,0,4,4
19516963,,0,0.000522,140,0.000007,0,7,7,0,7,7
19486693,,0.000014,0.000039,90,0.000065,11,2,13,11,2,13
12716459,,0,0.000039,90,0.000007,0,1,1,0,1,1
29568923,,0,0.000006,66,0.000007,0,1,1,0,1,1
11163768,,0.00031,0,66,0.000139,20,0,20,20,0,20
26039571,,0,0.000006,66,0.000007,0,1,1,0,1,1
24928374,,0,0.000041,231,0.000007,0,2,2,0,2,2
24658061,,0,0.000006,66,0.000007,0,1,1,0,1,1
24098947,,0,0.000006,66,0.000007,0,1,1,0,1,1
22323454,,0,0.000006,66,0.000007,0,1,1,0,1,1
19147767,,0,0.000006,66,0.000007,0,1,1,0,1,1
18161917,,0,0.000006,66,0.000007,0,1,1,0,1,1
17603634,,0,0.000092,66,0.000007,0,3,3,0,3,3
17357254,,0,0.000008,66,0.000007,0,2,2,0,2,2
17324269,,0,0.000006,66,0.000007,0,1,1,0,1,1
15578097,,0,0.000006,66,0.000007,0,1,1,0,1,1
11710966,,0,0.000006,66,0.000007,0,1,1,0,1,1
11164320,,0.000805,0,5,0.000035,27,0,27,27,0,27
26848859,,0,0.002126,5,0.000007,0,22,22,0,22,22
25059276,,0,0.000082,5,0.000007,0,4,4,0,4,4
24845866,,0,0.000128,5,0.000007,0,5,5,0,5,5
23825307,,0.000114,0.000178,5,0.000015,7,14,21,7,14,21
23795707,,0.000045,0.00027,5,0.00002,4,18,22,4,18,22
23065030,,0.000072,0.00034,5,0.000024,7,8,15,7,8,15
22569765,,0,0.000042,5,0.000007,0,2,2,0,2,2
22257650,,0,0.001576,5,0.000007,0,19,19,0,19,19
22085394,,0.000687,0.001288,5,0.000017,9,13,22,9,13,22
20878219,,0,0.000038,5,0.000007,0,2,2,0,2,2
20144329,,0,0.00013,5,0.000007,0,11,11,0,11,11
19609726,,0.000281,0.002079,5,0.000013,9,16,25,9,16,25
19277853,,0,0.000058,5,0.000007,0,3,3,0,3,3
18288593,,0,0.000098,5,0.000007,0,11,11,0,11,11
16371501,,0,0.000113,5,0.000007,0,7,7,0,7,7
30139816,,0,0.00001,205,0.000007,0,2,2,0,2,2
11169568,,0.000074,0,205,0.000013,4,0,4,4,0,4
29504908,,0,0.001546,205,0.000007,0,7,7,0,7,7
28187001,,0,0.000168,205,0.000007,0,6,6,0,6,6
11170347,,0.001861,0,140,0.000047,14,0,14,14,0,14
30250272,,0,0.003637,100,0.000007,0,13,13,0,13,13
22396661,,0,0.000052,140,0.000043,6,2,8,6,2,8
20009010,,0,0.000035,140,0.000007,0,1,1,0,1,1
16007257,,0,0.000052,140,0.000007,0,2,2,0,2,2
29493262,,0,0,41,0.000007,0,1,1,0,1,1
11173152,,0.000018,0,41,0.000038,8,0,8,8,0,8
22639888,,0,0,41,0.000007,0,1,1,0,1,1
22588325,,0,0.000315,5,0.000007,0,3,3,0,3,3
20842115,,0,0,41,0.000007,0,1,1,0,1,1
16222315,,0,0,41,0.000007,0,1,1,0,1,1
15774615,,0,0,54,0.000007,0,1,1,0,1,1
11173562,,0,0,54,0.000013,1,0,1,1,0,1
26622516,,0,0,57,0.000007,0,1,1,0,1,1
11173637,,0,0,57,0.00004,6,0,6,6,0,6
26349415,,0,0,57,0.000007,0,1,1,0,1,1
23036272,,0,0,57,0.000007,0,1,1,0,1,1
22685381,,0,0.000015,57,0.000007,0,2,2,0,2,2
19445706,,0,0,57,0.000007,0,1,1,0,1,1
18563507,,0,0,57,0.000007,0,1,1,0,1,1
11175350,,0.000406,0,100,0.000018,6,0,6,6,0,6
27051171,,0,0,82,0.000007,0,1,1,0,1,1
11175491,,0.000017,0,82,0.000019,4,0,4,4,0,4
24641873,,0,0.000012,82,0.000007,0,2,2,0,2,2
28467801,,0,0.000002,57,0.000007,0,2,2,0,2,2
11178982,,0.000121,0,57,0.000062,15,0,15,15,0,15
24780560,,0,0.002092,100,0.000007,0,9,9,0,9,9
24623251,,0,0.000006,57,0.000007,0,2,2,0,2,2
21993421,,0,0.00054,57,0.000007,0,3,3,0,3,3
21609958,,0,0.000002,57,0.000007,0,1,1,0,1,1
19671661,,0,0.000002,57,0.000007,0,1,1,0,1,1
17984114,,0,0.000002,57,0.000007,0,1,1,0,1,1
16855294,,0,0.000002,57,0.000007,0,1,1,0,1,1
15767282,,0,0.000159,57,0.000007,0,2,2,0,2,2
15502233,,0,0.000002,57,0.000007,0,1,1,0,1,1
11904424,,0,0.000002,57,0.000007,0,1,1,0,1,1
29997716,,0,0.00271,1,0.000007,0,6,6,0,6,6
29977351,,0,0.032505,1,0.000007,0,29,29,0,29,29
29721474,,0,0.001594,89,0.000007,0,12,12,0,12,12
29662617,,0,0.004358,184,0.000013,1,17,18,1,17,18
29506471,,0.000281,0.009904,1,0.000008,2,22,24,2,22,24
29081841,,0,0.029525,1,0.00001,1,19,20,1,19,20
28639753,,0,0.004694,69,0.000007,0,20,20,0,20,20
28250960,,0.002143,0.033573,1,0.000008,5,41,46,5,41,46
27755534,,0,0.003884,1,0.000007,0,9,9,0,9,9
27634150,,0.002444,0.044017,1,0.000033,12,33,45,12,33,45
27102249,,0,0.001743,1,0.000007,0,6,6,0,6,6
27004793,,0.001077,0.005429,1,0.000007,2,12,14,2,12,14
26641009,,0.000189,0.001375,205,0.000062,19,8,27,19,8,27
24887442,,0,0.004265,1,0.000007,0,18,18,0,18,18
24603706,,0,0.008249,69,0.000007,0,3,3,0,3,3
24592941,,0,0.001714,1,0.000007,0,7,7,0,7,7
24382715,,0,0.000921,1,0.000007,0,2,2,0,2,2
24071869,,0,0.003632,1,0.000007,0,6,6,0,6,6
24052749,,0,0.00517,231,0.000007,0,23,23,0,23,23
23873849,,0.000531,0.001193,35,0.000062,15,4,19,15,4,19
23800680,,0,0.000713,1,0.000007,0,1,1,0,1,1
23748177,,0.000142,0.00212,1,0.000012,2,9,11,2,9,11
23155266,,0,0.001596,1,0.000007,0,6,6,0,6,6
23071447,,0,0.00197,1,0.000007,0,3,3,0,3,3
23039163,,0.000091,0.005978,5,0.000019,3,10,13,3,10,13
21945552,,0.004589,0.004264,1,0.00001,9,9,18,9,9,18
21118967,,0,0.00081,69,0.000007,0,2,2,0,2,2
19935797,,0,0.002902,100,0.000009,1,15,16,1,15,16
19500386,,0,0.000758,231,0.000007,0,2,2,0,2,2
18684498,,0.001692,0.013488,1,0.000024,21,12,33,21,12,33
18581287,,0,0.000713,1,0.000007,0,1,1,0,1,1
18294373,,0,0.000715,5,0.000007,0,2,2,0,2,2
17139290,,0,0.000713,1,0.000007,0,1,1,0,1,1
15175180,,0,0.000713,1,0.000007,0,1,1,0,1,1
29304346,,0,0.000011,35,0.000007,0,2,2,0,2,2
11179671,,0,0,35,0.000018,3,0,3,3,0,3
12034829,,0,0,35,0.000007,0,1,1,0,1,1
16704787,,0,0,55,0.000007,0,1,1,0,1,1
11179768,,0,0,55,0.000025,3,0,3,3,0,3
11826184,,0,0,55,0.000007,0,1,1,0,1,1
11736886,,0,0,55,0.000007,0,1,1,0,1,1
11180447,,0.000221,0,89,0.00001,3,0,3,3,0,3
11180449,,0.000641,0,89,0.00001,3,0,3,3,0,3
11180585,,0.000412,0,5,0.000018,7,0,7,7,0,7
23155138,,0,0.000008,5,0.000007,0,1,1,0,1,1
26682141,,0,0.000003,231,0.000007,0,1,1,0,1,1
11181458,,0.000153,0,231,0.000015,2,0,2,2,0,2
11181654,,0.001697,0,5,0.000071,34,0,34,34,0,34
27097237,,0,0.000836,5,0.000007,0,13,13,0,13,13
25564039,,0,0.000033,5,0.000007,0,2,2,0,2,2
25485774,,0,0.000032,5,0.000007,0,1,1,0,1,1
23778413,,0,0.000166,5,0.000007,0,2,2,0,2,2
22664934,,0,0.000032,5,0.000007,0,1,1,0,1,1
20956813,,0,0.000062,5,0.000007,0,2,2,0,2,2
20443067,,0,0.00144,5,0.000007,0,3,3,0,3,3
20032143,,0,0.000899,5,0.000007,0,9,9,0,9,9
19632865,,0,0.000979,5,0.000007,0,11,11,0,11,11
19623293,,0,0.000368,231,0.000007,0,4,4,0,4,4
16390511,,0,0.000032,5,0.000007,0,1,1,0,1,1
11183185,,0.000078,0,231,0.000011,2,0,2,2,0,2
27424142,,0,0.000009,100,0.000007,0,1,1,0,1,1
26396976,,0,0.000009,100,0.000007,0,1,1,0,1,1
24664296,,0,0.000009,100,0.000007,0,1,1,0,1,1
23732482,,0,0.000009,100,0.000007,0,1,1,0,1,1
22889612,,0,0.000009,100,0.000007,0,1,1,0,1,1
21714911,,0,0.000009,100,0.000007,0,1,1,0,1,1
17678638,,0,0.000013,279,0.000007,0,2,2,0,2,2
17042939,,0,0.000048,41,0.000007,0,2,2,0,2,2
11191790,,0.000021,0,89,0.000009,1,0,1,1,0,1
11192759,,0.000031,0,89,0.000015,2,0,2,2,0,2
29856131,,0,0.000873,1,0.000007,0,11,11,0,11,11
11196174,,0.00404,0,100,0.000125,29,0,29,29,0,29
29042561,,0,0.000549,100,0.000007,0,4,4,0,4,4
26004083,,0.004559,0.011155,1,0.000033,19,15,34,19,15,34
23449640,,0,0.000077,100,0.000007,0,1,1,0,1,1
22231448,,0,0.000077,100,0.000007,0,1,1,0,1,1
21701264,,0.002221,0.002086,100,0.000165,38,6,44,38,6,44
21324906,,0,0.000156,100,0.000007,0,2,2,0,2,2
16332963,,0,0.000077,100,0.000007,0,1,1,0,1,1
15545651,,0,0.000077,100,0.000007,0,1,1,0,1,1
15314205,,0,0.000077,100,0.000007,0,1,1,0,1,1
12378618,,0,0.000077,100,0.000007,0,1,1,0,1,1
11953863,,0,0.000077,100,0.000007,0,1,1,0,1,1
28418844,,0,0.000241,1,0.000007,0,3,3,0,3,3
11196187,,0.001029,0,57,0.000099,17,0,17,17,0,17
27900016,,0,0.00002,57,0.000007,0,1,1,0,1,1
25310185,,0,0.00002,57,0.000007,0,1,1,0,1,1
25032071,,0,0.00002,57,0.000007,0,1,1,0,1,1
24764661,,0,0.00002,57,0.000007,0,1,1,0,1,1
24324828,,0,0.000412,57,0.000007,0,2,2,0,2,2
23028900,,0,0.00002,57,0.000007,0,1,1,0,1,1
21160823,,0,0.00002,57,0.000007,0,1,1,0,1,1
18941461,,0,0.00002,57,0.000007,0,1,1,0,1,1
14507650,,0,0.00002,57,0.000007,0,1,1,0,1,1
12612089,,0,0.00002,57,0.000007,0,1,1,0,1,1
11850399,,0,0.000414,57,0.000007,0,2,2,0,2,2
30083818,,0,0.000012,69,0.000007,0,1,1,0,1,1
11198956,,0.000629,0,69,0.000167,33,0,33,33,0,33
30009406,,0,0.000367,69,0.000007,0,3,3,0,3,3
28977852,,0,0.008512,69,0.000007,0,7,7,0,7,7
28546799,,0,0.000012,69,0.000007,0,1,1,0,1,1
27833472,,0,0.000012,69,0.000007,0,1,1,0,1,1
27751894,,0,0.000012,69,0.000007,0,1,1,0,1,1
27073511,,0,0.000025,69,0.000007,0,2,2,0,2,2
27051296,,0,0.007518,69,0.000007,0,3,3,0,3,3
26316779,,0,0.000012,69,0.000007,0,1,1,0,1,1
26122176,,0,0.000012,69,0.000007,0,1,1,0,1,1
25297608,,0,0.000012,69,0.000007,0,1,1,0,1,1
24761768,,0,0.000012,69,0.000007,0,1,1,0,1,1
23158473,,0,0.000012,69,0.000007,0,1,1,0,1,1
23153223,,0,0.000012,69,0.000007,0,1,1,0,1,1
22966225,,0,0.000012,168,0.000007,0,2,2,0,2,2
22957308,,0,0.000012,69,0.000007,0,1,1,0,1,1
22768205,,0,0.000211,69,0.000007,0,4,4,0,4,4
22430613,,0,0.000012,69,0.000007,0,1,1,0,1,1
22206047,,0,0.000012,69,0.000007,0,1,1,0,1,1
22022379,,0,0.000012,69,0.000007,0,1,1,0,1,1
21961001,,0,0.000012,69,0.000007,0,1,1,0,1,1
21619709,,0,0.000012,69,0.000007,0,1,1,0,1,1
20509930,,0,0.000012,69,0.000007,0,1,1,0,1,1
19879639,,0,0.000022,69,0.000007,0,2,2,0,2,2
19641174,,0,0.000012,69,0.000007,0,1,1,0,1,1
19471578,,0,0.000012,69,0.000007,0,1,1,0,1,1
19058181,,0,0.000012,69,0.000007,0,1,1,0,1,1
17136319,,0,0.000012,69,0.000007,0,1,1,0,1,1
16951177,,0,0.000012,69,0.000007,0,1,1,0,1,1
16842383,,0,0.000012,69,0.000007,0,1,1,0,1,1
16042673,,0,0.000012,69,0.000007,0,1,1,0,1,1
11200774,,0.000004,0,66,0.000032,8,0,8,8,0,8
23169290,,0,0,66,0.000007,0,1,1,0,1,1
20179213,,0,0,66,0.000007,0,2,2,0,2,2
19282844,,0,0,66,0.000007,0,2,2,0,2,2
17688504,,0,0,66,0.000007,0,2,2,0,2,2
12771912,,0,0,66,0.000007,0,1,1,0,1,1
25332972,,0,0,56,0.000007,0,1,1,0,1,1
11205230,,0,0,56,0.000025,3,0,3,3,0,3
25177720,,0,0,56,0.000007,0,1,1,0,1,1
22429913,,0,0,56,0.000007,0,1,1,0,1,1
11207040,,0.000075,0,205,0.000011,1,0,1,1,0,1
21504866,,0,0.000009,89,0.000007,0,2,2,0,2,2
11207349,,0.023132,0,35,0.002599,268,0,268,268,0,268
29643987,,0,0.000441,35,0.000007,0,1,1,0,1,1
29588416,,0,0.000441,35,0.000007,0,1,1,0,1,1
29403952,,0,0.000604,35,0.000007,0,2,2,0,2,2
29341157,,0,0.00666,35,0.000007,0,8,8,0,8,8
29093680,,0,0.000441,35,0.000007,0,1,1,0,1,1
29088275,,0,0.000441,35,0.000007,0,1,1,0,1,1
29056863,,0,0.000441,35,0.000007,0,1,1,0,1,1
28938546,,0,0.000441,35,0.000007,0,1,1,0,1,1
28851423,,0.001665,0.030653,1,0.000008,3,22,25,3,22,25
28331847,,0,0.000441,35,0.000007,0,1,1,0,1,1
28220055,,0,0.000441,35,0.000007,0,1,1,0,1,1
28181547,,0,0.000516,35,0.000007,0,4,4,0,4,4
27708239,,0.000077,0.010157,35,0.000013,3,10,13,3,10,13
27454166,,0,0.000441,35,0.000007,0,1,1,0,1,1
27398268,,0,0.000445,241,0.000007,0,2,2,0,2,2
27177292,,0,0.003611,35,0.000007,0,2,2,0,2,2
27129152,,0,0.005698,35,0.000007,0,3,3,0,3,3
26843789,,0,0.000441,35,0.000007,0,1,1,0,1,1
26538066,,0.000103,0.002185,231,0.000018,3,6,9,3,6,9
25954328,,0,0.005611,35,0.000007,0,2,2,0,2,2
25937946,,0,0.000441,35,0.000007,0,1,1,0,1,1
25937940,,0,0.000441,35,0.000007,0,1,1,0,1,1
25923423,,0,0.003679,48,0.000007,0,4,4,0,4,4
25910040,,0,0.000441,35,0.000007,0,1,1,0,1,1
25893005,,0,0.000441,35,0.000007,0,1,1,0,1,1
25881604,,0,0.000441,35,0.000007,0,1,1,0,1,1
25866553,,0,0.000441,35,0.000007,0,1,1,0,1,1
25722745,,0,0.008836,35,0.000007,0,4,4,0,4,4
25717394,,0,0.005611,35,0.000007,0,2,2,0,2,2
25664052,,0,0.000441,35,0.000007,0,1,1,0,1,1
25140319,,0,0.000441,35,0.000007,0,2,2,0,2,2
25000943,,0,0.000441,35,0.000007,0,1,1,0,1,1
24648925,,0,0.000441,35,0.000007,0,1,1,0,1,1
24235132,,0,0.000441,35,0.000007,0,1,1,0,1,1
24098497,,0,0.008781,35,0.000007,0,3,3,0,3,3
24086418,,0,0.003809,35,0.000007,0,5,5,0,5,5
24040155,,0,0.000441,35,0.000007,0,1,1,0,1,1
23762267,,0,0.000441,35,0.000007,0,1,1,0,1,1
23745148,,0,0.000441,35,0.000007,0,1,1,0,1,1
23602905,,0,0.000441,35,0.000007,0,1,1,0,1,1
23565194,,0,0.008899,35,0.000007,0,5,5,0,5,5
23467771,,0,0.000441,35,0.000007,0,1,1,0,1,1
23299436,,0,0.000442,35,0.000007,0,2,2,0,2,2
23281681,,0,0.005679,35,0.000007,0,3,3,0,3,3
23199086,,0,0.008826,35,0.000007,0,4,4,0,4,4
23064520,,0,0.005611,35,0.000007,0,2,2,0,2,2
22779051,,0,0.005611,35,0.000007,0,2,2,0,2,2
22720696,,0,0.000441,35,0.000007,0,1,1,0,1,1
22709790,,0,0.005611,35,0.000007,0,2,2,0,2,2
22701724,,0,0.000528,35,0.000007,0,5,5,0,5,5
22608084,,0.019481,0.007476,69,0.002378,489,4,493,489,4,493
22494847,,0,0.000483,279,0.000007,0,4,4,0,4,4
22392042,,0,0.004276,35,0.000007,0,6,6,0,6,6
22306912,,0,0.000441,35,0.000007,0,1,1,0,1,1
22240105,,0,0.006091,35,0.000007,0,5,5,0,5,5
22132775,,0,0.000441,35,0.000007,0,1,1,0,1,1
22032731,,0.005589,0.019156,1,0.000037,21,22,43,21,22,43
21958427,,0,0.013938,1,0.000007,0,13,13,0,13,13
21853537,,0,0.000441,35,0.000007,0,1,1,0,1,1
21849016,,0,0.000451,35,0.000007,0,2,2,0,2,2
21798039,,0,0.005611,35,0.000007,0,2,2,0,2,2
21532837,,0,0.003844,35,0.000007,0,8,8,0,8,8
21347333,,0,0.000441,35,0.000007,0,1,1,0,1,1
21209966,,0,0.000441,35,0.000007,0,1,1,0,1,1
21189224,,0,0.003708,279,0.000007,0,3,3,0,3,3
21188173,,0,0.003995,35,0.000007,0,3,3,0,3,3
21172086,,0,0.001937,1,0.000007,0,6,6,0,6,6
21127725,,0,0.000441,35,0.000007,0,1,1,0,1,1
21031583,,0,0.000441,35,0.000007,0,1,1,0,1,1
20890307,,0,0.000441,35,0.000007,0,1,1,0,1,1
20842223,,0,0.00564,35,0.000007,0,3,3,0,3,3
20840765,,0,0.008787,168,0.000007,0,4,4,0,4,4
20725638,,0,0.000441,35,0.000007,0,1,1,0,1,1
20694043,,0,0.000441,35,0.000007,0,1,1,0,1,1
20643375,,0,0.000441,35,0.000007,0,1,1,0,1,1
20519498,,0,0.000441,35,0.000007,0,1,1,0,1,1
20466604,,0,0.029547,1,0.000007,0,23,23,0,23,23
20396558,,0,0.000441,35,0.000007,0,1,1,0,1,1
20174566,,0.000321,0.005116,140,0.000014,2,16,18,2,16,18
20165560,,0,0.005613,35,0.000007,0,3,3,0,3,3
20094772,,0,0.00619,1,0.000007,0,15,15,0,15,15
20080512,,0,0.005611,35,0.000007,0,2,2,0,2,2
19995439,,0,0.000441,35,0.000007,0,1,1,0,1,1
19955085,,0,0.000441,35,0.000007,0,1,1,0,1,1
19946373,,0,0.003722,35,0.000007,0,3,3,0,3,3
19933158,,0,0.000736,100,0.000007,0,4,4,0,4,4
19914252,,0,0.000441,35,0.000007,0,1,1,0,1,1
19826428,,0.001461,0.009722,48,0.000018,6,13,19,6,13,19
19802362,,0,0.000441,35,0.000007,0,1,1,0,1,1
19773543,,0,0.000441,35,0.000007,0,1,1,0,1,1
19654405,,0,0.000441,35,0.000007,0,1,1,0,1,1
19654171,,0,0.008781,35,0.000007,0,3,3,0,3,3
19558706,,0,0.000441,35,0.000007,0,1,1,0,1,1
19538727,,0,0.000441,35,0.000007,0,1,1,0,1,1
19455256,,0,0.000441,35,0.000007,0,1,1,0,1,1
19440447,,0,0.000441,35,0.000007,0,1,1,0,1,1
19349484,,0,0.000441,35,0.000007,0,1,1,0,1,1
19308665,,0,0.006047,35,0.000007,0,4,4,0,4,4
19308289,,0,0.000441,35,0.000007,0,1,1,0,1,1
19291295,,0,0.000441,35,0.000007,0,1,1,0,1,1
19272192,,0,0.000441,35,0.000007,0,1,1,0,1,1
19251665,,0,0.000441,35,0.000007,0,1,1,0,1,1
19226664,,0,0.000441,35,0.000007,0,1,1,0,1,1
19223972,,0,0.000657,1,0.000007,0,2,2,0,2,2
19192285,,0,0.000441,35,0.000007,0,1,1,0,1,1
19187562,,0,0.00045,35,0.000007,0,2,2,0,2,2
19079753,,0,0.005611,35,0.000007,0,2,2,0,2,2
18831793,,0,0.000441,35,0.000007,0,1,1,0,1,1
18815365,,0,0.000441,35,0.000007,0,1,1,0,1,1
18776155,,0,0.000442,35,0.000007,0,2,2,0,2,2
18715778,,0,0.008781,35,0.000007,0,3,3,0,3,3
18645624,,0,0.005611,35,0.000007,0,2,2,0,2,2
18628875,,0,0.000441,35,0.000007,0,1,1,0,1,1
18497862,,0.001455,0.012037,140,0.000028,9,23,32,9,23,32
18427120,,0,0.005611,35,0.000007,0,2,2,0,2,2
18404217,,0,0.000441,35,0.000007,0,1,1,0,1,1
18245851,,0,0.000441,35,0.000007,0,1,1,0,1,1
18089626,,0,0.000441,35,0.000007,0,1,1,0,1,1
18081427,,0,0.005611,35,0.000007,0,2,2,0,2,2
18061842,,0,0.000441,35,0.000007,0,1,1,0,1,1
17912341,,0,0.000441,35,0.000007,0,1,1,0,1,1
17909350,,0,0.000441,35,0.000007,0,1,1,0,1,1
17907813,,0,0.005795,279,0.000007,0,4,4,0,4,4
17907809,,0,0.000552,35,0.000007,0,2,2,0,2,2
17625512,,0,0.000441,35,0.000007,0,1,1,0,1,1
17618862,,0,0.005611,35,0.000007,0,2,2,0,2,2
17603882,,0,0.000441,35,0.000007,0,1,1,0,1,1
17519006,,0,0.005611,35,0.000007,0,2,2,0,2,2
17478174,,0,0.000441,35,0.000007,0,1,1,0,1,1
17460773,,0,0.005611,35,0.000007,0,2,2,0,2,2
17428335,,0,0.008794,35,0.000007,0,4,4,0,4,4
17408499,,0,0.000441,35,0.000007,0,1,1,0,1,1
17389037,,0,0.003728,35,0.000007,0,3,3,0,3,3
17335588,,0,0.000441,35,0.000007,0,1,1,0,1,1
17328811,,0,0.00045,35,0.000007,0,2,2,0,2,2
17257426,,0,0.000441,35,0.000007,0,1,1,0,1,1
17217518,,0,0.000441,35,0.000064,10,1,11,10,1,11
17202170,,0,0.000441,35,0.000007,0,1,1,0,1,1
17074082,,0,0.005611,35,0.000007,0,2,2,0,2,2
17044933,,0,0.000441,35,0.000007,0,1,1,0,1,1
16895590,,0,0.003722,35,0.000007,0,3,3,0,3,3
16849266,,0,0.008781,35,0.000007,0,3,3,0,3,3
16823962,,0,0.005611,35,0.000007,0,2,2,0,2,2
16813654,,0,0.005611,35,0.000007,0,2,2,0,2,2
16780582,,0,0.000441,35,0.000007,0,1,1,0,1,1
16685647,,0.000651,0.004843,35,0.000111,27,13,40,27,13,40
16549873,,0,0.000441,35,0.000007,0,1,1,0,1,1
16475030,,0,0.005679,35,0.000007,0,3,3,0,3,3
16437709,,0,0.000441,35,0.000007,0,1,1,0,1,1
16381943,,0,0.008892,35,0.000007,0,4,4,0,4,4
16280042,,0,0.005611,35,0.000007,0,2,2,0,2,2
16207359,,0,0.000568,35,0.000007,0,2,2,0,2,2
16207355,,0,0.000441,35,0.000007,0,1,1,0,1,1
16187409,,0,0.000458,35,0.000007,0,3,3,0,3,3
16179643,,0,0.000441,35,0.000007,0,1,1,0,1,1
16142231,,0,0.000441,35,0.000007,0,1,1,0,1,1
16141318,,0,0.000441,35,0.000007,0,1,1,0,1,1
16120216,,0,0.000441,35,0.000007,0,1,1,0,1,1
16076401,,0,0.000441,35,0.000007,0,1,1,0,1,1
16046822,,0,0.000468,35,0.000007,0,4,4,0,4,4
16018805,,0.000099,0.000441,35,0.00001,1,1,2,1,1,2
15826317,,0,0.000665,35,0.000007,0,3,3,0,3,3
15781863,,0,0.000441,35,0.000007,0,1,1,0,1,1
15640445,,0,0.000451,35,0.000007,0,2,2,0,2,2
15601541,,0,0.008997,1,0.000007,0,4,4,0,4,4
15504239,,0,0.005611,35,0.000007,0,2,2,0,2,2
15355552,,0,0.000441,35,0.000007,0,1,1,0,1,1
15350197,,0,0.000441,35,0.000007,0,1,1,0,1,1
15307894,,0,0.00045,35,0.000007,0,2,2,0,2,2
15180908,,0,0.000552,35,0.000007,0,2,2,0,2,2
15173114,,0,0.009108,35,0.000007,0,5,5,0,5,5
15151703,,0,0.000441,35,0.000007,0,1,1,0,1,1
15094809,,0,0.005621,35,0.000007,0,3,3,0,3,3
15035667,,0,0.00563,35,0.000007,0,5,5,0,5,5
15018646,,0,0.000441,35,0.000007,0,1,1,0,1,1
14751997,,0,0.000441,35,0.000007,0,1,1,0,1,1
14710226,,0,0.005611,35,0.000007,0,2,2,0,2,2
14695313,,0,0.005611,35,0.000007,0,2,2,0,2,2
14693813,,0,0.000441,35,0.000007,0,1,1,0,1,1
14668450,,0,0.000441,35,0.000007,0,1,1,0,1,1
14580250,,0,0.006524,5,0.000007,0,7,7,0,7,7
14500907,,0,0.005611,35,0.000007,0,2,2,0,2,2
12925757,,0,0.005611,35,0.000007,0,2,2,0,2,2
12920061,,0,0.000441,35,0.000007,0,1,1,0,1,1
12888502,,0,0.000441,35,0.000007,0,1,1,0,1,1
12883005,,0,0.000441,35,0.000007,0,1,1,0,1,1
12876208,,0,0.000441,35,0.000007,0,1,1,0,1,1
12876206,,0,0.000441,35,0.000007,0,1,1,0,1,1
12771224,,0,0.000441,35,0.000007,0,1,1,0,1,1
12582259,,0,0.000441,35,0.000007,0,1,1,0,1,1
12445333,,0,0.005611,35,0.000007,0,2,2,0,2,2
12438650,,0,0.000441,35,0.000007,0,1,1,0,1,1
12368196,,0,0.005611,35,0.000007,0,2,2,0,2,2
12356337,,0,0.000441,35,0.000007,0,1,1,0,1,1
12186655,,0,0.000441,35,0.000007,0,1,1,0,1,1
12163391,,0,0.000441,35,0.000007,0,1,1,0,1,1
12105272,,0,0.000441,35,0.000007,0,1,1,0,1,1
12049658,,0,0.005611,35,0.000007,0,2,2,0,2,2
12011421,,0,0.000441,35,0.000007,0,1,1,0,1,1
11983918,,0,0.000441,35,0.000007,0,1,1,0,1,1
11953855,,0,0.000441,35,0.000007,0,1,1,0,1,1
11842123,,0,0.000441,35,0.000007,0,1,1,0,1,1
11826185,,0,0.000441,35,0.000007,0,1,1,0,1,1
11752463,,0,0.000441,35,0.000007,0,1,1,0,1,1
11742071,,0,0.000441,35,0.000007,0,1,1,0,1,1
11707590,,0,0.000441,35,0.000007,0,1,1,0,1,1
11691853,,0,0.000441,35,0.000007,0,1,1,0,1,1
11597324,,0,0.000441,35,0.000007,0,1,1,0,1,1
11562467,,0,0.000441,35,0.000007,0,1,1,0,1,1
11553815,,0,0.000441,35,0.000007,0,1,1,0,1,1
11493696,,0,0.000441,35,0.000007,0,1,1,0,1,1
11385503,,0,0.000441,35,0.000007,0,1,1,0,1,1
11381113,,0,0.000441,35,0.000007,0,1,1,0,1,1
11208888,,0.000132,0,231,0.000008,1,0,1,1,0,1
29988892,,0,0.000003,231,0.000007,0,1,1,0,1,1
11213491,,0.000139,0,231,0.000169,36,0,36,36,0,36
29434945,,0,0.000003,231,0.000007,0,1,1,0,1,1
29046646,,0,0.000003,231,0.000007,0,1,1,0,1,1
28968965,,0,0.000033,231,0.000007,0,2,2,0,2,2
28151039,,0,0.000003,231,0.000007,0,1,1,0,1,1
27900199,,0,0.000003,231,0.000007,0,1,1,0,1,1
27271305,,0,0.000003,231,0.000007,0,1,1,0,1,1
27019599,,0,0.000003,231,0.000007,0,1,1,0,1,1
26417293,,0,0.000003,231,0.000007,0,1,1,0,1,1
26273424,,0,0.000018,231,0.000007,0,2,2,0,2,2
25996379,,0,0.000003,231,0.000007,0,1,1,0,1,1
25988760,,0,0.000003,231,0.000007,0,1,1,0,1,1
25917867,,0,0.000003,231,0.000007,0,1,1,0,1,1
24884893,,0,0.000011,231,0.000007,0,2,2,0,2,2
24790704,,0,0.000003,231,0.000007,0,1,1,0,1,1
24592136,,0,0.000017,231,0.000007,0,2,2,0,2,2
24305596,,0,0.000003,231,0.000007,0,1,1,0,1,1
24039907,,0,0.000161,5,0.000007,0,4,4,0,4,4
23912491,,0,0.000003,231,0.000007,0,1,1,0,1,1
23874481,,0,0.000003,231,0.000007,0,1,1,0,1,1
23105658,,0,0.000003,231,0.000007,0,1,1,0,1,1
23105569,,0,0.000003,231,0.000007,0,1,1,0,1,1
23053794,,0,0.000003,231,0.000007,0,1,1,0,1,1
22860889,,0,0.000003,231,0.000007,0,1,1,0,1,1
21123948,,0,0.000387,231,0.000007,0,2,2,0,2,2
20628528,,0,0.001991,231,0.000007,0,4,4,0,4,4
19958503,,0,0.000003,168,0.000007,0,2,2,0,2,2
19788937,,0,0.000003,231,0.000007,0,1,1,0,1,1
19566940,,0,0.000003,231,0.000007,0,1,1,0,1,1
19379515,,0,0.000003,231,0.000007,0,2,2,0,2,2
18772145,,0,0.000146,57,0.000007,0,3,3,0,3,3
18340529,,0,0.000006,231,0.000007,0,2,2,0,2,2
11216667,,0.000198,0,89,0.000007,1,0,1,1,0,1
29467133,,0,0.001408,89,0.000007,0,2,2,0,2,2
11221545,,0.000178,0,89,0.00001,2,0,2,2,0,2
28782227,,0,0.000005,69,0.000007,0,2,2,0,2,2
11221880,,0.000251,0,231,0.000029,9,0,9,9,0,9
26556855,,0,0.000009,231,0.000007,0,4,4,0,4,4
22022581,,0,0.00001,231,0.000007,0,3,3,0,3,3
19427017,,0,0.000221,231,0.000007,0,2,2,0,2,2
15704521,,0,0.000005,231,0.000007,0,2,2,0,2,2
26544948,,0,0,35,0.000007,0,1,1,0,1,1
11231326,,0,0,35,0.000051,4,0,4,4,0,4
26389028,,0,0,35,0.000007,0,1,1,0,1,1
18990233,,0.000848,0.000006,35,0.000093,20,3,23,20,3,23
16855373,,0,0,35,0.000007,0,1,1,0,1,1
11234491,,0.000088,0,89,0.000007,1,0,1,1,0,1
24634581,,0,0,66,0.000007,0,1,1,0,1,1
11235989,,0,0,66,0.000046,7,0,7,7,0,7
23593315,,0,0,66,0.000007,0,1,1,0,1,1
23376127,,0,0,66,0.000007,0,1,1,0,1,1
22359435,,0,0,66,0.000007,0,1,1,0,1,1
16651635,,0,0,66,0.000007,0,1,1,0,1,1
14507662,,0,0,66,0.000007,0,1,1,0,1,1
29263893,,0,0.000015,24,0.000007,0,1,1,0,1,1
11237519,,0.000788,0,24,0.000153,26,0,26,26,0,26
28455242,,0,0.000015,24,0.000007,0,1,1,0,1,1
26677227,,0,0.000015,24,0.000007,0,1,1,0,1,1
25520504,,0,0.000015,24,0.000007,0,1,1,0,1,1
25002022,,0,0.000015,24,0.000007,0,1,1,0,1,1
24742992,,0,0.000015,24,0.000007,0,1,1,0,1,1
23845628,,0,0.000015,24,0.000007,0,1,1,0,1,1
23454836,,0,0.000015,24,0.000007,0,1,1,0,1,1
23190608,,0,0.000162,24,0.000007,0,2,2,0,2,2
23134369,,0,0.000015,24,0.000007,0,1,1,0,1,1
22042567,,0,0.000015,24,0.000007,0,1,1,0,1,1
22006926,,0,0.000015,24,0.000007,0,1,1,0,1,1
21779496,,0,0.000015,24,0.000007,0,1,1,0,1,1
21643539,,0,0.00003,24,0.000007,0,2,2,0,2,2
21491492,,0,0.000015,24,0.000007,0,1,1,0,1,1
19194508,,0,0.000015,24,0.000007,0,1,1,0,1,1
15802019,,0,0.000015,24,0.000007,0,1,1,0,1,1
12775414,,0,0.000015,24,0.000007,0,1,1,0,1,1
12598331,,0,0.000015,24,0.000007,0,1,1,0,1,1
12379745,,0,0.000015,24,0.000007,0,1,1,0,1,1
12208997,,0,0.000015,24,0.000007,0,1,1,0,1,1
12034770,,0,0.000015,24,0.000007,0,1,1,0,1,1
11850412,,0,0.000015,24,0.000007,0,1,1,0,1,1
30214298,,0,0.007725,1,0.000007,0,8,8,0,8,8
29949994,,0,0.000526,1,0.000007,0,3,3,0,3,3
29505529,,0,0.000079,1,0.000007,0,1,1,0,1,1
29451304,,0,0.000215,1,0.000007,0,2,2,0,2,2
28977939,,0,0.000223,279,0.000007,0,4,4,0,4,4
28344746,,0,0.000287,1,0.000007,0,2,2,0,2,2
27879658,,0,0.00011,279,0.000007,0,3,3,0,3,3
26090613,,0,0.000105,279,0.000007,0,2,2,0,2,2
25287138,,0,0.005272,1,0.000007,0,3,3,0,3,3
24633048,,0,0.000079,1,0.000007,0,1,1,0,1,1
24256813,,0,0.007949,69,0.000007,0,7,7,0,7,7
24212650,,0,0.000079,1,0.000007,0,1,1,0,1,1
24175302,,0,0.008532,1,0.000007,0,8,8,0,8,8
24149212,,0,0.007515,1,0.000007,0,2,2,0,2,2
24086249,,0,0.000426,1,0.000007,0,5,5,0,5,5
23774800,,0,0.007733,1,0.000007,0,4,4,0,4,4
23226780,,0,0.000603,1,0.000007,0,8,8,0,8,8
22771539,,0,0.000079,1,0.000007,0,1,1,0,1,1
21474951,,0,0.000079,1,0.000007,0,1,1,0,1,1
21472713,,0,0.000084,168,0.000007,0,2,2,0,2,2
21140452,,0,0.000343,1,0.000007,0,5,5,0,5,5
20830311,,0,0.005289,279,0.000007,0,4,4,0,4,4
19079817,,0,0.000079,1,0.000007,0,1,1,0,1,1
19074590,,0,0.000561,1,0.000007,0,7,7,0,7,7
18974104,,0,0.000079,1,0.000007,0,1,1,0,1,1
18497028,,0,0.000085,1,0.000007,0,2,2,0,2,2
18221536,,0,0.000589,279,0.000007,0,4,4,0,4,4
14965448,,0,0.000079,1,0.000007,0,1,1,0,1,1
12819009,,0.000294,0.000177,279,0.00011,27,2,29,27,2,29
12692046,,0,0.000177,1,0.000007,0,2,2,0,2,2
30456385,,0,0.000574,100,0.000007,0,1,1,0,1,1
11239454,,0.030118,0,100,0.001065,378,0,378,378,0,378
30422114,,0,0.001511,100,0.000007,0,6,6,0,6,6
29717121,,0,0.002454,100,0.000007,0,6,6,0,6,6
29605812,,0,0.001463,100,0.000007,0,5,5,0,5,5
29590434,,0,0.001429,100,0.000007,0,8,8,0,8,8
29463306,,0,0.000806,100,0.000007,0,2,2,0,2,2
29459202,,0,0.004697,100,0.000007,0,13,13,0,13,13
29427520,,0,0.001139,100,0.000007,0,4,4,0,4,4
29399332,,0,0.002238,100,0.000007,0,13,13,0,13,13
29391595,,0,0.000574,100,0.000007,0,1,1,0,1,1
29254745,,0,0.002833,100,0.000007,0,16,16,0,16,16
29100324,,0,0.001268,100,0.000007,0,4,4,0,4,4
29030393,,0,0.001068,100,0.000007,0,6,6,0,6,6
29021208,,0,0.002614,100,0.000007,0,10,10,0,10,10
28864460,,0,0.012012,100,0.000007,0,11,11,0,11,11
28710492,,0,0.000926,100,0.000007,0,3,3,0,3,3
28641940,,0,0.000996,100,0.000007,0,6,6,0,6,6
28636932,,0,0.000822,100,0.000007,0,2,2,0,2,2
28634400,,0,0.00204,100,0.000019,2,8,10,2,8,10
28631178,,0.000214,0.002188,100,0.000025,10,10,20,10,10,20
28617445,,0,0.003366,140,0.000007,0,12,12,0,12,12
28575657,,0,0.001724,100,0.000007,0,5,5,0,5,5
28535027,,0,0.001219,100,0.000007,0,5,5,0,5,5
28356516,,0,0.001092,100,0.000007,0,4,4,0,4,4
28196964,,0.000029,0.000865,100,0.000026,6,7,13,6,7,13
28174693,,0,0.001062,100,0.000007,0,4,4,0,4,4
28058110,,0,0.001872,100,0.000007,0,8,8,0,8,8
27986592,,0,0.001095,100,0.000007,0,3,3,0,3,3
27819275,,0,0.011544,100,0.000007,0,7,7,0,7,7
27775089,,0,0.001051,100,0.000007,0,3,3,0,3,3
27768874,,0,0.001894,100,0.000007,0,6,6,0,6,6
27637088,,0,0.000574,100,0.000007,0,1,1,0,1,1
27486799,,0,0.000574,100,0.000007,0,1,1,0,1,1
27480253,,0,0.0012,100,0.000007,0,3,3,0,3,3
27449087,,0,0.001558,100,0.000007,0,6,6,0,6,6
27405460,,0,0.000574,100,0.000007,0,1,1,0,1,1
27398742,,0,0.001913,100,0.000007,0,7,7,0,7,7
27398234,,0,0.003282,100,0.000007,0,9,9,0,9,9
27264184,,0.002313,0.020062,100,0.000024,16,18,34,16,18,34
27239033,,0,0.000574,100,0.000007,0,1,1,0,1,1
27185855,,0,0.0006,100,0.000007,0,2,2,0,2,2
27148358,,0,0.001939,100,0.000007,0,9,9,0,9,9
27121511,,0,0.000614,100,0.000007,0,2,2,0,2,2
27057633,,0,0.000822,100,0.000007,0,2,2,0,2,2
26980188,,0,0.000789,100,0.000007,0,2,2,0,2,2
26967246,,0,0.00785,1,0.000007,0,28,28,0,28,28
26883629,,0,0.000806,100,0.000007,0,3,3,0,3,3
26871286,,0,0.002377,100,0.000007,0,10,10,0,10,10
26862208,,0,0.002154,100,0.000007,0,8,8,0,8,8
26848151,,0,0.030256,1,0.000007,0,25,25,0,25,25
26835350,,0,0.002624,100,0.000007,0,9,9,0,9,9
26825230,,0,0.000779,100,0.000007,0,3,3,0,3,3
26797144,,0,0.001189,100,0.000007,0,3,3,0,3,3
26789701,,0,0.000574,100,0.000007,0,1,1,0,1,1
26683461,,0,0.001552,100,0.000007,0,4,4,0,4,4
26640811,,0,0.001477,100,0.000007,0,10,10,0,10,10
26607718,,0,0.000659,232,0.000007,0,3,3,0,3,3
26584049,,0,0.001518,100,0.000007,0,5,5,0,5,5
26512453,,0,0.003325,100,0.000007,0,12,12,0,12,12
26484938,,0,0.00105,100,0.000007,0,3,3,0,3,3
26446986,,0,0.001639,100,0.000007,0,7,7,0,7,7
26430909,,0,0.003567,100,0.000007,0,13,13,0,13,13
26385482,,0.000154,0.001673,100,0.00001,2,8,10,2,8,10
26365379,,0,0.0006,100,0.000007,0,2,2,0,2,2
26336824,,0,0.003096,100,0.000007,0,15,15,0,15,15
26317153,,0,0.001297,100,0.000007,0,5,5,0,5,5
26292924,,0,0.002118,100,0.000007,0,8,8,0,8,8
26253028,,0,0.002233,100,0.000007,0,8,8,0,8,8
26194820,,0,0.01173,100,0.000007,0,13,13,0,13,13
26187992,,0,0.001803,100,0.000007,0,7,7,0,7,7
26149689,,0,0.000881,100,0.000007,0,5,5,0,5,5
26123487,,0,0.00174,100,0.000007,0,9,9,0,9,9
26119737,,0,0.001177,100,0.000007,0,4,4,0,4,4
26083937,,0,0.001906,100,0.000007,0,8,8,0,8,8
25891850,,0,0.001601,100,0.000007,0,8,8,0,8,8
25843623,,0,0.001676,100,0.000007,0,5,5,0,5,5
25733871,,0,0.001469,100,0.000007,0,5,5,0,5,5
25659033,,0,0.003201,100,0.000007,0,12,12,0,12,12
25557546,,0,0.000822,100,0.000007,0,3,3,0,3,3
25538220,,0,0.000631,100,0.000007,0,2,2,0,2,2
25489943,,0,0.001367,100,0.000007,0,7,7,0,7,7
25428364,,0,0.001431,100,0.000007,0,4,4,0,4,4
25337721,,0.000235,0.00394,100,0.000024,6,11,17,6,11,17
25319828,,0,0.00128,100,0.000007,0,4,4,0,4,4
25135477,,0,0.001673,100,0.000007,0,7,7,0,7,7
25071006,,0,0.001358,100,0.000007,0,7,7,0,7,7
25070891,,0,0.005041,100,0.000007,0,17,17,0,17,17
25066119,,0.002267,0.00509,100,0.000023,14,18,32,14,18,32
25010009,,0,0.000974,100,0.000007,0,3,3,0,3,3
24954902,,0,0.001787,100,0.000007,0,5,5,0,5,5
24932534,,0,0.000574,100,0.000007,0,1,1,0,1,1
24910428,,0,0.001135,100,0.000007,0,4,4,0,4,4
24905007,,0,0.001289,100,0.000007,0,6,6,0,6,6
24859981,,0,0.001118,100,0.000007,0,3,3,0,3,3
24795708,,0,0.000781,176,0.000007,0,2,2,0,2,2
24794496,,0,0.00084,100,0.000007,0,3,3,0,3,3
24768452,,0,0.001233,100,0.000007,0,3,3,0,3,3
24726326,,0,0.000574,100,0.000007,0,1,1,0,1,1
24688021,,0,0.002119,100,0.000007,0,10,10,0,10,10
24623813,,0,0.000822,100,0.000007,0,2,2,0,2,2
24589582,,0,0.001315,100,0.000007,0,4,4,0,4,4
24389026,,0,0.000806,100,0.000007,0,2,2,0,2,2
24345874,,0,0.002047,100,0.000007,0,7,7,0,7,7
24278431,,0,0.000829,100,0.000007,0,4,4,0,4,4
24170812,,0,0.00134,100,0.000007,0,5,5,0,5,5
24164477,,0,0.000574,100,0.000007,0,1,1,0,1,1
24130053,,0,0.000789,100,0.000007,0,2,2,0,2,2
24124520,,0.00005,0.001697,100,0.000017,4,7,11,4,7,11
24005041,,0,0.001454,100,0.000007,0,5,5,0,5,5
23840564,,0.00073,0.009745,231,0.000026,7,7,14,7,7,14
23806336,,0,0.00059,90,0.000007,0,2,2,0,2,2
23776040,,0,0.003634,100,0.000007,0,5,5,0,5,5
23752274,,0,0.000612,100,0.000007,0,2,2,0,2,2
23658231,,0,0.001819,100,0.000007,0,5,5,0,5,5
23571757,,0,0.000956,100,0.000007,0,5,5,0,5,5
23440494,,0,0.001447,100,0.000007,0,5,5,0,5,5
23405159,,0,0.000633,100,0.000007,0,4,4,0,4,4
23365640,,0,0.000956,100,0.000007,0,5,5,0,5,5
23362014,,0.001455,0.000651,184,0.000044,21,5,26,21,5,26
23318456,,0,0.001744,100,0.000007,0,9,9,0,9,9
23195997,,0,0.002594,100,0.000007,0,7,7,0,7,7
23114602,,0,0.002405,100,0.000007,0,9,9,0,9,9
23065650,,0,0.002082,100,0.000007,0,8,8,0,8,8
23063585,,0.002493,0.027146,1,0.000021,8,15,23,8,15,23
23017997,,0,0.021161,100,0.000007,0,10,10,0,10,10
22855611,,0,0.001123,100,0.000007,0,5,5,0,5,5
22828868,,0,0.001217,100,0.000007,0,3,3,0,3,3
22810206,,0,0.000574,100,0.000007,0,1,1,0,1,1
22761553,,0,0.001063,100,0.000007,0,4,4,0,4,4
22753026,,0,0.000934,100,0.000007,0,4,4,0,4,4
22751496,,0.011244,0.004494,100,0.00044,201,11,212,201,11,212
22744751,,0,0.00221,100,0.000007,0,11,11,0,11,11
22737580,,0,0.002028,100,0.000007,0,9,9,0,9,9
22705371,,0,0.001519,100,0.000007,0,3,3,0,3,3
22675617,,0,0.00254,100,0.000007,0,10,10,0,10,10
22675615,,0,0.001312,100,0.000007,0,5,5,0,5,5
22623772,,0,0.00087,100,0.000007,0,2,2,0,2,2
22616001,,0,0.000639,2,0.000007,0,2,2,0,2,2
22615860,,0,0.001072,100,0.000007,0,4,4,0,4,4
22593209,,0,0.000935,100,0.000007,0,3,3,0,3,3
22541552,,0,0.00064,100,0.000007,0,2,2,0,2,2
22537224,,0,0.002281,100,0.000007,0,9,9,0,9,9
22510687,,0,0.001644,100,0.000007,0,4,4,0,4,4
22396592,,0,0.001965,100,0.000007,0,6,6,0,6,6
22353689,,0,0.001632,100,0.000007,0,6,6,0,6,6
22287633,,0,0.001217,100,0.000007,0,3,3,0,3,3
22194614,,0,0.001327,100,0.000007,0,5,5,0,5,5
22101340,,0,0.000681,100,0.000007,0,3,3,0,3,3
22057367,,0,0.003004,100,0.000007,0,13,13,0,13,13
21948210,,0,0.003276,100,0.000007,0,12,12,0,12,12
21948156,,0,0.000822,100,0.000007,0,2,2,0,2,2
21946274,,0,0.009472,1,0.000007,0,3,3,0,3,3
21919919,,0.000084,0.001173,100,0.000055,14,5,19,14,5,19
21775430,,0,0.000806,100,0.000007,0,2,2,0,2,2
21764741,,0,0.001217,100,0.000007,0,3,3,0,3,3
21685936,,0.00037,0.00208,100,0.000024,11,8,19,11,8,19
21605559,,0,0.002915,100,0.000007,0,11,11,0,11,11
21527828,,0,0.002559,100,0.000007,0,11,11,0,11,11
21519342,,0,0.001525,100,0.000007,0,6,6,0,6,6
21482716,,0,0.002237,100,0.000007,0,4,4,0,4,4
21464321,,0,0.000822,100,0.000007,0,2,2,0,2,2
21458466,,0,0.001967,100,0.000007,0,9,9,0,9,9
21423196,,0,0.00227,100,0.000007,0,6,6,0,6,6
21421559,,0,0.001513,100,0.000007,0,6,6,0,6,6
21389083,,0,0.00155,100,0.000007,0,7,7,0,7,7
21355096,,0,0.002112,100,0.000007,0,9,9,0,9,9
21314979,,0.000053,0.000985,100,0.000034,9,2,11,9,2,11
21240275,,0,0.002308,100,0.000007,0,5,5,0,5,5
21229326,,0,0.001974,100,0.000007,0,7,7,0,7,7
21183791,,0,0.009568,100,0.000007,0,5,5,0,5,5
21139048,,0,0.000574,100,0.000007,0,1,1,0,1,1
21138871,,0,0.021361,1,0.000007,0,11,11,0,11,11
21075512,,0,0.001104,100,0.000007,0,4,4,0,4,4
20971953,,0,0.001789,100,0.000007,0,5,5,0,5,5
20937877,,0,0.00245,100,0.000007,0,5,5,0,5,5
20869034,,0,0.001854,100,0.000007,0,5,5,0,5,5
20807115,,0,0.005708,100,0.000007,0,26,26,0,26,26
20730555,,0,0.01725,100,0.000007,0,8,8,0,8,8
20713514,,0,0.007788,100,0.000007,0,24,24,0,24,24
20683477,,0,0.001458,100,0.000007,0,3,3,0,3,3
20675655,,0.000929,0.001524,100,0.000102,35,5,40,35,5,40
20670894,,0,0.00184,100,0.000007,0,5,5,0,5,5
20606166,,0,0.001371,100,0.000007,0,8,8,0,8,8
20603015,,0,0.00161,100,0.000007,0,5,5,0,5,5
20519379,,0,0.000923,100,0.000007,0,4,4,0,4,4
20506303,,0,0.001533,100,0.000007,0,4,4,0,4,4
20450923,,0,0.002104,100,0.000007,0,8,8,0,8,8
20363922,,0.00052,0.002686,100,0.000026,12,14,26,12,14,26
20309754,,0,0.000574,100,0.000007,0,1,1,0,1,1
20154706,,0,0.001471,100,0.000007,0,4,4,0,4,4
20089964,,0,0.001137,100,0.000007,0,4,4,0,4,4
20040763,,0,0.000826,100,0.000007,0,3,3,0,3,3
20010692,,0,0.000794,100,0.000007,0,3,3,0,3,3
19995904,,0,0.001605,100,0.000007,0,5,5,0,5,5
19965384,,0,0.002275,100,0.000007,0,5,5,0,5,5
19906512,,0,0.000665,100,0.000007,0,3,3,0,3,3
19850743,,0,0.00067,100,0.000007,0,3,3,0,3,3
19805513,,0,0.002536,100,0.000007,0,9,9,0,9,9
19748364,,0,0.002861,100,0.000007,0,7,7,0,7,7
19738377,,0,0.002075,100,0.000007,0,5,5,0,5,5
19686080,,0,0.014321,100,0.000007,0,23,23,0,23,23
19633289,,0,0.00199,100,0.000007,0,8,8,0,8,8
19609304,,0,0.00232,100,0.000007,0,9,9,0,9,9
19561358,,0,0.002166,100,0.000007,0,9,9,0,9,9
19491337,,0,0.000728,100,0.000007,0,4,4,0,4,4
19466639,,0,0.002136,100,0.000007,0,8,8,0,8,8
19452447,,0,0.001713,100,0.000007,0,7,7,0,7,7
19371427,,0,0.002355,100,0.000007,0,8,8,0,8,8
19270262,,0,0.001246,100,0.000007,0,4,4,0,4,4
19270156,,0,0.002204,100,0.000007,0,7,7,0,7,7
19217432,,0,0.001602,100,0.000007,0,4,4,0,4,4
19202061,,0,0.003782,100,0.000007,0,9,9,0,9,9
19129235,,0,0.001636,100,0.000007,0,8,8,0,8,8
19109555,,0,0.002766,100,0.000007,0,12,12,0,12,12
19101574,,0,0.003288,100,0.000007,0,14,14,0,14,14
19047177,,0,0.000574,100,0.000007,0,1,1,0,1,1
19015634,,0,0.002086,100,0.000007,0,7,7,0,7,7
18843105,,0,0.002015,100,0.000007,0,7,7,0,7,7
18786657,,0,0.003449,100,0.000007,0,14,14,0,14,14
18781797,,0,0.000574,100,0.000007,0,1,1,0,1,1
18758156,,0,0.001173,100,0.000007,0,4,4,0,4,4
18684868,,0,0.001024,100,0.000007,0,6,6,0,6,6
18563568,,0,0.000687,100,0.000007,0,2,2,0,2,2
18550849,,0,0.002291,100,0.000007,0,9,9,0,9,9
18483568,,0.000666,0.001672,100,0.000028,9,8,17,9,8,17
18475298,,0.000226,0.001689,100,0.000033,6,5,11,6,5,11
18448394,,0,0.003812,100,0.000007,0,10,10,0,10,10
18424430,,0,0.000574,100,0.000007,0,1,1,0,1,1
18325101,,0.000901,0.003478,100,0.000042,19,12,31,19,12,31
18285517,,0,0.003388,100,0.000007,0,12,12,0,12,12
18282083,,0,0.000574,100,0.000007,0,1,1,0,1,1
18258493,,0,0.001295,100,0.000007,0,3,3,0,3,3
18239686,,0,0.001525,100,0.000007,0,5,5,0,5,5
18224251,,0.000007,0.001769,100,0.000028,4,6,10,4,6,10
18174376,,0,0.002638,100,0.000007,0,9,9,0,9,9
18082605,,0,0.001008,100,0.000007,0,3,3,0,3,3
18047734,,0.000924,0.009608,100,0.000049,20,32,52,20,32,52
17960249,,0,0.002206,100,0.000007,0,10,10,0,10,10
17938197,,0,0.001641,100,0.000007,0,5,5,0,5,5
17898070,,0,0.001529,100,0.000007,0,6,6,0,6,6
17674153,,0,0.000574,100,0.000007,0,1,1,0,1,1
17500067,,0,0.000574,100,0.000007,0,1,1,0,1,1
17436244,,0,0.00198,100,0.000007,0,11,11,0,11,11
17431503,,0,0.015019,100,0.000007,0,11,11,0,11,11
17420278,,0,0.002705,100,0.000007,0,13,13,0,13,13
17412408,,0,0.001491,100,0.000007,0,4,4,0,4,4
17404312,,0,0.002133,100,0.000007,0,8,8,0,8,8
17396147,,0.004215,0.003106,100,0.000095,72,10,82,72,10,82
17308347,,0,0.001888,100,0.000007,0,10,10,0,10,10
17296736,,0,0.001726,100,0.000007,0,7,7,0,7,7
17222504,,0,0.000574,100,0.000007,0,1,1,0,1,1
17105750,,0,0.001894,100,0.000007,0,7,7,0,7,7
17015833,,0,0.000653,100,0.000007,0,2,2,0,2,2
16888649,,0,0.000574,100,0.000007,0,1,1,0,1,1
16789823,,0,0.000574,100,0.000007,0,1,1,0,1,1
16720839,,0,0.00218,100,0.000007,0,8,8,0,8,8
16116422,,0.009734,0.001737,100,0.000399,187,6,193,187,6,193
15367677,,0,0.001739,100,0.000007,0,6,6,0,6,6
15314062,,0,0.000776,100,0.000007,0,2,2,0,2,2
14988723,,0.004124,0.001973,100,0.00022,82,6,88,82,6,88
12893777,,0,0.002384,100,0.000007,0,6,6,0,6,6
12714647,,0,0.000628,100,0.000007,0,2,2,0,2,2
11884621,,0,0.000574,100,0.000007,0,1,1,0,1,1
11500375,,0,0.000574,100,0.000007,0,1,1,0,1,1
11239752,,0.000079,0,5,0.000014,3,0,3,3,0,3
15606999,,0,0.000001,5,0.000007,0,1,1,0,1,1
23626713,,0,0.000004,100,0.000007,0,1,1,0,1,1
11239959,,0.000215,0,100,0.000022,6,0,6,6,0,6
16914751,,0,0.000004,100,0.000007,0,1,1,0,1,1
16882718,,0,0.00212,100,0.000007,0,4,4,0,4,4
11240689,,0.001367,0,1,0.000013,5,0,5,5,0,5
30498558,,0,0.000394,57,0.000007,0,1,1,0,1,1
11242102,,0.020667,0,57,0.002054,543,0,543,543,0,543
30470841,,0,0.000396,57,0.000007,0,2,2,0,2,2
30344717,,0,0.011082,1,0.000007,0,7,7,0,7,7
30310068,,0,0.000394,57,0.000007,0,1,1,0,1,1
30287140,,0,0.000622,1,0.000007,0,2,2,0,2,2
30271425,,0,0.000394,57,0.000007,0,1,1,0,1,1
30254262,,0,0.000465,176,0.000007,0,2,2,0,2,2
30250201,,0,0.000394,1,0.000007,0,2,2,0,2,2
30249046,,0,0.000394,57,0.000007,0,1,1,0,1,1
30159412,,0,0.000948,100,0.000007,0,6,6,0,6,6
30123777,,0,0.000394,57,0.000007,0,1,1,0,1,1
30045759,,0,0.000394,57,0.000007,0,1,1,0,1,1
29928356,,0,0.000437,231,0.000007,0,3,3,0,3,3
29855474,,0,0.000394,57,0.000007,0,1,1,0,1,1
29769340,,0,0.000394,57,0.000007,0,1,1,0,1,1
29731842,,0,0.000394,57,0.000007,0,1,1,0,1,1
29721206,,0,0.000394,57,0.000007,0,1,1,0,1,1
29651407,,0,0.000823,57,0.000007,0,3,3,0,3,3
29584802,,0,0.00137,100,0.000007,0,6,6,0,6,6
29563987,,0,0.000394,57,0.000007,0,1,1,0,1,1
29549248,,0,0.00043,231,0.000007,0,2,2,0,2,2
29520259,,0,0.000394,57,0.000007,0,1,1,0,1,1
29433451,,0,0.000409,57,0.000007,0,3,3,0,3,3
29432179,,0,0.000394,57,0.000007,0,1,1,0,1,1
29403037,,0,0.001288,100,0.000007,0,4,4,0,4,4
29382762,,0,0.000394,57,0.000007,0,1,1,0,1,1
29227281,,0,0.001058,1,0.000007,0,7,7,0,7,7
29209906,,0,0.000394,57,0.000007,0,1,1,0,1,1
29184099,,0,0.001877,1,0.000007,0,11,11,0,11,11
29161447,,0,0.000715,184,0.000007,0,4,4,0,4,4
29156695,,0,0.00045,231,0.000007,0,3,3,0,3,3
29099865,,0,0.000394,57,0.000007,0,1,1,0,1,1
29038438,,0,0.000508,231,0.000007,0,6,6,0,6,6
28977583,,0,0.000394,57,0.000007,0,1,1,0,1,1
28973009,,0,0.000394,57,0.000007,0,1,1,0,1,1
28969073,,0,0.000394,57,0.000007,0,1,1,0,1,1
28915585,,0,0.000513,57,0.000007,0,3,3,0,3,3
28722656,,0,0.001519,1,0.000007,0,9,9,0,9,9
28689995,,0,0.000394,57,0.000007,0,1,1,0,1,1
28652322,,0,0.000394,57,0.000007,0,1,1,0,1,1
28626800,,0,0.009602,1,0.000007,0,5,5,0,5,5
28604764,,0,0.000394,57,0.000007,0,1,1,0,1,1
28544661,,0,0.000394,57,0.000007,0,1,1,0,1,1
28536297,,0.001205,0.003917,1,0.00003,10,11,21,10,11,21
28532625,,0,0.000394,57,0.000007,0,1,1,0,1,1
28423619,,0,0.000394,57,0.000007,0,1,1,0,1,1
28421111,,0,0.000394,57,0.000007,0,1,1,0,1,1
28377578,,0,0.000412,90,0.000007,0,2,2,0,2,2
28289428,,0,0.000394,57,0.000007,0,1,1,0,1,1
28260023,,0,0.000394,57,0.000007,0,1,1,0,1,1
28251140,,0,0.000395,100,0.000007,0,2,2,0,2,2
28202543,,0,0.000394,57,0.000007,0,1,1,0,1,1
28182125,,0,0.000394,57,0.000007,0,1,1,0,1,1
28169375,,0,0.000394,57,0.000007,0,1,1,0,1,1
28058462,,0,0.011119,1,0.000007,0,10,10,0,10,10
28040742,,0,0.00071,57,0.000007,0,3,3,0,3,3
27973455,,0,0.000936,176,0.000007,0,7,7,0,7,7
27900051,,0,0.001227,1,0.000007,0,7,7,0,7,7
27845421,,0.000008,0.000434,57,0.000009,1,2,3,1,2,3
27806059,,0,0.000394,57,0.000007,0,1,1,0,1,1
27601585,,0,0.000394,57,0.000007,0,1,1,0,1,1
27588488,,0,0.000404,41,0.000007,0,2,2,0,2,2
27551965,,0,0.000394,57,0.000007,0,1,1,0,1,1
27550664,,0,0.000394,57,0.000007,0,1,1,0,1,1
27494840,,0,0.003888,100,0.000007,0,9,9,0,9,9
27465688,,0.000271,0.005994,1,0.000013,2,11,13,2,11,13
27402537,,0,0.000394,57,0.000007,0,1,1,0,1,1
27362509,,0,0.002657,100,0.000007,0,6,6,0,6,6
27342554,,0,0.000394,57,0.000007,0,1,1,0,1,1
27326395,,0,0.000394,57,0.000007,0,1,1,0,1,1
27314941,,0,0.000394,57,0.000007,0,1,1,0,1,1
27143955,,0,0.000394,57,0.000007,0,1,1,0,1,1
27095947,,0,0.000394,57,0.000007,0,1,1,0,1,1
27019283,,0,0.000394,57,0.000007,0,1,1,0,1,1
27015555,,0.000226,0.011432,231,0.000008,2,10,12,2,10,12
27015367,,0,0.000497,57,0.000007,0,3,3,0,3,3
27006338,,0,0.001844,1,0.000007,0,9,9,0,9,9
26998221,,0,0.000394,57,0.000007,0,1,1,0,1,1
26966913,,0,0.000685,57,0.000007,0,2,2,0,2,2
26945232,,0,0.000394,57,0.000007,0,1,1,0,1,1
26931795,,0.001094,0.040558,1,0.000018,7,30,37,7,30,37
26878912,,0,0.000394,57,0.000007,0,1,1,0,1,1
26841871,,0,0.000394,57,0.000007,0,1,1,0,1,1
26773053,,0,0.000394,57,0.000007,0,1,1,0,1,1
26767006,,0,0.000399,57,0.000007,0,3,3,0,3,3
26697410,,0,0.000394,57,0.000007,0,1,1,0,1,1
26658019,,0,0.008398,1,0.000007,0,5,5,0,5,5
26609070,,0,0.000467,57,0.000007,0,2,2,0,2,2
26579543,,0,0.016024,1,0.000007,0,5,5,0,5,5
26557995,,0,0.000394,57,0.000007,0,1,1,0,1,1
26526682,,0,0.000394,57,0.000007,0,1,1,0,1,1
26468441,,0,0.00069,57,0.000007,0,2,2,0,2,2
26385365,,0,0.000753,100,0.000007,0,4,4,0,4,4
26350293,,0,0.000394,57,0.000007,0,1,1,0,1,1
26342102,,0,0.000394,57,0.000007,0,1,1,0,1,1
26333361,,0,0.0006,176,0.000007,0,2,2,0,2,2
26316936,,0,0.001086,100,0.000007,0,7,7,0,7,7
26300228,,0,0.000394,57,0.000007,0,1,1,0,1,1
26238124,,0,0.000394,57,0.000007,0,1,1,0,1,1
26195156,,0,0.000394,57,0.000007,0,1,1,0,1,1
26150686,,0,0.000394,57,0.000007,0,1,1,0,1,1
26100352,,0,0.005587,35,0.000007,0,3,3,0,3,3
26079711,,0,0.000457,100,0.000007,0,3,3,0,3,3
26067273,,0,0.000394,57,0.000007,0,1,1,0,1,1
26041979,,0,0.000394,57,0.000007,0,1,1,0,1,1
26035306,,0,0.000394,57,0.000007,0,1,1,0,1,1
26017978,,0,0.000394,57,0.000007,0,1,1,0,1,1
25987855,,0,0.000394,57,0.000007,0,1,1,0,1,1
25973083,,0,0.000394,57,0.000007,0,1,1,0,1,1
25947322,,0,0.000452,57,0.000007,0,3,3,0,3,3
25932214,,0,0.000421,231,0.000007,0,3,3,0,3,3
25902193,,0,0.000394,57,0.000007,0,1,1,0,1,1
25859257,,0,0.000394,57,0.000007,0,1,1,0,1,1
25853132,,0,0.000394,57,0.000007,0,1,1,0,1,1
25828893,,0,0.000437,1,0.000007,0,3,3,0,3,3
25761216,,0,0.000394,57,0.000007,0,1,1,0,1,1
25741600,,0,0.000394,57,0.000007,0,1,1,0,1,1
25735744,,0,0.000394,57,0.000007,0,1,1,0,1,1
25717476,,0,0.000394,57,0.000007,0,1,1,0,1,1
25705582,,0,0.000452,100,0.000007,0,2,2,0,2,2
25661488,,0,0.00201,100,0.000007,0,7,7,0,7,7
25652794,,0,0.000839,100,0.000007,0,3,3,0,3,3
25586219,,0,0.00277,100,0.000007,0,10,10,0,10,10
25569081,,0,0.000394,57,0.000007,0,1,1,0,1,1
25483054,,0,0.000436,57,0.000007,0,2,2,0,2,2
25395584,,0,0.0004,57,0.000007,0,2,2,0,2,2
25373736,,0,0.000531,57,0.000007,0,2,2,0,2,2
25368522,,0,0.000405,82,0.000007,0,2,2,0,2,2
25354556,,0,0.000394,57,0.000007,0,1,1,0,1,1
25314918,,0,0.000429,231,0.000007,0,3,3,0,3,3
25307264,,0,0.000394,57,0.000007,0,1,1,0,1,1
25277244,,0,0.000531,57,0.000007,0,2,2,0,2,2
25210033,,0,0.000394,57,0.000007,0,1,1,0,1,1
25194926,,0,0.002011,100,0.000007,0,7,7,0,7,7
25179264,,0,0.000394,57,0.000007,0,1,1,0,1,1
25170678,,0.000037,0.000413,232,0.000048,10,2,12,10,2,12
25122754,,0,0.000662,57,0.000007,0,2,2,0,2,2
25093845,,0,0.000394,57,0.000007,0,1,1,0,1,1
25008009,,0,0.000394,57,0.000007,0,1,1,0,1,1
24947324,,0,0.000452,1,0.000007,0,3,3,0,3,3
24912678,,0,0.000544,57,0.000007,0,3,3,0,3,3
24910538,,0,0.000394,57,0.000007,0,1,1,0,1,1
24904606,,0,0.000394,57,0.000007,0,1,1,0,1,1
24859341,,0,0.000407,176,0.000007,0,3,3,0,3,3
24769080,,0,0.000456,57,0.000007,0,4,4,0,4,4
24763056,,0,0.000394,57,0.000007,0,1,1,0,1,1
24747175,,0,0.000495,57,0.000007,0,2,2,0,2,2
24693037,,0,0.003036,279,0.000007,0,3,3,0,3,3
24692190,,0,0.000416,137,0.000007,0,3,3,0,3,3
24672010,,0,0.000394,57,0.000007,0,1,1,0,1,1
24667764,,0,0.000394,57,0.000007,0,1,1,0,1,1
24651653,,0,0.000394,57,0.000007,0,1,1,0,1,1
24632607,,0,0.0004,35,0.000007,0,2,2,0,2,2
24621646,,0,0.000496,231,0.000007,0,4,4,0,4,4
24573252,,0,0.000639,1,0.000007,0,3,3,0,3,3
24505404,,0,0.0006,176,0.000007,0,2,2,0,2,2
24498068,,0,0.000435,57,0.000007,0,2,2,0,2,2
24465002,,0,0.000394,57,0.000007,0,1,1,0,1,1
24440048,,0,0.000555,24,0.000007,0,5,5,0,5,5
24420907,,0,0.000394,57,0.000007,0,1,1,0,1,1
24418519,,0,0.000394,57,0.000007,0,1,1,0,1,1
24376696,,0,0.000394,57,0.000007,0,1,1,0,1,1
24369695,,0,0.000394,57,0.000007,0,1,1,0,1,1
24366315,,0,0.002766,100,0.000007,0,7,7,0,7,7
24349080,,0,0.000416,100,0.000007,0,2,2,0,2,2
24338765,,0,0.000394,57,0.000007,0,1,1,0,1,1
24327542,,0,0.000478,1,0.000007,0,2,2,0,2,2
24312182,,0,0.000792,57,0.000007,0,2,2,0,2,2
24291234,,0,0.000395,57,0.000007,0,2,2,0,2,2
24202328,,0,0.014241,1,0.000007,0,6,6,0,6,6
24137007,,0,0.000394,57,0.000007,0,1,1,0,1,1
24124995,,0,0.000621,57,0.000007,0,2,2,0,2,2
24100274,,0,0.000685,57,0.000007,0,2,2,0,2,2
24071852,,0,0.000681,69,0.000007,0,2,2,0,2,2
24040396,,0.000045,0.001056,231,0.000014,6,21,27,6,21,27
24025432,,0,0.000395,57,0.000007,0,2,2,0,2,2
24000320,,0,0.000398,265,0.000007,0,2,2,0,2,2
23989060,,0,0.000394,57,0.000007,0,1,1,0,1,1
23977391,,0,0.000769,57,0.000007,0,4,4,0,4,4
23974097,,0,0.000862,231,0.000007,0,6,6,0,6,6
23941728,,0,0.000394,57,0.000007,0,1,1,0,1,1
23928451,,0,0.000394,57,0.000007,0,1,1,0,1,1
23924833,,0,0.000394,57,0.000007,0,1,1,0,1,1
23904462,,0,0.000396,57,0.000007,0,2,2,0,2,2
23824136,,0,0.000394,57,0.000007,0,1,1,0,1,1
23811932,,0,0.000394,57,0.000007,0,1,1,0,1,1
23745766,,0,0.000714,57,0.000007,0,3,3,0,3,3
23729884,,0,0.0006,232,0.000007,0,2,2,0,2,2
23728291,,0,0.000394,57,0.000007,0,1,1,0,1,1
23720673,,0,0.000408,231,0.000007,0,4,4,0,4,4
23707303,,0.000224,0.001366,57,0.000043,12,9,21,12,9,21
23705030,,0,0.000468,247,0.000007,0,3,3,0,3,3
23618492,,0,0.00044,176,0.000007,0,2,2,0,2,2
23610416,,0,0.000751,100,0.000007,0,3,3,0,3,3
23577291,,0,0.000531,57,0.000007,0,2,2,0,2,2
23548139,,0,0.002319,100,0.000007,0,9,9,0,9,9
23496831,,0,0.000394,57,0.000007,0,1,1,0,1,1
23437280,,0,0.000398,57,0.000007,0,2,2,0,2,2
23418564,,0,0.000398,90,0.000007,0,2,2,0,2,2
23358251,,0,0.000394,57,0.000007,0,1,1,0,1,1
23322783,,0,0.000394,57,0.000007,0,1,1,0,1,1
23302228,,0,0.000394,57,0.000007,0,1,1,0,1,1
23249749,,0,0.005988,1,0.000007,0,6,6,0,6,6
23209746,,0,0.000541,24,0.000007,0,2,2,0,2,2
23145148,,0,0.000844,57,0.000007,0,2,2,0,2,2
23139272,,0,0.000394,57,0.000007,0,1,1,0,1,1
23095635,,0,0.000425,100,0.000007,0,2,2,0,2,2
23071463,,0,0.000394,57,0.000007,0,1,1,0,1,1
23045526,,0,0.000713,100,0.000007,0,5,5,0,5,5
22979979,,0,0.000903,69,0.000007,0,4,4,0,4,4
22934142,,0,0.000394,57,0.000007,0,1,1,0,1,1
22927776,,0,0.000399,231,0.000007,0,2,2,0,2,2
22913836,,0,0.000394,57,0.000007,0,1,1,0,1,1
22899653,,0,0.000445,24,0.000007,0,2,2,0,2,2
22867945,,0,0.000394,232,0.000007,0,2,2,0,2,2
22848752,,0,0.000394,57,0.000007,0,1,1,0,1,1
22753261,,0,0.000394,57,0.000007,0,1,1,0,1,1
22751501,,0,0.000394,57,0.000007,0,1,1,0,1,1
22725639,,0,0.000598,57,0.000007,0,3,3,0,3,3
22684505,,0,0.000394,57,0.000007,0,1,1,0,1,1
22583656,,0,0.000394,57,0.000007,0,1,1,0,1,1
22410779,,0,0.000394,57,0.000007,0,1,1,0,1,1
22388000,,0,0.000394,57,0.000007,0,1,1,0,1,1
22384045,,0,0.000434,176,0.000007,0,3,3,0,3,3
22355784,,0,0.000394,57,0.000007,0,1,1,0,1,1
22334513,,0,0.000394,57,0.000007,0,1,1,0,1,1
22331358,,0,0.000419,35,0.000007,0,2,2,0,2,2
22265216,,0,0.000394,57,0.000007,0,1,1,0,1,1
22064858,,0,0.000394,57,0.000007,0,1,1,0,1,1
21980462,,0,0.000394,57,0.000007,0,1,1,0,1,1
21979466,,0,0.000394,57,0.000007,0,1,1,0,1,1
21962002,,0,0.000394,57,0.000007,0,1,1,0,1,1
21927617,,0,0.000406,176,0.000007,0,2,2,0,2,2
21912525,,0,0.000394,57,0.000007,0,1,1,0,1,1
21875370,,0,0.000394,57,0.000007,0,2,2,0,2,2
21844338,,0,0.000394,57,0.000007,0,1,1,0,1,1
21750527,,0,0.002566,100,0.000007,0,5,5,0,5,5
21749859,,0,0.000394,57,0.000007,0,1,1,0,1,1
21747117,,0,0.000394,57,0.000007,0,1,1,0,1,1
21722985,,0,0.011029,100,0.000007,0,7,7,0,7,7
21718709,,0,0.000394,57,0.000007,0,1,1,0,1,1
21654209,,0,0.000412,232,0.000007,0,2,2,0,2,2
21632523,,0,0.000778,231,0.000007,0,6,6,0,6,6
21612598,,0,0.00136,100,0.000007,0,6,6,0,6,6
21603316,,0,0.024052,1,0.000007,0,13,13,0,13,13
21575261,,0,0.00049,57,0.000007,0,4,4,0,4,4
21511873,,0,0.000495,57,0.000007,0,2,2,0,2,2
21437275,,0,0.000394,57,0.000007,0,1,1,0,1,1
21393386,,0,0.000419,176,0.000007,0,2,2,0,2,2
21296624,,0,0.000394,57,0.000007,0,1,1,0,1,1
21261999,,0,0.007695,1,0.000007,0,7,7,0,7,7
21219611,,0,0.001316,100,0.000007,0,4,4,0,4,4
21175352,,0,0.000394,57,0.000007,0,1,1,0,1,1
21035407,,0,0.000435,100,0.000007,0,2,2,0,2,2
20864035,,0,0.000394,57,0.000007,0,1,1,0,1,1
20824055,,0,0.000489,57,0.000007,0,2,2,0,2,2
20805320,,0,0.00128,100,0.000007,0,3,3,0,3,3
20802511,,0,0.000394,57,0.000007,0,1,1,0,1,1
20706767,,0,0.000525,1,0.000007,0,2,2,0,2,2
20699221,,0,0.000421,57,0.000007,0,2,2,0,2,2
20668524,,0,0.000394,57,0.000007,0,1,1,0,1,1
20619549,,0,0.000394,57,0.000007,0,1,1,0,1,1
20579983,,0,0.000394,57,0.000007,0,1,1,0,1,1
20543558,,0,0.000394,57,0.000007,0,1,1,0,1,1
20537148,,0,0.000394,57,0.000007,0,1,1,0,1,1
20515744,,0,0.000394,57,0.000007,0,1,1,0,1,1
20514355,,0,0.000394,57,0.000007,0,1,1,0,1,1
20507342,,0,0.000394,57,0.000007,0,1,1,0,1,1
20495614,,0,0.00102,100,0.000007,0,3,3,0,3,3
20478923,,0,0.000432,231,0.000007,0,4,4,0,4,4
20420946,,0,0.000394,57,0.000007,0,1,1,0,1,1
20356374,,0,0.000493,100,0.000007,0,3,3,0,3,3
20231360,,0,0.0118,1,0.000007,0,5,5,0,5,5
20126263,,0,0.00106,100,0.000007,0,5,5,0,5,5
20111042,,0,0.000394,57,0.000007,0,1,1,0,1,1
20060491,,0,0.000394,57,0.000007,0,1,1,0,1,1
20060490,,0,0.000442,176,0.000007,0,3,3,0,3,3
19918320,,0,0.000394,57,0.000007,0,1,1,0,1,1
19892829,,0,0.000394,57,0.000007,0,1,1,0,1,1
19847258,,0,0.009661,1,0.000007,0,4,4,0,4,4
19820454,,0,0.000419,35,0.000007,0,2,2,0,2,2
19820166,,0,0.000394,57,0.000007,0,1,1,0,1,1
19652551,,0,0.00043,57,0.000007,0,2,2,0,2,2
19651902,,0,0.000394,57,0.000007,0,1,1,0,1,1
19629071,,0,0.000409,137,0.000007,0,2,2,0,2,2
19628630,,0,0.000394,57,0.000007,0,1,1,0,1,1
19615770,,0,0.000488,57,0.000007,0,2,2,0,2,2
19606890,,0,0.000394,57,0.000007,0,1,1,0,1,1
19605351,,0,0.00049,57,0.000007,0,2,2,0,2,2
19563125,,0,0.000401,57,0.000007,0,2,2,0,2,2
19549901,,0,0.000394,57,0.000007,0,1,1,0,1,1
19528229,,0,0.000394,57,0.000007,0,1,1,0,1,1
19451691,,0,0.000394,57,0.000007,0,1,1,0,1,1
19425167,,0,0.000545,100,0.000007,0,3,3,0,3,3
19339515,,0,0.000409,100,0.000007,0,2,2,0,2,2
19327367,,0,0.00046,100,0.000007,0,2,2,0,2,2
19327040,,0,0.000394,57,0.000007,0,1,1,0,1,1
19308707,,0,0.000394,57,0.000007,0,1,1,0,1,1
19244311,,0,0.000621,57,0.000007,0,2,2,0,2,2
19214211,,0,0.000394,57,0.000007,0,1,1,0,1,1
19151086,,0,0.000394,57,0.000007,0,1,1,0,1,1
19098005,,0,0.000394,57,0.000007,0,1,1,0,1,1
19092802,,0,0.000475,57,0.000007,0,2,2,0,2,2
19057669,,0,0.000394,57,0.000007,0,1,1,0,1,1
19010885,,0.00493,0.000762,57,0.000083,35,4,39,35,4,39
18957425,,0,0.000394,57,0.000007,0,1,1,0,1,1
18845680,,0,0.000394,57,0.000007,0,1,1,0,1,1
18809569,,0,0.000394,57,0.000007,0,1,1,0,1,1
18723495,,0,0.000394,57,0.000007,0,1,1,0,1,1
18647995,,0,0.000394,57,0.000007,0,1,1,0,1,1
18634905,,0,0.000394,57,0.000007,0,1,1,0,1,1
18585101,,0,0.000394,57,0.000007,0,1,1,0,1,1
18541670,,0,0.00046,100,0.000007,0,2,2,0,2,2
18498130,,0,0.000394,57,0.000007,0,1,1,0,1,1
18478111,,0,0.000394,57,0.000007,0,1,1,0,1,1
18457328,,0,0.000405,82,0.000007,0,2,2,0,2,2
18426916,,0,0.000572,57,0.000007,0,2,2,0,2,2
18397884,,0,0.000394,57,0.000007,0,1,1,0,1,1
18356148,,0,0.000394,57,0.000007,0,1,1,0,1,1
18313386,,0,0.000394,57,0.000007,0,1,1,0,1,1
18250087,,0,0.000394,57,0.000007,0,1,1,0,1,1
18245343,,0,0.000394,57,0.000007,0,1,1,0,1,1
18218118,,0,0.000442,140,0.000007,0,3,3,0,3,3
18161924,,0,0.000394,57,0.000007,0,1,1,0,1,1
18033323,,0,0.000458,57,0.000007,0,4,4,0,4,4
18023605,,0,0.000394,57,0.000007,0,1,1,0,1,1
17986315,,0,0.000404,231,0.000007,0,3,3,0,3,3
17979628,,0,0.000394,57,0.000007,0,1,1,0,1,1
17948054,,0,0.000394,57,0.000007,0,1,1,0,1,1
17851762,,0,0.00054,231,0.000007,0,4,4,0,4,4
17762868,,0,0.000394,57,0.000007,0,1,1,0,1,1
17724078,,0,0.000394,57,0.000007,0,1,1,0,1,1
17705814,,0,0.000396,57,0.000007,0,2,2,0,2,2
17689491,,0,0.000394,57,0.000007,0,1,1,0,1,1
17686666,,0,0.000394,57,0.000007,0,1,1,0,1,1
17594496,,0,0.000394,57,0.000007,0,1,1,0,1,1
17565964,,0,0.000484,57,0.000007,0,2,2,0,2,2
17491589,,0,0.000394,57,0.000007,0,1,1,0,1,1
17486118,,0,0.000394,57,0.000007,0,1,1,0,1,1
17366825,,0,0.000394,57,0.000007,0,1,1,0,1,1
17353272,,0,0.000394,57,0.000007,0,1,1,0,1,1
17242356,,0,0.000394,57,0.000007,0,1,1,0,1,1
17157028,,0,0.000533,100,0.000007,0,4,4,0,4,4
17088286,,0,0.00922,57,0.000007,0,2,2,0,2,2
17041215,,0,0.00046,100,0.000007,0,2,2,0,2,2
16951256,,0,0.000516,57,0.000007,0,2,2,0,2,2
16880786,,0,0.000394,57,0.000007,0,1,1,0,1,1
16759382,,0,0.000394,57,0.000007,0,1,1,0,1,1
16556909,,0,0.00922,57,0.000007,0,2,2,0,2,2
16497868,,0,0.000394,57,0.000007,0,1,1,0,1,1
16449653,,0,0.000394,57,0.000007,0,1,1,0,1,1
16432240,,0,0.001555,57,0.000007,0,2,2,0,2,2
16425368,,0,0.000394,57,0.000007,0,1,1,0,1,1
16330708,,0,0.000394,57,0.000007,0,1,1,0,1,1
16284271,,0,0.000394,57,0.000007,0,1,1,0,1,1
16091150,,0,0.000497,231,0.000007,0,3,3,0,3,3
16091149,,0,0.000394,57,0.000007,0,1,1,0,1,1
16055714,,0,0.000394,57,0.000007,0,1,1,0,1,1
16024805,,0,0.000394,57,0.000007,0,1,1,0,1,1
15923642,,0,0.000394,57,0.000007,0,1,1,0,1,1
15914672,,0,0.000394,57,0.000007,0,1,1,0,1,1
15687264,,0,0.000394,57,0.000007,0,1,1,0,1,1
15611176,,0,0.000394,57,0.000007,0,1,1,0,1,1
15545322,,0,0.000394,57,0.000007,0,1,1,0,1,1
15542845,,0,0.000486,100,0.000007,0,2,2,0,2,2
15536124,,0,0.000394,57,0.000007,0,1,1,0,1,1
15514023,,0,0.000394,57,0.000007,0,1,1,0,1,1
15456866,,0,0.000394,57,0.000007,0,1,1,0,1,1
15184655,,0,0.000867,57,0.000007,0,2,2,0,2,2
15159415,,0,0.000596,100,0.000007,0,2,2,0,2,2
15146062,,0,0.000865,247,0.000007,0,3,3,0,3,3
15105825,,0,0.000394,57,0.000007,0,1,1,0,1,1
14711989,,0,0.000394,57,0.000007,0,1,1,0,1,1
14668484,,0,0.000394,57,0.000007,0,1,1,0,1,1
14654698,,0,0.000394,57,0.000007,0,1,1,0,1,1
14612396,,0,0.000394,57,0.000007,0,1,1,0,1,1
12941707,,0,0.000394,57,0.000007,0,1,1,0,1,1
12909717,,0,0.00049,100,0.000007,0,3,3,0,3,3
12908878,,0,0.000394,57,0.000007,0,1,1,0,1,1
12897131,,0,0.000394,57,0.000007,0,1,1,0,1,1
12875964,,0,0.000394,57,0.000007,0,1,1,0,1,1
12750463,,0,0.000963,57,0.000007,0,2,2,0,2,2
12743297,,0,0.000394,57,0.000007,0,1,1,0,1,1
12732713,,0,0.000394,57,0.000007,0,1,1,0,1,1
12554671,,0,0.000394,57,0.000007,0,1,1,0,1,1
12507917,,0,0.000394,57,0.000007,0,1,1,0,1,1
12488588,,0,0.000643,100,0.000007,0,3,3,0,3,3
12242235,,0,0.000394,57,0.000007,0,1,1,0,1,1
12202754,,0,0.000394,57,0.000007,0,1,1,0,1,1
12196391,,0,0.000394,57,0.000007,0,1,1,0,1,1
12110601,,0,0.000394,57,0.000007,0,1,1,0,1,1
12082545,,0,0.000394,57,0.000007,0,1,1,0,1,1
11972346,,0,0.000394,57,0.000007,0,1,1,0,1,1
11861900,,0,0.000394,57,0.000007,0,1,1,0,1,1
11788727,,0,0.000394,57,0.000007,0,1,1,0,1,1
11244506,,0.006804,0,90,0.00018,67,0,67,67,0,67
29974997,,0,0.000189,90,0.000007,0,3,3,0,3,3
27869737,,0,0.00013,90,0.000007,0,1,1,0,1,1
25246776,,0,0.000385,184,0.000007,0,7,7,0,7,7
24482576,,0,0.012072,5,0.000007,0,21,21,0,21,21
24325835,,0.000036,0.00057,90,0.000044,8,12,20,8,12,20
24274751,,0,0.00037,90,0.000007,0,3,3,0,3,3
24223121,,0,0.00035,90,0.000016,2,6,8,2,6,8
23795205,,0,0.00013,90,0.000007,0,1,1,0,1,1
23285092,,0,0.00013,90,0.000007,0,1,1,0,1,1
22349934,,0,0.000149,232,0.000007,0,2,2,0,2,2
18665173,,0,0.000183,90,0.000007,0,2,2,0,2,2
14979916,,0,0.00013,90,0.000007,0,1,1,0,1,1
29111564,,0,0.000348,231,0.000007,0,4,4,0,4,4
26339569,,0,0.000487,231,0.000007,0,8,8,0,8,8
25932169,,0.000125,0.002208,231,0.000007,1,14,15,1,14,15
25099575,,0,0.005167,100,0.000007,0,17,17,0,17,17
24431225,,0,0.00004,231,0.000007,0,1,1,0,1,1
22329458,,0,0.008415,24,0.000007,0,16,16,0,16,16
21951951,,0,0.00004,231,0.000007,0,1,1,0,1,1
21799032,,0.003153,0.002721,100,0.000032,21,11,32,21,11,32
20602259,,0,0.000273,231,0.000007,0,4,4,0,4,4
16331887,,0,0.000117,231,0.000007,0,5,5,0,5,5
15659661,,0,0.00004,231,0.000007,0,1,1,0,1,1
15367671,,0,0.001581,100,0.000007,0,5,5,0,5,5
12242219,,0,0.00004,231,0.000007,0,1,1,0,1,1
11248423,,0.0002,0,89,0.000009,3,0,3,3,0,3
19465903,,0,0.000037,35,0.000007,0,2,2,0,2,2
19094228,,0,0.001482,231,0.000007,0,8,8,0,8,8
18283315,,0,0.000096,90,0.000007,0,2,2,0,2,2
24877145,,0,0.000088,90,0.000007,0,4,4,0,4,4
18454159,,0,0.000024,35,0.000007,0,1,1,0,1,1
27009803,,0,0.009123,1,0.000007,0,6,6,0,6,6
24108097,,0,0.000007,100,0.000007,0,1,1,0,1,1
19690635,,0,0.000124,279,0.000007,0,2,2,0,2,2
29703163,,0,0.000001,279,0.000007,0,1,1,0,1,1
26350565,,0,0.000001,279,0.000007,0,1,1,0,1,1
12686721,,0,0.000001,279,0.000007,0,1,1,0,1,1
30079159,,0,0.000228,89,0.000007,0,14,14,0,14,14
25908910,,0,0.016175,89,0.000007,0,14,14,0,14,14
22933969,,0.000006,0.000006,89,0.000009,1,1,2,1,1,2
12890290,,0,0.000006,89,0.000007,0,1,1,0,1,1
30013776,,0,0.012904,1,0.000007,0,14,14,0,14,14
29139326,,0,0.007762,69,0.000007,0,3,3,0,3,3
28250726,,0.000633,0.005193,1,0.000009,3,15,18,3,15,18
26992853,,0,0.001208,100,0.000007,0,2,2,0,2,2
25868856,,0,0.001382,100,0.000007,0,7,7,0,7,7
21423216,,0,0.000047,100,0.000007,0,1,1,0,1,1
20371513,,0,0.000274,100,0.000007,0,2,2,0,2,2
11251173,,0.000022,0,231,0.000009,1,0,1,1,0,1
27782108,,0.00011,0.003098,231,0.000008,2,8,10,2,8,10
11251181,,0.000411,0,89,0.000008,3,0,3,3,0,3
30345041,,0,0,35,0.000007,0,1,1,0,1,1
11251959,,0.000003,0,35,0.000054,9,0,9,9,0,9
29136604,,0,0,35,0.000007,0,1,1,0,1,1
28795131,,0,0,35,0.000007,0,1,1,0,1,1
23589725,,0,0,35,0.000007,0,1,1,0,1,1
21294883,,0,0,35,0.000007,0,1,1,0,1,1
21244653,,0,0.00008,35,0.000007,0,2,2,0,2,2
20814443,,0,0.000066,35,0.000007,0,3,3,0,3,3
20737031,,0,0,35,0.000007,0,1,1,0,1,1
18543395,,0,0,35,0.000007,0,1,1,0,1,1
30312170,,0,0.000371,41,0.000007,0,3,3,0,3,3
11257103,,0.016128,0,41,0.00038,133,0,133,133,0,133
30181513,,0,0.005556,5,0.000007,0,23,23,0,23,23
30143682,,0,0.000333,69,0.000007,0,2,2,0,2,2
30086794,,0,0.000308,41,0.000007,0,1,1,0,1,1
30049288,,0.000001,0.000917,279,0.000008,1,17,18,1,17,18
30017913,,0,0.000308,41,0.000007,0,1,1,0,1,1
29945886,,0,0.00042,5,0.000007,0,5,5,0,5,5
29788371,,0,0.001966,89,0.000007,0,7,7,0,7,7
29556910,,0,0.000587,5,0.000007,0,3,3,0,3,3
29490606,,0,0.000336,100,0.000007,0,3,3,0,3,3
29438405,,0,0.000413,89,0.000007,0,4,4,0,4,4
29023534,,0,0.001485,1,0.000007,0,5,5,0,5,5
28956810,,0,0.00038,41,0.000007,0,3,3,0,3,3
28886275,,0,0.010756,1,0.000007,0,11,11,0,11,11
28591715,,0,0.008582,205,0.000007,0,7,7,0,7,7
28587301,,0,0.000587,41,0.000007,0,2,2,0,2,2
28481278,,0,0.000308,41,0.000007,0,1,1,0,1,1
28323334,,0.00002,0.035675,1,0.000012,3,39,42,3,39,42
28078645,,0.001574,0.052982,1,0.000015,5,40,45,5,40,45
28061747,,0,0.000308,41,0.000007,0,1,1,0,1,1
27793035,,0.000091,0.001668,1,0.000008,2,17,19,2,17,19
27633757,,0,0.000308,41,0.000007,0,1,1,0,1,1
27410681,,0,0.001334,1,0.000007,0,4,4,0,4,4
27410227,,0.000002,0.000395,24,0.000021,3,4,7,3,4,7
27358852,,0,0.001175,90,0.000019,2,5,7,2,5,7
27338373,,0.000001,0.000448,241,0.000057,10,4,14,10,4,14
27179759,,0,0.001257,176,0.000056,8,4,12,8,4,12
27087632,,0.004002,0.032735,1,0.00001,9,31,40,9,31,40
27014632,,0,0.000332,41,0.000007,0,2,2,0,2,2
26997268,,0,0.000692,41,0.000037,5,2,7,5,2,7
26870836,,0,0.007237,1,0.000007,0,3,3,0,3,3
26704768,,0.000009,0.001414,90,0.00002,4,9,13,4,9,13
26483956,,0,0.000308,41,0.000007,0,1,1,0,1,1
26379698,,0,0.003239,100,0.000007,0,16,16,0,16,16
26079304,,0,0.001661,100,0.000007,0,5,5,0,5,5
26045303,,0,0.000308,24,0.000007,0,2,2,0,2,2
25931524,,0,0.000308,41,0.000007,0,1,1,0,1,1
25732747,,0,0.000311,41,0.000007,0,2,2,0,2,2
25728513,,0,0.000326,41,0.000007,0,2,2,0,2,2
25635998,,0,0.000481,41,0.000007,0,5,5,0,5,5
25628761,,0,0.00049,41,0.000007,0,2,2,0,2,2
25161703,,0,0.000695,41,0.000007,0,3,3,0,3,3
23747565,,0,0.000885,90,0.000007,0,7,7,0,7,7
22759382,,0,0.005516,41,0.000007,0,3,3,0,3,3
22713658,,0,0.000308,41,0.000007,0,1,1,0,1,1
21989215,,0.009182,0.030248,1,0.00017,65,16,81,65,16,81
21652640,,0,0.000308,41,0.000007,0,1,1,0,1,1
21461994,,0.00017,0.000735,69,0.000046,8,8,16,8,8,16
21295272,,0.008414,0.003163,35,0.000358,138,13,151,138,13,151
20655306,,0,0.000308,41,0.000007,0,1,1,0,1,1
20012355,,0,0.009406,1,0.000007,0,4,4,0,4,4
19534786,,0,0.000308,41,0.000007,0,1,1,0,1,1
19052325,,0,0.000343,41,0.000007,0,2,2,0,2,2
18988837,,0,0.000308,41,0.000007,0,1,1,0,1,1
18226181,,0,0.000308,41,0.000007,0,1,1,0,1,1
17908822,,0,0.000308,41,0.000007,0,1,1,0,1,1
17024122,,0,0.000334,205,0.000007,0,3,3,0,3,3
16756678,,0,0.000919,41,0.000007,0,2,2,0,2,2
28559769,,0,0.000531,89,0.000007,0,14,14,0,14,14
11257104,,0.001463,0,89,0.000053,16,0,16,16,0,16
27357824,,0,0.004975,5,0.000007,0,10,10,0,10,10
23446638,,0,0.000675,35,0.000007,0,5,5,0,5,5
22253860,,0,0.000033,89,0.000007,0,3,3,0,3,3
29078357,,0,0.000015,57,0.000007,0,1,1,0,1,1
11257107,,0.000778,0,57,0.000227,55,0,55,55,0,55
29061942,,0,0.000015,57,0.000007,0,1,1,0,1,1
28166452,,0,0.000585,100,0.000007,0,5,5,0,5,5
27761754,,0,0.000015,57,0.000007,0,1,1,0,1,1
27507734,,0,0.00008,57,0.000007,0,2,2,0,2,2
26632267,,0.000397,0.005524,69,0.000142,30,10,40,30,10,40
26241669,,0,0.000993,100,0.000007,0,7,7,0,7,7
26215093,,0,0.000497,100,0.000007,0,5,5,0,5,5
25705270,,0,0.000015,57,0.000007,0,1,1,0,1,1
25513881,,0,0.000029,232,0.000007,0,3,3,0,3,3
25123227,,0,0.000113,279,0.000007,0,3,3,0,3,3
22039056,,0,0.000015,57,0.000007,0,1,1,0,1,1
20637196,,0,0.001299,100,0.000007,0,7,7,0,7,7
20409463,,0,0.000015,57,0.000007,0,1,1,0,1,1
19995795,,0,0.000015,57,0.000007,0,1,1,0,1,1
19017635,,0,0.000015,57,0.000007,0,1,1,0,1,1
18722555,,0,0.000127,176,0.000007,0,3,3,0,3,3
18346777,,0,0.000015,57,0.000007,0,1,1,0,1,1
17878217,,0,0.000015,57,0.000007,0,1,1,0,1,1
17255941,,0,0.000015,57,0.000007,0,1,1,0,1,1
17158923,,0,0.000015,57,0.000007,0,1,1,0,1,1
16936315,,0,0.000015,57,0.000007,0,1,1,0,1,1
16935879,,0,0.000015,57,0.000007,0,1,1,0,1,1
16595800,,0,0.000015,57,0.000007,0,1,1,0,1,1
16357221,,0,0.000015,57,0.000007,0,1,1,0,1,1
15616582,,0,0.000015,57,0.000007,0,1,1,0,1,1
15285011,,0,0.000015,57,0.000007,0,1,1,0,1,1
15065657,,0,0.000015,57,0.000007,0,1,1,0,1,1
14672538,,0,0.00008,57,0.000007,0,2,2,0,2,2
12853647,,0,0.000015,57,0.000007,0,1,1,0,1,1
12724426,,0,0.000015,57,0.000007,0,1,1,0,1,1
12475932,,0,0.000015,57,0.000007,0,1,1,0,1,1
12433984,,0,0.000015,57,0.000007,0,1,1,0,1,1
12242278,,0,0.001268,57,0.000007,0,3,3,0,3,3
12167668,,0,0.000015,57,0.000007,0,1,1,0,1,1
12048241,,0,0.000015,57,0.000007,0,1,1,0,1,1
12000843,,0,0.000015,57,0.000007,0,1,1,0,1,1
11598021,,0,0.000015,57,0.000007,0,1,1,0,1,1
30115631,,0,0.000068,100,0.000007,0,1,1,0,1,1
11257228,,0.003563,0,100,0.000298,77,0,77,77,0,77
29844877,,0,0.000335,265,0.000007,0,4,4,0,4,4
29751519,,0,0.000068,100,0.000007,0,1,1,0,1,1
28911119,,0,0.000068,100,0.000007,0,1,1,0,1,1
28783563,,0,0.000068,100,0.000007,0,1,1,0,1,1
28740723,,0,0.000082,100,0.000007,0,2,2,0,2,2
28715428,,0,0.000082,100,0.000007,0,2,2,0,2,2
28453393,,0,0.000068,100,0.000007,0,1,1,0,1,1
27462460,,0,0.000184,100,0.000007,0,3,3,0,3,3
26964895,,0,0.000099,100,0.000007,0,2,2,0,2,2
26400160,,0,0.000117,100,0.000007,0,2,2,0,2,2
25934501,,0,0.000068,100,0.000007,0,1,1,0,1,1
25893599,,0,0.000068,100,0.000007,0,1,1,0,1,1
25319826,,0,0.000068,100,0.000007,0,1,1,0,1,1
25081038,,0,0.000068,100,0.000007,0,1,1,0,1,1
24793760,,0,0.000068,100,0.000007,0,1,1,0,1,1
24618080,,0,0.000068,100,0.000007,0,1,1,0,1,1
24591651,,0,0.000068,100,0.000007,0,1,1,0,1,1
24358221,,0,0.000068,100,0.000007,0,1,1,0,1,1
24049082,,0,0.000117,100,0.000007,0,2,2,0,2,2
23905704,,0,0.000117,100,0.000007,0,2,2,0,2,2
23788651,,0,0.000068,100,0.000007,0,1,1,0,1,1
23658553,,0,0.000068,100,0.000007,0,1,1,0,1,1
23355614,,0,0.000068,100,0.000007,0,1,1,0,1,1
23219533,,0,0.000068,100,0.000007,0,1,1,0,1,1
21957020,,0,0.000068,100,0.000007,0,1,1,0,1,1
21956914,,0,0.000325,100,0.000007,0,3,3,0,3,3
21823232,,0,0.000109,100,0.000007,0,2,2,0,2,2
21289067,,0,0.000117,100,0.000007,0,2,2,0,2,2
21197473,,0,0.000076,100,0.000007,0,2,2,0,2,2
21119002,,0,0.000068,100,0.000007,0,1,1,0,1,1
21084869,,0,0.000117,100,0.000007,0,2,2,0,2,2
20379136,,0,0.000605,100,0.000007,0,3,3,0,3,3
20339349,,0,0.000068,100,0.000007,0,1,1,0,1,1
20044349,,0,0.000068,100,0.000007,0,1,1,0,1,1
19934316,,0,0.000117,100,0.000007,0,2,2,0,2,2
19217410,,0,0.000068,100,0.000007,0,1,1,0,1,1
19136632,,0,0.000068,100,0.000007,0,1,1,0,1,1
18479511,,0,0.000068,100,0.000007,0,1,1,0,1,1
18281463,,0,0.000068,100,0.000007,0,1,1,0,1,1
18256699,,0,0.000068,100,0.000007,0,1,1,0,1,1
18158581,,0,0.000068,100,0.000007,0,1,1,0,1,1
17923699,,0,0.000068,100,0.000007,0,1,1,0,1,1
16604083,,0,0.000213,100,0.000007,0,3,3,0,3,3
15659578,,0,0.00009,247,0.000007,0,2,2,0,2,2
15466434,,0,0.000068,100,0.000007,0,1,1,0,1,1
14704341,,0,0.000068,100,0.000007,0,1,1,0,1,1
14600023,,0,0.000068,100,0.000007,0,1,1,0,1,1
12773396,,0,0.000068,100,0.000007,0,1,1,0,1,1
12176925,,0,0.000068,100,0.000007,0,1,1,0,1,1
12000845,,0,0.000068,100,0.000007,0,1,1,0,1,1
11263928,,0.002583,0,69,0.000033,14,0,14,14,0,14
23814748,,0,0.000049,69,0.000007,0,2,2,0,2,2
19650204,,0,0.000049,69,0.000007,0,1,1,0,1,1
11263938,,0.001787,0,5,0.000023,13,0,13,13,0,13
26217607,,0,0.000047,5,0.000007,0,2,2,0,2,2
28497333,,0.000066,0.021349,1,0.00001,2,11,13,2,11,13
11263939,,0.00056,0,69,0.000015,3,0,3,3,0,3
27601996,,0,0.007789,69,0.000007,0,5,5,0,5,5
25069863,,0.000149,0.000223,69,0.00002,3,3,6,3,3,6
11270897,,0.000322,0,5,0.000039,11,0,11,11,0,11
25341112,,0.000994,0.000078,5,0.000017,8,4,12,8,4,12
25205405,,0,0.000162,5,0.000007,0,10,10,0,10,10
24519100,,0,0.001034,5,0.000007,0,14,14,0,14,14
20008584,,0,0.00003,5,0.000007,0,2,2,0,2,2
16686802,,0,0.000006,5,0.000007,0,1,1,0,1,1
17601865,,0,0.000021,5,0.000007,0,2,2,0,2,2
11275508,,0,0,5,0.00001,1,0,1,1,0,1
11278247,,0.025587,0,100,0.000587,172,0,172,172,0,172
30148069,,0,0.000601,100,0.000007,0,2,2,0,2,2
29335415,,0,0.001364,100,0.000007,0,10,10,0,10,10
28378844,,0,0.000488,100,0.000007,0,1,1,0,1,1
28154183,,0,0.000663,100,0.000007,0,2,2,0,2,2
26903517,,0.00051,0.002313,100,0.00002,9,6,15,9,6,15
26451611,,0,0.000507,232,0.000007,0,2,2,0,2,2
26053117,,0.000332,0.000977,100,0.00004,11,7,18,11,7,18
25887568,,0,0.008118,100,0.000007,0,5,5,0,5,5
25780774,,0,0.000672,100,0.000007,0,4,4,0,4,4
25281747,,0,0.000488,100,0.000007,0,1,1,0,1,1
24773014,,0,0.000512,90,0.000007,0,2,2,0,2,2
24662292,,0,0.000673,100,0.000007,0,2,2,0,2,2
24568254,,0,0.000795,100,0.000007,0,3,3,0,3,3
24349449,,0,0.000488,100,0.000007,0,1,1,0,1,1
23847653,,0,0.006369,100,0.000007,0,16,16,0,16,16
23150755,,0,0.000488,100,0.000007,0,1,1,0,1,1
23145173,,0,0.000729,100,0.000007,0,3,3,0,3,3
23115235,,0,0.004185,100,0.000007,0,10,10,0,10,10
23002429,,0,0.000673,100,0.000007,0,2,2,0,2,2
22992760,,0,0.000488,100,0.000007,0,1,1,0,1,1
22669973,,0,0.001022,100,0.000007,0,2,2,0,2,2
22586610,,0,0.000503,100,0.000007,0,2,2,0,2,2
22493164,,0,0.000716,100,0.000007,0,4,4,0,4,4
22266850,,0,0.000488,100,0.000007,0,1,1,0,1,1
22151701,,0,0.000488,100,0.000007,0,1,1,0,1,1
22130672,,0,0.000695,100,0.000007,0,3,3,0,3,3
21967848,,0,0.000984,100,0.000007,0,4,4,0,4,4
21730163,,0,0.000488,100,0.000007,0,1,1,0,1,1
21572037,,0,0.000488,100,0.000007,0,1,1,0,1,1
21372847,,0,0.000801,100,0.000007,0,3,3,0,3,3
21345212,,0,0.000488,100,0.000007,0,1,1,0,1,1
21147690,,0,0.003657,35,0.000007,0,2,2,0,2,2
20739517,,0,0.000673,100,0.000007,0,2,2,0,2,2
20423330,,0,0.000488,100,0.000007,0,1,1,0,1,1
20370332,,0,0.000488,100,0.000007,0,1,1,0,1,1
20172729,,0,0.000673,100,0.000007,0,2,2,0,2,2
19712108,,0,0.003197,100,0.000007,0,8,8,0,8,8
19706603,,0,0.000777,100,0.000007,0,2,2,0,2,2
19274461,,0,0.01074,100,0.000007,0,12,12,0,12,12
19147532,,0,0.000648,100,0.000007,0,3,3,0,3,3
18667531,,0,0.000531,100,0.000007,0,3,3,0,3,3
16880526,,0,0.000488,100,0.000007,0,1,1,0,1,1
16710298,,0.001171,0.0012,100,0.000588,138,5,143,138,5,143
16263936,,0,0.001099,100,0.000007,0,4,4,0,4,4
15577944,,0,0.000488,100,0.000007,0,1,1,0,1,1
14671314,,0,0.000914,100,0.000007,0,3,3,0,3,3
14507994,,0,0.001294,100,0.000007,0,5,5,0,5,5
12502808,,0,0.000488,100,0.000007,0,1,1,0,1,1
11278964,,0.00719,0,100,0.000462,50,0,50,50,0,50
27057549,,0,0.000137,100,0.000007,0,1,1,0,1,1
22833573,,0.005335,0.015274,1,0.000034,15,12,27,15,12,27
22453082,,0,0.000343,176,0.000007,0,2,2,0,2,2
21911475,,0,0.000137,100,0.000007,0,1,1,0,1,1
19004803,,0,0.000332,41,0.000007,0,2,2,0,2,2
21844812,,0.000716,0.000192,5,0.000023,12,4,16,12,4,16
11280948,,0.000164,0,5,0.000021,4,0,4,4,0,4
15149547,,0,0.000003,5,0.000007,0,1,1,0,1,1
11281714,,0.000141,0,100,0.00001,3,0,3,3,0,3
11284038,,0.000276,0,89,0.000021,9,0,9,9,0,9
20346131,,0,0.000005,89,0.000007,0,1,1,0,1,1
15477586,,0,0.000146,89,0.000007,0,5,5,0,5,5
11291047,,0.000005,0,35,0.00003,6,0,6,6,0,6
19586528,,0,0,35,0.000007,0,1,1,0,1,1
18823530,,0,0.000028,35,0.000007,0,2,2,0,2,2
18413710,,0,0,35,0.000007,0,1,1,0,1,1
18367646,,0,0,35,0.000007,0,1,1,0,1,1
26309576,,0,0,231,0.000007,0,1,1,0,1,1
11291049,,0.000002,0,231,0.00007,12,0,12,12,0,12
25759623,,0,0.000031,231,0.000007,0,2,2,0,2,2
20094781,,0,0,231,0.000007,0,1,1,0,1,1
19692670,,0,0,231,0.000007,0,1,1,0,1,1
19682468,,0,0,231,0.000007,0,1,1,0,1,1
18977467,,0,0,231,0.000007,0,1,1,0,1,1
18842621,,0,0,231,0.000007,0,1,1,0,1,1
17624589,,0,0.000045,231,0.000007,0,2,2,0,2,2
15987714,,0,0,231,0.000007,0,1,1,0,1,1
14754569,,0,0,231,0.000007,0,1,1,0,1,1
14562023,,0,0,231,0.000007,0,1,1,0,1,1
19834624,,0,0,231,0.000007,0,1,1,0,1,1
11291558,,0.000008,0,231,0.000027,4,0,4,4,0,4
16718784,,0,0,231,0.000007,0,1,1,0,1,1
12427788,,0,0,231,0.000007,0,1,1,0,1,1
11295099,,0.000367,0,100,0.000013,3,0,3,3,0,3
11301010,,0.023506,0,100,0.000539,218,0,218,218,0,218
30232006,,0,0.001759,100,0.000007,0,12,12,0,12,12
30047418,,0,0.001659,100,0.000007,0,8,8,0,8,8
29466248,,0,0.002079,100,0.000007,0,18,18,0,18,18
29370947,,0,0.001865,100,0.000007,0,4,4,0,4,4
29363433,,0,0.000448,100,0.000007,0,1,1,0,1,1
29273621,,0,0.001314,100,0.000007,0,11,11,0,11,11
29186203,,0,0.00114,100,0.000007,0,7,7,0,7,7
29138235,,0,0.004046,100,0.000007,0,21,21,0,21,21
29121674,,0,0.000951,100,0.000007,0,4,4,0,4,4
29070031,,0,0.000673,100,0.000007,0,2,2,0,2,2
28968953,,0,0.003261,100,0.000007,0,11,11,0,11,11
28594346,,0,0.001195,100,0.000007,0,10,10,0,10,10
28558075,,0,0.0029,100,0.000007,0,14,14,0,14,14
28382101,,0,0.000983,100,0.000007,0,8,8,0,8,8
28223401,,0,0.001067,100,0.000007,0,4,4,0,4,4
27621404,,0,0.000932,100,0.000007,0,4,4,0,4,4
27560145,,0,0.004832,100,0.000031,4,20,24,4,20,24
27376332,,0,0.001581,100,0.000007,0,8,8,0,8,8
27342280,,0,0.000957,100,0.000007,0,6,6,0,6,6
27325298,,0,0.000448,100,0.000007,0,1,1,0,1,1
27223403,,0,0.000584,100,0.000007,0,2,2,0,2,2
26921362,,0.000671,0.002056,205,0.00002,14,15,29,14,15,29
26870246,,0.000062,0.001596,100,0.000008,1,10,11,1,10,11
26790966,,0.000076,0.001527,100,0.000008,2,18,20,2,18,20
26711789,,0,0.001342,100,0.000007,0,8,8,0,8,8
26264438,,0,0.000807,231,0.000007,0,2,2,0,2,2
26160335,,0,0.000759,100,0.000007,0,7,7,0,7,7
26055704,,0,0.001934,100,0.000007,0,9,9,0,9,9
25906194,,0,0.001729,100,0.000007,0,5,5,0,5,5
25880765,,0,0.001446,100,0.000007,0,4,4,0,4,4
25869245,,0,0.003713,100,0.000007,0,12,12,0,12,12
25765652,,0,0.000901,100,0.000007,0,2,2,0,2,2
25655665,,0,0.001181,100,0.000007,0,4,4,0,4,4
25374583,,0.00095,0.003304,100,0.000033,19,20,39,19,20,39
25058500,,0,0.001105,100,0.000007,0,6,6,0,6,6
24895130,,0,0.000966,100,0.000007,0,6,6,0,6,6
24636070,,0,0.003047,48,0.000007,0,4,4,0,4,4
24573678,,0,0.002074,100,0.000007,0,15,15,0,15,15
24560558,,0,0.000861,100,0.000007,0,3,3,0,3,3
24487782,,0,0.001681,100,0.000007,0,8,8,0,8,8
24357409,,0,0.000901,100,0.000007,0,2,2,0,2,2
24351291,,0.000636,0.001607,100,0.000012,9,7,16,9,7,16
24086532,,0,0.001185,100,0.000007,0,7,7,0,7,7
23530069,,0,0.00086,100,0.000007,0,3,3,0,3,3
23276657,,0,0.002631,100,0.000007,0,13,13,0,13,13
23219604,,0,0.000485,100,0.000007,0,4,4,0,4,4
23161009,,0,0.001906,100,0.000007,0,8,8,0,8,8
23108394,,0,0.001872,100,0.000007,0,8,8,0,8,8
23021409,,0.000336,0.002183,100,0.00002,8,16,24,8,16,24
22751483,,0,0.001917,100,0.000013,1,7,8,1,7,8
22690333,,0,0.001446,100,0.000007,0,4,4,0,4,4
22678995,,0,0.000448,100,0.000007,0,1,1,0,1,1
22652765,,0,0.000769,100,0.000007,0,2,2,0,2,2
22582397,,0,0.002374,100,0.000007,0,8,8,0,8,8
22287629,,0,0.002267,100,0.000007,0,12,12,0,12,12
22086652,,0,0.003602,100,0.000007,0,11,11,0,11,11
22046493,,0.001747,0.004462,100,0.000022,10,18,28,10,18,28
21962895,,0,0.001962,100,0.000007,0,7,7,0,7,7
21943249,,0,0.000669,100,0.000007,0,3,3,0,3,3
21533002,,0.000867,0.002473,100,0.000025,8,12,20,8,12,20
21509200,,0,0.000667,100,0.000007,0,3,3,0,3,3
20980836,,0,0.002799,100,0.000007,0,14,14,0,14,14
20978114,,0,0.001769,100,0.000007,0,6,6,0,6,6
20670277,,0,0.001819,100,0.000007,0,12,12,0,12,12
20639400,,0,0.0021,100,0.000007,0,15,15,0,15,15
20159562,,0,0.002525,100,0.000007,0,6,6,0,6,6
19748362,,0,0.000723,100,0.000007,0,4,4,0,4,4
19419957,,0,0.002436,100,0.000007,0,12,12,0,12,12
19379763,,0,0.003179,100,0.000007,0,14,14,0,14,14
19245831,,0,0.000769,100,0.000007,0,2,2,0,2,2
19150983,,0,0.002739,100,0.000007,0,12,12,0,12,12
19129219,,0,0.002889,100,0.000007,0,13,13,0,13,13
19127258,,0.000929,0.000968,100,0.000019,10,4,14,10,4,14
19116006,,0,0.005924,1,0.000007,0,3,3,0,3,3
19099189,,0,0.002516,100,0.000007,0,14,14,0,14,14
19074432,,0,0.000957,100,0.000007,0,3,3,0,3,3
19056696,,0,0.001136,100,0.000007,0,4,4,0,4,4
18978354,,0,0.001862,100,0.000007,0,7,7,0,7,7
18931676,,0,0.002415,100,0.000007,0,7,7,0,7,7
18842708,,0,0.000448,100,0.000007,0,1,1,0,1,1
18426915,,0,0.002062,100,0.000007,0,11,11,0,11,11
18086896,,0,0.002973,100,0.000007,0,13,13,0,13,13
17504528,,0.000944,0.002709,100,0.000036,13,12,25,13,12,25
17145708,,0.001604,0.001744,100,0.000045,26,9,35,26,9,35
17062629,,0,0.000669,100,0.000007,0,3,3,0,3,3
15955849,,0,0.000669,100,0.000007,0,3,3,0,3,3
12466546,,0,0.000448,100,0.000007,0,1,1,0,1,1
11713276,,0,0.000448,100,0.000007,0,1,1,0,1,1
11304778,,0.002119,0,89,0.000019,16,0,16,16,0,16
26327352,,0,0.010342,1,0.000007,0,9,9,0,9,9
16690677,,0,0.000002,35,0.000007,0,1,1,0,1,1
11306454,,0.000061,0,100,0.000008,1,0,1,1,0,1
11307153,,0.000836,0,89,0.000013,6,0,6,6,0,6
30360391,,0,0.000098,279,0.000007,0,1,1,0,1,1
11309270,,0.005113,0,279,0.00223,404,0,404,404,0,404
30288105,,0,0.000098,279,0.000007,0,1,1,0,1,1
30204756,,0,0.008938,279,0.000007,0,3,3,0,3,3
30079218,,0,0.000098,279,0.000007,0,1,1,0,1,1
30049201,,0,0.000571,279,0.000007,0,23,23,0,23,23
29927694,,0,0.000098,279,0.000007,0,1,1,0,1,1
29896273,,0,0.000098,279,0.000007,0,1,1,0,1,1
29893918,,0,0.000098,279,0.000007,0,1,1,0,1,1
29675180,,0,0.000098,279,0.000007,0,1,1,0,1,1
29538041,,0,0.000098,279,0.000007,0,1,1,0,1,1
29511477,,0,0.000098,279,0.000007,0,1,1,0,1,1
29361757,,0,0.000098,279,0.000007,0,1,1,0,1,1
29216900,,0,0.000098,279,0.000007,0,1,1,0,1,1
29190932,,0,0.000104,279,0.000007,0,2,2,0,2,2
29172290,,0,0.000098,279,0.000007,0,1,1,0,1,1
29026785,,0,0.000111,279,0.000007,0,3,3,0,3,3
28950679,,0,0.0001,279,0.000007,0,2,2,0,2,2
28832112,,0,0.000098,279,0.000007,0,1,1,0,1,1
28795735,,0,0.000098,279,0.000007,0,1,1,0,1,1
28569220,,0.000019,0.011259,1,0.000009,1,28,29,1,28,29
28418032,,0,0.000098,279,0.000007,0,1,1,0,1,1
28401148,,0,0.000098,279,0.000007,0,1,1,0,1,1
28367075,,0,0.000138,90,0.000007,0,5,5,0,5,5
28298646,,0,0.000098,279,0.000007,0,1,1,0,1,1
28232479,,0,0.000098,279,0.000007,0,1,1,0,1,1
28198667,,0,0.000098,279,0.000007,0,1,1,0,1,1
28184004,,0,0.000098,279,0.000007,0,1,1,0,1,1
28096468,,0,0.000098,279,0.000007,0,1,1,0,1,1
28093071,,0,0.000098,279,0.000007,0,1,1,0,1,1
28084441,,0,0.000098,279,0.000007,0,1,1,0,1,1
27907054,,0,0.000121,279,0.000007,0,2,2,0,2,2
27845398,,0,0.000098,279,0.000007,0,1,1,0,1,1
27794041,,0,0.000098,279,0.000007,0,1,1,0,1,1
27738327,,0,0.000098,279,0.000007,0,1,1,0,1,1
27703524,,0,0.000109,279,0.000007,0,2,2,0,2,2
27688749,,0,0.000098,279,0.000007,0,1,1,0,1,1
27671170,,0,0.000098,279,0.000007,0,1,1,0,1,1
27661436,,0,0.000098,279,0.000007,0,1,1,0,1,1
27602165,,0,0.000099,279,0.000007,0,2,2,0,2,2
27600234,,0,0.000107,89,0.000007,0,2,2,0,2,2
27528092,,0,0.000098,279,0.000007,0,1,1,0,1,1
27347114,,0,0.000098,279,0.000007,0,1,1,0,1,1
27317771,,0,0.000098,279,0.000007,0,1,1,0,1,1
27065772,,0,0.000163,279,0.000007,0,6,6,0,6,6
26969414,,0,0.000104,279,0.000007,0,2,2,0,2,2
26634009,,0,0.000098,279,0.000007,0,1,1,0,1,1
26618174,,0,0.000121,279,0.000007,0,2,2,0,2,2
26463173,,0,0.000123,279,0.000007,0,2,2,0,2,2
26405546,,0,0.000098,279,0.000007,0,1,1,0,1,1
26393654,,0,0.000213,279,0.000007,0,7,7,0,7,7
26300994,,0,0.000101,279,0.000007,0,2,2,0,2,2
26216216,,0,0.000098,279,0.000007,0,1,1,0,1,1
26213212,,0,0.000098,279,0.000007,0,1,1,0,1,1
26120002,,0,0.000098,279,0.000007,0,1,1,0,1,1
26074775,,0,0.000098,279,0.000007,0,1,1,0,1,1
26038828,,0,0.000104,279,0.000007,0,2,2,0,2,2
25955299,,0,0.000098,279,0.000007,0,1,1,0,1,1
25945745,,0,0.000098,279,0.000007,0,1,1,0,1,1
25921605,,0,0.000098,279,0.000007,0,1,1,0,1,1
25908636,,0,0.000098,279,0.000007,0,1,1,0,1,1
25797072,,0,0.000251,279,0.000007,0,6,6,0,6,6
25741596,,0,0.000098,279,0.000007,0,1,1,0,1,1
25738352,,0,0.000098,279,0.000007,0,1,1,0,1,1
25644509,,0,0.000098,279,0.000007,0,1,1,0,1,1
25574068,,0,0.00015,69,0.000007,0,2,2,0,2,2
25564526,,0,0.000098,279,0.000007,0,1,1,0,1,1
25561800,,0,0.000098,279,0.000007,0,1,1,0,1,1
25500541,,0,0.000098,279,0.000007,0,1,1,0,1,1
25478438,,0,0.000098,279,0.000007,0,1,1,0,1,1
25460508,,0,0.000098,176,0.000007,0,2,2,0,2,2
25429365,,0,0.000098,279,0.000007,0,1,1,0,1,1
25394515,,0,0.000098,279,0.000007,0,1,1,0,1,1
25290169,,0,0.000098,279,0.000007,0,1,1,0,1,1
25279209,,0,0.000112,279,0.000007,0,2,2,0,2,2
25227144,,0,0.000098,279,0.000007,0,1,1,0,1,1
25202378,,0,0.000098,279,0.000007,0,1,1,0,1,1
25136840,,0,0.000098,279,0.000007,0,1,1,0,1,1
25111876,,0,0.000098,279,0.000007,0,1,1,0,1,1
25110429,,0,0.000098,279,0.000007,0,1,1,0,1,1
25088199,,0,0.000098,279,0.000007,0,1,1,0,1,1
25066711,,0,0.000098,279,0.000007,0,2,2,0,2,2
25009298,,0,0.000098,279,0.000007,0,1,1,0,1,1
24995714,,0,0.000098,279,0.000007,0,1,1,0,1,1
24976992,,0,0.000101,279,0.000007,0,2,2,0,2,2
24963497,,0,0.000098,279,0.000007,0,1,1,0,1,1
24948044,,0,0.000098,279,0.000007,0,1,1,0,1,1
24938226,,0,0.000098,279,0.000007,0,1,1,0,1,1
24937636,,0,0.000098,279,0.000007,0,1,1,0,1,1
24923458,,0,0.000098,279,0.000007,0,1,1,0,1,1
24908436,,0,0.000098,279,0.000007,0,1,1,0,1,1
24867690,,0,0.030813,1,0.000007,0,14,14,0,14,14
24847386,,0,0.000098,279,0.000007,0,1,1,0,1,1
24810720,,0,0.000098,279,0.000007,0,1,1,0,1,1
24651255,,0,0.000098,279,0.000007,0,1,1,0,1,1
24650279,,0,0.000098,279,0.000007,0,1,1,0,1,1
24646432,,0,0.000098,279,0.000007,0,1,1,0,1,1
24635883,,0,0.000098,279,0.000007,0,1,1,0,1,1
24534469,,0,0.00058,279,0.000007,0,2,2,0,2,2
24324362,,0,0.000098,279,0.000007,0,1,1,0,1,1
24278132,,0,0.000146,279,0.000007,0,4,4,0,4,4
24271385,,0,0.000098,279,0.000007,0,1,1,0,1,1
24260260,,0,0.000098,279,0.000007,0,1,1,0,1,1
24260058,,0,0.000098,279,0.000007,0,1,1,0,1,1
24212629,,0,0.000107,279,0.000007,0,2,2,0,2,2
24205506,,0,0.000098,279,0.000007,0,1,1,0,1,1
24204800,,0,0.007533,279,0.000007,0,2,2,0,2,2
24135881,,0,0.000107,279,0.000007,0,2,2,0,2,2
24109190,,0,0.000098,279,0.000007,0,1,1,0,1,1
24093668,,0.000149,0.000117,279,0.000088,26,3,29,26,3,29
24086370,,0,0.000098,279,0.000007,0,1,1,0,1,1
23991313,,0,0.000098,279,0.000007,0,1,1,0,1,1
23968174,,0,0.000098,279,0.000007,0,1,1,0,1,1
23957506,,0,0.000098,279,0.000007,0,1,1,0,1,1
23836983,,0,0.000098,279,0.000007,0,1,1,0,1,1
23788032,,0,0.000098,279,0.000007,0,1,1,0,1,1
23750645,,0,0.000098,279,0.000007,0,1,1,0,1,1
23744972,,0,0.000146,1,0.000007,0,2,2,0,2,2
23735005,,0,0.000106,279,0.000007,0,2,2,0,2,2
23641143,,0,0.000098,279,0.000007,0,1,1,0,1,1
23527093,,0,0.000098,279,0.000007,0,2,2,0,2,2
23483087,,0,0.000098,279,0.000007,0,1,1,0,1,1
23482412,,0,0.000098,279,0.000007,0,4,4,0,4,4
23474808,,0,0.000098,279,0.000007,0,1,1,0,1,1
23431474,,0,0.000098,279,0.000007,0,1,1,0,1,1
23424349,,0,0.000098,279,0.000007,0,1,1,0,1,1
23423141,,0,0.000098,279,0.000007,0,1,1,0,1,1
23280118,,0,0.000098,279,0.000007,0,1,1,0,1,1
23226740,,0,0.000101,279,0.000007,0,2,2,0,2,2
23170134,,0,0.000098,279,0.000007,0,1,1,0,1,1
23144779,,0,0.000098,279,0.000007,0,1,1,0,1,1
23128528,,0,0.000098,279,0.000007,0,1,1,0,1,1
23109971,,0,0.000098,279,0.000007,0,1,1,0,1,1
23066440,,0,0.000098,279,0.000007,0,1,1,0,1,1
23034086,,0,0.005268,279,0.000007,0,2,2,0,2,2
23027618,,0,0.000098,279,0.000007,0,1,1,0,1,1
22986510,,0.000442,0.0001,279,0.000039,12,2,14,12,2,14
22970012,,0,0.000098,279,0.000007,0,1,1,0,1,1
22943599,,0,0.00015,279,0.000007,0,2,2,0,2,2
22921595,,0,0.000098,279,0.000007,0,1,1,0,1,1
22873739,,0,0.000428,279,0.000007,0,4,4,0,4,4
22827846,,0,0.000098,279,0.000007,0,1,1,0,1,1
22783444,,0,0.000109,279,0.000007,0,2,2,0,2,2
22783395,,0,0.000098,279,0.000007,0,1,1,0,1,1
22778947,,0,0.000098,279,0.000007,0,1,1,0,1,1
22704202,,0,0.000098,279,0.000007,0,1,1,0,1,1
22694820,,0,0.00018,1,0.000007,0,2,2,0,2,2
22691310,,0,0.000098,279,0.000007,0,2,2,0,2,2
22666228,,0,0.000098,279,0.000007,0,1,1,0,1,1
22638109,,0,0.000098,279,0.000007,0,1,1,0,1,1
22629410,,0,0.0001,279,0.000007,0,3,3,0,3,3
22563479,,0,0.000098,279,0.000007,0,1,1,0,1,1
22536438,,0,0.000098,279,0.000007,0,1,1,0,1,1
22443985,,0,0.000123,279,0.000007,0,2,2,0,2,2
22410570,,0,0.000099,279,0.000007,0,2,2,0,2,2
22389839,,0,0.000098,279,0.000007,0,1,1,0,1,1
22389639,,0,0.000098,279,0.000007,0,2,2,0,2,2
22388100,,0,0.000098,279,0.000007,0,1,1,0,1,1
22374749,,0,0.000098,279,0.000007,0,1,1,0,1,1
22363126,,0,0.000098,279,0.000007,0,1,1,0,1,1
22359294,,0,0.000098,279,0.000007,0,1,1,0,1,1
22333693,,0,0.000098,279,0.000007,0,1,1,0,1,1
22312497,,0,0.000098,279,0.000007,0,1,1,0,1,1
22295037,,0,0.000121,279,0.000007,0,2,2,0,2,2
22269447,,0,0.000098,279,0.000007,0,1,1,0,1,1
22247495,,0,0.000098,279,0.000007,0,1,1,0,1,1
22246327,,0,0.000098,279,0.000007,0,1,1,0,1,1
22168213,,0,0.000098,279,0.000007,0,1,1,0,1,1
22132151,,0,0.000098,279,0.000007,0,1,1,0,1,1
22126150,,0,0.000098,279,0.000007,0,2,2,0,2,2
22112482,,0,0.000098,279,0.000007,0,1,1,0,1,1
22073196,,0,0.000098,279,0.000007,0,1,1,0,1,1
22068818,,0,0.000101,279,0.000007,0,2,2,0,2,2
22059907,,0,0.000183,279,0.000007,0,2,2,0,2,2
21936944,,0,0.000234,279,0.000007,0,2,2,0,2,2
21916701,,0,0.000132,279,0.000007,0,4,4,0,4,4
21818286,,0,0.000099,279,0.000007,0,2,2,0,2,2
21797230,,0,0.000098,279,0.000007,0,1,1,0,1,1
21639921,,0,0.000098,279,0.000007,0,1,1,0,1,1
21628494,,0,0.000098,279,0.000007,0,1,1,0,1,1
21619050,,0,0.000098,279,0.000007,0,1,1,0,1,1
21613409,,0,0.000098,279,0.000007,0,1,1,0,1,1
21609368,,0,0.000098,279,0.000007,0,1,1,0,1,1
21599969,,0,0.000106,279,0.000007,0,2,2,0,2,2
21535891,,0,0.000098,279,0.000007,0,1,1,0,1,1
21495866,,0,0.000098,279,0.000007,0,1,1,0,1,1
21491170,,0,0.000098,279,0.000007,0,1,1,0,1,1
21368160,,0,0.002159,1,0.000007,0,9,9,0,9,9
21321605,,0,0.000104,279,0.000007,0,2,2,0,2,2
21318053,,0,0.000186,279,0.000007,0,2,2,0,2,2
21269507,,0,0.000098,279,0.000007,0,1,1,0,1,1
20959287,,0,0.000098,279,0.000007,0,1,1,0,1,1
20956286,,0,0.000098,279,0.000007,0,1,1,0,1,1
20945327,,0,0.000098,279,0.000007,0,1,1,0,1,1
20920234,,0,0.000098,279,0.000007,0,1,1,0,1,1
20847817,,0,0.00017,279,0.000007,0,6,6,0,6,6
20736025,,0,0.000098,279,0.000007,0,1,1,0,1,1
20716965,,0,0.000161,279,0.000007,0,7,7,0,7,7
20713493,,0,0.000098,279,0.000007,0,1,1,0,1,1
20620629,,0,0.000098,279,0.000007,0,1,1,0,1,1
20595231,,0,0.000098,279,0.000007,0,1,1,0,1,1
20565864,,0,0.000958,279,0.000007,0,7,7,0,7,7
20520817,,0,0.000121,279,0.000007,0,2,2,0,2,2
20507169,,0,0.000098,279,0.000007,0,1,1,0,1,1
20500903,,0,0.000098,279,0.000007,0,1,1,0,1,1
20485652,,0,0.000098,279,0.000007,0,1,1,0,1,1
20473931,,0,0.000098,279,0.000007,0,1,1,0,1,1
20473920,,0,0.000098,279,0.000007,0,1,1,0,1,1
20338046,,0.000395,0.000907,279,0.000116,26,4,30,26,4,30
20205967,,0,0.000098,279,0.000007,0,1,1,0,1,1
20196733,,0,0.00018,1,0.000007,0,2,2,0,2,2
20175032,,0,0.000098,279,0.000007,0,2,2,0,2,2
20161611,,0,0.000121,279,0.000007,0,2,2,0,2,2
20159667,,0,0.000098,279,0.000007,0,1,1,0,1,1
20154338,,0,0.000104,279,0.000007,0,2,2,0,2,2
20111589,,0,0.000098,279,0.000007,0,1,1,0,1,1
20082476,,0,0.000098,279,0.000007,0,1,1,0,1,1
20056007,,0,0.000108,279,0.000007,0,2,2,0,2,2
20053773,,0,0.000099,168,0.000007,0,2,2,0,2,2
20019193,,0,0.000107,279,0.000007,0,2,2,0,2,2
20017917,,0,0.000098,279,0.000007,0,1,1,0,1,1
19945765,,0,0.000098,279,0.000007,0,1,1,0,1,1
19890883,,0,0.000098,279,0.000007,0,1,1,0,1,1
19835597,,0,0.000098,279,0.000007,0,1,1,0,1,1
19789364,,0,0.000127,279,0.000007,0,4,4,0,4,4
19720735,,0,0.000098,279,0.000007,0,1,1,0,1,1
19652013,,0,0.000098,279,0.000007,0,1,1,0,1,1
19589859,,0,0.000098,279,0.000007,0,1,1,0,1,1
19570204,,0,0.000098,279,0.000007,0,1,1,0,1,1
19546476,,0,0.000104,279,0.000007,0,2,2,0,2,2
19522842,,0,0.000098,279,0.000007,0,1,1,0,1,1
19503093,,0,0.000098,279,0.000007,0,1,1,0,1,1
19497796,,0,0.000098,279,0.000007,0,1,1,0,1,1
19477944,,0,0.000098,279,0.000007,0,1,1,0,1,1
19472407,,0,0.000098,279,0.000007,0,1,1,0,1,1
19457665,,0,0.000098,279,0.000007,0,1,1,0,1,1
19421002,,0,0.000098,279,0.000007,0,1,1,0,1,1
19406210,,0,0.008437,279,0.000007,0,3,3,0,3,3
19383812,,0,0.000098,279,0.000007,0,1,1,0,1,1
19383127,,0,0.000098,279,0.000007,0,1,1,0,1,1
19240236,,0,0.000098,279,0.000007,0,1,1,0,1,1
19228724,,0,0.000107,279,0.000007,0,3,3,0,3,3
19223907,,0,0.000183,279,0.000007,0,2,2,0,2,2
19142184,,0,0.000098,279,0.000007,0,1,1,0,1,1
19081673,,0,0.000098,279,0.000007,0,1,1,0,1,1
19029948,,0,0.000098,279,0.000007,0,1,1,0,1,1
19004867,,0,0.000098,279,0.000007,0,1,1,0,1,1
19002170,,0,0.000098,279,0.000007,0,1,1,0,1,1
18974140,,0,0.000098,279,0.000007,0,1,1,0,1,1
18947422,,0,0.000154,24,0.000007,0,4,4,0,4,4
18843024,,0,0.000098,279,0.000007,0,1,1,0,1,1
18711403,,0,0.0001,35,0.000007,0,2,2,0,2,2
18681964,,0,0.000098,279,0.000007,0,1,1,0,1,1
18664505,,0,0.000099,279,0.000007,0,2,2,0,2,2
18646189,,0,0.000098,279,0.000007,0,1,1,0,1,1
18628856,,0,0.000098,279,0.000007,0,1,1,0,1,1
18598930,,0,0.000104,279,0.000007,0,2,2,0,2,2
18556773,,0,0.000098,279,0.000007,0,1,1,0,1,1
18556592,,0,0.000098,279,0.000007,0,1,1,0,1,1
18542062,,0,0.000098,279,0.000007,0,1,1,0,1,1
18505922,,0,0.000098,279,0.000007,0,1,1,0,1,1
18413733,,0,0.000098,279,0.000007,0,1,1,0,1,1
18385159,,0,0.000098,279,0.000007,0,1,1,0,1,1
18373939,,0,0.000121,279,0.000007,0,2,2,0,2,2
18370958,,0,0.000098,279,0.000007,0,1,1,0,1,1
18360650,,0,0.000098,279,0.000007,0,1,1,0,1,1
18350605,,0,0.000098,279,0.000007,0,2,2,0,2,2
18268498,,0,0.000098,279,0.000007,0,1,1,0,1,1
18250155,,0,0.000109,279,0.000007,0,2,2,0,2,2
18194557,,0,0.000104,279,0.000007,0,2,2,0,2,2
18181097,,0,0.000109,279,0.000007,0,2,2,0,2,2
18165272,,0,0.000121,279,0.000007,0,2,2,0,2,2
18162535,,0,0.000098,279,0.000007,0,1,1,0,1,1
18087279,,0,0.000098,279,0.000007,0,1,1,0,1,1
18081229,,0,0.000098,279,0.000007,0,1,1,0,1,1
17998253,,0,0.000186,279,0.000007,0,2,2,0,2,2
17973119,,0,0.000098,279,0.000007,0,2,2,0,2,2
17965222,,0,0.000098,279,0.000007,0,1,1,0,1,1
17939862,,0,0.000338,279,0.000007,0,2,2,0,2,2
17923752,,0,0.000098,279,0.000007,0,1,1,0,1,1
17689283,,0,0.000104,279,0.000007,0,2,2,0,2,2
17659810,,0,0.000104,279,0.000007,0,2,2,0,2,2
17638874,,0,0.000104,279,0.000007,0,2,2,0,2,2
17557868,,0,0.000098,279,0.000007,0,1,1,0,1,1
17453001,,0,0.000173,1,0.000007,0,2,2,0,2,2
17449942,,0,0.000098,279,0.000007,0,1,1,0,1,1
17401463,,0,0.000098,279,0.000007,0,1,1,0,1,1
17388669,,0,0.000098,279,0.000007,0,3,3,0,3,3
17369352,,0,0.000098,279,0.000007,0,1,1,0,1,1
17344414,,0,0.000098,279,0.000007,0,1,1,0,1,1
17325663,,0,0.000098,279,0.000007,0,1,1,0,1,1
17289753,,0,0.000098,279,0.000007,0,1,1,0,1,1
17242706,,0,0.000098,279,0.000007,0,1,1,0,1,1
17131472,,0,0.000098,279,0.000007,0,1,1,0,1,1
17121887,,0,0.000098,279,0.000007,0,1,1,0,1,1
17038168,,0,0.000098,279,0.000007,0,1,1,0,1,1
16848908,,0,0.000103,1,0.000007,0,2,2,0,2,2
16822855,,0,0.000098,279,0.000007,0,1,1,0,1,1
16641902,,0,0.000098,279,0.000007,0,1,1,0,1,1
16510600,,0,0.000098,279,0.000007,0,1,1,0,1,1
16495912,,0,0.000756,279,0.000007,0,4,4,0,4,4
16473842,,0,0.000098,279,0.000007,0,1,1,0,1,1
16369045,,0.000001,0.000098,181,0.000075,14,1,15,14,1,15
16207479,,0,0.000107,279,0.000007,0,2,2,0,2,2
15967110,,0,0.000098,279,0.000007,0,1,1,0,1,1
15831994,,0,0.000098,279,0.000007,0,1,1,0,1,1
15799820,,0,0.000176,279,0.000007,0,2,2,0,2,2
15756262,,0,0.000098,279,0.000007,0,1,1,0,1,1
15507671,,0,0.000176,279,0.000007,0,2,2,0,2,2
15476557,,0,0.000207,279,0.000007,0,3,3,0,3,3
15149548,,0,0.000622,279,0.000007,0,3,3,0,3,3
15064737,,0,0.000127,279,0.000007,0,3,3,0,3,3
14760761,,0,0.000098,279,0.000007,0,1,1,0,1,1
14736824,,0,0.000098,279,0.000007,0,1,1,0,1,1
14735202,,0,0.000183,279,0.000007,0,2,2,0,2,2
14722226,,0,0.000098,279,0.000007,0,1,1,0,1,1
14665695,,0,0.000098,279,0.000007,0,1,1,0,1,1
14633992,,0,0.000098,279,0.000007,0,1,1,0,1,1
14612389,,0,0.000098,279,0.000007,0,1,1,0,1,1
14519846,,0,0.000183,279,0.000007,0,2,2,0,2,2
14507667,,0,0.000098,279,0.000007,0,1,1,0,1,1
14507661,,0,0.000098,279,0.000007,0,1,1,0,1,1
14501508,,0,0.000098,279,0.000007,0,1,1,0,1,1
12970888,,0,0.000098,279,0.000007,0,1,1,0,1,1
12937151,,0,0.000098,279,0.000007,0,1,1,0,1,1
12711695,,0,0.000098,279,0.000007,0,1,1,0,1,1
12639995,,0,0.000098,279,0.000007,0,1,1,0,1,1
12626718,,0,0.000098,279,0.000007,0,1,1,0,1,1
12624188,,0,0.000098,279,0.000007,0,1,1,0,1,1
12610506,,0,0.000098,279,0.000007,0,1,1,0,1,1
12592365,,0,0.000098,279,0.000007,0,1,1,0,1,1
12549483,,0,0.000183,279,0.000007,0,2,2,0,2,2
12531883,,0,0.000098,279,0.000007,0,1,1,0,1,1
12527791,,0,0.000098,279,0.000007,0,1,1,0,1,1
12525538,,0,0.000098,279,0.000007,0,1,1,0,1,1
12213730,,0,0.000098,279,0.000007,0,1,1,0,1,1
12163364,,0,0.000098,279,0.000007,0,1,1,0,1,1
12149142,,0,0.000098,279,0.000007,0,1,1,0,1,1
11964327,,0,0.000098,279,0.000007,0,1,1,0,1,1
11943705,,0,0.000098,279,0.000007,0,1,1,0,1,1
11861926,,0,0.000098,279,0.000007,0,1,1,0,1,1
11839581,,0,0.000098,279,0.000007,0,1,1,0,1,1
11779840,,0,0.000098,279,0.000007,0,1,1,0,1,1
11749694,,0,0.000098,279,0.000007,0,1,1,0,1,1
11711428,,0,0.000098,279,0.000007,0,1,1,0,1,1
11696421,,0,0.000098,279,0.000007,0,1,1,0,1,1
11481442,,0,0.000098,279,0.000007,0,1,1,0,1,1
11309330,,0.000469,0,69,0.000017,6,0,6,6,0,6
21777513,,0,0.001401,69,0.000007,0,12,12,0,12,12
20504346,,0,0.001114,69,0.000007,0,4,4,0,4,4
30288491,,0,0.001712,5,0.000007,0,16,16,0,16,16
11311599,,0.000134,0,5,0.000154,40,0,40,40,0,40
30284987,,0,0.000007,35,0.000007,0,2,2,0,2,2
29699057,,0,0.000006,5,0.000007,0,2,2,0,2,2
29651647,,0,0.000003,5,0.000007,0,1,1,0,1,1
29574860,,0,0.000044,279,0.000007,0,3,3,0,3,3
29467896,,0,0.000003,5,0.000007,0,1,1,0,1,1
29286226,,0,0.00001,89,0.000007,0,2,2,0,2,2
29141971,,0,0.000034,205,0.000007,0,3,3,0,3,3
28240012,,0,0.00001,90,0.000007,0,2,2,0,2,2
27900052,,0,0.000019,5,0.000007,0,2,2,0,2,2
27586560,,0,0.000131,5,0.000007,0,2,2,0,2,2
26825898,,0,0.000003,5,0.000007,0,1,1,0,1,1
26309596,,0,0.00001,176,0.000007,0,3,3,0,3,3
25701261,,0,0.000003,5,0.000007,0,1,1,0,1,1
25484025,,0,0.000003,5,0.000007,0,1,1,0,1,1
25298869,,0,0.000003,5,0.000007,0,1,1,0,1,1
24817834,,0,0.000003,5,0.000007,0,1,1,0,1,1
24784887,,0,0.000015,89,0.000007,0,2,2,0,2,2
24520539,,0,0.000003,5,0.000007,0,2,2,0,2,2
23941600,,0,0.000131,5,0.000007,0,3,3,0,3,3
23874621,,0,0.000003,5,0.000007,0,1,1,0,1,1
23788947,,0,0.000003,5,0.000007,0,1,1,0,1,1
23053663,,0,0.000003,5,0.000007,0,1,1,0,1,1
22662119,,0,0.00002,5,0.000007,0,2,2,0,2,2
21810551,,0,0.000003,5,0.000007,0,1,1,0,1,1
21071885,,0,0.000003,5,0.000007,0,1,1,0,1,1
19308726,,0,0.000019,5,0.000007,0,2,2,0,2,2
18843000,,0,0.000003,5,0.000007,0,1,1,0,1,1
18721454,,0,0.001407,5,0.000007,0,2,2,0,2,2
18274909,,0,0.000003,5,0.000007,0,1,1,0,1,1
17453340,,0,0.000009,231,0.000007,0,2,2,0,2,2
11313975,,0.001182,0,279,0.000012,5,0,5,5,0,5
28306397,,0,0.000004,5,0.000007,0,2,2,0,2,2
25023195,,0,0.000002,89,0.000007,0,1,1,0,1,1
20029710,,0,0.000204,5,0.000007,0,12,12,0,12,12
12186170,,0,0.000002,89,0.000007,0,1,1,0,1,1
11584558,,0,0.000002,89,0.000007,0,1,1,0,1,1
29242641,,0,0.01024,100,0.000007,0,7,7,0,7,7
29106372,,0.000367,0.002673,100,0.000011,5,10,15,5,10,15
28847817,,0,0.003672,100,0.000007,0,17,17,0,17,17
27308423,,0,0.000308,48,0.000007,0,2,2,0,2,2
26628622,,0,0.002537,100,0.000007,0,8,8,0,8,8
26377000,,0,0.000307,100,0.000007,0,1,1,0,1,1
24687851,,0,0.00428,100,0.000007,0,9,9,0,9,9
24071644,,0,0.000307,100,0.000007,0,1,1,0,1,1
23408431,,0,0.000617,100,0.000007,0,3,3,0,3,3
22876279,,0,0.000515,100,0.000007,0,3,3,0,3,3
20716614,,0,0.000384,100,0.000007,0,4,4,0,4,4
20145714,,0,0.000371,2,0.000007,0,2,2,0,2,2
15673284,,0,0.000399,100,0.000007,0,2,2,0,2,2
11823428,,0,0.000307,100,0.000007,0,1,1,0,1,1
11691919,,0,0.000307,100,0.000007,0,1,1,0,1,1
25543539,,0,0.000006,89,0.000007,0,2,2,0,2,2
11325386,,0.000002,0,89,0.000013,2,0,2,2,0,2
21088223,,0,0.000103,89,0.000007,0,2,2,0,2,2
30155025,,0,0.000105,231,0.000007,0,1,1,0,1,1
11329055,,0.005491,0,231,0.000199,90,0,90,90,0,90
28610409,,0,0.000109,231,0.000007,0,3,3,0,3,3
28502988,,0,0.006479,5,0.000007,0,4,4,0,4,4
27581250,,0,0.00026,231,0.000007,0,2,2,0,2,2
27249773,,0.00013,0.00293,205,0.000015,5,10,15,5,10,15
26434778,,0,0.000108,231,0.000007,0,2,2,0,2,2
26175953,,0,0.000105,231,0.000007,0,1,1,0,1,1
25824986,,0,0.005275,231,0.000007,0,2,2,0,2,2
25756203,,0,0.000112,231,0.000007,0,2,2,0,2,2
25383675,,0,0.000105,231,0.000007,0,1,1,0,1,1
25176351,,0.000422,0.000929,89,0.000011,8,15,23,8,15,23
25064553,,0,0.005275,231,0.000007,0,2,2,0,2,2
24701133,,0,0.001367,100,0.000007,0,4,4,0,4,4
24510657,,0,0.000262,231,0.000007,0,3,3,0,3,3
24390659,,0,0.000105,231,0.000007,0,2,2,0,2,2
24244489,,0,0.005551,231,0.000007,0,4,4,0,4,4
23977306,,0,0.00016,231,0.000007,0,2,2,0,2,2
23977236,,0,0.00064,231,0.000007,0,5,5,0,5,5
23935068,,0,0.002649,231,0.000007,0,2,2,0,2,2
23677579,,0,0.000124,231,0.000007,0,2,2,0,2,2
23593120,,0,0.000381,231,0.000007,0,3,3,0,3,3
23535825,,0,0.000137,231,0.000007,0,4,4,0,4,4
22508697,,0.000257,0.010509,100,0.000021,4,9,13,4,9,13
22452962,,0,0.000195,231,0.000007,0,2,2,0,2,2
22383897,,0,0.000405,231,0.000007,0,5,5,0,5,5
22269215,,0,0.000732,231,0.000007,0,6,6,0,6,6
21908515,,0,0.00045,231,0.000007,0,7,7,0,7,7
21698250,,0,0.000105,231,0.000007,0,1,1,0,1,1
21436583,,0,0.000138,41,0.000007,0,2,2,0,2,2
21303983,,0,0.000154,231,0.000007,0,4,4,0,4,4
21281275,,0,0.005322,90,0.000007,0,4,4,0,4,4
20484103,,0,0.000445,231,0.000007,0,3,3,0,3,3
20368986,,0,0.000229,35,0.000007,0,5,5,0,5,5
19805189,,0,0.000708,231,0.000007,0,8,8,0,8,8
19747113,,0,0.000105,231,0.000007,0,1,1,0,1,1
19728873,,0,0.000105,231,0.000007,0,1,1,0,1,1
17678531,,0,0.000132,90,0.000007,0,2,2,0,2,2
16885330,,0,0.000105,231,0.000007,0,1,1,0,1,1
11331335,,0.000643,0,5,0.000022,9,0,9,9,0,9
22911325,,0,0.000205,5,0.000007,0,6,6,0,6,6
20219963,,0,0.000012,5,0.000007,0,2,2,0,2,2
12865763,,0,0.000018,5,0.000007,0,2,2,0,2,2
11934777,,0,0.000012,5,0.000007,0,1,1,0,1,1
11332994,,0.000088,0,100,0.000007,1,0,1,1,0,1
29339979,,0,0.006237,5,0.000007,0,31,31,0,31,31
11334729,,0.000426,0,5,0.000011,6,0,6,6,0,6
17848956,,0,0.000114,231,0.000007,0,3,3,0,3,3
11336395,,0.000002,0,231,0.000012,2,0,2,2,0,2
11336456,,0.000141,0,5,0.000008,2,0,2,2,0,2
11339650,,0.000133,0,5,0.00001,3,0,3,3,0,3
18714076,,0,0.000247,89,0.000007,0,5,5,0,5,5
11352725,,0.000472,0,41,0.000045,23,0,23,23,0,23
26744420,,0,0.00166,100,0.000007,0,5,5,0,5,5
24224145,,0,0.000391,41,0.000007,0,2,2,0,2,2
21374732,,0,0.000125,41,0.000007,0,4,4,0,4,4
20518483,,0,0.000009,41,0.000007,0,1,1,0,1,1
19915695,,0,0.001332,100,0.000007,0,4,4,0,4,4
19280628,,0,0.000025,41,0.000007,0,4,4,0,4,4
11352856,,0.004262,0,89,0.000469,44,0,44,44,0,44
22896692,,0,0.002843,89,0.000007,0,5,5,0,5,5
21556001,,0.000042,0.001189,184,0.000647,109,2,111,109,2,111
21169538,,0,0.000306,5,0.000007,0,4,4,0,4,4
21113302,,0,0.000086,151,0.000081,15,2,17,15,2,17
19931039,,0,0.00017,89,0.000007,0,3,3,0,3,3
19320996,,0,0.000203,5,0.000007,0,2,2,0,2,2
15931596,,0,0.000081,89,0.000007,0,1,1,0,1,1
11352857,,0.001343,0,5,0.000024,9,0,9,9,0,9
26539620,,0,0.001254,5,0.000007,0,14,14,0,14,14
26500437,,0,0.000044,5,0.000007,0,2,2,0,2,2
19773584,,0,0.000026,5,0.000007,0,1,1,0,1,1
19725018,,0,0.000026,5,0.000007,0,1,1,0,1,1
27454288,,0,0.000974,100,0.000007,0,6,6,0,6,6
27277344,,0,0.000814,100,0.000007,0,15,15,0,15,15
25223785,,0,0.003014,100,0.000007,0,10,10,0,10,10
24688633,,0,0.000127,100,0.000007,0,1,1,0,1,1
20975951,,0,0.000168,100,0.000007,0,2,2,0,2,2
20010693,,0.002161,0.001833,100,0.000092,38,8,46,38,8,46
19744924,,0,0.000274,100,0.000007,0,3,3,0,3,3
19377289,,0,0.000127,100,0.000007,0,1,1,0,1,1
19123200,,0,0.000129,100,0.000007,0,2,2,0,2,2
18838541,,0,0.000127,100,0.000007,0,1,1,0,1,1
17766243,,0,0.000127,100,0.000007,0,1,1,0,1,1
11358831,,0.006414,0,35,0.000182,40,0,40,40,0,40
26246832,,0,0.000122,35,0.000007,0,1,1,0,1,1
23044827,,0,0.010647,1,0.000007,0,9,9,0,9,9
22822097,,0,0.000158,100,0.000007,0,4,4,0,4,4
19707196,,0.000745,0.001471,231,0.00003,9,12,21,9,12,21
17764544,,0,0.000126,35,0.000007,0,2,2,0,2,2
12010886,,0,0.000122,35,0.000007,0,1,1,0,1,1
28685749,,0,0.000117,100,0.000007,0,1,1,0,1,1
27403073,,0,0.004508,184,0.000007,0,15,15,0,15,15
26575024,,0,0.000261,205,0.000007,0,3,3,0,3,3
25859559,,0,0.002472,1,0.000007,0,4,4,0,4,4
23509290,,0,0.000705,100,0.000007,0,3,3,0,3,3
23478019,,0,0.000413,100,0.000007,0,2,2,0,2,2
23204224,,0,0.000323,205,0.000007,0,5,5,0,5,5
21214959,,0,0.000117,176,0.000007,0,2,2,0,2,2
19074868,,0.003697,0.00247,100,0.000185,45,12,57,45,12,57
16357220,,0,0.000117,100,0.000007,0,1,1,0,1,1
12732658,,0,0.000117,100,0.000007,0,1,1,0,1,1
11368874,,0.000009,0,231,0.000018,7,0,7,7,0,7
11371136,,0.000068,0,241,0.000009,2,0,2,2,0,2
11373105,,0.006227,0,1,0.000016,16,0,16,16,0,16
24987308,,0,0.004151,35,0.000019,2,10,12,2,10,12
29868583,,0,0.000095,205,0.000007,0,2,2,0,2,2
11376695,,0.004818,0,100,0.000425,105,0,105,105,0,105
29757235,,0,0.011018,1,0.000007,0,16,16,0,16,16
28757209,,0,0.001148,100,0.000007,0,5,5,0,5,5
27956618,,0,0.000738,100,0.000007,0,3,3,0,3,3
27916001,,0,0.000161,100,0.000007,0,3,3,0,3,3
27616359,,0,0.000092,100,0.000007,0,1,1,0,1,1
27365048,,0,0.00013,231,0.000007,0,2,2,0,2,2
27163610,,0,0.000092,100,0.000007,0,1,1,0,1,1
27049177,,0,0.000648,100,0.000007,0,3,3,0,3,3
26247734,,0,0.000294,100,0.000007,0,2,2,0,2,2
25712090,,0,0.000176,100,0.000007,0,2,2,0,2,2
25384975,,0,0.000679,100,0.000007,0,2,2,0,2,2
24966870,,0,0.002269,100,0.000007,0,11,11,0,11,11
24731284,,0,0.006752,100,0.000007,0,2,2,0,2,2
24670686,,0,0.010177,100,0.000007,0,11,11,0,11,11
24573676,,0,0.000136,231,0.000007,0,2,2,0,2,2
24310611,,0,0.000394,69,0.000007,0,3,3,0,3,3
23666628,,0,0.000092,100,0.000007,0,1,1,0,1,1
23574621,,0,0.000092,100,0.000007,0,1,1,0,1,1
23427246,,0,0.009085,1,0.000007,0,4,4,0,4,4
23231413,,0,0.00036,100,0.000007,0,2,2,0,2,2
22753495,,0,0.000092,100,0.000007,0,1,1,0,1,1
22139836,,0,0.000383,100,0.000007,0,2,2,0,2,2
22037698,,0,0.000092,100,0.000007,0,1,1,0,1,1
21804533,,0,0.00036,100,0.000007,0,2,2,0,2,2
21699368,,0,0.000092,100,0.000007,0,1,1,0,1,1
21622940,,0,0.000143,100,0.000007,0,2,2,0,2,2
20479284,,0,0.000114,279,0.000007,0,2,2,0,2,2
20406785,,0,0.000092,100,0.000007,0,1,1,0,1,1
19654238,,0,0.000092,100,0.000007,0,1,1,0,1,1
19330143,,0,0.000092,100,0.000007,0,1,1,0,1,1
19074292,,0,0.000092,100,0.000007,0,1,1,0,1,1
18840682,,0,0.00027,100,0.000007,0,2,2,0,2,2
18769152,,0,0.000157,100,0.000007,0,2,2,0,2,2
18675941,,0,0.000383,100,0.000007,0,2,2,0,2,2
18648552,,0,0.000092,100,0.000007,0,1,1,0,1,1
18202362,,0,0.000092,100,0.000007,0,1,1,0,1,1
17517774,,0,0.002019,100,0.000007,0,8,8,0,8,8
16927314,,0,0.000092,100,0.000007,0,1,1,0,1,1
16798872,,0,0.000092,100,0.000007,0,1,1,0,1,1
16777961,,0,0.000092,100,0.000007,0,1,1,0,1,1
16717288,,0,0.000172,57,0.000007,0,4,4,0,4,4
16456034,,0,0.000092,100,0.000007,0,1,1,0,1,1
16395335,,0,0.000144,57,0.000007,0,2,2,0,2,2
16365384,,0,0.000092,100,0.000007,0,1,1,0,1,1
15297876,,0,0.000092,100,0.000007,0,1,1,0,1,1
15258249,,0,0.000092,100,0.000007,0,1,1,0,1,1
15205484,,0,0.000092,100,0.000007,0,1,1,0,1,1
14749735,,0,0.000135,100,0.000007,0,2,2,0,2,2
14726957,,0,0.000092,100,0.000007,0,1,1,0,1,1
12954774,,0,0.000092,100,0.000007,0,1,1,0,1,1
12897142,,0,0.000157,100,0.000007,0,2,2,0,2,2
12853621,,0,0.000157,100,0.000007,0,2,2,0,2,2
12065428,,0,0.000092,100,0.000007,0,1,1,0,1,1
12032094,,0,0.000092,100,0.000007,0,1,1,0,1,1
11842113,,0,0.000092,100,0.000007,0,1,1,0,1,1
11842112,,0,0.000092,100,0.000007,0,1,1,0,1,1
11574483,,0,0.000092,100,0.000007,0,1,1,0,1,1
11377596,,0.002523,0,5,0.00004,24,0,24,24,0,24
28957949,,0,0.017345,5,0.000007,0,64,64,0,64,64
27854255,,0,0.000144,5,0.000007,0,3,3,0,3,3
24036443,,0,0.000639,69,0.000007,0,5,5,0,5,5
19526059,,0,0.000048,5,0.000007,0,1,1,0,1,1
18701927,,0,0.000048,5,0.000007,0,1,1,0,1,1
15345077,,0,0.000054,1,0.000007,0,2,2,0,2,2
30219179,,0,0.001312,140,0.000007,0,14,14,0,14,14
11385711,,0.002592,0,140,0.000055,32,0,32,32,0,32
30209399,,0,0.001927,140,0.000007,0,17,17,0,17,17
22511925,,0,0.000061,89,0.000007,0,2,2,0,2,2
19765317,,0,0,5,0.000007,0,1,1,0,1,1
11388059,,0.000013,0,5,0.000013,2,0,2,2,0,2
24427357,,0,0.000775,35,0.000007,0,8,8,0,8,8
11391658,,0.000132,0,5,0.000009,2,0,2,2,0,2
25945798,,0,0.000039,100,0.000007,0,1,1,0,1,1
11394910,,0.002027,0,100,0.000035,10,0,10,10,0,10
15548366,,0,0.000039,100,0.000007,0,1,1,0,1,1
22964433,,0,0.007473,69,0.000007,0,3,3,0,3,3
11396172,,0.000205,0,69,0.000016,3,0,3,3,0,3
18587273,,0,0.000004,69,0.000007,0,1,1,0,1,1
11400119,,0.00238,0,1,0.000018,9,0,9,9,0,9
25234469,,0,0.003573,1,0.000007,0,8,8,0,8,8
20078855,,0,0.000045,1,0.000007,0,1,1,0,1,1
11400546,,0.000846,0,89,0.000015,6,0,6,6,0,6
15364900,,0,0.000016,89,0.000007,0,1,1,0,1,1
29912612,,0,0.000002,184,0.000007,0,1,1,0,1,1
11401920,,0.000129,0,184,0.000498,87,0,87,87,0,87
28949426,,0,0.000002,184,0.000007,0,1,1,0,1,1
28938686,,0,0.000002,184,0.000007,0,1,1,0,1,1
28645274,,0,0.000002,184,0.000007,0,1,1,0,1,1
28504589,,0,0.000002,184,0.000007,0,1,1,0,1,1
28125683,,0,0.000002,184,0.000007,0,1,1,0,1,1
28092948,,0,0.000002,184,0.000007,0,1,1,0,1,1
27859137,,0,0.000411,231,0.000007,0,4,4,0,4,4
27342457,,0,0.000002,184,0.000007,0,1,1,0,1,1
27195211,,0,0.000002,184,0.000007,0,1,1,0,1,1
27158753,,0,0.000002,184,0.000007,0,1,1,0,1,1
27106577,,0,0.000002,184,0.000007,0,1,1,0,1,1
27052975,,0,0.000002,184,0.000007,0,1,1,0,1,1
26472641,,0,0.000002,184,0.000007,0,1,1,0,1,1
26467666,,0,0.000002,184,0.000007,0,1,1,0,1,1
26275415,,0,0.000002,184,0.000007,0,1,1,0,1,1
26107941,,0,0.000002,184,0.000007,0,1,1,0,1,1
26090450,,0,0.000002,184,0.000007,0,1,1,0,1,1
26033852,,0,0.000002,184,0.000007,0,1,1,0,1,1
25924711,,0,0.000002,184,0.000007,0,1,1,0,1,1
25478956,,0,0.000002,184,0.000007,0,1,1,0,1,1
25293880,,0,0.000002,184,0.000007,0,1,1,0,1,1
25178586,,0,0.000004,184,0.000007,0,2,2,0,2,2
25125913,,0,0.000002,184,0.000007,0,1,1,0,1,1
24938500,,0,0.000002,184,0.000007,0,1,1,0,1,1
24792587,,0,0.005173,184,0.000007,0,2,2,0,2,2
24668907,,0,0.000002,184,0.000007,0,1,1,0,1,1
24373701,,0,0.000002,184,0.000007,0,1,1,0,1,1
24014882,,0,0.000002,184,0.000007,0,1,1,0,1,1
23937514,,0,0.000002,184,0.000007,0,1,1,0,1,1
23893088,,0,0.000002,184,0.000007,0,1,1,0,1,1
23873171,,0,0.000002,184,0.000007,0,1,1,0,1,1
23774483,,0,0.000002,184,0.000007,0,1,1,0,1,1
23768868,,0,0.000002,184,0.000007,0,1,1,0,1,1
23435034,,0,0.000093,184,0.000007,0,2,2,0,2,2
23307121,,0,0.000002,184,0.000007,0,1,1,0,1,1
23289357,,0,0.000002,184,0.000007,0,1,1,0,1,1
23277709,,0,0.000002,184,0.000007,0,1,1,0,1,1
23252610,,0,0.000002,184,0.000007,0,1,1,0,1,1
23032210,,0,0.000002,184,0.000007,0,1,1,0,1,1
22648679,,0,0.000239,5,0.000007,0,3,3,0,3,3
22647440,,0,0.000002,184,0.000007,0,1,1,0,1,1
22559914,,0,0.000002,184,0.000007,0,1,1,0,1,1
22430443,,0,0.000004,184,0.000007,0,2,2,0,2,2
22301829,,0,0.000002,184,0.000007,0,1,1,0,1,1
22045700,,0,0.000002,184,0.000007,0,1,1,0,1,1
22022138,,0,0.000002,184,0.000007,0,1,1,0,1,1
21389158,,0,0.000002,184,0.000007,0,1,1,0,1,1
21324432,,0,0.000002,184,0.000007,0,1,1,0,1,1
21245948,,0,0.000002,184,0.000007,0,1,1,0,1,1
21228414,,0,0.000002,184,0.000007,0,1,1,0,1,1
21148756,,0,0.000002,184,0.000007,0,1,1,0,1,1
20401689,,0,0.000002,184,0.000007,0,1,1,0,1,1
20176654,,0,0.000002,184,0.000007,0,1,1,0,1,1
20150638,,0,0.000002,184,0.000007,0,1,1,0,1,1
19949693,,0,0.000002,184,0.000007,0,1,1,0,1,1
19874586,,0,0.000002,184,0.000007,0,1,1,0,1,1
19822571,,0,0.000002,184,0.000007,0,1,1,0,1,1
19773279,,0,0.000004,184,0.000007,0,2,2,0,2,2
19760105,,0,0.000002,184,0.000007,0,1,1,0,1,1
19736056,,0,0.000002,184,0.000007,0,1,1,0,1,1
19625176,,0,0.000002,184,0.000007,0,1,1,0,1,1
19582144,,0,0.000002,184,0.000007,0,1,1,0,1,1
19396635,,0,0.000002,184,0.000007,0,1,1,0,1,1
19390683,,0,0.000002,184,0.000007,0,1,1,0,1,1
19362737,,0,0.000002,184,0.000007,0,1,1,0,1,1
19336552,,0,0.000002,184,0.000007,0,1,1,0,1,1
19293312,,0,0.000002,184,0.000007,0,1,1,0,1,1
19285750,,0,0.000002,184,0.000007,0,1,1,0,1,1
19274396,,0,0.000002,184,0.000007,0,1,1,0,1,1
19102763,,0,0.000002,184,0.000007,0,1,1,0,1,1
19029192,,0,0.000002,184,0.000007,0,1,1,0,1,1
19018232,,0,0.000002,184,0.000007,0,1,1,0,1,1
18676680,,0,0.000002,184,0.000007,0,1,1,0,1,1
18628433,,0,0.000002,184,0.000007,0,1,1,0,1,1
18204928,,0,0.000012,231,0.000007,0,2,2,0,2,2
17996058,,0,0.000002,184,0.000007,0,1,1,0,1,1
17522066,,0,0.000002,184,0.000007,0,1,1,0,1,1
17421001,,0,0.000002,184,0.000007,0,1,1,0,1,1
17119116,,0,0.000002,184,0.000007,0,1,1,0,1,1
16847422,,0,0.000002,184,0.000007,0,1,1,0,1,1
16272481,,0,0.000002,184,0.000007,0,1,1,0,1,1
16192688,,0,0.000002,184,0.000007,0,1,1,0,1,1
14698937,,0,0.000002,184,0.000007,0,1,1,0,1,1
12917795,,0,0.000002,184,0.000007,0,1,1,0,1,1
12826477,,0,0.000002,184,0.000007,0,1,1,0,1,1
30016505,,0,0.000007,5,0.000007,0,1,1,0,1,1
11403219,,0.000387,0,5,0.000031,18,0,18,18,0,18
28943989,,0,0.000192,5,0.000007,0,10,10,0,10,10
22544165,,0,0.000077,5,0.000007,0,8,8,0,8,8
21798046,,0,0.000039,5,0.000007,0,3,3,0,3,3
15111269,,0,0.000007,5,0.000007,0,1,1,0,1,1
29162647,,0,0.000139,90,0.000007,0,2,2,0,2,2
11405179,,0.000702,0,90,0.00003,9,0,9,9,0,9
28254358,,0.000219,0.012215,1,0.000016,4,15,19,4,15,19
23668334,,0,0.000013,90,0.000007,0,1,1,0,1,1
20338164,,0,0.000065,90,0.000007,0,3,3,0,3,3
19543427,,0,0.000013,90,0.000007,0,1,1,0,1,1
11406561,,0.026923,0,100,0.000292,106,0,106,106,0,106
27428646,,0.001248,0.026274,1,0.000029,9,11,20,9,11,20
27323902,,0.000768,0.026269,1,0.000008,2,19,21,2,19,21
26336991,,0.001624,0.010244,1,0.000032,13,6,19,13,6,19
24931610,,0,0.000513,100,0.000007,0,1,1,0,1,1
22336907,,0,0.01674,1,0.000007,0,7,7,0,7,7
21660700,,0,0.00122,100,0.000007,0,3,3,0,3,3
21466975,,0,0.000574,100,0.000007,0,2,2,0,2,2
21247901,,0,0.00124,100,0.000007,0,5,5,0,5,5
21224367,,0,0.000513,100,0.000007,0,1,1,0,1,1
20479887,,0,0.000513,100,0.000007,0,1,1,0,1,1
19435470,,0,0.006365,24,0.000007,0,6,6,0,6,6
18310075,,0,0.00094,100,0.000007,0,4,4,0,4,4
15277238,,0,0.002308,100,0.000007,0,5,5,0,5,5
12509472,,0,0.000513,100,0.000007,0,1,1,0,1,1
12509470,,0,0.000589,100,0.000007,0,2,2,0,2,2
11407860,,0.000246,0,24,0.00001,1,0,1,1,0,1
11410366,,0.000035,0,57,0.000015,3,0,3,3,0,3
17312021,,0,0.000001,57,0.000007,0,1,1,0,1,1
26280679,,0.000296,0.001073,35,0.00001,3,7,10,3,7,10
11410514,,0.00222,0,35,0.000031,12,0,12,12,0,12
27303365,,0,0,58,0.000007,0,1,1,0,1,1
11414476,,0,0,58,0.000037,5,0,5,5,0,5
26509893,,0,0,58,0.000007,0,1,1,0,1,1
17456767,,0,0,58,0.000007,0,1,1,0,1,1
16254096,,0,0,58,0.000007,0,1,1,0,1,1
12890801,,0,0,58,0.000007,0,1,1,0,1,1
11420698,,0,0,100,0.00001,1,0,1,1,0,1
28700662,,0,0.000002,111,0.000007,0,1,1,0,1,1
11420722,,0.000113,0,111,0.000226,49,0,49,49,0,49
28521512,,0,0.000002,111,0.000007,0,1,1,0,1,1
28427211,,0,0.000002,111,0.000007,0,1,1,0,1,1
28105458,,0,0.000002,111,0.000007,0,1,1,0,1,1
27195810,,0,0.000002,111,0.000007,0,1,1,0,1,1
26864432,,0,0.000002,111,0.000007,0,1,1,0,1,1
25837582,,0,0.000826,111,0.000007,0,2,2,0,2,2
25611552,,0,0.000002,111,0.000007,0,2,2,0,2,2
25484574,,0,0.000113,111,0.000007,0,2,2,0,2,2
25446277,,0,0.000002,111,0.000007,0,1,1,0,1,1
25033293,,0,0.000002,111,0.000007,0,1,1,0,1,1
24913006,,0,0.000002,111,0.000007,0,1,1,0,1,1
24554762,,0,0.000002,111,0.000007,0,1,1,0,1,1
24489122,,0,0.000002,111,0.000007,0,1,1,0,1,1
24421384,,0,0.000002,111,0.000007,0,1,1,0,1,1
23110084,,0,0.000002,111,0.000007,0,1,1,0,1,1
22970192,,0,0.000002,111,0.000007,0,1,1,0,1,1
22408259,,0,0.000265,100,0.000007,0,4,4,0,4,4
22363625,,0,0.000002,111,0.000007,0,1,1,0,1,1
22068056,,0,0.000002,111,0.000007,0,1,1,0,1,1
21518954,,0,0.000002,111,0.000007,0,1,1,0,1,1
19458193,,0,0.000002,111,0.000007,0,1,1,0,1,1
19448667,,0,0.000002,111,0.000007,0,1,1,0,1,1
18508913,,0,0.000002,111,0.000007,0,1,1,0,1,1
18422762,,0,0.000002,111,0.000007,0,1,1,0,1,1
18319725,,0,0.000002,111,0.000007,0,1,1,0,1,1
15840809,,0,0.000002,111,0.000007,0,1,1,0,1,1
15713636,,0,0.000002,111,0.000007,0,1,1,0,1,1
15548137,,0,0.000002,111,0.000007,0,1,1,0,1,1
15509654,,0,0.000002,111,0.000007,0,1,1,0,1,1
15170388,,0,0.000002,111,0.000007,0,1,1,0,1,1
15075294,,0,0.001135,100,0.000007,0,4,4,0,4,4
12972612,,0,0.000002,111,0.000007,0,1,1,0,1,1
26781994,,0,0.000001,89,0.000007,0,1,1,0,1,1
11424920,,0.000077,0,89,0.000015,3,0,3,3,0,3
11425380,,0.00022,0,5,0.000009,2,0,2,2,0,2
11426450,,0.000415,0,5,0.000025,13,0,13,13,0,13
26475052,,0,0.000218,5,0.000013,1,12,13,1,12,13
25750812,,0,0.000015,5,0.000007,0,2,2,0,2,2
17674198,,0.000882,0.00045,5,0.000014,11,11,22,11,11,22
29484937,,0,0,59,0.000007,0,1,1,0,1,1
11428289,,0,0,59,0.000025,3,0,3,3,0,3
27073506,,0,0,59,0.000007,0,1,1,0,1,1
22866068,,0,0,59,0.000007,0,1,1,0,1,1
24842653,,0,0.000014,279,0.000007,0,2,2,0,2,2
11433401,,0.001457,0,1,0.000029,13,0,13,13,0,13
25486241,,0,0.000028,1,0.000007,0,1,1,0,1,1
22972572,,0.000017,0.000921,5,0.00001,2,21,23,2,21,23
29348823,,0,0.011835,1,0.000007,0,21,21,0,21,21
11436123,,0.002123,0,1,0.000019,9,0,9,9,0,9
26779440,,0,0.000004,5,0.000007,0,1,1,0,1,1
11437066,,0.000202,0,5,0.000019,7,0,7,7,0,7
11437099,,0.000004,0,35,0.000011,2,0,2,2,0,2
26221130,,0,0.000012,231,0.000007,0,1,1,0,1,1
11437933,,0.000183,0,89,0.000009,3,0,3,3,0,3
25243127,,0,0.000006,89,0.000007,0,1,1,0,1,1
11440995,,0.00034,0,89,0.000021,5,0,5,5,0,5
12476400,,0,0.000006,89,0.000007,0,1,1,0,1,1
27816766,,0,0,60,0.000007,0,1,1,0,1,1
11443175,,0,0,60,0.000043,6,0,6,6,0,6
27459230,,0,0,60,0.000007,0,1,1,0,1,1
25139174,,0,0,60,0.000007,0,1,1,0,1,1
24120884,,0,0,60,0.000007,0,1,1,0,1,1
20810561,,0,0,60,0.000007,0,1,1,0,1,1
18850213,,0,0,60,0.000007,0,1,1,0,1,1
11443609,,0.005091,0,279,0.000035,21,0,21,21,0,21
22977494,,0,0.004113,35,0.000007,0,4,4,0,4,4
18950515,,0.00171,0.017404,35,0.000066,23,11,34,23,11,34
11443730,,0.003584,0,231,0.000202,59,0,59,59,0,59
27194394,,0,0.000073,231,0.000007,0,2,2,0,2,2
25837820,,0,0.000208,231,0.000007,0,3,3,0,3,3
25333473,,0,0.000265,231,0.000007,0,4,4,0,4,4
25328151,,0,0.003637,231,0.000007,0,7,7,0,7,7
24549056,,0,0.000068,231,0.000007,0,1,1,0,1,1
24481681,,0,0.000443,140,0.000007,0,6,6,0,6,6
24346285,,0.001863,0.004486,231,0.00005,37,18,55,37,18,55
23756864,,0,0.000682,231,0.000007,0,7,7,0,7,7
23255516,,0,0.000068,231,0.000007,0,1,1,0,1,1
23242139,,0,0.001218,231,0.000007,0,7,7,0,7,7
23028381,,0,0.001659,100,0.000007,0,6,6,0,6,6
21787400,,0,0.002866,231,0.000007,0,8,8,0,8,8
20540789,,0,0.000068,231,0.000007,0,1,1,0,1,1
18612136,,0,0.001971,231,0.000007,0,3,3,0,3,3
18602922,,0,0.000068,231,0.000007,0,1,1,0,1,1
18557994,,0.002263,0.003511,100,0.000045,23,10,33,23,10,33
16685266,,0,0.000211,231,0.000007,0,2,2,0,2,2
16504019,,0,0.000068,231,0.000007,0,1,1,0,1,1
29911109,,0,0.012848,1,0.000007,0,15,15,0,15,15
29895190,,0,0.006817,1,0.000007,0,2,2,0,2,2
29748622,,0,0.002112,1,0.000007,0,6,6,0,6,6
29254187,,0,0.000213,205,0.000007,0,2,2,0,2,2
28634224,,0,0.009885,1,0.000007,0,5,5,0,5,5
27434671,,0,0.001282,100,0.000007,0,9,9,0,9,9
26585231,,0,0.000593,205,0.000007,0,3,3,0,3,3
24027577,,0,0.000942,100,0.000007,0,7,7,0,7,7
23804422,,0,0.000202,1,0.000007,0,2,2,0,2,2
23208375,,0,0.000157,100,0.000007,0,1,1,0,1,1
21148102,,0,0.001461,100,0.000007,0,6,6,0,6,6
20423983,,0,0.000177,100,0.000007,0,2,2,0,2,2
19554456,,0,0.001424,100,0.000007,0,3,3,0,3,3
15173384,,0,0.000157,100,0.000007,0,1,1,0,1,1
15004247,,0,0.000157,100,0.000007,0,1,1,0,1,1
12126623,,0,0.000157,100,0.000007,0,1,1,0,1,1
26188124,,0,0.00007,35,0.000007,0,2,2,0,2,2
11448907,,0.002892,0,35,0.000028,15,0,15,15,0,15
22362584,,0.001841,0.002555,35,0.000064,20,15,35,20,15,35
11451557,,0.000293,0,69,0.000008,3,0,3,3,0,3
28900246,,0,0.000001,89,0.000007,0,1,1,0,1,1
23075543,,0,0.000001,89,0.000007,0,1,1,0,1,1
16931592,,0,0.000001,89,0.000007,0,1,1,0,1,1
12682378,,0,0.000001,89,0.000007,0,1,1,0,1,1
11861924,,0,0.000001,89,0.000007,0,1,1,0,1,1
11453973,,0.000248,0,89,0.00001,3,0,3,3,0,3
29254229,,0,0.001323,5,0.000007,0,23,23,0,23,23
11454686,,0.001749,0,5,0.000117,27,0,27,27,0,27
24045926,,0,0.000938,231,0.000007,0,7,7,0,7,7
22312432,,0,0.000033,5,0.000007,0,1,1,0,1,1
19418218,,0,0.000718,231,0.000007,0,6,6,0,6,6
19183483,,0,0.000683,231,0.000007,0,6,6,0,6,6
17043108,,0,0.000033,5,0.000007,0,1,1,0,1,1
14684685,,0,0.000033,5,0.000031,4,1,5,4,1,5
27442652,,0,0.000327,231,0.000007,0,3,3,0,3,3
19338683,,0,0.001006,231,0.000007,0,9,9,0,9,9
17085682,,0,0.000825,231,0.000007,0,6,6,0,6,6
11462232,,0.00049,0,5,0.000033,22,0,22,22,0,22
21332619,,0,0.000056,5,0.000007,0,3,3,0,3,3
21326287,,0,0.000009,5,0.000007,0,1,1,0,1,1
11462239,,0.000095,0,89,0.000007,1,0,1,1,0,1
27764790,,0,0.002841,1,0.000007,0,7,7,0,7,7
11462242,,0.000784,0,89,0.000014,9,0,9,9,0,9
24367166,,0,0.0003,89,0.000007,0,15,15,0,15,15
23388584,,0,0.002109,24,0.000007,0,8,8,0,8,8
30369626,,0,0.003334,5,0.000007,0,29,29,0,29,29
11463009,,0.010801,0,5,0.00012,100,0,100,100,0,100
30203341,,0,0.000415,5,0.000007,0,12,12,0,12,12
29998078,,0,0.001421,5,0.000007,0,6,6,0,6,6
29456469,,0.000003,0.001356,5,0.000007,1,17,18,1,17,18
28827899,,0,0.001166,5,0.000007,0,3,3,0,3,3
28758101,,0,0.001079,5,0.000007,0,8,8,0,8,8
28407998,,0.000033,0.027442,5,0.000008,1,39,40,1,39,40
27066455,,0,0.000753,5,0.000007,0,9,9,0,9,9
26981198,,0,0.000214,5,0.000007,0,3,3,0,3,3
26748927,,0.000016,0.004449,5,0.000009,2,15,17,2,15,17
26689336,,0,0.000679,5,0.000007,0,4,4,0,4,4
26640291,,0,0.005526,5,0.000016,2,17,19,2,17,19
26577764,,0.00015,0.004161,5,0.000017,5,8,13,5,8,13
25986460,,0.000073,0.004363,5,0.000036,12,10,22,12,10,22
25624877,,0,0.000626,5,0.000007,0,2,2,0,2,2
24960742,,0,0.000766,5,0.000007,0,4,4,0,4,4
24762560,,0,0.00395,5,0.000007,0,9,9,0,9,9
24647774,,0,0.003077,5,0.000007,0,9,9,0,9,9
24063552,,0,0.001454,5,0.000007,0,5,5,0,5,5
23837641,,0.00028,0.004756,5,0.000021,7,22,29,7,22,29
23397413,,0,0.000206,5,0.000007,0,1,1,0,1,1
22312537,,0,0.003223,5,0.000007,0,6,6,0,6,6
21637635,,0.002348,0.032823,5,0.00004,25,45,70,25,45,70
20443861,,0,0.000206,5,0.000007,0,1,1,0,1,1
20185801,,0,0.00065,5,0.000007,0,3,3,0,3,3
18614462,,0,0.000803,5,0.000007,0,5,5,0,5,5
15305197,,0,0.000206,5,0.000007,0,1,1,0,1,1
11464240,,0.000455,0,5,0.000015,10,0,10,10,0,10
11466627,,0.000999,0,140,0.000028,8,0,8,8,0,8
25130871,,0,0.00785,69,0.000007,0,4,4,0,4,4
11466700,,0.00055,0,5,0.000015,5,0,5,5,0,5
25653550,,0,0.00001,5,0.000007,0,1,1,0,1,1
24936210,,0,0.0089,69,0.000007,0,11,11,0,11,11
25412153,,0,0.000002,279,0.000007,0,2,2,0,2,2
11471489,,0,0,279,0.000022,3,0,3,3,0,3
24778702,,0,0,279,0.000007,0,1,1,0,1,1
21569413,,0,0,279,0.000007,0,1,1,0,1,1
11474660,,0.003104,0,5,0.00022,39,0,39,39,0,39
29430038,,0,0.000059,5,0.000007,0,1,1,0,1,1
26353976,,0,0.000059,5,0.000007,0,1,1,0,1,1
26311906,,0,0.000059,5,0.000007,0,1,1,0,1,1
25478323,,0.000452,0.004779,5,0.000018,5,19,24,5,19,24
25330822,,0,0.00178,69,0.000007,0,12,12,0,12,12
24707323,,0,0.000059,5,0.000007,0,1,1,0,1,1
24152770,,0,0.000059,5,0.000007,0,1,1,0,1,1
23637568,,0,0.000059,61,0.000007,0,2,2,0,2,2
22863523,,0,0.000061,35,0.000007,0,2,2,0,2,2
22606070,,0,0.000059,5,0.000007,0,1,1,0,1,1
21228701,,0,0.000059,5,0.000007,0,1,1,0,1,1
20922143,,0,0.000062,1,0.000007,0,2,2,0,2,2
20337632,,0,0.000059,5,0.000007,0,1,1,0,1,1
19022825,,0,0.000059,61,0.000007,0,2,2,0,2,2
18076282,,0,0.000059,5,0.000007,0,1,1,0,1,1
16080203,,0.000005,0.000059,61,0.000136,23,1,24,23,1,24
15345074,,0,0.000059,5,0.000007,0,1,1,0,1,1
28824300,,0,0.000011,35,0.000007,0,2,2,0,2,2
17922920,,0,0.000005,35,0.000007,0,1,1,0,1,1
11479238,,0.000408,0,41,0.000014,5,0,5,5,0,5
30319179,,0,0.000131,5,0.000007,0,3,3,0,3,3
11481359,,0.001387,0,5,0.000166,51,0,51,51,0,51
29399312,,0,0.000026,5,0.000007,0,1,1,0,1,1
29065920,,0,0.000027,5,0.000007,0,2,2,0,2,2
29057183,,0,0.00013,5,0.000007,0,2,2,0,2,2
28133583,,0,0.000707,5,0.000013,1,14,15,1,14,15
28075622,,0,0.00043,5,0.000007,0,6,6,0,6,6
27914403,,0,0.00013,5,0.000007,0,2,2,0,2,2
27159079,,0,0.00013,5,0.000007,0,2,2,0,2,2
27036589,,0,0.000026,5,0.000007,0,1,1,0,1,1
26854157,,0,0.000042,5,0.000007,0,2,2,0,2,2
26777057,,0,0.000026,5,0.000007,0,1,1,0,1,1
26392170,,0,0.000026,5,0.000007,0,1,1,0,1,1
25401024,,0,0.000091,5,0.000007,0,2,2,0,2,2
25114543,,0,0.000292,5,0.000007,0,3,3,0,3,3
24687641,,0,0.000026,5,0.000007,0,1,1,0,1,1
24089930,,0,0.000026,5,0.000007,0,1,1,0,1,1
23644845,,0,0.000026,5,0.000007,0,1,1,0,1,1
23396957,,0,0.00013,5,0.000007,0,2,2,0,2,2
23074406,,0.000207,0.000827,5,0.00002,6,17,23,6,17,23
23049553,,0,0.000026,5,0.000007,0,1,1,0,1,1
22128131,,0,0.000224,5,0.000007,0,4,4,0,4,4
22056913,,0,0.000026,5,0.000007,0,1,1,0,1,1
21479733,,0,0.000026,5,0.000007,0,1,1,0,1,1
21392409,,0,0.000026,5,0.000007,0,1,1,0,1,1
20959375,,0,0.000026,5,0.000007,0,1,1,0,1,1
20501712,,0,0.000342,5,0.000007,0,3,3,0,3,3
19123642,,0,0.000026,5,0.000007,0,1,1,0,1,1
16417642,,0,0.000026,5,0.000007,0,1,1,0,1,1
15213718,,0,0.000026,5,0.000007,0,1,1,0,1,1
15061749,,0,0.000026,5,0.000007,0,1,1,0,1,1
12556951,,0,0.000026,5,0.000007,0,1,1,0,1,1
29734873,,0,0.000218,66,0.000007,0,3,3,0,3,3
11486176,,0.000173,0,66,0.000058,10,0,10,10,0,10
26659223,,0,0.000003,66,0.000007,0,1,1,0,1,1
26527939,,0,0.000003,66,0.000007,0,1,1,0,1,1
25671134,,0.000065,0.008829,1,0.000008,1,2,3,1,2,3
24392410,,0,0.000003,66,0.000007,0,1,1,0,1,1
24349846,,0,0.000003,66,0.000007,0,1,1,0,1,1
23734899,,0,0.000003,66,0.000007,0,1,1,0,1,1
22516480,,0,0.000003,66,0.000007,0,1,1,0,1,1
20668605,,0,0.000003,66,0.000007,0,1,1,0,1,1
19875535,,0,0,62,0.000007,0,1,1,0,1,1
11489042,,0,0,62,0.000025,3,0,3,3,0,3
14728579,,0,0,62,0.000007,0,1,1,0,1,1
11972727,,0,0,62,0.000007,0,1,1,0,1,1
23533376,,0,0.001311,90,0.000013,1,4,5,1,4,5
22037610,,0,0.000149,90,0.000007,0,3,3,0,3,3
21951318,,0,0.000499,90,0.000037,5,8,13,5,8,13
21263043,,0.000796,0.002411,69,0.000009,4,15,19,4,15,19
19383985,,0,0.000214,90,0.000007,0,2,2,0,2,2
19328202,,0,0.000101,90,0.000007,0,1,1,0,1,1
18847501,,0,0.000101,90,0.000007,0,2,2,0,2,2
16757575,,0,0.000157,90,0.000007,0,2,2,0,2,2
11971975,,0,0.000157,90,0.000007,0,2,2,0,2,2
11493753,,0.000342,0,231,0.000012,4,0,4,4,0,4
29399072,,0,0,63,0.000007,0,1,1,0,1,1
11494042,,0,0,63,0.000013,1,0,1,1,0,1
11494157,,0.001379,0,140,0.00011,25,0,25,25,0,25
29456552,,0,0.000634,140,0.000007,0,5,5,0,5,5
27829230,,0,0.000036,140,0.000007,0,3,3,0,3,3
26992833,,0.000047,0.000267,140,0.000141,30,7,37,30,7,37
26332131,,0,0.000026,140,0.000007,0,1,1,0,1,1
26253569,,0,0.000026,140,0.000007,0,1,1,0,1,1
25870248,,0,0.000026,140,0.000007,0,1,1,0,1,1
23166673,,0,0.000026,140,0.000007,0,1,1,0,1,1
21113250,,0,0.000026,140,0.000007,0,1,1,0,1,1
20060115,,0,0.000026,140,0.000007,0,1,1,0,1,1
18978817,,0,0.000026,140,0.000007,0,1,1,0,1,1
18974838,,0,0.000026,140,0.000007,0,1,1,0,1,1
18094161,,0,0.000026,140,0.000007,0,1,1,0,1,1
17847000,,0,0.000026,140,0.000007,0,1,1,0,1,1
12707373,,0,0.000026,140,0.000007,0,1,1,0,1,1
12515381,,0,0.000026,140,0.000007,0,1,1,0,1,1
27622501,,0,0.000001,89,0.000007,0,2,2,0,2,2
11496330,,0.000003,0,231,0.000015,4,0,4,4,0,4
18053706,,0,0.000038,231,0.000007,0,4,4,0,4,4
15107491,,0,0.000004,231,0.000007,0,2,2,0,2,2
11497291,,0.000211,0,35,0.000028,2,0,2,2,0,2
16038031,,0.000099,0.000004,35,0.000022,3,1,4,3,1,4
27456091,,0,0.000134,89,0.000007,0,4,4,0,4,4
11498787,,0.001269,0,100,0.000038,13,0,13,13,0,13
23209772,,0,0.000024,100,0.000007,0,1,1,0,1,1
20034488,,0,0.000024,100,0.000007,0,1,1,0,1,1
16617106,,0,0.000024,100,0.000007,0,1,1,0,1,1
11498834,,0.000008,0,5,0.000008,1,0,1,1,0,1
11499060,,0.000077,0,1,0.000007,1,0,1,1,0,1
28843226,,0,0.000003,1,0.000007,0,1,1,0,1,1
11499181,,0.000147,0,1,0.000069,12,0,12,12,0,12
24835180,,0,0.007439,1,0.000007,0,2,2,0,2,2
24618330,,0,0.000003,1,0.000007,0,1,1,0,1,1
24579127,,0,0.000003,1,0.000007,0,1,1,0,1,1
21901169,,0,0.000003,1,0.000007,0,1,1,0,1,1
19701501,,0,0.000003,1,0.000007,0,1,1,0,1,1
19647308,,0,0.000003,1,0.000007,0,1,1,0,1,1
16570051,,0,0.000003,1,0.000007,0,1,1,0,1,1
16353663,,0,0.000003,1,0.000007,0,1,1,0,1,1
14661040,,0,0.000003,1,0.000007,0,1,1,0,1,1
11499690,,0.000415,0,89,0.000014,5,0,5,5,0,5
22744640,,0,0.000008,89,0.000007,0,1,1,0,1,1
23155442,,0,0.000002,35,0.000007,0,1,1,0,1,1
11501577,,0.000099,0,35,0.000034,5,0,5,5,0,5
20890741,,0,0.000002,35,0.000007,0,1,1,0,1,1
18404369,,0,0.005172,35,0.000007,0,2,2,0,2,2
17997862,,0,0.000002,35,0.000007,0,1,1,0,1,1
17183730,,0,0.000002,35,0.000007,0,1,1,0,1,1
11504767,,0.003249,0,89,0.00018,44,0,44,44,0,44
30094284,,0,0.000086,89,0.000007,0,2,2,0,2,2
28985233,,0,0.000611,35,0.000007,0,12,12,0,12,12
27656653,,0,0.002109,89,0.00001,1,7,8,1,7,8
25231360,,0,0.000279,89,0.000007,0,2,2,0,2,2
24477976,,0.000856,0.010614,1,0.00001,6,28,34,6,28,34
21699739,,0,0.005327,5,0.000007,0,5,5,0,5,5
21059204,,0,0.000062,89,0.000007,0,1,1,0,1,1
20406436,,0,0.000105,231,0.000007,0,2,2,0,2,2
19446866,,0,0.000062,89,0.000007,0,1,1,0,1,1
17687645,,0,0.000148,231,0.000007,0,3,3,0,3,3
17118219,,0,0.000062,89,0.000007,0,1,1,0,1,1
11505391,,0.001032,0,231,0.00007,20,0,20,20,0,20
28138571,,0,0.013991,1,0.000007,0,8,8,0,8,8
25247188,,0,0.000834,57,0.000007,0,6,6,0,6,6
24841718,,0.004114,0.025277,1,0.00007,26,12,38,26,12,38
23847764,,0,0.00002,231,0.000007,0,1,1,0,1,1
19781682,,0,0.001092,231,0.000007,0,15,15,0,15,15
19347964,,0,0.00007,89,0.000007,0,6,6,0,6,6
18701470,,0,0.000042,231,0.000007,0,2,2,0,2,2
16652348,,0,0.000135,231,0.000007,0,6,6,0,6,6
15642165,,0,0.00002,231,0.000007,0,1,1,0,1,1
11507721,,0.000153,0,89,0.000008,2,0,2,2,0,2
30250843,,0,0.000005,279,0.000007,0,2,2,0,2,2
11508855,,0.000168,0,279,0.000018,4,0,4,4,0,4
29212269,,0,0.000003,279,0.000007,0,2,2,0,2,2
28981093,,0,0.000003,279,0.000007,0,2,2,0,2,2
29679802,,0,0.010263,100,0.000007,0,9,9,0,9,9
11516927,,0.004648,0,100,0.000741,172,0,172,172,0,172
29568320,,0,0.000095,100,0.000007,0,3,3,0,3,3
29234069,,0,0.000089,100,0.000007,0,1,1,0,1,1
29137116,,0,0.000089,100,0.000007,0,1,1,0,1,1
29112132,,0,0.001051,100,0.000007,0,4,4,0,4,4
29046282,,0,0.000089,100,0.000007,0,1,1,0,1,1
28706634,,0,0.000089,100,0.000007,0,1,1,0,1,1
28524082,,0,0.000101,100,0.000007,0,3,3,0,3,3
28490629,,0,0.002007,100,0.000007,0,9,9,0,9,9
27978798,,0.000636,0.024703,1,0.000012,4,19,23,4,19,23
27799325,,0,0.000089,100,0.000007,0,1,1,0,1,1
27587838,,0,0.000089,100,0.000007,0,1,1,0,1,1
27573016,,0,0.000089,100,0.000007,0,1,1,0,1,1
27443291,,0,0.000295,176,0.000007,0,2,2,0,2,2
27427477,,0,0.000089,100,0.000007,0,1,1,0,1,1
27350828,,0,0.001224,100,0.000007,0,7,7,0,7,7
27242893,,0,0.000089,100,0.000007,0,1,1,0,1,1
26930481,,0,0.000089,100,0.000007,0,1,1,0,1,1
26886024,,0,0.000495,100,0.000007,0,3,3,0,3,3
26855780,,0,0.000089,100,0.000007,0,1,1,0,1,1
26833244,,0,0.000483,100,0.000007,0,3,3,0,3,3
26400161,,0,0.000089,100,0.000007,0,1,1,0,1,1
26384430,,0,0.000089,100,0.000007,0,1,1,0,1,1
26245485,,0,0.009111,1,0.000007,0,5,5,0,5,5
25950582,,0,0.000089,100,0.000007,0,1,1,0,1,1
25799182,,0,0.000089,100,0.000007,0,1,1,0,1,1
25795124,,0,0.003046,100,0.000007,0,12,12,0,12,12
25567288,,0,0.000089,100,0.000007,0,1,1,0,1,1
25501593,,0,0.000089,100,0.000007,0,1,1,0,1,1
25325076,,0,0.000089,100,0.000007,0,1,1,0,1,1
25209404,,0,0.000089,100,0.000007,0,1,1,0,1,1
24995306,,0,0.000089,100,0.000007,0,1,1,0,1,1
24891441,,0,0.000089,100,0.000007,0,1,1,0,1,1
24840115,,0,0.000089,100,0.000007,0,1,1,0,1,1
24583581,,0,0.000089,100,0.000007,0,1,1,0,1,1
24443534,,0,0.000089,100,0.000007,0,1,1,0,1,1
24005565,,0,0.001034,100,0.000007,0,3,3,0,3,3
23840905,,0,0.000089,100,0.000007,0,1,1,0,1,1
23789926,,0,0.000089,100,0.000007,0,1,1,0,1,1
23642018,,0,0.000089,100,0.000007,0,1,1,0,1,1
23219605,,0,0.006935,1,0.000007,0,4,4,0,4,4
23133806,,0,0.000089,100,0.000007,0,1,1,0,1,1
23020514,,0,0.000089,100,0.000007,0,1,1,0,1,1
22936396,,0,0.000089,100,0.000007,0,1,1,0,1,1
22933559,,0,0.000089,100,0.000007,0,1,1,0,1,1
22912599,,0,0.000931,100,0.000007,0,4,4,0,4,4
22895051,,0,0.000685,100,0.000007,0,3,3,0,3,3
22692201,,0,0.000089,100,0.000007,0,1,1,0,1,1
22686427,,0,0.000089,100,0.000007,0,1,1,0,1,1
22609620,,0,0.000435,1,0.000007,0,5,5,0,5,5
22378607,,0,0.000089,100,0.000007,0,1,1,0,1,1
22345984,,0,0.000093,100,0.000007,0,3,3,0,3,3
22051193,,0.000073,0.000112,100,0.000052,11,2,13,11,2,13
22035519,,0,0.000089,100,0.000007,0,1,1,0,1,1
22006019,,0,0.0002,1,0.000007,0,2,2,0,2,2
21958350,,0,0.000089,100,0.000007,0,1,1,0,1,1
21896658,,0,0.000089,100,0.000007,0,1,1,0,1,1
21814285,,0,0.000143,100,0.000007,0,2,2,0,2,2
21372322,,0,0.000089,100,0.000007,0,1,1,0,1,1
21113301,,0,0.00057,100,0.000007,0,3,3,0,3,3
20725618,,0,0.000089,100,0.000007,0,1,1,0,1,1
20714665,,0,0.000089,100,0.000007,0,1,1,0,1,1
20708636,,0,0.000089,100,0.000007,0,1,1,0,1,1
20658650,,0,0.000433,100,0.000007,0,3,3,0,3,3
20658646,,0,0.00977,100,0.000007,0,6,6,0,6,6
20658645,,0,0.000089,100,0.000007,0,1,1,0,1,1
20647419,,0,0.000089,100,0.000007,0,1,1,0,1,1
20536192,,0,0.000113,176,0.000007,0,2,2,0,2,2
20518497,,0,0.000181,100,0.000007,0,2,2,0,2,2
20518486,,0,0.0005,100,0.000007,0,2,2,0,2,2
20453097,,0,0.000089,100,0.000007,0,1,1,0,1,1
20373772,,0,0.000089,100,0.000007,0,1,1,0,1,1
20196133,,0,0.000944,100,0.000007,0,6,6,0,6,6
20067226,,0,0.000089,100,0.000007,0,1,1,0,1,1
20039786,,0,0.000716,100,0.000007,0,8,8,0,8,8
20028736,,0,0.000383,100,0.000007,0,3,3,0,3,3
20000382,,0,0.000089,100,0.000007,0,1,1,0,1,1
19908865,,0,0.0005,100,0.000007,0,2,2,0,2,2
19835330,,0,0.000089,100,0.000007,0,1,1,0,1,1
19763158,,0,0.0005,100,0.000007,0,2,2,0,2,2
19748363,,0,0.000992,100,0.000007,0,8,8,0,8,8
19726585,,0,0.000089,100,0.000007,0,1,1,0,1,1
19684342,,0,0.000143,100,0.000007,0,2,2,0,2,2
19549833,,0,0.000089,100,0.000007,0,1,1,0,1,1
19468048,,0,0.000089,100,0.000007,0,1,1,0,1,1
19406929,,0,0.000274,100,0.000007,0,2,2,0,2,2
19403702,,0.002038,0.000787,1,0.000153,38,6,44,38,6,44
19258314,,0,0.000089,100,0.000007,0,1,1,0,1,1
19164551,,0,0.000089,100,0.000007,0,1,1,0,1,1
19147494,,0,0.001331,100,0.000007,0,4,4,0,4,4
19027772,,0,0.000167,100,0.000007,0,2,2,0,2,2
19014472,,0,0.000089,100,0.000007,0,1,1,0,1,1
18947205,,0,0.000089,100,0.000007,0,1,1,0,1,1
18929140,,0,0.000089,100,0.000007,0,1,1,0,1,1
18805090,,0,0.000748,100,0.000007,0,3,3,0,3,3
18672388,,0,0.000588,100,0.000007,0,5,5,0,5,5
18571479,,0,0.001416,100,0.000007,0,6,6,0,6,6
18538374,,0,0.000089,100,0.000007,0,1,1,0,1,1
18537208,,0,0.000089,100,0.000007,0,1,1,0,1,1
18332048,,0,0.000089,100,0.000007,0,1,1,0,1,1
18310306,,0,0.000112,100,0.000007,0,2,2,0,2,2
18166982,,0,0.000617,100,0.000007,0,5,5,0,5,5
18083760,,0,0.000367,100,0.000007,0,5,5,0,5,5
18068156,,0,0.000089,100,0.000007,0,1,1,0,1,1
17921313,,0,0.000089,100,0.000007,0,1,1,0,1,1
17715144,,0,0.000363,100,0.000007,0,3,3,0,3,3
17669695,,0,0.000561,100,0.000007,0,2,2,0,2,2
17611606,,0,0.000163,100,0.000007,0,2,2,0,2,2
17567608,,0,0.000432,100,0.000007,0,3,3,0,3,3
17496087,,0,0.000089,100,0.000007,0,1,1,0,1,1
17042508,,0,0.000089,100,0.000007,0,1,1,0,1,1
17036055,,0,0.000089,100,0.000007,0,1,1,0,1,1
16945959,,0,0.000561,100,0.000007,0,2,2,0,2,2
16855250,,0,0.000089,100,0.000007,0,1,1,0,1,1
16678501,,0,0.000089,100,0.000007,0,1,1,0,1,1
16482220,,0,0.000089,100,0.000007,0,1,1,0,1,1
16464006,,0,0.000126,100,0.000007,0,2,2,0,2,2
16402835,,0,0.000089,100,0.000007,0,1,1,0,1,1
16169964,,0,0.000089,100,0.000007,0,1,1,0,1,1
16121259,,0,0.000089,100,0.000007,0,1,1,0,1,1
16107704,,0,0.000788,100,0.000007,0,4,4,0,4,4
16093548,,0,0.000089,100,0.000007,0,1,1,0,1,1
15944449,,0,0.000154,100,0.000007,0,2,2,0,2,2
15914671,,0,0.000089,100,0.000007,0,1,1,0,1,1
15908599,,0,0.000089,100,0.000007,0,1,1,0,1,1
15891767,,0,0.000089,100,0.000007,0,1,1,0,1,1
15802532,,0.001617,0.001948,100,0.000127,47,12,59,47,12,59
15743825,,0,0.000089,100,0.000007,0,1,1,0,1,1
15692571,,0,0.000089,100,0.000007,0,1,1,0,1,1
15572677,,0,0.000627,100,0.000007,0,3,3,0,3,3
15448639,,0,0.000089,100,0.000007,0,1,1,0,1,1
14576298,,0,0.000561,100,0.000007,0,2,2,0,2,2
12808110,,0,0.000447,231,0.000007,0,2,2,0,2,2
12799441,,0,0.000089,100,0.000007,0,1,1,0,1,1
12374756,,0,0.000089,100,0.000007,0,1,1,0,1,1
12177301,,0,0.000089,100,0.000007,0,1,1,0,1,1
11953322,,0,0.000089,100,0.000007,0,1,1,0,1,1
11861915,,0,0.000089,100,0.000007,0,1,1,0,1,1
11707424,,0,0.000089,100,0.000007,0,1,1,0,1,1
27402801,,0,0.000014,90,0.000007,0,1,1,0,1,1
11521194,,0.000742,0,90,0.000057,13,0,13,13,0,13
23574720,,0,0.000014,90,0.000007,0,1,1,0,1,1
22655796,,0,0.000014,90,0.000007,0,1,1,0,1,1
12944478,,0,0.000014,90,0.000007,0,1,1,0,1,1
29983596,,0,0.000002,231,0.000007,0,1,1,0,1,1
11522269,,0.000092,0,231,0.000046,8,0,8,8,0,8
26446295,,0,0.000002,231,0.000007,0,1,1,0,1,1
23105517,,0,0.000002,231,0.000007,0,1,1,0,1,1
19458758,,0,0.000064,231,0.000007,0,3,3,0,3,3
18091292,,0,0.000002,231,0.000007,0,1,1,0,1,1
16953875,,0,0.000002,231,0.000007,0,1,1,0,1,1
12439719,,0,0.000002,231,0.000007,0,1,1,0,1,1
12239347,,0,0,64,0.000007,0,1,1,0,1,1
11524552,,0,0,64,0.000013,1,0,1,1,0,1
26966075,,0,0.000273,90,0.000007,0,4,4,0,4,4
11525763,,0.002848,0,100,0.000062,20,0,20,20,0,20
15967112,,0,0.001215,100,0.000007,0,2,2,0,2,2
11526114,,0.005281,0,100,0.000192,31,0,31,31,0,31
21084285,,0,0.000412,100,0.000007,0,3,3,0,3,3
11527694,,0.000193,0,5,0.000008,2,0,2,2,0,2
11529589,,0.00009,0,1,0.000007,1,0,1,1,0,1
22950077,,0,0.000266,100,0.000007,0,6,6,0,6,6
11530803,,0.000007,0,100,0.00001,2,0,2,2,0,2
28355289,,0,0.000082,69,0.000007,0,2,2,0,2,2
11531284,,0.000651,0,69,0.000047,12,0,12,12,0,12
28134850,,0,0.000012,69,0.000007,0,1,1,0,1,1
26637171,,0,0.007688,69,0.000007,0,5,5,0,5,5
26433385,,0,0.000012,69,0.000007,0,1,1,0,1,1
25977900,,0,0.008145,69,0.000007,0,5,5,0,5,5
23320251,,0,0.000128,69,0.000007,0,2,2,0,2,2
22896656,,0,0.007448,69,0.000007,0,2,2,0,2,2
21738819,,0,0.000012,69,0.000007,0,1,1,0,1,1
19387548,,0,0.000012,69,0.000007,0,1,1,0,1,1
29952992,,0,0.000076,231,0.000007,0,8,8,0,8,8
11535547,,0.001736,0,231,0.000076,30,0,30,30,0,30
25247297,,0,0.000039,231,0.000007,0,2,2,0,2,2
24930116,,0,0.000224,231,0.000007,0,3,3,0,3,3
24457040,,0,0.00006,231,0.000007,0,3,3,0,3,3
22913318,,0,0.000033,231,0.000007,0,1,1,0,1,1
28008216,,0,0.000004,5,0.000012,2,2,4,2,2,4
11535704,,0.000217,0,5,0.000046,14,0,14,14,0,14
26245209,,0,0.000386,5,0.000007,0,10,10,0,10,10
25192678,,0,0.000508,5,0.000007,0,6,6,0,6,6
24829276,,0,0.000096,5,0.000007,0,7,7,0,7,7
23709166,,0.000002,0.000004,5,0.000021,5,1,6,5,1,6
11536045,,0.000635,0,279,0.000099,22,0,22,22,0,22
29622465,,0,0.000012,279,0.000007,0,1,1,0,1,1
26779948,,0,0.000012,279,0.000007,0,1,1,0,1,1
25122495,,0,0.000012,279,0.000007,0,1,1,0,1,1
24867947,,0,0.000012,279,0.000007,0,1,1,0,1,1
24646064,,0,0.000012,279,0.000007,0,1,1,0,1,1
22865368,,0,0.000012,279,0.000007,0,1,1,0,1,1
21122106,,0,0.000216,279,0.000007,0,3,3,0,3,3
19499975,,0,0.000012,279,0.000007,0,1,1,0,1,1
18703665,,0,0.000012,279,0.000007,0,1,1,0,1,1
17288573,,0,0.000012,279,0.000007,0,1,1,0,1,1
15803146,,0,0.000098,279,0.000007,0,2,2,0,2,2
11988840,,0,0.000012,279,0.000007,0,1,1,0,1,1
11545685,,0.000009,0,5,0.000017,4,0,4,4,0,4
19197001,,0,0.000022,5,0.000007,0,2,2,0,2,2
18669879,,0,0,5,0.000007,0,1,1,0,1,1
24872737,,0,0.000002,5,0.000007,0,2,2,0,2,2
11547025,,0.000001,0,5,0.000012,2,0,2,2,0,2
21860280,,0,0.00006,5,0.000007,0,3,3,0,3,3
11550149,,0.002142,0,1,0.000017,9,0,9,9,0,9
19834951,,0.000942,0.002701,69,0.000017,9,15,24,9,15,24
11550168,,0.000319,0,5,0.000054,23,0,23,23,0,23
28903733,,0,0.00041,5,0.000007,0,16,16,0,16,16
25451990,,0,0.001205,5,0.000007,0,23,23,0,23,23
21755572,,0,0.000006,5,0.000007,0,1,1,0,1,1
21672210,,0,0.000006,5,0.000007,0,1,1,0,1,1
20142594,,0,0.000022,5,0.000007,0,2,2,0,2,2
20098329,,0,0.000006,5,0.000007,0,1,1,0,1,1
19210013,,0.002067,0.0025,5,0.000068,34,16,50,34,16,50
21165770,,0,0.001806,100,0.000007,0,19,19,0,19,19
19124502,,0,0.001344,231,0.000007,0,12,12,0,12,12
11560980,,0.000001,0,69,0.000014,2,0,2,2,0,2
17892469,,0,0,69,0.000007,0,1,1,0,1,1
11562114,,0.001619,0,89,0.000025,10,0,10,10,0,10
20003494,,0,0.00254,100,0.000007,0,8,8,0,8,8
29380298,,0,0.003291,279,0.000007,0,3,3,0,3,3
11562179,,0.000417,0,279,0.00003,8,0,8,8,0,8
16848979,,0,0.003484,279,0.000007,0,3,3,0,3,3
12494945,,0,0.000008,279,0.000007,0,1,1,0,1,1
11562180,,0.000158,0,100,0.000008,1,0,1,1,0,1
25157275,,0,0.000007,48,0.000007,0,1,1,0,1,1
11562742,,0.000372,0,48,0.000021,5,0,5,5,0,5
24775809,,0.000719,0.000415,69,0.000028,9,10,19,9,10,19
30097381,,0,0.000005,5,0.000007,0,2,2,0,2,2
11563941,,0.000185,0,5,0.000026,16,0,16,16,0,16
28971321,,0,0.000026,5,0.000007,0,3,3,0,3,3
26099287,,0,0.000037,5,0.000007,0,6,6,0,6,6
25321314,,0,0.00003,5,0.000007,0,6,6,0,6,6
24628824,,0,0.000062,5,0.000007,0,5,5,0,5,5
11566341,,0.000812,0,89,0.000011,8,0,8,8,0,8
26783558,,0,0,65,0.000007,0,1,1,0,1,1
11573079,,0,0,65,0.000019,2,0,2,2,0,2
16263521,,0,0,65,0.000007,0,1,1,0,1,1
11573085,,0.015137,0,100,0.000609,147,0,147,147,0,147
30379819,,0,0.000289,100,0.000007,0,1,1,0,1,1
29663561,,0,0.000305,100,0.000007,0,3,3,0,3,3
29605907,,0,0.000496,100,0.000007,0,5,5,0,5,5
29432170,,0,0.000289,100,0.000007,0,1,1,0,1,1
29430827,,0,0.000289,100,0.000007,0,1,1,0,1,1
29176576,,0,0.000289,100,0.000007,0,1,1,0,1,1
28906046,,0,0.000289,100,0.000007,0,1,1,0,1,1
28753623,,0,0.000289,100,0.000007,0,1,1,0,1,1
28547869,,0,0.000289,100,0.000007,0,1,1,0,1,1
28255272,,0,0.012698,1,0.000007,0,58,58,0,58,58
28186987,,0.000018,0.001242,140,0.000007,1,12,13,1,12,13
28032817,,0.000088,0.004017,100,0.000015,3,13,16,3,13,16
27999260,,0,0.002827,100,0.000007,0,9,9,0,9,9
27485899,,0,0.000335,90,0.000007,0,3,3,0,3,3
27425606,,0,0.000289,100,0.000007,0,1,1,0,1,1
27411375,,0,0.000311,100,0.000007,0,2,2,0,2,2
27154206,,0,0.000289,100,0.000007,0,1,1,0,1,1
26720728,,0.011338,0.007615,1,0.000051,61,20,81,61,20,81
26560693,,0,0.000289,100,0.000007,0,1,1,0,1,1
26212332,,0,0.000323,100,0.000007,0,2,2,0,2,2
25864391,,0,0.000311,100,0.000007,0,2,2,0,2,2
25464845,,0,0.000289,100,0.000007,0,1,1,0,1,1
25372739,,0,0.000311,100,0.000007,0,2,2,0,2,2
25355358,,0,0.000311,100,0.000007,0,2,2,0,2,2
25300604,,0,0.000289,100,0.000007,0,1,1,0,1,1
24762499,,0,0.000438,24,0.000007,0,3,3,0,3,3
24656128,,0,0.000368,100,0.000007,0,3,3,0,3,3
23740247,,0,0.000612,100,0.000007,0,3,3,0,3,3
22902369,,0,0.000335,90,0.000007,0,3,3,0,3,3
22589545,,0.00182,0.00263,100,0.000073,27,7,34,27,7,34
22531782,,0,0.001231,100,0.000007,0,4,4,0,4,4
21986495,,0,0.000289,100,0.000007,0,1,1,0,1,1
21857666,,0,0.000335,90,0.000007,0,3,3,0,3,3
21734049,,0,0.00031,100,0.000007,0,2,2,0,2,2
21518764,,0,0.000312,90,0.000007,0,2,2,0,2,2
21473589,,0.002769,0.003821,100,0.000033,14,24,38,14,24,38
20476776,,0,0.000289,100,0.000007,0,1,1,0,1,1
20081365,,0,0.000334,100,0.000007,0,3,3,0,3,3
20017557,,0,0.000312,90,0.000007,0,2,2,0,2,2
19656869,,0,0.00031,100,0.000007,0,2,2,0,2,2
19543231,,0,0.000289,100,0.000007,0,1,1,0,1,1
19483087,,0,0.000311,100,0.000007,0,2,2,0,2,2
19416828,,0,0.000289,100,0.000007,0,1,1,0,1,1
19026784,,0,0.000289,100,0.000007,0,1,1,0,1,1
18958179,,0,0.00031,100,0.000007,0,2,2,0,2,2
18584949,,0,0.000289,100,0.000007,0,1,1,0,1,1
17762864,,0,0.000522,100,0.000007,0,4,4,0,4,4
17720710,,0,0.000311,100,0.000007,0,2,2,0,2,2
17374714,,0,0.000311,100,0.000007,0,2,2,0,2,2
17360614,,0,0.000289,100,0.000007,0,1,1,0,1,1
17327397,,0,0.000289,100,0.000007,0,1,1,0,1,1
17261593,,0,0.000289,100,0.000007,0,1,1,0,1,1
17170710,,0,0.000519,100,0.000007,0,4,4,0,4,4
16388587,,0,0.000474,100,0.000007,0,2,2,0,2,2
16210246,,0,0.000289,100,0.000007,0,1,1,0,1,1
15965022,,0,0.00031,100,0.000007,0,2,2,0,2,2
15361859,,0,0.000289,100,0.000007,0,1,1,0,1,1
14691235,,0,0.000289,100,0.000007,0,1,1,0,1,1
14517261,,0,0.000474,100,0.000007,0,2,2,0,2,2
12627222,,0,0.000289,100,0.000007,0,1,1,0,1,1
12466024,,0,0.000289,100,0.000007,0,1,1,0,1,1
11573086,,0.01021,0,100,0.000168,74,0,74,74,0,74
25937777,,0,0.000196,231,0.000007,0,2,2,0,2,2
25654734,,0,0.019799,100,0.000007,0,20,20,0,20,20
24603722,,0,0.000196,231,0.000007,0,2,2,0,2,2
22889855,,0.003866,0.00402,140,0.000036,24,28,52,24,28,52
22139841,,0,0.001976,100,0.000007,0,11,11,0,11,11
22130670,,0,0.000296,100,0.000007,0,2,2,0,2,2
20094029,,0,0.001005,100,0.000007,0,5,5,0,5,5
19804755,,0,0.001088,100,0.000007,0,5,5,0,5,5
18366598,,0,0.000248,100,0.000007,0,2,2,0,2,2
27583083,,0,0.000038,5,0.000007,0,2,2,0,2,2
11576847,,0.001069,0,5,0.000016,10,0,10,10,0,10
18433509,,0,0.000109,89,0.000007,0,2,2,0,2,2
17490616,,0,0.000003,35,0.000007,0,1,1,0,1,1
11836443,,0,0.000003,35,0.000007,0,1,1,0,1,1
11578397,,0.000019,0,89,0.000008,1,0,1,1,0,1
11584901,,0.000103,0,5,0.00001,6,0,6,6,0,6
22328347,,0.00097,0.001667,5,0.000027,19,28,47,19,28,47
11593420,,0.004596,0,24,0.000102,27,0,27,27,0,27
27594783,,0,0.000088,24,0.000007,0,1,1,0,1,1
25705237,,0,0.000088,24,0.000007,0,1,1,0,1,1
25416788,,0.000016,0.001048,24,0.000093,15,6,21,15,6,21
24409284,,0,0.000088,24,0.000007,0,1,1,0,1,1
24058603,,0.000025,0.000332,24,0.000061,11,6,17,11,6,17
23675107,,0,0.000115,24,0.000007,0,2,2,0,2,2
23114628,,0,0.00009,168,0.000007,0,2,2,0,2,2
19421315,,0,0.000088,24,0.000007,0,1,1,0,1,1
11595708,,0.002342,0,1,0.000012,10,0,10,10,0,10
29767749,,0,0.000665,367,0.000007,0,5,5,0,5,5
11597388,,0.001656,0,89,0.000017,15,0,15,15,0,15
24065113,,0,0.000147,89,0.000007,0,5,5,0,5,5
11598149,,0.000668,0,35,0.000019,6,0,6,6,0,6
15831703,,0,0.000013,35,0.000007,0,1,1,0,1,1
23397075,,0,0.00044,205,0.000007,0,3,3,0,3,3
11604087,,0.000008,0,205,0.000009,1,0,1,1,0,1
11606101,,0.000087,0,89,0.00001,2,0,2,2,0,2
11641785,,0.009036,0,24,0.000106,39,0,39,39,0,39
28821270,,0,0.008021,1,0.000007,0,8,8,0,8,8
26801247,,0.004265,0.019938,1,0.000017,14,13,27,14,13,27
24933103,,0.000001,0.000803,24,0.000058,12,9,21,12,9,21
23577259,,0,0.001724,1,0.000007,0,5,5,0,5,5
21904581,,0,0.001071,24,0.000007,0,3,3,0,3,3
20576088,,0,0.000529,90,0.000007,0,6,6,0,6,6
19968494,,0.00032,0.001945,24,0.00003,8,10,18,8,10,18
16401350,,0,0.000298,24,0.000007,0,3,3,0,3,3
11668223,,0.000339,0,5,0.000042,5,0,5,5,0,5
11668617,,0.000031,0,89,0.000008,1,0,1,1,0,1
26918940,,0,0.000001,69,0.000007,0,1,1,0,1,1
11669285,,0.000045,0,69,0.000028,5,0,5,5,0,5
21193558,,0,0.000001,69,0.000007,0,1,1,0,1,1
20374646,,0,0.000001,69,0.000007,0,1,1,0,1,1
11673408,,0.002841,0,100,0.000126,42,0,42,42,0,42
28825622,,0,0.00267,100,0.000007,0,13,13,0,13,13
28282903,,0,0.000054,100,0.000007,0,1,1,0,1,1
28228161,,0,0.00285,100,0.000007,0,11,11,0,11,11
27720904,,0,0.00013,100,0.000007,0,2,2,0,2,2
25545896,,0,0.000054,100,0.000007,0,1,1,0,1,1
25429431,,0,0.00804,100,0.000007,0,10,10,0,10,10
22854063,,0,0.001278,100,0.000007,0,5,5,0,5,5
21793181,,0,0.000527,100,0.000007,0,2,2,0,2,2
18160407,,0,0.000407,100,0.000007,0,4,4,0,4,4
17060495,,0,0.000382,100,0.000007,0,3,3,0,3,3
11673680,,0.000001,0,89,0.00001,2,0,2,2,0,2
11678799,,0.001241,0,5,0.000058,23,0,23,23,0,23
27121313,,0,0.000024,5,0.000007,0,1,1,0,1,1
25478077,,0,0.000705,5,0.000007,0,11,11,0,11,11
25351244,,0,0.000241,5,0.000007,0,7,7,0,7,7
24916850,,0,0.000024,5,0.000007,0,1,1,0,1,1
22662004,,0,0.000264,5,0.000007,0,8,8,0,8,8
19470720,,0,0.000024,5,0.000007,0,1,1,0,1,1
19250148,,0,0.000024,5,0.000007,0,1,1,0,1,1
18416827,,0,0.000024,5,0.000007,0,1,1,0,1,1
16522218,,0,0.000127,5,0.000007,0,2,2,0,2,2
11683778,,0.000156,0,184,0.000018,2,0,2,2,0,2
11688463,,0.006875,0,69,0.000087,57,0,57,57,0,57
28452952,,0,0.000775,69,0.000007,0,6,6,0,6,6
28282907,,0,0.000762,69,0.000007,0,5,5,0,5,5
27595999,,0,0.001057,69,0.000007,0,7,7,0,7,7
27403072,,0,0.001831,69,0.000013,1,19,20,1,19,20
27221539,,0.000693,0.005057,69,0.000008,2,35,37,2,35,37
27189894,,0,0.000749,69,0.000007,0,6,6,0,6,6
26768785,,0,0.000131,69,0.000007,0,1,1,0,1,1
26552420,,0,0.003671,69,0.000007,0,14,14,0,14,14
26378908,,0,0.001285,69,0.000007,0,9,9,0,9,9
25316178,,0,0.002886,69,0.000007,0,15,15,0,15,15
25216223,,0,0.008381,69,0.000007,0,5,5,0,5,5
25034878,,0,0.00955,69,0.000007,0,9,9,0,9,9
24575389,,0.000932,0.003023,69,0.00001,7,19,26,7,19,26
24523611,,0,0.000131,69,0.000007,0,1,1,0,1,1
23737679,,0,0.001367,69,0.000007,0,9,9,0,9,9
22089527,,0,0.00133,69,0.000007,0,7,7,0,7,7
20811824,,0,0.000131,69,0.000007,0,1,1,0,1,1
19246362,,0,0.000131,69,0.000007,0,1,1,0,1,1
12874155,,0,0.000131,69,0.000007,0,1,1,0,1,1
28095394,,0,0.000247,35,0.000007,0,3,3,0,3,3
11689286,,0.000228,0,231,0.000073,12,0,12,12,0,12
25785113,,0,0.000005,231,0.000007,0,2,2,0,2,2
25556617,,0,0.011616,1,0.000007,0,7,7,0,7,7
23610444,,0,0.000004,231,0.000007,0,1,1,0,1,1
22212909,,0,0.000013,231,0.000007,0,3,3,0,3,3
21273643,,0,0.000004,231,0.000007,0,1,1,0,1,1
17332483,,0,0.000004,231,0.000007,0,1,1,0,1,1
12865926,,0,0.000004,231,0.000007,0,1,1,0,1,1
29167438,,0,0.000016,176,0.000007,0,2,2,0,2,2
11691784,,0.000776,0,176,0.000194,49,0,49,49,0,49
28193847,,0,0.000582,176,0.000007,0,7,7,0,7,7
28127048,,0,0.000179,57,0.000007,0,4,4,0,4,4
27599846,,0,0.000015,176,0.000007,0,1,1,0,1,1
27308506,,0,0.009982,1,0.000007,0,19,19,0,19,19
26937134,,0,0.000015,176,0.000007,0,1,1,0,1,1
26503472,,0,0.000015,176,0.000007,0,1,1,0,1,1
25653093,,0,0.000494,57,0.000007,0,4,4,0,4,4
25483024,,0,0.000015,176,0.000007,0,1,1,0,1,1
25320518,,0,0.000021,176,0.000007,0,4,4,0,4,4
25039758,,0,0.000015,176,0.000007,0,1,1,0,1,1
24416382,,0,0.000015,176,0.000007,0,1,1,0,1,1
24091629,,0,0.000021,176,0.000007,0,2,2,0,2,2
23737375,,0,0.000024,108,0.000007,0,3,3,0,3,3
23613359,,0,0.000322,176,0.000007,0,6,6,0,6,6
23508805,,0,0.000015,176,0.000007,0,1,1,0,1,1
23462183,,0,0.000519,176,0.000007,0,4,4,0,4,4
22846842,,0,0.000015,176,0.000007,0,1,1,0,1,1
22771588,,0,0.000015,176,0.000007,0,1,1,0,1,1
22341969,,0,0.002308,57,0.000007,0,4,4,0,4,4
22266095,,0,0.000015,176,0.000007,0,1,1,0,1,1
22227014,,0,0.000139,100,0.000007,0,3,3,0,3,3
22133876,,0,0.000015,176,0.000007,0,1,1,0,1,1
21941618,,0,0.000015,176,0.000007,0,1,1,0,1,1
21937510,,0,0.000015,176,0.000007,0,1,1,0,1,1
21561856,,0,0.000015,176,0.000007,0,1,1,0,1,1
21098704,,0,0.000021,176,0.000007,0,2,2,0,2,2
20838624,,0,0.000015,176,0.000007,0,1,1,0,1,1
19918068,,0,0.00029,176,0.000007,0,2,2,0,2,2
19570909,,0,0.000077,176,0.000007,0,5,5,0,5,5
19470935,,0,0.000015,176,0.000007,0,1,1,0,1,1
19279190,,0,0.000015,176,0.000007,0,1,1,0,1,1
19081671,,0,0.000015,176,0.000007,0,1,1,0,1,1
17285135,,0,0.000015,176,0.000007,0,1,1,0,1,1
17220276,,0,0.000015,176,0.000007,0,1,1,0,1,1
16586533,,0,0.000015,176,0.000007,0,1,1,0,1,1
15477387,,0,0.000015,176,0.000007,0,1,1,0,1,1
15282542,,0,0.000015,176,0.000007,0,1,1,0,1,1
29861842,,0,0.000006,66,0.000007,0,1,1,0,1,1
11691816,,0.000298,0,66,0.000133,30,0,30,30,0,30
26597909,,0,0.000006,66,0.000007,0,1,1,0,1,1
26130999,,0,0.000006,66,0.000007,0,1,1,0,1,1
25520561,,0,0.000006,66,0.000007,0,1,1,0,1,1
24069530,,0,0.000006,66,0.000007,0,1,1,0,1,1
24069528,,0,0.000006,66,0.000007,0,1,1,0,1,1
23118876,,0,0.000028,66,0.000007,0,2,2,0,2,2
22363344,,0,0.000006,66,0.000007,0,1,1,0,1,1
21314941,,0,0.000006,66,0.000007,0,1,1,0,1,1
21150319,,0,0.000006,66,0.000007,0,1,1,0,1,1
20202978,,0,0.000006,66,0.000007,0,1,1,0,1,1
19546242,,0,0.000006,66,0.000007,0,1,1,0,1,1
19455236,,0,0.000006,66,0.000007,0,1,1,0,1,1
19262564,,0,0.000006,66,0.000007,0,1,1,0,1,1
16394266,,0,0.000006,66,0.000007,0,1,1,0,1,1
15956966,,0,0.000006,66,0.000007,0,1,1,0,1,1
15944447,,0,0.000035,279,0.000007,0,3,3,0,3,3
15242332,,0,0.000006,66,0.000007,0,1,1,0,1,1
27226773,,0,0.00003,279,0.000007,0,3,3,0,3,3
11692153,,0.000231,0,279,0.00002,4,0,4,4,0,4
21526102,,0,0.000007,279,0.000007,0,2,2,0,2,2
16729221,,0,0.000004,279,0.000007,0,1,1,0,1,1
11694257,,0.000163,0,89,0.000014,3,0,3,3,0,3
23467843,,0,0.000003,89,0.000007,0,1,1,0,1,1
27829828,,0,0,67,0.000007,0,1,1,0,1,1
11695073,,0,0,67,0.000019,2,0,2,2,0,2
25122130,,0,0,67,0.000007,0,1,1,0,1,1
11698567,,0.009247,0,5,0.000101,94,0,94,94,0,94
28903167,,0.000103,0.002793,5,0.000015,3,17,20,3,17,20
27898991,,0,0.000201,5,0.000007,0,2,2,0,2,2
26785281,,0,0.001746,5,0.000007,0,10,10,0,10,10
26669313,,0.000268,0.007501,5,0.000008,4,25,29,4,25,29
26313374,,0.000179,0.001889,5,0.000018,7,6,13,7,6,13
26139969,,0,0.000182,35,0.000007,0,2,2,0,2,2
25182099,,0,0.000945,5,0.000007,0,8,8,0,8,8
25083449,,0,0.003733,5,0.000007,0,4,4,0,4,4
24172537,,0,0.000292,205,0.000007,0,2,2,0,2,2
23906951,,0,0.000591,5,0.000007,0,4,4,0,4,4
23891588,,0,0.000201,5,0.000007,0,2,2,0,2,2
23740344,,0.000001,0.001834,5,0.000008,1,9,10,1,9,10
22988495,,0,0.000204,5,0.000007,0,3,3,0,3,3
21744476,,0,0.000176,5,0.000007,0,1,1,0,1,1
21693627,,0,0.000431,5,0.000007,0,4,4,0,4,4
21673090,,0,0.000176,5,0.000007,0,1,1,0,1,1
21337591,,0,0.000707,5,0.000007,0,5,5,0,5,5
11704836,,0.000958,0,279,0.00007,16,0,16,16,0,16
27494651,,0,0.000212,100,0.000013,1,6,7,1,6,7
23549828,,0,0.000019,57,0.000007,0,2,2,0,2,2
21076620,,0,0.000018,279,0.000007,0,1,1,0,1,1
20980392,,0,0.000018,279,0.000007,0,1,1,0,1,1
19568323,,0.000163,0.000095,100,0.000018,4,4,8,4,4,8
19324871,,0,0.000018,279,0.000007,0,1,1,0,1,1
17936724,,0,0.000018,279,0.000007,0,1,1,0,1,1
17565989,,0,0.000018,279,0.000007,0,1,1,0,1,1
29545922,,0,0.003403,1,0.000007,0,7,7,0,7,7
11707511,,0.004124,0,100,0.000107,42,0,42,42,0,42
29331492,,0,0.00028,100,0.000007,0,6,6,0,6,6
28033382,,0,0.000998,205,0.000007,0,9,9,0,9,9
26505547,,0.000095,0.001539,100,0.000031,7,8,15,7,8,15
26501980,,0,0.000137,1,0.000007,0,4,4,0,4,4
26180923,,0.001721,0.000989,205,0.000035,14,10,24,14,10,24
25254204,,0,0.000079,100,0.000007,0,1,1,0,1,1
24223453,,0,0.000375,231,0.000007,0,6,6,0,6,6
23777805,,0,0.000136,176,0.000007,0,3,3,0,3,3
22547431,,0,0.005249,35,0.000007,0,2,2,0,2,2
20332121,,0.003316,0.001608,100,0.000103,30,5,35,30,5,35
19116657,,0,0.000347,100,0.000007,0,3,3,0,3,3
11709053,,0.000029,0,24,0.000011,1,0,1,1,0,1
11709723,,0.009344,0,100,0.000249,64,0,64,64,0,64
30323900,,0,0.001831,100,0.000007,0,15,15,0,15,15
28283467,,0,0.000906,5,0.000007,0,20,20,0,20,20
25411356,,0,0.000224,241,0.000007,0,2,2,0,2,2
25006250,,0.000278,0.000532,279,0.000033,7,7,14,7,7,14
23474222,,0,0.005348,35,0.000007,0,2,2,0,2,2
23243027,,0,0.000298,1,0.000007,0,2,2,0,2,2
22577462,,0,0.000178,100,0.000007,0,1,1,0,1,1
21933912,,0.000744,0.000615,241,0.000075,17,8,25,17,8,25
21372041,,0.000024,0.001391,241,0.000084,16,5,21,16,5,21
21258397,,0,0.000378,35,0.000007,0,3,3,0,3,3
21191649,,0,0.000252,35,0.000007,0,3,3,0,3,3
20215524,,0,0.000219,100,0.000007,0,2,2,0,2,2
20080934,,0,0.00675,100,0.000007,0,7,7,0,7,7
19909495,,0,0.001517,35,0.000007,0,5,5,0,5,5
18953433,,0.000117,0.001314,108,0.000085,21,9,30,21,9,30
18794137,,0,0.008518,35,0.000007,0,3,3,0,3,3
16894141,,0,0.000184,35,0.000007,0,2,2,0,2,2
15199177,,0,0.000178,100,0.000007,0,1,1,0,1,1
16820092,,0,0.000001,89,0.000007,0,1,1,0,1,1
11710890,,0.011437,0,5,0.000225,95,0,95,95,0,95
27193772,,0,0.000218,5,0.000007,0,1,1,0,1,1
26433556,,0,0.000685,231,0.000007,0,8,8,0,8,8
26305750,,0,0.000218,5,0.000007,0,1,1,0,1,1
26202562,,0,0.00153,5,0.000007,0,5,5,0,5,5
25802306,,0,0.000218,5,0.000007,0,1,1,0,1,1
25475563,,0,0.000218,5,0.000007,0,1,1,0,1,1
25135988,,0,0.000218,5,0.000007,0,1,1,0,1,1
24648767,,0,0.000787,5,0.000007,0,5,5,0,5,5
23400672,,0,0.000638,5,0.000007,0,4,4,0,4,4
22851887,,0,0.007018,1,0.000007,0,5,5,0,5,5
22064363,,0,0.00022,35,0.000007,0,2,2,0,2,2
21152245,,0,0.000219,66,0.000007,0,2,2,0,2,2
20975871,,0,0.001361,5,0.000007,0,8,8,0,8,8
20404000,,0,0.000218,5,0.000007,0,1,1,0,1,1
20360896,,0,0.000218,5,0.000007,0,1,1,0,1,1
19605405,,0,0.000218,5,0.000007,0,1,1,0,1,1
19470930,,0,0.000347,5,0.000007,0,2,2,0,2,2
19409108,,0,0.00046,5,0.000007,0,9,9,0,9,9
12927043,,0,0.000218,5,0.000007,0,1,1,0,1,1
11712780,,0.000002,0,90,0.00001,1,0,1,1,0,1
11715007,,0.000259,0,5,0.000008,3,0,3,3,0,3
11716649,,0.00083,0,5,0.00004,25,0,25,25,0,25
22047505,,0,0.000138,5,0.000007,0,5,5,0,5,5
21843413,,0,0.000048,5,0.000007,0,3,3,0,3,3
21321582,,0,0.000016,5,0.000007,0,1,1,0,1,1
18752450,,0,0.000016,5,0.000007,0,1,1,0,1,1
22253498,,0,0,68,0.000007,0,1,1,0,1,1
11718812,,0,0,68,0.000019,2,0,2,2,0,2
19077432,,0,0,68,0.000007,0,1,1,0,1,1
29545918,,0,0.000027,41,0.000007,0,2,2,0,2,2
11719443,,0.000476,0,41,0.000286,55,0,55,55,0,55
29507679,,0,0.000009,41,0.000007,0,1,1,0,1,1
27773988,,0,0.000009,41,0.000007,0,1,1,0,1,1
27383183,,0,0.000009,41,0.000007,0,1,1,0,1,1
26783118,,0,0.000009,41,0.000007,0,1,1,0,1,1
26778414,,0,0.000072,41,0.000007,0,2,2,0,2,2
26581858,,0,0.000135,41,0.000007,0,2,2,0,2,2
26416355,,0,0.000009,41,0.000007,0,1,1,0,1,1
25558779,,0,0.000009,41,0.000007,0,1,1,0,1,1
25277546,,0,0.000009,41,0.000007,0,1,1,0,1,1
25148247,,0,0.000361,176,0.000007,0,5,5,0,5,5
24347204,,0,0.000009,41,0.000007,0,1,1,0,1,1
23152605,,0,0.000009,41,0.000007,0,1,1,0,1,1
22996917,,0,0.000009,41,0.000007,0,1,1,0,1,1
22535887,,0,0.000009,41,0.000007,0,1,1,0,1,1
22441573,,0,0.000016,41,0.000007,0,2,2,0,2,2
22426433,,0,0.003185,41,0.000007,0,3,3,0,3,3
22016827,,0,0.005179,41,0.000007,0,2,2,0,2,2
21723032,,0,0.000009,41,0.000007,0,1,1,0,1,1
21519112,,0,0.000009,41,0.000007,0,1,1,0,1,1
21486456,,0,0.000009,41,0.000007,0,1,1,0,1,1
21444670,,0,0.000009,41,0.000007,0,1,1,0,1,1
20552010,,0,0.000009,41,0.000007,0,1,1,0,1,1
20205682,,0,0.000009,41,0.000007,0,1,1,0,1,1
19723877,,0,0.000009,41,0.000007,0,1,1,0,1,1
19706777,,0,0.000009,41,0.000007,0,1,1,0,1,1
19563656,,0,0.005179,41,0.000007,0,2,2,0,2,2
19542187,,0,0.000009,41,0.000007,0,1,1,0,1,1
19162508,,0,0.000009,41,0.000007,0,1,1,0,1,1
18773095,,0,0.000009,41,0.000007,0,1,1,0,1,1
18542781,,0,0.000009,41,0.000007,0,1,1,0,1,1
18519660,,0,0.000009,41,0.000007,0,1,1,0,1,1
18494814,,0,0.000017,41,0.000007,0,2,2,0,2,2
18288251,,0,0.000009,41,0.000007,0,1,1,0,1,1
17517657,,0,0.000009,41,0.000007,0,1,1,0,1,1
17296973,,0,0.000009,41,0.000007,0,1,1,0,1,1
17293565,,0,0.000009,41,0.000007,0,1,1,0,1,1
16912176,,0,0.000009,41,0.000007,0,1,1,0,1,1
16648555,,0,0.000009,41,0.000007,0,1,1,0,1,1
16611411,,0,0.000009,41,0.000007,0,1,1,0,1,1
16507155,,0,0.000009,41,0.000007,0,1,1,0,1,1
16046532,,0,0.000009,41,0.000007,0,1,1,0,1,1
16043196,,0,0.000009,41,0.000007,0,1,1,0,1,1
15953389,,0,0.003179,41,0.000007,0,2,2,0,2,2
15882461,,0,0.000009,41,0.000007,0,1,1,0,1,1
15837924,,0,0.000009,41,0.000007,0,1,1,0,1,1
15716510,,0,0.000009,41,0.000007,0,1,1,0,1,1
15466185,,0,0.000009,41,0.000007,0,1,1,0,1,1
15153336,,0,0.000009,41,0.000007,0,1,1,0,1,1
12537564,,0,0.000009,41,0.000007,0,1,1,0,1,1
12297621,,0,0.000009,41,0.000007,0,1,1,0,1,1
11720839,,0.001138,0,89,0.000011,9,0,9,9,0,9
30143724,,0,0.00001,176,0.000007,0,1,1,0,1,1
11729945,,0.00053,0,176,0.000065,13,0,13,13,0,13
24252580,,0,0.00001,176,0.000007,0,1,1,0,1,1
20861309,,0,0.00001,176,0.000007,0,1,1,0,1,1
19465563,,0,0.00001,176,0.000007,0,1,1,0,1,1
18264135,,0,0.00004,176,0.000007,0,2,2,0,2,2
18172010,,0,0.00001,176,0.000007,0,1,1,0,1,1
16184168,,0,0.00001,176,0.000007,0,1,1,0,1,1
14970257,,0,0.00001,176,0.000007,0,1,1,0,1,1
12970911,,0,0.00001,176,0.000007,0,1,1,0,1,1
28225067,,0,0.000004,100,0.000007,0,1,1,0,1,1
11733219,,0.000207,0,100,0.00005,9,0,9,9,0,9
23300022,,0,0.000004,100,0.000007,0,1,1,0,1,1
22155171,,0,0.000295,100,0.000007,0,2,2,0,2,2
20233625,,0.000928,0.000603,1,0.000034,7,9,16,7,9,16
11733976,,0.000481,0,1,0.000013,4,0,4,4,0,4
18929149,,0,0.000044,1,0.000007,0,3,3,0,3,3
21509152,,0,0.000217,5,0.000007,0,2,2,0,2,2
11734330,,0.000215,0,100,0.000014,3,0,3,3,0,3
30345290,,0,0.00001,69,0.000007,0,1,1,0,1,1
11737473,,0.000526,0,69,0.000038,12,0,12,12,0,12
25403208,,0,0.00001,69,0.000007,0,1,1,0,1,1
25106448,,0,0.000082,69,0.000007,0,3,3,0,3,3
24398046,,0,0.007917,69,0.000007,0,5,5,0,5,5
20309725,,0,0.000028,69,0.000007,0,3,3,0,3,3
18036260,,0,0.00001,69,0.000007,0,1,1,0,1,1
12960427,,0,0.00518,69,0.000007,0,2,2,0,2,2
30036938,,0,0.000903,72,0.000007,0,3,3,0,3,3
29174978,,0,0.000069,72,0.000007,0,2,2,0,2,2
28649985,,0,0.003377,100,0.000007,0,21,21,0,21,21
26555214,,0,0.000059,72,0.000007,0,3,3,0,3,3
24559102,,0,0.000056,100,0.000007,0,1,1,0,1,1
24097989,,0,0.000071,72,0.000007,0,4,4,0,4,4
23676218,,0,0.000059,72,0.000007,0,3,3,0,3,3
23673322,,0,0.000092,100,0.000007,0,3,3,0,3,3
23575664,,0,0.000057,72,0.000007,0,3,3,0,3,3
23087710,,0,0.000056,100,0.000007,0,1,1,0,1,1
23055525,,0,0.000059,72,0.000007,0,3,3,0,3,3
22492724,,0,0.000056,100,0.000007,0,1,1,0,1,1
21274616,,0,0.000056,100,0.000007,0,1,1,0,1,1
21081187,,0,0.000059,72,0.000007,0,3,3,0,3,3
20980834,,0,0.000056,100,0.000007,0,1,1,0,1,1
19340312,,0,0.000071,72,0.000007,0,3,3,0,3,3
18628398,,0,0.000059,72,0.000007,0,3,3,0,3,3
17659869,,0,0.000062,140,0.000007,0,3,3,0,3,3
17189428,,0,0.000056,100,0.000007,0,1,1,0,1,1
17099224,,0,0.000056,100,0.000007,0,1,1,0,1,1
16880520,,0,0.000058,72,0.000007,0,2,2,0,2,2
15753125,,0,0.000056,100,0.000007,0,1,1,0,1,1
15657424,,0,0.000056,100,0.000007,0,1,1,0,1,1
15555075,,0,0.000056,100,0.000007,0,1,1,0,1,1
15485905,,0,0.000056,100,0.000007,0,1,1,0,1,1
15477594,,0,0.000056,100,0.000007,0,1,1,0,1,1
15155579,,0,0.000056,100,0.000007,0,1,1,0,1,1
14749377,,0,0.000056,100,0.000007,0,1,1,0,1,1
12954762,,0,0.005227,35,0.000007,0,2,2,0,2,2
12612062,,0.000101,0.000056,72,0.000365,73,1,74,73,1,74
11745474,,0.000123,0,205,0.00001,1,0,1,1,0,1
11745677,,0.019892,0,69,0.00022,150,0,150,150,0,150
30345394,,0,0.008368,69,0.000007,0,4,4,0,4,4
30166697,,0,0.009525,69,0.000007,0,11,11,0,11,11
30096959,,0,0.00061,69,0.000007,0,2,2,0,2,2
30096791,,0,0.00924,69,0.000007,0,10,10,0,10,10
29857829,,0,0.000752,69,0.000007,0,4,4,0,4,4
29298171,,0,0.003037,69,0.000007,0,10,10,0,10,10
29281161,,0,0.002171,5,0.000007,0,18,18,0,18,18
29281053,,0,0.001078,69,0.000007,0,13,13,0,13,13
29226065,,0,0.010443,69,0.000007,0,7,7,0,7,7
29207588,,0,0.000385,5,0.000007,0,2,2,0,2,2
29203787,,0,0.01408,69,0.000007,0,15,15,0,15,15
29117355,,0,0.008902,69,0.000007,0,5,5,0,5,5
29061967,,0.001438,0.011064,69,0.000034,15,14,29,15,14,29
28872635,,0,0.009045,69,0.000007,0,4,4,0,4,4
28811894,,0,0.000793,69,0.000007,0,8,8,0,8,8
28784945,,0,0.001177,69,0.000007,0,5,5,0,5,5
28664938,,0.000475,0.002051,69,0.00001,2,11,13,2,11,13
28608929,,0.001329,0.008981,69,0.00001,6,6,12,6,6,12
28541640,,0,0.000379,69,0.000007,0,1,1,0,1,1
28257098,,0,0.008409,69,0.000007,0,9,9,0,9,9
28215840,,0,0.001436,69,0.000007,0,5,5,0,5,5
28115208,,0,0.008387,69,0.000007,0,5,5,0,5,5
28017973,,0,0.000601,69,0.000007,0,6,6,0,6,6
27991925,,0,0.008676,69,0.000007,0,8,8,0,8,8
27856443,,0,0.009532,69,0.000007,0,8,8,0,8,8
27733814,,0,0.001256,69,0.000007,0,7,7,0,7,7
27661102,,0,0.008517,69,0.000007,0,5,5,0,5,5
27563818,,0,0.00069,69,0.000007,0,2,2,0,2,2
27561551,,0,0.008428,69,0.000007,0,5,5,0,5,5
27482544,,0,0.009683,69,0.000007,0,11,11,0,11,11
27259716,,0,0.009168,69,0.000007,0,8,8,0,8,8
27259061,,0,0.01211,5,0.000007,0,28,28,0,28,28
27189670,,0,0.009045,69,0.000007,0,4,4,0,4,4
27069556,,0,0.002118,69,0.000007,0,15,15,0,15,15
27012190,,0,0.011796,69,0.000007,0,21,21,0,21,21
26692952,,0,0.002118,69,0.000007,0,15,15,0,15,15
26556905,,0,0.000379,69,0.000007,0,1,1,0,1,1
26493647,,0,0.036104,1,0.000007,0,36,36,0,36,36
26415052,,0.001271,0.001464,69,0.000031,11,7,18,11,7,18
26404183,,0,0.008046,69,0.000007,0,3,3,0,3,3
26236688,,0,0.009207,69,0.000007,0,9,9,0,9,9
26206555,,0,0.004967,69,0.000007,0,15,15,0,15,15
26181193,,0.002367,0.008454,69,0.000046,22,5,27,22,5,27
26028692,,0,0.001323,69,0.000007,0,9,9,0,9,9
25973302,,0,0.000379,69,0.000007,0,1,1,0,1,1
25872889,,0,0.00061,69,0.000007,0,2,2,0,2,2
25872888,,0,0.0004,69,0.000007,0,2,2,0,2,2
25815421,,0,0.008364,69,0.000007,0,7,7,0,7,7
25810107,,0,0.009224,69,0.000007,0,9,9,0,9,9
25527363,,0,0.008754,69,0.000007,0,8,8,0,8,8
25473747,,0,0.002344,69,0.000007,0,12,12,0,12,12
25437714,,0,0.007815,69,0.000007,0,2,2,0,2,2
25392082,,0,0.008165,69,0.000007,0,4,4,0,4,4
25226589,,0,0.007815,69,0.000007,0,2,2,0,2,2
25130537,,0,0.001313,69,0.000007,0,9,9,0,9,9
24966933,,0,0.000854,69,0.000007,0,5,5,0,5,5
24939856,,0,0.000571,69,0.000007,0,4,4,0,4,4
24848801,,0,0.001669,69,0.000007,0,10,10,0,10,10
24672774,,0,0.008692,69,0.000007,0,6,6,0,6,6
24627272,,0,0.02309,1,0.000007,0,10,10,0,10,10
24512620,,0,0.001467,69,0.000007,0,6,6,0,6,6
24363999,,0,0.022492,69,0.000007,0,14,14,0,14,14
24303006,,0,0.008654,69,0.000007,0,7,7,0,7,7
24190013,,0,0.000744,231,0.000007,0,4,4,0,4,4
24063014,,0,0.038828,69,0.000007,0,25,25,0,25,25
24043563,,0,0.008668,69,0.000007,0,4,4,0,4,4
23934194,,0,0.007999,69,0.000007,0,5,5,0,5,5
23903048,,0,0.000879,69,0.000007,0,5,5,0,5,5
23794553,,0,0.000583,69,0.000007,0,4,4,0,4,4
23741457,,0,0.008785,69,0.000007,0,7,7,0,7,7
23522120,,0.000587,0.010007,69,0.000042,10,9,19,10,9,19
23467066,,0,0.001824,69,0.000007,0,4,4,0,4,4
23237768,,0,0.002516,69,0.000007,0,9,9,0,9,9
23190474,,0,0.001591,69,0.000007,0,12,12,0,12,12
23013733,,0,0.000426,69,0.000007,0,4,4,0,4,4
22976498,,0,0.000703,69,0.000007,0,3,3,0,3,3
22940485,,0,0.00186,69,0.000007,0,13,13,0,13,13
22911892,,0,0.001532,69,0.000007,0,5,5,0,5,5
22833080,,0,0.001015,69,0.000007,0,7,7,0,7,7
22498942,,0,0.001529,69,0.000007,0,12,12,0,12,12
22266861,,0,0.008768,69,0.000007,0,6,6,0,6,6
22235203,,0,0.014829,69,0.000007,0,6,6,0,6,6
21941283,,0,0.01359,69,0.000007,0,12,12,0,12,12
21831840,,0,0.000379,69,0.000007,0,1,1,0,1,1
20651229,,0,0.000626,69,0.000007,0,4,4,0,4,4
20597068,,0.003532,0.001599,69,0.000045,34,10,44,34,10,44
19525924,,0,0.000379,69,0.000007,0,1,1,0,1,1
11746496,,0.000153,0,100,0.00001,2,0,2,2,0,2
11748305,,0.001144,0,89,0.000057,20,0,20,20,0,20
17065424,,0,0.000111,89,0.000007,0,2,2,0,2,2
16280054,,0,0.001063,100,0.000007,0,3,3,0,3,3
16141003,,0,0.000025,89,0.000007,0,2,2,0,2,2
14695314,,0,0.000022,89,0.000007,0,1,1,0,1,1
12439935,,0,0.000022,89,0.000007,0,1,1,0,1,1
29945573,,0,0.000034,279,0.000007,0,2,2,0,2,2
11748635,,0.001232,0,279,0.000618,127,0,127,127,0,127
29899271,,0,0.000023,279,0.000007,0,1,1,0,1,1
29843383,,0,0.000023,279,0.000007,0,1,1,0,1,1
29780635,,0,0.000027,279,0.000007,0,2,2,0,2,2
29372223,,0,0.000023,279,0.000007,0,1,1,0,1,1
29212414,,0,0.000023,279,0.000007,0,1,1,0,1,1
28915670,,0,0.000023,279,0.000007,0,1,1,0,1,1
28758831,,0,0.000023,279,0.000007,0,1,1,0,1,1
28596594,,0,0.000023,279,0.000007,0,1,1,0,1,1
28588700,,0,0.000023,279,0.000007,0,1,1,0,1,1
28534531,,0,0.014138,1,0.000007,0,9,9,0,9,9
28316635,,0,0.000023,279,0.000007,0,1,1,0,1,1
27683604,,0,0.000023,279,0.000007,0,1,1,0,1,1
27600245,,0,0.000023,279,0.000007,0,1,1,0,1,1
27462454,,0,0.000023,279,0.000007,0,1,1,0,1,1
27058040,,0,0.000023,279,0.000007,0,1,1,0,1,1
26981160,,0,0.000023,279,0.000007,0,1,1,0,1,1
26888907,,0,0.000023,279,0.000007,0,1,1,0,1,1
26835672,,0,0.005194,279,0.000007,0,2,2,0,2,2
26831369,,0,0.000023,279,0.000007,0,1,1,0,1,1
26829227,,0,0.000023,279,0.000007,0,1,1,0,1,1
26655847,,0,0.000117,279,0.000007,0,3,3,0,3,3
26552048,,0,0.000023,279,0.000007,0,1,1,0,1,1
26394929,,0,0.000023,279,0.000007,0,1,1,0,1,1
26373553,,0,0.000023,279,0.000007,0,1,1,0,1,1
25960768,,0,0.007459,279,0.000007,0,2,2,0,2,2
25887522,,0,0.000023,279,0.000007,0,1,1,0,1,1
25642629,,0,0.000023,279,0.000007,0,1,1,0,1,1
25245051,,0,0.000023,279,0.000007,0,1,1,0,1,1
25221514,,0,0.000023,279,0.000007,0,1,1,0,1,1
25161999,,0,0.000023,279,0.000007,0,1,1,0,1,1
24875441,,0,0.000023,279,0.000007,0,1,1,0,1,1
24849289,,0,0.000023,279,0.000007,0,1,1,0,1,1
24842718,,0,0.000023,279,0.000007,0,1,1,0,1,1
24834258,,0,0.000023,279,0.000007,0,1,1,0,1,1
24821186,,0,0.000023,279,0.000007,0,1,1,0,1,1
24744581,,0,0.000023,279,0.000007,0,1,1,0,1,1
24736069,,0,0.000023,279,0.000007,0,1,1,0,1,1
24675762,,0,0.000023,279,0.000007,0,1,1,0,1,1
24551476,,0,0.000023,279,0.000007,0,1,1,0,1,1
24506545,,0,0.000023,279,0.000007,0,1,1,0,1,1
24376999,,0,0.000023,279,0.000007,0,1,1,0,1,1
24293293,,0,0.000362,205,0.000007,0,4,4,0,4,4
24288373,,0,0.000023,279,0.000007,0,1,1,0,1,1
24216997,,0,0.00006,35,0.000007,0,2,2,0,2,2
24212716,,0,0.000204,1,0.000007,0,9,9,0,9,9
24077764,,0,0.000023,279,0.000007,0,1,1,0,1,1
24052709,,0,0.000122,279,0.000007,0,3,3,0,3,3
24023672,,0,0.000023,279,0.000007,0,1,1,0,1,1
23806407,,0,0.000023,279,0.000007,0,1,1,0,1,1
23781508,,0,0.000023,279,0.000007,0,1,1,0,1,1
23717813,,0,0.000023,279,0.000007,0,1,1,0,1,1
23562889,,0,0.000023,279,0.000007,0,1,1,0,1,1
23033966,,0,0.007462,108,0.000007,0,3,3,0,3,3
22808291,,0,0.000023,279,0.000007,0,1,1,0,1,1
22794276,,0,0.000117,279,0.000007,0,5,5,0,5,5
22792460,,0,0.00885,279,0.000007,0,2,2,0,2,2
22761614,,0,0.000032,279,0.000007,0,2,2,0,2,2
22719195,,0,0.000023,279,0.000007,0,1,1,0,1,1
22539607,,0,0.000023,279,0.000007,0,1,1,0,1,1
22510510,,0,0.000027,279,0.000007,0,2,2,0,2,2
22414254,,0,0.000023,279,0.000007,0,1,1,0,1,1
22218684,,0,0.000023,279,0.000007,0,1,1,0,1,1
22173668,,0,0.000023,279,0.000007,0,1,1,0,1,1
22166497,,0,0.000025,184,0.000007,0,2,2,0,2,2
21807601,,0,0.000023,279,0.000007,0,1,1,0,1,1
21779486,,0,0.000023,279,0.000007,0,1,1,0,1,1
21521786,,0,0.000023,279,0.000007,0,1,1,0,1,1
21422315,,0,0.000023,279,0.000007,0,1,1,0,1,1
21352556,,0,0.000023,279,0.000007,0,1,1,0,1,1
21264081,,0,0.000023,279,0.000007,0,1,1,0,1,1
21251700,,0,0.000023,279,0.000007,0,1,1,0,1,1
21148317,,0,0.000023,279,0.000007,0,1,1,0,1,1
20798774,,0,0.000031,279,0.000007,0,2,2,0,2,2
20682048,,0,0.000023,279,0.000007,0,1,1,0,1,1
20565761,,0,0.000023,279,0.000007,0,1,1,0,1,1
20424136,,0,0.000023,279,0.000007,0,1,1,0,1,1
20388212,,0,0.000033,279,0.000007,0,2,2,0,2,2
20351280,,0,0.000026,279,0.000007,0,2,2,0,2,2
20099281,,0,0.000023,279,0.000007,0,1,1,0,1,1
20019844,,0,0.000023,279,0.000007,0,1,1,0,1,1
19997593,,0,0.000023,279,0.000007,0,1,1,0,1,1
19920887,,0,0.000023,279,0.000007,0,1,1,0,1,1
19768562,,0,0.000237,279,0.000007,0,10,10,0,10,10
19669330,,0,0.000023,279,0.000007,0,1,1,0,1,1
19459215,,0,0.000023,279,0.000007,0,1,1,0,1,1
19449810,,0,0.000023,279,0.000007,0,1,1,0,1,1
19439076,,0,0.003218,279,0.000007,0,3,3,0,3,3
19194500,,0,0.000023,279,0.000007,0,1,1,0,1,1
19162126,,0,0.000048,279,0.000007,0,2,2,0,2,2
19082436,,0,0.000032,279,0.000007,0,2,2,0,2,2
19072884,,0,0.000023,279,0.000007,0,1,1,0,1,1
18537607,,0,0.000023,279,0.000007,0,1,1,0,1,1
18365005,,0,0.000023,279,0.000007,0,1,1,0,1,1
18339581,,0,0.000023,279,0.000007,0,1,1,0,1,1
18023104,,0,0.000023,279,0.000007,0,1,1,0,1,1
17971771,,0,0.000035,279,0.000007,0,2,2,0,2,2
17670942,,0,0.000023,279,0.000007,0,1,1,0,1,1
17278214,,0,0.000023,279,0.000007,0,1,1,0,1,1
16840508,,0,0.000023,279,0.000007,0,1,1,0,1,1
16736000,,0,0.000023,279,0.000007,0,1,1,0,1,1
16415179,,0,0.000023,279,0.000007,0,1,1,0,1,1
16396836,,0,0.000023,279,0.000007,0,1,1,0,1,1
16106041,,0,0.000732,89,0.000007,0,5,5,0,5,5
16046815,,0,0.000023,279,0.000007,0,1,1,0,1,1
15109395,,0,0.000023,279,0.000007,0,1,1,0,1,1
12808089,,0,0.000023,279,0.000007,0,1,1,0,1,1
12748381,,0,0.000023,279,0.000007,0,1,1,0,1,1
12556968,,0,0.000023,279,0.000007,0,1,1,0,1,1
12506195,,0,0.000023,279,0.000007,0,1,1,0,1,1
12151327,,0,0.000023,279,0.000007,0,1,1,0,1,1
20222996,,0.00041,0.00008,89,0.000008,2,4,6,2,4,6
11748848,,0.000053,0,140,0.00001,2,0,2,2,0,2
28612587,,0,0.000682,100,0.000007,0,5,5,0,5,5
11750104,,0.000889,0,100,0.000019,6,0,6,6,0,6
30246169,,0,0.004518,1,0.000007,0,22,22,0,22,22
11751682,,0.004499,0,279,0.000407,88,0,88,88,0,88
30214581,,0,0.00011,279,0.000007,0,3,3,0,3,3
29949944,,0,0.000086,279,0.000007,0,1,1,0,1,1
28968983,,0,0.000086,279,0.000007,0,1,1,0,1,1
28968850,,0,0.000086,72,0.000007,0,2,2,0,2,2
28484492,,0,0.0001,279,0.000007,0,4,4,0,4,4
28179314,,0,0.000159,231,0.000007,0,6,6,0,6,6
28006848,,0,0.000094,279,0.000007,0,2,2,0,2,2
27194046,,0,0.000094,265,0.000007,0,2,2,0,2,2
26379865,,0,0.000086,279,0.000007,0,1,1,0,1,1
25922306,,0,0.000096,35,0.000007,0,2,2,0,2,2
25032847,,0,0.000086,279,0.000007,0,1,1,0,1,1
24622842,,0,0.000086,279,0.000007,0,1,1,0,1,1
24130171,,0,0.000119,279,0.000007,0,3,3,0,3,3
23936877,,0,0.000086,279,0.000007,0,1,1,0,1,1
23803643,,0,0.000086,279,0.000007,0,1,1,0,1,1
23473616,,0,0.000086,279,0.000007,0,1,1,0,1,1
22941633,,0,0.000086,279,0.000007,0,1,1,0,1,1
21617854,,0,0.000087,279,0.000007,0,2,2,0,2,2
21082921,,0,0.000086,279,0.000007,0,1,1,0,1,1
20930546,,0,0.000086,279,0.000007,0,1,1,0,1,1
20890131,,0,0.000086,279,0.000007,0,1,1,0,1,1
20795789,,0,0.000088,279,0.000007,0,2,2,0,2,2
20682481,,0,0.000086,279,0.000007,0,1,1,0,1,1
20012372,,0,0.000086,279,0.000007,0,1,1,0,1,1
19929944,,0,0.000175,279,0.000007,0,2,2,0,2,2
19662090,,0,0.000087,279,0.000007,0,2,2,0,2,2
19584139,,0,0.000086,279,0.000007,0,1,1,0,1,1
19568590,,0,0.000086,279,0.000007,0,1,1,0,1,1
19442645,,0,0.000086,279,0.000007,0,1,1,0,1,1
18773902,,0,0.000097,279,0.000007,0,2,2,0,2,2
18725985,,0,0.000092,279,0.000007,0,2,2,0,2,2
18437011,,0,0.000086,279,0.000007,0,1,1,0,1,1
18308762,,0,0.000088,279,0.000007,0,2,2,0,2,2
18178629,,0,0.000089,279,0.000007,0,2,2,0,2,2
18056424,,0,0.000086,279,0.000007,0,1,1,0,1,1
17320506,,0,0.000086,279,0.000007,0,1,1,0,1,1
17264127,,0,0.000086,279,0.000007,0,1,1,0,1,1
17207281,,0,0.000086,279,0.000007,0,1,1,0,1,1
16512896,,0,0.000106,279,0.000007,0,3,3,0,3,3
16436636,,0,0.000087,279,0.000007,0,2,2,0,2,2
16294009,,0,0.000086,279,0.000007,0,1,1,0,1,1
15888787,,0,0.000086,279,0.000007,0,1,1,0,1,1
30127719,,0,0.000034,231,0.000007,0,1,1,0,1,1
11751867,,0.001774,0,231,0.000179,46,0,46,46,0,46
30038707,,0,0.000034,231,0.000007,0,1,1,0,1,1
27821327,,0,0.000034,231,0.000007,0,1,1,0,1,1
27780223,,0,0.000034,231,0.000007,0,1,1,0,1,1
27354352,,0,0.000445,231,0.000007,0,5,5,0,5,5
26925255,,0,0.000034,231,0.000007,0,1,1,0,1,1
26048572,,0,0.000034,231,0.000007,0,1,1,0,1,1
25501662,,0,0.000034,231,0.000007,0,1,1,0,1,1
25310299,,0,0.000039,231,0.000007,0,2,2,0,2,2
25054034,,0,0.000034,231,0.000007,0,1,1,0,1,1
24548546,,0,0.000034,231,0.000007,0,1,1,0,1,1
23372760,,0,0.000034,231,0.000007,0,1,1,0,1,1
22493493,,0,0.000034,231,0.000007,0,1,1,0,1,1
22119055,,0,0.000034,231,0.000007,0,1,1,0,1,1
21976498,,0,0.000034,231,0.000007,0,1,1,0,1,1
21124317,,0,0.000034,231,0.000007,0,1,1,0,1,1
20618444,,0,0.000034,231,0.000007,0,1,1,0,1,1
19913004,,0,0.000034,231,0.000007,0,1,1,0,1,1
19648968,,0,0.000039,231,0.000007,0,2,2,0,2,2
19099607,,0,0.000034,231,0.000007,0,1,1,0,1,1
18689881,,0,0.000034,231,0.000007,0,1,1,0,1,1
18662380,,0,0.008758,231,0.000007,0,4,4,0,4,4
18231110,,0,0.000034,231,0.000007,0,1,1,0,1,1
15897450,,0,0.000034,231,0.000007,0,1,1,0,1,1
15343268,,0,0.000034,231,0.000007,0,1,1,0,1,1
15231748,,0,0.000034,231,0.000007,0,1,1,0,1,1
14966286,,0,0.000034,231,0.000007,0,1,1,0,1,1
12727888,,0,0.000034,231,0.000007,0,1,1,0,1,1
11754111,,0.000704,0,89,0.000009,5,0,5,5,0,5
11755544,,0.000041,0,5,0.000025,5,0,5,5,0,5
27928760,,0,0.000001,5,0.000007,0,1,1,0,1,1
17439652,,0,0.000001,5,0.000007,0,1,1,0,1,1
28819626,,0,0.000002,35,0.000007,0,2,2,0,2,2
11756754,,0.000107,0,35,0.000011,2,0,2,2,0,2
11759652,,0.000348,0,5,0.00001,3,0,3,3,0,3
29445618,,0,0.000006,1,0.000007,0,1,1,0,1,1
11759816,,0.000341,0,1,0.000016,3,0,3,3,0,3
29867050,,0,0,70,0.000007,0,1,1,0,1,1
11763085,,0,0,70,0.000031,4,0,4,4,0,4
26858807,,0,0,70,0.000007,0,1,1,0,1,1
26102488,,0,0,70,0.000007,0,1,1,0,1,1
22574058,,0,0,70,0.000007,0,1,1,0,1,1
11765398,,0.00018,0,5,0.000027,5,0,5,5,0,5
23448386,,0.001157,0.004137,5,0.000017,19,14,33,19,14,33
22194036,,0,0.000003,5,0.000007,0,1,1,0,1,1
19039253,,0,0.000003,5,0.000007,0,1,1,0,1,1
16934141,,0,0.000003,5,0.000007,0,1,1,0,1,1
29699327,,0,0.000013,69,0.000007,0,2,2,0,2,2
11766142,,0.000095,0,69,0.000011,2,0,2,2,0,2
11766733,,0.000001,0,35,0.000048,1,0,1,1,0,1
11773071,,0.001197,0,100,0.000031,8,0,8,8,0,8
24454733,,0,0.000433,100,0.000007,0,6,6,0,6,6
11773283,,0.011766,0,1,0.00004,28,0,28,28,0,28
24265409,,0,0.0404,1,0.000007,0,22,22,0,22,22
23780408,,0,0.00957,69,0.000007,0,9,9,0,9,9
21776373,,0,0.000089,89,0.000007,0,2,2,0,2,2
11774352,,0.000002,0,89,0.00001,1,0,1,1,0,1
11777930,,0.002057,0,168,0.000143,43,0,43,43,0,43
28769054,,0,0.000039,168,0.000007,0,1,1,0,1,1
28542436,,0,0.001109,100,0.000007,0,9,9,0,9,9
28489585,,0,0.000039,168,0.000007,0,1,1,0,1,1
26896797,,0,0.000047,168,0.000007,0,2,2,0,2,2
26877236,,0,0.000316,35,0.000007,0,5,5,0,5,5
24519896,,0,0.000039,168,0.000007,0,1,1,0,1,1
23580612,,0,0.000042,168,0.000007,0,2,2,0,2,2
23095639,,0,0.000046,57,0.000007,0,2,2,0,2,2
22530004,,0,0.000039,168,0.000007,0,1,1,0,1,1
22211244,,0.000142,0.000085,24,0.000013,2,5,7,2,5,7
21897860,,0,0.000394,100,0.000007,0,4,4,0,4,4
21852233,,0,0.000039,168,0.000007,0,1,1,0,1,1
21829699,,0,0.000048,90,0.000007,0,2,2,0,2,2
21697476,,0,0.000039,168,0.000007,0,1,1,0,1,1
21527551,,0,0.000039,168,0.000007,0,1,1,0,1,1
20828393,,0,0.000043,168,0.000007,0,2,2,0,2,2
19171782,,0,0.000039,168,0.000007,0,1,1,0,1,1
18550719,,0,0.000039,168,0.000007,0,1,1,0,1,1
17921287,,0,0.000039,168,0.000007,0,1,1,0,1,1
17509151,,0,0.000039,168,0.000007,0,1,1,0,1,1
17280605,,0,0.005594,168,0.000007,0,3,3,0,3,3
14729950,,0,0.000039,168,0.000007,0,1,1,0,1,1
12357032,,0,0.000039,168,0.000007,0,1,1,0,1,1
30151386,,0,0.000273,100,0.000007,0,5,5,0,5,5
11779501,,0.001791,0,100,0.000063,28,0,28,28,0,28
26415510,,0,0.00096,100,0.000007,0,16,16,0,16,16
24150215,,0,0.000034,100,0.000007,0,1,1,0,1,1
23940583,,0,0.007477,41,0.000007,0,3,3,0,3,3
20525361,,0,0.000034,100,0.000007,0,1,1,0,1,1
12808109,,0,0.00025,100,0.000007,0,3,3,0,3,3
29720101,,0,0.000003,89,0.000007,0,1,1,0,1,1
11781689,,0.000153,0,89,0.000024,7,0,7,7,0,7
12721957,,0,0.000003,89,0.000007,0,1,1,0,1,1
11781691,,0.000627,0,89,0.000017,5,0,5,5,0,5
16240131,,0,0.000012,89,0.000007,0,1,1,0,1,1
29121514,,0,0.000278,231,0.000007,0,4,4,0,4,4
11781837,,0.000818,0,100,0.000031,12,0,12,12,0,12
23791107,,0,0.007904,100,0.000007,0,3,3,0,3,3
23500037,,0,0.000185,89,0.000007,0,3,3,0,3,3
11782367,,0.000697,0,279,0.000053,12,0,12,12,0,12
20591176,,0,0.000025,279,0.000007,0,2,2,0,2,2
18448277,,0,0.000013,279,0.000007,0,1,1,0,1,1
18264132,,0,0.000013,279,0.000007,0,1,1,0,1,1
29879950,,0,0.000065,90,0.000007,0,1,1,0,1,1
11782371,,0.003411,0,90,0.000116,43,0,43,43,0,43
28869585,,0,0.000721,205,0.000007,0,9,9,0,9,9
27332697,,0,0.000065,90,0.000007,0,1,1,0,1,1
26626121,,0,0.000065,90,0.000007,0,1,1,0,1,1
25594381,,0,0.000065,90,0.000007,0,1,1,0,1,1
24649171,,0,0.000065,90,0.000007,0,1,1,0,1,1
23467396,,0,0.000065,90,0.000007,0,1,1,0,1,1
22647238,,0,0.000065,90,0.000007,0,1,1,0,1,1
21205329,,0,0.000065,90,0.000007,0,1,1,0,1,1
19188451,,0,0.000065,90,0.000007,0,1,1,0,1,1
18612383,,0,0.000065,90,0.000007,0,1,1,0,1,1
18459105,,0,0.000065,90,0.000007,0,1,1,0,1,1
11784554,,0.000055,0,89,0.000014,3,0,3,3,0,3
11786575,,0.017387,0,1,0.000051,39,0,39,39,0,39
27196780,,0,0.008829,24,0.000007,0,5,5,0,5,5
23481354,,0,0.012882,1,0.000007,0,9,9,0,9,9
18281541,,0,0.000455,1,0.000007,0,2,2,0,2,2
11786581,,0.001986,0,5,0.000078,47,0,47,47,0,47
28810355,,0,0.000049,5,0.000007,0,4,4,0,4,4
28720130,,0,0.001228,5,0.000007,0,13,13,0,13,13
27242960,,0,0.001314,5,0.000007,0,29,29,0,29,29
26793775,,0,0.00004,5,0.000007,0,2,2,0,2,2
26793774,,0,0.000249,5,0.000007,0,8,8,0,8,8
26468061,,0,0.000038,5,0.000007,0,1,1,0,1,1
24449235,,0.001818,0.001076,5,0.000051,43,16,59,43,16,59
23962230,,0,0.000038,5,0.000007,0,1,1,0,1,1
20383578,,0.000257,0.002915,5,0.000024,10,17,27,10,17,27
11790560,,0.01091,0,100,0.000271,80,0,80,80,0,80
29769446,,0,0.000457,100,0.000007,0,5,5,0,5,5
28278048,,0,0.011969,100,0.000007,0,18,18,0,18,18
27548147,,0,0.000235,48,0.000007,0,2,2,0,2,2
27035619,,0,0.000855,100,0.000007,0,4,4,0,4,4
25740706,,0.000158,0.000327,100,0.000054,11,3,14,11,3,14
19851334,,0,0.000399,100,0.000007,0,3,3,0,3,3
28417071,,0,0.000003,35,0.000007,0,1,1,0,1,1
11793474,,0.000153,0,35,0.000312,30,0,30,30,0,30
27022131,,0,0.000003,35,0.000007,0,1,1,0,1,1
26943582,,0,0.000003,35,0.000007,0,1,1,0,1,1
26579714,,0,0.000003,35,0.000007,0,1,1,0,1,1
25378323,,0,0.007439,35,0.000007,0,2,2,0,2,2
25188723,,0,0.000003,35,0.000007,0,1,1,0,1,1
24198462,,0,0.000003,35,0.000007,0,1,1,0,1,1
23819919,,0,0.000003,35,0.000007,0,1,1,0,1,1
23449360,,0,0.000003,35,0.000007,0,1,1,0,1,1
22553460,,0,0.000003,35,0.000007,0,1,1,0,1,1
22065775,,0,0.000003,35,0.000007,0,1,1,0,1,1
21857971,,0,0.000003,35,0.000007,0,1,1,0,1,1
21522127,,0,0.000003,35,0.000007,0,1,1,0,1,1
21159183,,0,0.000003,35,0.000007,0,1,1,0,1,1
20581117,,0,0.000003,35,0.000007,0,1,1,0,1,1
19756158,,0,0.000003,35,0.000007,0,1,1,0,1,1
19748724,,0,0.000003,35,0.000007,0,1,1,0,1,1
19558493,,0,0.000185,140,0.000007,0,3,3,0,3,3
18559976,,0,0.000003,35,0.000007,0,1,1,0,1,1
18371223,,0,0.000003,35,0.000007,0,1,1,0,1,1
17881637,,0,0.000003,35,0.000007,0,1,1,0,1,1
17824689,,0,0.000003,35,0.000007,0,1,1,0,1,1
17555331,,0,0.000003,35,0.000007,0,1,1,0,1,1
17048398,,0,0.000003,35,0.000007,0,1,1,0,1,1
16522644,,0.002382,0.000139,140,0.000364,97,2,99,97,2,99
14526391,,0,0.00003,35,0.000007,0,2,2,0,2,2
11793480,,0.000918,0,89,0.000018,8,0,8,8,0,8
11795442,,0.00126,0,5,0.000034,13,0,13,13,0,13
21945473,,0,0.001182,90,0.000007,0,8,8,0,8,8
25804384,,0,0.000097,100,0.000007,0,2,2,0,2,2
11795532,,0.000062,0,100,0.000018,3,0,3,3,0,3
22496539,,0,0.000001,100,0.000007,0,1,1,0,1,1
28112439,,0,0.000006,1,0.000007,0,1,1,0,1,1
11801872,,0.00029,0,1,0.000031,9,0,9,9,0,9
19053170,,0,0.000006,1,0.000007,0,1,1,0,1,1
25956308,,0,0,71,0.000007,0,1,1,0,1,1
11801876,,0,0,71,0.000025,3,0,3,3,0,3
25083478,,0,0,71,0.000007,0,1,1,0,1,1
24936340,,0,0,71,0.000007,0,1,1,0,1,1
11802208,,0.001561,0,89,0.000011,12,0,12,12,0,12
11802209,,0.004614,0,89,0.000092,33,0,33,33,0,33
17109766,,0.00017,0.000123,176,0.000133,25,2,27,25,2,27
16168123,,0,0.000206,231,0.000007,0,4,4,0,4,4
15987456,,0,0.000683,100,0.000007,0,4,4,0,4,4
12474144,,0,0.000088,89,0.000007,0,1,1,0,1,1
11807777,,0.003321,0,41,0.000043,19,0,19,19,0,19
23032890,,0,0.000063,41,0.000007,0,1,1,0,1,1
11807889,,0.001397,0,5,0.000078,54,0,54,54,0,54
27586379,,0,0.000033,205,0.000007,0,3,3,0,3,3
27103421,,0,0.000126,5,0.000007,0,7,7,0,7,7
26280996,,0,0.000132,5,0.000007,0,6,6,0,6,6
25482843,,0,0.000048,140,0.000007,0,2,2,0,2,2
25074679,,0,0.000044,5,0.000007,0,4,4,0,4,4
24848747,,0,0.000135,5,0.000007,0,5,5,0,5,5
24500770,,0,0.000044,5,0.000007,0,2,2,0,2,2
23319393,,0,0.000285,5,0.000007,0,19,19,0,19,19
22632157,,0,0.000078,5,0.000007,0,5,5,0,5,5
21562055,,0,0.000063,5,0.000007,0,3,3,0,3,3
20965872,,0,0.000081,5,0.000007,0,4,4,0,4,4
20664629,,0,0.000098,5,0.000007,0,8,8,0,8,8
19833996,,0.000261,0.000252,5,0.000139,41,10,51,41,10,51
19325321,,0,0.000087,5,0.000007,0,5,5,0,5,5
19295423,,0,0.000091,5,0.000007,0,5,5,0,5,5
17630403,,0,0.000049,5,0.000007,0,3,3,0,3,3
17551085,,0,0.000049,5,0.000007,0,2,2,0,2,2
11807980,,0.005861,0,100,0.000038,24,0,24,24,0,24
30416652,,0,0.000009,48,0.000007,0,1,1,0,1,1
11809701,,0.000448,0,48,0.000238,48,0,48,48,0,48
29180628,,0,0.000009,48,0.000007,0,1,1,0,1,1
27825140,,0,0.000009,48,0.000007,0,1,1,0,1,1
26622737,,0,0.000009,48,0.000007,0,2,2,0,2,2
26040677,,0,0.000009,48,0.000007,0,1,1,0,1,1
25884855,,0,0.000009,48,0.000007,0,1,1,0,1,1
25632238,,0,0.000009,48,0.000007,0,1,1,0,1,1
25605728,,0,0.000009,48,0.000007,0,1,1,0,1,1
25373709,,0,0.000009,48,0.000007,0,1,1,0,1,1
25288731,,0,0.000475,48,0.000007,0,2,2,0,2,2
24625091,,0,0.000009,48,0.000007,0,1,1,0,1,1
24382352,,0,0.000013,48,0.000007,0,2,2,0,2,2
23975369,,0,0.000503,48,0.000007,0,2,2,0,2,2
22943793,,0,0.000009,48,0.000007,0,1,1,0,1,1
22539990,,0,0.000009,48,0.000007,0,1,1,0,1,1
22275124,,0,0.000031,48,0.000007,0,2,2,0,2,2
22028490,,0,0.000009,48,0.000007,0,1,1,0,1,1
21943203,,0,0.000009,48,0.000007,0,1,1,0,1,1
21771027,,0,0.000009,48,0.000007,0,1,1,0,1,1
21590373,,0,0.000009,48,0.000007,0,1,1,0,1,1
21110833,,0,0.000009,48,0.000007,0,1,1,0,1,1
20810549,,0,0.000009,48,0.000007,0,1,1,0,1,1
20736297,,0,0.000102,48,0.000007,0,2,2,0,2,2
20709693,,0,0.005184,48,0.000007,0,3,3,0,3,3
20538542,,0,0.000009,48,0.000007,0,1,1,0,1,1
20462450,,0,0.000009,48,0.000007,0,1,1,0,1,1
20087440,,0,0.000023,48,0.000007,0,2,2,0,2,2
19943940,,0,0.000009,48,0.000007,0,1,1,0,1,1
19937272,,0,0.000009,48,0.000007,0,1,1,0,1,1
19291273,,0,0.000009,48,0.000007,0,1,1,0,1,1
18985820,,0,0.000009,48,0.000007,0,1,1,0,1,1
18841463,,0,0.000859,48,0.000007,0,3,3,0,3,3
18794355,,0,0.000009,48,0.000007,0,1,1,0,1,1
18662538,,0,0.000009,48,0.000007,0,1,1,0,1,1
18595660,,0,0.000009,48,0.000007,0,1,1,0,1,1
18032694,,0,0.000009,48,0.000007,0,1,1,0,1,1
17723364,,0,0.000117,48,0.000007,0,3,3,0,3,3
17160136,,0,0.008348,48,0.000007,0,3,3,0,3,3
16925951,,0,0.000048,48,0.000007,0,4,4,0,4,4
16438724,,0,0.000009,48,0.000007,0,1,1,0,1,1
16432362,,0,0.000009,48,0.000007,0,1,1,0,1,1
16404434,,0,0.000009,48,0.000007,0,1,1,0,1,1
14578166,,0,0.000009,48,0.000007,0,1,1,0,1,1
12612310,,0,0.000009,48,0.000007,0,1,1,0,1,1
11810084,,0.000503,0,1,0.000008,1,0,1,1,0,1
22937386,,0,0,5,0.000007,0,1,1,0,1,1
11812082,,0,0,5,0.000016,2,0,2,2,0,2
19222106,,0,0.000001,5,0.000007,0,2,2,0,2,2
11812938,,0.001571,0,69,0.000029,14,0,14,14,0,14
25760900,,0,0.000305,69,0.000007,0,4,4,0,4,4
22617326,,0.004111,0.010007,69,0.000116,38,10,48,38,10,48
29497922,,0,0.000018,5,0.000007,0,4,4,0,4,4
11815404,,0.000457,0,5,0.000055,21,0,21,21,0,21
28210550,,0,0.000588,5,0.000007,0,12,12,0,12,12
26265174,,0,0.000009,5,0.000007,0,1,1,0,1,1
23430402,,0,0.000054,5,0.000007,0,5,5,0,5,5
22564716,,0,0.004727,5,0.000007,0,11,11,0,11,11
22276070,,0,0.000021,5,0.000007,0,4,4,0,4,4
22168293,,0,0.000009,5,0.000007,0,1,1,0,1,1
21749214,,0,0.000009,5,0.000007,0,1,1,0,1,1
21184581,,0,0.000009,5,0.000007,0,1,1,0,1,1
19509425,,0,0.000009,5,0.000007,0,1,1,0,1,1
24877058,,0,0.000073,82,0.000007,0,3,3,0,3,3
15222050,,0,0,82,0.000007,0,1,1,0,1,1
15040020,,0,0,82,0.000007,0,1,1,0,1,1
14966902,,0,0,82,0.000007,0,1,1,0,1,1
14760760,,0,0,82,0.000007,0,1,1,0,1,1
12717834,,0,0,82,0.000007,0,1,1,0,1,1
12679912,,0,0,82,0.000007,0,1,1,0,1,1
12679904,,0,0,82,0.000007,0,1,1,0,1,1
12378623,,0,0,82,0.000007,0,1,1,0,1,1
11854909,,0,0,82,0.000007,0,1,1,0,1,1
11819835,,0,0,82,0.000007,0,1,1,0,1,1
11819834,,0,0,82,0.000007,0,1,1,0,1,1
11819750,,0,0,82,0.000007,0,1,1,0,1,1
11819749,,0,0,82,0.000007,0,1,1,0,1,1
11819518,,0,0,82,0.000007,0,1,1,0,1,1
28352159,,0,0,89,0.000007,0,1,1,0,1,1
11822793,,0.000016,0,89,0.000027,4,0,4,4,0,4
25426631,,0,0,89,0.000007,0,1,1,0,1,1
19623080,,0,0,89,0.000007,0,1,1,0,1,1
30483257,,0,0.00517,35,0.000007,0,1,1,0,1,1
11823860,,0.27114,0,35,0.012184,2281,0,2281,2281,0,2281
30464613,,0,0.00517,35,0.000007,0,1,1,0,1,1
30458865,,0,0.00517,35,0.000007,0,1,1,0,1,1
30458775,,0,0.00517,35,0.000007,0,1,1,0,1,1
30425814,,0,0.005185,137,0.000007,0,2,2,0,2,2
30397399,,0,0.00517,35,0.000007,0,1,1,0,1,1
30393759,,0,0.00834,35,0.000007,0,2,2,0,2,2
30391850,,0,0.00517,35,0.000007,0,1,1,0,1,1
30390622,,0,0.00517,35,0.000007,0,1,1,0,1,1
30389994,,0,0.005179,35,0.000007,0,2,2,0,2,2
30349367,,0,0.00517,35,0.000007,0,1,1,0,1,1
30337535,,0,0.00517,35,0.000007,0,1,1,0,1,1
30332649,,0,0.005637,35,0.000007,0,2,2,0,2,2
30300410,,0,0.00517,35,0.000007,0,1,1,0,1,1
30285809,,0,0.00517,35,0.000007,0,1,1,0,1,1
30285803,,0,0.00517,35,0.000007,0,1,1,0,1,1
30276363,,0,0.007837,1,0.000007,0,4,4,0,4,4
30266904,,0,0.005186,205,0.000007,0,2,2,0,2,2
30236106,,0,0.00517,35,0.000007,0,1,1,0,1,1
30191138,,0,0.00841,35,0.000007,0,3,3,0,3,3
30189832,,0,0.00517,35,0.000007,0,1,1,0,1,1
30181541,,0,0.005785,35,0.000007,0,3,3,0,3,3
30145981,,0,0.00517,35,0.000007,0,1,1,0,1,1
30137688,,0,0.00517,35,0.000007,0,1,1,0,1,1
30127624,,0,0.008386,205,0.000007,0,4,4,0,4,4
30125332,,0,0.00517,35,0.000007,0,1,1,0,1,1
30116193,,0,0.005197,176,0.000007,0,3,3,0,3,3
30093965,,0,0.005542,69,0.000007,0,2,2,0,2,2
30080866,,0,0.00517,35,0.000007,0,1,1,0,1,1
30054467,,0,0.00517,35,0.000007,0,1,1,0,1,1
29978332,,0,0.005336,35,0.000007,0,6,6,0,6,6
29975701,,0,0.00517,35,0.000007,0,1,1,0,1,1
29971923,,0,0.00517,35,0.000007,0,1,1,0,1,1
29941044,,0,0.00517,35,0.000007,0,1,1,0,1,1
29939990,,0,0.00517,35,0.000007,0,1,1,0,1,1
29928492,,0,0.00549,205,0.000007,0,3,3,0,3,3
29928478,,0,0.005415,35,0.000007,0,2,2,0,2,2
29921729,,0,0.00517,35,0.000007,0,1,1,0,1,1
29915691,,0,0.00517,35,0.000007,0,1,1,0,1,1
29915029,,0,0.00517,35,0.000007,0,1,1,0,1,1
29898756,,0,0.00517,35,0.000007,0,1,1,0,1,1
29896284,,0,0.00517,35,0.000007,0,1,1,0,1,1
29891868,,0,0.00517,35,0.000007,0,1,1,0,1,1
29881130,,0,0.00517,35,0.000007,0,1,1,0,1,1
29872722,,0,0.005172,35,0.000007,0,2,2,0,2,2
29872708,,0,0.00517,35,0.000007,0,1,1,0,1,1
29872510,,0,0.005554,35,0.000007,0,2,2,0,2,2
29862382,,0,0.00517,35,0.000007,0,1,1,0,1,1
29861861,,0,0.005597,35,0.000007,0,2,2,0,2,2
29813117,,0,0.00517,35,0.000007,0,1,1,0,1,1
29785064,,0,0.00517,35,0.000007,0,1,1,0,1,1
29772837,,0,0.00517,35,0.000007,0,1,1,0,1,1
29764514,,0,0.00517,35,0.000007,0,1,1,0,1,1
29757357,,0,0.00517,35,0.000007,0,1,1,0,1,1
29743718,,0,0.00517,35,0.000007,0,1,1,0,1,1
29741575,,0,0.00517,35,0.000007,0,1,1,0,1,1
29739312,,0,0.00517,35,0.000007,0,1,1,0,1,1
29736850,,0,0.005174,5,0.000007,0,2,2,0,2,2
29732370,,0,0.00518,176,0.000007,0,2,2,0,2,2
29728098,,0,0.00517,35,0.000007,0,1,1,0,1,1
29721472,,0,0.00834,35,0.000007,0,2,2,0,2,2
29718932,,0,0.00517,35,0.000007,0,1,1,0,1,1
29699511,,0,0.00834,35,0.000007,0,2,2,0,2,2
29697363,,0,0.012606,69,0.000007,0,2,2,0,2,2
29693227,,0,0.005177,35,0.000007,0,2,2,0,2,2
29693125,,0,0.005558,35,0.000007,0,3,3,0,3,3
29675397,,0,0.00517,35,0.000007,0,1,1,0,1,1
29636620,,0,0.00517,35,0.000007,0,1,1,0,1,1
29619374,,0,0.008383,69,0.000007,0,4,4,0,4,4
29614978,,0,0.00517,35,0.000007,0,1,1,0,1,1
29596496,,0,0.00517,35,0.000007,0,1,1,0,1,1
29588871,,0,0.00517,35,0.000007,0,1,1,0,1,1
29588597,,0,0.00517,35,0.000007,0,1,1,0,1,1
29581837,,0,0.00517,35,0.000007,0,1,1,0,1,1
29581709,,0,0.00517,35,0.000007,0,1,1,0,1,1
29556516,,0,0.00517,35,0.000007,0,1,1,0,1,1
29552703,,0,0.00517,35,0.000007,0,1,1,0,1,1
29545900,,0,0.005174,176,0.000007,0,2,2,0,2,2
29537985,,0,0.00517,35,0.000007,0,1,1,0,1,1
29531060,,0,0.00517,35,0.000007,0,1,1,0,1,1
29512598,,0,0.00517,35,0.000007,0,1,1,0,1,1
29507678,,0,0.005175,24,0.000007,0,2,2,0,2,2
29503542,,0,0.00517,35,0.000007,0,1,1,0,1,1
29499928,,0,0.00518,176,0.000007,0,2,2,0,2,2
29485608,,0,0.00517,35,0.000007,0,1,1,0,1,1
29472313,,0,0.00517,35,0.000007,0,1,1,0,1,1
29470520,,0,0.00524,35,0.000007,0,2,2,0,2,2
29467930,,0,0.00517,35,0.000007,0,1,1,0,1,1
29447339,,0,0.00517,35,0.000007,0,1,1,0,1,1
29428415,,0,0.00517,35,0.000007,0,1,1,0,1,1
29422957,,0,0.00517,35,0.000007,0,1,1,0,1,1
29402894,,0,0.00517,35,0.000007,0,1,1,0,1,1
29396508,,0,0.00517,35,0.000007,0,1,1,0,1,1
29383129,,0,0.00517,35,0.000007,0,1,1,0,1,1
29382705,,0,0.00517,35,0.000007,0,1,1,0,1,1
29352246,,0,0.005173,35,0.000007,0,2,2,0,2,2
29348942,,0,0.005187,176,0.000007,0,2,2,0,2,2
29322919,,0,0.00517,35,0.000007,0,1,1,0,1,1
29321644,,0,0.005197,35,0.000007,0,2,2,0,2,2
29321207,,0,0.00517,35,0.000007,0,1,1,0,1,1
29304773,,0,0.00517,35,0.000007,0,1,1,0,1,1
29291759,,0,0.00517,35,0.000007,0,1,1,0,1,1
29278382,,0,0.00517,35,0.000007,0,1,1,0,1,1
29276754,,0,0.00517,35,0.000007,0,1,1,0,1,1
29273958,,0,0.00517,35,0.000007,0,1,1,0,1,1
29272314,,0,0.00517,35,0.000007,0,1,1,0,1,1
29269772,,0,0.008354,90,0.000007,0,3,3,0,3,3
29263780,,0,0.00517,35,0.000007,0,1,1,0,1,1
29256013,,0,0.00517,35,0.000007,0,1,1,0,1,1
29209073,,0,0.00517,35,0.000007,0,1,1,0,1,1
29208919,,0,0.00517,35,0.000007,0,1,1,0,1,1
29181861,,0,0.00517,35,0.000007,0,1,1,0,1,1
29179492,,0,0.00517,35,0.000007,0,1,1,0,1,1
29167821,,0,0.00517,35,0.000007,0,1,1,0,1,1
29162964,,0,0.00517,35,0.000007,0,1,1,0,1,1
29159332,,0,0.00517,35,0.000007,0,1,1,0,1,1
29156751,,0,0.005173,279,0.000007,0,2,2,0,2,2
29154989,,0,0.018674,1,0.000007,0,7,7,0,7,7
29147432,,0,0.00517,35,0.000007,0,1,1,0,1,1
29142903,,0,0.00517,35,0.000007,0,1,1,0,1,1
29128898,,0,0.00517,35,0.000007,0,1,1,0,1,1
29125603,,0,0.00544,232,0.000007,0,4,4,0,4,4
29104483,,0,0.00517,35,0.000007,0,1,1,0,1,1
29100405,,0,0.00517,35,0.000007,0,1,1,0,1,1
29100391,,0,0.006173,35,0.000007,0,2,2,0,2,2
29089811,,0,0.00517,35,0.000007,0,1,1,0,1,1
29082373,,0,0.00517,35,0.000007,0,1,1,0,1,1
29075751,,0,0.00517,35,0.000007,0,1,1,0,1,1
29056711,,0,0.00517,35,0.000007,0,1,1,0,1,1
28980424,,0,0.00517,35,0.000007,0,1,1,0,1,1
28968390,,0,0.005607,247,0.000007,0,3,3,0,3,3
28957325,,0,0.00517,35,0.000007,0,1,1,0,1,1
28956817,,0,0.00517,35,0.000007,0,1,1,0,1,1
28947416,,0,0.00517,35,0.000007,0,1,1,0,1,1
28935855,,0,0.00517,35,0.000007,0,1,1,0,1,1
28934488,,0,0.00517,35,0.000007,0,1,1,0,1,1
28926426,,0,0.005354,1,0.000007,0,4,4,0,4,4
28924457,,0,0.00517,35,0.000007,0,1,1,0,1,1
28922402,,0,0.00517,35,0.000007,0,1,1,0,1,1
28915659,,0,0.005266,69,0.000007,0,2,2,0,2,2
28900139,,0,0.00517,35,0.000007,0,1,1,0,1,1
28886126,,0,0.00517,35,0.000007,0,1,1,0,1,1
28883691,,0,0.00517,35,0.000007,0,1,1,0,1,1
28881997,,0,0.00517,35,0.000007,0,1,1,0,1,1
28881961,,0,0.00517,35,0.000007,0,1,1,0,1,1
28850621,,0,0.00517,35,0.000007,0,1,1,0,1,1
28848763,,0,0.00517,35,0.000007,0,1,1,0,1,1
28844713,,0,0.00517,35,0.000007,0,1,1,0,1,1
28842509,,0,0.00834,35,0.000007,0,2,2,0,2,2
28831167,,0,0.005285,69,0.000007,0,2,2,0,2,2
28824723,,0,0.00517,35,0.000007,0,1,1,0,1,1
28815117,,0,0.005219,5,0.000007,0,2,2,0,2,2
28807940,,0,0.00517,35,0.000007,0,1,1,0,1,1
28807016,,0,0.00517,35,0.000007,0,1,1,0,1,1
28796930,,0,0.00517,35,0.000007,0,1,1,0,1,1
28796060,,0,0.00517,35,0.000007,0,1,1,0,1,1
28793339,,0,0.00517,35,0.000007,0,1,1,0,1,1
28789340,,0,0.005209,35,0.000007,0,2,2,0,2,2
28781659,,0,0.00517,35,0.000007,0,1,1,0,1,1
28776283,,0,0.00517,35,0.000007,0,1,1,0,1,1
28775303,,0,0.00517,35,0.000007,0,1,1,0,1,1
28746466,,0,0.00517,35,0.000007,0,1,1,0,1,1
28745314,,0,0.00517,35,0.000007,0,1,1,0,1,1
28725481,,0,0.00517,35,0.000007,0,1,1,0,1,1
28721382,,0,0.005175,35,0.000007,0,2,2,0,2,2
28721371,,0,0.00517,35,0.000007,0,1,1,0,1,1
28710396,,0,0.00517,35,0.000007,0,1,1,0,1,1
28693478,,0,0.00517,35,0.000007,0,1,1,0,1,1
28691057,,0,0.00517,35,0.000007,0,1,1,0,1,1
28690649,,0,0.00517,35,0.000007,0,1,1,0,1,1
28687729,,0,0.00517,35,0.000007,0,1,1,0,1,1
28684851,,0,0.00517,35,0.000007,0,1,1,0,1,1
28672102,,0,0.00517,35,0.000007,0,1,1,0,1,1
28670325,,0,0.00517,35,0.000007,0,1,1,0,1,1
28650989,,0,0.00517,35,0.000007,0,1,1,0,1,1
28629325,,0,0.00517,35,0.000007,0,1,1,0,1,1
28620450,,0,0.00517,35,0.000007,0,1,1,0,1,1
28611979,,0,0.00517,35,0.000007,0,1,1,0,1,1
28585723,,0,0.00517,35,0.000007,0,1,1,0,1,1
28581515,,0,0.00517,35,0.000007,0,1,1,0,1,1
28579913,,0,0.00517,35,0.000007,0,1,1,0,1,1
28579740,,0,0.005772,35,0.000007,0,2,2,0,2,2
28577080,,0,0.00517,35,0.000007,0,1,1,0,1,1
28567418,,0,0.00517,35,0.000007,0,1,1,0,1,1
28560268,,0,0.00517,35,0.000007,0,1,1,0,1,1
28558008,,0,0.00517,35,0.000007,0,1,1,0,1,1
28552011,,0,0.00517,35,0.000007,0,1,1,0,1,1
28544536,,0,0.00834,35,0.000007,0,2,2,0,2,2
28529618,,0,0.00517,35,0.000007,0,1,1,0,1,1
28508702,,0,0.00834,35,0.000007,0,2,2,0,2,2
28505193,,0,0.00517,35,0.000007,0,1,1,0,1,1
28496157,,0.000001,0.005501,100,0.00003,5,4,9,5,4,9
28496132,,0,0.00517,35,0.000007,0,1,1,0,1,1
28475402,,0,0.015494,1,0.000007,0,8,8,0,8,8
28472340,,0,0.00517,35,0.000007,0,1,1,0,1,1
28472220,,0,0.00517,35,0.000007,0,1,1,0,1,1
28464832,,0,0.00517,35,0.000007,0,1,1,0,1,1
28451965,,0,0.00517,35,0.000007,0,1,1,0,1,1
28433659,,0,0.00517,35,0.000007,0,1,1,0,1,1
28432361,,0,0.00517,35,0.000007,0,1,1,0,1,1
28432308,,0,0.00517,35,0.000007,0,1,1,0,1,1
28427185,,0,0.00517,35,0.000007,0,1,1,0,1,1
28427173,,0,0.005244,35,0.000007,0,3,3,0,3,3
28424560,,0,0.005175,35,0.000007,0,2,2,0,2,2
28415780,,0,0.00517,35,0.000007,0,1,1,0,1,1
28411283,,0,0.00517,35,0.000007,0,1,1,0,1,1
28409241,,0,0.00834,35,0.000007,0,2,2,0,2,2
28403238,,0,0.00517,35,0.000007,0,1,1,0,1,1
28387221,,0,0.006173,35,0.000007,0,2,2,0,2,2
28365151,,0,0.005186,35,0.000007,0,3,3,0,3,3
28361689,,0,0.00517,35,0.000007,0,1,1,0,1,1
28358118,,0,0.00517,35,0.000007,0,1,1,0,1,1
28350001,,0,0.00517,35,0.000007,0,1,1,0,1,1
28333954,,0,0.012617,69,0.000007,0,4,4,0,4,4
28330128,,0,0.00517,35,0.000007,0,1,1,0,1,1
28327201,,0,0.00517,35,0.000007,0,1,1,0,1,1
28303886,,0,0.005185,35,0.000007,0,2,2,0,2,2
28276435,,0,0.00517,35,0.000007,0,1,1,0,1,1
28256629,,0,0.00517,35,0.000007,0,1,1,0,1,1
28256233,,0,0.00517,35,0.000007,0,1,1,0,1,1
28249895,,0,0.005879,35,0.000007,0,4,4,0,4,4
28212608,,0,0.005637,35,0.000007,0,2,2,0,2,2
28211064,,0,0.00517,35,0.000007,0,1,1,0,1,1
28196872,,0,0.00517,35,0.000007,0,1,1,0,1,1
28194227,,0,0.00517,35,0.000007,0,1,1,0,1,1
28194165,,0,0.00517,35,0.000007,0,1,1,0,1,1
28165388,,0,0.00517,35,0.000007,0,1,1,0,1,1
28154173,,0,0.00517,35,0.000007,0,1,1,0,1,1
28149325,,0,0.00517,35,0.000007,0,1,1,0,1,1
28143486,,0,0.00517,35,0.000007,0,1,1,0,1,1
28138110,,0,0.00517,35,0.000007,0,1,1,0,1,1
28125801,,0,0.005189,69,0.000007,0,2,2,0,2,2
28123587,,0,0.00517,35,0.000007,0,1,1,0,1,1
28123521,,0,0.00517,35,0.000007,0,1,1,0,1,1
28122328,,0,0.005554,35,0.000007,0,2,2,0,2,2
28114999,,0,0.00834,35,0.000007,0,2,2,0,2,2
28114432,,0,0.00517,35,0.000007,0,1,1,0,1,1
28108731,,0,0.00517,35,0.000007,0,1,1,0,1,1
28104942,,0,0.00517,35,0.000007,0,1,1,0,1,1
28095342,,0,0.00517,35,0.000007,0,1,1,0,1,1
28090417,,0,0.005543,35,0.000007,0,2,2,0,2,2
28090172,,0,0.00517,35,0.000007,0,1,1,0,1,1
28086829,,0,0.005261,35,0.000007,0,2,2,0,2,2
28076326,,0,0.00517,35,0.000007,0,1,1,0,1,1
28068979,,0,0.008459,35,0.000007,0,4,4,0,4,4
28061449,,0,0.005184,35,0.000007,0,2,2,0,2,2
28052038,,0,0.00517,35,0.000007,0,1,1,0,1,1
28018487,,0,0.00517,35,0.000007,0,1,1,0,1,1
28008158,,0,0.00517,35,0.000007,0,1,1,0,1,1
28000015,,0,0.00517,35,0.000007,0,1,1,0,1,1
27999797,,0,0.00517,35,0.000007,0,1,1,0,1,1
27995131,,0,0.00517,35,0.000007,0,1,1,0,1,1
27942443,,0,0.00517,35,0.000007,0,1,1,0,1,1
27923367,,0,0.00834,35,0.000007,0,2,2,0,2,2
27920623,,0,0.00517,35,0.000007,0,1,1,0,1,1
27911830,,0,0.00517,35,0.000007,0,1,1,0,1,1
27905474,,0,0.00517,35,0.000007,0,1,1,0,1,1
27903675,,0,0.00517,35,0.000007,0,1,1,0,1,1
27901097,,0.00006,0.00834,35,0.000016,2,2,4,2,2,4
27896218,,0,0.00834,35,0.000007,0,2,2,0,2,2
27895739,,0,0.00517,35,0.000007,0,1,1,0,1,1
27895735,,0,0.00517,35,0.000007,0,1,1,0,1,1
27861902,,0,0.005726,35,0.000007,0,5,5,0,5,5
27858305,,0,0.008806,35,0.000007,0,3,3,0,3,3
27852980,,0,0.007827,35,0.000007,0,4,4,0,4,4
27852047,,0,0.00517,35,0.000007,0,1,1,0,1,1
27834354,,0,0.005542,69,0.000007,0,2,2,0,2,2
27824662,,0,0.00517,35,0.000007,0,1,1,0,1,1
27812028,,0,0.005266,69,0.000007,0,2,2,0,2,2
27807069,,0,0.005398,231,0.000007,0,4,4,0,4,4
27799277,,0,0.00517,35,0.000007,0,1,1,0,1,1
27798557,,0,0.005175,168,0.000007,0,3,3,0,3,3
27792127,,0,0.00517,35,0.000007,0,1,1,0,1,1
27783945,,0,0.006108,35,0.000007,0,6,6,0,6,6
27769212,,0,0.00517,35,0.000007,0,1,1,0,1,1
27766944,,0,0.00517,35,0.000007,0,1,1,0,1,1
27756408,,0,0.012643,69,0.000007,0,4,4,0,4,4
27739429,,0,0.00517,35,0.000007,0,1,1,0,1,1
27738492,,0,0.005676,35,0.000007,0,2,2,0,2,2
27717710,,0,0.006172,1,0.000007,0,5,5,0,5,5
27706047,,0,0.00517,35,0.000007,0,1,1,0,1,1
27667129,,0,0.00517,35,0.000007,0,1,1,0,1,1
27666543,,0,0.00517,35,0.000007,0,1,1,0,1,1
27666119,,0,0.005534,35,0.000007,0,2,2,0,2,2
27656887,,0,0.005637,35,0.000007,0,2,2,0,2,2
27656679,,0,0.00517,35,0.000007,0,1,1,0,1,1
27656602,,0,0.00517,35,0.000007,0,1,1,0,1,1
27642788,,0,0.00517,35,0.000007,0,1,1,0,1,1
27618899,,0,0.00517,35,0.000007,0,1,1,0,1,1
27617041,,0,0.00517,35,0.000007,0,1,1,0,1,1
27605191,,0,0.00834,35,0.000007,0,2,2,0,2,2
27590322,,0,0.00517,35,0.000007,0,1,1,0,1,1
27588951,,0,0.008871,35,0.000007,0,5,5,0,5,5
27566954,,0,0.00834,35,0.000007,0,2,2,0,2,2
27561329,,0,0.00517,35,0.000007,0,1,1,0,1,1
27556302,,0,0.005186,100,0.000007,0,2,2,0,2,2
27556157,,0,0.005317,35,0.000007,0,2,2,0,2,2
27538512,,0,0.00517,35,0.000007,0,1,1,0,1,1
27535130,,0,0.005172,279,0.000007,0,2,2,0,2,2
27532264,,0,0.00517,35,0.000007,0,1,1,0,1,1
27526056,,0,0.00517,35,0.000007,0,1,1,0,1,1
27512840,,0,0.00517,35,0.000007,0,1,1,0,1,1
27512621,,0,0.00517,35,0.000007,0,1,1,0,1,1
27501955,,0,0.00517,35,0.000007,0,1,1,0,1,1
27499968,,0,0.005274,35,0.000007,0,2,2,0,2,2
27492256,,0,0.005202,100,0.000007,0,2,2,0,2,2
27472710,,0,0.005283,35,0.000007,0,3,3,0,3,3
27471406,,0,0.00517,35,0.000007,0,1,1,0,1,1
27469239,,0,0.00517,35,0.000007,0,1,1,0,1,1
27467526,,0,0.00517,35,0.000007,0,1,1,0,1,1
27466323,,0,0.00517,35,0.000007,0,1,1,0,1,1
27454576,,0,0.005225,35,0.000007,0,3,3,0,3,3
27433079,,0,0.00517,35,0.000007,0,1,1,0,1,1
27415010,,0,0.00517,35,0.000007,0,1,1,0,1,1
27383192,,0,0.00517,35,0.000007,0,1,1,0,1,1
27382432,,0,0.00587,231,0.000007,0,3,3,0,3,3
27362985,,0,0.00517,35,0.000007,0,1,1,0,1,1
27345399,,0,0.00517,35,0.000007,0,1,1,0,1,1
27330269,,0,0.00517,35,0.000007,0,1,1,0,1,1
27330233,,0,0.00834,35,0.000007,0,2,2,0,2,2
27322207,,0,0.00517,35,0.000007,0,1,1,0,1,1
27322074,,0,0.00834,35,0.000007,0,2,2,0,2,2
27308330,,0,0.005172,35,0.000007,0,2,2,0,2,2
27304923,,0,0.00517,35,0.000007,0,1,1,0,1,1
27286452,,0,0.005345,35,0.000007,0,2,2,0,2,2
27251275,,0,0.008468,1,0.000007,0,3,3,0,3,3
27231466,,0,0.00517,35,0.000007,0,1,1,0,1,1
27229533,,0,0.012928,69,0.000007,0,3,3,0,3,3
27211549,,0,0.00517,35,0.000007,0,1,1,0,1,1
27203217,,0,0.00517,35,0.000007,0,1,1,0,1,1
27200367,,0,0.005173,140,0.000007,0,2,2,0,2,2
27197181,,0,0.005718,35,0.000007,0,3,3,0,3,3
27189371,,0,0.005188,90,0.000007,0,2,2,0,2,2
27185372,,0,0.00517,35,0.000007,0,1,1,0,1,1
27185370,,0,0.00834,35,0.000007,0,2,2,0,2,2
27145341,,0,0.005619,48,0.000007,0,3,3,0,3,3
27144536,,0,0.00518,198,0.000007,0,4,4,0,4,4
27129736,,0,0.00834,35,0.000007,0,2,2,0,2,2
27127404,,0,0.00517,35,0.000007,0,1,1,0,1,1
27123264,,0,0.00517,35,0.000007,0,1,1,0,1,1
27100869,,0,0.00517,35,0.000007,0,1,1,0,1,1
27092172,,0,0.00517,35,0.000007,0,1,1,0,1,1
27084578,,0,0.008364,35,0.000007,0,3,3,0,3,3
27077807,,0,0.00517,35,0.000007,0,1,1,0,1,1
27077114,,0,0.00517,35,0.000007,0,1,1,0,1,1
27056899,,0,0.005199,24,0.000007,0,2,2,0,2,2
27022301,,0,0.00517,35,0.000007,0,1,1,0,1,1
27007154,,0,0.00517,35,0.000007,0,1,1,0,1,1
26998311,,0,0.005178,35,0.000007,0,2,2,0,2,2
26998104,,0,0.00517,35,0.000007,0,1,1,0,1,1
26975659,,0,0.00517,35,0.000007,0,1,1,0,1,1
26957478,,0,0.00517,35,0.000007,0,1,1,0,1,1
26956475,,0,0.00517,35,0.000007,0,1,1,0,1,1
26942882,,0,0.008545,35,0.000007,0,4,4,0,4,4
26934123,,0,0.006489,35,0.000007,0,2,2,0,2,2
26923330,,0,0.013996,35,0.000007,0,2,2,0,2,2
26909792,,0,0.00517,35,0.000007,0,1,1,0,1,1
26895349,,0,0.00517,35,0.000007,0,1,1,0,1,1
26893478,,0,0.00517,35,0.000007,0,1,1,0,1,1
26889953,,0,0.005198,24,0.000007,0,2,2,0,2,2
26877907,,0,0.00517,35,0.000007,0,1,1,0,1,1
26862846,,0,0.005593,35,0.000007,0,3,3,0,3,3
26858530,,0,0.00517,35,0.000007,0,1,1,0,1,1
26817708,,0,0.012928,69,0.000007,0,3,3,0,3,3
26809676,,0,0.005203,205,0.000007,0,3,3,0,3,3
26725330,,0,0.008704,35,0.000007,0,3,3,0,3,3
26708273,,0,0.005193,35,0.000007,0,2,2,0,2,2
26703575,,0,0.00517,35,0.000007,0,1,1,0,1,1
26693050,,0,0.008365,279,0.000007,0,3,3,0,3,3
26687066,,0,0.00517,35,0.000007,0,1,1,0,1,1
26678162,,0,0.00517,35,0.000007,0,1,1,0,1,1
26672755,,0,0.005202,35,0.000007,0,4,4,0,4,4
26655497,,0,0.00517,35,0.000007,0,1,1,0,1,1
26651914,,0,0.00517,35,0.000007,0,1,1,0,1,1
26649025,,0,0.005438,205,0.000007,0,7,7,0,7,7
26646699,,0,0.005534,35,0.000007,0,2,2,0,2,2
26640290,,0,0.00517,35,0.000007,0,1,1,0,1,1
26625895,,0,0.00517,35,0.000007,0,1,1,0,1,1
26618099,,0,0.00517,35,0.000007,0,1,1,0,1,1
26612002,,0,0.00517,35,0.000007,0,1,1,0,1,1
26607741,,0,0.00517,35,0.000007,0,1,1,0,1,1
26606135,,0,0.012928,69,0.000007,0,3,3,0,3,3
26603532,,0,0.00517,35,0.000007,0,1,1,0,1,1
26592552,,0,0.00517,35,0.000007,0,1,1,0,1,1
26569312,,0,0.00517,35,0.000007,0,1,1,0,1,1
26564482,,0,0.00517,35,0.000007,0,1,1,0,1,1
26563652,,0,0.00517,35,0.000007,0,1,1,0,1,1
26562440,,0,0.00517,35,0.000007,0,1,1,0,1,1
26550991,,0,0.00629,2,0.000007,0,6,6,0,6,6
26549855,,0,0.00517,35,0.000007,0,1,1,0,1,1
26543746,,0,0.005273,35,0.000007,0,3,3,0,3,3
26527319,,0,0.00517,35,0.000007,0,1,1,0,1,1
26527317,,0,0.005396,1,0.000007,0,3,3,0,3,3
26507825,,0,0.012606,69,0.000007,0,2,2,0,2,2
26504408,,0,0.00517,35,0.000007,0,1,1,0,1,1
26504198,,0,0.005173,231,0.000007,0,2,2,0,2,2
26500772,,0,0.00517,35,0.000007,0,1,1,0,1,1
26492224,,0,0.00517,35,0.000007,0,1,1,0,1,1
26481559,,0,0.00517,35,0.000007,0,1,1,0,1,1
26455318,,0,0.00517,35,0.000007,0,1,1,0,1,1
26446398,,0,0.00517,35,0.000007,0,1,1,0,1,1
26430161,,0,0.00517,35,0.000007,0,1,1,0,1,1
26418047,,0,0.0058,35,0.000007,0,3,3,0,3,3
26380552,,0,0.005863,35,0.000007,0,2,2,0,2,2
26345204,,0,0.00517,35,0.000007,0,1,1,0,1,1
26334095,,0,0.00517,35,0.000007,0,1,1,0,1,1
26314842,,0,0.00517,35,0.000007,0,1,1,0,1,1
26311899,,0,0.00517,35,0.000007,0,1,1,0,1,1
26309907,,0,0.00517,35,0.000007,0,1,1,0,1,1
26308378,,0,0.00517,35,0.000007,0,1,1,0,1,1
26299954,,0,0.00517,35,0.000007,0,1,1,0,1,1
26287798,,0,0.00517,35,0.000007,0,1,1,0,1,1
26286638,,0,0.00517,35,0.000007,0,1,1,0,1,1
26276352,,0,0.005535,35,0.000007,0,2,2,0,2,2
26273192,,0,0.005422,35,0.000007,0,5,5,0,5,5
26265440,,0,0.00517,35,0.000007,0,1,1,0,1,1
26257336,,0,0.00517,35,0.000007,0,1,1,0,1,1
26253570,,0,0.00517,35,0.000007,0,1,1,0,1,1
26251629,,0,0.00517,35,0.000007,0,1,1,0,1,1
26234681,,0,0.00517,35,0.000007,0,1,1,0,1,1
26227901,,0,0.00526,35,0.000007,0,2,2,0,2,2
26217110,,0,0.00517,35,0.000007,0,1,1,0,1,1
26217109,,0,0.006842,1,0.000007,0,3,3,0,3,3
26175941,,0,0.00517,35,0.000007,0,1,1,0,1,1
26157642,,0,0.00517,35,0.000007,0,1,1,0,1,1
26146513,,0,0.00517,35,0.000007,0,1,1,0,1,1
26136771,,0,0.005783,205,0.000007,0,9,9,0,9,9
26132585,,0,0.008957,35,0.000007,0,9,9,0,9,9
26123483,,0,0.00517,35,0.000007,0,1,1,0,1,1
26121276,,0,0.00517,35,0.000007,0,1,1,0,1,1
26115412,,0,0.00517,35,0.000007,0,1,1,0,1,1
26112005,,0,0.005644,35,0.000007,0,2,2,0,2,2
26109056,,0,0.00517,35,0.000007,0,1,1,0,1,1
26100469,,0,0.00517,35,0.000007,0,1,1,0,1,1
26078586,,0,0.00517,35,0.000007,0,1,1,0,1,1
26075823,,0,0.00517,35,0.000007,0,1,1,0,1,1
26072498,,0,0.005348,35,0.000007,0,3,3,0,3,3
26066699,,0,0.00517,35,0.000007,0,1,1,0,1,1
26052355,,0,0.00517,35,0.000007,0,1,1,0,1,1
26048077,,0,0.01262,35,0.000007,0,3,3,0,3,3
26047809,,0,0.00517,35,0.000007,0,1,1,0,1,1
26024915,,0,0.006439,100,0.000007,0,9,9,0,9,9
26023680,,0,0.00517,35,0.000007,0,1,1,0,1,1
26020648,,0,0.00596,35,0.000007,0,3,3,0,3,3
26009897,,0,0.00517,35,0.000007,0,1,1,0,1,1
25991675,,0,0.008871,35,0.000007,0,4,4,0,4,4
25983547,,0,0.00517,35,0.000007,0,1,1,0,1,1
25973025,,0,0.00517,35,0.000007,0,1,1,0,1,1
25969447,,0,0.00517,35,0.000007,0,1,1,0,1,1
25965298,,0,0.00517,35,0.000007,0,1,1,0,1,1
25963740,,0,0.00517,35,0.000007,0,1,1,0,1,1
25961550,,0,0.00517,35,0.000007,0,1,1,0,1,1
25961141,,0,0.005217,35,0.000007,0,3,3,0,3,3
25951941,,0,0.00517,35,0.000007,0,1,1,0,1,1
25944123,,0,0.00517,35,0.000007,0,1,1,0,1,1
25928431,,0,0.00517,35,0.000007,0,1,1,0,1,1
25926073,,0,0.00517,35,0.000007,0,1,1,0,1,1
25922622,,0,0.00517,35,0.000007,0,1,1,0,1,1
25913416,,0,0.005561,69,0.000007,0,3,3,0,3,3
25906750,,0,0.00517,35,0.000007,0,1,1,0,1,1
25903579,,0,0.00517,35,0.000007,0,1,1,0,1,1
25897424,,0,0.008343,35,0.000007,0,3,3,0,3,3
25888956,,0,0.005489,35,0.000007,0,2,2,0,2,2
25888889,,0,0.00834,35,0.000007,0,2,2,0,2,2
25887545,,0,0.00517,35,0.000007,0,1,1,0,1,1
25886164,,0,0.012606,69,0.000007,0,2,2,0,2,2
25884918,,0,0.00517,35,0.000007,0,1,1,0,1,1
25883221,,0,0.00517,35,0.000007,0,1,1,0,1,1
25881247,,0,0.00517,35,0.000007,0,1,1,0,1,1
25881072,,0,0.00517,35,0.000007,0,1,1,0,1,1
25877889,,0,0.00517,35,0.000007,0,1,1,0,1,1
25859396,,0,0.00517,35,0.000007,0,1,1,0,1,1
25849541,,0,0.008958,35,0.000007,0,4,4,0,4,4
25832647,,0,0.005174,35,0.000007,0,2,2,0,2,2
25825992,,0,0.00834,35,0.000007,0,2,2,0,2,2
25819073,,0,0.00517,35,0.000007,0,1,1,0,1,1
25795282,,0,0.00517,35,0.000007,0,1,1,0,1,1
25793737,,0,0.005177,24,0.000007,0,2,2,0,2,2
25788628,,0,0.00517,35,0.000007,0,1,1,0,1,1
25780335,,0,0.00517,35,0.000007,0,1,1,0,1,1
25774287,,0,0.00517,35,0.000007,0,1,1,0,1,1
25773928,,0,0.005249,231,0.000007,0,3,3,0,3,3
25769025,,0,0.029997,1,0.000007,0,13,13,0,13,13
25758543,,0,0.00517,35,0.000007,0,1,1,0,1,1
25749525,,0,0.00517,35,0.000007,0,1,1,0,1,1
25744716,,0,0.00517,35,0.000007,0,1,1,0,1,1
25738841,,0,0.00517,35,0.000007,0,1,1,0,1,1
25736378,,0,0.00517,35,0.000007,0,1,1,0,1,1
25730878,,0,0.005542,69,0.000007,0,2,2,0,2,2
25730263,,0,0.00517,35,0.000007,0,1,1,0,1,1
25723490,,0,0.00834,35,0.000007,0,2,2,0,2,2
25708799,,0,0.008746,69,0.000007,0,4,4,0,4,4
25699257,,0,0.00517,35,0.000007,0,1,1,0,1,1
25696214,,0,0.00517,35,0.000007,0,1,1,0,1,1
25693144,,0,0.00517,35,0.000007,0,1,1,0,1,1
25690032,,0,0.00517,35,0.000007,0,1,1,0,1,1
25685059,,0,0.00517,35,0.000007,0,1,1,0,1,1
25679511,,0,0.00517,35,0.000007,0,1,1,0,1,1
25677173,,0,0.00517,35,0.000007,0,1,1,0,1,1
25663709,,0,0.00517,35,0.000007,0,1,1,0,1,1
25654473,,0,0.00517,35,0.000007,0,1,1,0,1,1
25649192,,0,0.00517,35,0.000007,0,1,1,0,1,1
25645927,,0,0.00517,35,0.000007,0,1,1,0,1,1
25645331,,0,0.00517,35,0.000007,0,1,1,0,1,1
25633159,,0,0.00517,35,0.000007,0,1,1,0,1,1
25616355,,0,0.00517,35,0.000007,0,1,1,0,1,1
25597354,,0,0.00517,35,0.000007,0,1,1,0,1,1
25596745,,0,0.00517,35,0.000007,0,1,1,0,1,1
25592602,,0,0.00517,35,0.000007,0,1,1,0,1,1
25587491,,0,0.00517,35,0.000007,0,1,1,0,1,1
25575808,,0,0.00517,35,0.000007,0,1,1,0,1,1
25574125,,0,0.00517,35,0.000007,0,1,1,0,1,1
25563076,,0,0.00517,35,0.000007,0,1,1,0,1,1
25562729,,0,0.00517,35,0.000007,0,1,1,0,1,1
25562040,,0,0.00517,35,0.000007,0,1,1,0,1,1
25561511,,0,0.00517,35,0.000007,0,1,1,0,1,1
25551433,,0,0.00517,35,0.000007,0,1,1,0,1,1
25541966,,0,0.00517,35,0.000007,0,1,1,0,1,1
25537518,,0,0.00517,35,0.000007,0,1,1,0,1,1
25531777,,0,0.005582,35,0.000007,0,3,3,0,3,3
25526632,,0,0.005767,35,0.000007,0,4,4,0,4,4
25520658,,0,0.022597,1,0.000007,0,7,7,0,7,7
25510449,,0,0.008775,279,0.000007,0,4,4,0,4,4
25504440,,0,0.00517,35,0.000007,0,1,1,0,1,1
25497280,,0,0.008353,176,0.000007,0,3,3,0,3,3
25493218,,0,0.00517,35,0.000007,0,1,1,0,1,1
25486477,,0,0.00517,35,0.000007,0,1,1,0,1,1
25482627,,0,0.00517,35,0.000007,0,1,1,0,1,1
25475756,,0,0.005197,48,0.000007,0,2,2,0,2,2
25474343,,0,0.00517,35,0.000007,0,1,1,0,1,1
25473296,,0,0.00834,35,0.000007,0,2,2,0,2,2
25459350,,0,0.00521,72,0.000007,0,2,2,0,2,2
25446253,,0,0.00517,35,0.000007,0,1,1,0,1,1
25442938,,0,0.00517,35,0.000007,0,1,1,0,1,1
25440089,,0,0.00517,35,0.000007,0,1,1,0,1,1
25432738,,0,0.00834,35,0.000007,0,2,2,0,2,2
25417206,,0,0.00517,35,0.000007,0,1,1,0,1,1
25416501,,0,0.005637,35,0.000007,0,2,2,0,2,2
25412710,,0,0.00834,35,0.000007,0,2,2,0,2,2
25400908,,0,0.00567,35,0.000007,0,5,5,0,5,5
25399560,,0,0.005393,35,0.000007,0,2,2,0,2,2
25392696,,0,0.013666,69,0.000007,0,8,8,0,8,8
25392695,,0,0.00517,35,0.000007,0,1,1,0,1,1
25391423,,0,0.005555,35,0.000007,0,4,4,0,4,4
25368507,,0,0.00517,35,0.000007,0,1,1,0,1,1
25360699,,0,0.00834,35,0.000007,0,2,2,0,2,2
25350106,,0,0.00517,35,0.000007,0,1,1,0,1,1
25347824,,0,0.00517,35,0.000007,0,1,1,0,1,1
25341115,,0,0.00517,35,0.000007,0,1,1,0,1,1
25338319,,0,0.00518,35,0.000007,0,2,2,0,2,2
25327472,,0,0.00517,35,0.000007,0,1,1,0,1,1
25312014,,0,0.00517,35,0.000007,0,1,1,0,1,1
25309048,,0,0.00517,35,0.000007,0,1,1,0,1,1
25288205,,0,0.00517,35,0.000007,0,1,1,0,1,1
25287362,,0,0.00517,35,0.000007,0,1,1,0,1,1
25284786,,0,0.006331,35,0.000007,0,2,2,0,2,2
25277734,,0,0.007206,35,0.000007,0,5,5,0,5,5
25277099,,0,0.00517,35,0.000007,0,1,1,0,1,1
25274406,,0,0.00517,35,0.000007,0,1,1,0,1,1
25249699,,0,0.00517,35,0.000007,0,1,1,0,1,1
25248130,,0,0.00517,35,0.000007,0,1,1,0,1,1
25233347,,0,0.00517,35,0.000007,0,1,1,0,1,1
25222838,,0,0.00517,35,0.000007,0,1,1,0,1,1
25218890,,0,0.00517,35,0.000007,0,1,1,0,1,1
25216520,,0,0.00517,35,0.000007,0,1,1,0,1,1
25214892,,0,0.012606,69,0.000007,0,2,2,0,2,2
25213022,,0,0.005178,35,0.000007,0,2,2,0,2,2
25211383,,0,0.00517,35,0.000007,0,1,1,0,1,1
25200444,,0,0.00517,35,0.000007,0,1,1,0,1,1
25193065,,0,0.00517,35,0.000007,0,1,1,0,1,1
25187476,,0,0.00517,35,0.000007,0,1,1,0,1,1
25180633,,0,0.00517,35,0.000007,0,1,1,0,1,1
25180045,,0,0.00517,35,0.000007,0,1,1,0,1,1
25177526,,0,0.00517,35,0.000007,0,1,1,0,1,1
25177256,,0,0.00517,35,0.000007,0,1,1,0,1,1
25176167,,0,0.00517,35,0.000007,0,1,1,0,1,1
25175477,,0,0.00517,35,0.000007,0,1,1,0,1,1
25170899,,0,0.00517,35,0.000007,0,1,1,0,1,1
25169931,,0,0.015776,35,0.000007,0,3,3,0,3,3
25164602,,0,0.00834,35,0.000007,0,2,2,0,2,2
25155694,,0,0.008585,35,0.000007,0,3,3,0,3,3
25153136,,0,0.00517,35,0.000007,0,1,1,0,1,1
25151367,,0,0.005334,35,0.000007,0,2,2,0,2,2
25151356,,0,0.005779,35,0.000007,0,3,3,0,3,3
25135081,,0,0.00517,35,0.000007,0,1,1,0,1,1
25133526,,0,0.00517,35,0.000007,0,1,1,0,1,1
25133032,,0,0.00517,35,0.000007,0,1,1,0,1,1
25128906,,0,0.005172,24,0.000007,0,2,2,0,2,2
25126556,,0,0.005172,35,0.000007,0,2,2,0,2,2
25117064,,0,0.00517,35,0.000007,0,1,1,0,1,1
25115393,,0,0.005181,279,0.000007,0,2,2,0,2,2
25114856,,0,0.012911,35,0.000007,0,6,6,0,6,6
25101274,,0,0.00517,35,0.000007,0,1,1,0,1,1
25092915,,0,0.00517,35,0.000007,0,1,1,0,1,1
25079112,,0,0.012606,69,0.000007,0,2,2,0,2,2
25054056,,0,0.008713,35,0.000007,0,3,3,0,3,3
25050076,,0,0.00517,35,0.000007,0,1,1,0,1,1
25047553,,0,0.00517,35,0.000007,0,1,1,0,1,1
25041817,,0,0.005188,35,0.000007,0,2,2,0,2,2
25023465,,0,0.00517,35,0.000007,0,1,1,0,1,1
25016594,,0,0.00517,35,0.000007,0,1,1,0,1,1
25013431,,0,0.00834,35,0.000007,0,2,2,0,2,2
25003667,,0,0.00517,35,0.000007,0,1,1,0,1,1
25002459,,0,0.012606,69,0.000007,0,2,2,0,2,2
25001613,,0,0.005715,35,0.000007,0,2,2,0,2,2
25000928,,0,0.005197,35,0.000007,0,2,2,0,2,2
24982846,,0,0.00517,35,0.000007,0,1,1,0,1,1
24970813,,0,0.00517,35,0.000007,0,1,1,0,1,1
24970479,,0,0.00517,35,0.000007,0,1,1,0,1,1
24959668,,0,0.00517,35,0.000007,0,1,1,0,1,1
24920978,,0,0.00834,35,0.000007,0,2,2,0,2,2
24911119,,0,0.005622,100,0.000007,0,3,3,0,3,3
24910641,,0,0.005215,89,0.000007,0,3,3,0,3,3
24908424,,0,0.00517,35,0.000007,0,1,1,0,1,1
24906694,,0,0.00517,35,0.000007,0,1,1,0,1,1
24886783,,0,0.005235,35,0.000007,0,2,2,0,2,2
24886083,,0,0.00517,35,0.000007,0,1,1,0,1,1
24885236,,0,0.00517,35,0.000007,0,1,1,0,1,1
24880487,,0,0.005334,35,0.000007,0,2,2,0,2,2
24874288,,0,0.00517,35,0.000007,0,1,1,0,1,1
24867881,,0,0.00517,35,0.000007,0,1,1,0,1,1
24866763,,0,0.008521,72,0.000007,0,4,4,0,4,4
24858038,,0,0.00517,35,0.000007,0,1,1,0,1,1
24857547,,0,0.00517,35,0.000007,0,1,1,0,1,1
24844339,,0,0.00517,35,0.000007,0,1,1,0,1,1
24844244,,0,0.005981,35,0.000007,0,3,3,0,3,3
24842468,,0,0.005383,1,0.000007,0,7,7,0,7,7
24840202,,0,0.005195,35,0.000007,0,2,2,0,2,2
24833717,,0,0.00517,35,0.000007,0,1,1,0,1,1
24832044,,0,0.00517,35,0.000007,0,1,1,0,1,1
24820414,,0,0.00517,35,0.000007,0,1,1,0,1,1
24813214,,0,0.00517,35,0.000007,0,1,1,0,1,1
24811362,,0,0.006792,35,0.000007,0,6,6,0,6,6
24809843,,0,0.00517,35,0.000007,0,1,1,0,1,1
24778611,,0,0.00517,35,0.000007,0,1,1,0,1,1
24771945,,0,0.00517,35,0.000007,0,1,1,0,1,1
24760482,,0,0.00517,35,0.000007,0,1,1,0,1,1
24752235,,0,0.008391,35,0.000007,0,3,3,0,3,3
24751870,,0,0.00517,35,0.000007,0,1,1,0,1,1
24737028,,0,0.00517,35,0.000007,0,1,1,0,1,1
24725534,,0,0.00517,35,0.000007,0,1,1,0,1,1
24722858,,0,0.00517,35,0.000007,0,1,1,0,1,1
24706696,,0,0.005862,2,0.000007,0,4,4,0,4,4
24698274,,0,0.00517,35,0.000007,0,1,1,0,1,1
24696699,,0,0.00517,35,0.000007,0,1,1,0,1,1
24696609,,0,0.00517,35,0.000007,0,1,1,0,1,1
24688449,,0,0.00517,35,0.000007,0,1,1,0,1,1
24683388,,0,0.00517,35,0.000007,0,1,1,0,1,1
24662830,,0,0.00517,35,0.000007,0,1,1,0,1,1
24657666,,0,0.00517,35,0.000007,0,1,1,0,1,1
24649291,,0,0.00517,35,0.000007,0,1,1,0,1,1
24649257,,0,0.00517,35,0.000007,0,1,1,0,1,1
24649067,,0,0.008894,35,0.000007,0,5,5,0,5,5
24645668,,0,0.00834,35,0.000007,0,2,2,0,2,2
24642983,,0,0.00517,35,0.000007,0,1,1,0,1,1
24630985,,0,0.008814,35,0.000007,0,3,3,0,3,3
24620748,,0,0.00517,35,0.000007,0,1,1,0,1,1
24619074,,0,0.005188,35,0.000007,0,3,3,0,3,3
24618465,,0,0.00834,35,0.000007,0,2,2,0,2,2
24599057,,0,0.00517,35,0.000007,0,1,1,0,1,1
24590291,,0,0.00517,35,0.000007,0,1,1,0,1,1
24589910,,0,0.00521,72,0.000007,0,2,2,0,2,2
24586640,,0,0.005807,69,0.000007,0,4,4,0,4,4
24565120,,0,0.00517,35,0.000007,0,1,1,0,1,1
24565001,,0,0.00517,35,0.000007,0,1,1,0,1,1
24564637,,0,0.005214,35,0.000007,0,2,2,0,2,2
24564578,,0,0.005379,48,0.000007,0,4,4,0,4,4
24563670,,0,0.00517,35,0.000007,0,1,1,0,1,1
24561168,,0,0.012606,69,0.000007,0,2,2,0,2,2
24558516,,0,0.008366,87,0.000007,0,3,3,0,3,3
24553779,,0,0.00517,35,0.000007,0,1,1,0,1,1
24552534,,0,0.00517,35,0.000007,0,1,1,0,1,1
24551854,,0,0.00517,35,0.000007,0,1,1,0,1,1
24550749,,0,0.00834,35,0.000007,0,2,2,0,2,2
24550747,,0,0.005542,69,0.000007,0,2,2,0,2,2
24550697,,0,0.005394,24,0.000007,0,3,3,0,3,3
24548661,,0,0.00517,35,0.000007,0,1,1,0,1,1
24521998,,0,0.00517,35,0.000007,0,1,1,0,1,1
24521995,,0,0.00834,35,0.000007,0,2,2,0,2,2
24521265,,0,0.012606,69,0.000007,0,2,2,0,2,2
24516696,,0,0.00517,35,0.000007,0,1,1,0,1,1
24516633,,0,0.00517,35,0.000007,0,1,1,0,1,1
24516507,,0,0.00517,35,0.000007,0,1,1,0,1,1
24505270,,0,0.00517,35,0.000007,0,1,1,0,1,1
24505259,,0,0.012606,69,0.000007,0,2,2,0,2,2
24499868,,0,0.008806,35,0.000007,0,3,3,0,3,3
24489753,,0,0.00517,35,0.000007,0,1,1,0,1,1
24489733,,0,0.00517,35,0.000007,0,1,1,0,1,1
24488216,,0,0.00517,35,0.000007,0,1,1,0,1,1
24477410,,0,0.00517,35,0.000007,0,1,1,0,1,1
24469641,,0,0.00517,35,0.000007,0,1,1,0,1,1
24465228,,0,0.012606,69,0.000007,0,2,2,0,2,2
24448822,,0,0.005383,35,0.000007,0,3,3,0,3,3
24445566,,0,0.00517,35,0.000007,0,1,1,0,1,1
24434273,,0,0.00517,35,0.000007,0,1,1,0,1,1
24416469,,0,0.005991,1,0.000007,0,3,3,0,3,3
24415966,,0,0.00517,35,0.000007,0,1,1,0,1,1
24407301,,0,0.00517,35,0.000007,0,1,1,0,1,1
24403841,,0,0.008396,66,0.000007,0,4,4,0,4,4
24403257,,0,0.005302,24,0.000007,0,3,3,0,3,3
24400121,,0,0.00521,72,0.000007,0,2,2,0,2,2
24400093,,0,0.00517,35,0.000007,0,1,1,0,1,1
24395534,,0,0.00517,35,0.000007,0,1,1,0,1,1
24391662,,0,0.00517,35,0.000007,0,1,1,0,1,1
24389189,,0,0.00521,35,0.000007,0,2,2,0,2,2
24388747,,0,0.00517,35,0.000007,0,1,1,0,1,1
24383403,,0,0.00517,35,0.000007,0,1,1,0,1,1
24369726,,0,0.00517,35,0.000007,0,1,1,0,1,1
24363654,,0,0.00517,35,0.000007,0,1,1,0,1,1
24359638,,0,0.012606,69,0.000007,0,2,2,0,2,2
24349199,,0,0.005192,35,0.000007,0,2,2,0,2,2
24349187,,0,0.00517,35,0.000007,0,1,1,0,1,1
24348880,,0,0.005174,48,0.000007,0,2,2,0,2,2
24340011,,0,0.00517,35,0.000007,0,1,1,0,1,1
24339954,,0,0.00517,35,0.000007,0,1,1,0,1,1
24324728,,0,0.00517,35,0.000007,0,1,1,0,1,1
24322557,,0,0.00517,35,0.000007,0,1,1,0,1,1
24319650,,0,0.008627,69,0.000007,0,3,3,0,3,3
24317253,,0,0.005334,35,0.000007,0,2,2,0,2,2
24312637,,0,0.00834,35,0.000007,0,2,2,0,2,2
24312559,,0,0.00517,35,0.000007,0,1,1,0,1,1
24304542,,0,0.00517,35,0.000007,0,1,1,0,1,1
24300977,,0,0.00517,35,0.000007,0,1,1,0,1,1
24298069,,0,0.00517,35,0.000007,0,1,1,0,1,1
24284521,,0,0.005175,279,0.000007,0,2,2,0,2,2
24284394,,0,0.005442,72,0.000007,0,6,6,0,6,6
24278759,,0,0.005173,5,0.000007,0,2,2,0,2,2
24274115,,0,0.00517,35,0.000007,0,1,1,0,1,1
24266904,,0,0.005261,231,0.000007,0,2,2,0,2,2
24260093,,0.000319,0.006517,35,0.000055,17,4,21,17,4,21
24250234,,0,0.008846,72,0.000007,0,4,4,0,4,4
24245968,,0,0.00517,35,0.000007,0,1,1,0,1,1
24238219,,0,0.00517,35,0.000007,0,1,1,0,1,1
24224123,,0,0.005492,69,0.000007,0,2,2,0,2,2
24216982,,0,0.00517,35,0.000007,0,1,1,0,1,1
24214411,,0,0.00517,35,0.000007,0,1,1,0,1,1
24213134,,0,0.005183,176,0.000007,0,2,2,0,2,2
24212797,,0,0.00517,35,0.000007,0,1,1,0,1,1
24212777,,0,0.00517,35,0.000007,0,1,1,0,1,1
24205370,,0,0.00517,35,0.000007,0,1,1,0,1,1
24198337,,0,0.00517,35,0.000007,0,1,1,0,1,1
24195083,,0,0.00517,35,0.000007,0,1,1,0,1,1
24179381,,0,0.00517,35,0.000007,0,1,1,0,1,1
24172169,,0,0.005557,35,0.000007,0,3,3,0,3,3
24167453,,0,0.00517,35,0.000007,0,1,1,0,1,1
24161315,,0,0.00517,35,0.000007,0,1,1,0,1,1
24157871,,0,0.00517,35,0.000007,0,1,1,0,1,1
24157828,,0,0.00517,35,0.000007,0,1,1,0,1,1
24150748,,0,0.00517,35,0.000007,0,1,1,0,1,1
24147022,,0,0.005526,1,0.000007,0,5,5,0,5,5
24135279,,0,0.00517,35,0.000007,0,1,1,0,1,1
24128763,,0,0.00517,35,0.000007,0,1,1,0,1,1
24116160,,0,0.00517,35,0.000007,0,1,1,0,1,1
24104205,,0,0.00517,35,0.000007,0,1,1,0,1,1
24096388,,0,0.00517,35,0.000007,0,1,1,0,1,1
24090193,,0,0.005173,279,0.000007,0,2,2,0,2,2
24085566,,0,0.00517,35,0.000007,0,1,1,0,1,1
24082407,,0,0.005176,35,0.000007,0,2,2,0,2,2
24072219,,0,0.011825,1,0.000007,0,7,7,0,7,7
24067649,,0,0.00517,35,0.000007,0,1,1,0,1,1
24066071,,0,0.005197,87,0.000007,0,2,2,0,2,2
24048441,,0,0.00517,35,0.000007,0,1,1,0,1,1
24039299,,0,0.005644,35,0.000007,0,2,2,0,2,2
24037215,,0,0.00517,35,0.000007,0,1,1,0,1,1
24024194,,0,0.00517,35,0.000007,0,1,1,0,1,1
24015230,,0,0.005681,35,0.000007,0,3,3,0,3,3
24008658,,0,0.00834,35,0.000007,0,2,2,0,2,2
24006872,,0,0.00517,35,0.000007,0,1,1,0,1,1
23999432,,0,0.00928,35,0.000007,0,4,4,0,4,4
23993780,,0,0.008466,279,0.000007,0,7,7,0,7,7
23993096,,0,0.00517,35,0.000007,0,1,1,0,1,1
23991292,,0,0.00517,35,0.000007,0,1,1,0,1,1
23982413,,0,0.005503,241,0.000007,0,4,4,0,4,4
23982162,,0,0.005585,35,0.000007,0,2,2,0,2,2
23945349,,0,0.00517,35,0.000007,0,1,1,0,1,1
23945276,,0,0.005276,35,0.000007,0,2,2,0,2,2
23940116,,0,0.00517,35,0.000007,0,1,1,0,1,1
23938111,,0,0.00517,35,0.000007,0,1,1,0,1,1
23928995,,0,0.00527,35,0.000007,0,2,2,0,2,2
23921126,,0,0.00517,35,0.000007,0,1,1,0,1,1
23918806,,0,0.008351,35,0.000007,0,3,3,0,3,3
23912957,,0,0.00517,35,0.000007,0,1,1,0,1,1
23910573,,0,0.00517,35,0.000007,0,1,1,0,1,1
23904829,,0,0.005313,1,0.000007,0,3,3,0,3,3
23899561,,0,0.00517,35,0.000007,0,1,1,0,1,1
23899014,,0,0.00517,35,0.000007,0,1,1,0,1,1
23879171,,0,0.00517,35,0.000007,0,1,1,0,1,1
23875900,,0,0.005554,35,0.000007,0,2,2,0,2,2
23875016,,0,0.008343,100,0.000007,0,3,3,0,3,3
23873855,,0,0.00517,35,0.000007,0,1,1,0,1,1
23836026,,0,0.008346,35,0.000007,0,3,3,0,3,3
23826382,,0,0.00517,35,0.000007,0,1,1,0,1,1
23826291,,0,0.00517,35,0.000007,0,1,1,0,1,1
23825181,,0,0.005554,35,0.000007,0,2,2,0,2,2
23823499,,0,0.00517,35,0.000007,0,1,1,0,1,1
23820108,,0,0.00517,35,0.000007,0,1,1,0,1,1
23820017,,0,0.00834,35,0.000007,0,2,2,0,2,2
23819917,,0,0.00517,35,0.000007,0,1,1,0,1,1
23819905,,0,0.00517,35,0.000007,0,1,1,0,1,1
23819260,,0,0.00517,35,0.000007,0,1,1,0,1,1
23815880,,0,0.00517,35,0.000007,0,1,1,0,1,1
23814698,,0,0.00517,35,0.000007,0,1,1,0,1,1
23809696,,0,0.00517,35,0.000007,0,1,1,0,1,1
23804424,,0,0.012606,69,0.000007,0,2,2,0,2,2
23793063,,0,0.00517,35,0.000007,0,1,1,0,1,1
23776453,,0,0.00517,35,0.000007,0,1,1,0,1,1
23769412,,0,0.006173,35,0.000007,0,2,2,0,2,2
23764369,,0,0.00517,35,0.000007,0,1,1,0,1,1
23763955,,0,0.005192,35,0.000007,0,2,2,0,2,2
23762632,,0,0.00517,35,0.000007,0,1,1,0,1,1
23761422,,0,0.00517,35,0.000007,0,1,1,0,1,1
23760067,,0,0.015822,176,0.000007,0,4,4,0,4,4
23733421,,0,0.00517,35,0.000007,0,1,1,0,1,1
23732708,,0,0.00517,35,0.000007,0,1,1,0,1,1
23731649,,0,0.00517,35,0.000007,0,1,1,0,1,1
23722312,,0,0.00517,35,0.000007,0,1,1,0,1,1
23704819,,0,0.00517,35,0.000007,0,1,1,0,1,1
23691035,,0,0.00517,35,0.000007,0,1,1,0,1,1
23690882,,0,0.005238,35,0.000007,0,2,2,0,2,2
23682826,,0,0.00517,35,0.000007,0,1,1,0,1,1
23671412,,0,0.005238,35,0.000007,0,2,2,0,2,2
23667412,,0,0.00517,35,0.000007,0,1,1,0,1,1
23662163,,0,0.00517,35,0.000007,0,1,1,0,1,1
23650283,,0,0.00517,35,0.000007,0,1,1,0,1,1
23648477,,0,0.00517,35,0.000007,0,1,1,0,1,1
23634293,,0,0.00517,35,0.000007,0,1,1,0,1,1
23633451,,0,0.00517,35,0.000007,0,1,1,0,1,1
23627667,,0,0.00517,35,0.000007,0,1,1,0,1,1
23627634,,0,0.00517,35,0.000007,0,1,1,0,1,1
23625862,,0,0.00517,35,0.000007,0,1,1,0,1,1
23625662,,0,0.00517,35,0.000007,0,1,1,0,1,1
23615925,,0,0.008579,100,0.000007,0,5,5,0,5,5
23601677,,0,0.00517,35,0.000007,0,1,1,0,1,1
23599813,,0,0.00517,35,0.000007,0,1,1,0,1,1
23596205,,0,0.00517,35,0.000007,0,1,1,0,1,1
23589548,,0,0.00517,35,0.000007,0,1,1,0,1,1
23585272,,0,0.005184,35,0.000007,0,2,2,0,2,2
23577100,,0,0.00517,35,0.000007,0,1,1,0,1,1
23576735,,0,0.00517,35,0.000007,0,1,1,0,1,1
23573084,,0,0.012606,69,0.000007,0,2,2,0,2,2
23555992,,0,0.005274,87,0.000007,0,5,5,0,5,5
23555842,,0,0.005959,72,0.000007,0,3,3,0,3,3
23547718,,0,0.00834,35,0.000007,0,2,2,0,2,2
23537167,,0,0.012606,69,0.000007,0,2,2,0,2,2
23533813,,0,0.00517,35,0.000007,0,1,1,0,1,1
23533593,,0,0.00517,35,0.000007,0,1,1,0,1,1
23533400,,0,0.00517,35,0.000007,0,1,1,0,1,1
23533218,,0,0.00517,35,0.000007,0,1,1,0,1,1
23526930,,0,0.00517,35,0.000007,0,1,1,0,1,1
23508950,,0,0.00517,35,0.000007,0,1,1,0,1,1
23508469,,0,0.00517,35,0.000007,0,1,1,0,1,1
23506684,,0,0.005886,35,0.000007,0,4,4,0,4,4
23505515,,0,0.00517,35,0.000007,0,1,1,0,1,1
23478330,,0,0.00517,35,0.000007,0,1,1,0,1,1
23477556,,0,0.005581,72,0.000007,0,3,3,0,3,3
23474708,,0,0.00517,35,0.000007,0,1,1,0,1,1
23468608,,0,0.012619,176,0.000007,0,3,3,0,3,3
23453623,,0,0.00517,35,0.000007,0,1,1,0,1,1
23443536,,0,0.00517,35,0.000007,0,1,1,0,1,1
23441230,,0,0.00517,35,0.000007,0,1,1,0,1,1
23441215,,0,0.00517,35,0.000007,0,1,1,0,1,1
23435839,,0,0.00517,35,0.000007,0,1,1,0,1,1
23425000,,0,0.00517,35,0.000007,0,1,1,0,1,1
23418957,,0,0.005236,87,0.000007,0,3,3,0,3,3
23414360,,0,0.00517,35,0.000007,0,1,1,0,1,1
23409080,,0,0.00517,35,0.000007,0,1,1,0,1,1
23408965,,0,0.00517,35,0.000007,0,1,1,0,1,1
23408142,,0,0.00517,35,0.000007,0,1,1,0,1,1
23405961,,0,0.00834,35,0.000007,0,2,2,0,2,2
23401724,,0,0.00517,35,0.000007,0,1,1,0,1,1
23396646,,0,0.00834,35,0.000007,0,2,2,0,2,2
23395906,,0,0.008963,35,0.000007,0,4,4,0,4,4
23393618,,0,0.00517,35,0.000007,0,1,1,0,1,1
23383020,,0,0.005543,35,0.000007,0,2,2,0,2,2
23374458,,0,0.00517,35,0.000007,0,1,1,0,1,1
23369492,,0,0.00834,35,0.000007,0,2,2,0,2,2
23365551,,0,0.006173,35,0.000007,0,2,2,0,2,2
23363777,,0,0.013265,69,0.000007,0,4,4,0,4,4
23345610,,0,0.00517,35,0.000007,0,1,1,0,1,1
23341773,,0,0.00517,35,0.000007,0,1,1,0,1,1
23337633,,0,0.00517,35,0.000007,0,1,1,0,1,1
23324395,,0,0.00517,35,0.000007,0,1,1,0,1,1
23324394,,0,0.00517,35,0.000007,0,1,1,0,1,1
23323760,,0,0.00517,35,0.000007,0,1,1,0,1,1
23320734,,0,0.00517,35,0.000007,0,1,1,0,1,1
23304428,,0,0.00517,35,0.000007,0,1,1,0,1,1
23304070,,0,0.00517,35,0.000007,0,1,1,0,1,1
23303981,,0,0.005172,35,0.000013,1,2,3,1,2,3
23301083,,0,0.00517,35,0.000007,0,1,1,0,1,1
23294727,,0,0.00517,35,0.000007,0,1,1,0,1,1
23287973,,0,0.00517,35,0.000007,0,1,1,0,1,1
23285117,,0,0.00517,35,0.000007,0,1,1,0,1,1
23282137,,0,0.005186,48,0.000007,0,2,2,0,2,2
23281615,,0,0.00517,35,0.000007,0,1,1,0,1,1
23271328,,0,0.00517,35,0.000007,0,1,1,0,1,1
23255907,,0,0.00517,35,0.000007,0,1,1,0,1,1
23251101,,0,0.00517,35,0.000007,0,1,1,0,1,1
23241956,,0,0.00517,35,0.000007,0,1,1,0,1,1
23241496,,0,0.00517,35,0.000007,0,1,1,0,1,1
23237213,,0,0.00517,35,0.000007,0,1,1,0,1,1
23236413,,0,0.00517,35,0.000007,0,1,1,0,1,1
23227362,,0,0.00834,35,0.000007,0,2,2,0,2,2
23227143,,0,0.00517,35,0.000007,0,1,1,0,1,1
23222458,,0,0.00517,35,0.000007,0,1,1,0,1,1
23219426,,0,0.00834,35,0.000007,0,2,2,0,2,2
23215806,,0,0.00517,35,0.000007,0,1,1,0,1,1
23205091,,0,0.00517,35,0.000007,0,1,1,0,1,1
23204923,,0,0.00517,35,0.000007,0,1,1,0,1,1
23190936,,0,0.00517,35,0.000007,0,1,1,0,1,1
23190270,,0,0.00834,35,0.000007,0,2,2,0,2,2
23186559,,0,0.005296,35,0.000007,0,2,2,0,2,2
23186136,,0,0.00517,35,0.000007,0,1,1,0,1,1
23185333,,0,0.00517,35,0.000007,0,1,1,0,1,1
23173031,,0,0.00517,35,0.000007,0,1,1,0,1,1
23170262,,0,0.00517,35,0.000007,0,1,1,0,1,1
23166858,,0,0.00517,35,0.000007,0,1,1,0,1,1
23158478,,0,0.00517,35,0.000007,0,1,1,0,1,1
23150730,,0.000078,0.006384,5,0.000036,11,7,18,11,7,18
23145106,,0,0.005211,87,0.000007,0,3,3,0,3,3
23142658,,0,0.00517,35,0.000007,0,1,1,0,1,1
23136044,,0,0.00517,35,0.000007,0,1,1,0,1,1
23134806,,0,0.00517,35,0.000007,0,1,1,0,1,1
23134046,,0,0.00517,35,0.000007,0,1,1,0,1,1
23133553,,0,0.00517,35,0.000007,0,1,1,0,1,1
23115356,,0,0.005174,35,0.000007,0,2,2,0,2,2
23113900,,0,0.008825,168,0.000007,0,4,4,0,4,4
23112827,,0,0.005238,35,0.000007,0,2,2,0,2,2
23105945,,0,0.00517,35,0.000007,0,1,1,0,1,1
23102376,,0,0.00517,35,0.000007,0,1,1,0,1,1
23101621,,0,0.00517,35,0.000007,0,1,1,0,1,1
23100283,,0,0.00517,35,0.000007,0,1,1,0,1,1
23095178,,0,0.00517,35,0.000007,0,1,1,0,1,1
23088656,,0,0.00517,35,0.000007,0,1,1,0,1,1
23088337,,0,0.00517,35,0.000007,0,1,1,0,1,1
23077491,,0,0.00517,35,0.000007,0,1,1,0,1,1
23075381,,0,0.00517,35,0.000007,0,1,1,0,1,1
23056468,,0,0.00517,35,0.000007,0,1,1,0,1,1
23056464,,0,0.00517,35,0.000007,0,1,1,0,1,1
23055628,,0,0.00517,35,0.000007,0,1,1,0,1,1
23049908,,0,0.005637,35,0.000007,0,2,2,0,2,2
23049873,,0,0.00939,35,0.000007,0,5,5,0,5,5
23047680,,0,0.00517,35,0.000007,0,1,1,0,1,1
23039280,,0,0.00517,35,0.000007,0,1,1,0,1,1
23037800,,0,0.00517,35,0.000007,0,1,1,0,1,1
23029298,,0,0.00517,35,0.000007,0,1,1,0,1,1
23028600,,0,0.00517,35,0.000007,0,1,1,0,1,1
23025714,,0,0.00517,35,0.000007,0,1,1,0,1,1
23022997,,0,0.00834,35,0.000007,0,2,2,0,2,2
23002390,,0,0.00517,35,0.000007,0,1,1,0,1,1
23000897,,0,0.026724,1,0.000007,0,9,9,0,9,9
22983731,,0,0.005554,35,0.000007,0,2,2,0,2,2
22976798,,0,0.00517,35,0.000007,0,1,1,0,1,1
22976197,,0,0.00517,35,0.000007,0,1,1,0,1,1
22966291,,0,0.00517,35,0.000007,0,1,1,0,1,1
22965151,,0,0.00517,35,0.000007,0,1,1,0,1,1
22961065,,0,0.00517,35,0.000007,0,1,1,0,1,1
22959562,,0,0.012606,69,0.000007,0,2,2,0,2,2
22958637,,0,0.007652,35,0.000007,0,4,4,0,4,4
22956860,,0,0.013073,35,0.000007,0,3,3,0,3,3
22954256,,0,0.00517,35,0.000007,0,1,1,0,1,1
22945786,,0,0.00517,35,0.000007,0,1,1,0,1,1
22937144,,0,0.00517,35,0.000007,0,1,1,0,1,1
22934703,,0,0.00834,35,0.000007,0,2,2,0,2,2
22930613,,0,0.00517,35,0.000007,0,1,1,0,1,1
22894140,,0,0.00517,35,0.000007,0,1,1,0,1,1
22891886,,0,0.00834,35,0.000007,0,2,2,0,2,2
22886304,,0,0.005757,279,0.000007,0,3,3,0,3,3
22875853,,0,0.00517,35,0.000007,0,1,1,0,1,1
22863741,,0,0.01579,35,0.000007,0,5,5,0,5,5
22849515,,0,0.00517,35,0.000007,0,1,1,0,1,1
22839103,,0,0.005414,35,0.000007,0,3,3,0,3,3
22832933,,0,0.00517,35,0.000007,0,1,1,0,1,1
22824262,,0,0.00517,35,0.000007,0,1,1,0,1,1
22822400,,0,0.00517,35,0.000007,0,1,1,0,1,1
22817640,,0,0.00517,35,0.000007,0,1,1,0,1,1
22811918,,0,0.005557,279,0.000007,0,3,3,0,3,3
22809143,,0,0.005203,279,0.000007,0,2,2,0,2,2
22808140,,0,0.00517,35,0.000007,0,1,1,0,1,1
22808097,,0,0.00517,35,0.000007,0,1,1,0,1,1
22806142,,0,0.00517,35,0.000007,0,1,1,0,1,1
22798500,,0,0.00517,35,0.000007,0,1,1,0,1,1
22789589,,0,0.00517,35,0.000007,0,1,1,0,1,1
22784619,,0,0.00517,35,0.000007,0,1,1,0,1,1
22784616,,0.000107,0.00517,35,0.000085,16,1,17,16,1,17
22784575,,0,0.005554,35,0.000007,0,2,2,0,2,2
22777354,,0,0.00517,35,0.000007,0,1,1,0,1,1
22776333,,0,0.00517,35,0.000007,0,1,1,0,1,1
22773869,,0,0.00517,35,0.000007,0,1,1,0,1,1
22771615,,0,0.005195,35,0.000007,0,2,2,0,2,2
22767671,,0,0.00517,35,0.000007,0,1,1,0,1,1
22764768,,0,0.00517,35,0.000007,0,1,1,0,1,1
22761893,,0,0.00517,35,0.000007,0,1,1,0,1,1
22754537,,0,0.00834,35,0.000007,0,2,2,0,2,2
22723919,,0,0.00834,35,0.000007,0,2,2,0,2,2
22723873,,0,0.00517,35,0.000007,0,1,1,0,1,1
22719844,,0,0.00517,35,0.000007,0,1,1,0,1,1
22713235,,0,0.00517,35,0.000007,0,1,1,0,1,1
22711706,,0,0.00834,35,0.000007,0,2,2,0,2,2
22708697,,0,0.00517,35,0.000007,0,1,1,0,1,1
22697792,,0,0.005172,279,0.000007,0,2,2,0,2,2
22697242,,0,0.008806,35,0.000007,0,3,3,0,3,3
22684584,,0,0.00517,35,0.000007,0,1,1,0,1,1
22655184,,0,0.00517,35,0.000007,0,1,1,0,1,1
22654871,,0,0.005373,279,0.000007,0,2,2,0,2,2
22649753,,0,0.008724,35,0.000007,0,4,4,0,4,4
22649426,,0,0.005503,1,0.000007,0,2,2,0,2,2
22615549,,0,0.006331,35,0.000007,0,2,2,0,2,2
22595006,,0,0.00517,35,0.000007,0,1,1,0,1,1
22578285,,0,0.00517,35,0.000007,0,1,1,0,1,1
22573325,,0,0.00517,35,0.000007,0,1,1,0,1,1
22568982,,0,0.00517,35,0.000007,0,1,1,0,1,1
22558100,,0,0.00517,35,0.000007,0,1,1,0,1,1
22553468,,0,0.00517,35,0.000007,0,1,1,0,1,1
22537153,,0,0.00517,35,0.000007,0,1,1,0,1,1
22536863,,0,0.005332,48,0.000007,0,2,2,0,2,2
22528809,,0,0.00517,35,0.000007,0,1,1,0,1,1
22524302,,0,0.005238,35,0.000007,0,2,2,0,2,2
22474069,,0,0.005418,35,0.000007,0,3,3,0,3,3
22442625,,0,0.00517,35,0.000007,0,1,1,0,1,1
22432075,,0,0.00517,35,0.000007,0,1,1,0,1,1
22430491,,0,0.01585,1,0.000007,0,5,5,0,5,5
22427815,,0,0.00517,35,0.000007,0,1,1,0,1,1
22406404,,0,0.00517,35,0.000007,0,1,1,0,1,1
22403610,,0,0.00517,35,0.000007,0,1,1,0,1,1
22396490,,0.001149,0.009904,2,0.000046,12,10,22,12,10,22
22396461,,0,0.00517,35,0.000007,0,1,1,0,1,1
22384245,,0,0.00834,35,0.000007,0,2,2,0,2,2
22382702,,0,0.00517,35,0.000007,0,1,1,0,1,1
22373303,,0,0.00517,35,0.000007,0,1,1,0,1,1
22371223,,0,0.00517,35,0.000007,0,1,1,0,1,1
22369459,,0,0.00517,35,0.000007,0,1,1,0,1,1
22369383,,0,0.00517,35,0.000007,0,1,1,0,1,1
22369133,,0,0.005185,35,0.000007,0,2,2,0,2,2
22368395,,0,0.00837,231,0.000007,0,3,3,0,3,3
22357622,,0,0.00575,35,0.000007,0,3,3,0,3,3
22355776,,0,0.008844,35,0.000007,0,4,4,0,4,4
22355741,,0,0.008806,35,0.000007,0,3,3,0,3,3
22353174,,0,0.00517,35,0.000007,0,1,1,0,1,1
22344268,,0,0.00517,35,0.000007,0,1,1,0,1,1
22323912,,0,0.00517,35,0.000007,0,1,1,0,1,1
22316048,,0,0.00517,35,0.000007,0,1,1,0,1,1
22312021,,0,0.00517,35,0.000007,0,1,1,0,1,1
22308418,,0,0.00517,35,0.000007,0,1,1,0,1,1
22305568,,0,0.006232,35,0.000007,0,4,4,0,4,4
22303399,,0,0.00517,35,0.000007,0,1,1,0,1,1
22298897,,0,0.00517,35,0.000007,0,1,1,0,1,1
22296787,,0,0.005179,35,0.000007,0,2,2,0,2,2
22295248,,0,0.00517,35,0.000007,0,1,1,0,1,1
22295211,,0,0.00517,35,0.000007,0,1,1,0,1,1
22295210,,0,0.00517,35,0.000007,0,1,1,0,1,1
22295060,,0,0.008407,35,0.000007,0,3,3,0,3,3
22291950,,0,0.00517,35,0.000007,0,1,1,0,1,1
22287600,,0,0.00517,35,0.000007,0,1,1,0,1,1
22276166,,0,0.00517,35,0.000007,0,1,1,0,1,1
22276060,,0,0.005194,72,0.000007,0,2,2,0,2,2
22275963,,0,0.00517,35,0.000007,0,1,1,0,1,1
22268293,,0,0.008775,35,0.000007,0,4,4,0,4,4
22263027,,0,0.005176,279,0.000007,0,3,3,0,3,3
22262952,,0,0.00517,35,0.000007,0,1,1,0,1,1
22262870,,0,0.009961,1,0.000007,0,6,6,0,6,6
22257533,,0,0.005597,35,0.000007,0,2,2,0,2,2
22247704,,0,0.00517,35,0.000007,0,1,1,0,1,1
22235336,,0,0.00834,35,0.000007,0,2,2,0,2,2
22235100,,0,0.00517,35,0.000007,0,1,1,0,1,1
22229964,,0,0.00517,35,0.000007,0,1,1,0,1,1
22228636,,0,0.00517,35,0.000007,0,1,1,0,1,1
22227894,,0,0.00517,35,0.000007,0,1,1,0,1,1
22220191,,0,0.005435,35,0.000007,0,3,3,0,3,3
22216753,,0,0.009418,100,0.000007,0,4,4,0,4,4
22216175,,0,0.00517,35,0.000007,0,1,1,0,1,1
22212555,,0,0.005554,35,0.000007,0,2,2,0,2,2
22212230,,0,0.00517,35,0.000007,0,1,1,0,1,1
22207111,,0,0.00517,35,0.000007,0,1,1,0,1,1
22205655,,0,0.00517,35,0.000007,0,1,1,0,1,1
22203766,,0,0.00517,35,0.000007,0,1,1,0,1,1
22198468,,0,0.00834,35,0.000007,0,2,2,0,2,2
22190978,,0,0.008705,89,0.000007,0,5,5,0,5,5
22188670,,0,0.00517,35,0.000007,0,1,1,0,1,1
22184288,,0,0.00517,35,0.000007,0,1,1,0,1,1
22171576,,0,0.00517,35,0.000007,0,1,1,0,1,1
22166544,,0,0.00517,35,0.000007,0,1,1,0,1,1
22166133,,0,0.00517,35,0.000007,0,1,1,0,1,1
22156839,,0,0.00517,35,0.000007,0,1,1,0,1,1
22147940,,0,0.00517,35,0.000007,0,1,1,0,1,1
22143140,,0,0.00834,35,0.000007,0,2,2,0,2,2
22140552,,0,0.008658,35,0.000007,0,3,3,0,3,3
22139072,,0,0.00517,35,0.000007,0,1,1,0,1,1
22138580,,0,0.00517,35,0.000007,0,1,1,0,1,1
22135623,,0,0.011427,35,0.000007,0,5,5,0,5,5
22135466,,0,0.005739,35,0.000007,0,2,2,0,2,2
22128823,,0,0.017166,35,0.000007,0,3,3,0,3,3
22125492,,0,0.008747,35,0.000007,0,4,4,0,4,4
22125385,,0,0.00517,35,0.000007,0,1,1,0,1,1
22118187,,0,0.00517,35,0.000007,0,1,1,0,1,1
22105693,,0,0.00517,35,0.000007,0,1,1,0,1,1
22096597,,0,0.00517,35,0.000007,0,1,1,0,1,1
22080467,,0,0.00517,35,0.000007,0,1,1,0,1,1
22072619,,0,0.00834,35,0.000007,0,2,2,0,2,2
22067903,,0,0.00517,35,0.000007,0,1,1,0,1,1
22064864,,0,0.00517,35,0.000007,0,1,1,0,1,1
22064044,,0,0.00517,35,0.000007,0,1,1,0,1,1
22053985,,0,0.005284,5,0.000007,0,2,2,0,2,2
22051105,,0,0.00517,35,0.000007,0,1,1,0,1,1
22047960,,0,0.00517,35,0.000007,0,1,1,0,1,1
22046260,,0,0.00517,35,0.000007,0,1,1,0,1,1
22046239,,0,0.00517,35,0.000007,0,1,1,0,1,1
22037779,,0.000238,0.005497,90,0.000065,13,3,16,13,3,16
22033440,,0,0.00517,35,0.000007,0,1,1,0,1,1
22020329,,0,0.009062,35,0.000007,0,5,5,0,5,5
22006997,,0,0.005361,35,0.000007,0,2,2,0,2,2
22000009,,0,0.00517,35,0.000007,0,1,1,0,1,1
21986993,,0,0.00517,35,0.000007,0,1,1,0,1,1
21986291,,0,0.00517,35,0.000007,0,1,1,0,1,1
21982331,,0,0.00517,35,0.000007,0,1,1,0,1,1
21965338,,0,0.00913,35,0.000007,0,4,4,0,4,4
21964579,,0,0.005174,5,0.000007,0,2,2,0,2,2
21949762,,0,0.00517,35,0.000007,0,1,1,0,1,1
21939564,,0,0.00517,35,0.000007,0,1,1,0,1,1
21935500,,0,0.005321,35,0.000007,0,2,2,0,2,2
21935409,,0,0.00517,35,0.000007,0,1,1,0,1,1
21933890,,0,0.009195,35,0.000007,0,4,4,0,4,4
21931769,,0,0.00517,35,0.000007,0,1,1,0,1,1
21931466,,0,0.00517,35,0.000007,0,1,1,0,1,1
21918713,,0,0.00517,35,0.000007,0,1,1,0,1,1
21917605,,0,0.005554,35,0.000007,0,2,2,0,2,2
21914630,,0,0.00517,35,0.000007,0,1,1,0,1,1
21913038,,0,0.00517,35,0.000007,0,1,1,0,1,1
21910250,,0,0.008902,35,0.000007,0,4,4,0,4,4
21895991,,0,0.00517,35,0.000007,0,1,1,0,1,1
21892702,,0,0.00517,35,0.000007,0,1,1,0,1,1
21892208,,0,0.00834,35,0.000007,0,2,2,0,2,2
21875439,,0,0.005266,69,0.000007,0,2,2,0,2,2
21873975,,0,0.00517,35,0.000007,0,1,1,0,1,1
21859557,,0,0.00517,35,0.000007,0,1,1,0,1,1
21858162,,0,0.00834,35,0.000007,0,2,2,0,2,2
21847392,,0,0.00517,35,0.000007,0,1,1,0,1,1
21844363,,0,0.00517,35,0.000007,0,1,1,0,1,1
21832156,,0,0.00517,35,0.000007,0,1,1,0,1,1
21829676,,0,0.00517,35,0.000007,0,1,1,0,1,1
21829388,,0,0.00517,35,0.000007,0,1,1,0,1,1
21806811,,0,0.00517,35,0.000007,0,1,1,0,1,1
21801876,,0,0.011927,35,0.000007,0,17,17,0,17,17
21798043,,0,0.005757,279,0.000007,0,3,3,0,3,3
21789182,,0,0.00517,35,0.000007,0,1,1,0,1,1
21789130,,0,0.005363,24,0.000007,0,3,3,0,3,3
21787441,,0,0.009485,35,0.000007,0,6,6,0,6,6
21784067,,0,0.00517,35,0.000007,0,1,1,0,1,1
21779449,,0,0.00517,35,0.000007,0,1,1,0,1,1
21777462,,0,0.00834,35,0.000007,0,2,2,0,2,2
21777443,,0,0.00517,35,0.000007,0,1,1,0,1,1
21772258,,0,0.00517,35,0.000007,0,1,1,0,1,1
21760900,,0,0.00517,35,0.000007,0,1,1,0,1,1
21749714,,0,0.008552,35,0.000007,0,4,4,0,4,4
21742808,,0,0.00517,35,0.000007,0,1,1,0,1,1
21741599,,0,0.00517,35,0.000007,0,1,1,0,1,1
21738599,,0,0.00517,35,0.000007,0,1,1,0,1,1
21732535,,0,0.009281,35,0.000007,0,6,6,0,6,6
21731642,,0,0.005184,140,0.000007,0,2,2,0,2,2
21718502,,0,0.005257,35,0.000007,0,2,2,0,2,2
21718500,,0,0.005195,35,0.000007,0,2,2,0,2,2
21715326,,0,0.00517,35,0.000007,0,1,1,0,1,1
21708117,,0,0.00517,35,0.000007,0,1,1,0,1,1
21707964,,0,0.00834,35,0.000007,0,2,2,0,2,2
21706047,,0,0.00517,35,0.000007,0,1,1,0,1,1
21695190,,0,0.00517,35,0.000007,0,1,1,0,1,1
21687777,,0,0.00517,35,0.000007,0,1,1,0,1,1
21679412,,0,0.005209,35,0.000007,0,2,2,0,2,2
21673967,,0,0.00517,35,0.000007,0,1,1,0,1,1
21672623,,0,0.00517,35,0.000007,0,1,1,0,1,1
21654880,,0,0.021975,1,0.000007,0,4,4,0,4,4
21652720,,0,0.00517,35,0.000007,0,1,1,0,1,1
21651811,,0,0.00517,35,0.000007,0,1,1,0,1,1
21646471,,0,0.00517,35,0.000007,0,1,1,0,1,1
21646403,,0,0.00517,35,0.000007,0,1,1,0,1,1
21629784,,0,0.00517,35,0.000007,0,1,1,0,1,1
21619705,,0,0.00517,35,0.000007,0,1,1,0,1,1
21609452,,0.000355,0.005257,41,0.000057,13,2,15,13,2,15
21606424,,0,0.00517,35,0.000007,0,1,1,0,1,1
21597921,,0,0.00517,35,0.000007,0,1,1,0,1,1
21569330,,0,0.00517,35,0.000007,0,1,1,0,1,1
21556134,,0,0.00517,35,0.000007,0,1,1,0,1,1
21554689,,0,0.00517,35,0.000007,0,1,1,0,1,1
21551261,,0,0.00517,35,0.000007,0,1,1,0,1,1
21533195,,0,0.00517,35,0.000007,0,1,1,0,1,1
21517790,,0,0.00517,35,0.000007,0,1,1,0,1,1
21504421,,0,0.00517,35,0.000007,0,1,1,0,1,1
21501481,,0,0.008766,35,0.000007,0,3,3,0,3,3
21496299,,0,0.00517,35,0.000007,0,1,1,0,1,1
21484848,,0,0.00517,35,0.000007,0,1,1,0,1,1
21484191,,0,0.00834,35,0.000007,0,2,2,0,2,2
21483478,,0,0.00517,35,0.000007,0,1,1,0,1,1
21479927,,0,0.00517,35,0.000007,0,1,1,0,1,1
21479222,,0,0.00517,35,0.000007,0,1,1,0,1,1
21479130,,0,0.00517,35,0.000007,0,1,1,0,1,1
21477282,,0,0.005238,35,0.000007,0,2,2,0,2,2
21470421,,0,0.00517,35,0.000007,0,1,1,0,1,1
21458382,,0,0.005185,35,0.000007,0,2,2,0,2,2
21457525,,0,0.00834,35,0.000007,0,2,2,0,2,2
21457009,,0,0.00517,35,0.000007,0,1,1,0,1,1
21453526,,0,0.00517,35,0.000007,0,1,1,0,1,1
21453498,,0,0.00517,35,0.000007,0,1,1,0,1,1
21453471,,0,0.00517,35,0.000007,0,1,1,0,1,1
21451512,,0,0.00517,35,0.000007,0,1,1,0,1,1
21447720,,0,0.00517,35,0.000007,0,1,1,0,1,1
21445301,,0,0.005246,35,0.000007,0,2,2,0,2,2
21435948,,0.001164,0.006943,72,0.00013,44,9,53,44,9,53
21435435,,0,0.005554,35,0.000007,0,2,2,0,2,2
21435268,,0,0.00517,35,0.000007,0,1,1,0,1,1
21434856,,0,0.00517,35,0.000007,0,1,1,0,1,1
21430268,,0,0.009005,90,0.000007,0,7,7,0,7,7
21423775,,0,0.00834,35,0.000007,0,2,2,0,2,2
21423753,,0,0.005185,35,0.000007,0,2,2,0,2,2
21415224,,0,0.00517,35,0.000007,0,1,1,0,1,1
21408129,,0,0.00517,35,0.000007,0,1,1,0,1,1
21406553,,0,0.014586,1,0.000007,0,5,5,0,5,5
21406394,,0,0.00517,35,0.000007,0,1,1,0,1,1
21402910,,0,0.005229,35,0.000007,0,2,2,0,2,2
21394915,,0,0.00834,35,0.000007,0,2,2,0,2,2
21390279,,0,0.00517,35,0.000007,0,1,1,0,1,1
21390271,,0,0.00517,35,0.000007,0,1,1,0,1,1
21386884,,0,0.00517,35,0.000007,0,1,1,0,1,1
21364760,,0,0.00517,35,0.000007,0,1,1,0,1,1
21363921,,0,0.00517,35,0.000007,0,1,1,0,1,1
21349780,,0,0.00517,35,0.000007,0,1,1,0,1,1
21347257,,0,0.005209,35,0.000007,0,2,2,0,2,2
21342590,,0,0.00517,35,0.000007,0,1,1,0,1,1
21342498,,0,0.00517,35,0.000007,0,1,1,0,1,1
21339811,,0,0.00517,35,0.000007,0,1,1,0,1,1
21339180,,0,0.00517,35,0.000007,0,1,1,0,1,1
21326892,,0,0.00517,35,0.000007,0,1,1,0,1,1
21317931,,0,0.005554,35,0.000007,0,2,2,0,2,2
21315418,,0,0.00834,35,0.000007,0,2,2,0,2,2
21303970,,0,0.00517,35,0.000007,0,1,1,0,1,1
21300697,,0,0.00517,35,0.000007,0,1,1,0,1,1
21297979,,0,0.00517,35,0.000007,0,1,1,0,1,1
21297881,,0,0.00517,35,0.000007,0,1,1,0,1,1
21285253,,0,0.00517,35,0.000007,0,1,1,0,1,1
21281818,,0,0.00517,35,0.000007,0,1,1,0,1,1
21276249,,0,0.006218,35,0.000007,0,4,4,0,4,4
21274453,,0,0.010092,35,0.000007,0,11,11,0,11,11
21266355,,0,0.00517,35,0.000007,0,1,1,0,1,1
21261972,,0,0.00517,35,0.000007,0,1,1,0,1,1
21247420,,0,0.00517,35,0.000007,0,1,1,0,1,1
21226928,,0,0.00517,35,0.000007,0,1,1,0,1,1
21221771,,0,0.00517,35,0.000007,0,1,1,0,1,1
21217834,,0,0.00517,35,0.000007,0,1,1,0,1,1
21214954,,0,0.005637,35,0.000007,0,2,2,0,2,2
21197423,,0,0.00517,35,0.000007,0,1,1,0,1,1
21197262,,0,0.00517,35,0.000007,0,1,1,0,1,1
21192842,,0,0.00517,35,0.000007,0,1,1,0,1,1
21179005,,0,0.00517,35,0.000007,0,1,1,0,1,1
21172089,,0,0.00834,35,0.000007,0,2,2,0,2,2
21172013,,0,0.005389,35,0.000007,0,3,3,0,3,3
21170309,,0,0.00517,35,0.000007,0,1,1,0,1,1
21155040,,0,0.005962,35,0.000007,0,3,3,0,3,3
21152022,,0,0.00517,35,0.000007,0,1,1,0,1,1
21151863,,0,0.008658,35,0.000007,0,3,3,0,3,3
21151591,,0,0.00517,35,0.000007,0,1,1,0,1,1
21148161,,0,0.00517,35,0.000007,0,1,1,0,1,1
21148069,,0,0.00517,35,0.000007,0,1,1,0,1,1
21147607,,0,0.00517,35,0.000007,0,1,1,0,1,1
21135504,,0,0.005554,35,0.000007,0,2,2,0,2,2
21131600,,0,0.00575,35,0.000007,0,2,2,0,2,2
21128316,,0,0.00517,35,0.000007,0,1,1,0,1,1
21124964,,0,0.008364,35,0.000007,0,3,3,0,3,3
21124904,,0,0.00517,35,0.000007,0,1,1,0,1,1
21119660,,0,0.005334,35,0.000007,0,2,2,0,2,2
21118987,,0,0.008827,41,0.000007,0,7,7,0,7,7
21110851,,0,0.00517,35,0.000007,0,1,1,0,1,1
21087949,,0,0.00517,35,0.000007,0,1,1,0,1,1
21085674,,0,0.01183,35,0.000007,0,2,2,0,2,2
21083217,,0,0.00834,35,0.000007,0,2,2,0,2,2
21082043,,0,0.00517,35,0.000007,0,1,1,0,1,1
21082037,,0,0.00834,35,0.000007,0,2,2,0,2,2
21081926,,0,0.00517,35,0.000007,0,1,1,0,1,1
21078439,,0,0.00517,35,0.000007,0,1,1,0,1,1
21076603,,0,0.00834,35,0.000007,0,2,2,0,2,2
21071226,,0,0.00517,35,0.000007,0,1,1,0,1,1
21070623,,0,0.00517,35,0.000007,0,1,1,0,1,1
21062501,,0,0.00517,35,0.000007,0,1,1,0,1,1
21062462,,0,0.00517,35,0.000007,0,1,1,0,1,1
21059815,,0,0.008851,35,0.000007,0,6,6,0,6,6
21059681,,0,0.00517,35,0.000007,0,1,1,0,1,1
21048908,,0,0.00834,35,0.000007,0,2,2,0,2,2
21047916,,0,0.016844,1,0.000007,0,8,8,0,8,8
21045072,,0,0.00517,35,0.000007,0,1,1,0,1,1
20975711,,0,0.00834,35,0.000007,0,2,2,0,2,2
20971731,,0,0.00517,35,0.000007,0,1,1,0,1,1
20964848,,0,0.00517,35,0.000007,0,1,1,0,1,1
20964822,,0,0.009164,35,0.000007,0,6,6,0,6,6
20948564,,0,0.00517,35,0.000007,0,1,1,0,1,1
20948301,,0,0.00834,35,0.000007,0,2,2,0,2,2
20946988,,0,0.00517,35,0.000007,0,1,1,0,1,1
20946665,,0,0.005622,35,0.000007,0,3,3,0,3,3
20946619,,0,0.00517,35,0.000007,0,1,1,0,1,1
20946615,,0,0.00517,35,0.000007,0,1,1,0,1,1
20933027,,0,0.00517,35,0.000007,0,1,1,0,1,1
20929878,,0,0.00517,35,0.000007,0,1,1,0,1,1
20920219,,0,0.00517,35,0.000007,0,1,1,0,1,1
20890303,,0,0.00517,35,0.000007,0,1,1,0,1,1
20877449,,0,0.00517,35,0.000007,0,1,1,0,1,1
20864510,,0,0.005207,35,0.000007,0,2,2,0,2,2
20860845,,0,0.010157,35,0.000007,0,6,6,0,6,6
20852124,,0,0.008453,35,0.000007,0,3,3,0,3,3
20847825,,0,0.00517,35,0.000007,0,1,1,0,1,1
20846933,,0,0.00517,35,0.000007,0,1,1,0,1,1
20844768,,0,0.00517,35,0.000007,0,1,1,0,1,1
20838429,,0,0.00834,35,0.000007,0,2,2,0,2,2
20837693,,0,0.00517,35,0.000007,0,1,1,0,1,1
20837469,,0,0.00517,35,0.000007,0,1,1,0,1,1
20835983,,0,0.005183,35,0.000007,0,2,2,0,2,2
20834038,,0,0.00834,35,0.000007,0,2,2,0,2,2
20831783,,0,0.00517,35,0.000007,0,1,1,0,1,1
20824005,,0,0.00517,35,0.000007,0,1,1,0,1,1
20823142,,0,0.031703,1,0.000007,0,29,29,0,29,29
20813200,,0,0.00517,35,0.000007,0,1,1,0,1,1
20813028,,0,0.00517,35,0.000007,0,1,1,0,1,1
20808922,,0,0.00517,35,0.000007,0,1,1,0,1,1
20739354,,0,0.00517,35,0.000007,0,1,1,0,1,1
20733055,,0,0.00517,35,0.000007,0,1,1,0,1,1
20719761,,0,0.00517,35,0.000007,0,1,1,0,1,1
20712882,,0,0.00944,35,0.000007,0,5,5,0,5,5
20711652,,0,0.00834,35,0.000007,0,2,2,0,2,2
20706619,,0,0.00517,35,0.000007,0,1,1,0,1,1
20700469,,0,0.00517,35,0.000007,0,1,1,0,1,1
20697531,,0,0.008821,279,0.000007,0,4,4,0,4,4
20697068,,0,0.00517,35,0.000007,0,1,1,0,1,1
20696772,,0,0.005187,66,0.000007,0,2,2,0,2,2
20696062,,0,0.00517,35,0.000007,0,1,1,0,1,1
20693610,,0,0.00517,35,0.000007,0,1,1,0,1,1
20682797,,0,0.00517,35,0.000007,0,1,1,0,1,1
20682066,,0,0.00517,35,0.000007,0,1,1,0,1,1
20676074,,0,0.00517,35,0.000007,0,1,1,0,1,1
20676069,,0,0.005185,35,0.000007,0,2,2,0,2,2
20671968,,0,0.00517,35,0.000007,0,1,1,0,1,1
20668531,,0,0.008543,279,0.000007,0,3,3,0,3,3
20664598,,0,0.00834,35,0.000007,0,2,2,0,2,2
20663721,,0,0.00834,35,0.000007,0,2,2,0,2,2
20652102,,0,0.00517,35,0.000007,0,1,1,0,1,1
20649975,,0,0.00517,35,0.000007,0,1,1,0,1,1
20648017,,0,0.00517,35,0.000007,0,1,1,0,1,1
20646402,,0,0.005989,35,0.000007,0,4,4,0,4,4
20642837,,0,0.005597,35,0.000007,0,2,2,0,2,2
20634556,,0,0.00517,35,0.000007,0,1,1,0,1,1
20633296,,0,0.00517,35,0.000007,0,1,1,0,1,1
20625502,,0,0.00517,35,0.000007,0,1,1,0,1,1
20622896,,0,0.00517,35,0.000007,0,1,1,0,1,1
20615243,,0,0.00517,35,0.000007,0,1,1,0,1,1
20614087,,0,0.00517,35,0.000007,0,1,1,0,1,1
20610625,,0,0.00517,35,0.000007,0,1,1,0,1,1
20593016,,0,0.00517,35,0.000007,0,1,1,0,1,1
20586475,,0,0.00517,35,0.000007,0,1,1,0,1,1
20584321,,0,0.00517,35,0.000007,0,1,1,0,1,1
20579843,,0,0.00517,35,0.000007,0,1,1,0,1,1
20571871,,0,0.00517,35,0.000007,0,1,1,0,1,1
20569491,,0,0.00517,35,0.000007,0,1,1,0,1,1
20559924,,0,0.00517,35,0.000007,0,1,1,0,1,1
20553615,,0,0.00517,35,0.000007,0,1,1,0,1,1
20548774,,0,0.00517,35,0.000007,0,1,1,0,1,1
20537965,,0,0.005557,72,0.000007,0,3,3,0,3,3
20537139,,0,0.00517,35,0.000007,0,1,1,0,1,1
20527013,,0,0.00517,35,0.000007,0,1,1,0,1,1
20521088,,0,0.00517,35,0.000007,0,1,1,0,1,1
20519343,,0,0.00517,35,0.000007,0,1,1,0,1,1
20515278,,0,0.00517,35,0.000007,0,1,1,0,1,1
20514396,,0,0.008374,35,0.000007,0,3,3,0,3,3
20514215,,0,0.00834,35,0.000007,0,2,2,0,2,2
20507583,,0,0.00517,35,0.000007,0,1,1,0,1,1
20501944,,0,0.00517,35,0.000007,0,1,1,0,1,1
20500821,,0,0.00834,35,0.000007,0,2,2,0,2,2
20487548,,0,0.00517,35,0.000007,0,1,1,0,1,1
20478067,,0,0.00517,35,0.000007,0,1,1,0,1,1
20473674,,0,0.00517,35,0.000007,0,1,1,0,1,1
20461076,,0,0.00517,35,0.000007,0,1,1,0,1,1
20459663,,0,0.00834,35,0.000007,0,2,2,0,2,2
20454672,,0,0.005334,35,0.000007,0,2,2,0,2,2
20442453,,0,0.00517,35,0.000007,0,1,1,0,1,1
20418340,,0,0.00517,35,0.000007,0,1,1,0,1,1
20409316,,0,0.00517,35,0.000007,0,1,1,0,1,1
20400961,,0,0.00517,35,0.000007,0,1,1,0,1,1
20399958,,0,0.005624,100,0.000007,0,3,3,0,3,3
20393565,,0,0.005276,35,0.000007,0,2,2,0,2,2
20392628,,0,0.00517,35,0.000007,0,1,1,0,1,1
20385028,,0,0.005688,35,0.000007,0,5,5,0,5,5
20350617,,0,0.005332,48,0.000007,0,2,2,0,2,2
20332263,,0,0.008357,231,0.000007,0,3,3,0,3,3
20309756,,0,0.00517,35,0.000007,0,1,1,0,1,1
20304626,,0,0.00517,35,0.000007,0,1,1,0,1,1
20300634,,0,0.008343,90,0.000007,0,3,3,0,3,3
20237034,,0,0.00517,35,0.000007,0,1,1,0,1,1
20236517,,0,0.00517,35,0.000007,0,1,1,0,1,1
20234770,,0,0.00517,35,0.000007,0,1,1,0,1,1
20231122,,0,0.00517,35,0.000007,0,1,1,0,1,1
20224634,,0,0.00517,35,0.000007,0,1,1,0,1,1
20223834,,0,0.00517,35,0.000007,0,1,1,0,1,1
20215513,,0,0.00517,35,0.000007,0,1,1,0,1,1
20215510,,0,0.005584,35,0.000007,0,4,4,0,4,4
20204186,,0,0.00517,35,0.000007,0,1,1,0,1,1
20202973,,0,0.00517,35,0.000007,0,1,1,0,1,1
20197764,,0,0.008347,35,0.000007,0,3,3,0,3,3
20195376,,0,0.00517,35,0.000007,0,1,1,0,1,1
20190952,,0,0.00517,35,0.000007,0,1,1,0,1,1
20180967,,0,0.00517,35,0.000007,0,1,1,0,1,1
20165882,,0,0.00517,35,0.000007,0,1,1,0,1,1
20165692,,0,0.00517,35,0.000007,0,1,1,0,1,1
20161755,,0,0.00842,35,0.000007,0,3,3,0,3,3
20161020,,0,0.007714,35,0.000007,0,2,2,0,2,2
20160033,,0,0.00517,35,0.000007,0,1,1,0,1,1
20158879,,0,0.00834,35,0.000007,0,2,2,0,2,2
20156340,,0,0.00834,35,0.000007,0,2,2,0,2,2
20152043,,0,0.00517,35,0.000007,0,1,1,0,1,1
20148167,,0,0.00517,35,0.000007,0,1,1,0,1,1
20145133,,0,0.005208,111,0.000007,0,2,2,0,2,2
20144231,,0,0.00834,35,0.000007,0,2,2,0,2,2
20144191,,0,0.00517,35,0.000007,0,1,1,0,1,1
20140701,,0,0.005269,231,0.000007,0,3,3,0,3,3
20133671,,0,0.005211,87,0.000007,0,2,2,0,2,2
20126981,,0,0.00834,35,0.000007,0,2,2,0,2,2
20123942,,0,0.00517,35,0.000007,0,1,1,0,1,1
20100357,,0,0.00517,35,0.000007,0,1,1,0,1,1
20098735,,0,0.00517,35,0.000007,0,1,1,0,1,1
20097056,,0,0.00517,35,0.000007,0,1,1,0,1,1
20084286,,0,0.00517,35,0.000007,0,1,1,0,1,1
20082448,,0,0.005644,35,0.000007,0,2,2,0,2,2
20065188,,0,0.00517,35,0.000007,0,1,1,0,1,1
20062080,,0,0.00517,35,0.000007,0,1,1,0,1,1
20059769,,0,0.00517,35,0.000007,0,1,1,0,1,1
20057914,,0,0.00517,35,0.000007,0,1,1,0,1,1
20051101,,0,0.00517,35,0.000007,0,1,1,0,1,1
20051100,,0,0.00834,35,0.000007,0,2,2,0,2,2
20048188,,0,0.005543,35,0.000007,0,2,2,0,2,2
20043860,,0,0.00517,35,0.000007,0,1,1,0,1,1
20042109,,0,0.00517,35,0.000007,0,1,1,0,1,1
20038733,,0,0.00517,35,0.000007,0,1,1,0,1,1
20028755,,0,0.00517,35,0.000007,0,1,1,0,1,1
20026299,,0,0.00517,35,0.000007,0,1,1,0,1,1
20016281,,0,0.00517,35,0.000007,0,1,1,0,1,1
20003458,,0,0.00517,35,0.000007,0,1,1,0,1,1
20003409,,0,0.00517,35,0.000007,0,1,1,0,1,1
20003386,,0,0.00517,35,0.000007,0,1,1,0,1,1
20003289,,0,0.00517,35,0.000007,0,1,1,0,1,1
19997592,,0,0.00517,35,0.000007,0,1,1,0,1,1
19941644,,0,0.00517,35,0.000007,0,1,1,0,1,1
19930681,,0,0.00517,35,0.000007,0,1,1,0,1,1
19920867,,0,0.005175,35,0.000007,0,3,3,0,3,3
19911851,,0,0.00517,35,0.000007,0,1,1,0,1,1
19909494,,0,0.008446,35,0.000007,0,3,3,0,3,3
19903352,,0,0.005554,35,0.000007,0,2,2,0,2,2
19892798,,0,0.00517,35,0.000007,0,1,1,0,1,1
19891778,,0,0.00517,35,0.000007,0,1,1,0,1,1
19889214,,0,0.00517,35,0.000007,0,1,1,0,1,1
19888205,,0,0.00517,35,0.000007,0,1,1,0,1,1
19887484,,0,0.005249,35,0.000007,0,2,2,0,2,2
19874631,,0,0.00517,35,0.000007,0,1,1,0,1,1
19851330,,0,0.00517,35,0.000007,0,1,1,0,1,1
19847310,,0,0.00517,35,0.000007,0,1,1,0,1,1
19840860,,0,0.00517,35,0.000007,0,1,1,0,1,1
19832034,,0,0.00517,35,0.000007,0,1,1,0,1,1
19822292,,0,0.00517,35,0.000007,0,1,1,0,1,1
19819146,,0,0.00517,35,0.000007,0,1,1,0,1,1
19815495,,0,0.00517,35,0.000007,0,1,1,0,1,1
19812728,,0,0.00517,35,0.000007,0,1,1,0,1,1
19808870,,0,0.008724,35,0.000007,0,3,3,0,3,3
19794958,,0,0.008478,35,0.000007,0,4,4,0,4,4
19781859,,0,0.00517,35,0.000007,0,1,1,0,1,1
19778445,,0,0.00834,35,0.000007,0,2,2,0,2,2
19776357,,0,0.00517,35,0.000007,0,1,1,0,1,1
19761577,,0,0.00517,35,0.000007,0,1,1,0,1,1
19761573,,0,0.005332,48,0.000007,0,2,2,0,2,2
19735874,,0,0.00517,35,0.000007,0,1,1,0,1,1
19735873,,0,0.00517,35,0.000007,0,1,1,0,1,1
19735553,,0,0.00517,35,0.000007,0,1,1,0,1,1
19723662,,0,0.005554,35,0.000007,0,2,2,0,2,2
19723326,,0,0.005554,35,0.000007,0,2,2,0,2,2
19718450,,0,0.00517,35,0.000007,0,1,1,0,1,1
19718393,,0,0.008367,24,0.000007,0,3,3,0,3,3
19717424,,0,0.00517,35,0.000007,0,1,1,0,1,1
19714244,,0,0.005554,35,0.000007,0,2,2,0,2,2
19710015,,0,0.00517,35,0.000007,0,1,1,0,1,1
19707345,,0,0.00517,35,0.000007,0,1,1,0,1,1
19699293,,0,0.00517,35,0.000007,0,1,1,0,1,1
19698933,,0,0.005246,35,0.000007,0,3,3,0,3,3
19690609,,0,0.008891,87,0.000007,0,5,5,0,5,5
19687301,,0,0.00517,35,0.000007,0,1,1,0,1,1
19675725,,0,0.00517,35,0.000007,0,1,1,0,1,1
19674463,,0,0.00517,35,0.000007,0,1,1,0,1,1
19662209,,0,0.005181,168,0.000007,0,2,2,0,2,2
19649265,,0,0.00518,35,0.000007,0,2,2,0,2,2
19644023,,0,0.00517,35,0.000007,0,1,1,0,1,1
19642980,,0,0.00517,35,0.000007,0,1,1,0,1,1
19639033,,0,0.00517,35,0.000007,0,1,1,0,1,1
19638234,,0,0.00517,35,0.000007,0,1,1,0,1,1
19622832,,0,0.005554,35,0.000007,0,2,2,0,2,2
19620787,,0,0.00517,35,0.000007,0,1,1,0,1,1
19619282,,0,0.00517,35,0.000007,0,1,1,0,1,1
19609461,,0,0.00517,35,0.000007,0,1,1,0,1,1
19609451,,0,0.00517,35,0.000007,0,1,1,0,1,1
19595782,,0,0.00517,35,0.000007,0,1,1,0,1,1
19594898,,0,0.005187,35,0.000007,0,3,3,0,3,3
19591788,,0,0.00517,35,0.000007,0,1,1,0,1,1
19584293,,0,0.00517,35,0.000007,0,1,1,0,1,1
19580430,,0,0.00517,35,0.000007,0,1,1,0,1,1
19578519,,0,0.00517,35,0.000007,0,1,1,0,1,1
19564413,,0,0.00517,35,0.000007,0,1,1,0,1,1
19563679,,0,0.00834,35,0.000007,0,2,2,0,2,2
19552798,,0,0.00517,35,0.000007,0,1,1,0,1,1
19549913,,0,0.006021,35,0.000007,0,3,3,0,3,3
19547727,,0,0.00517,35,0.000007,0,1,1,0,1,1
19538710,,0,0.00517,35,0.000007,0,1,1,0,1,1
19519315,,0,0.008724,35,0.000007,0,3,3,0,3,3
19517027,,0,0.00517,35,0.000007,0,1,1,0,1,1
19515614,,0,0.00517,35,0.000007,0,1,1,0,1,1
19505535,,0,0.005332,48,0.000007,0,2,2,0,2,2
19500411,,0,0.00517,35,0.000007,0,1,1,0,1,1
19497934,,0,0.00517,35,0.000007,0,1,1,0,1,1
19492877,,0,0.00517,35,0.000007,0,1,1,0,1,1
19484750,,0,0.008375,35,0.000007,0,3,3,0,3,3
19470173,,0,0.00517,35,0.000007,0,1,1,0,1,1
19458790,,0,0.00517,35,0.000007,0,1,1,0,1,1
19455259,,0,0.00517,35,0.000007,0,1,1,0,1,1
19455255,,0,0.00517,35,0.000007,0,1,1,0,1,1
19455244,,0,0.00517,35,0.000007,0,1,1,0,1,1
19451693,,0,0.00834,35,0.000007,0,2,2,0,2,2
19450579,,0,0.00517,35,0.000007,0,1,1,0,1,1
19450255,,0,0.00517,35,0.000007,0,1,1,0,1,1
19445687,,0,0.00834,35,0.000007,0,2,2,0,2,2
19442316,,0,0.00518,231,0.000007,0,2,2,0,2,2
19439102,,0,0.00517,35,0.000007,0,1,1,0,1,1
19436308,,0,0.005554,35,0.000007,0,2,2,0,2,2
19426535,,0,0.00517,35,0.000007,0,1,1,0,1,1
19426500,,0,0.005495,90,0.000007,0,3,3,0,3,3
19415462,,0,0.00517,35,0.000007,0,1,1,0,1,1
19414534,,0,0.00517,35,0.000007,0,1,1,0,1,1
19409613,,0,0.00517,35,0.000007,0,1,1,0,1,1
19409065,,0,0.00517,35,0.000007,0,1,1,0,1,1
19401702,,0,0.00517,35,0.000007,0,1,1,0,1,1
19401677,,0,0.00517,35,0.000007,0,1,1,0,1,1
19401544,,0,0.00517,35,0.000007,0,1,1,0,1,1
19396528,,0,0.00517,35,0.000007,0,1,1,0,1,1
19393583,,0,0.009531,35,0.000007,0,8,8,0,8,8
19393097,,0,0.00517,35,0.000007,0,1,1,0,1,1
19390645,,0,0.005202,279,0.000007,0,2,2,0,2,2
19383904,,0,0.00517,35,0.000007,0,1,1,0,1,1
19383365,,0,0.00517,35,0.000007,0,1,1,0,1,1
19383306,,0,0.008814,35,0.000007,0,3,3,0,3,3
19383299,,0,0.00834,35,0.000007,0,2,2,0,2,2
19383293,,0,0.00517,35,0.000007,0,1,1,0,1,1
19383292,,0,0.00834,35,0.000007,0,2,2,0,2,2
19383291,,0,0.00517,35,0.000007,0,1,1,0,1,1
19372187,,0,0.00517,35,0.000007,0,1,1,0,1,1
19351761,,0,0.00517,35,0.000007,0,1,1,0,1,1
19351757,,0,0.005554,35,0.000007,0,2,2,0,2,2
19351437,,0,0.00517,35,0.000007,0,1,1,0,1,1
19344495,,0,0.00517,35,0.000007,0,1,1,0,1,1
19343730,,0,0.00517,35,0.000007,0,1,1,0,1,1
19341485,,0,0.00517,35,0.000007,0,1,1,0,1,1
19332774,,0,0.00517,35,0.000007,0,1,1,0,1,1
19331659,,0,0.005637,35,0.000007,0,2,2,0,2,2
19327144,,0,0.00517,35,0.000007,0,1,1,0,1,1
19325937,,0,0.00517,35,0.000007,0,1,1,0,1,1
19318635,,0,0.00517,35,0.000007,0,1,1,0,1,1
19291396,,0,0.00517,35,0.000007,0,1,1,0,1,1
19291283,,0,0.008814,35,0.000007,0,3,3,0,3,3
19290050,,0,0.005238,35,0.000007,0,2,2,0,2,2
19289498,,0,0.008456,100,0.000007,0,6,6,0,6,6
19285134,,0,0.00517,35,0.000007,0,1,1,0,1,1
19278560,,0,0.00517,35,0.000007,0,1,1,0,1,1
19276151,,0,0.00517,35,0.000007,0,1,1,0,1,1
19270750,,0,0.005636,87,0.000007,0,4,4,0,4,4
19269969,,0,0.00517,35,0.000007,0,1,1,0,1,1
19267539,,0,0.00517,35,0.000007,0,1,1,0,1,1
19259417,,0,0.00517,35,0.000007,0,1,1,0,1,1
19259415,,0,0.00517,35,0.000007,0,1,1,0,1,1
19259408,,0,0.00517,35,0.000007,0,1,1,0,1,1
19259405,,0,0.00517,35,0.000007,0,1,1,0,1,1
19246616,,0,0.00517,35,0.000007,0,1,1,0,1,1
19245714,,0,0.00517,35,0.000007,0,1,1,0,1,1
19243594,,0,0.00517,35,0.000007,0,1,1,0,1,1
19243176,,0,0.00517,35,0.000007,0,1,1,0,1,1
19240714,,0,0.00834,35,0.000007,0,2,2,0,2,2
19238633,,0,0.00517,35,0.000007,0,1,1,0,1,1
19229372,,0,0.00517,35,0.000007,0,1,1,0,1,1
19229342,,0,0.005185,35,0.000007,0,2,2,0,2,2
19224362,,0,0.00517,35,0.000007,0,1,1,0,1,1
19209726,,0,0.00517,35,0.000007,0,1,1,0,1,1
19209720,,0,0.00517,35,0.000007,0,1,1,0,1,1
19208120,,0,0.00517,35,0.000007,0,1,1,0,1,1
19208118,,0,0.00834,35,0.000007,0,2,2,0,2,2
19204205,,0,0.008828,35,0.000007,0,4,4,0,4,4
19204204,,0,0.008806,35,0.000007,0,3,3,0,3,3
19203388,,0,0.00517,35,0.000007,0,1,1,0,1,1
19200394,,0,0.00517,35,0.000007,0,1,1,0,1,1
19196983,,0,0.00517,35,0.000007,0,1,1,0,1,1
19192299,,0,0.00517,35,0.000007,0,1,1,0,1,1
19183004,,0,0.00517,35,0.000007,0,1,1,0,1,1
19178740,,0,0.00517,35,0.000007,0,1,1,0,1,1
19147773,,0,0.00517,35,0.000007,0,1,1,0,1,1
19128442,,0,0.005644,35,0.000007,0,2,2,0,2,2
19125200,,0,0.00517,35,0.000007,0,1,1,0,1,1
19125125,,0,0.00517,35,0.000007,0,1,1,0,1,1
19118016,,0,0.00517,35,0.000007,0,1,1,0,1,1
19116033,,0,0.008743,35,0.000007,0,4,4,0,4,4
19115996,,0,0.00517,35,0.000007,0,1,1,0,1,1
19111877,,0,0.00517,35,0.000007,0,1,1,0,1,1
19109576,,0,0.00517,35,0.000007,0,1,1,0,1,1
19108738,,0,0.00517,35,0.000007,0,1,1,0,1,1
19107233,,0,0.00517,35,0.000007,0,1,1,0,1,1
19104654,,0,0.00517,35,0.000007,0,1,1,0,1,1
19102762,,0,0.00517,35,0.000007,0,1,1,0,1,1
19101988,,0,0.00834,35,0.000007,0,2,2,0,2,2
19099573,,0,0.00517,35,0.000007,0,1,1,0,1,1
19094230,,0.000109,0.006006,231,0.000047,8,6,14,8,6,14
19091006,,0,0.00517,35,0.000007,0,1,1,0,1,1
19088038,,0,0.00517,35,0.000007,0,1,1,0,1,1
19079768,,0,0.00517,35,0.000007,0,1,1,0,1,1
19055754,,0,0.010683,35,0.000007,0,9,9,0,9,9
19039030,,0,0.005238,35,0.000007,0,2,2,0,2,2
19025652,,0,0.006339,35,0.000007,0,4,4,0,4,4
19025599,,0,0.00517,35,0.000007,0,1,1,0,1,1
19016452,,0,0.00517,35,0.000007,0,1,1,0,1,1
19014681,,0,0.00517,35,0.000007,0,1,1,0,1,1
19014556,,0,0.00517,35,0.000007,0,1,1,0,1,1
19014521,,0,0.00517,35,0.000007,0,1,1,0,1,1
18989396,,0,0.00517,35,0.000007,0,1,1,0,1,1
18988867,,0,0.00517,35,0.000007,0,1,1,0,1,1
18986507,,0,0.005782,35,0.000007,0,3,3,0,3,3
18985037,,0,0.00517,35,0.000007,0,1,1,0,1,1
18981013,,0,0.00517,35,0.000007,0,1,1,0,1,1
18977655,,0,0.00524,35,0.000007,0,3,3,0,3,3
18973863,,0,0.00517,35,0.000007,0,1,1,0,1,1
18954459,,0,0.00517,35,0.000007,0,1,1,0,1,1
18953822,,0,0.00834,35,0.000007,0,2,2,0,2,2
18953431,,0,0.00517,35,0.000007,0,1,1,0,1,1
18940925,,0,0.00517,35,0.000007,0,1,1,0,1,1
18931693,,0,0.005337,100,0.000007,0,2,2,0,2,2
18928543,,0,0.00517,35,0.000007,0,1,1,0,1,1
18928525,,0,0.00517,35,0.000007,0,1,1,0,1,1
18923934,,0,0.00517,35,0.000007,0,1,1,0,1,1
18922912,,0,0.005179,184,0.000007,0,2,2,0,2,2
18922900,,0,0.005554,35,0.000007,0,2,2,0,2,2
18922159,,0,0.008951,100,0.000007,0,3,3,0,3,3
18854055,,0,0.00517,35,0.000007,0,1,1,0,1,1
18842630,,0,0.00517,35,0.000007,0,1,1,0,1,1
18837994,,0,0.00517,35,0.000007,0,1,1,0,1,1
18834526,,0,0.00517,35,0.000007,0,1,1,0,1,1
18831787,,0,0.00517,35,0.000007,0,1,1,0,1,1
18831779,,0,0.00517,35,0.000007,0,1,1,0,1,1
18827816,,0,0.00517,35,0.000007,0,1,1,0,1,1
18827815,,0,0.00517,35,0.000007,0,1,1,0,1,1
18826606,,0,0.00834,35,0.000007,0,2,2,0,2,2
18823535,,0,0.00517,35,0.000007,0,1,1,0,1,1
18813357,,0,0.00517,35,0.000007,0,1,1,0,1,1
18811984,,0,0.005211,35,0.000007,0,2,2,0,2,2
18804420,,0,0.00517,35,0.000007,0,1,1,0,1,1
18803878,,0,0.008724,35,0.000007,0,3,3,0,3,3
18793473,,0,0.005179,35,0.000007,0,2,2,0,2,2
18793472,,0,0.00517,35,0.000007,0,1,1,0,1,1
18790755,,0,0.00517,35,0.000007,0,1,1,0,1,1
18787018,,0,0.005197,48,0.000007,0,2,2,0,2,2
18786252,,0,0.00834,35,0.000007,0,2,2,0,2,2
18778486,,0,0.00517,35,0.000007,0,1,1,0,1,1
18767902,,0,0.00517,35,0.000007,0,1,1,0,1,1
18761753,,0,0.00517,35,0.000007,0,1,1,0,1,1
18757322,,0,0.00834,35,0.000007,0,2,2,0,2,2
18755890,,0,0.00517,35,0.000007,0,1,1,0,1,1
18717985,,0,0.00834,35,0.000007,0,2,2,0,2,2
18714348,,0,0.00834,35,0.000007,0,2,2,0,2,2
18710882,,0,0.00517,35,0.000007,0,1,1,0,1,1
18710598,,0,0.005172,35,0.000007,0,2,2,0,2,2
18706976,,0,0.005201,176,0.000007,0,2,2,0,2,2
18703705,,0,0.00517,35,0.000007,0,1,1,0,1,1
18693809,,0,0.00517,35,0.000007,0,1,1,0,1,1
18684329,,0,0.005332,48,0.000007,0,2,2,0,2,2
18680240,,0,0.00517,35,0.000007,0,1,1,0,1,1
18678838,,0,0.00517,35,0.000007,0,1,1,0,1,1
18676749,,0,0.00517,35,0.000007,0,1,1,0,1,1
18676742,,0,0.00517,35,0.000007,0,1,1,0,1,1
18671830,,0,0.006216,100,0.000007,0,4,4,0,4,4
18670041,,0,0.00517,35,0.000007,0,1,1,0,1,1
18652698,,0,0.00517,35,0.000007,0,1,1,0,1,1
18648365,,0,0.00517,35,0.000007,0,1,1,0,1,1
18642293,,0,0.00517,35,0.000007,0,1,1,0,1,1
18635567,,0,0.00517,35,0.000007,0,1,1,0,1,1
18625720,,0,0.00517,35,0.000007,0,1,1,0,1,1
18618012,,0,0.005185,90,0.000007,0,2,2,0,2,2
18606634,,0,0.00517,35,0.000007,0,1,1,0,1,1
18597688,,0,0.00517,35,0.000007,0,1,1,0,1,1
18596922,,0,0.00517,35,0.000007,0,1,1,0,1,1
18593928,,0,0.00517,35,0.000007,0,1,1,0,1,1
18591436,,0,0.00517,35,0.000007,0,1,1,0,1,1
18588682,,0.000748,0.00517,35,0.000073,16,1,17,16,1,17
18586707,,0,0.00517,35,0.000007,0,1,1,0,1,1
18582627,,0,0.005238,35,0.000007,0,2,2,0,2,2
18568367,,0,0.00517,35,0.000007,0,1,1,0,1,1
18564431,,0,0.00517,35,0.000007,0,1,1,0,1,1
18562478,,0,0.00517,35,0.000007,0,1,1,0,1,1
18556775,,0,0.00517,35,0.000007,0,1,1,0,1,1
18554411,,0,0.005238,35,0.000007,0,2,2,0,2,2
18533032,,0,0.00517,35,0.000007,0,1,1,0,1,1
18523068,,0,0.00517,35,0.000007,0,1,1,0,1,1
18510726,,0,0.00517,35,0.000007,0,1,1,0,1,1
18508806,,0,0.00517,35,0.000007,0,1,1,0,1,1
18505921,,0,0.00517,35,0.000007,0,1,1,0,1,1
18483613,,0,0.00517,35,0.000007,0,1,1,0,1,1
18483364,,0,0.00517,35,0.000007,0,1,1,0,1,1
18467422,,0,0.00517,35,0.000007,0,1,1,0,1,1
18466439,,0,0.005187,279,0.000007,0,2,2,0,2,2
18464289,,0,0.00517,35,0.000007,0,1,1,0,1,1
18458115,,0,0.00517,35,0.000007,0,1,1,0,1,1
18455428,,0,0.005195,35,0.000007,0,2,2,0,2,2
18449360,,0,0.00517,35,0.000007,0,1,1,0,1,1
18440304,,0,0.00517,35,0.000007,0,1,1,0,1,1
18439262,,0,0.00834,35,0.000007,0,2,2,0,2,2
18437204,,0,0.00834,35,0.000007,0,2,2,0,2,2
18430221,,0,0.008499,1,0.000007,0,3,3,0,3,3
18428746,,0,0.00517,35,0.000007,0,1,1,0,1,1
18425577,,0,0.008806,35,0.000007,0,3,3,0,3,3
18423048,,0,0.00834,35,0.000007,0,2,2,0,2,2
18419801,,0,0.00517,35,0.000007,0,1,1,0,1,1
18416850,,0,0.00834,35,0.000007,0,2,2,0,2,2
18414489,,0,0.00517,35,0.000007,0,1,1,0,1,1
18414401,,0,0.005195,35,0.000007,0,2,2,0,2,2
18398036,,0,0.00517,35,0.000007,0,1,1,0,1,1
18394187,,0,0.00517,35,0.000007,0,1,1,0,1,1
18381931,,0,0.00517,35,0.000007,0,1,1,0,1,1
18371393,,0,0.00517,35,0.000007,0,1,1,0,1,1
18366788,,0,0.008367,35,0.000007,0,3,3,0,3,3
18366635,,0,0.00517,35,0.000007,0,1,1,0,1,1
18366616,,0,0.00517,35,0.000007,0,1,1,0,1,1
18360707,,0,0.00517,35,0.000007,0,1,1,0,1,1
18358709,,0,0.00834,35,0.000007,0,2,2,0,2,2
18355402,,0,0.00517,35,0.000007,0,1,1,0,1,1
18353983,,0,0.00517,35,0.000007,0,1,1,0,1,1
18349857,,0,0.00517,35,0.000007,0,1,1,0,1,1
18347175,,0,0.00834,35,0.000007,0,2,2,0,2,2
18320359,,0,0.00517,35,0.000007,0,1,1,0,1,1
18312212,,0,0.00517,35,0.000007,0,1,1,0,1,1
18305103,,0,0.00517,35,0.000007,0,1,1,0,1,1
18304324,,0,0.00517,35,0.000007,0,1,1,0,1,1
18301994,,0,0.00517,35,0.000007,0,1,1,0,1,1
18292239,,0,0.00517,35,0.000007,0,1,1,0,1,1
18282701,,0,0.005188,35,0.000007,0,3,3,0,3,3
18277385,,0,0.00517,35,0.000007,0,1,1,0,1,1
18242514,,0,0.008806,35,0.000007,0,3,3,0,3,3
18237400,,0,0.00517,35,0.000007,0,1,1,0,1,1
18231641,,0,0.00517,35,0.000007,0,1,1,0,1,1
18231104,,0,0.00517,35,0.000007,0,1,1,0,1,1
18226260,,0,0.00517,35,0.000007,0,1,1,0,1,1
18221568,,0,0.005238,35,0.000007,0,2,2,0,2,2
18211678,,0,0.00517,35,0.000007,0,1,1,0,1,1
18205949,,0,0.00517,35,0.000007,0,1,1,0,1,1
18205914,,0,0.00517,35,0.000007,0,1,1,0,1,1
18194724,,0,0.00517,35,0.000007,0,1,1,0,1,1
18194560,,0,0.00517,35,0.000007,0,1,1,0,1,1
18097463,,0,0.00517,35,0.000007,0,1,1,0,1,1
18094752,,0,0.00517,35,0.000007,0,1,1,0,1,1
18093965,,0,0.00834,35,0.000007,0,2,2,0,2,2
18088408,,0,0.00517,35,0.000007,0,1,1,0,1,1
18083688,,0,0.00517,35,0.000007,0,1,1,0,1,1
18081933,,0,0.00517,35,0.000007,0,1,1,0,1,1
18058030,,0,0.00517,35,0.000007,0,1,1,0,1,1
18031300,,0,0.00517,35,0.000007,0,1,1,0,1,1
17984306,,0,0.00517,35,0.000007,0,1,1,0,1,1
17963508,,0,0.008343,35,0.000007,0,3,3,0,3,3
17940619,,0,0.00517,35,0.000007,0,1,1,0,1,1
17940611,,0,0.00834,35,0.000007,0,2,2,0,2,2
17940531,,0,0.00517,35,0.000007,0,1,1,0,1,1
17940530,,0,0.007727,89,0.000007,0,3,3,0,3,3
17940502,,0,0.00517,35,0.000007,0,1,1,0,1,1
17925008,,0,0.00834,35,0.000007,0,2,2,0,2,2
17922911,,0,0.008724,35,0.000007,0,3,3,0,3,3
17914110,,0,0.00517,35,0.000007,0,1,1,0,1,1
17912639,,0,0.00517,35,0.000007,0,1,1,0,1,1
17900369,,0,0.00517,35,0.000007,0,1,1,0,1,1
17894856,,0,0.00834,35,0.000007,0,2,2,0,2,2
17883867,,0,0.00834,35,0.000007,0,2,2,0,2,2
17868458,,0,0.008364,35,0.000007,0,3,3,0,3,3
17855657,,0,0.00834,35,0.000007,0,2,2,0,2,2
17855511,,0,0.00517,35,0.000007,0,1,1,0,1,1
17850661,,0,0.00834,35,0.000007,0,2,2,0,2,2
17848300,,0,0.00517,35,0.000007,0,1,1,0,1,1
17785539,,0,0.00517,35,0.000007,0,1,1,0,1,1
17764577,,0,0.00517,35,0.000007,0,1,1,0,1,1
17715296,,0,0.00517,35,0.000007,0,1,1,0,1,1
17713587,,0,0.00517,35,0.000007,0,1,1,0,1,1
17709381,,0,0.00517,35,0.000007,0,1,1,0,1,1
17683518,,0,0.008398,90,0.000007,0,4,4,0,4,4
17666119,,0,0.00517,35,0.000007,0,1,1,0,1,1
17660860,,0,0.00517,35,0.000007,0,1,1,0,1,1
17653589,,0,0.00517,35,0.000007,0,1,1,0,1,1
17651507,,0,0.00517,35,0.000007,0,1,1,0,1,1
17638852,,0,0.00517,35,0.000007,0,1,1,0,1,1
17634144,,0,0.00517,35,0.000007,0,1,1,0,1,1
17622301,,0,0.00517,35,0.000007,0,1,1,0,1,1
17612401,,0,0.00517,35,0.000007,0,1,1,0,1,1
17600117,,0,0.00517,35,0.000007,0,1,1,0,1,1
17591932,,0,0.00517,35,0.000007,0,1,1,0,1,1
17561992,,0,0.00517,35,0.000007,0,1,1,0,1,1
17555561,,0,0.00517,35,0.000007,0,1,1,0,1,1
17553173,,0,0.00517,35,0.000007,0,1,1,0,1,1
17550303,,0,0.00517,35,0.000007,0,1,1,0,1,1
17542648,,0,0.00517,35,0.000007,0,1,1,0,1,1
17537911,,0,0.006237,35,0.000007,0,4,4,0,4,4
17535433,,0,0.00517,35,0.000007,0,1,1,0,1,1
17522712,,0,0.005172,69,0.000007,0,2,2,0,2,2
17515959,,0,0.00517,35,0.000007,0,1,1,0,1,1
17515956,,0,0.00517,35,0.000007,0,1,1,0,1,1
17512859,,0,0.00517,35,0.000007,0,1,1,0,1,1
17504517,,0,0.00834,35,0.000007,0,2,2,0,2,2
17498287,,0,0.00517,35,0.000007,0,1,1,0,1,1
17490475,,0,0.00517,35,0.000007,0,1,1,0,1,1
17489018,,0,0.00517,35,0.000007,0,1,1,0,1,1
17483321,,0,0.00517,35,0.000007,0,1,1,0,1,1
17478523,,0,0.00517,35,0.000007,0,1,1,0,1,1
17473362,,0,0.00517,35,0.000007,0,1,1,0,1,1
17456594,,0,0.00834,35,0.000007,0,2,2,0,2,2
17453008,,0,0.00517,35,0.000007,0,1,1,0,1,1
17452630,,0,0.00517,35,0.000007,0,1,1,0,1,1
17442482,,0,0.00517,35,0.000007,0,1,1,0,1,1
17438530,,0,0.00517,35,0.000007,0,1,1,0,1,1
17420468,,0,0.00834,35,0.000007,0,2,2,0,2,2
17411443,,0,0.00517,35,0.000007,0,1,1,0,1,1
17407600,,0,0.00517,35,0.000007,0,1,1,0,1,1
17397520,,0,0.00834,35,0.000007,0,2,2,0,2,2
17389407,,0,0.00517,35,0.000007,0,1,1,0,1,1
17349041,,0,0.00517,35,0.000007,0,1,1,0,1,1
17342085,,0,0.00517,35,0.000007,0,1,1,0,1,1
17338809,,0,0.00834,35,0.000007,0,2,2,0,2,2
17319741,,0,0.00517,35,0.000007,0,1,1,0,1,1
17308663,,0,0.00517,35,0.000007,0,1,1,0,1,1
17263897,,0,0.009026,35,0.000007,0,5,5,0,5,5
17242701,,0,0.00517,35,0.000007,0,1,1,0,1,1
17220270,,0,0.00517,35,0.000007,0,1,1,0,1,1
17215369,,0,0.00517,35,0.000007,0,1,1,0,1,1
17206280,,0,0.008407,35,0.000007,0,3,3,0,3,3
17205517,,0,0.00517,35,0.000007,0,1,1,0,1,1
17201907,,0,0.00517,35,0.000007,0,1,1,0,1,1
17194181,,0,0.00517,35,0.000007,0,1,1,0,1,1
17189715,,0,0.00517,35,0.000007,0,1,1,0,1,1
17187691,,0,0.00517,35,0.000007,0,1,1,0,1,1
17181863,,0,0.00517,35,0.000007,0,1,1,0,1,1
17164010,,0,0.00517,35,0.000007,0,1,1,0,1,1
17161497,,0,0.005238,35,0.000007,0,2,2,0,2,2
17156469,,0,0.00517,35,0.000007,0,1,1,0,1,1
17150101,,0,0.00834,35,0.000007,0,2,2,0,2,2
17147824,,0,0.00533,1,0.000007,0,2,2,0,2,2
17142309,,0,0.00517,35,0.000007,0,1,1,0,1,1
17132224,,0,0.00517,35,0.000007,0,1,1,0,1,1
17130137,,0,0.00517,35,0.000007,0,1,1,0,1,1
17129787,,0,0.00834,35,0.000007,0,2,2,0,2,2
17129383,,0,0.005644,35,0.000007,0,2,2,0,2,2
17105822,,0.003001,0.010574,35,0.000059,26,16,42,26,16,42
17090670,,0,0.005217,100,0.000007,0,2,2,0,2,2
17079134,,0,0.00517,35,0.000007,0,1,1,0,1,1
17078886,,0,0.00517,35,0.000007,0,1,1,0,1,1
17078870,,0,0.00517,35,0.000007,0,1,1,0,1,1
17077880,,0,0.00517,35,0.000007,0,1,1,0,1,1
17076897,,0,0.00517,35,0.000007,0,1,1,0,1,1
17076877,,0,0.008505,35,0.000007,0,4,4,0,4,4
17076557,,0,0.005172,35,0.000007,0,2,2,0,2,2
17069664,,0,0.00834,35,0.000007,0,2,2,0,2,2
17069663,,0,0.00834,35,0.000007,0,2,2,0,2,2
17062128,,0,0.005422,35,0.000007,0,2,2,0,2,2
17032455,,0,0.00517,35,0.000007,0,1,1,0,1,1
17022808,,0,0.005187,35,0.000007,0,3,3,0,3,3
16959042,,0,0.00517,35,0.000007,0,1,1,0,1,1
16925821,,0,0.00517,35,0.000007,0,1,1,0,1,1
16919157,,0,0.00517,35,0.000007,0,1,1,0,1,1
16859500,,0,0.00834,35,0.000007,0,2,2,0,2,2
16849564,,0,0.00517,35,0.000007,0,1,1,0,1,1
16849555,,0,0.00517,35,0.000007,0,1,1,0,1,1
16845056,,0,0.00517,35,0.000007,0,1,1,0,1,1
16845011,,0,0.005256,279,0.000007,0,2,2,0,2,2
16836741,,0,0.00517,35,0.000007,0,1,1,0,1,1
16834787,,0,0.00517,35,0.000007,0,1,1,0,1,1
16809779,,0,0.00517,35,0.000007,0,1,1,0,1,1
16790077,,0,0.008407,35,0.000007,0,3,3,0,3,3
16778210,,0,0.00517,35,0.000007,0,1,1,0,1,1
16774678,,0,0.00517,35,0.000007,0,1,1,0,1,1
16759347,,0,0.00517,35,0.000007,0,1,1,0,1,1
16738198,,0,0.00517,35,0.000007,0,1,1,0,1,1
16737553,,0,0.00517,35,0.000007,0,1,1,0,1,1
16737545,,0,0.005178,35,0.000007,0,2,2,0,2,2
16729877,,0,0.00834,35,0.000007,0,2,2,0,2,2
16702945,,0,0.00517,35,0.000007,0,1,1,0,1,1
16684880,,0,0.008451,35,0.000007,0,3,3,0,3,3
16679350,,0,0.00517,35,0.000007,0,1,1,0,1,1
16670265,,0,0.005238,35,0.000007,0,2,2,0,2,2
16670008,,0,0.00517,35,0.000007,0,1,1,0,1,1
16670007,,0,0.005172,35,0.000007,0,2,2,0,2,2
16651380,,0,0.00517,35,0.000007,0,1,1,0,1,1
16648480,,0,0.00517,35,0.000007,0,1,1,0,1,1
16643655,,0,0.008814,35,0.000007,0,3,3,0,3,3
16638151,,0,0.005182,35,0.000007,0,2,2,0,2,2
16627996,,0,0.00517,35,0.000007,0,1,1,0,1,1
16626501,,0,0.00834,35,0.000007,0,2,2,0,2,2
16625706,,0,0.00517,35,0.000007,0,1,1,0,1,1
16606446,,0,0.00517,35,0.000007,0,1,1,0,1,1
16606439,,0,0.00517,35,0.000007,0,1,1,0,1,1
16604168,,0,0.00517,35,0.000007,0,1,1,0,1,1
16595007,,0,0.005278,35,0.000007,0,2,2,0,2,2
16585533,,0,0.00517,35,0.000007,0,1,1,0,1,1
16580994,,0,0.00517,35,0.000007,0,1,1,0,1,1
16537840,,0,0.005178,72,0.000007,0,2,2,0,2,2
16524469,,0,0.00517,35,0.000007,0,1,1,0,1,1
16518402,,0,0.00517,35,0.000007,0,1,1,0,1,1
16507466,,0,0.00517,35,0.000007,0,1,1,0,1,1
16507157,,0,0.00517,35,0.000007,0,1,1,0,1,1
16505270,,0,0.00834,35,0.000007,0,2,2,0,2,2
16504121,,0,0.00517,35,0.000007,0,1,1,0,1,1
16457699,,0,0.005281,35,0.000007,0,2,2,0,2,2
16423281,,0,0.00517,35,0.000007,0,1,1,0,1,1
16417408,,0,0.00517,35,0.000007,0,1,1,0,1,1
16409635,,0,0.00517,35,0.000007,0,1,1,0,1,1
16398926,,0,0.005202,279,0.000007,0,2,2,0,2,2
16380191,,0,0.00517,35,0.000007,0,1,1,0,1,1
16356275,,0,0.00834,35,0.000007,0,2,2,0,2,2
16351756,,0,0.00517,35,0.000007,0,1,1,0,1,1
16322782,,0,0.00517,35,0.000007,0,1,1,0,1,1
16271137,,0,0.00517,35,0.000007,0,1,1,0,1,1
16225673,,0,0.00517,35,0.000007,0,1,1,0,1,1
16224537,,0,0.00517,35,0.000007,0,1,1,0,1,1
16202134,,0,0.00517,35,0.000007,0,1,1,0,1,1
16199521,,0,0.00517,35,0.000007,0,1,1,0,1,1
16192647,,0,0.00517,35,0.000007,0,1,1,0,1,1
16189523,,0,0.00517,35,0.000007,0,1,1,0,1,1
16168108,,0,0.00834,35,0.000007,0,2,2,0,2,2
16168088,,0,0.00517,35,0.000007,0,1,1,0,1,1
16141321,,0,0.00834,35,0.000007,0,2,2,0,2,2
16122395,,0,0.00517,35,0.000007,0,1,1,0,1,1
16109166,,0,0.00834,35,0.000007,0,2,2,0,2,2
16096102,,0,0.005782,100,0.000007,0,2,2,0,2,2
16091131,,0,0.00518,35,0.000007,0,2,2,0,2,2
16087863,,0,0.00517,35,0.000007,0,1,1,0,1,1
16052214,,0,0.00517,35,0.000007,0,1,1,0,1,1
16049480,,0,0.00517,35,0.000007,0,1,1,0,1,1
16048644,,0,0.00517,35,0.000007,0,1,1,0,1,1
16046820,,0,0.005179,35,0.000007,0,2,2,0,2,2
16038406,,0,0.00517,35,0.000007,0,1,1,0,1,1
15987529,,0,0.00517,35,0.000007,0,1,1,0,1,1
15987437,,0,0.00517,35,0.000007,0,1,1,0,1,1
15980548,,0,0.00517,35,0.000007,0,1,1,0,1,1
15965475,,0,0.00517,35,0.000007,0,1,1,0,1,1
15951424,,0,0.00517,35,0.000007,0,1,1,0,1,1
15931389,,0,0.00517,35,0.000007,0,1,1,0,1,1
15892885,,0,0.00517,35,0.000007,0,1,1,0,1,1
15876355,,0,0.00517,35,0.000007,0,1,1,0,1,1
15862116,,0,0.00517,35,0.000007,0,1,1,0,1,1
15812557,,0,0.00834,35,0.000007,0,2,2,0,2,2
15810144,,0,0.00517,35,0.000007,0,1,1,0,1,1
15793299,,0,0.00834,35,0.000007,0,2,2,0,2,2
15774023,,0,0.00517,35,0.000007,0,1,1,0,1,1
15766384,,0,0.00517,35,0.000007,0,1,1,0,1,1
15762987,,0,0.00834,35,0.000007,0,2,2,0,2,2
15761963,,0,0.00517,35,0.000007,0,1,1,0,1,1
15743515,,0,0.00517,35,0.000007,0,1,1,0,1,1
15730452,,0,0.008356,35,0.000007,0,3,3,0,3,3
15719014,,0,0.00517,35,0.000007,0,1,1,0,1,1
15701700,,0,0.00834,35,0.000007,0,2,2,0,2,2
15693949,,0,0.00517,35,0.000007,0,1,1,0,1,1
15689496,,0,0.00517,35,0.000007,0,1,1,0,1,1
15642172,,0,0.00834,35,0.000007,0,2,2,0,2,2
15630443,,0,0.00517,35,0.000007,0,1,1,0,1,1
15621988,,0,0.00517,35,0.000007,0,1,1,0,1,1
15621987,,0,0.00517,35,0.000007,0,1,1,0,1,1
15611012,,0,0.00517,35,0.000007,0,1,1,0,1,1
15608061,,0,0.008396,72,0.000007,0,4,4,0,4,4
15598354,,0,0.005238,35,0.000007,0,2,2,0,2,2
15588298,,0,0.00517,35,0.000007,0,1,1,0,1,1
15566434,,0,0.00517,35,0.000007,0,1,1,0,1,1
15563668,,0,0.00517,35,0.000007,0,1,1,0,1,1
15548371,,0,0.00517,35,0.000007,0,1,1,0,1,1
15520297,,0,0.00517,35,0.000007,0,1,1,0,1,1
15520296,,0,0.00517,35,0.000007,0,1,1,0,1,1
15520277,,0,0.00517,35,0.000007,0,1,1,0,1,1
15514893,,0,0.00517,35,0.000007,0,1,1,0,1,1
15509548,,0,0.00517,35,0.000007,0,1,1,0,1,1
15505629,,0,0.00517,35,0.000007,0,1,1,0,1,1
15489959,,0,0.00517,35,0.000007,0,1,1,0,1,1
15475384,,0,0.00517,35,0.000007,0,1,1,0,1,1
15466177,,0,0.00517,35,0.000007,0,1,1,0,1,1
15450124,,0,0.00517,35,0.000007,0,1,1,0,1,1
15385048,,0,0.00517,35,0.000007,0,1,1,0,1,1
15354216,,0,0.00517,35,0.000007,0,1,1,0,1,1
15345050,,0,0.00517,35,0.000007,0,1,1,0,1,1
15318924,,0,0.008602,35,0.000007,0,3,3,0,3,3
15318922,,0,0.00517,35,0.000007,0,1,1,0,1,1
15280533,,0,0.00517,35,0.000007,0,1,1,0,1,1
15272085,,0,0.00517,35,0.000007,0,1,1,0,1,1
15225356,,0,0.00517,35,0.000007,0,1,1,0,1,1
15215435,,0,0.00517,35,0.000007,0,1,1,0,1,1
15215434,,0,0.00517,35,0.000007,0,1,1,0,1,1
15186486,,0,0.00517,35,0.000007,0,1,1,0,1,1
15184677,,0,0.00517,35,0.000007,0,1,1,0,1,1
15161944,,0,0.00834,35,0.000007,0,2,2,0,2,2
15152076,,0,0.00517,35,0.000007,0,1,1,0,1,1
15138474,,0,0.005381,1,0.000007,0,3,3,0,3,3
15123585,,0,0.00517,35,0.000007,0,1,1,0,1,1
15119961,,0,0.005281,35,0.000007,0,2,2,0,2,2
15087504,,0,0.00517,35,0.000007,0,1,1,0,1,1
15084231,,0,0.00834,35,0.000007,0,2,2,0,2,2
15083181,,0,0.00517,35,0.000007,0,1,1,0,1,1
15082903,,0,0.00517,35,0.000007,0,1,1,0,1,1
15082792,,0,0.00517,35,0.000007,0,1,1,0,1,1
15082764,,0,0.00517,35,0.000007,0,1,1,0,1,1
15078854,,0,0.00517,35,0.000007,0,1,1,0,1,1
15068665,,0,0.00517,35,0.000007,0,1,1,0,1,1
15067324,,0,0.00517,35,0.000007,0,1,1,0,1,1
15054466,,0,0.00517,35,0.000007,0,1,1,0,1,1
15054465,,0,0.00517,35,0.000007,0,1,1,0,1,1
15039202,,0,0.00517,35,0.000007,0,1,1,0,1,1
15026788,,0,0.00834,35,0.000007,0,2,2,0,2,2
15005798,,0,0.00517,35,0.000007,0,1,1,0,1,1
14982960,,0,0.00517,35,0.000007,0,1,1,0,1,1
14982844,,0,0.00517,35,0.000007,0,1,1,0,1,1
14982834,,0,0.00517,35,0.000007,0,1,1,0,1,1
14979917,,0,0.00517,35,0.000007,0,1,1,0,1,1
14979914,,0,0.00834,35,0.000007,0,2,2,0,2,2
14970848,,0,0.00517,35,0.000007,0,1,1,0,1,1
14966261,,0,0.00517,35,0.000007,0,1,1,0,1,1
14737219,,0,0.00517,35,0.000007,0,1,1,0,1,1
14710232,,0,0.00517,35,0.000007,0,1,1,0,1,1
14695316,,0,0.00517,35,0.000007,0,1,1,0,1,1
14695315,,0,0.00517,35,0.000007,0,1,1,0,1,1
14690479,,0,0.00517,35,0.000007,0,1,1,0,1,1
14681477,,0,0.00517,35,0.000007,0,1,1,0,1,1
14676790,,0,0.00517,35,0.000007,0,1,1,0,1,1
14668360,,0,0.00517,35,0.000007,0,1,1,0,1,1
14665696,,0,0.00517,35,0.000007,0,1,1,0,1,1
14659020,,0,0.00518,35,0.000007,0,2,2,0,2,2
14613556,,0,0.00517,35,0.000007,0,1,1,0,1,1
14583755,,0,0.005246,35,0.000007,0,3,3,0,3,3
14580246,,0,0.00834,35,0.000007,0,2,2,0,2,2
14580243,,0,0.00517,35,0.000007,0,1,1,0,1,1
14551912,,0,0.00517,35,0.000007,0,1,1,0,1,1
12975311,,0,0.00517,35,0.000007,0,1,1,0,1,1
12963810,,0,0.00517,35,0.000007,0,1,1,0,1,1
12953101,,0,0.00517,35,0.000007,0,1,1,0,1,1
12917485,,0,0.00517,35,0.000007,0,1,1,0,1,1
12890740,,0,0.00517,35,0.000007,0,1,1,0,1,1
12875974,,0,0.00517,35,0.000007,0,1,1,0,1,1
12865923,,0,0.00517,35,0.000007,0,1,1,0,1,1
12840047,,0,0.00517,35,0.000007,0,1,1,0,1,1
12824416,,0,0.00517,35,0.000007,0,1,1,0,1,1
12808139,,0,0.00517,35,0.000007,0,1,1,0,1,1
12805619,,0,0.00517,35,0.000007,0,1,1,0,1,1
12801425,,0,0.00517,35,0.000007,0,1,1,0,1,1
12799623,,0,0.00517,35,0.000007,0,1,1,0,1,1
12793897,,0,0.00517,35,0.000007,0,1,1,0,1,1
12746500,,0,0.00517,35,0.000007,0,1,1,0,1,1
12734014,,0,0.00517,35,0.000007,0,1,1,0,1,1
12727912,,0,0.00517,35,0.000007,0,1,1,0,1,1
12718743,,0,0.00517,35,0.000007,0,1,1,0,1,1
12714683,,0,0.00517,35,0.000007,0,1,1,0,1,1
12697066,,0,0.00517,35,0.000007,0,1,1,0,1,1
12671691,,0,0.00517,35,0.000007,0,1,1,0,1,1
12671006,,0,0.00517,35,0.000007,0,1,1,0,1,1
12657164,,0,0.00517,35,0.000007,0,1,1,0,1,1
12651875,,0,0.00517,35,0.000007,0,1,1,0,1,1
12631389,,0,0.00517,35,0.000007,0,1,1,0,1,1
12620106,,0,0.00517,35,0.000007,0,1,1,0,1,1
12559048,,0,0.00517,35,0.000007,0,1,1,0,1,1
12559041,,0,0.00517,35,0.000007,0,1,1,0,1,1
12547696,,0,0.00517,35,0.000007,0,1,1,0,1,1
12460461,,0,0.00517,35,0.000007,0,1,1,0,1,1
12409475,,0,0.00517,35,0.000007,0,1,1,0,1,1
12208864,,0,0.00517,35,0.000007,0,1,1,0,1,1
12100738,,0,0.00517,35,0.000007,0,1,1,0,1,1
11914273,,0,0.00517,35,0.000007,0,1,1,0,1,1
11824249,,0,0,89,0.000009,1,0,1,1,0,1
11826460,,0.000001,0,5,0.000008,1,0,1,1,0,1
11830610,,0.003585,0,231,0.000177,60,0,60,60,0,60
29719442,,0,0.003822,5,0.000007,0,11,11,0,11,11
29506079,,0,0.001271,1,0.000007,0,8,8,0,8,8
27922010,,0,0.002883,1,0.000007,0,3,3,0,3,3
27595995,,0,0.003169,100,0.000007,0,11,11,0,11,11
26510020,,0.044387,0.027118,1,0.000574,259,14,273,259,14,273
26222560,,0,0.000068,231,0.000007,0,1,1,0,1,1
24564336,,0,0.000426,231,0.000007,0,3,3,0,3,3
24492614,,0,0.000072,137,0.000007,0,2,2,0,2,2
21792198,,0,0.00025,231,0.000007,0,2,2,0,2,2
19348699,,0,0.0001,231,0.000007,0,5,5,0,5,5
19153073,,0.001343,0.000289,231,0.000124,44,6,50,44,6,50
18674748,,0,0.000068,231,0.000007,0,1,1,0,1,1
18634022,,0,0.000187,231,0.000007,0,5,5,0,5,5
14970866,,0,0.000068,231,0.000007,0,1,1,0,1,1
30410429,,0,0.001172,140,0.000007,0,2,2,0,2,2
11832208,,0.06088,0,100,0.001349,384,0,384,384,0,384
30296263,,0,0.002411,100,0.000007,0,8,8,0,8,8
30235328,,0,0.001233,184,0.000007,0,4,4,0,4,4
30116283,,0,0.024354,1,0.000007,0,27,27,0,27,27
30112437,,0,0.001327,279,0.000007,0,3,3,0,3,3
30001383,,0,0.001278,100,0.000007,0,2,2,0,2,2
29953367,,0,0.009498,1,0.000007,0,9,9,0,9,9
29938573,,0,0.006687,100,0.000007,0,18,18,0,18,18
29860504,,0,0.001161,100,0.000007,0,1,1,0,1,1
29309945,,0,0.011952,205,0.000007,0,18,18,0,18,18
29254387,,0,0.00419,205,0.000007,0,12,12,0,12,12
29240257,,0.000018,0.004035,184,0.000014,2,23,25,2,23,25
28938488,,0,0.003206,184,0.000007,0,9,9,0,9,9
28831696,,0,0.003253,184,0.000007,0,22,22,0,22,22
28476184,,0,0.004437,184,0.000007,0,22,22,0,22,22
28449691,,0,0.002638,5,0.000007,0,6,6,0,6,6
28442756,,0,0.014222,1,0.000007,0,13,13,0,13,13
28359295,,0,0.004647,1,0.000007,0,6,6,0,6,6
28256598,,0,0.001467,1,0.000007,0,2,2,0,2,2
28222073,,0.002254,0.032382,1,0.000008,4,20,24,4,20,24
28180300,,0,0.004977,100,0.000007,0,3,3,0,3,3
28049253,,0,0.007939,1,0.000007,0,6,6,0,6,6
28025559,,0,0.013717,1,0.000007,0,7,7,0,7,7
27909985,,0,0.001161,100,0.000007,0,1,1,0,1,1
27256873,,0.001896,0.032359,1,0.000009,4,15,19,4,15,19
27107135,,0,0.001376,100,0.000007,0,5,5,0,5,5
27060914,,0.000897,0.006865,1,0.000007,1,12,13,1,12,13
26992456,,0,0.001368,1,0.000007,0,4,4,0,4,4
26848770,,0,0.005907,100,0.000007,0,28,28,0,28,28
26817825,,0,0.001161,100,0.000007,0,1,1,0,1,1
26557882,,0,0.011001,1,0.000007,0,6,6,0,6,6
26467044,,0.000002,0.003258,5,0.000025,1,21,22,1,21,22
26378051,,0.000299,0.002304,232,0.000016,5,7,12,5,7,12
26301634,,0,0.001166,48,0.000007,0,2,2,0,2,2
25650659,,0.000762,0.001777,232,0.000065,15,5,20,15,5,20
25587053,,0,0.009475,69,0.000007,0,8,8,0,8,8
25512560,,0.000432,0.002801,100,0.000085,20,4,24,20,4,24
25348552,,0,0.001238,231,0.000007,0,9,9,0,9,9
25216266,,0.000238,0.001633,35,0.000143,29,5,34,29,5,34
25166505,,0,0.003541,100,0.000007,0,6,6,0,6,6
24970653,,0,0.001932,1,0.000007,0,6,6,0,6,6
24926436,,0,0.001485,1,0.000007,0,2,2,0,2,2
24874729,,0,0.011326,1,0.000007,0,7,7,0,7,7
24847939,,0,0.001195,100,0.000007,0,4,4,0,4,4
24811059,,0,0.001306,41,0.000007,0,5,5,0,5,5
24798488,,0,0.001304,111,0.000007,0,5,5,0,5,5
24642354,,0.000168,0.001743,184,0.000023,7,14,21,7,14,21
24265793,,0.004879,0.025177,1,0.000101,33,16,49,33,16,49
24219164,,0,0.021452,1,0.000007,0,8,8,0,8,8
24156623,,0,0.001161,100,0.000007,0,1,1,0,1,1
23819860,,0,0.001161,100,0.000007,0,1,1,0,1,1
23663786,,0,0.001161,100,0.000007,0,1,1,0,1,1
23236423,,0,0.001161,100,0.000007,0,1,1,0,1,1
23204505,,0.000585,0.001394,41,0.000088,15,6,21,15,6,21
23047548,,0.031825,0.024862,1,0.000192,77,16,93,77,16,93
22347416,,0,0.003885,1,0.000007,0,11,11,0,11,11
22227970,,0,0.001161,57,0.000037,5,2,7,5,2,7
22112941,,0,0.012818,1,0.000007,0,6,6,0,6,6
22088982,,0,0.001161,100,0.000007,0,1,1,0,1,1
22032831,,0,0.00119,184,0.000007,0,2,2,0,2,2
21816818,,0,0.001202,100,0.000007,0,2,2,0,2,2
21672282,,0,0.002494,35,0.000007,0,4,4,0,4,4
21573160,,0,0.001161,100,0.000007,0,1,1,0,1,1
21354798,,0,0.001482,35,0.000007,0,2,2,0,2,2
21282113,,0,0.00433,100,0.000007,0,11,11,0,11,11
21188122,,0,0.001626,231,0.000007,0,6,6,0,6,6
20802015,,0,0.027443,1,0.000007,0,14,14,0,14,14
20371343,,0,0.001454,100,0.000007,0,3,3,0,3,3
20090883,,0,0.003436,100,0.000013,1,10,11,1,10,11
19933147,,0,0.01392,35,0.000007,0,13,13,0,13,13
19781088,,0,0.002068,100,0.000007,0,6,6,0,6,6
19506039,,0,0.001177,100,0.000007,0,2,2,0,2,2
19258535,,0,0.002383,100,0.000007,0,4,4,0,4,4
19003240,,0,0.001226,87,0.000025,3,3,6,3,3,6
18957201,,0,0.001357,100,0.000007,0,2,2,0,2,2
18778768,,0,0.001161,100,0.000007,0,1,1,0,1,1
18647827,,0,0.001226,100,0.000007,0,2,2,0,2,2
18356318,,0,0.003719,82,0.000007,0,4,4,0,4,4
17452982,,0,0.00131,100,0.000007,0,2,2,0,2,2
17189429,,0,0.001161,100,0.000007,0,1,1,0,1,1
17012842,,0,0.002654,5,0.000013,1,4,5,1,4,5
16923957,,0,0.001161,100,0.000007,0,1,1,0,1,1
16149916,,0,0.001936,100,0.000007,0,3,3,0,3,3
15359272,,0,0.002405,100,0.000007,0,4,4,0,4,4
15143195,,0,0.001161,100,0.000007,0,1,1,0,1,1
15065656,,0,0.001161,100,0.000007,0,1,1,0,1,1
12154123,,0,0.001161,100,0.000007,0,1,1,0,1,1
24013561,,0,0.003278,100,0.000007,0,7,7,0,7,7
11835392,,0.000438,0,100,0.000039,11,0,11,11,0,11
23969417,,0,0.00186,100,0.000007,0,5,5,0,5,5
16733262,,0,0.000367,100,0.000007,0,4,4,0,4,4
16523492,,0,0.000051,100,0.000007,0,2,2,0,2,2
15929725,,0,0.000008,100,0.000007,0,1,1,0,1,1
14872059,,0,0.000008,100,0.000007,0,1,1,0,1,1
11836499,,0.013892,0,100,0.000437,114,0,114,114,0,114
30197300,,0,0.000305,100,0.000007,0,2,2,0,2,2
29565730,,0,0.000471,176,0.000007,0,2,2,0,2,2
29360988,,0,0.000336,2,0.000007,0,3,3,0,3,3
28481221,,0,0.011875,1,0.000007,0,11,11,0,11,11
28184196,,0,0.000265,100,0.000007,0,1,1,0,1,1
26125600,,0,0.000504,100,0.000007,0,3,3,0,3,3
25688741,,0.000004,0.000538,82,0.000041,9,5,14,9,5,14
25486562,,0,0.000295,57,0.000007,0,4,4,0,4,4
25376608,,0,0.008453,100,0.000007,0,5,5,0,5,5
24536047,,0,0.000265,100,0.000007,0,1,1,0,1,1
23844225,,0,0.000299,100,0.000007,0,5,5,0,5,5
23451128,,0,0.000265,264,0.000055,8,1,9,8,1,9
23345434,,0,0.000265,100,0.000007,0,1,1,0,1,1
23262375,,0,0.000265,100,0.000007,0,1,1,0,1,1
22280838,,0,0.000321,205,0.000007,0,2,2,0,2,2
21659603,,0,0.001659,100,0.000007,0,2,2,0,2,2
21518433,,0,0.000332,100,0.000007,0,2,2,0,2,2
21301228,,0,0.000273,279,0.000007,0,2,2,0,2,2
20459605,,0,0.000265,100,0.000007,0,1,1,0,1,1
20407641,,0,0.000461,100,0.000007,0,2,2,0,2,2
19956445,,0,0.000265,100,0.000007,0,1,1,0,1,1
19843584,,0,0.000281,184,0.000007,0,2,2,0,2,2
19047172,,0,0.000265,100,0.000007,0,1,1,0,1,1
17580291,,0,0.00053,100,0.000007,0,2,2,0,2,2
17000754,,0,0.01531,100,0.000007,0,13,13,0,13,13
16547171,,0,0.000492,100,0.000007,0,3,3,0,3,3
16314514,,0,0.000312,100,0.000007,0,3,3,0,3,3
15897185,,0,0.000265,100,0.000007,0,1,1,0,1,1
15479790,,0,0.000275,176,0.000007,0,2,2,0,2,2
15096610,,0.001349,0.000467,100,0.000146,39,2,41,39,2,41
14767054,,0,0.000265,100,0.000007,0,1,1,0,1,1
12917350,,0,0.000467,100,0.000007,0,2,2,0,2,2
12356735,,0,0.000623,231,0.000007,0,2,2,0,2,2
24678344,,0,0.000046,89,0.000007,0,5,5,0,5,5
11836613,,0.000001,0,89,0.000008,1,0,1,1,0,1
11843247,,0.000258,0,89,0.000009,3,0,3,3,0,3
11844822,,0.001335,0,89,0.00002,12,0,12,12,0,12
23099400,,0,0.001597,5,0.000007,0,3,3,0,3,3
19088722,,0.001354,0.000477,5,0.000029,25,6,31,25,6,31
11846741,,0.0005,0,89,0.00001,6,0,6,6,0,6
25390069,,0,0,35,0.000007,0,1,1,0,1,1
11846806,,0.00002,0,35,0.000042,7,0,7,7,0,7
24363201,,0,0.000175,35,0.000007,0,3,3,0,3,3
22640800,,0,0,35,0.000007,0,1,1,0,1,1
22179681,,0,0,35,0.000007,0,1,1,0,1,1
20392931,,0,0,35,0.000007,0,1,1,0,1,1
19164485,,0,0,35,0.000007,0,1,1,0,1,1
11848488,,0.000001,0,89,0.000008,1,0,1,1,0,1
29312466,,0,0.000287,89,0.000007,0,4,4,0,4,4
27711073,,0,0.000263,231,0.000007,0,5,5,0,5,5
27061411,,0,0.000142,231,0.000007,0,1,1,0,1,1
25674498,,0.000011,0.000868,231,0.000007,1,18,19,1,18,19
24556621,,0,0.0017,231,0.000007,0,10,10,0,10,10
23785426,,0,0.000216,24,0.000007,0,2,2,0,2,2
23513042,,0,0.000404,5,0.000007,0,3,3,0,3,3
22572204,,0,0.003536,5,0.000007,0,9,9,0,9,9
20606088,,0,0.000271,5,0.000007,0,2,2,0,2,2
20418484,,0.00202,0.00415,231,0.000065,26,15,41,26,15,41
20299982,,0.000068,0.000178,231,0.000041,9,2,11,9,2,11
19457262,,0,0.000285,5,0.000007,0,2,2,0,2,2
18973698,,0,0.000828,231,0.000007,0,6,6,0,6,6
17660460,,0,0.000142,231,0.000007,0,1,1,0,1,1
17367212,,0,0.000192,35,0.000007,0,2,2,0,2,2
17029623,,0,0.000207,231,0.000007,0,2,2,0,2,2
11857075,,0.002104,0,231,0.000054,21,0,21,21,0,21
22787161,,0,0.00004,231,0.000007,0,1,1,0,1,1
17285125,,0,0.00004,231,0.000007,0,1,1,0,1,1
12046074,,0,0.000046,35,0.000007,0,2,2,0,2,2
11857083,,0.004488,0,100,0.000049,26,0,26,26,0,26
26206670,,0,0.000229,100,0.000007,0,4,4,0,4,4
25028150,,0,0.010071,1,0.000007,0,5,5,0,5,5
19165203,,0,0.003814,35,0.000007,0,4,4,0,4,4
16382133,,0,0.000086,100,0.000007,0,1,1,0,1,1
15123826,,0,0.000086,100,0.000007,0,1,1,0,1,1
14576316,,0,0.000151,100,0.000007,0,2,2,0,2,2
12682366,,0,0.000086,100,0.000007,0,1,1,0,1,1
11857409,,0.000294,0,35,0.000032,9,0,9,9,0,9
20678196,,0,0.000767,35,0.000007,0,4,4,0,4,4
17210687,,0,0.000006,35,0.000007,0,1,1,0,1,1
11857748,,0.000225,0,89,0.000009,3,0,3,3,0,3
11857749,,0.001619,0,89,0.00002,13,0,13,13,0,13
11859870,,0.000003,0,89,0.000008,1,0,1,1,0,1
30181190,,0,0.00187,5,0.000007,0,21,21,0,21,21
11870168,,0.007016,0,5,0.00007,62,0,62,62,0,62
29261187,,0.000066,0.000412,5,0.000007,1,5,6,1,5,6
28820644,,0,0.0077,5,0.000007,0,14,14,0,14,14
27081677,,0,0.003303,35,0.000007,0,2,2,0,2,2
26597091,,0,0.00071,5,0.000007,0,2,2,0,2,2
19684876,,0,0.001774,5,0.000007,0,13,13,0,13,13
19620492,,0,0.000196,5,0.000007,0,6,6,0,6,6
15863761,,0,0.000134,5,0.000007,0,1,1,0,1,1
12488578,,0,0.000013,5,0.000007,0,1,1,0,1,1
11871866,,0.001045,0,1,0.000028,8,0,8,8,0,8
30445982,,0,0.000105,100,0.000007,0,3,3,0,3,3
30341375,,0,0.000053,279,0.000007,0,2,2,0,2,2
29018245,,0,0.000053,100,0.000007,0,1,1,0,1,1
28345606,,0,0.000093,100,0.000007,0,2,2,0,2,2
28188027,,0,0.000093,100,0.000007,0,2,2,0,2,2
27834926,,0,0.000087,89,0.000007,0,4,4,0,4,4
27546791,,0,0.001927,100,0.000007,0,5,5,0,5,5
27432896,,0,0.000053,100,0.000007,0,1,1,0,1,1
27371829,,0,0.000105,100,0.000007,0,3,3,0,3,3
26727879,,0,0.003267,100,0.000007,0,8,8,0,8,8
26344695,,0,0.002308,100,0.000007,0,6,6,0,6,6
24814347,,0,0.000053,100,0.000007,0,1,1,0,1,1
22864287,,0,0.000093,100,0.000007,0,2,2,0,2,2
22606048,,0,0.001214,100,0.000007,0,4,4,0,4,4
22355127,,0,0.000175,57,0.000007,0,2,2,0,2,2
22034884,,0,0.000053,100,0.000007,0,1,1,0,1,1
21748595,,0,0.000053,100,0.000007,0,1,1,0,1,1
21061422,,0,0.000066,176,0.000007,0,2,2,0,2,2
20686496,,0,0.000257,100,0.000007,0,4,4,0,4,4
20516128,,0,0.000093,100,0.000007,0,2,2,0,2,2
20100603,,0,0.000058,100,0.000007,0,2,2,0,2,2
19804756,,0,0.001359,100,0.000007,0,7,7,0,7,7
19656881,,0,0.000576,100,0.000007,0,3,3,0,3,3
19558684,,0,0.000093,100,0.000007,0,2,2,0,2,2
18647606,,0,0.00021,100,0.000007,0,4,4,0,4,4
18485870,,0,0.000053,100,0.000007,0,1,1,0,1,1
17043355,,0,0.000295,100,0.000007,0,3,3,0,3,3
17015838,,0,0.000093,100,0.000007,0,2,2,0,2,2
16951253,,0,0.000093,100,0.000007,0,2,2,0,2,2
16397295,,0,0.000108,100,0.000007,0,3,3,0,3,3
16260621,,0,0.000295,100,0.000007,0,3,3,0,3,3
15576564,,0,0.001533,100,0.000007,0,5,5,0,5,5
14739927,,0,0.000255,100,0.000007,0,2,2,0,2,2
12124396,,0,0.000053,100,0.000007,0,1,1,0,1,1
11877386,,0.000778,0,279,0.0001,23,0,23,23,0,23
29343581,,0,0.000015,279,0.000007,0,1,1,0,1,1
27430939,,0,0.000015,279,0.000007,0,1,1,0,1,1
26824233,,0,0.000015,279,0.000007,0,1,1,0,1,1
25551597,,0,0.000015,279,0.000007,0,1,1,0,1,1
25225275,,0,0.000015,279,0.000007,0,1,1,0,1,1
24816991,,0,0.000015,279,0.000007,0,1,1,0,1,1
24529183,,0,0.000015,279,0.000007,0,1,1,0,1,1
23251605,,0,0.000015,279,0.000007,0,1,1,0,1,1
22693426,,0,0.000015,279,0.000007,0,1,1,0,1,1
21896722,,0,0.000015,279,0.000007,0,1,1,0,1,1
21412415,,0,0.000015,279,0.000007,0,1,1,0,1,1
21314915,,0,0.000015,279,0.000007,0,1,1,0,1,1
20920096,,0,0.000031,279,0.000007,0,2,2,0,2,2
20831784,,0,0.000015,279,0.000007,0,1,1,0,1,1
30234108,,0,0.033563,1,0.000007,0,27,27,0,27,27
27940962,,0,0.000131,176,0.000007,0,3,3,0,3,3
25815132,,0,0.000215,89,0.000007,0,4,4,0,4,4
28448241,,0,0.001527,231,0.000007,0,16,16,0,16,16
26539502,,0,0.000316,89,0.000007,0,4,4,0,4,4
25861037,,0,0.000282,89,0.000007,0,4,4,0,4,4
23971979,,0,0.001165,89,0.000007,0,16,16,0,16,16
23001122,,0,0.000459,231,0.000007,0,3,3,0,3,3
20138719,,0,0.000091,89,0.000007,0,5,5,0,5,5
28847966,,0,0.00001,89,0.000007,0,1,1,0,1,1
28631396,,0,0.00001,89,0.000007,0,1,1,0,1,1
22494239,,0,0.000059,89,0.000007,0,2,2,0,2,2
21978436,,0,0.000328,89,0.000007,0,4,4,0,4,4
21441351,,0,0.00001,89,0.000007,0,1,1,0,1,1
16399804,,0,0.00001,89,0.000007,0,1,1,0,1,1
11883525,,0.000581,0,35,0.000031,8,0,8,8,0,8
25096367,,0,0.003181,35,0.000007,0,2,2,0,2,2
23437193,,0,0.000011,35,0.000007,0,1,1,0,1,1
19458756,,0,0.003181,35,0.000007,0,2,2,0,2,2
15810978,,0,0.000011,35,0.000007,0,1,1,0,1,1
11888924,,0.00324,0,35,0.001032,22,0,22,22,0,22
22695319,,0,0.000062,35,0.000007,0,1,1,0,1,1
22416774,,0,0.000722,69,0.000007,0,3,3,0,3,3
20957431,,0,0.003893,89,0.000007,0,5,5,0,5,5
19675743,,0,0.000062,35,0.000007,0,1,1,0,1,1
18945356,,0,0.000062,35,0.000007,0,1,1,0,1,1
18413646,,0,0.000062,35,0.000007,0,1,1,0,1,1
17945336,,0,0.000062,35,0.000007,0,1,1,0,1,1
16556665,,0,0.000062,35,0.000007,0,1,1,0,1,1
12876205,,0,0.000062,35,0.000007,0,1,1,0,1,1
27313730,,0,0.000057,100,0.000007,0,2,2,0,2,2
11889597,,0.000526,0,90,0.000016,6,0,6,6,0,6
28184943,,0,0.001584,5,0.000007,0,31,31,0,31,31
11890937,,0.000528,0,41,0.000029,13,0,13,13,0,13
24281081,,0,0.00001,41,0.000007,0,1,1,0,1,1
18159959,,0,0.00001,41,0.000007,0,1,1,0,1,1
11894135,,0.005406,0,1,0.000031,17,0,17,17,0,17
11896095,,0.024834,0,140,0.000282,206,0,206,206,0,206
29928469,,0,0.007115,35,0.000007,0,30,30,0,30,30
29601120,,0,0.013321,1,0.000007,1,28,29,1,28,29
29020732,,0.000468,0.004364,1,0.000008,2,18,20,2,18,20
28962650,,0,0.000816,5,0.000007,0,8,8,0,8,8
28222693,,0,0.00136,140,0.000007,0,21,21,0,21,21
27552275,,0,0.002868,5,0.000007,0,18,18,0,18,18
26976419,,0.001964,0.012138,5,0.00004,34,28,62,34,28,62
26126726,,0,0.012932,205,0.000007,0,15,15,0,15,15
25626062,,0,0.004027,5,0.000007,0,15,15,0,15,15
24992205,,0,0.000748,5,0.000007,0,8,8,0,8,8
24841841,,0.000118,0.001659,5,0.000009,5,5,10,5,5,10
24736066,,0,0.000474,140,0.000007,0,1,1,0,1,1
22640420,,0,0.00091,140,0.000007,0,6,6,0,6,6
22585702,,0,0.000474,140,0.000007,0,1,1,0,1,1
21532833,,0,0.000474,140,0.000007,0,1,1,0,1,1
21285249,,0.008374,0.013609,100,0.000109,58,18,76,58,18,76
20813970,,0,0.000474,140,0.000007,0,1,1,0,1,1
20393304,,0,0.000474,140,0.000007,0,1,1,0,1,1
20061960,,0.000962,0.003277,5,0.000057,27,21,48,27,21,48
28830564,,0,0.000029,5,0.000007,0,2,2,0,2,2
11896106,,0.001366,0,5,0.000056,18,0,18,18,0,18
26355559,,0,0.000026,5,0.000007,0,1,1,0,1,1
23737681,,0,0.002534,5,0.000007,0,6,6,0,6,6
23528302,,0,0.000026,5,0.000007,0,1,1,0,1,1
22970327,,0,0.007462,5,0.000007,0,2,2,0,2,2
21625941,,0,0.000026,5,0.000007,0,1,1,0,1,1
18615684,,0,0.000065,5,0.000007,0,2,2,0,2,2
16424057,,0,0.000026,5,0.000007,0,1,1,0,1,1
22644297,,0,0.000001,48,0.000007,0,2,2,0,2,2
11896751,,0.000042,0,48,0.000017,3,0,3,3,0,3
19754665,,0,0.000001,48,0.000007,0,1,1,0,1,1
11899391,,0.000058,0,89,0.000008,2,0,2,2,0,2
11899651,,0.000018,0,89,0.000009,1,0,1,1,0,1
11900216,,0.000434,0,5,0.000013,5,0,5,5,0,5
20680422,,0,0.000181,5,0.000007,0,7,7,0,7,7
11900873,,0.000226,0,231,0.000017,4,0,4,4,0,4
14633958,,0,0.000004,231,0.000007,0,1,1,0,1,1
11900881,,0.000814,0,100,0.000029,8,0,8,8,0,8
30128072,,0,0.000001,57,0.000007,0,1,1,0,1,1
11901212,,0.000029,0,57,0.000048,8,0,8,8,0,8
26416514,,0,0.000001,57,0.000007,0,1,1,0,1,1
20551639,,0,0.000001,57,0.000007,0,1,1,0,1,1
19429872,,0,0.000001,57,0.000007,0,1,1,0,1,1
15642697,,0,0.000028,57,0.000007,0,2,2,0,2,2
12925764,,0,0.000001,57,0.000007,0,1,1,0,1,1
12698201,,0,0.000001,57,0.000007,0,1,1,0,1,1
29956080,,0,0.00002,198,0.000007,0,1,1,0,1,1
11906437,,0.001052,0,198,0.000118,29,0,29,29,0,29
28881990,,0,0.00002,198,0.000007,0,2,2,0,2,2
27810681,,0,0.00002,198,0.000007,0,1,1,0,1,1
26939018,,0,0.00002,198,0.000007,0,1,1,0,1,1
26692524,,0,0.000022,198,0.000007,0,3,3,0,3,3
26188694,,0,0.004021,198,0.000007,0,6,6,0,6,6
25549947,,0,0.000024,198,0.000007,0,2,2,0,2,2
25540638,,0,0.000023,5,0.000007,0,2,2,0,2,2
25315014,,0,0.000853,35,0.000007,0,5,5,0,5,5
21811518,,0,0.00014,198,0.000007,0,3,3,0,3,3
21413009,,0,0.00002,198,0.000007,0,1,1,0,1,1
20584344,,0,0.000027,279,0.000007,0,4,4,0,4,4
20175484,,0,0.000062,198,0.000007,0,4,4,0,4,4
19923106,,0,0.00002,198,0.000007,0,1,1,0,1,1
19170235,,0,0.00002,198,0.000007,0,1,1,0,1,1
18850210,,0,0.00002,198,0.000007,0,1,1,0,1,1
18404942,,0,0.00002,198,0.000007,0,1,1,0,1,1
15987443,,0,0.00002,198,0.000007,0,1,1,0,1,1
11906441,,0.000064,0,90,0.00002,3,0,3,3,0,3
20654663,,0,0.000001,90,0.000007,0,1,1,0,1,1
12927029,,0,0.000001,90,0.000007,0,1,1,0,1,1
30275440,,0,0.000015,41,0.000007,0,1,1,0,1,1
29467415,,0,0.000643,41,0.000007,0,3,3,0,3,3
28761356,,0,0.000015,41,0.000007,0,1,1,0,1,1
28330811,,0,0.000264,231,0.000007,0,3,3,0,3,3
28324443,,0,0.000015,41,0.000007,0,1,1,0,1,1
27613841,,0,0.000015,41,0.000007,0,1,1,0,1,1
26304019,,0,0.000015,41,0.000007,0,1,1,0,1,1
26130715,,0,0.000015,41,0.000007,0,1,1,0,1,1
25076968,,0,0.000015,41,0.000007,0,1,1,0,1,1
24500421,,0,0.000148,1,0.000007,0,4,4,0,4,4
24137565,,0,0.00936,1,0.000007,0,5,5,0,5,5
23704969,,0,0.000015,41,0.000007,0,1,1,0,1,1
23642098,,0,0.000015,41,0.000007,0,1,1,0,1,1
23316050,,0,0.000015,41,0.000007,0,1,1,0,1,1
22432057,,0,0.000015,41,0.000007,0,1,1,0,1,1
22281126,,0,0.000015,41,0.000007,0,1,1,0,1,1
22041025,,0,0.000015,41,0.000007,0,1,1,0,1,1
21420246,,0,0.000015,41,0.000007,0,1,1,0,1,1
21183466,,0,0.000015,41,0.000007,0,1,1,0,1,1
21167187,,0,0.000015,41,0.000007,0,1,1,0,1,1
18682529,,0,0.008841,41,0.000007,0,2,2,0,2,2
18423806,,0,0.000015,41,0.000007,0,1,1,0,1,1
18348985,,0,0.000221,41,0.000007,0,2,2,0,2,2
17425776,,0,0.000015,41,0.000007,0,1,1,0,1,1
15867196,,0,0.000015,41,0.000007,0,1,1,0,1,1
15653642,,0,0.000015,41,0.000007,0,1,1,0,1,1
15107487,,0,0.000015,41,0.000007,0,1,1,0,1,1
14500814,,0,0.000015,41,0.000007,0,1,1,0,1,1
12930978,,0,0.000015,41,0.000007,0,1,1,0,1,1
23797995,,0,0.000008,35,0.000007,0,1,1,0,1,1
11911798,,0.000431,0,35,0.000076,17,0,17,17,0,17
23144955,,0,0.000008,35,0.000007,0,1,1,0,1,1
22898692,,0,0.000008,35,0.000007,0,1,1,0,1,1
21448905,,0,0.000008,35,0.000007,0,1,1,0,1,1
20011613,,0,0.000017,35,0.000007,0,2,2,0,2,2
19190712,,0,0.000076,35,0.000007,0,2,2,0,2,2
19118496,,0,0.000008,35,0.000007,0,1,1,0,1,1
17519038,,0,0.000008,35,0.000007,0,1,1,0,1,1
15528515,,0,0.000008,35,0.000007,0,1,1,0,1,1
15492234,,0,0.000008,35,0.000007,0,1,1,0,1,1
29109532,,0,0.000029,87,0.000007,0,1,1,0,1,1
11916966,,0.001519,0,87,0.00016,35,0,35,35,0,35
29088888,,0,0.000029,69,0.000007,0,2,2,0,2,2
29038465,,0,0.000029,87,0.000007,0,1,1,0,1,1
28492540,,0,0.000029,87,0.000007,0,1,1,0,1,1
28454513,,0,0.000049,87,0.000007,0,2,2,0,2,2
28077802,,0,0.000029,87,0.000007,0,1,1,0,1,1
27548225,,0,0.000067,87,0.000007,0,3,3,0,3,3
26874464,,0.000019,0.000982,231,0.000024,4,2,6,4,2,6
25669971,,0,0.000029,87,0.000007,0,1,1,0,1,1
25594046,,0,0.000029,87,0.000007,0,1,1,0,1,1
25174825,,0,0.000029,87,0.000007,0,1,1,0,1,1
24719420,,0,0.000029,87,0.000007,0,1,1,0,1,1
24074563,,0,0.000029,87,0.000007,0,1,1,0,1,1
23770854,,0,0.000029,87,0.000007,0,1,1,0,1,1
23558965,,0,0.000096,87,0.000007,0,4,4,0,4,4
23034180,,0,0.000032,87,0.000007,0,3,3,0,3,3
22381618,,0,0.000029,87,0.000007,0,2,2,0,2,2
18505829,,0,0.000029,87,0.000007,0,1,1,0,1,1
17267499,,0,0.000042,87,0.000007,0,2,2,0,2,2
16893473,,0,0.000029,87,0.000007,0,1,1,0,1,1
11920551,,0.001137,0,5,0.000026,14,0,14,14,0,14
21467941,,0,0.000035,5,0.000007,0,3,3,0,3,3
14970868,,0,0.000022,5,0.000007,0,1,1,0,1,1
30263132,,0,0.001395,89,0.000007,0,51,51,0,51,51
11920621,,0.002636,0,89,0.000024,21,0,21,21,0,21
27652277,,0,0.00005,89,0.000007,0,1,1,0,1,1
26487968,,0,0.000109,89,0.000007,0,3,3,0,3,3
24212815,,0,0.000078,89,0.000007,0,4,4,0,4,4
11920628,,0.000949,0,100,0.000011,6,0,6,6,0,6
11920643,,0.00016,0,89,0.000017,3,0,3,3,0,3
11921186,,0.002432,0,100,0.00004,15,0,15,15,0,15
29104507,,0,0.00058,231,0.000007,0,11,11,0,11,11
27812322,,0,0.000046,100,0.000007,0,1,1,0,1,1
17304337,,0,0.000046,100,0.000007,0,1,1,0,1,1
15987787,,0,0.00007,100,0.000007,0,2,2,0,2,2
22513257,,0,0.002632,231,0.000007,0,11,11,0,11,11
11921193,,0.000571,0,231,0.000031,9,0,9,9,0,9
12578971,,0,0.000011,231,0.000007,0,1,1,0,1,1
11921194,,0.000234,0,279,0.000051,11,0,11,11,0,11
27482331,,0,0.000004,279,0.000007,0,1,1,0,1,1
23984390,,0,0.000004,279,0.000007,0,1,1,0,1,1
23687512,,0,0.000004,279,0.000007,0,1,1,0,1,1
18848529,,0,0.000039,279,0.000007,0,3,3,0,3,3
18174961,,0,0.000004,279,0.000007,0,1,1,0,1,1
17612574,,0,0.000004,279,0.000007,0,1,1,0,1,1
16789472,,0,0.000004,279,0.000007,0,1,1,0,1,1
30082279,,0,0.000076,100,0.000007,0,2,2,0,2,2
11923292,,0.00396,0,100,0.000253,57,0,57,57,0,57
27419043,,0,0.000076,100,0.000007,0,1,1,0,1,1
27001513,,0,0.00079,100,0.000007,0,5,5,0,5,5
25259924,,0,0.001478,184,0.000007,0,3,3,0,3,3
24556991,,0,0.001024,232,0.000007,0,5,5,0,5,5
24141787,,0,0.004771,100,0.000007,0,21,21,0,21,21
24036913,,0,0.000076,100,0.000007,0,1,1,0,1,1
22912580,,0,0.000635,100,0.000007,0,3,3,0,3,3
22778135,,0,0.001049,100,0.000007,0,5,5,0,5,5
22194698,,0,0.001519,100,0.000007,0,5,5,0,5,5
22027841,,0,0.000466,100,0.000007,0,3,3,0,3,3
21464277,,0,0.000076,100,0.000007,0,1,1,0,1,1
20489199,,0,0.001003,100,0.000007,0,5,5,0,5,5
19622740,,0,0.000076,100,0.000007,0,1,1,0,1,1
19133161,,0,0.000076,100,0.000007,0,1,1,0,1,1
18982066,,0,0.000076,100,0.000007,0,1,1,0,1,1
17947332,,0,0.000076,100,0.000007,0,1,1,0,1,1
17302439,,0,0.000076,100,0.000007,0,1,1,0,1,1
17030607,,0,0.000344,100,0.000007,0,2,2,0,2,2
16382157,,0,0.000452,100,0.000007,0,3,3,0,3,3
16354685,,0,0.00064,100,0.000007,0,3,3,0,3,3
15944450,,0,0.000076,100,0.000007,0,1,1,0,1,1
12736307,,0,0.000076,100,0.000007,0,1,1,0,1,1
12192033,,0,0.000076,100,0.000007,0,1,1,0,1,1
11925436,,0.007224,0,100,0.000096,49,0,49,49,0,49
26091525,,0,0.000184,100,0.000007,0,4,4,0,4,4
21636853,,0,0.000182,90,0.000007,0,2,2,0,2,2
20844588,,0,0.00016,247,0.000007,0,2,2,0,2,2
20221251,,0,0.000138,100,0.000007,0,1,1,0,1,1
18021396,,0,0.000138,100,0.000007,0,1,1,0,1,1
11927492,,0.010377,0,89,0.000084,49,0,49,49,0,49
23853209,,0.000237,0.000926,5,0.000016,8,16,24,8,16,24
28418854,,0,0.00012,231,0.000007,0,14,14,0,14,14
11927503,,0.000417,0,231,0.000047,15,0,15,15,0,15
26558807,,0,0.000008,231,0.000007,0,1,1,0,1,1
26496279,,0,0.001544,231,0.000007,0,9,9,0,9,9
26102504,,0,0.000012,231,0.000007,0,2,2,0,2,2
19568851,,0,0.000008,231,0.000007,0,1,1,0,1,1
16857995,,0,0.000021,231,0.000007,0,2,2,0,2,2
11927591,,0.00649,0,100,0.000209,55,0,55,55,0,55
29142135,,0,0.000124,100,0.000007,0,1,1,0,1,1
27459543,,0,0.000124,100,0.000007,0,1,1,0,1,1
27323858,,0,0.000124,100,0.000007,0,1,1,0,1,1
27120463,,0,0.000124,100,0.000007,0,1,1,0,1,1
26231201,,0,0.000124,100,0.000007,0,1,1,0,1,1
26085183,,0,0.000338,100,0.000007,0,2,2,0,2,2
24756092,,0.000157,0.000137,231,0.00002,4,3,7,4,3,7
24652853,,0,0.001701,100,0.000007,0,6,6,0,6,6
23983124,,0,0.000124,100,0.000007,0,1,1,0,1,1
22649782,,0,0.003403,100,0.000007,0,9,9,0,9,9
21981143,,0,0.00026,100,0.000007,0,3,3,0,3,3
18485199,,0,0.000124,100,0.000007,0,1,1,0,1,1
17222803,,0,0.000124,100,0.000007,0,1,1,0,1,1
15596852,,0,0.000124,100,0.000007,0,1,1,0,1,1
12629039,,0,0.000264,100,0.000007,0,3,3,0,3,3
29271107,,0,0.00501,205,0.000007,0,26,26,0,26,26
11933198,,0.000513,0,140,0.000026,5,0,5,5,0,5
11933205,,0.00016,0,89,0.000014,3,0,3,3,0,3
16327748,,0,0.000003,89,0.000007,0,1,1,0,1,1
11938448,,0.00053,0,89,0.000011,5,0,5,5,0,5
11943588,,0.000391,0,100,0.00003,7,0,7,7,0,7
29707532,,0,0.000013,89,0.000007,0,1,1,0,1,1
27657702,,0,0.000013,89,0.000007,0,1,1,0,1,1
26598080,,0,0.000043,89,0.000007,0,3,3,0,3,3
23977663,,0,0.000014,89,0.000007,0,2,2,0,2,2
23150026,,0,0.000014,89,0.000007,0,2,2,0,2,2
22418777,,0,0.000013,89,0.000007,0,1,1,0,1,1
22129893,,0,0.000013,89,0.000007,0,1,1,0,1,1
19383894,,0,0.000013,89,0.000007,0,1,1,0,1,1
18505952,,0,0.000131,89,0.000007,0,4,4,0,4,4
16891826,,0,0.000014,89,0.000007,0,2,2,0,2,2
16842617,,0,0.000023,89,0.000007,0,2,2,0,2,2
15652000,,0,0.000048,89,0.000007,0,2,2,0,2,2
29867264,,0,0.000226,5,0.000007,0,3,3,0,3,3
28812325,,0,0.000384,5,0.000007,1,9,10,1,9,10
25600375,,0,0.00001,5,0.000007,0,2,2,0,2,2
25132793,,0.000098,0.002177,5,0.000012,5,8,13,5,8,13
22792104,,0,0.000023,5,0.000007,0,3,3,0,3,3
18394587,,0,0.000009,5,0.000007,0,1,1,0,1,1
16434991,,0,0.000009,5,0.000007,0,1,1,0,1,1
11956270,,0.001244,0,5,0.000016,8,0,8,8,0,8
19144138,,0,0.000445,5,0.000007,0,7,7,0,7,7
11956301,,0.001086,0,279,0.000014,7,0,7,7,0,7
11956590,,0.000102,0,89,0.000007,1,0,1,1,0,1
25286040,,0,0,48,0.000007,0,1,1,0,1,1
11962614,,0.000002,0,48,0.000054,9,0,9,9,0,9
25120750,,0,0,48,0.000007,0,1,1,0,1,1
23761446,,0,0,48,0.000007,0,1,1,0,1,1
21606133,,0,0,48,0.000007,0,1,1,0,1,1
20960509,,0,0.000002,48,0.000007,0,2,2,0,2,2
19081778,,0,0,48,0.000007,0,1,1,0,1,1
17343750,,0,0,48,0.000007,0,1,1,0,1,1
14966920,,0,0,48,0.000007,0,1,1,0,1,1
11964925,,0.000454,0,5,0.00002,8,0,8,8,0,8
30256826,,0,0.000532,205,0.000007,0,9,9,0,9,9
11967536,,0.018795,0,231,0.000436,232,0,232,232,0,232
29661218,,0,0.000358,231,0.000007,0,1,1,0,1,1
29479983,,0,0.0006,231,0.000007,0,16,16,0,16,16
29458332,,0,0.000883,205,0.000007,0,14,14,0,14,14
29445900,,0,0.001057,231,0.000007,0,8,8,0,8,8
29093764,,0.000041,0.006537,89,0.000007,1,15,16,1,15,16
29092024,,0,0.000499,89,0.000007,0,2,2,0,2,2
28553140,,0,0.000617,231,0.000007,0,15,15,0,15,15
28514723,,0,0.001574,231,0.000007,0,14,14,0,14,14
28263311,,0,0.007794,69,0.000007,0,2,2,0,2,2
27708748,,0,0.000643,231,0.000007,0,6,6,0,6,6
27528712,,0,0.000358,231,0.000007,0,1,1,0,1,1
27365426,,0,0.000514,231,0.000007,0,2,2,0,2,2
26835363,,0,0.002931,100,0.000007,0,5,5,0,5,5
26480299,,0,0.000498,231,0.000007,0,4,4,0,4,4
26014596,,0,0.005061,231,0.000007,0,23,23,0,23,23
25958056,,0.000939,0.004217,231,0.000008,3,9,12,3,9,12
25945795,,0.000561,0.000811,231,0.000062,20,2,22,20,2,22
25751625,,0,0.000767,231,0.000007,0,4,4,0,4,4
25652398,,0,0.00059,231,0.000007,0,3,3,0,3,3
25506515,,0,0.002751,198,0.000007,0,12,12,0,12,12
25431674,,0,0.000748,231,0.000007,0,24,24,0,24,24
25297947,,0,0.001337,205,0.000007,0,8,8,0,8,8
25112280,,0,0.000895,231,0.000007,0,3,3,0,3,3
24918820,,0.000776,0.001725,231,0.000013,11,18,29,11,18,29
24548884,,0,0.003019,231,0.000007,0,5,5,0,5,5
24376897,,0,0.000414,231,0.000007,0,2,2,0,2,2
23946381,,0,0.000358,231,0.000007,0,1,1,0,1,1
23755153,,0,0.000358,231,0.000007,0,1,1,0,1,1
23652375,,0.000142,0.000888,231,0.000018,7,17,24,7,17,24
23211700,,0.000664,0.001708,231,0.000018,6,7,13,6,7,13
23109706,,0,0.000647,231,0.000007,0,6,6,0,6,6
22960999,,0,0.000358,231,0.000007,0,1,1,0,1,1
22527104,,0,0.001877,231,0.000007,0,5,5,0,5,5
22294761,,0,0.000811,231,0.000007,0,2,2,0,2,2
22072393,,0.000737,0.00168,231,0.000037,13,10,23,13,10,23
21949660,,0,0.000546,89,0.000007,0,3,3,0,3,3
21569354,,0.000116,0.000454,231,0.000011,2,6,8,2,6,8
21507882,,0,0.001113,100,0.000007,0,3,3,0,3,3
21424380,,0,0.000511,168,0.000007,0,4,4,0,4,4
21244692,,0.001341,0.001558,231,0.000051,35,13,48,35,13,48
21187953,,0,0.000358,231,0.000007,0,1,1,0,1,1
20976247,,0,0.000358,231,0.000007,0,1,1,0,1,1
20729852,,0,0.000358,231,0.000007,0,1,1,0,1,1
20669227,,0,0.000449,231,0.000007,0,2,2,0,2,2
20548946,,0,0.000358,231,0.000007,0,1,1,0,1,1
20223004,,0,0.000485,231,0.000007,0,3,3,0,3,3
20110418,,0,0.001929,100,0.000007,0,5,5,0,5,5
20106545,,0,0.000544,35,0.000007,0,7,7,0,7,7
19725991,,0.000519,0.001864,1,0.000011,4,5,9,4,5,9
19607694,,0,0.003513,231,0.000007,0,8,8,0,8,8
19000599,,0,0.002514,5,0.000007,0,6,6,0,6,6
18559625,,0,0.000394,231,0.000007,0,2,2,0,2,2
17200668,,0,0.001622,100,0.000007,0,5,5,0,5,5
16848977,,0,0.000528,231,0.000007,0,4,4,0,4,4
16539695,,0,0.000585,231,0.000007,0,7,7,0,7,7
15492928,,0,0.000426,231,0.000007,0,3,3,0,3,3
12663536,,0,0.000358,231,0.000007,0,1,1,0,1,1
11972384,,0.000012,0,1,0.000012,2,0,2,2,0,2
11979449,,0.00407,0,140,0.000033,27,0,27,27,0,27
27561088,,0,0.000234,1,0.000007,0,6,6,0,6,6
24824029,,0,0.002112,140,0.000016,2,9,11,2,9,11
11981002,,0.031537,0,5,0.000442,184,0,184,184,0,184
29620248,,0,0.000601,5,0.000007,0,1,1,0,1,1
29311933,,0,0.000601,5,0.000007,0,1,1,0,1,1
29261144,,0,0.00158,1,0.000007,0,11,11,0,11,11
29179446,,0,0.000792,35,0.000007,0,2,2,0,2,2
28615971,,0,0.001,89,0.000007,0,7,7,0,7,7
28211614,,0,0.00281,5,0.000007,0,12,12,0,12,12
28138868,,0,0.007256,1,0.000019,2,8,10,2,8,10
27811964,,0,0.014054,1,0.000007,0,6,6,0,6,6
27609190,,0,0.000651,35,0.000007,0,2,2,0,2,2
27601076,,0.000753,0.009598,231,0.000037,14,13,27,14,13,27
26504151,,0,0.000681,5,0.000007,0,6,6,0,6,6
26161039,,0,0.004401,35,0.000007,0,7,7,0,7,7
26088128,,0.000012,0.001649,35,0.000042,8,5,13,8,5,13
25885960,,0,0.001129,35,0.000007,0,3,3,0,3,3
25881743,,0.000429,0.029532,1,0.000057,15,17,32,15,17,32
25531440,,0,0.000932,100,0.000007,0,3,3,0,3,3
25354142,,0,0.000601,5,0.000007,0,1,1,0,1,1
25277819,,0,0.001141,5,0.000007,0,8,8,0,8,8
24839032,,0,0.000776,35,0.000007,0,3,3,0,3,3
24701358,,0,0.000601,5,0.000007,0,1,1,0,1,1
24699941,,0,0.000602,66,0.000007,0,2,2,0,2,2
24449499,,0,0.000776,35,0.000007,0,2,2,0,2,2
24171766,,0.000009,0.003209,231,0.000013,3,15,18,3,15,18
23813303,,0.000174,0.007382,35,0.00004,10,18,28,10,18,28
23558900,,0.011473,0.020596,1,0.000049,51,19,70,51,19,70
23184400,,0.000229,0.004417,5,0.00002,11,19,30,11,19,30
23042933,,0,0.000601,5,0.000007,0,1,1,0,1,1
22351618,,0.001546,0.001978,231,0.000052,19,13,32,19,13,32
21990134,,0.005412,0.001935,140,0.000094,59,15,74,59,15,74
21935911,,0.000875,0.003574,5,0.000019,13,14,27,13,14,27
21596841,,0,0.001227,231,0.000007,0,7,7,0,7,7
21593217,,0.002895,0.00353,231,0.000093,35,21,56,35,21,56
21206711,,0,0.00628,1,0.000007,0,7,7,0,7,7
21152100,,0,0.001427,35,0.000007,0,6,6,0,6,6
20852631,,0.009756,0.004612,231,0.000534,167,15,182,167,15,182
19828073,,0,0.00092,35,0.000007,0,2,2,0,2,2
19125127,,0,0.000656,5,0.000007,0,4,4,0,4,4
18726992,,0,0.003771,35,0.000007,0,2,2,0,2,2
18523885,,0.000659,0.002912,231,0.000031,7,5,12,7,5,12
18437558,,0,0.003801,231,0.000007,0,3,3,0,3,3
18216219,,0,0.000645,90,0.000007,0,2,2,0,2,2
29983873,,0,0.003335,1,0.000007,0,11,11,0,11,11
11983207,,0.000064,0,1,0.000014,2,0,2,2,0,2
26214306,,0,0.000001,1,0.000007,0,1,1,0,1,1
30181285,,0,0.00002,137,0.000007,0,1,1,0,1,1
30101008,,0,0.00002,137,0.000007,0,1,1,0,1,1
29142067,,0,0.000022,137,0.000007,0,2,2,0,2,2
28923911,,0,0.000037,69,0.000007,0,3,3,0,3,3
28880866,,0,0.00002,137,0.000007,0,1,1,0,1,1
28852180,,0,0.00002,137,0.000007,0,1,1,0,1,1
28637836,,0,0.00002,137,0.000007,0,1,1,0,1,1
28446681,,0,0.00002,137,0.000007,0,1,1,0,1,1
28440457,,0,0.00002,137,0.000007,0,1,1,0,1,1
28378118,,0,0.00002,137,0.000007,0,1,1,0,1,1
28147343,,0,0.00002,137,0.000007,0,1,1,0,1,1
27775704,,0,0.000384,137,0.000007,0,2,2,0,2,2
27617574,,0,0.00002,137,0.000007,0,1,1,0,1,1
27602772,,0,0.00002,137,0.000007,0,1,1,0,1,1
27539729,,0,0.00002,176,0.000007,0,2,2,0,2,2
27486754,,0,0.00002,137,0.000007,0,1,1,0,1,1
27313991,,0,0.00002,137,0.000007,0,1,1,0,1,1
26894970,,0,0.00002,137,0.000007,0,1,1,0,1,1
26735015,,0,0.00002,137,0.000007,0,1,1,0,1,1
26691508,,0,0.00002,137,0.000007,0,1,1,0,1,1
26427040,,0,0.00002,137,0.000007,0,1,1,0,1,1
26183718,,0,0.00002,137,0.000007,0,1,1,0,1,1
25999914,,0,0.000067,100,0.000007,0,2,2,0,2,2
25869207,,0,0.00002,137,0.000007,0,1,1,0,1,1
25823025,,0,0.00002,137,0.000007,0,1,1,0,1,1
25528767,,0,0.00002,137,0.000007,0,1,1,0,1,1
25499975,,0,0.00002,137,0.000007,0,1,1,0,1,1
25347739,,0,0.00002,137,0.000007,0,1,1,0,1,1
25333033,,0,0.000037,137,0.000007,0,2,2,0,2,2
25071166,,0,0.00002,137,0.000007,0,1,1,0,1,1
24958265,,0,0.000037,137,0.000007,0,2,2,0,2,2
24789872,,0,0.00002,137,0.000007,0,1,1,0,1,1
24553121,,0,0.008846,137,0.000007,0,2,2,0,2,2
24309437,,0,0.00002,137,0.000007,0,1,1,0,1,1
24013231,,0,0.00002,137,0.000007,0,1,1,0,1,1
23906881,,0,0.00002,137,0.000007,0,1,1,0,1,1
23752226,,0,0.00002,137,0.000007,0,1,1,0,1,1
23634284,,0,0.007456,137,0.000007,0,2,2,0,2,2
23535568,,0,0.00002,137,0.000007,0,1,1,0,1,1
23071356,,0,0.00002,137,0.000007,0,1,1,0,1,1
22479600,,0,0.00002,137,0.000007,0,1,1,0,1,1
22337808,,0,0.00002,137,0.000007,0,1,1,0,1,1
22202195,,0,0.00002,137,0.000007,0,1,1,0,1,1
22190494,,0,0.000071,279,0.000007,0,2,2,0,2,2
21961992,,0,0.00002,137,0.000007,0,1,1,0,1,1
21951562,,0.000181,0.001103,24,0.000032,6,7,13,6,7,13
21949357,,0,0.00002,137,0.000007,0,1,1,0,1,1
21908617,,0,0.00002,137,0.000007,0,1,1,0,1,1
21747916,,0,0.00002,137,0.000007,0,1,1,0,1,1
21531700,,0,0.00002,137,0.000007,0,1,1,0,1,1
21505065,,0,0.00002,137,0.000007,0,1,1,0,1,1
21136972,,0,0.00002,137,0.000007,0,1,1,0,1,1
21068393,,0,0.00002,137,0.000007,0,1,1,0,1,1
20832751,,0,0.00002,137,0.000007,0,1,1,0,1,1
20737197,,0,0.00002,137,0.000007,0,1,1,0,1,1
20628494,,0,0.00002,137,0.000007,0,1,1,0,1,1
20610385,,0,0.00002,137,0.000007,0,1,1,0,1,1
20519624,,0,0.00002,137,0.000007,0,1,1,0,1,1
20364083,,0,0.00002,137,0.000007,0,1,1,0,1,1
20206243,,0,0.00002,137,0.000007,0,1,1,0,1,1
20194507,,0,0.00002,137,0.000007,0,1,1,0,1,1
19844192,,0,0.00002,137,0.000007,0,1,1,0,1,1
19801443,,0,0.00002,137,0.000007,0,1,1,0,1,1
19798449,,0,0.00019,89,0.000007,0,4,4,0,4,4
19348861,,0,0.00002,137,0.000007,0,1,1,0,1,1
19276364,,0,0.00002,137,0.000007,0,1,1,0,1,1
19010892,,0,0.00002,137,0.000007,0,1,1,0,1,1
19009557,,0,0.00002,137,0.000007,0,1,1,0,1,1
18981238,,0,0.00002,137,0.000007,0,1,1,0,1,1
18815372,,0,0.00002,137,0.000007,0,1,1,0,1,1
18809582,,0,0.000116,137,0.000007,0,2,2,0,2,2
18763282,,0,0.00002,137,0.000007,0,1,1,0,1,1
18667080,,0,0.00002,137,0.000007,0,1,1,0,1,1
18645623,,0,0.00002,137,0.000007,0,1,1,0,1,1
18593912,,0,0.00002,137,0.000007,0,1,1,0,1,1
18560566,,0,0.00002,137,0.000007,0,1,1,0,1,1
18498649,,0,0.00002,137,0.000007,0,1,1,0,1,1
18488021,,0,0.00002,137,0.000007,0,1,1,0,1,1
18408012,,0,0.00002,137,0.000007,0,1,1,0,1,1
18335064,,0,0.00002,137,0.000007,0,1,1,0,1,1
18059478,,0,0.00002,137,0.000007,0,1,1,0,1,1
18032916,,0,0.00002,137,0.000007,0,1,1,0,1,1
18003922,,0,0.00002,137,0.000007,0,1,1,0,1,1
17599065,,0,0.00002,137,0.000007,0,1,1,0,1,1
17452451,,0,0.00002,137,0.000007,0,1,1,0,1,1
17264126,,0,0.00002,137,0.000007,0,1,1,0,1,1
17093053,,0,0.00002,137,0.000007,0,1,1,0,1,1
16998186,,0,0.00002,137,0.000007,0,1,1,0,1,1
16899113,,0,0.00002,137,0.000007,0,1,1,0,1,1
15988031,,0,0.00002,137,0.000007,0,1,1,0,1,1
15933209,,0,0.00002,137,0.000007,0,1,1,0,1,1
15811177,,0,0.00002,137,0.000007,0,1,1,0,1,1
15717328,,0,0.00002,137,0.000007,0,1,1,0,1,1
15708562,,0,0.00002,137,0.000007,0,1,1,0,1,1
15371555,,0,0.00002,137,0.000007,0,1,1,0,1,1
15367674,,0,0.00002,137,0.000007,0,1,1,0,1,1
15240922,,0,0.00002,137,0.000007,0,1,1,0,1,1
15199147,,0,0.00002,137,0.000007,0,1,1,0,1,1
15005803,,0,0.00002,137,0.000007,0,1,1,0,1,1
14966287,,0,0.00002,137,0.000007,0,1,1,0,1,1
14645547,,0,0.00002,137,0.000007,0,1,1,0,1,1
14630974,,0,0.00002,137,0.000007,0,1,1,0,1,1
14583781,,0,0.00002,137,0.000007,0,1,1,0,1,1
14560010,,0,0.00002,137,0.000007,0,1,1,0,1,1
14519204,,0,0.00002,137,0.000007,0,1,1,0,1,1
12970171,,0,0.00002,137,0.000007,0,1,1,0,1,1
12832487,,0,0.00002,137,0.000007,0,1,1,0,1,1
12829833,,0,0.00002,137,0.000007,0,1,1,0,1,1
12702757,,0,0.00002,137,0.000007,0,1,1,0,1,1
12695333,,0,0.00002,137,0.000007,0,1,1,0,1,1
12464677,,0,0.00002,137,0.000007,0,1,1,0,1,1
12027803,,0,0.00002,137,0.000007,0,1,1,0,1,1
11983876,,0,0.00002,137,0.000007,0,1,1,0,1,1
11988246,,0.003192,0,5,0.000063,41,0,41,41,0,41
28122442,,0,0.000061,5,0.000007,0,1,1,0,1,1
24849045,,0,0.000246,5,0.000007,0,6,6,0,6,6
24647776,,0.000003,0.000615,5,0.000013,2,13,15,2,13,15
23180995,,0.000111,0.000871,5,0.000058,18,10,28,18,10,28
20398406,,0,0.000061,5,0.000007,0,1,1,0,1,1
18556141,,0,0.000084,231,0.000007,0,2,2,0,2,2
11991861,,0.000107,0,35,0.000027,4,0,4,4,0,4
19197975,,0,0.000002,35,0.000007,0,1,1,0,1,1
12869696,,0,0.000002,35,0.000007,0,1,1,0,1,1
12642676,,0,0.000002,35,0.000007,0,1,1,0,1,1
30071682,,0,0,73,0.000007,0,1,1,0,1,1
11996364,,0,0,73,0.000043,6,0,6,6,0,6
27879771,,0,0,73,0.000007,0,1,1,0,1,1
27879715,,0,0,73,0.000007,0,1,1,0,1,1
22397486,,0,0,73,0.000007,0,1,1,0,1,1
17957666,,0,0,73,0.000007,0,1,1,0,1,1
15922364,,0,0,73,0.000007,0,1,1,0,1,1
12006538,,0.0043,0,1,0.000018,11,0,11,11,0,11
23346316,,0,0.019248,1,0.000007,0,11,11,0,11,11
12007633,,0.000037,0,1,0.000011,2,0,2,2,0,2
28184177,,0,0.000038,35,0.000007,0,2,2,0,2,2
12011077,,0.001166,0,35,0.000068,13,0,13,13,0,13
24396025,,0,0.000022,35,0.000007,0,1,1,0,1,1
23061905,,0,0.000022,35,0.000007,0,1,1,0,1,1
21490621,,0,0.000022,35,0.000007,0,1,1,0,1,1
19035457,,0,0.000022,35,0.000007,0,1,1,0,1,1
12011131,,0.00359,0,5,0.000049,28,0,28,28,0,28
28492537,,0,0.00012,205,0.000007,0,5,5,0,5,5
27261491,,0,0.000086,279,0.000007,0,3,3,0,3,3
25279303,,0,0.000068,5,0.000007,0,1,1,0,1,1
24246787,,0,0.000068,5,0.000007,0,1,1,0,1,1
23071240,,0,0.000068,5,0.000007,0,1,1,0,1,1
12013534,,0.000552,0,5,0.000018,4,0,4,4,0,4
12014998,,0.000663,0,89,0.000017,9,0,9,9,0,9
12019146,,0.000603,0,89,0.000012,8,0,8,8,0,8
26546047,,0,0.000888,205,0.000007,0,9,9,0,9,9
24096489,,0,0.000256,1,0.000007,0,3,3,0,3,3
23328114,,0,0.000362,231,0.000007,0,4,4,0,4,4
12019214,,0.000597,0,231,0.000026,8,0,8,8,0,8
22110403,,0.001851,0.00396,231,0.000083,32,27,59,32,27,59
19864167,,0,0.000224,231,0.000007,0,3,3,0,3,3
18187509,,0,0.003326,231,0.000007,0,3,3,0,3,3
29433565,,0,0.000138,89,0.000007,0,9,9,0,9,9
12023985,,0.000515,0,231,0.000053,23,0,23,23,0,23
28749098,,0,0.000166,89,0.000007,0,7,7,0,7,7
26629080,,0,0.000067,231,0.000007,0,5,5,0,5,5
25120693,,0,0.015496,1,0.000007,0,3,3,0,3,3
24728564,,0,0.000749,231,0.000007,0,9,9,0,9,9
23961365,,0,0.00001,231,0.000007,0,1,1,0,1,1
23825379,,0,0.00001,231,0.000007,0,1,1,0,1,1
22464251,,0,0.000773,231,0.000007,0,7,7,0,7,7
19318553,,0,0.000011,231,0.000007,0,2,2,0,2,2
17587451,,0,0.00001,231,0.000007,0,1,1,0,1,1
30428865,,0,0.000458,5,0.000007,0,6,6,0,6,6
12023992,,0.022032,0,5,0.000336,177,0,177,177,0,177
29921600,,0,0.001513,5,0.000007,0,6,6,0,6,6
28706410,,0,0.00042,5,0.000007,0,1,1,0,1,1
28470451,,0,0.001364,205,0.000007,0,12,12,0,12,12
28382802,,0,0.003723,5,0.000007,0,12,12,0,12,12
27775259,,0,0.001625,5,0.000007,0,8,8,0,8,8
27407871,,0,0.00042,5,0.000007,0,1,1,0,1,1
26866579,,0,0.00101,5,0.000007,0,3,3,0,3,3
26822943,,0,0.00096,5,0.000007,0,2,2,0,2,2
26487094,,0,0.003744,5,0.000007,0,8,8,0,8,8
26264902,,0,0.00599,5,0.000007,0,32,32,0,32,32
26076164,,0,0.008323,69,0.000013,1,8,9,1,8,9
26076150,,0,0.00121,5,0.000007,0,4,4,0,4,4
25606063,,0,0.002707,5,0.000007,0,7,7,0,7,7
25473754,,0,0.010656,69,0.000007,0,21,21,0,21,21
25329515,,0,0.000984,5,0.000007,0,3,3,0,3,3
25311111,,0.000901,0.003859,5,0.000015,7,17,24,7,17,24
23667792,,0,0.00096,5,0.000007,0,2,2,0,2,2
23535505,,0,0.002376,5,0.000007,0,6,6,0,6,6
22940489,,0.000146,0.002335,5,0.000037,9,9,18,9,9,18
22808427,,0,0.000984,5,0.000007,0,3,3,0,3,3
21991547,,0,0.000984,5,0.000007,0,3,3,0,3,3
21903887,,0,0.002667,5,0.000007,0,9,9,0,9,9
21893500,,0,0.001052,5,0.000007,0,4,4,0,4,4
21750769,,0,0.000984,5,0.000007,0,3,3,0,3,3
21286375,,0,0.001327,5,0.000007,0,4,4,0,4,4
20876346,,0.000581,0.001705,5,0.000025,17,13,30,17,13,30
20145191,,0,0.00042,5,0.000007,0,1,1,0,1,1
20093870,,0,0.001314,5,0.000007,0,3,3,0,3,3
19471559,,0,0.000472,89,0.000007,0,2,2,0,2,2
18612378,,0,0.001211,69,0.000007,0,5,5,0,5,5
17325391,,0,0.000474,5,0.000007,0,2,2,0,2,2
16476744,,0,0.00042,5,0.000007,0,1,1,0,1,1
12023993,,0.028338,0,5,0.000333,214,0,214,214,0,214
28018734,,0,0.00054,5,0.000007,0,1,1,0,1,1
27447168,,0,0.001957,5,0.000007,0,15,15,0,15,15
27014911,,0,0.00054,5,0.000007,0,1,1,0,1,1
26504631,,0,0.00054,5,0.000007,0,1,1,0,1,1
25494812,,0.001543,0.004119,5,0.000024,22,14,36,22,14,36
23635555,,0,0.000631,231,0.000007,0,2,2,0,2,2
23434903,,0,0.00058,231,0.000007,0,3,3,0,3,3
23011509,,0.000096,0.001238,231,0.000007,1,9,10,1,9,10
22355468,,0,0.024812,5,0.000007,0,11,11,0,11,11
21950907,,0,0.000564,5,0.000007,0,2,2,0,2,2
20492690,,0,0.00054,5,0.000007,0,1,1,0,1,1
20233474,,0,0.00054,5,0.000007,0,1,1,0,1,1
19491898,,0,0.00054,5,0.000007,0,1,1,0,1,1
19383821,,0,0.00054,5,0.000007,0,1,1,0,1,1
19141360,,0,0.003104,5,0.000007,0,6,6,0,6,6
18190722,,0,0.00054,5,0.000007,0,1,1,0,1,1
15535853,,0,0.00054,5,0.000007,0,1,1,0,1,1
12631391,,0,0.00054,5,0.000007,0,1,1,0,1,1
12024000,,0.000293,0,5,0.000015,8,0,8,8,0,8
25232247,,0,0.000906,5,0.000007,0,6,6,0,6,6
29843366,,0,0.000055,100,0.000007,0,1,1,0,1,1
27781158,,0.000003,0.000385,90,0.000018,3,11,14,3,11,14
25996291,,0,0.00012,57,0.000007,0,2,2,0,2,2
25742798,,0,0.000055,100,0.000007,0,1,1,0,1,1
24454532,,0,0.000163,100,0.000007,0,2,2,0,2,2
22935706,,0,0.000055,100,0.000007,0,1,1,0,1,1
22723347,,0,0.000055,100,0.000007,0,1,1,0,1,1
21445011,,0,0.000057,100,0.000007,0,2,2,0,2,2
20615380,,0,0.000065,279,0.000007,0,2,2,0,2,2
19522844,,0,0.000731,100,0.000007,0,8,8,0,8,8
16120219,,0,0.000055,100,0.000007,0,1,1,0,1,1
15044691,,0,0.000055,100,0.000007,0,1,1,0,1,1
29467934,,0,0.000088,279,0.000007,0,2,2,0,2,2
26951623,,0,0.000086,279,0.000007,0,1,1,0,1,1
26469082,,0,0.000088,279,0.000007,0,2,2,0,2,2
26195635,,0,0.000086,279,0.000007,0,1,1,0,1,1
25926557,,0,0.000091,35,0.000007,0,2,2,0,2,2
25617049,,0,0.000088,279,0.000007,0,2,2,0,2,2
25533459,,0,0.000088,279,0.000007,0,2,2,0,2,2
25304686,,0.000833,0.007552,69,0.000113,26,4,30,26,4,30
22589537,,0,0.00026,176,0.000007,0,4,4,0,4,4
21672207,,0,0.000088,279,0.000007,0,2,2,0,2,2
21170314,,0,0.000086,279,0.000007,0,1,1,0,1,1
21116130,,0,0.000086,279,0.000007,0,1,1,0,1,1
19746225,,0,0.000086,279,0.000007,0,1,1,0,1,1
19656913,,0,0.000088,279,0.000007,0,2,2,0,2,2
16287871,,0,0.000088,279,0.000007,0,2,2,0,2,2
15047822,,0,0.000086,279,0.000007,0,1,1,0,1,1
29285301,,0,0.000017,231,0.000007,0,1,1,0,1,1
12036913,,0.000898,0,231,0.000178,46,0,46,46,0,46
29177190,,0,0.000075,231,0.000007,0,3,3,0,3,3
28684677,,0,0.00014,57,0.000007,0,10,10,0,10,10
28301870,,0,0.000017,231,0.000007,0,1,1,0,1,1
27852262,,0,0.000017,231,0.000007,0,1,1,0,1,1
27597141,,0,0.000017,231,0.000007,0,1,1,0,1,1
26521212,,0,0.000017,231,0.000007,0,1,1,0,1,1
26285011,,0,0.000093,89,0.000007,0,6,6,0,6,6
26191232,,0,0.000017,231,0.000007,0,1,1,0,1,1
25897948,,0,0.000028,231,0.000007,0,2,2,0,2,2
25890600,,0,0.000028,231,0.000007,0,2,2,0,2,2
25088806,,0,0.000017,231,0.000007,0,1,1,0,1,1
24324964,,0,0.000017,231,0.000007,0,1,1,0,1,1
24177181,,0,0.000017,231,0.000007,0,1,1,0,1,1
24083102,,0,0.000026,231,0.000007,0,2,2,0,2,2
23880798,,0,0.000017,231,0.000007,0,1,1,0,1,1
21897762,,0,0.000017,231,0.000007,0,1,1,0,1,1
21686133,,0,0.000017,231,0.000007,0,1,1,0,1,1
21527583,,0,0.000017,231,0.000007,0,2,2,0,2,2
20368557,,0,0.000017,231,0.000007,0,1,1,0,1,1
19401693,,0,0.000017,231,0.000007,0,1,1,0,1,1
19296215,,0,0.000017,231,0.000007,0,1,1,0,1,1
19147782,,0,0.000505,231,0.000007,0,3,3,0,3,3
18827819,,0,0.000017,231,0.000007,0,1,1,0,1,1
18566018,,0,0.000154,231,0.000007,0,6,6,0,6,6
18416817,,0,0.000128,231,0.000007,0,3,3,0,3,3
18413776,,0,0.000033,231,0.000007,0,2,2,0,2,2
18381943,,0,0.000017,231,0.000007,0,1,1,0,1,1
17577421,,0,0.000017,231,0.000007,0,1,1,0,1,1
12037674,,0.001018,0,140,0.000024,15,0,15,15,0,15
21673748,,0.001012,0.004428,140,0.000115,32,17,49,32,17,49
18951448,,0,0.001108,140,0.000007,0,12,12,0,12,12
12039933,,0.008187,0,5,0.00022,96,0,96,96,0,96
29611029,,0,0.001978,5,0.000007,0,29,29,0,29,29
28606030,,0,0.000285,5,0.000007,0,2,2,0,2,2
26969308,,0,0.000462,5,0.000007,0,15,15,0,15,15
26455498,,0.0001,0.000874,5,0.000017,8,23,31,8,23,31
26308087,,0,0.000183,5,0.000007,0,2,2,0,2,2
25986243,,0,0.000275,5,0.000007,0,7,7,0,7,7
25834725,,0,0.000156,5,0.000007,0,1,1,0,1,1
25589624,,0.014791,0.033923,1,0.000034,28,14,42,28,14,42
25232856,,0.000243,0.000388,5,0.000013,11,11,22,11,11,22
24422989,,0,0.000207,5,0.000007,0,5,5,0,5,5
24044145,,0,0.000289,5,0.000007,0,2,2,0,2,2
23561631,,0,0.000363,5,0.000007,0,6,6,0,6,6
23281916,,0,0.000156,5,0.000007,0,1,1,0,1,1
22922173,,0,0.000207,5,0.000007,0,3,3,0,3,3
22623597,,0,0.000156,5,0.000007,0,2,2,0,2,2
22350789,,0,0.000502,5,0.000007,0,2,2,0,2,2
21464556,,0,0.000224,5,0.000007,0,6,6,0,6,6
12711743,,0,0.000156,5,0.000007,0,1,1,0,1,1
12048272,,0.003603,0,5,0.000119,35,0,35,35,0,35
28770300,,0,0.000069,265,0.000007,0,2,2,0,2,2
22964868,,0.000091,0.003938,5,0.000008,1,13,14,1,13,14
22401137,,0.000401,0.002348,100,0.000015,4,7,11,4,7,11
22321913,,0,0.000099,5,0.000007,0,2,2,0,2,2
16169933,,0,0.000069,5,0.000007,0,1,1,0,1,1
12051865,,0.001445,0,69,0.000041,13,0,13,13,0,13
28592327,,0,0.000028,69,0.000007,0,1,1,0,1,1
26556439,,0,0.000028,69,0.000007,0,1,1,0,1,1
26425265,,0,0.000028,69,0.000007,0,1,1,0,1,1
24616569,,0,0.000028,69,0.000007,0,1,1,0,1,1
12051869,,0.001073,0,1,0.000019,6,0,6,6,0,6
12052018,,0.000664,0,5,0.000042,18,0,18,18,0,18
20361271,,0.000191,0.000128,5,0.000011,8,3,11,8,3,11
30401777,,0,0.000085,184,0.000007,0,1,1,0,1,1
12052432,,0.004459,0,184,0.000457,99,0,99,99,0,99
30064446,,0,0.000085,184,0.000007,0,1,1,0,1,1
29983620,,0,0.000085,184,0.000007,0,1,1,0,1,1
29928473,,0,0.000085,184,0.000007,0,1,1,0,1,1
29880898,,0,0.000085,184,0.000007,0,1,1,0,1,1
29779017,,0,0.000087,184,0.000007,0,3,3,0,3,3
29348875,,0,0.000085,184,0.000007,0,1,1,0,1,1
28846606,,0,0.000085,184,0.000007,0,1,1,0,1,1
28796034,,0,0.000085,184,0.000007,0,1,1,0,1,1
28771582,,0,0.000085,184,0.000007,0,1,1,0,1,1
28753207,,0,0.000085,184,0.000007,0,1,1,0,1,1
27611318,,0,0.00009,41,0.000007,0,2,2,0,2,2
27286977,,0,0.000085,184,0.000007,0,1,1,0,1,1
27036235,,0,0.000085,184,0.000007,0,1,1,0,1,1
26997981,,0,0.000085,184,0.000007,0,1,1,0,1,1
26887052,,0,0.000085,184,0.000007,0,1,1,0,1,1
26676666,,0,0.000085,184,0.000007,0,1,1,0,1,1
26670043,,0,0.000085,184,0.000007,0,1,1,0,1,1
26275295,,0,0.000085,184,0.000007,0,2,2,0,2,2
25834337,,0,0.000085,184,0.000007,0,1,1,0,1,1
25332048,,0,0.000103,24,0.000007,0,2,2,0,2,2
24516391,,0,0.000085,184,0.000007,0,1,1,0,1,1
24441188,,0,0.000392,1,0.000007,0,3,3,0,3,3
24413819,,0,0.000085,184,0.000007,0,1,1,0,1,1
24348211,,0,0.000085,184,0.000007,0,1,1,0,1,1
23913414,,0,0.000085,184,0.000007,0,1,1,0,1,1
23759584,,0,0.000085,184,0.000007,0,1,1,0,1,1
23576856,,0,0.000085,184,0.000007,0,1,1,0,1,1
23409158,,0,0.000085,184,0.000007,0,1,1,0,1,1
23118991,,0,0.000085,184,0.000007,0,1,1,0,1,1
23114086,,0,0.000085,184,0.000007,0,1,1,0,1,1
22737216,,0,0.000085,184,0.000007,0,1,1,0,1,1
22649613,,0,0.000085,184,0.000007,0,1,1,0,1,1
22494821,,0,0.000127,184,0.000007,0,2,2,0,2,2
22453932,,0,0.000085,184,0.000007,0,1,1,0,1,1
22135624,,0,0.000344,1,0.000007,0,4,4,0,4,4
22108238,,0,0.000103,184,0.000007,0,3,3,0,3,3
21911361,,0,0.000085,184,0.000007,0,1,1,0,1,1
21850662,,0,0.000085,184,0.000007,0,1,1,0,1,1
21680258,,0,0.000151,184,0.000007,0,2,2,0,2,2
21677822,,0,0.000116,184,0.000007,0,3,3,0,3,3
21518760,,0,0.000192,1,0.000007,0,3,3,0,3,3
21478459,,0,0.000095,176,0.000007,0,2,2,0,2,2
21299457,,0,0.000085,184,0.000007,0,1,1,0,1,1
21063772,,0,0.000085,184,0.000007,0,1,1,0,1,1
20592475,,0,0.000085,184,0.000007,0,1,1,0,1,1
20478024,,0,0.000085,184,0.000007,0,1,1,0,1,1
20470425,,0,0.000101,24,0.000007,0,2,2,0,2,2
20446816,,0,0.000085,184,0.000007,0,1,1,0,1,1
19840190,,0,0.000085,184,0.000007,0,1,1,0,1,1
19731086,,0,0.000085,184,0.000007,0,1,1,0,1,1
19672258,,0,0.000085,184,0.000007,0,1,1,0,1,1
19610133,,0,0.000085,184,0.000007,0,2,2,0,2,2
19585541,,0,0.000085,184,0.000007,0,1,1,0,1,1
19436735,,0,0.000085,184,0.000007,0,1,1,0,1,1
19268524,,0,0.000085,184,0.000007,0,1,1,0,1,1
18976116,,0,0.000085,184,0.000007,0,1,1,0,1,1
18940229,,0,0.000085,184,0.000007,0,1,1,0,1,1
18811964,,0,0.000085,184,0.000007,0,1,1,0,1,1
18690828,,0,0.000099,90,0.000007,0,2,2,0,2,2
18404453,,0,0.000085,184,0.000007,0,1,1,0,1,1
18324520,,0,0.000085,184,0.000007,0,1,1,0,1,1
17122630,,0,0.000085,184,0.000007,0,1,1,0,1,1
16378958,,0,0.000085,184,0.000007,0,1,1,0,1,1
16324212,,0,0.000085,184,0.000007,0,1,1,0,1,1
16322760,,0,0.000085,184,0.000007,0,1,1,0,1,1
15857507,,0,0.000085,184,0.000007,0,1,1,0,1,1
15507668,,0,0.000085,184,0.000007,0,1,1,0,1,1
15340075,,0,0.000085,184,0.000007,0,1,1,0,1,1
15024084,,0,0.000085,184,0.000007,0,1,1,0,1,1
14657347,,0,0.000085,184,0.000007,0,1,1,0,1,1
14585985,,0,0.000085,184,0.000007,0,1,1,0,1,1
12799467,,0,0.000085,184,0.000007,0,1,1,0,1,1
12656675,,0,0.000085,184,0.000007,0,1,1,0,1,1
12651612,,0,0.000085,184,0.000007,0,1,1,0,1,1
12605710,,0,0.000085,184,0.000007,0,1,1,0,1,1
29322285,,0,0.000002,5,0.000007,0,1,1,0,1,1
12058158,,0.000128,0,5,0.000103,19,0,19,19,0,19
28956949,,0,0.000002,5,0.000007,0,1,1,0,1,1
26832335,,0,0.000002,5,0.000007,0,1,1,0,1,1
25978836,,0,0.000002,5,0.000007,0,1,1,0,1,1
25374762,,0,0.000002,5,0.000007,0,1,1,0,1,1
25207510,,0,0.000002,5,0.000007,0,1,1,0,1,1
24749849,,0,0.000002,5,0.000007,0,1,1,0,1,1
22529040,,0,0.000002,5,0.000007,0,1,1,0,1,1
22370437,,0,0.000002,5,0.000007,0,1,1,0,1,1
22327806,,0,0.000002,5,0.000007,0,1,1,0,1,1
21235403,,0,0.000002,5,0.000007,0,1,1,0,1,1
19258830,,0,0.000002,5,0.000007,0,1,1,0,1,1
19105013,,0,0.000002,5,0.000007,0,1,1,0,1,1
17573300,,0,0.000002,5,0.000007,0,1,1,0,1,1
16307620,,0,0.000002,5,0.000007,0,1,1,0,1,1
12060539,,0.000025,0,231,0.000008,1,0,1,1,0,1
30333007,,0,0.000089,89,0.000007,0,1,1,0,1,1
30258273,,0,0.000089,89,0.000007,0,1,1,0,1,1
30182442,,0,0.000089,89,0.000007,0,1,1,0,1,1
29930488,,0,0.000089,89,0.000007,0,1,1,0,1,1
29878242,,0,0.000089,89,0.000007,0,1,1,0,1,1
29850152,,0,0.000089,89,0.000007,0,1,1,0,1,1
29755653,,0,0.000093,205,0.000007,0,2,2,0,2,2
29661901,,0,0.000089,89,0.000007,0,1,1,0,1,1
29651162,,0,0.000089,89,0.000007,0,1,1,0,1,1
29631625,,0,0.000089,89,0.000007,0,1,1,0,1,1
29568217,,0,0.000089,89,0.000007,0,1,1,0,1,1
29552179,,0,0.000089,89,0.000007,0,1,1,0,1,1
29506128,,0,0.00468,205,0.000007,0,13,13,0,13,13
29263846,,0,0.000089,89,0.000007,0,1,1,0,1,1
29178640,,0,0.000089,89,0.000007,0,1,1,0,1,1
29176389,,0,0.000089,89,0.000007,0,1,1,0,1,1
29172291,,0,0.000089,89,0.000007,0,1,1,0,1,1
29100317,,0,0.001095,89,0.000007,0,10,10,0,10,10
29069255,,0,0.000089,89,0.000007,0,1,1,0,1,1
29016837,,0,0.000089,89,0.000007,0,1,1,0,1,1
28981562,,0,0.000089,89,0.000007,0,1,1,0,1,1
28928368,,0,0.000089,89,0.000007,0,1,1,0,1,1
28874442,,0,0.000089,89,0.000007,0,1,1,0,1,1
28752844,,0,0.000089,89,0.000007,0,1,1,0,1,1
28724932,,0,0.000089,89,0.000007,0,1,1,0,1,1
28667292,,0,0.000089,89,0.000007,0,1,1,0,1,1
28643501,,0,0.000089,89,0.000007,0,1,1,0,1,1
28640505,,0,0.000089,89,0.000007,0,1,1,0,1,1
28616514,,0,0.000089,89,0.000007,0,1,1,0,1,1
28610567,,0,0.000089,89,0.000007,0,1,1,0,1,1
28591399,,0,0.000089,89,0.000007,0,1,1,0,1,1
28580102,,0,0.000089,90,0.000007,0,3,3,0,3,3
28545022,,0,0.000089,89,0.000007,0,1,1,0,1,1
28449315,,0,0.000089,89,0.000007,0,1,1,0,1,1
28423635,,0,0.000099,89,0.000007,0,2,2,0,2,2
28332368,,0,0.000089,89,0.000007,0,1,1,0,1,1
28270823,,0,0.000092,100,0.000007,0,2,2,0,2,2
28261513,,0,0.000089,89,0.000007,0,1,1,0,1,1
28231770,,0,0.000089,89,0.000007,0,1,1,0,1,1
28217639,,0,0.000089,89,0.000007,0,1,1,0,1,1
28122725,,0,0.000092,89,0.000007,0,2,2,0,2,2
28070114,,0,0.000089,89,0.000007,0,1,1,0,1,1
27995740,,0,0.000089,89,0.000007,0,1,1,0,1,1
27977696,,0.000043,0.01416,1,0.000008,2,24,26,2,24,26
27920636,,0,0.000093,89,0.000007,0,2,2,0,2,2
27906673,,0,0.000089,89,0.000007,0,1,1,0,1,1
27900366,,0,0.000089,89,0.000007,0,1,1,0,1,1
27847622,,0,0.000089,89,0.000007,0,1,1,0,1,1
27835667,,0,0.000089,89,0.000007,0,1,1,0,1,1
27812264,,0,0.000089,89,0.000007,0,1,1,0,1,1
27812256,,0,0.000089,89,0.000007,0,1,1,0,1,1
27752285,,0,0.000089,89,0.000007,0,1,1,0,1,1
27662298,,0,0.000089,89,0.000007,0,1,1,0,1,1
27648268,,0,0.000089,89,0.000007,0,1,1,0,1,1
27577878,,0,0.000089,89,0.000007,0,1,1,0,1,1
27576364,,0,0.00009,279,0.000007,0,3,3,0,3,3
27572310,,0,0.000092,89,0.000007,0,2,2,0,2,2
27537682,,0,0.000089,89,0.000007,0,1,1,0,1,1
27510840,,0,0.000089,89,0.000007,0,1,1,0,1,1
27493922,,0,0.000089,89,0.000007,0,1,1,0,1,1
27432915,,0,0.000089,89,0.000007,0,1,1,0,1,1
27400937,,0,0.000089,89,0.000007,0,1,1,0,1,1
27374714,,0,0.000089,89,0.000007,0,1,1,0,1,1
27326128,,0,0.000089,89,0.000007,0,1,1,0,1,1
27227454,,0,0.000089,89,0.000007,0,1,1,0,1,1
27101822,,0,0.000089,89,0.000007,0,1,1,0,1,1
27090374,,0,0.000089,89,0.000007,0,1,1,0,1,1
27084890,,0,0.000089,89,0.000007,0,1,1,0,1,1
26970738,,0,0.000099,89,0.000007,0,2,2,0,2,2
26847993,,0,0.000089,89,0.000007,0,1,1,0,1,1
26840431,,0,0.000089,89,0.000007,0,1,1,0,1,1
26818700,,0,0.000091,279,0.000007,0,2,2,0,2,2
26632257,,0,0.000089,89,0.000007,0,1,1,0,1,1
26566462,,0,0.000089,89,0.000007,0,1,1,0,1,1
26558529,,0,0.000089,89,0.000007,0,1,1,0,1,1
26545243,,0,0.000089,89,0.000007,0,1,1,0,1,1
26542297,,0,0.000089,89,0.000007,0,1,1,0,1,1
26446593,,0,0.000089,89,0.000007,0,1,1,0,1,1
26423656,,0,0.000089,89,0.000007,0,1,1,0,1,1
26416457,,0,0.000089,89,0.000007,0,1,1,0,1,1
26360582,,0,0.000089,89,0.000007,0,1,1,0,1,1
26217790,,0,0.000089,89,0.000007,0,1,1,0,1,1
26205523,,0,0.000089,89,0.000007,0,1,1,0,1,1
26175308,,0,0.000089,89,0.000007,0,1,1,0,1,1
26156018,,0,0.000091,72,0.000007,0,2,2,0,2,2
26151828,,0,0.000089,89,0.000007,0,1,1,0,1,1
26148070,,0,0.000089,89,0.000007,0,1,1,0,1,1
26085716,,0,0.000089,89,0.000007,0,1,1,0,1,1
26078038,,0,0.003258,89,0.000007,0,2,2,0,2,2
26060508,,0,0.000089,89,0.000007,0,1,1,0,1,1
26035356,,0,0.000089,89,0.000007,0,1,1,0,1,1
25995659,,0,0.000089,89,0.000007,0,1,1,0,1,1
25952753,,0,0.000089,89,0.000007,0,1,1,0,1,1
25937795,,0,0.000089,89,0.000007,0,1,1,0,1,1
25894671,,0,0.000089,89,0.000007,0,1,1,0,1,1
25887735,,0,0.000502,35,0.000007,0,3,3,0,3,3
25852686,,0,0.000089,89,0.000007,0,1,1,0,1,1
25841653,,0,0.000089,89,0.000007,0,1,1,0,1,1
25750510,,0,0.000089,89,0.000007,0,1,1,0,1,1
25719557,,0,0.000089,89,0.000007,0,1,1,0,1,1
25712084,,0,0.000089,89,0.000007,0,1,1,0,1,1
25705689,,0,0.000089,89,0.000007,0,1,1,0,1,1
25694510,,0,0.000089,89,0.000007,0,1,1,0,1,1
25681085,,0,0.000089,89,0.000007,0,1,1,0,1,1
25663945,,0,0.000089,89,0.000007,0,1,1,0,1,1
25628946,,0,0.00013,66,0.000007,0,6,6,0,6,6
25553099,,0,0.000195,89,0.000007,0,2,2,0,2,2
25535077,,0,0.000089,89,0.000007,0,1,1,0,1,1
25506396,,0,0.000089,89,0.000007,0,1,1,0,1,1
25494863,,0,0.000089,89,0.000007,0,1,1,0,1,1
25491204,,0,0.000089,89,0.000007,0,1,1,0,1,1
25376777,,0,0.000089,89,0.000007,0,1,1,0,1,1
25376524,,0,0.000089,89,0.000007,0,1,1,0,1,1
25333064,,0,0.000089,89,0.000007,0,1,1,0,1,1
25312060,,0,0.000089,89,0.000007,0,1,1,0,1,1
25287954,,0,0.000089,89,0.000007,0,1,1,0,1,1
25219909,,0,0.000089,89,0.000007,0,1,1,0,1,1
25211237,,0,0.000089,89,0.000007,0,1,1,0,1,1
25118029,,0,0.000089,89,0.000007,0,1,1,0,1,1
25110710,,0,0.000089,89,0.000007,0,1,1,0,1,1
25077177,,0,0.000099,89,0.000007,0,2,2,0,2,2
25076844,,0,0.000089,89,0.000007,0,1,1,0,1,1
25066065,,0,0.000089,89,0.000007,0,1,1,0,1,1
25052315,,0,0.000089,89,0.000007,0,1,1,0,1,1
25026175,,0,0.000089,279,0.000007,0,2,2,0,2,2
25009046,,0,0.000089,89,0.000007,0,1,1,0,1,1
25003242,,0,0.000089,89,0.000007,0,1,1,0,1,1
24989612,,0,0.000089,89,0.000007,0,1,1,0,1,1
24939957,,0,0.000089,89,0.000007,0,1,1,0,1,1
24936513,,0,0.000089,89,0.000007,0,1,1,0,1,1
24791927,,0,0.000089,89,0.000007,0,1,1,0,1,1
24791138,,0,0.000089,89,0.000007,0,1,1,0,1,1
24778394,,0,0.000183,5,0.000007,0,4,4,0,4,4
24764759,,0,0.000089,89,0.000007,0,1,1,0,1,1
24753091,,0,0.000089,89,0.000007,0,1,1,0,1,1
24712574,,0,0.000359,205,0.000007,0,2,2,0,2,2
24699249,,0,0.007558,69,0.000007,0,3,3,0,3,3
24696439,,0,0.000089,89,0.000007,0,1,1,0,1,1
24694054,,0,0.000089,89,0.000007,0,1,1,0,1,1
24691081,,0,0.000089,89,0.000007,0,1,1,0,1,1
24625828,,0,0.000089,89,0.000007,0,1,1,0,1,1
24604040,,0,0.000089,89,0.000007,0,1,1,0,1,1
24591936,,0,0.000089,89,0.000007,0,1,1,0,1,1
24559032,,0,0.000089,89,0.000007,0,1,1,0,1,1
24552181,,0,0.000089,89,0.000007,0,1,1,0,1,1
24532482,,0,0.000089,89,0.000007,0,1,1,0,1,1
24510240,,0,0.000089,89,0.000007,0,1,1,0,1,1
24505254,,0,0.000089,89,0.000007,0,1,1,0,1,1
24498606,,0,0.000089,89,0.000007,0,1,1,0,1,1
24497717,,0,0.000089,89,0.000007,0,1,1,0,1,1
24478474,,0,0.000089,89,0.000007,0,1,1,0,1,1
24476631,,0,0.000089,89,0.000007,0,1,1,0,1,1
24460793,,0,0.000089,89,0.000007,0,1,1,0,1,1
24387276,,0,0.000089,89,0.000007,0,1,1,0,1,1
24349201,,0,0.000089,89,0.000007,0,1,1,0,1,1
24334459,,0,0.000089,89,0.000007,0,1,1,0,1,1
24267784,,0,0.000089,89,0.000007,0,1,1,0,1,1
24252461,,0.000016,0.00009,279,0.000068,15,2,17,15,2,17
24246702,,0,0.000089,89,0.000007,0,1,1,0,1,1
24233542,,0,0.000089,89,0.000007,0,1,1,0,1,1
24220311,,0.000198,0.000089,66,0.000065,14,2,16,14,2,16
24209714,,0,0.000089,89,0.000007,0,1,1,0,1,1
24148210,,0,0.000089,89,0.000007,0,1,1,0,1,1
24104963,,0.000418,0.004871,1,0.000015,3,8,11,3,8,11
24071710,,0,0.000089,89,0.000007,0,1,1,0,1,1
24039744,,0,0.000094,5,0.000007,0,2,2,0,2,2
24019618,,0,0.000089,89,0.000007,0,1,1,0,1,1
24019617,,0,0.000089,89,0.000007,0,1,1,0,1,1
23983061,,0,0.000089,89,0.000007,0,1,1,0,1,1
23936009,,0,0.000109,89,0.000007,0,2,2,0,2,2
23926543,,0,0.000099,89,0.000007,0,2,2,0,2,2
23892896,,0,0.000089,89,0.000007,0,1,1,0,1,1
23880784,,0,0.000089,89,0.000007,0,1,1,0,1,1
23824765,,0,0.000089,89,0.000007,0,1,1,0,1,1
23810505,,0,0.000089,89,0.000007,0,1,1,0,1,1
23702511,,0,0.000225,89,0.000007,0,2,2,0,2,2
23621912,,0,0.000089,89,0.000007,0,1,1,0,1,1
23620743,,0,0.000089,89,0.000007,0,1,1,0,1,1
23613724,,0,0.000089,89,0.000007,0,1,1,0,1,1
23593020,,0,0.000089,89,0.000007,0,1,1,0,1,1
23554873,,0,0.000089,89,0.000007,0,1,1,0,1,1
23552734,,0,0.00127,279,0.000007,0,6,6,0,6,6
23551418,,0,0.000089,89,0.000007,0,1,1,0,1,1
23526924,,0,0.000089,89,0.000007,0,1,1,0,1,1
23484096,,0,0.000116,89,0.000007,0,3,3,0,3,3
23453023,,0,0.000089,89,0.000007,0,1,1,0,1,1
23441118,,0,0.000089,89,0.000007,0,1,1,0,1,1
23430498,,0,0.000089,89,0.000007,0,1,1,0,1,1
23359698,,0,0.000089,89,0.000007,0,1,1,0,1,1
23340513,,0,0.000116,35,0.000007,0,3,3,0,3,3
23335787,,0,0.000089,89,0.000007,0,1,1,0,1,1
23288611,,0,0.000089,89,0.000007,0,1,1,0,1,1
23259638,,0,0.000089,89,0.000007,0,1,1,0,1,1
23148552,,0,0.000089,89,0.000007,0,1,1,0,1,1
23144717,,0,0.000089,89,0.000007,0,1,1,0,1,1
23114084,,0,0.000089,89,0.000007,0,1,1,0,1,1
23112559,,0,0.000089,89,0.000007,0,1,1,0,1,1
23100212,,0,0.000089,89,0.000007,0,1,1,0,1,1
23066450,,0,0.000089,89,0.000007,0,1,1,0,1,1
23066114,,0,0.000089,89,0.000007,0,1,1,0,1,1
23064986,,0,0.000089,89,0.000007,0,1,1,0,1,1
22989232,,0,0.000089,89,0.000007,0,1,1,0,1,1
22916230,,0,0.000089,89,0.000007,0,1,1,0,1,1
22912880,,0,0.000089,89,0.000007,0,1,1,0,1,1
22911768,,0,0.000089,89,0.000007,0,1,1,0,1,1
22903559,,0,0.000089,89,0.000007,0,1,1,0,1,1
22848519,,0,0.000089,89,0.000007,0,1,1,0,1,1
22838736,,0,0.000089,89,0.000007,0,1,1,0,1,1
22814456,,0,0.000089,89,0.000007,0,1,1,0,1,1
22778697,,0,0.000089,89,0.000007,0,1,1,0,1,1
22759210,,0,0.000089,89,0.000007,0,1,1,0,1,1
22754229,,0,0.000089,89,0.000007,0,1,1,0,1,1
22703554,,0,0.000178,89,0.000007,0,2,2,0,2,2
22649220,,0,0.000089,89,0.000007,0,1,1,0,1,1
22570652,,0,0.000089,89,0.000007,0,1,1,0,1,1
22558131,,0,0.000109,89,0.000007,0,2,2,0,2,2
22551242,,0,0.000089,89,0.000007,0,1,1,0,1,1
22511893,,0,0.000089,89,0.000007,0,1,1,0,1,1
22489151,,0,0.000373,89,0.000007,0,12,12,0,12,12
22487062,,0,0.000221,89,0.000007,0,2,2,0,2,2
22453011,,0,0.000215,89,0.000007,0,3,3,0,3,3
22422847,,0,0.000089,89,0.000007,0,1,1,0,1,1
22396658,,0,0.000089,89,0.000007,0,1,1,0,1,1
22379338,,0,0.000089,89,0.000007,0,1,1,0,1,1
22323753,,0,0.000089,89,0.000007,0,1,1,0,1,1
22317777,,0,0.000089,89,0.000007,0,1,1,0,1,1
22252256,,0,0.000719,5,0.000007,0,3,3,0,3,3
22226172,,0,0.000089,89,0.000007,0,1,1,0,1,1
22199024,,0,0.000089,89,0.000007,0,1,1,0,1,1
22177572,,0,0.000089,89,0.000007,0,1,1,0,1,1
22153404,,0,0.000089,89,0.000007,0,1,1,0,1,1
22144910,,0,0.000089,89,0.000007,0,1,1,0,1,1
22086080,,0,0.000089,89,0.000007,0,1,1,0,1,1
22035192,,0,0.000089,89,0.000007,0,1,1,0,1,1
22006793,,0,0.000226,57,0.000007,0,2,2,0,2,2
22000308,,0,0.000089,89,0.000007,0,1,1,0,1,1
21993689,,0,0.000089,89,0.000007,0,1,1,0,1,1
21975797,,0,0.000089,89,0.000007,0,1,1,0,1,1
21962175,,0,0.000089,89,0.000007,0,1,1,0,1,1
21931686,,0,0.000089,89,0.000007,0,1,1,0,1,1
21931569,,0,0.000089,89,0.000007,0,1,1,0,1,1
21927611,,0,0.000089,89,0.000007,0,1,1,0,1,1
21912442,,0,0.000089,89,0.000007,0,1,1,0,1,1
21881559,,0,0.000923,89,0.000007,0,3,3,0,3,3
21850184,,0,0.000089,89,0.000007,0,1,1,0,1,1
21834858,,0,0.000089,89,0.000007,0,1,1,0,1,1
21821125,,0,0.000089,89,0.000007,0,1,1,0,1,1
21795378,,0,0.000089,89,0.000007,0,1,1,0,1,1
21779199,,0,0.000089,89,0.000007,0,1,1,0,1,1
21762399,,0,0.000089,89,0.000007,0,1,1,0,1,1
21735378,,0,0.000089,89,0.000007,0,1,1,0,1,1
21708285,,0,0.000089,89,0.000007,0,1,1,0,1,1
21682923,,0,0.000089,89,0.000007,0,1,1,0,1,1
21676242,,0,0.000089,89,0.000007,0,1,1,0,1,1
21670407,,0,0.000089,89,0.000007,0,1,1,0,1,1
21649899,,0,0.000178,89,0.000007,0,2,2,0,2,2
21643010,,0,0.000089,89,0.000007,0,1,1,0,1,1
21609482,,0,0.000089,89,0.000007,0,1,1,0,1,1
21586113,,0,0.000089,89,0.000007,0,1,1,0,1,1
21575262,,0,0.000089,89,0.000007,0,1,1,0,1,1
21573680,,0,0.000089,89,0.000007,0,1,1,0,1,1
21487524,,0,0.000089,89,0.000007,0,1,1,0,1,1
21482944,,0,0.000089,89,0.000007,0,1,1,0,1,1
21438145,,0,0.000089,89,0.000007,0,1,1,0,1,1
21425469,,0,0.000089,89,0.000007,0,1,1,0,1,1
21420493,,0,0.000089,89,0.000007,0,1,1,0,1,1
21415008,,0,0.000089,89,0.000007,0,1,1,0,1,1
21408189,,0,0.000089,89,0.000007,0,1,1,0,1,1
21396098,,0,0.000089,89,0.000007,0,1,1,0,1,1
21390485,,0,0.000089,89,0.000007,0,1,1,0,1,1
21365021,,0,0.000089,89,0.000007,0,1,1,0,1,1
21358748,,0,0.000089,89,0.000007,0,1,1,0,1,1
21300641,,0,0.000109,89,0.000007,0,2,2,0,2,2
21227399,,0,0.000089,89,0.000007,0,1,1,0,1,1
21227393,,0,0.000089,89,0.000007,0,1,1,0,1,1
21227392,,0.000053,0.000107,279,0.000067,11,3,14,11,3,14
21203572,,0,0.000089,89,0.000007,0,1,1,0,1,1
21194675,,0,0.000089,89,0.000007,0,1,1,0,1,1
21188213,,0,0.000089,89,0.000007,0,1,1,0,1,1
21155054,,0,0.000089,89,0.000007,0,1,1,0,1,1
21133715,,0,0.000089,89,0.000007,0,1,1,0,1,1
21110858,,0,0.000089,89,0.000007,0,1,1,0,1,1
21089066,,0,0.000089,89,0.000007,0,1,1,0,1,1
21082267,,0,0.000089,89,0.000007,0,1,1,0,1,1
21072004,,0,0.000089,89,0.000007,0,1,1,0,1,1
21063442,,0,0.000089,89,0.000007,0,1,1,0,1,1
21062271,,0,0.000089,89,0.000007,0,1,1,0,1,1
21045963,,0,0.000089,89,0.000007,0,1,1,0,1,1
20957197,,0,0.000089,89,0.000007,0,1,1,0,1,1
20950788,,0,0.000089,89,0.000007,0,1,1,0,1,1
20942916,,0,0.000089,89,0.000007,0,1,1,0,1,1
20889556,,0,0.000089,89,0.000007,0,1,1,0,1,1
20877625,,0,0.000089,89,0.000007,0,1,1,0,1,1
20860806,,0,0.000089,89,0.000007,0,1,1,0,1,1
20849603,,0,0.00009,279,0.000007,0,2,2,0,2,2
20813962,,0,0.000089,89,0.000007,0,1,1,0,1,1
20809970,,0,0.000089,89,0.000007,0,1,1,0,1,1
20803296,,0,0.000089,89,0.000007,0,1,1,0,1,1
20717166,,0,0.000089,89,0.000007,0,1,1,0,1,1
20714900,,0,0.000089,89,0.000007,0,1,1,0,1,1
20682701,,0,0.000089,89,0.000007,0,1,1,0,1,1
20657600,,0,0.000089,89,0.000007,0,1,1,0,1,1
20579386,,0,0.000089,89,0.000007,0,1,1,0,1,1
20547813,,0,0.000089,89,0.000007,0,1,1,0,1,1
20507641,,0,0.0001,89,0.000007,0,2,2,0,2,2
20492694,,0,0.000089,89,0.000007,0,1,1,0,1,1
20461111,,0,0.000089,89,0.000007,0,1,1,0,1,1
20459859,,0,0.000089,89,0.000007,0,1,1,0,1,1
20413679,,0,0.000089,89,0.000007,0,1,1,0,1,1
20412787,,0,0.016918,1,0.000007,0,6,6,0,6,6
20403190,,0,0.000089,89,0.000007,0,1,1,0,1,1
20399386,,0,0.000089,89,0.000007,0,1,1,0,1,1
20398301,,0,0.000089,89,0.000007,0,1,1,0,1,1
20395439,,0,0.000089,89,0.000007,0,1,1,0,1,1
20333217,,0,0.000089,89,0.000007,0,1,1,0,1,1
20223028,,0,0.000099,89,0.000007,0,2,2,0,2,2
20183915,,0,0.000089,89,0.000007,0,1,1,0,1,1
20179744,,0,0.000089,89,0.000007,0,1,1,0,1,1
20167067,,0,0.000099,89,0.000007,0,2,2,0,2,2
20140953,,0,0.000089,89,0.000007,0,1,1,0,1,1
20130649,,0,0.000089,89,0.000007,0,1,1,0,1,1
20093390,,0,0.000089,89,0.000007,0,1,1,0,1,1
20089989,,0,0.000089,89,0.000007,0,1,1,0,1,1
20075206,,0,0.000089,89,0.000007,0,1,1,0,1,1
20030804,,0,0.000089,89,0.000007,0,1,1,0,1,1
19946181,,0,0.000089,89,0.000007,0,1,1,0,1,1
19930554,,0,0.000107,89,0.000007,0,3,3,0,3,3
19883419,,0,0.000089,89,0.000007,0,1,1,0,1,1
19861685,,0,0.000089,89,0.000007,0,1,1,0,1,1
19849861,,0,0.000089,89,0.000007,0,1,1,0,1,1
19835634,,0,0.000089,89,0.000007,0,1,1,0,1,1
19809484,,0,0.000089,89,0.000007,0,1,1,0,1,1
19797679,,0,0.000089,89,0.000007,0,1,1,0,1,1
19789632,,0,0.000089,89,0.000007,0,1,1,0,1,1
19789318,,0,0.000089,89,0.000007,0,1,1,0,1,1
19785739,,0,0.000089,89,0.000007,0,1,1,0,1,1
19755989,,0,0.000089,89,0.000007,0,1,1,0,1,1
19744038,,0,0.000089,89,0.000007,0,1,1,0,1,1
19738042,,0,0.000089,89,0.000007,0,1,1,0,1,1
19737751,,0,0.000089,89,0.000007,0,1,1,0,1,1
19734421,,0,0.000089,89,0.000007,0,1,1,0,1,1
19728890,,0,0.000089,89,0.000007,0,1,1,0,1,1
19698169,,0,0.00016,89,0.000007,0,2,2,0,2,2
19697059,,0,0.000089,89,0.000007,0,1,1,0,1,1
19685247,,0,0.000099,89,0.000007,0,2,2,0,2,2
19641633,,0,0.000109,89,0.000007,0,2,2,0,2,2
19597493,,0,0.000089,89,0.000007,0,1,1,0,1,1
19594915,,0,0.000089,89,0.000007,0,1,1,0,1,1
19578035,,0,0.000089,89,0.000007,0,1,1,0,1,1
19553572,,0,0.000089,89,0.000007,0,1,1,0,1,1
19500389,,0,0.000138,89,0.000007,0,3,3,0,3,3
19498035,,0,0.000089,89,0.000007,0,1,1,0,1,1
19466456,,0,0.000089,89,0.000007,0,1,1,0,1,1
19430297,,0,0.000089,89,0.000007,0,1,1,0,1,1
19429598,,0,0.000089,89,0.000007,0,1,1,0,1,1
19401703,,0,0.000089,89,0.000007,0,1,1,0,1,1
19384346,,0,0.000089,89,0.000007,0,1,1,0,1,1
19375573,,0,0.000089,89,0.000007,0,1,1,0,1,1
19372089,,0,0.000089,89,0.000007,0,1,1,0,1,1
19368708,,0,0.000089,89,0.000007,0,1,1,0,1,1
19287161,,0,0.000089,89,0.000007,0,1,1,0,1,1
19284615,,0,0.000089,89,0.000007,0,1,1,0,1,1
19270817,,0,0.000089,89,0.000007,0,1,1,0,1,1
19248199,,0,0.000089,89,0.000007,0,1,1,0,1,1
19168852,,0,0.000168,89,0.000007,0,4,4,0,4,4
19159482,,0,0.000089,89,0.000007,0,1,1,0,1,1
19137113,,0,0.000178,89,0.000007,0,2,2,0,2,2
19123950,,0,0.000089,89,0.000007,0,1,1,0,1,1
19074591,,0,0.000089,89,0.000007,0,1,1,0,1,1
19047905,,0,0.000089,89,0.000007,0,1,1,0,1,1
19040730,,0,0.000089,89,0.000007,0,1,1,0,1,1
18985011,,0,0.000089,89,0.000007,0,1,1,0,1,1
18854860,,0,0.000089,89,0.000007,0,1,1,0,1,1
18842945,,0,0.000089,89,0.000007,0,1,1,0,1,1
18832460,,0,0.000089,89,0.000007,0,1,1,0,1,1
18832455,,0,0.000089,89,0.000007,0,1,1,0,1,1
18818683,,0,0.000178,89,0.000007,0,2,2,0,2,2
18783624,,0,0.000089,89,0.000007,0,1,1,0,1,1
18781187,,0,0.000089,89,0.000007,0,1,1,0,1,1
18752264,,0,0.000089,89,0.000007,0,1,1,0,1,1
18716612,,0,0.000089,89,0.000007,0,1,1,0,1,1
18698613,,0,0.000089,89,0.000007,0,1,1,0,1,1
18697816,,0,0.000089,89,0.000007,0,1,1,0,1,1
18694524,,0,0.000089,89,0.000007,0,2,2,0,2,2
18687881,,0,0.000089,89,0.000007,0,1,1,0,1,1
18674749,,0,0.000089,89,0.000007,0,1,1,0,1,1
18628315,,0,0.000089,89,0.000007,0,1,1,0,1,1
18612309,,0,0.000109,89,0.000007,0,2,2,0,2,2
18556774,,0,0.000089,89,0.000007,0,1,1,0,1,1
18556772,,0,0.000089,89,0.000007,0,1,1,0,1,1
18522760,,0,0.000109,89,0.000007,0,2,2,0,2,2
18505964,,0,0.000187,279,0.000007,0,3,3,0,3,3
18471307,,0,0.000089,89,0.000007,0,1,1,0,1,1
18463157,,0,0.000178,89,0.000007,0,2,2,0,2,2
18445268,,0,0.000089,89,0.000007,0,1,1,0,1,1
18405349,,0,0.000089,89,0.000007,0,1,1,0,1,1
18403612,,0,0.000089,89,0.000007,0,1,1,0,1,1
18378036,,0,0.000089,89,0.000007,0,1,1,0,1,1
18321925,,0,0.000089,89,0.000007,0,1,1,0,1,1
18320023,,0,0.000089,89,0.000007,0,1,1,0,1,1
18310300,,0,0.000178,89,0.000007,0,2,2,0,2,2
18298805,,0,0.000089,89,0.000007,0,1,1,0,1,1
18284679,,0,0.000089,89,0.000007,0,1,1,0,1,1
18256230,,0,0.000089,89,0.000007,0,1,1,0,1,1
18188946,,0,0.000089,89,0.000007,0,1,1,0,1,1
18165274,,0,0.000089,89,0.000007,0,1,1,0,1,1
18077627,,0,0.000178,89,0.000007,0,2,2,0,2,2
18073446,,0,0.000089,89,0.000007,0,1,1,0,1,1
18060739,,0,0.000089,89,0.000007,0,1,1,0,1,1
18033723,,0,0.000089,89,0.000007,0,1,1,0,1,1
17964762,,0,0.000089,89,0.000007,0,1,1,0,1,1
17943194,,0,0.000089,89,0.000007,0,1,1,0,1,1
17901693,,0,0.000089,89,0.000007,0,1,1,0,1,1
17873119,,0,0.000089,89,0.000007,0,1,1,0,1,1
17823203,,0,0.000109,89,0.000007,0,2,2,0,2,2
17697351,,0,0.000089,89,0.000007,0,1,1,0,1,1
17676990,,0,0.000089,89,0.000007,0,1,1,0,1,1
17675531,,0,0.000089,89,0.000007,0,1,1,0,1,1
17608949,,0,0.000089,89,0.000007,0,1,1,0,1,1
17533400,,0,0.000268,89,0.000007,0,5,5,0,5,5
17522144,,0,0.000099,89,0.000007,0,2,2,0,2,2
17504929,,0,0.000089,89,0.000007,0,1,1,0,1,1
17371859,,0,0.000089,89,0.000007,0,1,1,0,1,1
17367211,,0,0.000089,89,0.000007,0,1,1,0,1,1
17361008,,0,0.000089,89,0.000007,0,1,1,0,1,1
17351131,,0,0.000124,89,0.000007,0,3,3,0,3,3
17338807,,0,0.000178,89,0.000007,0,2,2,0,2,2
17324265,,0,0.000089,89,0.000007,0,1,1,0,1,1
17175532,,0,0.000109,89,0.000007,0,2,2,0,2,2
17167856,,0,0.000089,89,0.000007,0,1,1,0,1,1
17076561,,0,0.000089,89,0.000007,0,1,1,0,1,1
17003455,,0,0.000338,231,0.000007,0,2,2,0,2,2
16963483,,0,0.000089,89,0.000007,0,1,1,0,1,1
16931583,,0,0.000089,89,0.000007,0,1,1,0,1,1
16895604,,0,0.000089,35,0.000007,0,2,2,0,2,2
16886045,,0,0.000178,89,0.000007,0,2,2,0,2,2
16848978,,0,0.000109,89,0.000007,0,2,2,0,2,2
16826534,,0,0.000089,89,0.000007,0,1,1,0,1,1
16826528,,0,0.000089,89,0.000007,0,1,1,0,1,1
16796766,,0,0.000089,89,0.000007,0,1,1,0,1,1
16791841,,0,0.000099,89,0.000007,0,2,2,0,2,2
16728714,,0,0.000089,89,0.000007,0,1,1,0,1,1
16721377,,0,0.000178,89,0.000007,0,2,2,0,2,2
16596466,,0,0.000089,89,0.000007,0,1,1,0,1,1
16582077,,0,0.000189,89,0.000007,0,3,3,0,3,3
16356268,,0,0.000089,89,0.000007,0,1,1,0,1,1
16340005,,0,0.000089,89,0.000007,0,1,1,0,1,1
16252233,,0,0.000089,89,0.000007,0,1,1,0,1,1
16175506,,0,0.000089,89,0.000007,0,1,1,0,1,1
16171527,,0,0.000089,89,0.000007,0,1,1,0,1,1
16169931,,0,0.000089,89,0.000007,0,1,1,0,1,1
15962237,,0,0.000089,89,0.000007,0,1,1,0,1,1
15944227,,0,0.000089,89,0.000007,0,1,1,0,1,1
15860769,,0,0.000089,89,0.000007,0,1,1,0,1,1
15858146,,0,0.000109,89,0.000007,0,2,2,0,2,2
15842735,,0,0.000089,89,0.000007,0,1,1,0,1,1
15833136,,0,0.000147,89,0.000007,0,3,3,0,3,3
15756638,,0,0.000089,89,0.000007,0,1,1,0,1,1
15706485,,0,0.000089,89,0.000007,0,1,1,0,1,1
15655560,,0,0.000089,89,0.000007,0,1,1,0,1,1
15588320,,0,0.000089,89,0.000007,0,1,1,0,1,1
15507675,,0,0.000089,89,0.000007,0,1,1,0,1,1
15004220,,0,0.000089,89,0.000007,0,1,1,0,1,1
14627843,,0,0.000231,89,0.000007,0,3,3,0,3,3
12373605,,0,0.000089,89,0.000007,0,1,1,0,1,1
29731875,,0,0,74,0.000007,0,1,1,0,1,1
12063435,,0,0,74,0.000013,1,0,1,1,0,1
29342901,,0,0.000002,279,0.000007,0,1,1,0,1,1
12064337,,0.000112,0,279,0.000057,11,0,11,11,0,11
28804463,,0,0.000031,279,0.000013,1,2,3,1,2,3
26821052,,0,0.000002,279,0.000007,0,1,1,0,1,1
26325577,,0,0.000002,279,0.000007,0,1,1,0,1,1
25936773,,0,0.000002,279,0.000007,0,1,1,0,1,1
23701588,,0,0.000002,279,0.000007,0,1,1,0,1,1
15496224,,0,0.000002,279,0.000007,0,1,1,0,1,1
12065746,,0.029832,0,100,0.000689,297,0,297,297,0,297
30254368,,0,0.003066,100,0.000007,0,7,7,0,7,7
30207912,,0,0.000569,100,0.000007,0,1,1,0,1,1
29593731,,0,0.001815,100,0.000007,0,7,7,0,7,7
29460995,,0,0.000941,140,0.000007,0,14,14,0,14,14
29191972,,0.000271,0.005421,1,0.000008,1,11,12,1,11,12
29038425,,0,0.005184,100,0.000007,0,9,9,0,9,9
28729482,,0.000664,0.016467,100,0.000012,4,15,19,4,15,19
28691929,,0,0.000742,100,0.000007,0,2,2,0,2,2
28687786,,0,0.002057,100,0.000007,0,8,8,0,8,8
28440412,,0,0.003508,100,0.000007,0,13,13,0,13,13
28430596,,0,0.001512,100,0.000007,0,9,9,0,9,9
28405812,,0,0.002501,140,0.000007,0,5,5,0,5,5
28157704,,0,0.002048,100,0.000007,0,8,8,0,8,8
28098815,,0,0.0017,100,0.000007,0,7,7,0,7,7
28066048,,0,0.003876,5,0.000007,0,10,10,0,10,10
28056804,,0,0.000575,205,0.000007,0,2,2,0,2,2
27694308,,0,0.010051,1,0.000007,0,4,4,0,4,4
27427983,,0,0.00059,140,0.000007,0,2,2,0,2,2
27213343,,0.000004,0.008926,89,0.000033,7,9,16,7,9,16
27186524,,0,0.000569,100,0.000007,0,1,1,0,1,1
26990772,,0,0.002343,100,0.000007,0,7,7,0,7,7
26846091,,0,0.000579,5,0.000007,0,2,2,0,2,2
26835351,,0,0.000569,100,0.000007,0,1,1,0,1,1
26835301,,0,0.001804,100,0.000007,0,5,5,0,5,5
26583033,,0,0.000591,232,0.000007,0,3,3,0,3,3
26483879,,0,0.010088,205,0.000007,0,6,6,0,6,6
26366677,,0,0.010754,100,0.000007,0,8,8,0,8,8
26183081,,0,0.000569,100,0.000007,0,1,1,0,1,1
26064523,,0,0.001254,100,0.000007,0,7,7,0,7,7
25893307,,0,0.002254,100,0.000007,0,11,11,0,11,11
25838448,,0,0.000609,1,0.000007,0,2,2,0,2,2
25737278,,0.006149,0.010729,100,0.000062,26,6,32,26,6,32
25688258,,0,0.000569,100,0.000007,0,1,1,0,1,1
25594021,,0,0.00126,100,0.000007,0,7,7,0,7,7
25161863,,0.000012,0.002801,100,0.000008,1,19,20,1,19,20
25104853,,0,0.002049,100,0.000007,0,3,3,0,3,3
24726325,,0,0.000569,100,0.000007,0,1,1,0,1,1
24485656,,0,0.003376,100,0.000007,0,6,6,0,6,6
24395671,,0.000138,0.001811,100,0.000008,3,4,7,3,4,7
24316220,,0,0.000569,100,0.000007,0,1,1,0,1,1
24301060,,0,0.000813,100,0.000007,0,4,4,0,4,4
24172081,,0,0.000644,100,0.000007,0,2,2,0,2,2
24139550,,0.002294,0.001493,231,0.000052,21,8,29,21,8,29
24025411,,0,0.002714,100,0.000007,0,11,11,0,11,11
23999858,,0,0.001298,100,0.000007,0,5,5,0,5,5
23926458,,0,0.001055,100,0.000007,0,3,3,0,3,3
23890415,,0,0.001759,100,0.000007,0,12,12,0,12,12
23620800,,0,0.002194,100,0.000007,0,10,10,0,10,10
23580280,,0.001892,0.00275,100,0.000026,11,5,16,11,5,16
23436799,,0,0.010697,100,0.000007,0,5,5,0,5,5
23333308,,0,0.001543,100,0.000007,0,6,6,0,6,6
23325218,,0,0.003411,100,0.000007,0,11,11,0,11,11
22828653,,0,0.003119,100,0.000007,0,13,13,0,13,13
22789533,,0,0.001442,100,0.000007,0,5,5,0,5,5
22675616,,0,0.000569,100,0.000007,0,1,1,0,1,1
22449149,,0,0.000912,100,0.000007,0,4,4,0,4,4
22383991,,0,0.001365,100,0.000007,0,9,9,0,9,9
22153967,,0.004422,0.010405,100,0.000393,92,7,99,92,7,99
22152194,,0,0.009441,184,0.000007,0,3,3,0,3,3
21990165,,0.003789,0.001576,140,0.000039,30,15,45,30,15,45
21719596,,0,0.001445,100,0.000007,0,9,9,0,9,9
21573016,,0,0.003875,100,0.000007,0,7,7,0,7,7
21289082,,0,0.01626,1,0.000007,0,4,4,0,4,4
21118969,,0,0.001221,100,0.000007,0,6,6,0,6,6
20675743,,0,0.00098,100,0.000007,0,2,2,0,2,2
20407210,,0,0.005349,100,0.000007,0,15,15,0,15,15
20064367,,0,0.000569,100,0.000007,0,1,1,0,1,1
19423727,,0,0.00187,100,0.000007,0,6,6,0,6,6
19321451,,0,0.001306,100,0.000007,0,5,5,0,5,5
19136626,,0,0.001075,100,0.000007,0,3,3,0,3,3
19047147,,0,0.001569,100,0.000007,0,8,8,0,8,8
18627348,,0,0.002177,100,0.000007,0,13,13,0,13,13
18180189,,0,0.001298,100,0.000007,0,5,5,0,5,5
17405815,,0,0.000839,100,0.000007,0,4,4,0,4,4
16741161,,0,0.000569,100,0.000007,0,1,1,0,1,1
15972793,,0,0.000569,100,0.000007,0,1,1,0,1,1
15822129,,0,0.000644,100,0.000007,0,2,2,0,2,2
15199173,,0,0.000838,100,0.000007,0,3,3,0,3,3
15020709,,0,0.000574,82,0.000007,0,2,2,0,2,2
12069082,,0.000054,0,5,0.000008,1,0,1,1,0,1
30199306,,0,0.004504,89,0.000007,0,20,20,0,20,20
12070551,,0.00071,0,89,0.000023,14,0,14,14,0,14
25951871,,0,0.000034,72,0.000007,0,4,4,0,4,4
16883082,,0,0.000014,89,0.000007,0,1,1,0,1,1
12079295,,0.000755,0,5,0.000071,14,0,14,14,0,14
28491037,,0,0.000017,241,0.000007,0,2,2,0,2,2
28448568,,0,0.000017,241,0.000007,0,2,2,0,2,2
24069582,,0,0.007374,1,0.000007,0,6,6,0,6,6
22761939,,0,0.000014,5,0.000007,0,1,1,0,1,1
22500077,,0.000135,0.000024,241,0.000053,11,2,13,11,2,13
22155260,,0,0.000014,5,0.000007,0,1,1,0,1,1
20976277,,0,0.000014,5,0.000007,0,1,1,0,1,1
20628055,,0,0.000014,5,0.000007,0,1,1,0,1,1
19737983,,0,0.000111,69,0.000007,0,2,2,0,2,2
16150152,,0,0.000014,5,0.000007,0,1,1,0,1,1
29312534,,0,0.007776,69,0.000007,0,3,3,0,3,3
24137399,,0,0.003164,100,0.000007,0,12,12,0,12,12
22132731,,0,0.000029,90,0.000007,0,1,1,0,1,1
19519454,,0,0.001343,100,0.000007,0,6,6,0,6,6
17407586,,0,0.000029,279,0.000102,8,1,9,8,1,9
15367658,,0,0.000029,90,0.000007,0,1,1,0,1,1
12082091,,0.001218,0,279,0.000075,17,0,17,17,0,17
28699682,,0,0.000023,279,0.000007,0,1,1,0,1,1
27181206,,0,0.000052,279,0.000007,0,3,3,0,3,3
25344910,,0,0.000023,279,0.000007,0,1,1,0,1,1
24909175,,0,0.000034,279,0.000007,0,2,2,0,2,2
22494620,,0,0.000048,279,0.000007,0,2,2,0,2,2
22429491,,0,0.000023,279,0.000007,0,1,1,0,1,1
27448979,,0,0.000016,100,0.000007,0,1,1,0,1,1
12082635,,0.000815,0,100,0.000038,13,0,13,13,0,13
27073502,,0.000096,0.000191,279,0.000008,2,12,14,2,12,14
19959471,,0,0.000016,100,0.000007,0,1,1,0,1,1
19828622,,0,0.000027,100,0.000007,0,2,2,0,2,2
16169901,,0,0.000016,100,0.000007,0,1,1,0,1,1
12086871,,0.003957,0,100,0.000032,18,0,18,18,0,18
15520641,,0,0.001051,5,0.000007,0,7,7,0,7,7
12088120,,0.00198,0,5,0.000024,24,0,24,24,0,24
24693956,,0,0.000468,5,0.000007,0,5,5,0,5,5
22864682,,0.000078,0.001886,5,0.000011,4,17,21,4,17,21
12088199,,0.000287,0,5,0.000016,4,0,4,4,0,4
24614914,,0,0.000005,5,0.000007,0,1,1,0,1,1
27488870,,0.000173,0.000271,205,0.000008,2,7,9,2,7,9
26929905,,0,0.000484,231,0.000007,0,9,9,0,9,9
24578978,,0,0.000358,231,0.000007,0,2,2,0,2,2
19682358,,0,0.000494,231,0.000007,0,9,9,0,9,9
19608766,,0,0.000239,231,0.000007,0,2,2,0,2,2
24065926,,0,0.000013,35,0.000007,0,1,1,0,1,1
12096075,,0.00067,0,35,0.000078,7,0,7,7,0,7
12096084,,0.011336,0,1,0.000124,50,0,50,50,0,50
29590171,,0,0.009049,1,0.000007,0,3,3,0,3,3
29511593,,0,0.000272,1,0.000007,0,3,3,0,3,3
29443889,,0,0.009226,1,0.000007,0,4,4,0,4,4
28962445,,0,0.000216,1,0.000007,0,1,1,0,1,1
26604042,,0,0.009127,1,0.000007,0,4,4,0,4,4
23261356,,0,0.001392,1,0.000007,0,2,2,0,2,2
22722067,,0.000084,0.001489,2,0.000135,26,13,39,26,13,39
22084640,,0.002998,0.033786,1,0.000052,20,18,38,20,18,38
22028616,,0,0.003886,69,0.000007,0,16,16,0,16,16
21691416,,0,0.000216,1,0.000007,0,1,1,0,1,1
21170264,,0.000792,0.003117,69,0.000021,7,11,18,7,11,18
19849863,,0,0.000216,1,0.000007,0,1,1,0,1,1
16042759,,0,0.000216,1,0.000007,0,1,1,0,1,1
30309894,,0,0.000015,100,0.000007,0,1,1,0,1,1
12096901,,0.000771,0,100,0.000043,13,0,13,13,0,13
23110818,,0,0.000015,100,0.000007,0,1,1,0,1,1
22666390,,0,0.000015,100,0.000007,0,1,1,0,1,1
22069485,,0,0.000015,100,0.000007,0,1,1,0,1,1
17483458,,0,0.000015,100,0.000007,0,1,1,0,1,1
30223900,,0,0.000006,87,0.000007,0,1,1,0,1,1
12097257,,0.000306,0,87,0.000127,28,0,28,28,0,28
29435041,,0,0.000062,87,0.000007,0,4,4,0,4,4
29399164,,0,0.000379,87,0.000007,0,2,2,0,2,2
28881763,,0,0.000013,87,0.000007,0,2,2,0,2,2
27110270,,0,0.000013,87,0.000007,0,2,2,0,2,2
26686089,,0,0.000014,87,0.000007,0,3,3,0,3,3
25664048,,0,0.000013,87,0.000007,0,2,2,0,2,2
25371204,,0,0.000014,87,0.000007,0,3,3,0,3,3
25344916,,0,0.000013,87,0.000007,0,2,2,0,2,2
25287937,,0,0.000013,87,0.000007,0,2,2,0,2,2
24113180,,0,0.000262,279,0.000007,0,5,5,0,5,5
23624936,,0.000044,0.000047,87,0.0001,20,2,22,20,2,22
22844464,,0,0.003519,87,0.000007,0,6,6,0,6,6
22829758,,0,0.000013,87,0.000007,0,2,2,0,2,2
22223620,,0,0.000047,87,0.000007,0,2,2,0,2,2
21867776,,0,0.000013,87,0.000007,0,2,2,0,2,2
21779450,,0,0.000013,87,0.000007,0,2,2,0,2,2
21448936,,0,0.000013,87,0.000007,0,2,2,0,2,2
21215703,,0,0.000408,232,0.000007,0,4,4,0,4,4
20534814,,0,0.000013,87,0.000007,0,2,2,0,2,2
19633291,,0,0.000013,87,0.000007,0,2,2,0,2,2
19576202,,0,0.000013,87,0.000007,0,2,2,0,2,2
18936168,,0,0.000013,87,0.000007,0,2,2,0,2,2
17173667,,0,0.000013,87,0.000007,0,2,2,0,2,2
15083183,,0,0.000006,87,0.000007,0,1,1,0,1,1
23878789,,0,0.000022,89,0.000007,0,1,1,0,1,1
12102159,,0.000327,0,89,0.000007,1,0,1,1,0,1
28817602,,0,0.00004,100,0.000007,0,1,1,0,1,1
27604871,,0,0.00004,100,0.000007,0,1,1,0,1,1
26517836,,0,0.00004,100,0.000007,0,1,1,0,1,1
22200742,,0,0.000125,231,0.000007,0,6,6,0,6,6
21674059,,0,0.00004,100,0.000007,0,1,1,0,1,1
20231313,,0,0.000044,100,0.000007,0,2,2,0,2,2
20194434,,0,0.00004,100,0.000007,0,1,1,0,1,1
18315848,,0,0.000046,100,0.000007,0,2,2,0,2,2
17053786,,0,0.00004,100,0.000007,0,1,1,0,1,1
12591941,,0,0.00004,100,0.000007,0,1,1,0,1,1
29257130,,0,0.000007,57,0.000007,0,2,2,0,2,2
12111733,,0.000367,0,57,0.000091,21,0,21,21,0,21
24879340,,0.001124,0.009287,1,0.000029,8,8,16,8,8,16
23475109,,0,0.000037,57,0.000007,0,2,2,0,2,2
21150274,,0,0.000048,57,0.000007,0,2,2,0,2,2
18258790,,0,0.000007,57,0.000007,0,1,1,0,1,1
17460776,,0,0.000007,57,0.000007,0,1,1,0,1,1
16794575,,0,0.000007,57,0.000007,0,1,1,0,1,1
16790090,,0,0.000339,231,0.000007,0,4,4,0,4,4
16203987,,0,0.000007,57,0.000007,0,1,1,0,1,1
15282321,,0,0.000007,57,0.000007,0,1,1,0,1,1
15181149,,0,0.000007,57,0.000007,0,1,1,0,1,1
15105295,,0,0.000007,57,0.000007,0,1,1,0,1,1
14976556,,0,0.000007,57,0.000007,0,1,1,0,1,1
14514889,,0,0.000007,57,0.000007,0,1,1,0,1,1
26788153,,0,0.000017,69,0.000007,0,2,2,0,2,2
12112314,,0.000439,0,69,0.000023,6,0,6,6,0,6
23554760,,0,0.000078,69,0.000007,0,2,2,0,2,2
17892554,,0,0.000008,69,0.000007,0,1,1,0,1,1
12112655,,0.001221,0,89,0.000013,7,0,7,7,0,7
12112659,,0.002177,0,231,0.000038,25,0,25,25,0,25
22042950,,0.000399,0.003663,5,0.000009,7,15,22,7,15,22
12968530,,0,0,75,0.000007,0,1,1,0,1,1
12112982,,0,0,75,0.000013,1,0,1,1,0,1
12124169,,0.000412,0,5,0.000024,7,0,7,7,0,7
24558641,,0,0.000008,5,0.000007,0,1,1,0,1,1
15459730,,0,0.000008,5,0.000007,0,1,1,0,1,1
29456719,,0,0.003516,1,0.000007,0,20,20,0,20,20
12124354,,0.00413,0,1,0.000066,27,0,27,27,0,27
24315737,,0,0.002574,100,0.000007,0,9,9,0,9,9
20535528,,0,0.000158,90,0.000007,0,2,2,0,2,2
18772339,,0,0.000079,1,0.000007,0,1,1,0,1,1
16443735,,0,0.000079,1,0.000007,0,1,1,0,1,1
15681469,,0,0.000079,1,0.000007,0,1,1,0,1,1
12124814,,0.000161,0,5,0.00001,2,0,2,2,0,2
26510851,,0.000064,0.001513,5,0.000016,4,8,12,4,8,12
12124821,,0.000115,0,5,0.000016,4,0,4,4,0,4
25052797,,0,0.000002,5,0.000007,0,1,1,0,1,1
24764757,,0.000436,0.001239,89,0.000008,5,30,35,5,30,35
12125210,,0.000024,0,89,0.000007,1,0,1,1,0,1
23504373,,0,0,76,0.000007,0,1,1,0,1,1
12127691,,0,0,76,0.000049,7,0,7,7,0,7
22673518,,0,0,76,0.000007,0,1,1,0,1,1
20333786,,0,0,76,0.000007,0,1,1,0,1,1
18442402,,0,0,76,0.000007,0,1,1,0,1,1
18366601,,0,0,76,0.000007,0,1,1,0,1,1
16175182,,0,0,76,0.000007,0,1,1,0,1,1
15150628,,0,0,76,0.000007,0,1,1,0,1,1
29273032,,0,0,77,0.000007,0,1,1,0,1,1
12132779,,0,0,77,0.000067,10,0,10,10,0,10
25954813,,0,0,77,0.000007,0,1,1,0,1,1
25337265,,0,0,77,0.000007,0,1,1,0,1,1
25301058,,0,0,77,0.000007,0,1,1,0,1,1
25031577,,0,0,77,0.000007,0,1,1,0,1,1
24366501,,0,0,77,0.000007,0,1,1,0,1,1
23595602,,0,0,77,0.000007,0,1,1,0,1,1
23365496,,0,0,77,0.000007,0,1,1,0,1,1
20610686,,0,0,77,0.000007,0,1,1,0,1,1
18325118,,0,0,77,0.000007,0,1,1,0,1,1
12140760,,0.003978,0,100,0.000113,41,0,41,41,0,41
29492199,,0,0.000076,100,0.000007,0,1,1,0,1,1
29410677,,0,0.00008,100,0.000007,0,2,2,0,2,2
27374210,,0,0.000543,100,0.000007,0,2,2,0,2,2
27081402,,0,0.003731,69,0.000007,0,5,5,0,5,5
25298407,,0,0.000082,35,0.000007,0,2,2,0,2,2
23619298,,0,0.000076,100,0.000007,0,1,1,0,1,1
22118733,,0,0.000076,100,0.000007,0,1,1,0,1,1
19424483,,0,0.000076,176,0.000007,0,2,2,0,2,2
18813350,,0,0.000568,100,0.000007,0,6,6,0,6,6
17406576,,0,0.000076,100,0.000007,0,1,1,0,1,1
15806166,,0,0.000076,100,0.000007,0,1,1,0,1,1
14966529,,0,0.000076,100,0.000007,0,1,1,0,1,1
12142080,,0.00103,0,89,0.000009,9,0,9,9,0,9
27943004,,0,0.000001,89,0.000007,0,1,1,0,1,1
12144681,,0.000038,0,89,0.000053,10,0,10,10,0,10
25969483,,0,0.000001,89,0.000007,0,1,1,0,1,1
23315333,,0,0.000001,89,0.000007,0,1,1,0,1,1
22210082,,0,0.000001,89,0.000007,0,1,1,0,1,1
15958502,,0,0.000001,89,0.000007,0,1,1,0,1,1
15623475,,0,0.000001,89,0.000007,0,1,1,0,1,1
26130695,,0,0.000918,231,0.000007,0,13,13,0,13,13
24159334,,0,0.000231,140,0.000007,0,8,8,0,8,8
23760103,,0,0.000027,89,0.000007,0,1,1,0,1,1
20158892,,0,0.000075,89,0.000007,0,3,3,0,3,3
19841577,,0,0.000027,89,0.000007,0,1,1,0,1,1
19339519,,0,0.000045,140,0.000007,0,3,3,0,3,3
18806275,,0,0.000027,89,0.000007,0,1,1,0,1,1
17088905,,0,0.000027,89,0.000007,0,1,1,0,1,1
16147989,,0,0.000027,89,0.000007,0,1,1,0,1,1
12824367,,0,0.000027,89,0.000007,0,1,1,0,1,1
12149654,,0.000798,0,100,0.000055,15,0,15,15,0,15
19267325,,0,0.000015,100,0.000007,0,1,1,0,1,1
27113851,,0,0,35,0.000007,0,1,1,0,1,1
12151349,,0.000003,0,35,0.000029,5,0,5,5,0,5
19679209,,0,0,35,0.000007,0,1,1,0,1,1
19064566,,0,0,35,0.000007,0,1,1,0,1,1
17598925,,0,0.000139,35,0.000007,0,3,3,0,3,3
30337500,,0,0.000002,279,0.000007,0,1,1,0,1,1
12154064,,0.000128,0,279,0.000169,34,0,34,34,0,34
28241424,,0.000027,0.000671,89,0.000007,1,17,18,1,17,18
27721657,,0,0.000036,66,0.000007,0,3,3,0,3,3
26090795,,0,0.000017,279,0.000007,0,4,4,0,4,4
24063603,,0,0.000002,279,0.000007,0,1,1,0,1,1
23933154,,0,0.000002,279,0.000007,0,1,1,0,1,1
23613867,,0,0.000002,279,0.000007,0,1,1,0,1,1
23152928,,0,0.000003,279,0.000007,0,2,2,0,2,2
23039890,,0,0.000002,279,0.000007,0,1,1,0,1,1
22993535,,0,0.000012,279,0.000007,0,2,2,0,2,2
22869041,,0,0.000002,279,0.000007,0,1,1,0,1,1
22353665,,0,0.000002,279,0.000007,0,1,1,0,1,1
22048254,,0,0.000043,279,0.000007,0,3,3,0,3,3
21036793,,0,0.000002,279,0.000007,0,1,1,0,1,1
20549016,,0,0.000002,279,0.000007,0,1,1,0,1,1
19826453,,0,0.000002,279,0.000007,0,1,1,0,1,1
19376481,,0,0.000002,279,0.000007,0,1,1,0,1,1
19252927,,0,0.000002,279,0.000007,0,1,1,0,1,1
19123462,,0,0.000002,279,0.000007,0,1,1,0,1,1
19118009,,0,0.000002,279,0.000007,0,1,1,0,1,1
18628437,,0,0.000002,279,0.000007,0,1,1,0,1,1
18414409,,0,0.000002,279,0.000007,0,1,1,0,1,1
17533396,,0,0.000002,279,0.000007,0,1,1,0,1,1
17449906,,0,0.000002,279,0.000007,0,1,1,0,1,1
17069650,,0,0.000002,279,0.000007,0,1,1,0,1,1
16421593,,0,0.000002,279,0.000007,0,1,1,0,1,1
12651628,,0,0.000002,279,0.000007,0,1,1,0,1,1
12651596,,0,0.000002,279,0.000007,0,1,1,0,1,1
28856243,,0,0,89,0.000007,0,1,1,0,1,1
12161010,,0.000002,0,89,0.000067,12,0,12,12,0,12
25776071,,0,0,89,0.000007,0,1,1,0,1,1
24330491,,0,0,89,0.000007,0,1,1,0,1,1
23863692,,0,0,89,0.000007,0,1,1,0,1,1
23272232,,0,0,89,0.000007,0,1,1,0,1,1
22142662,,0,0.000051,89,0.000007,0,4,4,0,4,4
21949845,,0,0,89,0.000007,0,1,1,0,1,1
21778211,,0,0,89,0.000007,0,1,1,0,1,1
21505847,,0,0.000002,89,0.000007,0,2,2,0,2,2
20200439,,0,0,89,0.000007,0,1,1,0,1,1
18612376,,0,0,89,0.000007,0,1,1,0,1,1
12161606,,0.005675,0,1,0.000065,25,0,25,25,0,25
27358586,,0,0.005733,1,0.000007,0,8,8,0,8,8
25602962,,0.000144,0.001719,24,0.000017,4,11,15,4,11,15
24829859,,0.000792,0.005924,35,0.000107,32,8,40,32,8,40
19379506,,0.001702,0.001765,1,0.000009,4,10,14,4,10,14
12161607,,0.002061,0,5,0.000026,17,0,17,17,0,17
12161611,,0.000063,0,140,0.000008,3,0,3,3,0,3
29563500,,0,0.007503,35,0.000007,0,2,2,0,2,2
12162889,,0.003548,0,35,0.000389,82,0,82,82,0,82
28827520,,0,0.007503,35,0.000007,0,2,2,0,2,2
28622513,,0,0.000068,35,0.000007,0,1,1,0,1,1
28469402,,0,0.000068,35,0.000007,0,1,1,0,1,1
28469398,,0,0.000068,35,0.000007,0,1,1,0,1,1
27863408,,0,0.000068,35,0.000007,0,1,1,0,1,1
27323413,,0,0.000068,35,0.000007,0,1,1,0,1,1
26459179,,0,0.000068,35,0.000007,0,1,1,0,1,1
26397224,,0,0.003237,35,0.000007,0,2,2,0,2,2
26335606,,0,0.000068,35,0.000007,0,1,1,0,1,1
26054584,,0,0.000068,35,0.000007,0,1,1,0,1,1
25943122,,0,0.000068,35,0.000007,0,1,1,0,1,1
25888476,,0,0.000068,35,0.000007,0,1,1,0,1,1
25536056,,0,0.000068,35,0.000007,0,1,1,0,1,1
25057237,,0,0.000073,279,0.000007,0,2,2,0,2,2
24967636,,0,0.000068,35,0.000007,0,1,1,0,1,1
24632715,,0,0.000068,35,0.000007,0,1,1,0,1,1
24511017,,0,0.000068,35,0.000007,0,1,1,0,1,1
24023509,,0,0.000068,35,0.000007,0,1,1,0,1,1
23946871,,0,0.000068,35,0.000007,0,1,1,0,1,1
23632417,,0,0.000068,35,0.000007,0,1,1,0,1,1
23502430,,0,0.000068,35,0.000007,0,1,1,0,1,1
23423317,,0.000124,0.011356,35,0.00002,6,12,18,6,12,18
23382473,,0,0.000068,35,0.000007,0,1,1,0,1,1
23029292,,0,0.000068,35,0.000007,0,1,1,0,1,1
22927484,,0,0.000068,35,0.000007,0,1,1,0,1,1
22759422,,0,0.000068,35,0.000007,0,1,1,0,1,1
22364233,,0,0.000068,35,0.000007,0,1,1,0,1,1
22251480,,0,0.000068,35,0.000007,0,1,1,0,1,1
22028816,,0,0.000534,35,0.000007,0,2,2,0,2,2
21997556,,0,0.000068,35,0.000007,0,1,1,0,1,1
21869864,,0,0.000068,35,0.000007,0,1,1,0,1,1
21719795,,0,0.000068,35,0.000007,0,1,1,0,1,1
21465573,,0,0.000229,35,0.000007,0,2,2,0,2,2
20625302,,0,0.000068,35,0.000007,0,1,1,0,1,1
20523915,,0,0.000068,35,0.000007,0,1,1,0,1,1
20305825,,0,0.000068,279,0.000007,0,2,2,0,2,2
20302635,,0,0.000068,35,0.000007,0,1,1,0,1,1
20096140,,0,0.000068,35,0.000007,0,1,1,0,1,1
19730236,,0,0.000068,35,0.000007,0,1,1,0,1,1
19458765,,0,0.000068,35,0.000007,0,1,1,0,1,1
19455231,,0,0.000068,35,0.000007,0,1,1,0,1,1
19259398,,0,0.000068,35,0.000007,0,1,1,0,1,1
19192944,,0,0.000068,35,0.000007,0,1,1,0,1,1
19117295,,0,0.000068,35,0.000007,0,1,1,0,1,1
19091087,,0,0.000068,35,0.000007,0,1,1,0,1,1
18683247,,0,0.000068,35,0.000007,0,1,1,0,1,1
18519760,,0,0.000068,35,0.000007,0,1,1,0,1,1
18063315,,0,0.000068,35,0.000007,0,1,1,0,1,1
18053704,,0,0.000068,35,0.000007,0,1,1,0,1,1
17963812,,0,0.000068,57,0.000007,0,2,2,0,2,2
16919171,,0,0.000068,35,0.000007,0,1,1,0,1,1
16549007,,0,0.000068,35,0.000007,0,1,1,0,1,1
16483361,,0,0.000068,35,0.000007,0,1,1,0,1,1
15774776,,0,0.000068,35,0.000007,0,1,1,0,1,1
15085203,,0,0.000068,35,0.000007,0,1,1,0,1,1
12900505,,0,0.000068,35,0.000007,0,1,1,0,1,1
12165865,,0.001415,0,100,0.000025,10,0,10,10,0,10
28744357,,0,0,89,0.000007,0,1,1,0,1,1
27482346,,0,0,89,0.000007,0,1,1,0,1,1
18629036,,0,0,89,0.000007,0,1,1,0,1,1
12170759,,0.000804,0,89,0.000013,9,0,9,9,0,9
20824016,,0,0.000113,89,0.000007,0,6,6,0,6,6
20223043,,0.000083,0.000046,89,0.000008,1,3,4,1,3,4
26521083,,0,0.000235,41,0.000007,0,2,2,0,2,2
12170778,,0.002065,0,41,0.000116,20,0,20,20,0,20
21833028,,0,0.000039,41,0.000007,0,1,1,0,1,1
21692063,,0,0.000039,41,0.000007,0,1,1,0,1,1
21660944,,0,0.000039,41,0.000007,0,1,1,0,1,1
20458729,,0,0.000061,41,0.000007,0,2,2,0,2,2
18431487,,0,0.000274,41,0.000007,0,5,5,0,5,5
15558025,,0.000284,0.000235,41,0.00014,29,2,31,29,2,31
12897130,,0,0.000039,41,0.000007,0,1,1,0,1,1
24943595,,0,0.000196,231,0.000007,0,3,3,0,3,3
22461097,,0,0.000007,89,0.000007,0,1,1,0,1,1
21980428,,0,0.000007,89,0.000007,0,1,1,0,1,1
22929646,,0,0.000045,89,0.000007,0,1,1,0,1,1
19805052,,0,0.000045,89,0.000007,0,1,1,0,1,1
29371919,,0,0.001215,1,0.000007,0,3,3,0,3,3
12183411,,0.000413,0,100,0.000077,17,0,17,17,0,17
27932493,,0,0.000008,100,0.000007,0,1,1,0,1,1
27577084,,0,0.008834,100,0.000007,0,2,2,0,2,2
27341063,,0,0.000008,100,0.000007,0,1,1,0,1,1
25688366,,0,0.000008,100,0.000007,0,1,1,0,1,1
24082883,,0,0.000086,100,0.000007,0,2,2,0,2,2
22135504,,0,0.000008,100,0.000007,0,1,1,0,1,1
21926473,,0,0.000008,100,0.000007,0,1,1,0,1,1
20953407,,0,0.000008,100,0.000007,0,1,1,0,1,1
20547696,,0,0.000013,100,0.000007,0,2,2,0,2,2
20490326,,0,0.000008,100,0.000007,0,1,1,0,1,1
20156317,,0,0.000008,100,0.000007,0,1,1,0,1,1
17415412,,0,0.000008,100,0.000007,0,1,1,0,1,1
12183412,,0.00807,0,100,0.000201,50,0,50,50,0,50
27441746,,0,0.009019,176,0.000007,0,4,4,0,4,4
25623065,,0,0.000154,100,0.000007,0,1,1,0,1,1
24667671,,0,0.000154,100,0.000007,0,1,1,0,1,1
24451148,,0,0.000506,100,0.000007,0,2,2,0,2,2
23812271,,0,0.012016,1,0.000007,0,7,7,0,7,7
22007345,,0,0.000154,100,0.000007,0,1,1,0,1,1
20580718,,0,0.000688,100,0.000007,0,2,2,0,2,2
18250156,,0,0.000154,100,0.000007,0,1,1,0,1,1
17537652,,0,0.00898,1,0.000007,0,2,2,0,2,2
16876463,,0,0.000154,100,0.000007,0,1,1,0,1,1
16230422,,0,0.000154,100,0.000007,0,1,1,0,1,1
15342490,,0,0.000994,100,0.000007,0,4,4,0,4,4
14729972,,0,0.000154,100,0.000007,0,1,1,0,1,1
28427429,,0,0.000614,231,0.000007,0,11,11,0,11,11
12186376,,0.000017,0,168,0.000114,21,0,21,21,0,21
26046374,,0,0,168,0.000007,0,1,1,0,1,1
25866814,,0,0,168,0.000007,0,1,1,0,1,1
23770845,,0,0,168,0.000007,0,1,1,0,1,1
23205080,,0,0,168,0.000007,0,1,1,0,1,1
23053261,,0,0,168,0.000007,0,1,1,0,1,1
22977519,,0,0,168,0.000007,0,1,1,0,1,1
22934113,,0,0,168,0.000007,0,1,1,0,1,1
22807930,,0,0,168,0.000007,0,1,1,0,1,1
20650001,,0,0,168,0.000007,0,1,1,0,1,1
19644018,,0,0,168,0.000007,0,1,1,0,1,1
19298655,,0,0,168,0.000007,0,1,1,0,1,1
19125177,,0,0,168,0.000007,0,1,1,0,1,1
18769551,,0,0,168,0.000007,0,1,1,0,1,1
18652687,,0,0,168,0.000007,0,1,1,0,1,1
18528526,,0,0,168,0.000007,0,1,1,0,1,1
18528521,,0,0,168,0.000007,0,1,1,0,1,1
12188064,,0.000468,0,89,0.000009,4,0,4,4,0,4
12189225,,0.003758,0,89,0.000228,52,0,52,52,0,52
27111119,,0,0.000072,89,0.000007,0,1,1,0,1,1
27096256,,0,0.000072,89,0.000007,0,1,1,0,1,1
26929883,,0,0.000161,89,0.000007,0,2,2,0,2,2
26791950,,0,0.000072,89,0.000007,0,1,1,0,1,1
24097065,,0,0.000212,89,0.000007,0,2,2,0,2,2
23907645,,0,0.000161,89,0.000007,0,2,2,0,2,2
21057599,,0,0.000072,89,0.000007,0,1,1,0,1,1
21031144,,0,0.000072,89,0.000007,0,1,1,0,1,1
20949563,,0,0.000088,35,0.000007,0,3,3,0,3,3
19459833,,0,0.000072,89,0.000007,0,1,1,0,1,1
18986509,,0,0.000072,89,0.000007,0,1,1,0,1,1
18711109,,0,0.000072,89,0.000007,0,1,1,0,1,1
18539534,,0,0.000072,89,0.000007,0,1,1,0,1,1
17177654,,0,0.000072,89,0.000007,0,1,1,0,1,1
17156282,,0,0.000076,89,0.000007,0,2,2,0,2,2
15228628,,0,0.000072,89,0.000007,0,1,1,0,1,1
15079011,,0,0.000072,89,0.000007,0,1,1,0,1,1
12190015,,0.000052,0,5,0.000009,1,0,1,1,0,1
26740749,,0,0.000028,35,0.000007,0,1,1,0,1,1
12190286,,0.001489,0,35,0.000029,11,0,11,11,0,11
12191538,,0.001189,0,5,0.000058,32,0,32,32,0,32
24131499,,0.000001,0.000155,5,0.000008,1,10,11,1,10,11
23875800,,0,0.00005,5,0.000007,0,5,5,0,5,5
22936417,,0,0.000023,5,0.000007,0,1,1,0,1,1
19736695,,0.000786,0.000029,5,0.000038,19,2,21,19,2,21
29331675,,0,0.000338,279,0.000007,0,2,2,0,2,2
12191635,,0.002677,0,279,0.000073,22,0,22,22,0,22
28767600,,0,0.000051,279,0.000007,0,1,1,0,1,1
25155055,,0.000217,0.000199,279,0.000016,7,10,17,7,10,17
22440256,,0,0.000329,265,0.000007,0,4,4,0,4,4
19217843,,0,0.000051,279,0.000007,0,1,1,0,1,1
12195423,,0.010238,0,41,0.00019,56,0,56,56,0,56
27827925,,0,0.000195,41,0.000007,0,1,1,0,1,1
26760766,,0,0.000201,41,0.000007,0,2,2,0,2,2
26388429,,0,0.000231,41,0.000007,0,2,2,0,2,2
23940574,,0.000006,0.000378,41,0.000018,3,3,6,3,3,6
23825533,,0,0.00785,1,0.000007,0,20,20,0,20,20
22655123,,0.001765,0.022261,1,0.00001,4,13,17,4,13,17
28218467,,0,0,279,0.000007,0,1,1,0,1,1
12203372,,0.000004,0,279,0.000015,2,0,2,2,0,2
28513612,,0,0.000033,367,0.000007,0,3,3,0,3,3
12203994,,0.001082,0,89,0.000079,29,0,29,29,0,29
22801970,,0,0.000021,89,0.000007,0,1,1,0,1,1
22126752,,0,0.000021,89,0.000007,0,1,1,0,1,1
19736351,,0,0.000021,89,0.000007,0,1,1,0,1,1
19286882,,0,0.000021,89,0.000007,0,1,1,0,1,1
12203997,,0.000902,0,89,0.000014,9,0,9,9,0,9
12204006,,0.000573,0,89,0.000014,7,0,7,7,0,7
12210341,,0.000003,0,5,0.000009,2,0,2,2,0,2
21934710,,0,0.000107,5,0.000007,0,7,7,0,7,7
12214252,,0.002006,0,100,0.000119,24,0,24,24,0,24
23300604,,0,0.000038,100,0.000007,0,1,1,0,1,1
20009567,,0,0.000586,100,0.000007,0,8,8,0,8,8
16899128,,0,0.000069,176,0.000007,0,2,2,0,2,2
16207362,,0,0.000961,100,0.000007,0,4,4,0,4,4
12215246,,0.000384,0,5,0.000015,11,0,11,11,0,11
23604904,,0,0.000027,5,0.000007,0,5,5,0,5,5
23323793,,0,0.000933,5,0.000007,0,17,17,0,17,17
12215247,,0.000029,0,5,0.00001,4,0,4,4,0,4
12215248,,0.000775,0,5,0.000034,16,0,16,16,0,16
23985182,,0,0.000015,5,0.000007,0,1,1,0,1,1
23269778,,0,0.000015,5,0.000007,0,1,1,0,1,1
21233722,,0,0.000064,5,0.000007,0,5,5,0,5,5
19037221,,0,0.000015,5,0.000007,0,1,1,0,1,1
29848613,,0,0.000095,5,0.000007,0,3,3,0,3,3
12215249,,0.001156,0,140,0.000022,19,0,19,19,0,19
29124491,,0,0.002066,140,0.000007,0,17,17,0,17,17
27742414,,0,0.000762,205,0.000007,0,22,22,0,22,22
25640009,,0,0.005477,5,0.000007,0,19,19,0,19,19
25569439,,0,0.002128,140,0.000007,0,14,14,0,14,14
28570656,,0,0.000681,5,0.000007,0,20,20,0,20,20
12215250,,0.000166,0,5,0.000014,8,0,8,8,0,8
12215251,,0.001976,0,140,0.000038,22,0,22,22,0,22
23615697,,0.002031,0.002177,140,0.000039,27,32,59,27,32,59
18951440,,0,0.000875,140,0.000007,0,11,11,0,11,11
29892687,,0,0.007718,89,0.000007,0,7,7,0,7,7
12217765,,0.000156,0,35,0.000038,11,0,11,11,0,11
27847582,,0,0.000003,35,0.000007,0,2,2,0,2,2
26604930,,0,0.000009,35,0.000007,0,5,5,0,5,5
25834617,,0.000147,0.000006,35,0.000021,4,3,7,4,3,7
25419067,,0,0.000096,35,0.000007,0,2,2,0,2,2
24876981,,0,0.000006,35,0.000007,0,3,3,0,3,3
24137429,,0,0.000006,35,0.00001,1,2,3,1,2,3
20205809,,0,0.000003,35,0.000007,0,1,1,0,1,1
30388153,,0,0.00001,35,0.000007,0,1,1,0,1,1
12217913,,0.000505,0,35,0.000152,30,0,30,30,0,30
29910825,,0,0.000381,35,0.000007,0,2,2,0,2,2
29099853,,0,0.00001,35,0.000007,0,1,1,0,1,1
27510562,,0,0.00001,35,0.000007,0,2,2,0,2,2
26394323,,0,0.00001,35,0.000007,0,1,1,0,1,1
26375394,,0,0.00001,35,0.000007,0,1,1,0,1,1
26130333,,0,0.00001,35,0.000007,0,1,1,0,1,1
25635165,,0,0.00001,35,0.000007,0,1,1,0,1,1
24779372,,0,0.00001,35,0.000007,0,1,1,0,1,1
24490149,,0,0.003179,35,0.000007,0,2,2,0,2,2
23996820,,0,0.00001,35,0.000007,0,1,1,0,1,1
23118863,,0,0.00001,35,0.000007,0,1,1,0,1,1
23031190,,0,0.00001,35,0.000007,0,1,1,0,1,1
21812956,,0,0.00001,35,0.000007,0,1,1,0,1,1
21693065,,0,0.00001,35,0.000007,0,1,1,0,1,1
20630075,,0,0.000219,1,0.000007,0,2,2,0,2,2
20361856,,0,0.00001,35,0.000007,0,1,1,0,1,1
18831790,,0,0.00001,35,0.000007,0,1,1,0,1,1
18541061,,0,0.00001,35,0.000007,0,1,1,0,1,1
17980031,,0,0.00001,35,0.000007,0,1,1,0,1,1
17877799,,0,0.00001,35,0.000007,0,1,1,0,1,1
16824202,,0,0.00001,35,0.000007,0,1,1,0,1,1
16046818,,0,0.00001,35,0.000007,0,1,1,0,1,1
12218081,,0,0,89,0.00001,1,0,1,1,0,1
12220449,,0.000091,0,5,0.000017,7,0,7,7,0,7
27734221,,0,0.000033,5,0.000007,0,7,7,0,7,7
22460298,,0,0.000012,5,0.000015,2,3,5,2,3,5
22314708,,0,0.000011,5,0.000007,0,4,4,0,4,4
22547953,,0,0.00007,140,0.000007,0,4,4,0,4,4
12220452,,0.000103,0,5,0.000015,4,0,4,4,0,4
12220453,,0.00033,0,89,0.000009,5,0,5,5,0,5
21443691,,0,0,78,0.000007,0,1,1,0,1,1
12222134,,0,0,78,0.000013,1,0,1,1,0,1
19244109,,0,0,79,0.000007,0,1,1,0,1,1
12222137,,0,0,79,0.000019,2,0,2,2,0,2
16884532,,0,0,79,0.000007,0,1,1,0,1,1
12223074,,0.000237,0,279,0.000017,3,0,3,3,0,3
21348831,,0,0.000005,279,0.000007,0,1,1,0,1,1
21541816,,0,0.000001,279,0.000007,0,1,1,0,1,1
12227949,,0.000056,0,279,0.000015,2,0,2,2,0,2
12228218,,0.000034,0,5,0.000007,1,0,1,1,0,1
25597748,,0,0,80,0.000007,0,1,1,0,1,1
12229876,,0,0,80,0.000013,1,0,1,1,0,1
28775267,,0,0.000001,81,0.000007,0,1,1,0,1,1
12231188,,0.000039,0,81,0.000041,7,0,7,7,0,7
22412831,,0,0.000269,81,0.000007,0,2,2,0,2,2
21847388,,0,0.000001,81,0.000007,0,1,1,0,1,1
21819680,,0,0.000001,81,0.000007,0,1,1,0,1,1
19454332,,0,0.000001,81,0.000007,0,1,1,0,1,1
19296524,,0,0.000001,81,0.000007,0,1,1,0,1,1
18044112,,0,0.000005,89,0.000007,0,1,1,0,1,1
12237273,,0.000323,0,89,0.000016,3,0,3,3,0,3
12237281,,0.025282,0,205,0.000694,228,0,228,228,0,228
29922827,,0.000004,0.002455,205,0.00001,2,11,13,2,11,13
29922634,,0,0.000482,205,0.000007,0,1,1,0,1,1
29719433,,0,0.001224,5,0.000007,0,16,16,0,16,16
29564165,,0,0.000653,205,0.000007,0,3,3,0,3,3
29400121,,0,0.000589,5,0.000007,0,10,10,0,10,10
29307198,,0,0.005488,205,0.000007,0,21,21,0,21,21
29301143,,0,0.00138,89,0.000007,0,12,12,0,12,12
28614085,,0,0.001567,1,0.000007,0,6,6,0,6,6
28450803,,0,0.000761,205,0.000007,0,2,2,0,2,2
28383487,,0,0.001013,205,0.000007,0,6,6,0,6,6
28039657,,0,0.000618,205,0.000007,0,6,6,0,6,6
27749331,,0,0.001758,1,0.000007,0,5,5,0,5,5
27595026,,0,0.000482,205,0.000007,0,1,1,0,1,1
27245282,,0,0.017682,1,0.000007,0,14,14,0,14,14
27069714,,0,0.000752,205,0.000007,0,4,4,0,4,4
26929738,,0,0.004302,205,0.000007,0,10,10,0,10,10
26883357,,0,0.002639,205,0.000007,0,9,9,0,9,9
26723226,,0,0.000484,205,0.000007,0,2,2,0,2,2
26498142,,0,0.000488,205,0.000007,0,2,2,0,2,2
26440929,,0.003508,0.009755,205,0.000031,22,11,33,22,11,33
26229410,,0,0.000528,205,0.000007,0,4,4,0,4,4
26150619,,0,0.004309,205,0.000013,1,13,14,1,13,14
26098869,,0.000335,0.000482,205,0.000249,50,1,51,50,1,51
25764167,,0,0.000499,5,0.000007,0,2,2,0,2,2
25717368,,0,0.000533,140,0.000007,0,6,6,0,6,6
25349615,,0,0.000482,205,0.000007,0,1,1,0,1,1
25170207,,0,0.000497,205,0.000007,0,2,2,0,2,2
25132269,,0.000631,0.026902,1,0.000077,18,14,32,18,14,32
25047061,,0.000277,0.001168,89,0.000008,2,9,11,2,9,11
25031786,,0,0.001347,205,0.000007,0,5,5,0,5,5
24737347,,0.000825,0.004193,205,0.000024,11,8,19,11,8,19
24528929,,0,0.000632,205,0.000007,0,2,2,0,2,2
24484606,,0.002229,0.001137,89,0.000069,39,8,47,39,8,47
24395243,,0,0.000948,205,0.000007,0,3,3,0,3,3
24366051,,0,0.000482,205,0.000007,0,1,1,0,1,1
24303367,,0,0.000698,205,0.000007,0,4,4,0,4,4
23856911,,0,0.001129,205,0.000007,0,6,6,0,6,6
23851432,,0.000233,0.003213,100,0.00002,4,14,18,4,14,18
23530095,,0,0.002349,205,0.000007,0,2,2,0,2,2
23456555,,0.000534,0.002676,205,0.000033,11,13,24,11,13,24
23365616,,0,0.000482,205,0.000007,0,1,1,0,1,1
23222481,,0,0.004395,205,0.000007,0,7,7,0,7,7
23112885,,0,0.000482,205,0.000007,0,1,1,0,1,1
23075238,,0,0.000497,205,0.000007,0,2,2,0,2,2
22589078,,0,0.000519,205,0.000007,0,3,3,0,3,3
22429592,,0,0.00077,205,0.000007,0,3,3,0,3,3
22312493,,0,0.000915,205,0.000007,0,5,5,0,5,5
21633635,,0,0.000532,205,0.000007,0,3,3,0,3,3
20567579,,0,0.001044,205,0.000007,0,3,3,0,3,3
20439481,,0,0.000482,205,0.000007,0,1,1,0,1,1
19861671,,0,0.002349,205,0.000007,0,2,2,0,2,2
19723350,,0,0.000482,205,0.000007,0,1,1,0,1,1
19318433,,0,0.000482,205,0.000007,0,1,1,0,1,1
19089664,,0,0.000492,247,0.000007,0,2,2,0,2,2
18544627,,0,0.000482,205,0.000007,0,1,1,0,1,1
18333084,,0,0.000487,205,0.000007,0,2,2,0,2,2
17673443,,0.000788,0.001178,5,0.000012,10,4,14,10,4,14
17254323,,0,0.000626,89,0.000007,0,3,3,0,3,3
15280931,,0.001708,0.000525,82,0.000056,24,3,27,24,3,27
12237282,,0.015068,0,205,0.000188,114,0,114,114,0,114
29698419,,0,0.000476,205,0.000007,0,5,5,0,5,5
29622700,,0,0.000926,205,0.000007,0,5,5,0,5,5
28758010,,0,0.000287,205,0.000007,0,1,1,0,1,1
28616458,,0,0.001899,5,0.000007,0,10,10,0,10,10
28341421,,0,0.000453,89,0.000007,0,2,2,0,2,2
28246467,,0,0.005642,205,0.000007,0,19,19,0,19,19
27938791,,0,0.000574,205,0.000007,0,9,9,0,9,9
27383056,,0,0.000336,205,0.000007,0,2,2,0,2,2
27332745,,0,0.000287,205,0.000007,0,1,1,0,1,1
26488398,,0,0.000371,69,0.000007,0,4,4,0,4,4
22969218,,0,0.000357,205,0.000007,0,5,5,0,5,5
21934105,,0.007373,0.002673,205,0.000143,50,7,57,50,7,57
20888394,,0,0.000388,205,0.000007,0,3,3,0,3,3
20164540,,0,0.000289,57,0.000007,0,2,2,0,2,2
19461915,,0,0.000615,205,0.000007,0,4,4,0,4,4
16698758,,0,0.000287,205,0.000007,0,1,1,0,1,1
12237285,,0.018606,0,1,0.000088,54,0,54,54,0,54
28541631,,0.000256,0.025102,1,0.000007,1,25,26,1,25,26
24382385,,0,0.008504,69,0.000007,0,3,3,0,3,3
23289505,,0,0.008164,69,0.000007,0,3,3,0,3,3
15574200,,0,0.001004,100,0.000007,0,4,4,0,4,4
12237897,,0.002798,0,5,0.000041,21,0,21,21,0,21
12239151,,0.013012,0,100,0.000315,182,0,182,182,0,182
29588287,,0,0.000648,100,0.000007,0,2,2,0,2,2
29559578,,0,0.000297,100,0.000007,0,2,2,0,2,2
29530934,,0,0.000981,100,0.000007,0,5,5,0,5,5
29445165,,0,0.000933,100,0.000007,0,5,5,0,5,5
28836581,,0,0.000324,205,0.000007,0,3,3,0,3,3
28820495,,0,0.000938,100,0.000007,0,5,5,0,5,5
28074097,,0,0.000733,100,0.000007,0,3,3,0,3,3
27351285,,0,0.00145,100,0.000007,0,9,9,0,9,9
26851293,,0,0.000377,57,0.000007,0,4,4,0,4,4
26765540,,0,0.001239,100,0.000007,0,8,8,0,8,8
26683374,,0,0.000648,100,0.000007,0,2,2,0,2,2
26593718,,0,0.00133,100,0.000007,0,5,5,0,5,5
25996477,,0,0.000591,100,0.000007,0,4,4,0,4,4
25779053,,0,0.000874,100,0.000007,0,3,3,0,3,3
25753672,,0,0.000248,100,0.000007,0,1,1,0,1,1
24451376,,0,0.001365,100,0.000007,0,6,6,0,6,6
24251092,,0,0.000248,100,0.000007,0,1,1,0,1,1
24086435,,0,0.000598,100,0.000007,0,4,4,0,4,4
24013229,,0,0.000598,100,0.000007,0,4,4,0,4,4
23925293,,0,0.000648,100,0.000007,0,2,2,0,2,2
23797609,,0,0.000874,100,0.000007,0,3,3,0,3,3
23443494,,0,0.000248,100,0.000007,0,1,1,0,1,1
22987153,,0,0.001037,100,0.000007,0,4,4,0,4,4
21417933,,0,0.000352,100,0.000007,0,3,3,0,3,3
21398521,,0,0.000549,100,0.000007,0,3,3,0,3,3
20935219,,0,0.000458,100,0.000007,0,4,4,0,4,4
20864535,,0,0.0006,100,0.000007,0,5,5,0,5,5
20462409,,0,0.000249,184,0.000007,0,2,2,0,2,2
20209624,,0,0.000659,100,0.000007,0,2,2,0,2,2
20043851,,0,0.008865,100,0.000007,0,7,7,0,7,7
19934314,,0.000841,0.001718,100,0.000112,37,8,45,37,8,45
19664228,,0,0.003426,100,0.000007,0,7,7,0,7,7
19589784,,0,0.000943,100,0.000007,0,4,4,0,4,4
15860664,,0,0.000248,100,0.000007,0,1,1,0,1,1
12242698,,0.000011,0,35,0.000014,3,0,3,3,0,3
17394647,,0,0.000046,35,0.000007,0,2,2,0,2,2
12352190,,0.006767,0,1,0.000042,23,0,23,23,0,23
27259239,,0,0.000728,69,0.000007,0,3,3,0,3,3
24023729,,0,0.009676,69,0.000007,0,10,10,0,10,10
21451132,,0,0.000847,69,0.000007,0,5,5,0,5,5
12353239,,0.001026,0,5,0.000035,20,0,20,20,0,20
27493488,,0,0.000383,35,0.000007,0,2,2,0,2,2
25956934,,0,0.000043,5,0.000007,0,2,2,0,2,2
24824169,,0,0.000055,5,0.000007,0,3,3,0,3,3
12353262,,0.002553,0,100,0.000088,25,0,25,25,0,25
23713010,,0,0.000049,100,0.000007,0,1,1,0,1,1
21359144,,0,0.000049,100,0.000007,0,1,1,0,1,1
20107318,,0,0.00152,100,0.000031,4,6,10,4,6,10
19706467,,0,0.000069,100,0.000007,0,2,2,0,2,2
19204006,,0,0.000049,100,0.000007,0,1,1,0,1,1
17913829,,0,0.000313,100,0.000007,0,4,4,0,4,4
21048850,,0,0,83,0.000007,0,1,1,0,1,1
12353265,,0,0,83,0.000013,1,0,1,1,0,1
12354469,,0.00025,0,5,0.000013,4,0,4,4,0,4
20596637,,0,0.003174,35,0.000007,0,2,2,0,2,2
30057676,,0,0.000037,100,0.000007,0,1,1,0,1,1
12354779,,0.00196,0,100,0.000086,27,0,27,27,0,27
24799500,,0,0.000037,100,0.000007,0,1,1,0,1,1
21386838,,0,0.000037,100,0.000007,0,1,1,0,1,1
18469862,,0,0.000412,100,0.000007,0,3,3,0,3,3
17524422,,0,0.000037,100,0.000007,0,1,1,0,1,1
30057198,,0,0.001146,100,0.000007,0,7,7,0,7,7
12354784,,0.002538,0,100,0.000065,28,0,28,28,0,28
28239445,,0,0.000651,100,0.000007,0,13,13,0,13,13
27934892,,0,0.000398,100,0.000007,0,3,3,0,3,3
27870251,,0,0.000381,100,0.000007,0,4,4,0,4,4
22438805,,0,0.000048,100,0.000007,0,1,1,0,1,1
28331721,,0,0.000017,35,0.000007,0,1,1,0,1,1
26622680,,0,0.000017,35,0.000007,0,1,1,0,1,1
25382741,,0,0.000017,35,0.000007,0,2,2,0,2,2
25013441,,0,0.000017,35,0.000007,0,1,1,0,1,1
22259257,,0,0.000017,35,0.000007,0,1,1,0,1,1
20072677,,0,0.000017,35,0.000022,3,1,4,3,1,4
19946485,,0,0.000017,35,0.000007,0,1,1,0,1,1
23929738,,0,0.00001,35,0.000007,0,2,2,0,2,2
23686656,,0,0.000003,89,0.000007,0,1,1,0,1,1
12357330,,0.000159,0,89,0.000032,11,0,11,11,0,11
19804612,,0,0.000005,5,0.000007,0,2,2,0,2,2
15591543,,0,0.000003,89,0.000007,0,1,1,0,1,1
12359199,,0.000384,0,5,0.00001,5,0,5,5,0,5
12359859,,0.001269,0,5,0.000012,4,0,4,4,0,4
12359861,,0.000375,0,35,0.000013,2,0,2,2,0,2
30129235,,0,0.00002,89,0.000007,0,1,1,0,1,1
12360411,,0.001072,0,89,0.000019,9,0,9,9,0,9
12362976,,0.000746,0,89,0.00001,7,0,7,7,0,7
30466442,,0,0.000521,1,0.000007,0,3,3,0,3,3
12364621,,0.010576,0,100,0.00069,179,0,179,179,0,179
30108780,,0,0.000202,100,0.000007,0,1,1,0,1,1
30050065,,0,0.000202,100,0.000007,0,1,1,0,1,1
29937925,,0,0.000697,100,0.000007,0,6,6,0,6,6
29482435,,0,0.000202,100,0.000007,0,1,1,0,1,1
29415985,,0,0.000227,100,0.000007,0,2,2,0,2,2
29399538,,0,0.00047,100,0.000007,0,2,2,0,2,2
29378830,,0,0.002294,100,0.000007,0,5,5,0,5,5
29352223,,0,0.000202,100,0.000007,0,1,1,0,1,1
29346775,,0,0.001085,66,0.000007,0,3,3,0,3,3
29328365,,0,0.000202,100,0.000007,0,1,1,0,1,1
28943310,,0,0.005538,100,0.000007,0,13,13,0,13,13
28895780,,0,0.000202,100,0.000007,0,1,1,0,1,1
28781951,,0,0.000202,100,0.000007,0,1,1,0,1,1
28436418,,0,0.000202,100,0.000007,0,1,1,0,1,1
28415769,,0,0.001735,100,0.000007,0,3,3,0,3,3
28412751,,0,0.022091,1,0.000007,0,9,9,0,9,9
28099140,,0,0.000202,265,0.000007,0,2,2,0,2,2
27898051,,0,0.000202,100,0.000007,0,1,1,0,1,1
27533083,,0,0.008045,100,0.000007,0,8,8,0,8,8
27462418,,0,0.003618,100,0.000007,0,8,8,0,8,8
27425591,,0,0.001084,100,0.000007,0,3,3,0,3,3
27384325,,0,0.000202,100,0.000007,0,1,1,0,1,1
26261485,,0,0.001637,100,0.000007,0,3,3,0,3,3
26199937,,0,0.000202,100,0.000007,0,1,1,0,1,1
25868852,,0.001509,0.02541,1,0.000018,5,13,18,5,13,18
25675240,,0,0.000202,100,0.000007,0,2,2,0,2,2
25294941,,0,0.000202,100,0.000007,0,1,1,0,1,1
25243023,,0,0.000202,100,0.000007,0,1,1,0,1,1
24906307,,0,0.000202,100,0.000007,0,1,1,0,1,1
24861625,,0,0.000599,100,0.000007,0,2,2,0,2,2
24731990,,0,0.000239,100,0.000007,0,3,3,0,3,3
24725274,,0,0.000202,100,0.000007,0,1,1,0,1,1
24469230,,0,0.000202,100,0.000007,0,1,1,0,1,1
24324146,,0,0.001978,100,0.000007,0,4,4,0,4,4
24186206,,0,0.00132,1,0.000007,0,6,6,0,6,6
24091633,,0,0.000699,176,0.000007,0,4,4,0,4,4
24040364,,0,0.001596,100,0.000007,0,2,2,0,2,2
24021630,,0,0.000339,57,0.000007,0,2,2,0,2,2
24003211,,0,0.003722,100,0.000007,0,13,13,0,13,13
23852038,,0,0.000202,100,0.000007,0,1,1,0,1,1
23828894,,0,0.000789,100,0.000007,0,2,2,0,2,2
23797032,,0,0.000235,100,0.000007,0,2,2,0,2,2
23760669,,0,0.000663,176,0.000007,0,4,4,0,4,4
23667696,,0,0.000317,100,0.000007,0,3,3,0,3,3
23530749,,0,0.00182,1,0.000007,0,5,5,0,5,5
23422000,,0,0.000202,100,0.000007,0,1,1,0,1,1
23351141,,0,0.000202,100,0.000007,0,1,1,0,1,1
23345616,,0,0.001596,100,0.000007,0,2,2,0,2,2
23321513,,0,0.000202,100,0.000007,0,1,1,0,1,1
23112151,,0.000426,0.000208,24,0.000131,24,2,26,24,2,26
23070520,,0,0.000243,100,0.000007,0,2,2,0,2,2
23052275,,0,0.000202,100,0.000007,0,1,1,0,1,1
23031826,,0,0.000202,100,0.000007,0,1,1,0,1,1
22740399,,0,0.000213,100,0.000007,0,2,2,0,2,2
22621922,,0,0.000408,100,0.000007,0,2,2,0,2,2
22508511,,0,0.001596,100,0.000007,0,2,2,0,2,2
22396545,,0,0.000202,100,0.000007,0,1,1,0,1,1
22373579,,0,0.001698,100,0.000007,0,7,7,0,7,7
22323184,,0,0.001607,82,0.000007,0,3,3,0,3,3
22319212,,0,0.000204,213,0.000007,0,2,2,0,2,2
22249206,,0,0.006139,100,0.000007,0,15,15,0,15,15
22145013,,0,0.000202,100,0.000007,0,1,1,0,1,1
22045204,,0.001063,0.001942,100,0.000057,17,5,22,17,5,22
21931182,,0,0.000202,100,0.000007,0,1,1,0,1,1
21795694,,0,0.000202,100,0.000007,0,1,1,0,1,1
21557666,,0,0.000202,100,0.000007,0,1,1,0,1,1
21293379,,0,0.001937,100,0.000007,0,5,5,0,5,5
21190956,,0,0.000202,100,0.000007,0,1,1,0,1,1
21172027,,0,0.000202,100,0.000007,0,1,1,0,1,1
21113133,,0,0.000202,100,0.000007,0,1,1,0,1,1
20979631,,0,0.000202,100,0.000007,0,1,1,0,1,1
20871591,,0,0.003449,100,0.000007,0,8,8,0,8,8
20738173,,0,0.000202,100,0.000007,0,1,1,0,1,1
20684759,,0,0.00074,100,0.000007,0,3,3,0,3,3
20421415,,0,0.000243,100,0.000007,0,2,2,0,2,2
20307547,,0,0.000324,57,0.000007,0,2,2,0,2,2
20304914,,0,0.000736,100,0.000007,0,2,2,0,2,2
20150382,,0,0.000202,100,0.000007,0,1,1,0,1,1
20080757,,0,0.001088,100,0.000007,0,3,3,0,3,3
19965633,,0,0.000202,100,0.000007,0,1,1,0,1,1
19955088,,0,0.000202,100,0.000007,0,1,1,0,1,1
19629043,,0,0.000202,100,0.000007,0,1,1,0,1,1
19473886,,0,0.000334,100,0.000007,0,5,5,0,5,5
19203584,,0,0.000262,100,0.000007,0,2,2,0,2,2
19079244,,0,0.000202,100,0.000007,0,1,1,0,1,1
19008195,,0,0.000202,100,0.000007,0,1,1,0,1,1
18931659,,0,0.000202,100,0.000007,0,1,1,0,1,1
18840612,,0,0.000202,100,0.000007,0,1,1,0,1,1
18581285,,0,0.000202,100,0.000007,0,1,1,0,1,1
18504301,,0,0.002784,100,0.000007,0,5,5,0,5,5
18434398,,0,0.000202,100,0.000007,0,1,1,0,1,1
17940005,,0,0.000202,100,0.000007,0,1,1,0,1,1
17690115,,0,0.001323,100,0.000007,0,3,3,0,3,3
17623090,,0,0.000202,100,0.000007,0,1,1,0,1,1
17364023,,0,0.000202,100,0.000007,0,1,1,0,1,1
17210786,,0,0.000202,100,0.000007,0,1,1,0,1,1
17158742,,0,0.000361,100,0.000007,0,3,3,0,3,3
17116885,,0,0.000202,100,0.000007,0,1,1,0,1,1
16778077,,0,0.001323,100,0.000007,0,3,3,0,3,3
16248679,,0,0.000202,100,0.000007,0,1,1,0,1,1
16009723,,0,0.00139,100,0.000007,0,4,4,0,4,4
14766980,,0,0.000202,100,0.000007,0,1,1,0,1,1
14532133,,0,0.000334,57,0.000007,0,4,4,0,4,4
12930957,,0,0.000202,100,0.000007,0,1,1,0,1,1
12370825,,0.00033,0,279,0.000035,12,0,12,12,0,12
26874356,,0,0.000006,279,0.000007,0,1,1,0,1,1
21322125,,0,0.000013,279,0.000007,0,2,2,0,2,2
20101445,,0,0.000185,279,0.000007,0,7,7,0,7,7
19411863,,0,0.000354,279,0.000007,0,3,3,0,3,3
18708376,,0,0.000016,279,0.000007,0,3,3,0,3,3
25647146,,0,0.000001,89,0.000007,0,1,1,0,1,1
12372056,,0.000039,0,89,0.000021,4,0,4,4,0,4
15755804,,0,0.000001,89,0.000007,0,1,1,0,1,1
12375043,,0.000518,0,279,0.00001,5,0,5,5,0,5
29685123,,0,0.002014,5,0.000007,0,8,8,0,8,8
12376208,,0.000663,0,5,0.000023,18,0,18,18,0,18
29655297,,0,0.000229,5,0.000007,0,7,7,0,7,7
24428912,,0,0.000078,5,0.000007,0,4,4,0,4,4
12376518,,0.000476,0,5,0.00002,13,0,13,13,0,13
24577154,,0,0.00005,5,0.000007,0,4,4,0,4,4
28075405,,0,0,84,0.000007,0,1,1,0,1,1
12381369,,0,0,84,0.000031,4,0,4,4,0,4
27892942,,0,0,84,0.000007,0,1,1,0,1,1
25221775,,0,0,84,0.000007,0,1,1,0,1,1
16620746,,0,0,84,0.000007,0,1,1,0,1,1
12381709,,0.000176,0,5,0.00002,6,0,6,6,0,6
25077125,,0,0.000036,5,0.000007,0,3,3,0,3,3
23385488,,0,0.000003,5,0.000007,0,1,1,0,1,1
25153034,,0,0.000012,72,0.000007,0,2,2,0,2,2
12382187,,0.000064,0,72,0.000042,7,0,7,7,0,7
22970047,,0,0.000001,72,0.000007,0,1,1,0,1,1
20200040,,0,0.000001,72,0.000007,0,1,1,0,1,1
16501043,,0,0.000001,72,0.000007,0,1,1,0,1,1
15318935,,0,0.000001,72,0.000007,0,1,1,0,1,1
15188513,,0,0.000001,72,0.000007,0,1,1,0,1,1
12382188,,0.000023,0,231,0.000031,7,0,7,7,0,7
22846430,,0,0,231,0.000007,0,1,1,0,1,1
16954021,,0,0,231,0.000007,0,1,1,0,1,1
16495339,,0,0.000044,231,0.000007,0,2,2,0,2,2
15169919,,0,0,231,0.000007,0,1,1,0,1,1
12382193,,0.000023,0,5,0.000007,1,0,1,1,0,1
29391830,,0,0.01828,1,0.000007,0,20,20,0,20,20
12383682,,0.002117,0,24,0.001015,20,0,20,20,0,20
26740498,,0,0.001245,24,0.000007,0,12,12,0,12,12
26663950,,0,0.000161,24,0.00001,1,9,10,1,9,10
23599763,,0.000014,0.000676,24,0.00002,5,3,8,5,3,8
23496813,,0.000012,0.000913,24,0.000011,2,6,8,2,6,8
22439756,,0.001076,0.000534,24,0.000029,8,8,16,8,8,16
18402708,,0.002255,0.000921,24,0.000095,36,7,43,36,7,43
12383764,,0.000187,0,100,0.000009,2,0,2,2,0,2
12385650,,0.000129,0,89,0.000007,1,0,1,1,0,1
27090263,,0,0.000044,143,0.000007,0,3,3,0,3,3
12389335,,0.000001,0,143,0.000027,4,0,4,4,0,4
22837644,,0,0,143,0.000007,0,1,1,0,1,1
21455574,,0,0,143,0.000007,0,1,1,0,1,1
16404426,,0,0,143,0.000007,0,1,1,0,1,1
29116029,,0,0,100,0.000007,0,1,1,0,1,1
12389351,,0,0,100,0.000016,2,0,2,2,0,2
14594617,,0,0.000011,100,0.000007,0,2,2,0,2,2
30449320,,0,0.00009,100,0.000007,0,2,2,0,2,2
12393516,,0.003956,0,100,0.000409,148,0,148,148,0,148
30344425,,0,0.000075,100,0.000007,0,1,1,0,1,1
30061624,,0,0.000075,100,0.000007,0,1,1,0,1,1
29907598,,0,0.000093,100,0.000007,0,2,2,0,2,2
29784053,,0,0.00037,100,0.000007,0,5,5,0,5,5
29584588,,0,0.00029,100,0.000007,0,2,2,0,2,2
29481998,,0,0.000075,100,0.000007,0,1,1,0,1,1
29361695,,0,0.000494,100,0.000007,0,5,5,0,5,5
29051281,,0,0.000075,100,0.000007,0,1,1,0,1,1
29042204,,0,0.000075,100,0.000007,0,1,1,0,1,1
28678401,,0,0.000429,100,0.000007,0,5,5,0,5,5
28572264,,0,0.00032,205,0.000007,0,5,5,0,5,5
28557197,,0,0.000075,100,0.000007,0,1,1,0,1,1
28358695,,0,0.000075,100,0.000007,0,1,1,0,1,1
28341737,,0,0.000081,100,0.000007,0,2,2,0,2,2
28203135,,0,0.000109,100,0.000007,0,2,2,0,2,2
28202457,,0,0.000075,100,0.000007,0,1,1,0,1,1
28179273,,0,0.000101,100,0.000007,0,2,2,0,2,2
27929686,,0,0.000171,100,0.000007,0,3,3,0,3,3
27756748,,0,0.000811,100,0.000007,0,3,3,0,3,3
27417356,,0,0.000075,100,0.000007,0,1,1,0,1,1
27190216,,0,0.000075,100,0.000007,0,1,1,0,1,1
27013901,,0,0.000548,100,0.000007,0,2,2,0,2,2
26999465,,0,0.000075,100,0.000007,0,1,1,0,1,1
26860989,,0,0.000075,100,0.000007,0,1,1,0,1,1
26635036,,0,0.000075,100,0.000007,0,1,1,0,1,1
26603260,,0,0.000431,5,0.000007,0,4,4,0,4,4
26404444,,0,0.000075,100,0.000007,0,1,1,0,1,1
26379910,,0,0.00014,100,0.000007,0,5,5,0,5,5
26178207,,0,0.000075,100,0.000007,0,1,1,0,1,1
26116087,,0,0.000271,100,0.000007,0,2,2,0,2,2
26109920,,0,0.000093,100,0.000007,0,2,2,0,2,2
26097763,,0,0.000075,100,0.000007,0,1,1,0,1,1
26078642,,0,0.000075,100,0.000007,0,1,1,0,1,1
26046330,,0,0.000075,100,0.000007,0,1,1,0,1,1
25917546,,0,0.000361,100,0.000007,0,4,4,0,4,4
25824692,,0,0.000075,100,0.000007,0,1,1,0,1,1
25809863,,0,0.000293,100,0.000007,0,3,3,0,3,3
25682607,,0,0.000075,100,0.000007,0,1,1,0,1,1
25662766,,0,0.000075,100,0.000007,0,1,1,0,1,1
25642447,,0,0.000075,100,0.000007,0,1,1,0,1,1
25628690,,0,0.000109,100,0.000007,0,2,2,0,2,2
25609062,,0,0.012749,1,0.000007,0,6,6,0,6,6
25434823,,0,0.00029,100,0.000007,0,2,2,0,2,2
25340704,,0,0.000476,100,0.000007,0,2,2,0,2,2
25332625,,0,0.00009,100,0.000007,0,2,2,0,2,2
25155611,,0,0.000075,100,0.000007,0,1,1,0,1,1
24888387,,0,0.000075,100,0.000007,0,1,1,0,1,1
24885126,,0,0.000696,100,0.000007,0,4,4,0,4,4
24778694,,0,0.000081,100,0.000007,0,2,2,0,2,2
24604962,,0,0.000075,100,0.000007,0,1,1,0,1,1
23937566,,0,0.000806,100,0.000007,0,8,8,0,8,8
23926459,,0,0.0003,100,0.000007,0,2,2,0,2,2
23910471,,0,0.000075,100,0.000007,0,1,1,0,1,1
23721813,,0,0.000336,100,0.000007,0,4,4,0,4,4
23547077,,0,0.000326,100,0.000007,0,4,4,0,4,4
23315168,,0,0.00009,100,0.000007,0,2,2,0,2,2
23268537,,0,0.000287,100,0.000007,0,3,3,0,3,3
23209155,,0,0.001405,100,0.000007,0,8,8,0,8,8
22937327,,0,0.000109,100,0.000007,0,2,2,0,2,2
22839094,,0,0.000075,100,0.000007,0,1,1,0,1,1
22825249,,0,0.000089,100,0.000007,0,2,2,0,2,2
22701168,,0,0.000089,100,0.000007,0,2,2,0,2,2
22683204,,0,0.000089,100,0.000007,0,2,2,0,2,2
22591656,,0,0.000075,100,0.000007,0,1,1,0,1,1
22504776,,0,0.000573,100,0.000007,0,3,3,0,3,3
21939290,,0,0.000307,100,0.000007,0,2,2,0,2,2
21930984,,0,0.000075,100,0.000007,0,1,1,0,1,1
21739583,,0,0.000075,100,0.000007,0,1,1,0,1,1
21542827,,0,0.000486,100,0.000007,0,2,2,0,2,2
20826722,,0,0.000526,100,0.000007,0,3,3,0,3,3
20507306,,0,0.000075,100,0.000007,0,1,1,0,1,1
20435624,,0,0.000115,100,0.000007,0,2,2,0,2,2
20023263,,0,0.000115,100,0.000007,0,2,2,0,2,2
19622403,,0,0.000075,100,0.000007,0,1,1,0,1,1
19508850,,0,0.000548,100,0.000007,0,2,2,0,2,2
19483674,,0,0.00052,100,0.000007,0,3,3,0,3,3
19405097,,0,0.001002,100,0.000007,0,6,6,0,6,6
19278965,,0,0.0005,100,0.000007,0,3,3,0,3,3
19277017,,0,0.000486,100,0.000007,0,2,2,0,2,2
19129541,,0,0.000121,100,0.000007,0,3,3,0,3,3
18804044,,0,0.000075,100,0.000007,0,1,1,0,1,1
18495331,,0,0.000717,100,0.000007,0,4,4,0,4,4
17992746,,0,0.000075,100,0.000007,0,1,1,0,1,1
17038525,,0,0.000075,100,0.000007,0,1,1,0,1,1
16946306,,0,0.000492,100,0.000007,0,4,4,0,4,4
16248899,,0,0.001203,100,0.000007,0,5,5,0,5,5
29397575,,0,0.000137,231,0.000007,0,1,1,0,1,1
12393792,,0.007196,0,231,0.000251,75,0,75,75,0,75
29183387,,0,0.000444,140,0.000007,0,7,7,0,7,7
28634159,,0,0.000486,100,0.000007,0,3,3,0,3,3
27114171,,0,0.000137,231,0.000007,0,1,1,0,1,1
26318259,,0,0.000137,231,0.000007,0,1,1,0,1,1
25485595,,0,0.000137,231,0.000007,0,1,1,0,1,1
24626989,,0,0.000137,231,0.000007,0,1,1,0,1,1
24086591,,0,0.000137,231,0.000007,0,1,1,0,1,1
22825683,,0,0.000137,231,0.000007,0,1,1,0,1,1
22817390,,0,0.000137,231,0.000007,0,1,1,0,1,1
22553336,,0,0.00016,231,0.000007,0,2,2,0,2,2
22348646,,0.001705,0.003966,231,0.000093,31,23,54,31,23,54
22258150,,0,0.000137,231,0.000007,0,1,1,0,1,1
21498618,,0,0.000137,231,0.000007,0,1,1,0,1,1
21389146,,0,0.000212,231,0.000007,0,2,2,0,2,2
20957198,,0,0.000137,231,0.000007,0,1,1,0,1,1
20434453,,0,0.000155,231,0.000007,0,2,2,0,2,2
19724303,,0,0.000137,231,0.000007,0,1,1,0,1,1
19206170,,0,0.000212,231,0.000007,0,2,2,0,2,2
19061508,,0,0.000212,231,0.000007,0,2,2,0,2,2
18612427,,0,0.00016,231,0.000007,0,2,2,0,2,2
18362164,,0,0.000137,231,0.000007,0,1,1,0,1,1
18304492,,0,0.000137,231,0.000007,0,1,1,0,1,1
17456004,,0,0.000137,231,0.000007,0,1,1,0,1,1
17217617,,0,0.000137,231,0.000007,0,1,1,0,1,1
17054774,,0,0.003307,35,0.000007,0,2,2,0,2,2
16826513,,0,0.000137,231,0.000007,0,1,1,0,1,1
16679454,,0,0.000137,231,0.000007,0,1,1,0,1,1
16254356,,0,0.000137,231,0.000007,0,1,1,0,1,1
16103915,,0,0.000137,231,0.000007,0,1,1,0,1,1
12394347,,0.000324,0,5,0.000015,6,0,6,6,0,6
20938159,,0,0.000006,5,0.000007,0,1,1,0,1,1
12394348,,0.000217,0,5,0.000012,4,0,4,4,0,4
29895970,,0,0.000035,90,0.000007,0,1,1,0,1,1
12400015,,0.001843,0,90,0.000077,28,0,28,28,0,28
27751350,,0,0.000182,90,0.000007,0,4,4,0,4,4
25889730,,0,0.000052,90,0.000007,0,3,3,0,3,3
25888305,,0,0.007489,90,0.000007,0,3,3,0,3,3
25725373,,0,0.000035,90,0.000007,0,1,1,0,1,1
25333258,,0,0.000201,35,0.000036,6,16,22,6,16,22
25106940,,0,0.000086,90,0.000007,0,2,2,0,2,2
24371652,,0,0.000059,35,0.000007,0,4,4,0,4,4
23232696,,0.000106,0.000112,35,0.000025,6,7,13,6,7,13
21560015,,0,0.000035,90,0.000007,0,1,1,0,1,1
20953378,,0,0.000035,90,0.000007,0,1,1,0,1,1
20453883,,0,0.000035,90,0.000007,0,1,1,0,1,1
19936325,,0,0.000068,90,0.000007,0,2,2,0,2,2
12402332,,0.003211,0,89,0.000016,13,0,13,13,0,13
12404104,,0.000228,0,231,0.000029,8,0,8,8,0,8
23510439,,0,0,85,0.000007,0,1,1,0,1,1
12407683,,0,0,85,0.000013,1,0,1,1,0,1
28109402,,0,0.00001,247,0.000007,0,1,1,0,1,1
12407692,,0.000516,0,247,0.000055,12,0,12,12,0,12
24510983,,0.003432,0.025557,1,0.000031,17,37,54,17,37,54
23555645,,0,0.00001,247,0.000007,0,1,1,0,1,1
23401357,,0,0.00001,247,0.000007,0,1,1,0,1,1
22889934,,0,0.000094,247,0.000007,0,2,2,0,2,2
21190130,,0,0.00001,247,0.000007,0,2,2,0,2,2
20516127,,0,0.00001,247,0.000007,0,1,1,0,1,1
18519711,,0,0.00001,247,0.000007,0,1,1,0,1,1
17483520,,0,0.00001,247,0.000007,0,1,1,0,1,1
29047382,,0,0.000007,198,0.000007,0,2,2,0,2,2
12409590,,0.000253,0,198,0.000114,35,0,35,35,0,35
28042590,,0,0.000019,198,0.000007,0,8,8,0,8,8
27923387,,0,0.000009,198,0.000007,0,3,3,0,3,3
27806604,,0,0.000007,198,0.000007,0,2,2,0,2,2
26839908,,0,0.000005,198,0.000007,0,1,1,0,1,1
26158105,,0,0.00001,198,0.000007,0,4,4,0,4,4
26133615,,0,0.000073,198,0.000007,0,4,4,0,4,4
26127038,,0,0.000072,198,0.000007,0,3,3,0,3,3
25881232,,0,0.000076,231,0.000007,0,3,3,0,3,3
24722754,,0,0.000005,82,0.000007,0,2,2,0,2,2
24593735,,0,0.00001,198,0.000007,0,4,4,0,4,4
23219249,,0,0.000007,198,0.000007,0,3,3,0,3,3
22649761,,0,0.000005,198,0.000007,0,1,1,0,1,1
21482168,,0,0.000096,198,0.000007,0,5,5,0,5,5
20619697,,0,0.000008,198,0.000007,0,4,4,0,4,4
19258482,,0,0.000005,198,0.000007,0,1,1,0,1,1
17949495,,0,0.000091,198,0.000007,0,6,6,0,6,6
17868163,,0,0.000005,198,0.000007,0,1,1,0,1,1
12412159,,0.001626,0,35,0.000064,9,0,9,9,0,9
12413930,,0.000219,0,1,0.000033,8,0,8,8,0,8
18335034,,0,0.000029,1,0.000007,0,2,2,0,2,2
15867369,,0,0.000004,1,0.000007,0,1,1,0,1,1
15841084,,0,0.000004,1,0.000007,0,1,1,0,1,1
15082782,,0,0.000004,1,0.000007,0,1,1,0,1,1
24193342,,0,0.000018,100,0.000007,0,1,1,0,1,1
21487966,,0,0.000018,100,0.000007,0,1,1,0,1,1
19192296,,0,0.000018,100,0.000007,0,1,1,0,1,1
19000305,,0,0.000018,100,0.000007,0,1,1,0,1,1
14602915,,0,0.000018,100,0.000007,0,1,1,0,1,1
12655021,,0,0.000018,100,0.000007,0,1,1,0,1,1
12414821,,0.000283,0,89,0.000018,7,0,7,7,0,7
25561163,,0,0.000006,89,0.000007,0,2,2,0,2,2
16971459,,0,0.000005,89,0.000007,0,1,1,0,1,1
29599445,,0,0.000052,57,0.000007,0,1,1,0,1,1
12419185,,0.002744,0,57,0.000323,77,0,77,77,0,77
29099268,,0,0.000052,57,0.000007,0,1,1,0,1,1
28261280,,0,0.000052,57,0.000007,0,1,1,0,1,1
28107384,,0,0.000056,35,0.000007,0,3,3,0,3,3
28076792,,0,0.00028,57,0.000007,0,2,2,0,2,2
26976643,,0,0.010278,1,0.000007,0,4,4,0,4,4
26966420,,0,0.000052,57,0.000007,0,1,1,0,1,1
26438602,,0,0.000065,57,0.000007,0,2,2,0,2,2
26308066,,0,0.000681,100,0.000007,0,4,4,0,4,4
26265251,,0,0.000113,57,0.000007,0,2,2,0,2,2
26238353,,0,0.017523,1,0.000007,0,8,8,0,8,8
26113155,,0,0.000052,57,0.000007,0,1,1,0,1,1
25435138,,0,0.000052,57,0.000007,0,1,1,0,1,1
25119968,,0,0.000052,57,0.000007,0,1,1,0,1,1
23388631,,0,0.000052,57,0.000007,0,1,1,0,1,1
23145133,,0,0.000404,57,0.000007,0,2,2,0,2,2
22396666,,0,0.00937,1,0.000007,0,4,4,0,4,4
22070649,,0,0.00007,57,0.000007,0,3,3,0,3,3
21700777,,0,0.000393,57,0.000007,0,5,5,0,5,5
21550379,,0,0.000089,231,0.000007,0,3,3,0,3,3
20865059,,0,0.000052,57,0.000007,0,1,1,0,1,1
20728025,,0,0.000052,57,0.000007,0,1,1,0,1,1
20600238,,0,0.000068,57,0.000007,0,2,2,0,2,2
19674975,,0,0.000059,57,0.000007,0,2,2,0,2,2
19523210,,0.000756,0.000306,231,0.000027,9,8,17,9,8,17
18678890,,0,0.000586,57,0.000007,0,2,2,0,2,2
18583988,,0,0.001707,100,0.000007,0,4,4,0,4,4
18582474,,0.000621,0.001741,100,0.000031,12,9,21,12,9,21
18562516,,0,0.000054,57,0.000007,0,2,2,0,2,2
18411308,,0,0.000153,57,0.000007,0,2,2,0,2,2
18411307,,0,0.000068,57,0.000007,0,2,2,0,2,2
18285453,,0,0.000052,57,0.000007,0,1,1,0,1,1
18211700,,0,0.000054,100,0.000007,0,2,2,0,2,2
17612497,,0,0.000065,57,0.000007,0,2,2,0,2,2
17485521,,0,0.000052,57,0.000007,0,1,1,0,1,1
17028324,,0,0.000052,57,0.000007,0,1,1,0,1,1
16932743,,0,0.000052,57,0.000007,0,1,1,0,1,1
16474176,,0.004529,0.000052,231,0.000097,44,1,45,44,1,45
16314503,,0,0.000052,57,0.000007,0,1,1,0,1,1
15964794,,0,0.000052,57,0.000007,0,1,1,0,1,1
15632067,,0,0.000052,57,0.000007,0,1,1,0,1,1
15282313,,0,0.000065,57,0.000007,0,2,2,0,2,2
15201865,,0,0.000132,57,0.000007,0,3,3,0,3,3
12944482,,0,0.000052,57,0.000007,0,1,1,0,1,1
29921308,,0,0.008622,2,0.000007,0,8,8,0,8,8
12419249,,0.008724,0,2,0.000228,75,0,75,75,0,75
29732012,,0,0.00132,2,0.000007,0,17,17,0,17,17
29310682,,0,0.000187,2,0.000007,0,2,2,0,2,2
27899965,,0,0.000655,2,0.000007,0,8,8,0,8,8
27732939,,0,0.000669,2,0.000007,0,10,10,0,10,10
27165743,,0,0.00018,2,0.000007,0,2,2,0,2,2
27107417,,0,0.000166,2,0.000007,0,1,1,0,1,1
26932376,,0,0.000488,2,0.000007,0,2,2,0,2,2
26617633,,0,0.000522,2,0.000007,0,4,4,0,4,4
25961689,,0,0.000668,2,0.000007,0,8,8,0,8,8
25653311,,0,0.001339,2,0.000007,0,10,10,0,10,10
25400658,,0,0.0006,2,0.000007,0,5,5,0,5,5
23816838,,0,0.00065,2,0.000007,0,7,7,0,7,7
23684639,,0,0.001098,2,0.000007,0,6,6,0,6,6
23645970,,0,0.000169,2,0.000007,0,2,2,0,2,2
23385724,,0,0.002508,2,0.000007,0,9,9,0,9,9
23052214,,0,0.000222,2,0.000007,0,2,2,0,2,2
22266873,,0,0.000171,2,0.000007,0,2,2,0,2,2
22234239,,0,0.000246,2,0.000007,0,4,4,0,4,4
22096659,,0,0.000574,2,0.000007,0,4,4,0,4,4
21653732,,0,0.000196,2,0.000007,0,3,3,0,3,3
21447818,,0,0.0002,2,0.000007,0,3,3,0,3,3
21212949,,0.000249,0.000698,2,0.000198,41,10,51,41,10,51
20043281,,0,0.000585,2,0.000007,0,5,5,0,5,5
18508252,,0,0.000325,2,0.000007,0,5,5,0,5,5
16980619,,0,0.000166,2,0.000007,0,1,1,0,1,1
15940285,,0,0.000166,2,0.000007,0,1,1,0,1,1
15897469,,0,0.000166,2,0.000007,0,1,1,0,1,1
15713842,,0,0.000166,2,0.000007,0,1,1,0,1,1
15655109,,0,0.000166,2,0.000007,0,1,1,0,1,1
15210994,,0,0.000166,2,0.000007,0,1,1,0,1,1
14532126,,0,0.000166,2,0.000007,0,1,1,0,1,1
12427531,,0.00344,0,100,0.00037,112,0,112,112,0,112
27332952,,0,0.000111,176,0.000007,0,2,2,0,2,2
27174871,,0,0.01238,100,0.000007,0,11,11,0,11,11
27036068,,0,0.000066,100,0.000007,0,1,1,0,1,1
26545079,,0,0.00062,100,0.000007,0,3,3,0,3,3
26197339,,0,0.0002,100,0.000007,0,3,3,0,3,3
26059974,,0,0.008892,100,0.000007,0,2,2,0,2,2
26047498,,0,0.000066,100,0.000007,0,1,1,0,1,1
25985143,,0,0.00053,100,0.000007,0,5,5,0,5,5
25948581,,0,0.000518,176,0.000007,0,4,4,0,4,4
25723489,,0,0.000066,100,0.000007,0,1,1,0,1,1
24788796,,0,0.000066,100,0.000007,0,1,1,0,1,1
24254304,,0,0.000299,231,0.000007,0,6,6,0,6,6
23873416,,0,0.000619,90,0.000007,0,8,8,0,8,8
23814185,,0,0.000066,100,0.000007,0,1,1,0,1,1
23798704,,0,0.000066,100,0.000007,0,1,1,0,1,1
23720674,,0,0.000266,100,0.000007,0,4,4,0,4,4
23149936,,0,0.001382,100,0.000007,0,5,5,0,5,5
22751134,,0,0.000066,100,0.000007,0,1,1,0,1,1
22690124,,0,0.000066,100,0.000007,0,1,1,0,1,1
22635276,,0,0.001775,100,0.000007,0,5,5,0,5,5
22481871,,0,0.000066,100,0.000007,0,1,1,0,1,1
21726915,,0,0.000066,100,0.000007,0,1,1,0,1,1
21689668,,0,0.000435,100,0.000007,0,3,3,0,3,3
21504984,,0,0.000334,100,0.000007,0,2,2,0,2,2
21427292,,0,0.000398,100,0.000007,0,3,3,0,3,3
20981145,,0,0.000356,100,0.000007,0,2,2,0,2,2
20868468,,0,0.000066,100,0.000007,0,1,1,0,1,1
20798837,,0,0.000066,100,0.000007,0,1,1,0,1,1
20657597,,0,0.000066,100,0.000007,0,1,1,0,1,1
20607707,,0,0.000098,89,0.000007,0,2,2,0,2,2
20222902,,0,0.000066,100,0.000007,0,1,1,0,1,1
20075015,,0,0.000074,184,0.000007,0,4,4,0,4,4
19917125,,0,0.000577,100,0.000007,0,5,5,0,5,5
19650866,,0,0.000066,100,0.000007,0,1,1,0,1,1
19540174,,0,0.000066,100,0.000007,0,1,1,0,1,1
19525233,,0,0.000066,100,0.000007,0,1,1,0,1,1
19427512,,0,0.001491,100,0.000007,0,7,7,0,7,7
19083132,,0,0.000144,100,0.000007,0,2,2,0,2,2
18538799,,0,0.000066,100,0.000007,0,1,1,0,1,1
18195102,,0,0.000066,100,0.000007,0,1,1,0,1,1
18074021,,0,0.000066,100,0.000007,0,1,1,0,1,1
17980163,,0,0.000066,100,0.000007,0,1,1,0,1,1
17096599,,0,0.000066,100,0.000007,0,1,1,0,1,1
16648471,,0,0.000334,100,0.000007,0,2,2,0,2,2
16425350,,0,0.000066,100,0.000007,0,1,1,0,1,1
16287844,,0,0.000066,100,0.000007,0,1,1,0,1,1
15687190,,0,0.000066,100,0.000007,0,1,1,0,1,1
15328403,,0,0.000066,100,0.000007,0,1,1,0,1,1
15238522,,0,0.000066,100,0.000007,0,1,1,0,1,1
15148355,,0,0.000066,100,0.000007,0,1,1,0,1,1
15100409,,0,0.000066,100,0.000007,0,1,1,0,1,1
14720303,,0,0.000066,100,0.000007,0,1,1,0,1,1
12427729,,0.002842,0,100,0.000065,19,0,19,19,0,19
12427738,,0.00508,0,100,0.000039,26,0,26,26,0,26
12429618,,0.002742,0,1,0.000064,27,0,27,27,0,27
28206954,,0,0.009985,1,0.000007,0,7,7,0,7,7
27670526,,0,0.000144,279,0.000007,0,5,5,0,5,5
24116157,,0,0.000327,168,0.000007,0,5,5,0,5,5
20544021,,0,0.000547,1,0.000007,0,5,5,0,5,5
18559505,,0,0.000052,1,0.000007,0,1,1,0,1,1
18550773,,0,0.000057,1,0.000007,0,2,2,0,2,2
18398687,,0,0.000052,1,0.000007,0,1,1,0,1,1
16532039,,0,0.000573,1,0.000007,0,2,2,0,2,2
16461565,,0,0.000052,1,0.000007,0,1,1,0,1,1
12429997,,0.000007,0,231,0.000008,1,0,1,1,0,1
12431973,,0.001188,0,5,0.000022,22,0,22,22,0,22
30214240,,0,0.000194,100,0.000007,0,3,3,0,3,3
12431996,,0.009718,0,100,0.000186,65,0,65,65,0,65
25207814,,0,0.000323,100,0.000007,0,2,2,0,2,2
24858936,,0,0.000185,100,0.000007,0,1,1,0,1,1
24019522,,0,0.000185,100,0.000007,0,1,1,0,1,1
21103054,,0,0.000447,100,0.000007,0,3,3,0,3,3
20406985,,0.000215,0.001401,100,0.000054,15,9,24,15,9,24
20356846,,0,0.000323,100,0.000007,0,2,2,0,2,2
18923072,,0,0.000323,100,0.000007,0,2,2,0,2,2
18213395,,0,0.000185,100,0.000007,0,1,1,0,1,1
15456882,,0,0.000185,100,0.000007,0,1,1,0,1,1
29950170,,0,0.000015,5,0.000007,0,1,1,0,1,1
12433008,,0.000775,0,5,0.000123,53,0,53,53,0,53
29940914,,0,0.000015,5,0.000007,0,1,1,0,1,1
29706632,,0,0.000058,5,0.000007,0,4,4,0,4,4
29621994,,0,0.000087,5,0.000007,0,3,3,0,3,3
29599518,,0,0.001354,5,0.000007,0,17,17,0,17,17
29526281,,0,0.000069,5,0.000007,0,4,4,0,4,4
29439543,,0,0.000569,205,0.000007,0,17,17,0,17,17
29385581,,0,0.000052,5,0.000007,0,4,4,0,4,4
29382336,,0,0.000015,5,0.000007,0,1,1,0,1,1
29356820,,0,0.000079,5,0.000007,0,6,6,0,6,6
29266212,,0,0.000036,5,0.000007,0,2,2,0,2,2
29168042,,0,0.000019,5,0.000007,0,2,2,0,2,2
28051073,,0,0.000015,5,0.000007,0,1,1,0,1,1
27925165,,0,0.000015,5,0.000007,0,1,1,0,1,1
27763633,,0,0.000253,5,0.000007,0,10,10,0,10,10
27648637,,0,0.000035,5,0.000007,0,2,2,0,2,2
26831751,,0,0.000421,5,0.000007,0,11,11,0,11,11
26747051,,0,0.000015,5,0.000007,0,1,1,0,1,1
26540156,,0,0.000094,5,0.000007,0,4,4,0,4,4
25612474,,0,0.000042,5,0.000007,0,5,5,0,5,5
25566359,,0,0.000104,5,0.000007,0,5,5,0,5,5
25329201,,0,0.000015,5,0.000007,0,1,1,0,1,1
24997220,,0,0.000015,5,0.000007,0,1,1,0,1,1
24645908,,0,0.000015,5,0.000007,0,1,1,0,1,1
23583311,,0,0.000068,5,0.000007,0,4,4,0,4,4
22852560,,0,0.000015,5,0.000007,0,1,1,0,1,1
22838957,,0.00036,0.006282,5,0.000009,5,19,24,5,19,24
22257365,,0,0.000015,5,0.000007,0,1,1,0,1,1
21883167,,0.000007,0.000079,5,0.000012,4,5,9,4,5,9
20831418,,0,0.000047,5,0.000007,0,6,6,0,6,6
30191026,,0,0,279,0.000007,0,1,1,0,1,1
28930859,,0,0,279,0.000007,0,1,1,0,1,1
28740751,,0,0,279,0.000007,0,2,2,0,2,2
28422868,,0,0,279,0.000007,0,2,2,0,2,2
28300839,,0,0,279,0.000007,0,1,1,0,1,1
28207831,,0,0,279,0.000007,0,1,1,0,1,1
27895046,,0,0,279,0.000007,0,1,1,0,1,1
27769045,,0,0.000002,279,0.000007,0,2,2,0,2,2
26622888,,0,0,279,0.000007,0,1,1,0,1,1
26516376,,0,0,279,0.000007,0,1,1,0,1,1
26238200,,0,0,279,0.000007,0,1,1,0,1,1
25859285,,0,0,279,0.000007,0,1,1,0,1,1
25699047,,0,0.000006,241,0.000007,0,3,3,0,3,3
25646071,,0,0.000008,279,0.000007,0,2,2,0,2,2
25382672,,0,0,279,0.000007,0,1,1,0,1,1
25098554,,0,0,279,0.000007,0,1,1,0,1,1
25024751,,0,0.000101,1,0.000007,0,3,3,0,3,3
24947038,,0,0,279,0.000007,0,1,1,0,1,1
24911372,,0,0,279,0.000007,0,1,1,0,1,1
24505360,,0,0,279,0.000007,0,1,1,0,1,1
23915220,,0,0.000004,279,0.000007,0,3,3,0,3,3
23638012,,0,0,279,0.000007,0,1,1,0,1,1
22943463,,0,0,279,0.000007,0,1,1,0,1,1
22866139,,0,0,279,0.000007,0,1,1,0,1,1
22741015,,0,0.000009,279,0.000007,0,2,2,0,2,2
22701175,,0,0.000008,279,0.000007,0,4,4,0,4,4
22548173,,0,0,279,0.000007,0,1,1,0,1,1
22457795,,0,0,279,0.000007,0,1,1,0,1,1
20955597,,0,0,279,0.000007,0,1,1,0,1,1
20556199,,0,0.000002,279,0.000007,0,2,2,0,2,2
20467490,,0,0,279,0.000007,0,1,1,0,1,1
19041150,,0,0,279,0.000007,0,1,1,0,1,1
18161048,,0,0,279,0.000007,0,1,1,0,1,1
17717605,,0,0.000026,279,0.000007,0,2,2,0,2,2
17693185,,0,0,279,0.000007,0,1,1,0,1,1
16606445,,0,0,279,0.000007,0,1,1,0,1,1
16052674,,0,0,279,0.000007,0,1,1,0,1,1
16052218,,0,0,279,0.000007,0,1,1,0,1,1
15526362,,0,0,279,0.000007,0,1,1,0,1,1
15112341,,0,0,279,0.000007,0,1,1,0,1,1
14610093,,0,0,279,0.000007,0,1,1,0,1,1
29242583,,0,0,89,0.000007,0,1,1,0,1,1
27113774,,0,0,89,0.000007,0,1,1,0,1,1
28475398,,0,0.00047,100,0.000007,0,5,5,0,5,5
12435850,,0.000591,0,100,0.000031,12,0,12,12,0,12
24835311,,0,0.000011,100,0.000007,0,1,1,0,1,1
20805509,,0,0.000563,100,0.000007,0,5,5,0,5,5
20709026,,0,0.000011,100,0.000007,0,1,1,0,1,1
12438214,,0.000438,0,100,0.000038,10,0,10,10,0,10
23558898,,0,0.000008,100,0.000007,0,1,1,0,1,1
21847129,,0,0.000008,100,0.000007,0,1,1,0,1,1
19884341,,0,0.000008,100,0.000007,0,1,1,0,1,1
14765108,,0,0.001129,100,0.000007,0,3,3,0,3,3
29888200,,0,0.000037,184,0.000007,0,4,4,0,4,4
27211601,,0,0.000021,100,0.000007,0,1,1,0,1,1
26912609,,0,0.000021,100,0.000007,0,1,1,0,1,1
25510279,,0,0.000021,100,0.000007,0,1,1,0,1,1
24810917,,0,0.000021,100,0.000007,0,1,1,0,1,1
24273172,,0,0.000021,100,0.000007,0,1,1,0,1,1
23861750,,0,0.000021,100,0.000007,0,1,1,0,1,1
23472659,,0,0.000021,100,0.000007,0,1,1,0,1,1
23319602,,0,0.000021,100,0.000007,0,1,1,0,1,1
23202512,,0,0.000021,100,0.000007,0,1,1,0,1,1
23168257,,0,0.000021,100,0.000007,0,1,1,0,1,1
21994740,,0,0.000021,100,0.000007,0,1,1,0,1,1
21680520,,0,0.000021,100,0.000007,0,1,1,0,1,1
21633666,,0,0.000021,100,0.000007,0,1,1,0,1,1
21187419,,0,0.000021,100,0.000007,0,1,1,0,1,1
21081495,,0,0.000021,100,0.000007,0,1,1,0,1,1
21068152,,0,0.000021,100,0.000007,0,1,1,0,1,1
21046224,,0,0.000021,100,0.000007,0,1,1,0,1,1
20671028,,0,0.000021,100,0.000007,0,1,1,0,1,1
20629523,,0,0.000021,100,0.000007,0,1,1,0,1,1
20205709,,0,0.000021,100,0.000007,0,1,1,0,1,1
19816404,,0,0.000045,100,0.000007,0,2,2,0,2,2
19193807,,0,0.000021,100,0.000007,0,1,1,0,1,1
19118899,,0,0.000021,100,0.000007,0,1,1,0,1,1
18616965,,0,0.000021,100,0.000007,0,1,1,0,1,1
17036047,,0,0.000021,100,0.000007,0,1,1,0,1,1
16251386,,0,0.000021,100,0.000007,0,1,1,0,1,1
16051811,,0,0.000021,100,0.000007,0,1,1,0,1,1
15657436,,0,0.000021,100,0.000007,0,1,1,0,1,1
15601771,,0,0.000021,100,0.000007,0,1,1,0,1,1
15492226,,0,0.000021,100,0.000007,0,1,1,0,1,1
12442265,,0.002747,0,89,0.000052,37,0,37,37,0,37
29720094,,0,0.001462,5,0.000007,0,3,3,0,3,3
21266400,,0,0.000052,89,0.000007,0,1,1,0,1,1
19562046,,0,0.000052,89,0.000007,0,1,1,0,1,1
30065615,,0,0.001919,89,0.000007,0,5,5,0,5,5
12442273,,0.000833,0,89,0.000037,14,0,14,14,0,14
28469333,,0,0.000016,89,0.000007,0,1,1,0,1,1
27110560,,0,0.000016,89,0.000007,0,1,1,0,1,1
23147565,,0,0.000016,89,0.000007,0,1,1,0,1,1
30214756,,0,0.001199,100,0.000007,0,5,5,0,5,5
12442274,,0.001064,0,89,0.000011,11,0,11,11,0,11
12442275,,0.001075,0,89,0.000009,8,0,8,8,0,8
24277771,,0,0.000458,89,0.000007,0,10,10,0,10,10
12449472,,0.000014,0,5,0.000011,2,0,2,2,0,2
12453858,,0.000776,0,89,0.000009,6,0,6,6,0,6
12455067,,0.000067,0,100,0.000008,1,0,1,1,0,1
12457999,,0.000116,0,367,0.000012,2,0,2,2,0,2
12459499,,0.000694,0,5,0.000038,6,0,6,6,0,6
29056725,,0,0.000309,35,0.000007,0,2,2,0,2,2
12460933,,0.007632,0,1,0.00009,39,0,39,39,0,39
27935989,,0,0.00326,1,0.000007,0,7,7,0,7,7
25779101,,0,0.000146,1,0.000007,0,1,1,0,1,1
22719973,,0,0.007581,69,0.000007,0,2,2,0,2,2
21795423,,0,0.000818,1,0.000007,0,6,6,0,6,6
21276239,,0,0.006403,1,0.000007,0,7,7,0,7,7
21264507,,0,0.003585,1,0.000007,0,5,5,0,5,5
20459617,,0,0.000305,1,0.000007,0,2,2,0,2,2
20060285,,0,0.011911,1,0.000007,0,12,12,0,12,12
19383336,,0,0.000158,90,0.000007,0,2,2,0,2,2
19052061,,0,0.000305,1,0.000007,0,2,2,0,2,2
17417968,,0,0.004901,35,0.000007,0,13,13,0,13,13
16620391,,0,0.000876,1,0.000007,0,6,6,0,6,6
16333309,,0,0.000307,1,0.000007,0,2,2,0,2,2
12461697,,0.001029,0,89,0.000009,8,0,8,8,0,8
18214617,,0,0.000067,5,0.000007,0,4,4,0,4,4
12464584,,0.000001,0,5,0.000009,1,0,1,1,0,1
12464649,,0.00692,0,5,0.000054,39,0,39,39,0,39
24008905,,0,0.000221,5,0.000007,0,3,3,0,3,3
20485677,,0,0.000132,5,0.000007,0,1,1,0,1,1
29312381,,0,0.000008,231,0.000007,0,1,1,0,1,1
12466288,,0.000403,0,231,0.000113,22,0,22,22,0,22
25569088,,0,0.000008,231,0.000007,0,1,1,0,1,1
23194186,,0,0.000008,231,0.000007,0,1,1,0,1,1
22462748,,0,0.000008,231,0.000007,0,1,1,0,1,1
22276173,,0,0.000008,231,0.000007,0,1,1,0,1,1
21264940,,0,0.000008,231,0.000007,0,1,1,0,1,1
21078133,,0,0.000008,231,0.000007,0,1,1,0,1,1
19819348,,0,0.000008,231,0.000007,0,1,1,0,1,1
19423538,,0,0.000008,231,0.000007,0,1,1,0,1,1
17033968,,0,0.000008,231,0.000007,0,1,1,0,1,1
15965248,,0,0.000008,231,0.000007,0,1,1,0,1,1
15157284,,0,0.000008,231,0.000007,0,1,1,0,1,1
15081120,,0,0.000008,231,0.000007,0,1,1,0,1,1
15015130,,0,0.000008,231,0.000007,0,1,1,0,1,1
14970847,,0,0.000008,231,0.000007,0,1,1,0,1,1
12844287,,0,0.000008,231,0.000007,0,1,1,0,1,1
12468342,,0.008604,0,69,0.000082,54,0,54,54,0,54
29162958,,0,0.001975,69,0.000007,0,13,13,0,13,13
29151939,,0,0.000452,69,0.000007,0,2,2,0,2,2
28587302,,0,0.001136,69,0.000007,0,5,5,0,5,5
26404127,,0,0.000395,69,0.000007,0,2,2,0,2,2
25715123,,0,0.000452,69,0.000007,0,2,2,0,2,2
24332043,,0.016304,0.025417,69,0.000238,123,12,135,123,12,135
27688262,,0,0.000001,24,0.000007,0,2,2,0,2,2
12470655,,0.00004,0,24,0.000038,8,0,8,8,0,8
20592473,,0,0.000001,24,0.000007,0,1,1,0,1,1
19289088,,0,0.000001,24,0.000007,0,1,1,0,1,1
17591701,,0,0.000001,24,0.000007,0,1,1,0,1,1
17205537,,0,0.000001,24,0.000007,0,1,1,0,1,1
28966805,,0,0,86,0.000007,0,1,1,0,1,1
12470840,,0,0,86,0.000067,10,0,10,10,0,10
26949191,,0,0,86,0.000007,0,1,1,0,1,1
24805784,,0,0,86,0.000007,0,1,1,0,1,1
24579735,,0,0,86,0.000007,0,1,1,0,1,1
23173707,,0,0,86,0.000007,0,1,1,0,1,1
22524317,,0,0,86,0.000007,0,1,1,0,1,1
22524297,,0,0,86,0.000007,0,1,1,0,1,1
22289634,,0,0,86,0.000007,0,1,1,0,1,1
18511712,,0,0,86,0.000007,0,1,1,0,1,1
12702759,,0,0,86,0.000007,0,1,1,0,1,1
30112106,,0,0.000924,100,0.000007,0,5,5,0,5,5
12470990,,0.010603,0,1,0.000164,55,0,55,55,0,55
30050740,,0,0.023136,1,0.000007,0,17,17,0,17,17
29774075,,0,0.010947,1,0.000007,0,8,8,0,8,8
27515310,,0,0.01682,1,0.000007,0,8,8,0,8,8
27374179,,0,0.02856,1,0.000007,0,24,24,0,24,24
27192119,,0,0.000653,1,0.000007,0,4,4,0,4,4
26234720,,0,0.002946,1,0.000007,0,12,12,0,12,12
26069882,,0.000483,0.017076,1,0.000017,5,5,10,5,5,10
26056364,,0,0.001319,184,0.000007,0,4,4,0,4,4
23774697,,0.000002,0.000645,69,0.000057,10,9,19,10,9,19
22875744,,0.006109,0.02889,1,0.000032,19,15,34,19,15,34
22179983,,0,0.000214,5,0.000007,0,2,2,0,2,2
21884642,,0.004129,0.022445,1,0.000027,15,6,21,15,6,21
20948822,,0.001138,0.009303,1,0.00002,9,7,16,9,7,16
20587534,,0,0.00024,41,0.000007,0,2,2,0,2,2
19477980,,0,0.000202,1,0.000007,0,1,1,0,1,1
28955675,,0,0,279,0.000007,0,1,1,0,1,1
22208759,,0,0,279,0.000007,0,1,1,0,1,1
21855147,,0,0,279,0.000007,0,1,1,0,1,1
18534201,,0,0,279,0.000007,0,1,1,0,1,1
16280075,,0,0,279,0.000007,0,1,1,0,1,1
15103026,,0,0,279,0.000007,0,1,1,0,1,1
12473505,,0.000015,0,184,0.000007,1,0,1,1,0,1
12473589,,0.005441,0,5,0.000133,30,0,30,30,0,30
12475549,,0.000319,0,5,0.000013,6,0,6,6,0,6
23760856,,0,0.000037,205,0.000007,0,2,2,0,2,2
12476445,,0.000887,0,5,0.000069,44,0,44,44,0,44
28125076,,0,0.000017,5,0.000007,0,1,1,0,1,1
26735646,,0,0.000067,5,0.000007,0,6,6,0,6,6
26479555,,0,0.000027,5,0.000007,0,3,3,0,3,3
26130486,,0,0.000022,5,0.000007,0,2,2,0,2,2
23865787,,0,0.000062,5,0.000007,0,2,2,0,2,2
23275181,,0,0.000446,5,0.000007,0,15,15,0,15,15
22394647,,0,0.000064,5,0.000007,0,5,5,0,5,5
19723417,,0,0.000017,5,0.000007,0,1,1,0,1,1
18258490,,0,0.000078,5,0.000007,0,2,2,0,2,2
12483114,,0.002937,0,100,0.000113,69,0,69,69,0,69
29377497,,0,0.000459,100,0.000007,0,4,4,0,4,4
29355456,,0,0.000483,100,0.000007,0,5,5,0,5,5
29307578,,0,0.000073,100,0.000007,0,2,2,0,2,2
28539126,,0,0.000056,100,0.000007,0,1,1,0,1,1
28378742,,0,0.000766,100,0.000007,0,5,5,0,5,5
27884703,,0,0.001024,100,0.000007,0,11,11,0,11,11
27538887,,0,0.000061,100,0.000007,0,2,2,0,2,2
27507053,,0,0.000459,100,0.000007,0,4,4,0,4,4
27223997,,0,0.001022,100,0.000007,0,5,5,0,5,5
27083049,,0,0.001057,100,0.000007,0,5,5,0,5,5
26916217,,0.000461,0.013143,100,0.000009,3,12,15,3,12,15
26676373,,0,0.000071,100,0.000007,0,2,2,0,2,2
26658157,,0,0.000581,100,0.000007,0,6,6,0,6,6
26212365,,0,0.000095,100,0.000007,0,2,2,0,2,2
26015400,,0,0.000993,100,0.000007,0,14,14,0,14,14
25627108,,0,0.000056,100,0.000007,0,1,1,0,1,1
25505262,,0,0.000481,100,0.000007,0,4,4,0,4,4
24501220,,0,0.000286,100,0.000007,0,3,3,0,3,3
24206276,,0,0.001262,100,0.000007,0,7,7,0,7,7
24046015,,0,0.000056,100,0.000007,0,1,1,0,1,1
23965832,,0,0.001402,100,0.000007,0,8,8,0,8,8
23926327,,0,0.000466,100,0.000007,0,3,3,0,3,3
23609537,,0,0.000474,100,0.000007,0,7,7,0,7,7
23388460,,0,0.000913,100,0.000007,0,4,4,0,4,4
22482891,,0,0.000252,100,0.000007,0,2,2,0,2,2
22423664,,0,0.000152,100,0.000007,0,2,2,0,2,2
21330473,,0,0.00009,100,0.000007,0,2,2,0,2,2
20967207,,0,0.000715,100,0.000007,0,4,4,0,4,4
20332657,,0,0.000305,100,0.000007,0,5,5,0,5,5
19584579,,0,0.00009,100,0.000007,0,2,2,0,2,2
18565850,,0,0.000252,100,0.000007,0,2,2,0,2,2
15644418,,0,0.00076,100,0.000007,0,3,3,0,3,3
15128600,,0,0.000577,100,0.000007,0,2,2,0,2,2
28063379,,0,0.000012,57,0.000007,0,1,1,0,1,1
12483513,,0.000653,0,57,0.000224,43,0,43,43,0,43
27367050,,0,0.00004,100,0.000007,0,4,4,0,4,4
27068998,,0,0.000249,232,0.000007,0,4,4,0,4,4
26755878,,0,0.000031,57,0.000007,0,2,2,0,2,2
26722329,,0,0.000012,57,0.000007,0,1,1,0,1,1
26413409,,0,0.001128,100,0.000007,0,4,4,0,4,4
26064273,,0,0.000012,57,0.000007,0,1,1,0,1,1
25558828,,0,0.011469,1,0.000007,0,4,4,0,4,4
23550270,,0,0.000012,57,0.000007,0,1,1,0,1,1
22969933,,0,0.000012,57,0.000007,0,1,1,0,1,1
22123967,,0,0.000012,57,0.000007,0,1,1,0,1,1
21987080,,0,0.000069,57,0.000007,0,2,2,0,2,2
21764775,,0,0.000012,57,0.000007,0,1,1,0,1,1
19487811,,0,0.000099,57,0.000007,0,2,2,0,2,2
19395318,,0,0.000669,231,0.000007,0,3,3,0,3,3
19037101,,0,0.000012,57,0.000007,0,1,1,0,1,1
16880516,,0,0.000012,57,0.000007,0,1,1,0,1,1
16620382,,0.00004,0.000051,231,0.000159,30,2,32,30,2,32
16530324,,0,0.000518,100,0.000007,0,4,4,0,4,4
16002650,,0,0.000012,57,0.000007,0,1,1,0,1,1
15668392,,0,0.000012,57,0.000007,0,1,1,0,1,1
15548595,,0,0.000012,57,0.000007,0,1,1,0,1,1
15485922,,0,0.000012,57,0.000007,0,1,1,0,1,1
14757839,,0,0.000012,57,0.000007,0,1,1,0,1,1
30283085,,0,0.000227,100,0.000007,0,1,1,0,1,1
12483514,,0.011901,0,100,0.000468,100,0,100,100,0,100
30022024,,0,0.001412,100,0.000007,0,10,10,0,10,10
28870997,,0,0.001695,100,0.000007,0,12,12,0,12,12
28768872,,0,0.000401,100,0.000007,0,5,5,0,5,5
26670277,,0,0.00039,137,0.000007,0,4,4,0,4,4
26636083,,0,0.000394,100,0.000007,0,3,3,0,3,3
25051404,,0,0.000227,100,0.000007,0,1,1,0,1,1
22553421,,0,0.000228,231,0.000007,0,2,2,0,2,2
22219182,,0.000622,0.014778,69,0.000094,25,8,33,25,8,33
21196359,,0,0.018928,1,0.000007,0,8,8,0,8,8
21129202,,0,0.000227,100,0.000007,0,1,1,0,1,1
20617204,,0,0.000265,100,0.000007,0,2,2,0,2,2
19605344,,0,0.0007,100,0.000007,0,2,2,0,2,2
17639080,,0,0.000423,100,0.000007,0,2,2,0,2,2
17261595,,0,0.000467,100,0.000007,0,3,3,0,3,3
17170759,,0,0.000227,100,0.000007,0,1,1,0,1,1
16670433,,0,0.000227,100,0.000007,0,1,1,0,1,1
16539040,,0,0.000845,111,0.000007,0,3,3,0,3,3
16473854,,0,0.009053,1,0.000007,0,2,2,0,2,2
15175261,,0,0.000227,100,0.000007,0,1,1,0,1,1
14676327,,0,0.000227,100,0.000007,0,1,1,0,1,1
12485194,,0.000047,0,5,0.000013,4,0,4,4,0,4
23934327,,0,0.000001,5,0.000007,0,2,2,0,2,2
28847818,,0,0.003685,100,0.000007,0,15,15,0,15,15
28661472,,0,0.000178,367,0.000007,0,2,2,0,2,2
28482042,,0,0.000155,367,0.000007,0,3,3,0,3,3
28180298,,0,0.000163,100,0.000007,0,2,2,0,2,2
27516771,,0,0.000158,367,0.000007,0,3,3,0,3,3
22081612,,0,0.000404,100,0.000007,0,3,3,0,3,3
21045130,,0,0.000138,100,0.000007,0,1,1,0,1,1
18430235,,0,0.003141,100,0.000007,0,9,9,0,9,9
15767685,,0,0.000138,100,0.000007,0,1,1,0,1,1
14993289,,0,0.000138,100,0.000007,0,1,1,0,1,1
12488287,,0.000659,0,5,0.000011,6,0,6,6,0,6
12490060,,0.000032,0,5,0.00001,3,0,3,3,0,3
12490973,,0.000007,0,279,0.000007,1,0,1,1,0,1
28944235,,0,0.000064,5,0.000007,0,4,4,0,4,4
12491487,,0.001948,0,5,0.000076,38,0,38,38,0,38
25781581,,0,0.000073,35,0.000007,0,3,3,0,3,3
24062208,,0,0.000062,89,0.000007,0,2,2,0,2,2
23166647,,0,0.000037,5,0.000007,0,1,1,0,1,1
22701537,,0,0.000219,279,0.000007,0,4,4,0,4,4
21913804,,0,0.000037,5,0.000007,0,1,1,0,1,1
21539750,,0,0.000037,5,0.000007,0,1,1,0,1,1
20347606,,0,0.000099,5,0.000007,0,4,4,0,4,4
12491499,,0.001691,0,35,0.000024,14,0,14,14,0,14
17722667,,0,0.000032,35,0.000007,0,1,1,0,1,1
12491828,,0.0002,0,89,0.000007,2,0,2,2,0,2
30139956,,0,0.000025,35,0.000007,0,1,1,0,1,1
12492495,,0.001292,0,35,0.000967,182,0,182,182,0,182
30128085,,0,0.000025,35,0.000007,0,1,1,0,1,1
29930939,,0,0.000036,279,0.000007,0,2,2,0,2,2
29683439,,0,0.000025,35,0.000007,0,1,1,0,1,1
29671911,,0,0.000025,35,0.000007,0,1,1,0,1,1
29475909,,0,0.000025,35,0.000007,0,1,1,0,1,1
29434831,,0,0.000025,35,0.000007,0,1,1,0,1,1
29296175,,0,0.000025,35,0.000007,0,1,1,0,1,1
29134064,,0,0.000025,35,0.000007,0,1,1,0,1,1
29104700,,0,0.000025,35,0.000007,0,1,1,0,1,1
28787674,,0,0.000025,35,0.000007,0,1,1,0,1,1
28664188,,0,0.000025,35,0.000007,0,1,1,0,1,1
28663873,,0,0.000025,35,0.000007,0,1,1,0,1,1
28649654,,0,0.001755,35,0.000007,0,5,5,0,5,5
28615518,,0,0.000025,35,0.000007,0,1,1,0,1,1
28529153,,0,0.000025,35,0.000007,0,1,1,0,1,1
28428276,,0,0.000025,35,0.000007,0,1,1,0,1,1
28231808,,0,0.000025,35,0.000007,0,1,1,0,1,1
28146426,,0,0.000025,35,0.000007,0,1,1,0,1,1
27965457,,0,0.000025,35,0.000007,0,1,1,0,1,1
27906177,,0,0.00057,35,0.000007,0,2,2,0,2,2
27806284,,0,0.000025,35,0.000007,0,1,1,0,1,1
27734939,,0,0.000025,35,0.000007,0,1,1,0,1,1
27678304,,0,0.000025,35,0.000007,0,1,1,0,1,1
27626636,,0,0.000185,35,0.000007,0,2,2,0,2,2
27434331,,0,0.000025,35,0.000007,0,1,1,0,1,1
27302063,,0,0.000045,72,0.000007,0,2,2,0,2,2
27223424,,0,0.000025,35,0.000007,0,1,1,0,1,1
27102438,,0,0.000025,35,0.000007,0,1,1,0,1,1
26938687,,0,0.000025,35,0.000007,0,1,1,0,1,1
26880967,,0,0.000025,35,0.000007,0,1,1,0,1,1
26697073,,0,0.000025,35,0.000007,0,1,1,0,1,1
26622386,,0,0.000455,69,0.000007,0,3,3,0,3,3
26600392,,0,0.000765,5,0.000007,0,4,4,0,4,4
26290412,,0,0.000025,35,0.000007,0,1,1,0,1,1
26274587,,0,0.000025,35,0.000007,0,1,1,0,1,1
26268945,,0,0.000025,35,0.000007,0,1,1,0,1,1
26267486,,0,0.000025,35,0.000007,0,1,1,0,1,1
26134738,,0,0.000025,35,0.000007,0,1,1,0,1,1
26090722,,0,0.000025,35,0.000007,0,1,1,0,1,1
25999946,,0,0.00036,100,0.000007,0,5,5,0,5,5
25934456,,0,0.000409,35,0.000007,0,2,2,0,2,2
25893917,,0,0.000025,35,0.000007,0,1,1,0,1,1
25848820,,0,0.0037,35,0.000007,0,4,4,0,4,4
25844900,,0,0.00057,35,0.000007,0,2,2,0,2,2
25583025,,0,0.000025,35,0.000007,0,1,1,0,1,1
25573952,,0,0.000025,35,0.000007,0,1,1,0,1,1
25525610,,0,0.000025,35,0.000007,0,1,1,0,1,1
25411575,,0,0.000025,35,0.000007,0,1,1,0,1,1
25385588,,0,0.000025,35,0.000007,0,1,1,0,1,1
25385001,,0,0.000034,35,0.000007,0,3,3,0,3,3
25312954,,0,0.000025,35,0.000007,0,1,1,0,1,1
25270087,,0,0.000025,35,0.000007,0,1,1,0,1,1
25175743,,0,0.000025,35,0.000007,0,1,1,0,1,1
24827502,,0,0.000025,35,0.000007,0,1,1,0,1,1
24719242,,0,0.000025,35,0.000007,0,1,1,0,1,1
24596682,,0,0.001043,35,0.000007,0,3,3,0,3,3
24570583,,0,0.000025,35,0.000007,0,1,1,0,1,1
24528213,,0,0.000025,35,0.000007,0,1,1,0,1,1
24402915,,0,0.000025,35,0.000007,0,1,1,0,1,1
24302721,,0,0.000025,35,0.000007,0,1,1,0,1,1
24295904,,0,0.000025,35,0.000007,0,1,1,0,1,1
24278670,,0,0.000025,35,0.000007,0,1,1,0,1,1
24247810,,0,0.000025,35,0.000007,0,1,1,0,1,1
24224004,,0,0.000025,35,0.000007,0,1,1,0,1,1
24095253,,0,0.000025,35,0.000007,0,1,1,0,1,1
24090133,,0,0.000025,35,0.000007,0,1,1,0,1,1
23990965,,0,0.000025,35,0.000007,0,1,1,0,1,1
23922909,,0,0.000025,35,0.000007,0,1,1,0,1,1
23918601,,0,0.000037,35,0.000007,0,2,2,0,2,2
23885715,,0,0.000025,35,0.000007,0,1,1,0,1,1
23649165,,0,0.000025,35,0.000007,0,1,1,0,1,1
23573284,,0,0.000025,35,0.000007,0,1,1,0,1,1
23555746,,0,0.000025,35,0.000007,0,1,1,0,1,1
23516613,,0,0.000025,35,0.000007,0,1,1,0,1,1
23408853,,0,0.000025,35,0.000007,0,1,1,0,1,1
23345161,,0,0.000025,35,0.000007,0,1,1,0,1,1
23251624,,0,0.00023,35,0.000007,0,2,2,0,2,2
23097109,,0,0.000025,35,0.000007,0,1,1,0,1,1
23090154,,0,0.000025,35,0.000007,0,1,1,0,1,1
22948661,,0,0.000025,35,0.000007,0,1,1,0,1,1
22926411,,0,0.000025,35,0.000007,0,1,1,0,1,1
22778951,,0,0.000025,35,0.000007,0,1,1,0,1,1
22589276,,0,0.000451,35,0.000007,0,2,2,0,2,2
22549156,,0,0.000025,35,0.000007,0,1,1,0,1,1
22542702,,0,0.000025,35,0.000007,0,1,1,0,1,1
22531600,,0,0.000025,35,0.000007,0,1,1,0,1,1
22410857,,0,0.000025,35,0.000007,0,1,1,0,1,1
22404944,,0,0.000025,35,0.000007,0,1,1,0,1,1
22341938,,0,0.000025,35,0.000007,0,1,1,0,1,1
22335920,,0,0.000025,35,0.000007,0,1,1,0,1,1
22265415,,0,0.000025,35,0.000007,0,1,1,0,1,1
22240506,,0,0.00053,35,0.000007,0,2,2,0,2,2
22153155,,0,0.000025,35,0.000007,0,1,1,0,1,1
21703447,,0,0.000025,35,0.000007,0,1,1,0,1,1
21610109,,0,0.000025,35,0.000007,0,1,1,0,1,1
21575864,,0,0.000025,35,0.000007,0,1,1,0,1,1
21571674,,0,0.000027,213,0.000007,0,2,2,0,2,2
21505560,,0,0.000025,35,0.000007,0,1,1,0,1,1
21376233,,0,0.000025,35,0.000007,0,1,1,0,1,1
21339806,,0,0.000025,35,0.000007,0,1,1,0,1,1
21300279,,0,0.000025,35,0.000007,0,1,1,0,1,1
21223569,,0,0.000025,35,0.000007,0,1,1,0,1,1
21220962,,0,0.000025,35,0.000007,0,1,1,0,1,1
21150282,,0,0.000025,35,0.000007,0,1,1,0,1,1
21139993,,0,0.000052,48,0.000007,0,2,2,0,2,2
21051947,,0,0.000039,35,0.000007,0,2,2,0,2,2
20980827,,0,0.000025,35,0.000007,0,1,1,0,1,1
20940296,,0,0.000025,35,0.000007,0,1,1,0,1,1
20940259,,0,0.000025,35,0.000007,0,1,1,0,1,1
20870285,,0,0.000025,35,0.000007,0,1,1,0,1,1
20864819,,0,0.000025,35,0.000007,0,1,1,0,1,1
20861672,,0,0.000025,35,0.000007,0,1,1,0,1,1
20591988,,0,0.000025,35,0.000007,0,1,1,0,1,1
20570886,,0,0.000025,35,0.000007,0,1,1,0,1,1
20304630,,0,0.000025,35,0.000007,0,1,1,0,1,1
20214471,,0,0.000025,35,0.000007,0,1,1,0,1,1
20179823,,0,0.000025,35,0.000007,0,1,1,0,1,1
20036812,,0,0.000025,35,0.000007,0,1,1,0,1,1
20035377,,0,0.000025,35,0.000007,0,1,1,0,1,1
19920859,,0,0.000025,35,0.000007,0,1,1,0,1,1
19909740,,0,0.000025,35,0.000007,0,1,1,0,1,1
19816927,,0,0.000025,35,0.000007,0,1,1,0,1,1
19637986,,0,0.000025,35,0.000007,0,1,1,0,1,1
19556867,,0,0.000025,35,0.000007,0,1,1,0,1,1
19505193,,0,0.000025,35,0.000007,0,1,1,0,1,1
19487818,,0,0.000025,35,0.000007,0,1,1,0,1,1
19483720,,0,0.000039,90,0.000007,0,2,2,0,2,2
19442154,,0,0.000025,35,0.000007,0,1,1,0,1,1
19435897,,0,0.000025,35,0.000007,0,1,1,0,1,1
19276183,,0,0.000025,35,0.000007,0,1,1,0,1,1
19261604,,0,0.000025,35,0.000007,0,1,1,0,1,1
19104883,,0,0.000025,35,0.000007,0,1,1,0,1,1
19041750,,0,0.000025,35,0.000007,0,1,1,0,1,1
19029939,,0,0.000025,35,0.000007,0,1,1,0,1,1
18845837,,0,0.000025,35,0.000007,0,1,1,0,1,1
18814043,,0,0.000025,35,0.000007,0,1,1,0,1,1
18676848,,0,0.000025,35,0.000007,0,1,1,0,1,1
18642446,,0,0.000025,35,0.000007,0,1,1,0,1,1
18491946,,0,0.000025,35,0.000007,0,1,1,0,1,1
18411046,,0,0.000025,35,0.000007,0,1,1,0,1,1
18245495,,0,0.000025,35,0.000007,0,1,1,0,1,1
18071065,,0,0.000025,35,0.000007,0,1,1,0,1,1
17975657,,0,0.000042,35,0.000007,0,3,3,0,3,3
17908302,,0,0.000025,35,0.000007,0,1,1,0,1,1
17903613,,0,0.000025,35,0.000007,0,1,1,0,1,1
17822559,,0,0.000025,35,0.000007,0,1,1,0,1,1
17699594,,0,0.000025,35,0.000007,0,1,1,0,1,1
17682053,,0,0.000025,35,0.000007,0,1,1,0,1,1
17613324,,0,0.000025,35,0.000007,0,1,1,0,1,1
17510404,,0,0.000025,35,0.000007,0,1,1,0,1,1
17396127,,0,0.000025,35,0.000007,0,1,1,0,1,1
17344479,,0,0.000025,35,0.000007,0,1,1,0,1,1
17285144,,0,0.000025,35,0.000007,0,1,1,0,1,1
17071599,,0,0.000025,35,0.000007,0,1,1,0,1,1
16859511,,0,0.000025,35,0.000007,0,1,1,0,1,1
16603054,,0,0.000025,35,0.000007,0,1,1,0,1,1
16251423,,0,0.000025,35,0.000007,0,1,1,0,1,1
15557124,,0,0.000025,35,0.000007,0,1,1,0,1,1
15548598,,0,0.000025,35,0.000007,0,1,1,0,1,1
15356343,,0,0.000025,35,0.000007,0,1,1,0,1,1
15219235,,0,0.000025,35,0.000007,0,1,1,0,1,1
15208537,,0,0.000025,35,0.000007,0,1,1,0,1,1
15034925,,0,0.000025,35,0.000007,0,1,1,0,1,1
14566816,,0,0.000025,35,0.000007,0,1,1,0,1,1
12766184,,0,0.000025,35,0.000007,0,1,1,0,1,1
29898407,,0,0.007439,279,0.000007,0,2,2,0,2,2
29416701,,0,0.000003,279,0.000007,0,2,2,0,2,2
28871003,,0,0.000019,279,0.000007,0,4,4,0,4,4
28546713,,0,0.000003,279,0.000007,0,1,1,0,1,1
28320414,,0,0.000003,279,0.000007,0,1,1,0,1,1
26497383,,0,0.000052,279,0.000007,0,2,2,0,2,2
23959088,,0,0.000003,279,0.000007,0,1,1,0,1,1
23806198,,0,0.000003,279,0.000007,0,1,1,0,1,1
22528874,,0,0.000003,279,0.000007,0,1,1,0,1,1
22355382,,0,0.000003,279,0.000007,0,1,1,0,1,1
21712824,,0,0.000023,279,0.000007,0,3,3,0,3,3
20471503,,0,0.000049,279,0.000007,0,2,2,0,2,2
19951990,,0,0.00001,279,0.000007,0,2,2,0,2,2
19301473,,0,0.000003,279,0.000007,0,1,1,0,1,1
18723112,,0,0.000003,279,0.000007,0,1,1,0,1,1
18622385,,0,0.000003,279,0.000007,0,1,1,0,1,1
18172554,,0,0.000015,279,0.000007,0,2,2,0,2,2
14670177,,0,0.000003,279,0.000007,0,1,1,0,1,1
14633588,,0,0.000003,279,0.000007,0,1,1,0,1,1
30207419,,0,0.000999,5,0.000007,0,17,17,0,17,17
12496047,,0.001975,0,5,0.000055,43,0,43,43,0,43
29915183,,0,0.00005,5,0.000007,0,3,3,0,3,3
29752326,,0,0.002017,35,0.000007,0,15,15,0,15,15
24919982,,0,0.000073,5,0.000007,0,2,2,0,2,2
24406291,,0,0.000046,5,0.000007,0,2,2,0,2,2
24303212,,0,0.000063,5,0.000007,0,2,2,0,2,2
24001763,,0,0.000084,5,0.000007,0,5,5,0,5,5
22709328,,0.000064,0.000234,5,0.000007,1,10,11,1,10,11
21795499,,0,0.000821,5,0.000007,0,5,5,0,5,5
20613544,,0,0.000121,5,0.000007,0,2,2,0,2,2
12496474,,0.000131,0,100,0.000011,2,0,2,2,0,2
12496476,,0.000891,0,140,0.000013,7,0,7,7,0,7
12496477,,0.000702,0,140,0.00001,3,0,3,3,0,3
12497638,,0.000727,0,89,0.00001,7,0,7,7,0,7
30459659,,0,0.000009,35,0.000007,0,1,1,0,1,1
12499298,,0.000449,0,35,0.000237,45,0,45,45,0,45
29075047,,0,0.000009,35,0.000007,0,1,1,0,1,1
28157692,,0,0.000009,35,0.000007,0,1,1,0,1,1
27800494,,0,0.000009,35,0.000007,0,1,1,0,1,1
27433543,,0,0.000009,35,0.000007,0,1,1,0,1,1
27312771,,0,0.000009,35,0.000007,0,1,1,0,1,1
26740524,,0,0.000009,35,0.000007,0,1,1,0,1,1
25649116,,0,0.000009,35,0.000007,0,1,1,0,1,1
25648508,,0,0.000009,35,0.000007,0,1,1,0,1,1
25452690,,0,0.000009,35,0.000007,0,1,1,0,1,1
25048512,,0,0.000009,35,0.000007,0,1,1,0,1,1
25033072,,0,0.000009,35,0.000007,0,1,1,0,1,1
24948842,,0,0.000009,35,0.000007,0,1,1,0,1,1
24795490,,0,0.000009,35,0.000007,0,1,1,0,1,1
24764692,,0,0.000009,35,0.000007,0,1,1,0,1,1
24382981,,0,0.000009,35,0.000007,0,1,1,0,1,1
23844055,,0,0.000009,35,0.000007,0,1,1,0,1,1
23829771,,0,0.000009,35,0.000007,0,1,1,0,1,1
23761440,,0,0.000009,35,0.000007,0,1,1,0,1,1
23401685,,0,0.000009,35,0.000007,0,1,1,0,1,1
22962488,,0,0.000009,35,0.000007,0,1,1,0,1,1
22578440,,0,0.000009,35,0.000007,0,1,1,0,1,1
22577297,,0,0.000009,35,0.000007,0,1,1,0,1,1
22171335,,0,0.000009,35,0.000007,0,1,1,0,1,1
21918603,,0,0.000009,35,0.000007,0,1,1,0,1,1
21401920,,0,0.000009,35,0.000007,0,1,1,0,1,1
21218139,,0,0.000043,90,0.000007,0,2,2,0,2,2
20571087,,0,0.000009,35,0.000007,0,1,1,0,1,1
19829756,,0,0.000009,35,0.000007,0,1,1,0,1,1
19811684,,0,0.000009,35,0.000007,0,1,1,0,1,1
19772600,,0,0.000009,35,0.000007,0,1,1,0,1,1
19520789,,0,0.000009,35,0.000007,0,1,1,0,1,1
17573973,,0,0.000009,35,0.000007,0,1,1,0,1,1
15784140,,0,0.000009,35,0.000007,0,1,1,0,1,1
12504628,,0.000339,0,69,0.000014,6,0,6,6,0,6
24204383,,0.000001,0.000061,140,0.000024,4,5,9,4,5,9
12505256,,0.000007,0,140,0.000023,4,0,4,4,0,4
20019873,,0,0,140,0.000007,0,1,1,0,1,1
16855287,,0,0.000004,140,0.000007,0,2,2,0,2,2
12506168,,0.002679,0,35,0.000045,21,0,21,21,0,21
29720211,,0,0.000051,35,0.000007,0,2,2,0,2,2
28915591,,0,0.000051,35,0.000007,0,1,1,0,1,1
24154719,,0,0.000054,35,0.000007,0,2,2,0,2,2
21920875,,0,0.000102,35,0.000007,0,2,2,0,2,2
21161341,,0,0.000102,35,0.000007,0,2,2,0,2,2
19401525,,0,0.000051,35,0.000007,0,1,1,0,1,1
18043578,,0,0.000051,35,0.000007,0,1,1,0,1,1
12507302,,0.000104,0,100,0.000056,9,0,9,9,0,9
18694499,,0,0.000002,100,0.000007,0,1,1,0,1,1
28890687,,0,0.000002,90,0.000007,0,1,1,0,1,1
12507552,,0.000116,0,90,0.00016,31,0,31,31,0,31
26632597,,0,0.000002,90,0.000007,0,1,1,0,1,1
25228972,,0,0.000002,90,0.000007,0,1,1,0,1,1
24563851,,0,0.000002,90,0.000007,0,1,1,0,1,1
24086615,,0,0.000043,90,0.000007,0,3,3,0,3,3
23438823,,0,0.000002,90,0.000007,0,1,1,0,1,1
23427266,,0,0.000002,90,0.000007,0,1,1,0,1,1
23269922,,0,0.000002,90,0.000007,0,1,1,0,1,1
22274711,,0,0.000415,100,0.000007,0,5,5,0,5,5
21731648,,0,0.000002,90,0.000007,0,1,1,0,1,1
20300062,,0,0.000002,90,0.000007,0,1,1,0,1,1
20089858,,0,0.000002,90,0.000007,0,1,1,0,1,1
19243135,,0,0.000002,90,0.000007,0,1,1,0,1,1
19114459,,0,0.000002,90,0.000007,0,1,1,0,1,1
19033443,,0,0.000002,90,0.000007,0,1,1,0,1,1
18948196,,0,0.000002,90,0.000007,0,1,1,0,1,1
18676617,,0,0.000002,90,0.000007,0,1,1,0,1,1
18222124,,0,0.000003,90,0.000007,0,2,2,0,2,2
18216283,,0,0.000002,90,0.000007,0,1,1,0,1,1
18082624,,0,0.000002,90,0.000007,0,1,1,0,1,1
17804730,,0,0.000048,90,0.000007,0,2,2,0,2,2
16571805,,0,0.000002,90,0.000007,0,1,1,0,1,1
16148945,,0,0.000541,100,0.000007,0,4,4,0,4,4
16061792,,0,0.000002,90,0.000007,0,1,1,0,1,1
16044664,,0,0.000002,90,0.000007,0,1,1,0,1,1
16024794,,0,0.000002,90,0.000007,0,1,1,0,1,1
15920166,,0,0.000002,90,0.000007,0,1,1,0,1,1
15210732,,0,0.000002,90,0.000007,0,1,1,0,1,1
15574879,,0,0.000009,100,0.000007,0,1,1,0,1,1
30400780,,0,0.000891,100,0.000007,0,6,6,0,6,6
12509764,,0.024784,0,100,0.000613,229,0,229,229,0,229
29882812,,0,0.010282,1,0.000007,0,8,8,0,8,8
29872499,,0,0.010447,1,0.000007,0,12,12,0,12,12
29707605,,0,0.001498,100,0.000007,0,8,8,0,8,8
29445031,,0,0.002895,1,0.000007,0,2,2,0,2,2
29296910,,0,0.000473,100,0.000007,0,1,1,0,1,1
29222239,,0,0.000473,100,0.000007,0,1,1,0,1,1
28579318,,0,0.00071,1,0.000007,0,3,3,0,3,3
27910856,,0,0.000479,48,0.000007,0,2,2,0,2,2
27826317,,0,0.000473,100,0.000007,0,1,1,0,1,1
27799343,,0,0.000473,100,0.000007,0,1,1,0,1,1
27616351,,0,0.001732,100,0.000007,0,4,4,0,4,4
27456001,,0,0.000473,100,0.000007,0,1,1,0,1,1
27279236,,0.000001,0.01706,66,0.000009,1,9,10,1,9,10
27224545,,0,0.001297,100,0.000007,0,8,8,0,8,8
27118469,,0,0.000474,100,0.000007,0,2,2,0,2,2
26822809,,0,0.000687,100,0.000007,0,2,2,0,2,2
26816675,,0,0.000473,100,0.000007,0,1,1,0,1,1
26799702,,0,0.000594,100,0.000007,0,3,3,0,3,3
26773346,,0,0.000566,87,0.000007,0,3,3,0,3,3
26676166,,0,0.030648,1,0.000007,0,27,27,0,27,27
26238431,,0,0.001355,100,0.000007,0,4,4,0,4,4
25634215,,0.006719,0.027441,1,0.000065,19,11,30,19,11,30
25566506,,0,0.01088,100,0.000007,0,12,12,0,12,12
25418858,,0,0.008331,100,0.000007,0,7,7,0,7,7
24710094,,0,0.000473,100,0.000007,0,1,1,0,1,1
24475095,,0,0.000539,232,0.000007,0,2,2,0,2,2
23867477,,0,0.000873,100,0.000007,0,2,2,0,2,2
23451117,,0,0.001383,100,0.000007,0,5,5,0,5,5
23227453,,0,0.018655,1,0.000007,0,9,9,0,9,9
22872141,,0,0.000473,100,0.000007,0,2,2,0,2,2
22825469,,0,0.000473,100,0.000007,0,1,1,0,1,1
22349458,,0,0.000491,232,0.000007,0,2,2,0,2,2
21766209,,0,0.002364,24,0.000115,18,8,26,18,8,26
21734812,,0,0.00791,1,0.000007,0,5,5,0,5,5
21695124,,0,0.000473,100,0.000007,0,1,1,0,1,1
21540837,,0,0.000526,100,0.000007,0,3,3,0,3,3
21249183,,0,0.000473,100,0.000007,0,1,1,0,1,1
21039422,,0,0.000473,100,0.000007,0,1,1,0,1,1
20697527,,0.000321,0.000599,100,0.000015,4,3,7,4,3,7
20632856,,0,0.000487,100,0.000007,0,2,2,0,2,2
20461087,,0,0.001017,100,0.000007,0,6,6,0,6,6
19920912,,0,0.000473,100,0.000007,0,1,1,0,1,1
19861535,,0,0.001376,100,0.000007,0,7,7,0,7,7
19790261,,0,0.000686,100,0.000007,0,3,3,0,3,3
19217883,,0,0.000761,100,0.000007,0,3,3,0,3,3
19145234,,0,0.000847,100,0.000007,0,3,3,0,3,3
19012493,,0,0.000473,100,0.000007,0,1,1,0,1,1
18800074,,0,0.000679,232,0.000007,0,2,2,0,2,2
18414472,,0,0.001252,100,0.000007,0,4,4,0,4,4
18039136,,0,0.000507,205,0.000007,0,2,2,0,2,2
17520196,,0,0.000473,100,0.000007,0,1,1,0,1,1
16946710,,0,0.000473,100,0.000007,0,1,1,0,1,1
16861340,,0,0.000473,100,0.000007,0,1,1,0,1,1
16644882,,0,0.000473,100,0.000007,0,1,1,0,1,1
16269617,,0,0.000658,100,0.000007,0,2,2,0,2,2
16109778,,0,0.000473,100,0.000007,0,1,1,0,1,1
15457215,,0,0.000473,100,0.000007,0,1,1,0,1,1
12960389,,0,0.000473,100,0.000007,0,1,1,0,1,1
29636421,,0,0.000003,90,0.000007,0,1,1,0,1,1
12510150,,0.000164,0,90,0.000105,18,0,18,18,0,18
29472933,,0,0.000003,90,0.000007,0,1,1,0,1,1
28530673,,0,0.000003,90,0.000007,0,1,1,0,1,1
27941559,,0,0.000003,90,0.000007,0,1,1,0,1,1
27521996,,0,0.000003,90,0.000007,0,1,1,0,1,1
24223222,,0,0.000003,90,0.000007,0,1,1,0,1,1
22661280,,0,0.000003,90,0.000007,0,1,1,0,1,1
22412920,,0,0.000003,90,0.000007,0,1,1,0,1,1
21904977,,0,0.000003,90,0.000007,0,1,1,0,1,1
21209336,,0,0.000003,90,0.000007,0,1,1,0,1,1
20933420,,0,0.000003,90,0.000007,0,1,1,0,1,1
20701792,,0,0.000003,90,0.000007,0,1,1,0,1,1
20150437,,0,0.000003,90,0.000007,0,1,1,0,1,1
20041180,,0,0.000003,90,0.000007,0,1,1,0,1,1
18597698,,0,0.000007,90,0.000007,0,2,2,0,2,2
18353765,,0,0.000003,90,0.000007,0,1,1,0,1,1
12514563,,0.000806,0,5,0.000011,10,0,10,10,0,10
12521547,,0.000027,0,69,0.000008,1,0,1,1,0,1
22364446,,0,0.000209,181,0.000007,0,2,2,0,2,2
12524552,,0.000018,0,181,0.000032,6,0,6,6,0,6
19770270,,0,0,181,0.000007,0,1,1,0,1,1
18762158,,0,0,181,0.000007,0,1,1,0,1,1
12857956,,0,0,181,0.000007,0,1,1,0,1,1
29181263,,0,0.000034,100,0.000007,0,1,1,0,1,1
27989142,,0,0.000034,100,0.000007,0,2,2,0,2,2
27868057,,0,0.000207,100,0.000007,0,2,2,0,2,2
27636878,,0,0.000034,100,0.000007,0,1,1,0,1,1
25056314,,0,0.000434,100,0.000007,0,2,2,0,2,2
24999918,,0,0.000248,100,0.000007,0,2,2,0,2,2
24260277,,0,0.000248,100,0.000007,0,2,2,0,2,2
22848695,,0,0.000034,100,0.000007,0,1,1,0,1,1
20885913,,0,0.00023,100,0.000007,0,2,2,0,2,2
20233469,,0,0.000034,100,0.000007,0,1,1,0,1,1
20209091,,0,0.000034,100,0.000007,0,1,1,0,1,1
18629872,,0,0.000034,100,0.000007,0,1,1,0,1,1
16690728,,0,0.000034,100,0.000007,0,1,1,0,1,1
16679491,,0,0.000315,100,0.000007,0,3,3,0,3,3
16369402,,0,0.000034,100,0.000007,0,1,1,0,1,1
16299066,,0,0.000354,100,0.000007,0,3,3,0,3,3
14569115,,0,0.000034,100,0.000007,0,1,1,0,1,1
12527903,,0.00042,0,24,0.000024,4,0,4,4,0,4
20876613,,0,0.000008,24,0.000007,0,1,1,0,1,1
16260610,,0,0.000008,24,0.000007,0,1,1,0,1,1
12527904,,0.00224,0,100,0.000063,28,0,28,28,0,28
25449597,,0,0.000284,100,0.000007,0,2,2,0,2,2
25403473,,0,0.000209,100,0.000007,0,4,4,0,4,4
24901438,,0,0.001012,100,0.000007,0,3,3,0,3,3
21459001,,0,0.001286,1,0.000007,0,5,5,0,5,5
19942684,,0,0.000043,100,0.000007,0,1,1,0,1,1
18199329,,0,0.000043,100,0.000007,0,1,1,0,1,1
16935876,,0,0.000043,100,0.000007,0,1,1,0,1,1
16234232,,0,0.000043,100,0.000007,0,1,1,0,1,1
28430630,,0,0.000001,82,0.000007,0,1,1,0,1,1
12527905,,0.000044,0,82,0.000061,11,0,11,11,0,11
26870995,,0,0.000001,82,0.000007,0,1,1,0,1,1
25879199,,0,0.000001,82,0.000007,0,1,1,0,1,1
24376848,,0,0.000001,82,0.000007,0,1,1,0,1,1
24131622,,0,0.000001,82,0.000007,0,1,1,0,1,1
22792371,,0,0.000001,82,0.000007,0,1,1,0,1,1
22242164,,0,0.000001,82,0.000007,0,1,1,0,1,1
18414622,,0,0.000001,82,0.000007,0,1,1,0,1,1
30181192,,0,0.000022,247,0.000007,0,1,1,0,1,1
12531692,,0.001173,0,247,0.00031,67,0,67,67,0,67
29410405,,0,0.000022,247,0.000007,0,1,1,0,1,1
29285188,,0,0.000022,247,0.000007,0,1,1,0,1,1
28924458,,0,0.000022,247,0.000007,0,1,1,0,1,1
28554658,,0,0.000068,247,0.000007,0,2,2,0,2,2
27916821,,0,0.000022,247,0.000007,0,1,1,0,1,1
27013579,,0,0.00004,247,0.000007,0,3,3,0,3,3
26576099,,0,0.000022,247,0.000007,0,1,1,0,1,1
25779090,,0,0.000022,247,0.000007,0,1,1,0,1,1
24710481,,0,0.000022,247,0.000007,0,1,1,0,1,1
24657939,,0,0.000186,247,0.000007,0,3,3,0,3,3
24431073,,0,0.000022,247,0.000007,0,1,1,0,1,1
24218614,,0,0.000022,247,0.000007,0,1,1,0,1,1
24212651,,0,0.000022,247,0.000007,0,1,1,0,1,1
23740749,,0,0.000022,247,0.000007,0,1,1,0,1,1
23497483,,0,0.000022,247,0.000007,0,1,1,0,1,1
23382381,,0,0.000022,247,0.000007,0,1,1,0,1,1
23357869,,0,0.000028,247,0.000007,0,2,2,0,2,2
22770219,,0,0.000022,247,0.000007,0,1,1,0,1,1
22715410,,0,0.000068,247,0.000007,0,2,2,0,2,2
22505932,,0,0.000022,247,0.000007,0,1,1,0,1,1
22384264,,0,0.000022,247,0.000007,0,1,1,0,1,1
21947283,,0,0.000022,247,0.000007,0,1,1,0,1,1
21871131,,0,0.00006,111,0.000007,0,2,2,0,2,2
21400495,,0,0.000022,247,0.000007,0,1,1,0,1,1
21113270,,0,0.000022,247,0.000007,0,1,1,0,1,1
20875127,,0,0.000022,247,0.000007,0,1,1,0,1,1
20503194,,0,0.000022,247,0.000007,0,1,1,0,1,1
20210649,,0,0.000022,247,0.000007,0,1,1,0,1,1
20185565,,0,0.000068,247,0.000007,0,2,2,0,2,2
19752194,,0,0.000022,247,0.000007,0,1,1,0,1,1
19690141,,0,0.000053,247,0.000007,0,2,2,0,2,2
19651895,,0,0.000048,247,0.000007,0,2,2,0,2,2
19649328,,0,0.000072,247,0.000007,0,2,2,0,2,2
19309490,,0,0.000022,247,0.000007,0,1,1,0,1,1
19270695,,0,0.000022,247,0.000007,0,1,1,0,1,1
19155438,,0,0.000022,247,0.000007,0,1,1,0,1,1
19075003,,0,0.000022,247,0.000007,0,1,1,0,1,1
18454141,,0,0.000022,247,0.000007,0,1,1,0,1,1
18280241,,0,0.000022,247,0.000007,0,1,1,0,1,1
18256292,,0,0.000022,247,0.000007,0,1,1,0,1,1
18061646,,0,0.000022,247,0.000007,0,1,1,0,1,1
17574289,,0,0.000022,247,0.000007,0,1,1,0,1,1
16858403,,0,0.000022,247,0.000007,0,1,1,0,1,1
16840506,,0,0.000022,247,0.000007,0,1,1,0,1,1
16809771,,0,0.000054,247,0.000007,0,2,2,0,2,2
16782878,,0,0.000022,247,0.000007,0,1,1,0,1,1
16168122,,0,0.000022,247,0.000007,0,1,1,0,1,1
15899855,,0,0.000022,247,0.000007,0,1,1,0,1,1
15769996,,0,0.000022,247,0.000007,0,1,1,0,1,1
15121849,,0,0.000022,247,0.000007,0,1,1,0,1,1
14729966,,0,0.000022,247,0.000007,0,1,1,0,1,1
28510580,,0,0.000034,140,0.000007,0,1,1,0,1,1
25567974,,0,0.000058,89,0.000007,0,3,3,0,3,3
25242383,,0,0.000034,140,0.000007,0,1,1,0,1,1
20887259,,0,0.000034,140,0.000007,0,1,1,0,1,1
18793467,,0,0.000034,140,0.000007,0,1,1,0,1,1
18629079,,0,0.000034,140,0.000007,0,1,1,0,1,1
18424794,,0,0.000037,140,0.000007,0,2,2,0,2,2
18005451,,0,0.000079,140,0.000007,0,3,3,0,3,3
15998910,,0,0.000034,140,0.000037,5,1,6,5,1,6
15911586,,0,0.000034,140,0.000007,0,1,1,0,1,1
14660790,,0,0.000034,140,0.000007,0,1,1,0,1,1
29505855,,0,0.00001,168,0.000007,0,1,1,0,1,1
12532422,,0.000544,0,168,0.000105,21,0,21,21,0,21
25793777,,0,0.000015,168,0.000007,0,2,2,0,2,2
24124450,,0,0.00001,168,0.000007,0,1,1,0,1,1
23264915,,0,0.00001,168,0.000007,0,1,1,0,1,1
22684412,,0,0.00001,168,0.000007,0,1,1,0,1,1
21504557,,0,0.00001,168,0.000007,0,1,1,0,1,1
21339995,,0,0.00001,168,0.000007,0,1,1,0,1,1
20718755,,0,0.00001,168,0.000007,0,1,1,0,1,1
20639454,,0,0.00001,168,0.000007,0,1,1,0,1,1
20589163,,0,0.00001,168,0.000007,0,1,1,0,1,1
20562209,,0,0.00001,168,0.000007,0,1,1,0,1,1
20145720,,0,0.000714,69,0.000007,0,5,5,0,5,5
19723344,,0,0.00001,168,0.000007,0,1,1,0,1,1
19587378,,0,0.00001,168,0.000007,0,1,1,0,1,1
17954908,,0,0.00001,168,0.000007,0,1,1,0,1,1
16377779,,0,0.00001,168,0.000007,0,1,1,0,1,1
15983380,,0,0.00001,168,0.000007,0,2,2,0,2,2
29731982,,0,0.000087,231,0.000007,0,8,8,0,8,8
12543786,,0.000992,0,89,0.000035,21,0,21,21,0,21
27822368,,0,0.000019,89,0.000007,0,1,1,0,1,1
27765917,,0,0.000092,89,0.000007,0,6,6,0,6,6
21995949,,0,0.000036,231,0.000007,0,2,2,0,2,2
28441070,,0,0.000015,1,0.000007,0,1,1,0,1,1
12543797,,0.000807,0,1,0.000024,10,0,10,10,0,10
25454820,,0,0.010191,1,0.000007,0,12,12,0,12,12
23285162,,0,0.000029,1,0.000007,0,2,2,0,2,2
20651987,,0,0.000061,1,0.000007,0,2,2,0,2,2
19383377,,0,0.000434,1,0.000007,0,3,3,0,3,3
30376840,,0,0.000005,69,0.000007,0,1,1,0,1,1
12544504,,0.000264,0,69,0.000112,25,0,25,25,0,25
29286125,,0,0.000005,69,0.000007,0,1,1,0,1,1
26893716,,0,0.000005,69,0.000013,1,1,2,1,1,2
25628924,,0,0.000005,69,0.000007,0,1,1,0,1,1
25522857,,0,0.000005,69,0.000007,0,1,1,0,1,1
23921511,,0,0.000005,69,0.000007,0,1,1,0,1,1
23826116,,0,0.00012,69,0.000007,0,2,2,0,2,2
23320576,,0,0.00012,69,0.000007,0,2,2,0,2,2
23251297,,0,0.000504,69,0.000007,0,2,2,0,2,2
22993626,,0,0.000005,69,0.000007,0,1,1,0,1,1
21170324,,0,0.000005,69,0.000007,0,1,1,0,1,1
19445772,,0,0.000005,69,0.000007,0,1,1,0,1,1
19356624,,0,0.00039,69,0.000007,0,4,4,0,4,4
18941913,,0,0.000005,69,0.000007,0,1,1,0,1,1
17186425,,0,0.000005,69,0.000007,0,1,1,0,1,1
14680498,,0,0.000005,69,0.000007,0,1,1,0,1,1
28140791,,0,0.000017,1,0.000007,0,1,1,0,1,1
12546697,,0.000902,0,1,0.000014,4,0,4,4,0,4
12546807,,0.000362,0,184,0.00001,4,0,4,4,0,4
28276523,,0,0.000079,184,0.000007,0,5,5,0,5,5
30045773,,0,0.000006,111,0.000007,0,1,1,0,1,1
12548582,,0.000329,0,111,0.00022,45,0,45,45,0,45
29921289,,0,0.000167,111,0.000007,0,2,2,0,2,2
29569713,,0,0.000006,111,0.000007,0,1,1,0,1,1
29379627,,0,0.000006,111,0.000007,0,1,1,0,1,1
29188058,,0,0.000006,111,0.000007,0,1,1,0,1,1
28530705,,0,0.000068,111,0.000007,0,3,3,0,3,3
28147342,,0,0.000006,111,0.000007,0,1,1,0,1,1
27351134,,0,0.000056,111,0.000007,0,2,2,0,2,2
27133733,,0,0.000006,111,0.000007,0,1,1,0,1,1
26408301,,0,0.000006,111,0.000007,0,1,1,0,1,1
25892662,,0,0.000038,111,0.000007,0,4,4,0,4,4
25815692,,0,0.000006,111,0.000007,0,1,1,0,1,1
25417118,,0,0.000006,111,0.000007,0,1,1,0,1,1
25287328,,0,0.000006,111,0.000007,0,1,1,0,1,1
25156554,,0,0.000006,111,0.000007,0,1,1,0,1,1
25070479,,0,0.000018,279,0.000007,0,2,2,0,2,2
24339738,,0,0.001171,66,0.000007,0,6,6,0,6,6
23708665,,0,0.000006,111,0.000007,0,1,1,0,1,1
23152136,,0,0.000006,111,0.000007,0,1,1,0,1,1
22922095,,0,0.000006,111,0.000007,0,1,1,0,1,1
22693611,,0,0.000006,111,0.000007,0,1,1,0,1,1
22331216,,0,0.000006,111,0.000007,0,1,1,0,1,1
21747767,,0,0.000006,111,0.000007,0,1,1,0,1,1
21390186,,0,0.000018,111,0.000007,0,2,2,0,2,2
19933843,,0,0.000006,111,0.000007,0,1,1,0,1,1
19727732,,0,0.000006,111,0.000007,0,1,1,0,1,1
19439415,,0,0.000006,111,0.000007,0,1,1,0,1,1
18936692,,0,0.001057,35,0.000007,0,6,6,0,6,6
18819936,,0,0.000006,111,0.000007,0,1,1,0,1,1
18467441,,0,0.000006,111,0.000007,0,1,1,0,1,1
18312651,,0,0.000006,111,0.000007,0,1,1,0,1,1
17981312,,0,0.000006,111,0.000007,0,1,1,0,1,1
17392272,,0,0.000173,111,0.000007,0,2,2,0,2,2
16636149,,0,0.000006,111,0.000007,0,1,1,0,1,1
16489695,,0,0.000006,111,0.000007,0,1,1,0,1,1
15367686,,0,0.000006,111,0.000007,0,1,1,0,1,1
14691549,,0,0.000006,111,0.000007,0,1,1,0,1,1
12548593,,0.004194,0,1,0.000053,22,0,22,22,0,22
23839036,,0,0.00008,1,0.000007,0,1,1,0,1,1
20855963,,0,0.008376,1,0.000007,0,11,11,0,11,11
17145914,,0,0.00008,1,0.000007,0,1,1,0,1,1
27809310,,0,0.000085,279,0.000007,0,1,1,0,1,1
26392359,,0.000569,0.001548,72,0.000055,14,9,23,14,9,23
24622770,,0,0.000358,279,0.000007,0,5,5,0,5,5
23757365,,0,0.000465,205,0.000007,0,3,3,0,3,3
21680703,,0,0.001968,198,0.000007,0,14,14,0,14,14
28160561,,0,0,279,0.000007,0,1,1,0,1,1
12559313,,0.000026,0,279,0.000035,6,0,6,6,0,6
26500709,,0,0,279,0.000007,0,1,1,0,1,1
24278388,,0,0,279,0.000007,0,1,1,0,1,1
20053763,,0,0,279,0.000007,0,1,1,0,1,1
12565990,,0.000692,0,100,0.000044,8,0,8,8,0,8
29649263,,0,0.000103,89,0.000007,0,11,11,0,11,11
12566964,,0.000184,0,89,0.000008,2,0,2,2,0,2
12567413,,0.000427,0,5,0.000015,12,0,12,12,0,12
28083845,,0,0.001285,5,0.000007,0,5,5,0,5,5
26833044,,0,0.00068,5,0.000007,0,14,14,0,14,14
24292896,,0,0.000022,5,0.000007,0,3,3,0,3,3
30091999,,0,0.00002,279,0.000007,0,1,1,0,1,1
12576338,,0.00104,0,279,0.00009,17,0,17,17,0,17
29967475,,0,0.01587,1,0.000007,0,6,6,0,6,6
28278729,,0,0.000343,100,0.000007,0,4,4,0,4,4
23836560,,0.002125,0.009568,1,0.000147,40,7,47,40,7,47
22493298,,0,0.00002,279,0.000007,0,1,1,0,1,1
20445577,,0,0.00002,279,0.000007,0,1,1,0,1,1
20421276,,0,0.00002,279,0.000007,0,1,1,0,1,1
19020542,,0,0.00002,279,0.000007,0,1,1,0,1,1
18250304,,0,0.00002,279,0.000007,0,1,1,0,1,1
15494718,,0,0.00002,279,0.000007,0,1,1,0,1,1
29760383,,0,0.00014,231,0.000007,0,2,2,0,2,2
12582017,,0.000559,0,231,0.000011,5,0,5,5,0,5
26648949,,0,0.000024,100,0.000007,0,1,1,0,1,1
26147458,,0,0.000024,100,0.000007,0,1,1,0,1,1
26074930,,0,0.000024,100,0.000007,0,1,1,0,1,1
25944099,,0,0.000048,100,0.000007,0,2,2,0,2,2
25511710,,0,0.000024,100,0.000007,0,1,1,0,1,1
24137170,,0,0.000424,100,0.000007,0,3,3,0,3,3
23616603,,0,0.000024,100,0.000007,0,1,1,0,1,1
23104832,,0,0.000024,100,0.000007,0,1,1,0,1,1
23050791,,0,0.000315,57,0.000007,0,2,2,0,2,2
22357613,,0,0.000024,100,0.000007,0,1,1,0,1,1
21917552,,0,0.000024,100,0.000007,0,1,1,0,1,1
19381297,,0,0.000024,100,0.000007,0,1,1,0,1,1
19244142,,0,0.00038,100,0.000007,0,4,4,0,4,4
18055605,,0,0.000024,100,0.000007,0,1,1,0,1,1
17487278,,0,0.000024,100,0.000007,0,1,1,0,1,1
16517762,,0,0.000024,100,0.000007,0,1,1,0,1,1
15249667,,0,0.000024,100,0.000007,0,1,1,0,1,1
22585860,,0,0.007439,57,0.000007,0,2,2,0,2,2
12585647,,0.00016,0,57,0.000014,3,0,3,3,0,3
16220143,,0,0.000003,57,0.000007,0,2,2,0,2,2
19123988,,0,0.000129,5,0.000007,0,2,2,0,2,2
12585650,,0.000002,0,5,0.00001,1,0,1,1,0,1
12585651,,0.000198,0,89,0.000007,1,0,1,1,0,1
12585665,,0.000369,0,5,0.000032,15,0,15,15,0,15
29708210,,0,0.000007,198,0.000007,0,2,2,0,2,2
29299933,,0,0.000007,5,0.000007,0,1,1,0,1,1
28680288,,0,0.000547,5,0.000007,0,8,8,0,8,8
26451244,,0,0.001163,5,0.000007,0,22,22,0,22,22
26229667,,0,0.000543,5,0.000007,0,7,7,0,7,7
21040870,,0,0.000515,5,0.000007,0,6,6,0,6,6
20003359,,0,0.000007,5,0.000007,0,1,1,0,1,1
12585668,,0.000013,0,5,0.000007,1,0,1,1,0,1
12586794,,0.001674,0,5,0.000117,37,0,37,37,0,37
29228605,,0,0.000042,5,0.000007,0,2,2,0,2,2
26466667,,0,0.000048,205,0.000007,0,2,2,0,2,2
25750696,,0,0.000032,5,0.000007,0,1,1,0,1,1
24830599,,0,0.000032,5,0.000007,0,1,1,0,1,1
24270059,,0,0.000199,5,0.000007,0,3,3,0,3,3
23395006,,0,0.000032,5,0.000007,0,1,1,0,1,1
22787114,,0,0.00016,5,0.000007,0,2,2,0,2,2
20841391,,0,0.000446,5,0.000007,0,6,6,0,6,6
20305758,,0,0.000032,5,0.000007,0,1,1,0,1,1
12586815,,0.00018,0,5,0.000011,4,0,4,4,0,4
12592385,,0.001868,0,72,0.000267,37,0,37,37,0,37
28337295,,0,0.000049,72,0.000007,0,3,3,0,3,3
28330603,,0,0.000036,72,0.000007,0,1,1,0,1,1
28176758,,0,0.000043,72,0.000007,0,2,2,0,2,2
26450900,,0,0.000102,72,0.000007,0,2,2,0,2,2
25782664,,0,0.000036,72,0.000007,0,1,1,0,1,1
23440244,,0,0.000036,72,0.000007,0,1,1,0,1,1
22570622,,0,0.000036,72,0.000007,0,1,1,0,1,1
22076149,,0,0.000036,72,0.000007,0,1,1,0,1,1
22065589,,0,0.000036,72,0.000007,0,1,1,0,1,1
21852209,,0.000717,0.000036,247,0.000271,52,2,54,52,2,54
21707865,,0.001026,0.023108,1,0.000019,8,14,22,8,14,22
21123178,,0,0.000042,72,0.000007,0,2,2,0,2,2
21072053,,0,0.000036,72,0.000007,0,1,1,0,1,1
20186124,,0,0.000036,72,0.000007,0,1,1,0,1,1
19332642,,0,0.000036,72,0.000007,0,1,1,0,1,1
12594936,,0.000095,0,5,0.000008,1,0,1,1,0,1
12599199,,0.000197,0,89,0.000008,2,0,2,2,0,2
12601471,,0.000877,0,140,0.00006,10,0,10,10,0,10
27099641,,0,0.003603,140,0.000007,0,27,27,0,27,27
21520273,,0.000108,0.000739,231,0.000045,13,9,22,13,9,22
12602912,,0.000389,0,89,0.000017,6,0,6,6,0,6
22339939,,0,0.000007,89,0.000007,0,1,1,0,1,1
12609703,,0.000117,0,66,0.000022,6,0,6,6,0,6
21450091,,0,0.000002,66,0.000007,0,1,1,0,1,1
21390499,,0,0.000131,5,0.000007,0,3,3,0,3,3
20370703,,0,0.000098,66,0.000007,0,2,2,0,2,2
30332471,,0,0.000111,35,0.000007,0,1,1,0,1,1
20309963,,0,0.000113,35,0.000007,0,2,2,0,2,2
19109420,,0,0.000111,35,0.000007,0,1,1,0,1,1
17096863,,0,0.003728,1,0.000007,0,4,4,0,4,4
25798211,,0,0.000087,231,0.000007,0,5,5,0,5,5
23535729,,0,0.000712,231,0.000007,0,8,8,0,8,8
29339357,,0,0.000006,35,0.000007,0,1,1,0,1,1
12611452,,0.000291,0,35,0.000035,10,0,10,10,0,10
27275107,,0,0.000036,35,0.000007,0,2,2,0,2,2
26884359,,0,0.000025,35,0.000007,0,2,2,0,2,2
25593696,,0,0.000006,35,0.000007,0,1,1,0,1,1
24790468,,0,0.000006,35,0.000007,0,2,2,0,2,2
24083544,,0,0.000127,35,0.000007,0,3,3,0,3,3
12611456,,0.000626,0,1,0.00001,3,0,3,3,0,3
30013081,,0,0.004251,100,0.000007,0,10,10,0,10,10
12611903,,0.00353,0,100,0.0001,44,0,44,44,0,44
29581593,,0,0.002228,100,0.000007,0,5,5,0,5,5
29257115,,0,0.000121,248,0.000007,0,3,3,0,3,3
24362840,,0,0.001752,100,0.000007,0,3,3,0,3,3
24194938,,0,0.001188,100,0.000007,0,3,3,0,3,3
22606268,,0,0.000067,100,0.000007,0,1,1,0,1,1
21301226,,0,0.000067,100,0.000007,0,1,1,0,1,1
20935492,,0,0.000067,100,0.000007,0,1,1,0,1,1
20224574,,0,0.00018,100,0.000007,0,3,3,0,3,3
19098900,,0,0.001188,100,0.000007,0,3,3,0,3,3
18283122,,0,0.000067,100,0.000007,0,1,1,0,1,1
16618811,,0,0.000067,100,0.000007,0,1,1,0,1,1
15020465,,0,0.000067,100,0.000007,0,1,1,0,1,1
30135580,,0,0.000002,72,0.000007,0,1,1,0,1,1
29795304,,0,0.000002,72,0.000007,0,1,1,0,1,1
29721507,,0,0.000002,72,0.000007,0,1,1,0,1,1
29666159,,0,0.000002,72,0.000007,0,1,1,0,1,1
29281702,,0,0.000002,72,0.000007,0,1,1,0,1,1
28868519,,0,0.000003,72,0.000007,0,2,2,0,2,2
28746875,,0,0.000002,72,0.000007,0,1,1,0,1,1
28431135,,0,0.000002,72,0.000007,0,1,1,0,1,1
28336775,,0,0.000354,72,0.000007,0,2,2,0,2,2
27353326,,0,0.000002,72,0.000007,0,1,1,0,1,1
27282391,,0,0.000002,72,0.000007,0,1,1,0,1,1
27197211,,0,0.000002,72,0.000007,0,1,1,0,1,1
27152730,,0,0.000002,72,0.000007,0,1,1,0,1,1
27088130,,0,0.00013,1,0.000007,0,2,2,0,2,2
26399478,,0,0.000002,72,0.000007,0,1,1,0,1,1
26010750,,0,0.000003,72,0.000007,0,2,2,0,2,2
25773599,,0,0.000002,72,0.000007,0,1,1,0,1,1
25647480,,0,0.000002,72,0.000007,0,1,1,0,1,1
24879308,,0,0.00013,1,0.000007,0,2,2,0,2,2
24636995,,0,0.000002,72,0.000007,0,1,1,0,1,1
24485661,,0,0.000002,72,0.000007,0,1,1,0,1,1
24453987,,0,0.000002,72,0.000007,0,1,1,0,1,1
24050178,,0,0.000002,72,0.000007,0,1,1,0,1,1
24040939,,0,0.000002,72,0.000007,0,1,1,0,1,1
23950223,,0,0.000003,72,0.000007,0,2,2,0,2,2
23903194,,0,0.00013,72,0.000007,0,2,2,0,2,2
23711585,,0,0.000002,72,0.000007,0,1,1,0,1,1
23699410,,0,0.000002,72,0.000007,0,1,1,0,1,1
23518577,,0,0.00013,72,0.000007,0,2,2,0,2,2
22986266,,0,0.000002,72,0.000007,0,1,1,0,1,1
22982195,,0,0.000002,72,0.000007,0,1,1,0,1,1
22957023,,0,0.000002,72,0.000007,0,1,1,0,1,1
22740393,,0,0.000002,72,0.000007,0,1,1,0,1,1
22549956,,0,0.000002,72,0.000007,0,1,1,0,1,1
22434426,,0,0.000002,72,0.000007,0,1,1,0,1,1
22355797,,0,0.000002,72,0.000007,0,1,1,0,1,1
22238675,,0,0.000002,72,0.000007,0,1,1,0,1,1
22211660,,0,0.000002,72,0.000007,0,1,1,0,1,1
21865163,,0,0.000003,72,0.000007,0,2,2,0,2,2
21623364,,0,0.000003,72,0.000007,0,2,2,0,2,2
21252238,,0,0.000002,72,0.000007,0,1,1,0,1,1
20534440,,0,0.000002,72,0.000007,0,1,1,0,1,1
20305087,,0,0.000002,72,0.000007,0,1,1,0,1,1
19687295,,0,0.000002,72,0.000007,0,1,1,0,1,1
19666497,,0,0.000002,72,0.000007,0,1,1,0,1,1
19275938,,0,0.000002,72,0.000007,0,1,1,0,1,1
19136554,,0,0.000002,72,0.000007,0,1,1,0,1,1
18598689,,0,0.000002,72,0.000007,0,1,1,0,1,1
18332113,,0,0.000002,72,0.000007,0,1,1,0,1,1
18086894,,0,0.000002,72,0.000007,0,1,1,0,1,1
17994021,,0,0.000002,72,0.000007,0,1,1,0,1,1
17567605,,0,0.000002,72,0.000007,0,1,1,0,1,1
17404243,,0,0.000002,72,0.000007,0,1,1,0,1,1
17335777,,0,0.000002,72,0.000007,0,1,1,0,1,1
17259211,,0,0.000002,72,0.000007,0,1,1,0,1,1
16898873,,0,0.000002,72,0.000007,0,1,1,0,1,1
16214896,,0,0.000002,72,0.000007,0,1,1,0,1,1
15741180,,0,0.000002,72,0.000007,0,1,1,0,1,1
15136722,,0,0.000002,72,0.000007,0,1,1,0,1,1
15121832,,0,0.000002,72,0.000007,0,1,1,0,1,1
14701750,,0,0.000002,72,0.000007,0,1,1,0,1,1
30087719,,0,0.000014,69,0.000007,0,1,1,0,1,1
12619114,,0.000724,0,69,0.000141,29,0,29,29,0,29
28218667,,0,0.000014,69,0.000007,0,1,1,0,1,1
28096969,,0,0.000014,69,0.000007,0,1,1,0,1,1
27941916,,0,0.000014,69,0.000007,0,1,1,0,1,1
27402830,,0,0.000014,69,0.000007,0,1,1,0,1,1
26170722,,0,0.007452,69,0.000007,0,3,3,0,3,3
25649242,,0,0.007786,279,0.000007,0,4,4,0,4,4
25205099,,0,0.000014,69,0.000007,0,1,1,0,1,1
24848074,,0,0.000017,69,0.000007,0,2,2,0,2,2
24777667,,0.0017,0.000048,69,0.000059,19,4,23,19,4,23
24700055,,0,0.000014,69,0.000007,0,1,1,0,1,1
24649174,,0,0.000021,69,0.000007,0,2,2,0,2,2
24086535,,0,0.000014,69,0.000007,0,1,1,0,1,1
22331493,,0,0.000255,69,0.000007,0,2,2,0,2,2
22074739,,0,0.000646,69,0.000007,0,3,3,0,3,3
20459745,,0,0.000014,69,0.000007,0,1,1,0,1,1
20332054,,0.000142,0.000045,69,0.000062,10,3,13,10,3,13
20200435,,0,0.000517,69,0.000007,0,3,3,0,3,3
18039564,,0,0.000014,69,0.000007,0,1,1,0,1,1
12619116,,0.001155,0,35,0.000047,15,0,15,15,0,15
23388826,,0,0.000022,35,0.000007,0,1,1,0,1,1
23045280,,0,0.00003,35,0.000007,0,2,2,0,2,2
21649464,,0,0.000022,35,0.000007,0,1,1,0,1,1
20183804,,0,0.000022,35,0.000007,0,1,1,0,1,1
19351845,,0,0.000103,35,0.000007,0,3,3,0,3,3
18556654,,0,0.000022,35,0.000007,0,1,1,0,1,1
12622420,,0.000238,0,205,0.00004,11,0,11,11,0,11
26361411,,0,0.000008,205,0.000007,0,2,2,0,2,2
26185420,,0,0.002014,205,0.000007,0,5,5,0,5,5
21098698,,0,0.000005,205,0.000007,0,1,1,0,1,1
19838857,,0,0.000005,205,0.000007,0,1,1,0,1,1
19690177,,0.000042,0.000243,205,0.000016,2,3,5,2,3,5
19460940,,0,0.000005,205,0.000007,0,1,1,0,1,1
12624724,,0.000473,0,89,0.000008,3,0,3,3,0,3
29671181,,0,0.000001,35,0.000007,0,1,1,0,1,1
12627501,,0.000069,0,35,0.000125,23,0,23,23,0,23
29513878,,0,0.000001,35,0.000007,0,1,1,0,1,1
29113371,,0,0.000001,35,0.000007,0,1,1,0,1,1
28599421,,0,0.00042,5,0.000007,0,6,6,0,6,6
27467055,,0,0.000001,35,0.000007,0,1,1,0,1,1
25499601,,0,0.000001,35,0.000007,0,1,1,0,1,1
24188377,,0.000016,0.000246,35,0.000041,8,3,11,8,3,11
23764995,,0,0.000001,35,0.000007,0,1,1,0,1,1
23238854,,0,0.000001,35,0.000007,0,1,1,0,1,1
23129166,,0,0.000001,35,0.000007,0,1,1,0,1,1
22928071,,0,0.000001,35,0.000007,0,1,1,0,1,1
22105149,,0,0.000001,35,0.000007,0,1,1,0,1,1
20699377,,0,0.000365,35,0.000007,0,2,2,0,2,2
18990757,,0,0.000001,35,0.000007,0,1,1,0,1,1
18580541,,0,0.000001,35,0.000007,0,1,1,0,1,1
17150001,,0,0.001868,35,0.000007,0,2,2,0,2,2
16965641,,0,0.000001,35,0.000007,0,1,1,0,1,1
15908197,,0,0.000001,35,0.000007,0,1,1,0,1,1
15900297,,0,0.000001,35,0.000007,0,1,1,0,1,1
15238982,,0,0.000002,35,0.000007,0,2,2,0,2,2
12632763,,0.000193,0,89,0.000008,1,0,1,1,0,1
29354130,,0,0.000038,111,0.000007,0,1,1,0,1,1
12637547,,0.001974,0,111,0.000141,29,0,29,29,0,29
27815505,,0,0.000038,111,0.000007,0,1,1,0,1,1
24066765,,0,0.000038,111,0.000007,0,1,1,0,1,1
22298639,,0,0.000038,111,0.000007,0,1,1,0,1,1
22128184,,0,0.000038,111,0.000007,0,1,1,0,1,1
21778330,,0,0.000038,111,0.000007,0,1,1,0,1,1
21562315,,0,0.000038,111,0.000007,0,1,1,0,1,1
21526717,,0,0.000038,111,0.000007,0,1,1,0,1,1
21461879,,0,0.000897,100,0.000007,0,5,5,0,5,5
19880524,,0,0.000038,111,0.000007,0,1,1,0,1,1
19205872,,0,0.000422,111,0.000007,0,2,2,0,2,2
15671023,,0,0.000038,111,0.000007,0,1,1,0,1,1
15572696,,0,0.000038,111,0.000007,0,1,1,0,1,1
14612405,,0,0.000038,111,0.000007,0,1,1,0,1,1
30245980,,0,0.00007,279,0.000007,0,1,1,0,1,1
29912393,,0,0.00007,279,0.000007,0,1,1,0,1,1
29636841,,0,0.00007,279,0.000007,0,1,1,0,1,1
29622687,,0,0.00007,279,0.000007,0,1,1,0,1,1
27723831,,0,0.000362,279,0.000007,0,3,3,0,3,3
27391431,,0,0.00007,279,0.000007,0,1,1,0,1,1
26980699,,0,0.000077,279,0.000007,0,4,4,0,4,4
26664135,,0,0.00007,279,0.000007,0,1,1,0,1,1
26527623,,0,0.000073,279,0.000007,0,3,3,0,3,3
24516594,,0,0.00007,279,0.000007,0,1,1,0,1,1
23671730,,0,0.00007,279,0.000007,0,1,1,0,1,1
23384558,,0,0.00007,279,0.000007,0,1,1,0,1,1
22745689,,0,0.00015,279,0.000007,0,2,2,0,2,2
22496788,,0,0.00007,279,0.000007,0,1,1,0,1,1
22363140,,0,0.00007,279,0.000007,0,1,1,0,1,1
21779448,,0,0.00007,279,0.000007,0,1,1,0,1,1
21487248,,0.014115,0.037928,1,0.000099,53,36,89,53,36,89
19848064,,0,0.00007,279,0.000007,0,1,1,0,1,1
18431461,,0,0.00007,279,0.000007,0,1,1,0,1,1
15713121,,0,0.000071,279,0.000007,0,2,2,0,2,2
12930952,,0,0.00007,279,0.000007,0,1,1,0,1,1
30281645,,0,0.000043,231,0.000007,0,3,3,0,3,3
12644538,,0.001598,0,231,0.000156,60,0,60,60,0,60
29728069,,0,0.00003,231,0.000007,0,1,1,0,1,1
28356847,,0,0.00003,231,0.000007,0,1,1,0,1,1
28338721,,0,0.00003,231,0.000007,0,1,1,0,1,1
27624283,,0,0.000045,231,0.000007,0,2,2,0,2,2
27091963,,0,0.00003,231,0.000007,0,1,1,0,1,1
26909793,,0,0.001467,5,0.000007,0,12,12,0,12,12
26883092,,0,0.000123,231,0.000007,0,3,3,0,3,3
26865042,,0,0.000034,5,0.000007,0,2,2,0,2,2
26029704,,0,0.000117,231,0.000007,0,3,3,0,3,3
25390939,,0,0.000058,72,0.000007,0,3,3,0,3,3
25114862,,0,0.002007,231,0.000007,0,3,3,0,3,3
23632205,,0,0.000041,231,0.000007,0,2,2,0,2,2
23331366,,0,0.00003,231,0.000007,0,1,1,0,1,1
21771852,,0,0.000031,5,0.000007,0,2,2,0,2,2
20877337,,0.000372,0.001919,231,0.000022,10,3,13,10,3,13
17117180,,0,0.00003,231,0.000007,0,1,1,0,1,1
16868544,,0,0.00003,231,0.000007,0,1,1,0,1,1
16861052,,0,0.000072,205,0.000007,0,3,3,0,3,3
12927030,,0,0.00003,231,0.000007,0,1,1,0,1,1
12644778,,0.000339,0,5,0.000041,14,0,14,14,0,14
24518188,,0,0.000006,5,0.000007,0,1,1,0,1,1
24091800,,0,0.000042,5,0.000007,0,4,4,0,4,4
22279593,,0,0.000006,5,0.000007,0,1,1,0,1,1
21731059,,0,0.000012,5,0.000007,0,2,2,0,2,2
19731127,,0,0.000011,5,0.000007,0,2,2,0,2,2
16808736,,0,0.000006,5,0.000007,0,1,1,0,1,1
29891880,,0,0.000099,5,0.000007,0,6,6,0,6,6
12644779,,0.000625,0,5,0.000032,12,0,12,12,0,12
29315417,,0,0.000028,205,0.000007,0,2,2,0,2,2
21555944,,0,0.001151,5,0.000007,0,4,4,0,4,4
21224735,,0.002376,0.000132,5,0.00005,29,4,33,29,4,33
12646176,,0.000116,0,87,0.000021,6,0,6,6,0,6
24534842,,0,0.000089,87,0.000007,0,3,3,0,3,3
23222713,,0,0.000176,1,0.000007,0,3,3,0,3,3
19601575,,0,0.000002,87,0.000007,0,1,1,0,1,1
12647291,,0.001998,0,1,0.00004,16,0,16,16,0,16
26227626,,0.000026,0.000386,90,0.000032,5,12,17,5,12,17
20025601,,0,0.000038,168,0.000007,0,2,2,0,2,2
12649099,,0.000358,0,5,0.000015,8,0,8,8,0,8
12649339,,0.000598,0,35,0.000081,14,0,14,14,0,14
26929050,,0,0.000011,35,0.000007,0,1,1,0,1,1
25079962,,0,0.000011,35,0.000007,0,1,1,0,1,1
24634851,,0,0.003209,35,0.000007,0,3,3,0,3,3
23923007,,0,0.000039,35,0.000007,0,2,2,0,2,2
23418450,,0,0.00004,35,0.000007,0,3,3,0,3,3
22283186,,0,0.000011,35,0.000007,0,1,1,0,1,1
21957977,,0,0.000251,35,0.000007,0,3,3,0,3,3
20307308,,0,0.000011,35,0.000007,0,1,1,0,1,1
17953745,,0,0.000199,35,0.000007,0,3,3,0,3,3
12649664,,0.000201,0,69,0.000014,6,0,6,6,0,6
25014991,,0,0.001739,69,0.000007,0,14,14,0,14,14
24294538,,0,0.000252,89,0.000007,0,3,3,0,3,3
12652521,,0.000232,0,89,0.000026,6,0,6,6,0,6
29764800,,0,0.000017,5,0.000007,0,1,1,0,1,1
12655495,,0.000888,0,5,0.000028,17,0,17,17,0,17
21267450,,0,0.000017,5,0.000007,0,1,1,0,1,1
12655515,,0.002679,0,35,0.000034,18,0,18,18,0,18
29109942,,0,0.000119,35,0.000007,0,5,5,0,5,5
16879731,,0,0.000058,35,0.000007,0,2,2,0,2,2
12655560,,0.000173,0,89,0.000008,2,0,2,2,0,2
12655567,,0.000482,0,89,0.000008,3,0,3,3,0,3
29051471,,0,0,231,0.000007,0,1,1,0,1,1
12666152,,0.00001,0,231,0.000035,6,0,6,6,0,6
29034866,,0,0,231,0.000007,0,1,1,0,1,1
28629908,,0,0.000175,231,0.000007,0,3,3,0,3,3
28458989,,0,0,231,0.000007,0,1,1,0,1,1
27541736,,0,0,231,0.000007,0,1,1,0,1,1
20030880,,0,0.000371,231,0.000007,0,3,3,0,3,3
30060743,,0,0.000328,100,0.000007,0,5,5,0,5,5
12668603,,0.004262,0,100,0.000126,44,0,44,44,0,44
28678827,,0,0.000096,100,0.000007,0,3,3,0,3,3
28228534,,0.000786,0.003268,100,0.000028,8,6,14,8,6,14
26053551,,0,0.000237,231,0.000007,0,2,2,0,2,2
25469311,,0,0.000081,100,0.000007,0,1,1,0,1,1
24335146,,0,0.000081,100,0.000007,0,1,1,0,1,1
20133707,,0,0.000081,100,0.000007,0,1,1,0,1,1
27035832,,0,0.000003,57,0.000007,0,1,1,0,1,1
12668615,,0.000164,0,57,0.000015,3,0,3,3,0,3
28679369,,0,0,205,0.000007,0,1,1,0,1,1
12670518,,0.000001,0,205,0.000183,30,0,30,30,0,30
28435395,,0,0,205,0.000007,0,1,1,0,1,1
27885308,,0,0,205,0.000007,0,1,1,0,1,1
27877219,,0,0,205,0.000007,0,1,1,0,1,1
27869496,,0,0,205,0.000007,0,1,1,0,1,1
26905587,,0,0,205,0.000007,0,1,1,0,1,1
26293241,,0,0,205,0.000007,0,1,1,0,1,1
26290642,,0,0,205,0.000007,0,1,1,0,1,1
24177032,,0,0,205,0.000007,0,1,1,0,1,1
24149173,,0,0,205,0.000007,0,1,1,0,1,1
22293850,,0,0,205,0.000007,0,1,1,0,1,1
22162236,,0,0,205,0.000007,0,1,1,0,1,1
21932502,,0,0,205,0.000007,0,1,1,0,1,1
21928247,,0,0,205,0.000007,0,1,1,0,1,1
21915615,,0,0,205,0.000007,0,1,1,0,1,1
21412497,,0,0,205,0.000007,0,1,1,0,1,1
21245997,,0,0,205,0.000007,0,1,1,0,1,1
20440279,,0,0,205,0.000007,0,1,1,0,1,1
19668798,,0,0,205,0.000007,0,1,1,0,1,1
19661368,,0,0,205,0.000007,0,1,1,0,1,1
19436234,,0,0,205,0.000007,0,1,1,0,1,1
19194662,,0,0,205,0.000007,0,1,1,0,1,1
19168153,,0,0,205,0.000007,0,1,1,0,1,1
18982147,,0,0,205,0.000007,0,1,1,0,1,1
18695761,,0,0,205,0.000007,0,1,1,0,1,1
16497872,,0,0,205,0.000007,0,1,1,0,1,1
15811832,,0,0,205,0.000007,0,1,1,0,1,1
15685231,,0,0,205,0.000007,0,1,1,0,1,1
14606096,,0,0,205,0.000007,0,1,1,0,1,1
12670888,,0.00469,0,89,0.000212,66,0,66,66,0,66
28893223,,0.000002,0.000232,231,0.000011,2,15,17,2,15,17
28243543,,0,0.00149,205,0.000007,0,26,26,0,26,26
27405981,,0,0.000089,89,0.000007,0,1,1,0,1,1
24860670,,0,0.000089,89,0.000007,0,1,1,0,1,1
24065110,,0,0.000089,89,0.000007,0,1,1,0,1,1
23430936,,0,0.000089,89,0.000007,0,1,1,0,1,1
20179207,,0,0.000089,89,0.000007,0,1,1,0,1,1
19926850,,0,0.000089,89,0.000007,0,1,1,0,1,1
19725989,,0,0.000089,89,0.000007,0,1,1,0,1,1
18756040,,0,0.000089,89,0.000007,0,1,1,0,1,1
18055911,,0,0.000089,89,0.000007,0,1,1,0,1,1
16980415,,0,0.000089,89,0.000007,0,1,1,0,1,1
15471544,,0,0.00009,279,0.000007,0,2,2,0,2,2
29909963,,0,0.000141,5,0.000007,0,4,4,0,4,4
12672316,,0.002558,0,5,0.000092,36,0,36,36,0,36
29742882,,0,0.000068,205,0.000007,0,4,4,0,4,4
29324801,,0,0.000237,5,0.000007,0,5,5,0,5,5
29039119,,0,0.000173,205,0.000007,0,8,8,0,8,8
28091804,,0,0.000058,5,0.000007,0,3,3,0,3,3
26818906,,0,0.000051,5,0.000007,0,2,2,0,2,2
24830819,,0.001027,0.005096,205,0.000053,23,9,32,23,9,32
24706938,,0,0.000049,5,0.000007,0,1,1,0,1,1
23580068,,0,0.000092,5,0.000007,0,5,5,0,5,5
23570263,,0,0.000159,231,0.000007,0,3,3,0,3,3
22672556,,0,0.000343,89,0.000007,0,6,6,0,6,6
21946351,,0,0.000049,5,0.000007,0,1,1,0,1,1
20098570,,0,0.000049,5,0.000007,0,1,1,0,1,1
16155191,,0,0.000049,5,0.000007,0,1,1,0,1,1
29340884,,0,0.000059,5,0.000007,0,3,3,0,3,3
29094272,,0,0.000018,5,0.000007,0,4,4,0,4,4
27866366,,0,0.00001,5,0.000007,0,1,1,0,1,1
27148542,,0,0.000043,5,0.000007,0,3,3,0,3,3
27059184,,0,0.000055,5,0.000007,0,3,3,0,3,3
26507777,,0,0.000036,5,0.000007,0,3,3,0,3,3
26264439,,0,0.000012,5,0.000007,0,2,2,0,2,2
25400212,,0,0.00001,5,0.000007,0,1,1,0,1,1
24885495,,0,0.00001,5,0.000007,0,1,1,0,1,1
23632793,,0,0.000018,5,0.000007,0,2,2,0,2,2
22109877,,0,0.00001,5,0.000007,0,1,1,0,1,1
20648056,,0,0.000094,5,0.000007,0,8,8,0,8,8
19876767,,0,0.000146,5,0.000007,0,3,3,0,3,3
19850180,,0,0.000025,5,0.000007,0,3,3,0,3,3
17947617,,0,0.00001,5,0.000007,0,1,1,0,1,1
17943424,,0,0.00001,5,0.000007,0,1,1,0,1,1
12673274,,0.000035,0,89,0.000008,1,0,1,1,0,1
12673366,,0.000481,0,231,0.000023,12,0,12,12,0,12
26170857,,0,0.000009,231,0.000007,0,1,1,0,1,1
21104022,,0,0.000199,231,0.000007,0,2,2,0,2,2
28827535,,0,0.000062,5,0.000007,0,3,3,0,3,3
12673648,,0.002096,0,5,0.000068,41,0,41,41,0,41
24763292,,0,0.00004,5,0.000007,0,1,1,0,1,1
24715835,,0,0.002918,5,0.000007,0,10,10,0,10,10
23114841,,0,0.00004,5,0.000007,0,1,1,0,1,1
18687790,,0,0.000113,5,0.000007,0,3,3,0,3,3
12673801,,0.001956,0,89,0.000017,15,0,15,15,0,15
26083025,,0.000667,0.007701,89,0.00001,4,37,41,4,37,41
14716824,,0,0,88,0.000007,0,1,1,0,1,1
12674901,,0,0,88,0.000013,1,0,1,1,0,1
12676907,,0.00031,0,231,0.000027,10,0,10,10,0,10
26034701,,0,0.000065,231,0.000007,0,10,10,0,10,10
25248401,,0,0.0002,5,0.000007,0,4,4,0,4,4
20520810,,0,0.000006,231,0.000007,0,1,1,0,1,1
18781154,,0.000125,0.000505,231,0.000013,4,5,9,4,5,9
16258005,,0,0.000006,231,0.000007,0,1,1,0,1,1
30371347,,0,0.002181,5,0.000007,0,6,6,0,6,6
30344835,,0,0.002078,1,0.000007,0,2,2,0,2,2
30290054,,0,0.001867,5,0.000007,0,1,1,0,1,1
30156052,,0,0.002094,5,0.000007,0,11,11,0,11,11
30049195,,0,0.001867,5,0.000007,0,1,1,0,1,1
29977456,,0,0.0019,205,0.000007,0,3,3,0,3,3
29797793,,0,0.002034,1,0.000007,1,4,5,1,4,5
29653920,,0.000002,0.002274,5,0.000008,1,16,17,1,16,17
29464354,,0.000537,0.062673,1,0.000015,6,64,70,6,64,70
29435563,,0,0.001871,198,0.000007,0,2,2,0,2,2
29401305,,0,0.003564,5,0.000007,0,8,8,0,8,8
29400552,,0,0.001886,5,0.000007,0,2,2,0,2,2
29371908,,0.000017,0.004152,5,0.000007,1,15,16,1,15,16
29311658,,0,0.004767,5,0.000007,0,9,9,0,9,9
29301572,,0,0.001867,5,0.000007,0,1,1,0,1,1
29294048,,0,0.003175,1,0.000007,0,9,9,0,9,9
29285044,,0,0.002107,5,0.000007,0,4,4,0,4,4
29270046,,0,0.002161,5,0.000007,0,25,25,0,25,25
29262565,,0,0.003029,5,0.000007,0,6,6,0,6,6
29258857,,0,0.002977,5,0.000007,0,4,4,0,4,4
29255348,,0,0.010037,5,0.000007,0,4,4,0,4,4
29201868,,0,0.00192,5,0.000007,0,2,2,0,2,2
29150481,,0,0.00363,5,0.000007,0,4,4,0,4,4
29052111,,0,0.002002,100,0.000007,0,7,7,0,7,7
29044548,,0,0.003041,5,0.000007,0,3,3,0,3,3
28931403,,0,0.001885,5,0.000007,0,5,5,0,5,5
28693174,,0,0.001941,184,0.000013,1,4,5,1,4,5
28665051,,0.000042,0.019939,1,0.00001,3,14,17,3,14,17
28638793,,0,0.001973,184,0.000007,0,7,7,0,7,7
28612125,,0,0.003044,5,0.000007,0,6,6,0,6,6
28454587,,0,0.021271,1,0.000007,0,15,15,0,15,15
28419251,,0.000058,0.003847,5,0.000008,1,10,11,1,10,11
28406427,,0,0.002178,5,0.000007,0,5,5,0,5,5
28402748,,0,0.00354,5,0.000007,0,14,14,0,14,14
28283652,,0.000653,0.002978,140,0.000019,5,17,22,5,17,22
28233473,,0,0.002405,231,0.000007,0,6,6,0,6,6
28132390,,0,0.001975,5,0.000007,0,5,5,0,5,5
28060958,,0.000007,0.002013,5,0.000009,1,4,5,1,4,5
27966054,,0,0.00316,5,0.000007,0,9,9,0,9,9
27803593,,0.000136,0.011883,35,0.000007,1,20,21,1,20,21
27796716,,0,0.00441,231,0.000007,0,15,15,0,15,15
27686855,,0,0.012254,1,0.000007,0,6,6,0,6,6
27643881,,0.000073,0.009092,1,0.000016,5,16,21,5,16,21
27496222,,0,0.00192,5,0.000007,0,2,2,0,2,2
27478869,,0,0.001867,5,0.000007,0,1,1,0,1,1
27463617,,0,0.003268,231,0.000009,1,11,12,1,11,12
27417623,,0,0.003296,5,0.000007,0,21,21,0,21,21
27417594,,0,0.005174,5,0.000007,0,9,9,0,9,9
27406733,,0.002559,0.008063,5,0.000021,17,25,42,17,25,42
27317574,,0.000342,0.025743,1,0.000017,5,13,18,5,13,18
27296296,,0,0.004717,205,0.000007,0,25,25,0,25,25
27282546,,0,0.001951,89,0.000007,0,2,2,0,2,2
27261275,,0,0.001879,41,0.000007,0,5,5,0,5,5
27257824,,0,0.011264,5,0.000007,0,13,13,0,13,13
27099272,,0,0.003357,5,0.000007,0,10,10,0,10,10
27013479,,0,0.002089,1,0.000007,0,2,2,0,2,2
27008870,,0,0.002494,140,0.000007,0,16,16,0,16,16
26941959,,0,0.001867,5,0.000007,0,1,1,0,1,1
26941449,,0,0.034076,1,0.000007,0,22,22,0,22,22
26922077,,0.000644,0.010679,5,0.000014,4,14,18,4,14,18
26629501,,0,0.002838,69,0.000007,0,5,5,0,5,5
26628872,,0,0.002396,5,0.000007,0,10,10,0,10,10
26585765,,0,0.001947,1,0.000007,0,2,2,0,2,2
26534844,,0.000518,0.003015,205,0.000011,9,10,19,9,10,19
26528110,,0,0.002455,5,0.000007,0,8,8,0,8,8
26520360,,0,0.001867,5,0.000007,0,1,1,0,1,1
26430151,,0,0.003369,5,0.000007,0,4,4,0,4,4
26233224,,0,0.001867,5,0.000007,0,1,1,0,1,1
26097557,,0.000049,0.002412,5,0.000021,5,5,10,5,5,10
26000714,,0,0.004179,5,0.000007,0,16,16,0,16,16
25752479,,0,0.001894,231,0.000007,0,3,3,0,3,3
25750544,,0.005806,0.047994,1,0.000053,32,27,59,32,27,59
25708717,,0,0.001867,5,0.000007,0,1,1,0,1,1
25678824,,0,0.043445,1,0.000007,0,17,17,0,17,17
25648828,,0,0.003407,5,0.000007,0,5,5,0,5,5
25536192,,0,0.001867,5,0.000007,0,1,1,0,1,1
25525466,,0,0.001867,5,0.000007,0,1,1,0,1,1
25514409,,0,0.001869,231,0.000007,0,2,2,0,2,2
25391615,,0,0.001916,5,0.000007,0,4,4,0,4,4
25374063,,0,0.003637,24,0.000019,2,4,6,2,4,6
25162013,,0,0.001867,5,0.000007,0,1,1,0,1,1
25137022,,0,0.002422,5,0.000007,0,13,13,0,13,13
24891549,,0.000442,0.003527,5,0.000014,6,10,16,6,10,16
24735105,,0,0.001954,5,0.000007,0,8,8,0,8,8
24698998,,0.001287,0.012046,231,0.000038,13,15,28,13,15,28
24519767,,0.00199,0.004304,5,0.000039,32,14,46,32,14,46
23922822,,0,0.002151,231,0.000007,0,7,7,0,7,7
23695013,,0,0.001867,5,0.000007,0,1,1,0,1,1
23544013,,0.006797,0.003839,231,0.000165,89,20,109,89,20,109
23472070,,0,0.001867,5,0.000007,0,1,1,0,1,1
23036981,,0,0.001917,5,0.000007,0,3,3,0,3,3
22910930,,0,0.001977,89,0.000007,0,4,4,0,4,4
22866004,,0,0.001867,5,0.000007,0,1,1,0,1,1
22698908,,0,0.001903,89,0.000007,0,2,2,0,2,2
22588560,,0.001275,0.003735,5,0.000024,19,15,34,19,15,34
22333603,,0.004926,0.013865,35,0.000067,35,16,51,35,16,51
22276018,,0,0.001867,5,0.000007,0,1,1,0,1,1
22210863,,0.000151,0.001937,69,0.000084,14,3,17,14,3,17
21509758,,0.00105,0.001867,184,0.000051,18,1,19,18,1,19
21459759,,0,0.002054,231,0.000007,0,2,2,0,2,2
21326245,,0,0.00206,5,0.000007,0,5,5,0,5,5
21218854,,0,0.001867,5,0.000007,0,1,1,0,1,1
21118973,,0.005487,0.003437,231,0.00015,59,10,69,59,10,69
20978178,,0.000763,0.002511,231,0.000039,15,9,24,15,9,24
20683447,,0,0.002049,231,0.000007,0,2,2,0,2,2
20541936,,0.000214,0.002198,5,0.000028,5,6,11,5,6,11
20458532,,0.000611,0.002225,5,0.000013,11,8,19,11,8,19
20226239,,0,0.001867,5,0.000007,0,1,1,0,1,1
20158306,,0,0.001953,231,0.000007,0,3,3,0,3,3
20122277,,0.004336,0.003155,100,0.000036,39,10,49,39,10,49
19921428,,0.00045,0.002512,231,0.000013,2,7,9,2,7,9
19622357,,0,0.001867,5,0.000007,0,1,1,0,1,1
19577280,,0.000775,0.004372,5,0.00001,4,8,12,4,8,12
18381459,,0,0.001867,5,0.000007,0,1,1,0,1,1
17529973,,0,0.002414,5,0.000007,0,2,2,0,2,2
12680164,,0.000017,0,1,0.000008,1,0,1,1,0,1
28860646,,0,0,35,0.000007,0,1,1,0,1,1
12680165,,0.000023,0,35,0.000056,10,0,10,10,0,10
28376416,,0,0,35,0.000007,0,1,1,0,1,1
26989360,,0,0,35,0.000007,0,1,1,0,1,1
25878190,,0,0.000467,35,0.000007,0,2,2,0,2,2
24499560,,0,0.000532,35,0.000007,0,3,3,0,3,3
23738706,,0,0,35,0.000007,0,1,1,0,1,1
20879052,,0,0.000188,35,0.000007,0,3,3,0,3,3
16642558,,0,0,35,0.000007,0,1,1,0,1,1
16311351,,0,0,35,0.000007,0,1,1,0,1,1
15976335,,0,0,35,0.000007,0,1,1,0,1,1
12682913,,0.00049,0,35,0.000016,3,0,3,3,0,3
16896013,,0,0.000009,35,0.000007,0,1,1,0,1,1
12684687,,0.007769,0,1,0.000093,28,0,28,28,0,28
27058666,,0,0.000156,1,0.000007,0,2,2,0,2,2
26753006,,0,0.000154,1,0.000007,0,2,2,0,2,2
25379022,,0,0.000167,66,0.000007,0,2,2,0,2,2
23028879,,0,0.000506,2,0.000007,0,3,3,0,3,3
19416980,,0,0.000148,1,0.000007,0,1,1,0,1,1
16891172,,0,0.000148,1,0.000007,0,1,1,0,1,1
12691152,,0.000055,0,89,0.000012,1,0,1,1,0,1
12691311,,0.000177,0,24,0.000007,1,0,1,1,0,1
27017506,,0,0.000003,5,0.000007,0,4,4,0,4,4
12692106,,0.000058,0,5,0.000027,8,0,8,8,0,8
23320029,,0,0.000003,5,0.000007,0,3,3,0,3,3
21651825,,0,0.000002,5,0.000007,0,2,2,0,2,2
30255556,,0,0.000521,100,0.000007,0,1,1,0,1,1
12692539,,0.027323,0,100,0.000301,143,0,143,143,0,143
30254278,,0,0.019819,24,0.000007,0,10,10,0,10,10
29255221,,0,0.003448,324,0.000019,2,5,7,2,5,7
29215575,,0,0.001048,1,0.000007,0,4,4,0,4,4
29050241,,0,0.001698,1,0.000007,0,10,10,0,10,10
29048400,,0,0.001786,100,0.000007,0,7,7,0,7,7
28198450,,0,0.000533,279,0.000007,0,4,4,0,4,4
27998970,,0,0.00065,1,0.000007,0,3,3,0,3,3
27834954,,0,0.00831,100,0.000007,0,5,5,0,5,5
27821802,,0,0.001972,1,0.000007,0,4,4,0,4,4
27347118,,0,0.001011,1,0.000007,0,9,9,0,9,9
27308587,,0,0.058046,1,0.000007,0,66,66,0,66,66
27186434,,0,0.006046,1,0.000007,0,15,15,0,15,15
27142977,,0,0.008664,100,0.000007,0,5,5,0,5,5
27004405,,0,0.009905,1,0.000007,0,7,7,0,7,7
26962873,,0,0.001433,100,0.000007,0,7,7,0,7,7
26466379,,0,0.000817,100,0.000007,0,3,3,0,3,3
26457241,,0,0.000521,100,0.000007,0,1,1,0,1,1
25621286,,0,0.000597,100,0.000007,0,6,6,0,6,6
25486910,,0,0.000525,279,0.000007,0,2,2,0,2,2
25285241,,0.000113,0.008954,90,0.000049,12,11,23,12,11,23
25222296,,0,0.000521,100,0.000007,0,1,1,0,1,1
25026298,,0.006046,0.011572,1,0.00008,31,18,49,31,18,49
24970153,,0.00125,0.025529,1,0.00001,3,14,17,3,14,17
24782983,,0,0.001157,1,0.000007,0,7,7,0,7,7
24748501,,0,0.000622,1,0.000007,0,2,2,0,2,2
24240112,,0.041166,0.024421,1,0.000081,107,18,125,107,18,125
23907406,,0,0.001547,1,0.000007,0,4,4,0,4,4
23761438,,0,0.000521,100,0.000007,0,1,1,0,1,1
23544004,,0,0.000636,69,0.000007,0,2,2,0,2,2
22487682,,0,0.000521,100,0.000007,0,1,1,0,1,1
22248469,,0,0.000521,100,0.000007,0,1,1,0,1,1
22219386,,0,0.001229,100,0.000007,0,8,8,0,8,8
22216282,,0,0.000521,100,0.000007,0,1,1,0,1,1
22158865,,0,0.009347,1,0.000007,0,2,2,0,2,2
21789144,,0,0.001872,1,0.000007,0,4,4,0,4,4
21775533,,0,0.000526,24,0.000007,0,2,2,0,2,2
21357694,,0,0.000521,100,0.000007,0,1,1,0,1,1
21173787,,0,0.000521,100,0.000007,0,1,1,0,1,1
20495664,,0,0.000525,279,0.000007,0,2,2,0,2,2
20215521,,0,0.000521,100,0.000007,0,1,1,0,1,1
19596646,,0.007672,0.017497,35,0.000443,135,11,146,135,11,146
19509173,,0,0.00053,279,0.000007,0,2,2,0,2,2
12692658,,0.000073,0,5,0.000021,7,0,7,7,0,7
27555795,,0,0.000034,5,0.000007,0,2,2,0,2,2
23703702,,0,0.000033,5,0.000007,0,2,2,0,2,2
23169493,,0,0.000405,5,0.000007,0,6,6,0,6,6
20065305,,0,0.000005,5,0.000007,0,2,2,0,2,2
25481507,,0,0.000085,100,0.000007,0,3,3,0,3,3
18349820,,0,0.000009,100,0.000007,0,1,1,0,1,1
12888829,,0,0.000009,100,0.000007,0,1,1,0,1,1
28630419,,0,0.000406,1,0.000007,0,1,1,0,1,1
28423353,,0,0.000406,1,0.000007,0,1,1,0,1,1
28150812,,0,0.000406,1,0.000007,0,1,1,0,1,1
27304055,,0,0.001338,24,0.000007,0,5,5,0,5,5
27257965,,0.000229,0.023677,89,0.000014,4,31,35,4,31,35
27100284,,0,0.000406,1,0.000007,0,1,1,0,1,1
26981525,,0,0.000489,1,0.000007,0,3,3,0,3,3
26941034,,0,0.000406,1,0.000007,0,1,1,0,1,1
26900348,,0.000001,0.001565,24,0.000056,10,7,17,10,7,17
26842588,,0,0.000462,1,0.000007,0,2,2,0,2,2
26838463,,0,0.000406,1,0.000007,0,1,1,0,1,1
26824188,,0,0.002151,231,0.000007,0,4,4,0,4,4
26466918,,0,0.005169,1,0.000007,0,6,6,0,6,6
26015868,,0.002127,0.02462,1,0.000019,9,15,24,9,15,24
24657936,,0,0.000456,24,0.000007,0,2,2,0,2,2
24527094,,0,0.002173,1,0.000007,0,4,4,0,4,4
22807937,,0,0.005149,1,0.000007,0,6,6,0,6,6
22792399,,0.000215,0.000817,24,0.000123,26,3,29,26,3,29
21252285,,0,0.001262,1,0.000007,0,4,4,0,4,4
21127199,,0,0.00091,1,0.000007,0,3,3,0,3,3
20579400,,0,0.000433,1,0.000007,0,2,2,0,2,2
17446929,,0.006306,0.006869,1,0.000456,102,6,108,102,6,108
12700125,,0.000005,0,57,0.000174,2,0,2,2,0,2
12700174,,0.002754,0,89,0.000062,32,0,32,32,0,32
25657065,,0,0.00011,89,0.000007,0,6,6,0,6,6
19710401,,0,0.000053,89,0.000007,0,1,1,0,1,1
12700228,,0.00143,0,100,0.000068,19,0,19,19,0,19
27736973,,0,0.000035,100,0.000007,0,2,2,0,2,2
23178493,,0,0.000027,100,0.000007,0,1,1,0,1,1
21226955,,0,0.000027,100,0.000007,0,1,1,0,1,1
21170083,,0,0.000027,100,0.000007,0,1,1,0,1,1
20667985,,0,0.000027,100,0.000007,0,1,1,0,1,1
16423054,,0,0.000027,100,0.000007,0,1,1,0,1,1
16200195,,0,0.000027,100,0.000007,0,1,1,0,1,1
12704633,,0.001063,0,5,0.000045,27,0,27,27,0,27
24927802,,0,0.00002,5,0.000007,0,1,1,0,1,1
24355094,,0,0.000181,5,0.000007,0,12,12,0,12,12
23340514,,0,0.000136,5,0.000007,0,8,8,0,8,8
12704636,,0.00022,0,5,0.000009,4,0,4,4,0,4
12706836,,0.00143,0,90,0.000074,26,0,26,26,0,26
29169312,,0,0.000027,90,0.000007,0,1,1,0,1,1
27899659,,0,0.000043,140,0.000007,0,3,3,0,3,3
25964777,,0,0.001724,90,0.000007,0,9,9,0,9,9
25743390,,0,0.000094,90,0.000007,0,7,7,0,7,7
24281069,,0,0.000072,90,0.000007,0,3,3,0,3,3
22826432,,0,0.000664,90,0.000007,0,2,2,0,2,2
18769160,,0,0.000333,90,0.000007,0,2,2,0,2,2
15914670,,0,0.000027,90,0.000007,0,1,1,0,1,1
26140447,,0,0.000037,5,0.000007,0,3,3,0,3,3
12707957,,0.000002,0,5,0.000011,2,0,2,2,0,2
12708108,,0.000114,0,89,0.000008,2,0,2,2,0,2
12712461,,0.000096,0,1,0.000009,2,0,2,2,0,2
12712467,,0.000325,0,231,0.000027,8,0,8,8,0,8
23039364,,0,0.00002,231,0.000007,0,6,6,0,6,6
15217512,,0,0.000006,231,0.000007,0,1,1,0,1,1
30151275,,0,0.002104,1,0.000007,0,8,8,0,8,8
12712470,,0.044178,0,1,0.000235,121,0,121,121,0,121
30055028,,0,0.001618,1,0.000007,0,2,2,0,2,2
27191893,,0,0.020668,1,0.000007,0,23,23,0,23,23
26747452,,0,0.002358,231,0.000007,0,8,8,0,8,8
26380555,,0,0.009139,1,0.000007,0,7,7,0,7,7
26191270,,0,0.001728,72,0.000007,0,4,4,0,4,4
25823848,,0.000326,0.00584,1,0.000023,6,9,15,6,9,15
25557169,,0,0.009552,1,0.000007,0,6,6,0,6,6
24836647,,0,0.001823,1,0.000007,0,4,4,0,4,4
22505474,,0,0.015388,1,0.000007,0,10,10,0,10,10
21543942,,0,0.00264,1,0.000007,0,5,5,0,5,5
29673111,,0,0.000002,5,0.000007,0,1,1,0,1,1
12716036,,0.000127,0,5,0.000095,20,0,20,20,0,20
27446434,,0,0.000005,5,0.000007,0,3,3,0,3,3
26012645,,0,0.000002,5,0.000007,0,1,1,0,1,1
25483625,,0,0.000002,5,0.000007,0,1,1,0,1,1
25057437,,0,0.000103,5,0.000007,0,4,4,0,4,4
24149174,,0,0.000013,5,0.000007,0,2,2,0,2,2
24083624,,0,0.000002,5,0.000007,0,1,1,0,1,1
23099438,,0,0.000002,5,0.000007,0,1,1,0,1,1
22907529,,0,0.000018,5,0.000007,0,2,2,0,2,2
22773826,,0,0.000142,5,0.000007,0,3,3,0,3,3
20799514,,0,0.000002,5,0.000007,0,1,1,0,1,1
19843668,,0,0.000093,5,0.000007,0,2,2,0,2,2
19188684,,0,0.000002,5,0.000007,0,1,1,0,1,1
18704721,,0,0.000002,5,0.000007,0,1,1,0,1,1
18586095,,0,0.000002,5,0.000007,0,1,1,0,1,1
18425393,,0,0.000005,231,0.000007,0,3,3,0,3,3
17077391,,0,0.000002,5,0.000007,0,1,1,0,1,1
16752222,,0,0.000002,5,0.000007,0,1,1,0,1,1
30123410,,0,0.000001,89,0.000007,0,4,4,0,4,4
12717301,,0.000016,0,89,0.000023,3,0,3,3,0,3
12717416,,0.006289,0,1,0.000033,21,0,21,21,0,21
20233878,,0,0.00012,1,0.000007,0,1,1,0,1,1
16283945,,0,0,91,0.000007,0,1,1,0,1,1
12718602,,0,0,91,0.000013,1,0,1,1,0,1
12721241,,0.002201,0,5,0.000025,25,0,25,25,0,25
26273195,,0,0.000349,90,0.000007,0,5,5,0,5,5
23448362,,0,0.000452,5,0.000007,0,5,5,0,5,5
23095764,,0,0.000316,5,0.000007,0,11,11,0,11,11
29422345,,0,0,241,0.000007,0,1,1,0,1,1
12725884,,0.000009,0,241,0.000135,23,0,23,23,0,23
29063981,,0,0,241,0.000007,0,1,1,0,1,1
28919300,,0,0,241,0.000007,0,1,1,0,1,1
27990091,,0,0.000009,241,0.000007,0,2,2,0,2,2
27326260,,0,0,241,0.000007,0,1,1,0,1,1
27020054,,0,0,241,0.000007,0,1,1,0,1,1
26472026,,0,0,241,0.000007,0,1,1,0,1,1
26109908,,0,0,241,0.000007,0,1,1,0,1,1
26016855,,0,0,241,0.000007,0,1,1,0,1,1
25118694,,0,0,241,0.000007,0,1,1,0,1,1
23975947,,0,0,241,0.000007,0,1,1,0,1,1
23833125,,0,0,241,0.000007,0,1,1,0,1,1
22540021,,0,0,241,0.000007,0,1,1,0,1,1
21660955,,0,0,241,0.000007,0,1,1,0,1,1
21199873,,0,0,241,0.000007,0,1,1,0,1,1
20377474,,0,0,241,0.000007,0,1,1,0,1,1
20060890,,0,0.000365,241,0.000007,0,2,2,0,2,2
19728082,,0,0,241,0.000007,0,1,1,0,1,1
17674197,,0,0,241,0.000007,0,1,1,0,1,1
17372235,,0,0,241,0.000007,0,1,1,0,1,1
16702387,,0,0,241,0.000007,0,1,1,0,1,1
14760377,,0,0,241,0.000007,0,1,1,0,1,1
28222775,,0,0.000063,279,0.000007,0,5,5,0,5,5
12727813,,0.000396,0,279,0.000025,9,0,9,9,0,9
26370119,,0,0.000036,279,0.000007,0,3,3,0,3,3
21812955,,0,0.00002,279,0.000007,0,2,2,0,2,2
17764565,,0,0.000185,279,0.000007,0,4,4,0,4,4
28827147,,0,0.000185,100,0.000007,0,1,1,0,1,1
28553961,,0,0.000185,100,0.000007,0,1,1,0,1,1
28552575,,0,0.000185,100,0.000007,0,1,1,0,1,1
28100770,,0,0.000319,100,0.000007,0,2,2,0,2,2
27312108,,0,0.000185,100,0.000007,0,1,1,0,1,1
27002219,,0,0.000209,90,0.000007,0,2,2,0,2,2
26475854,,0,0.000209,90,0.000007,0,2,2,0,2,2
25436519,,0,0.000276,100,0.000007,0,3,3,0,3,3
25428789,,0.001091,0.0146,5,0.000027,20,20,40,20,20,40
25422456,,0,0.003117,100,0.000007,0,7,7,0,7,7
25327252,,0,0.000244,100,0.000007,0,3,3,0,3,3
24393003,,0,0.000185,100,0.000007,0,1,1,0,1,1
24174529,,0,0.000185,100,0.000007,0,1,1,0,1,1
23665230,,0,0.000209,90,0.000007,0,2,2,0,2,2
23509263,,0,0.000424,100,0.000007,0,3,3,0,3,3
23358974,,0,0.000231,48,0.000007,0,3,3,0,3,3
22863777,,0,0.000517,100,0.000007,0,4,4,0,4,4
22551455,,0,0.000209,90,0.000007,0,2,2,0,2,2
22507528,,0,0.000185,48,0.000007,0,2,2,0,2,2
22494569,,0,0.002207,100,0.000007,0,6,6,0,6,6
22438555,,0,0.0003,140,0.000007,0,2,2,0,2,2
22420831,,0,0.000185,100,0.000007,0,1,1,0,1,1
22291198,,0,0.000185,100,0.000007,0,1,1,0,1,1
22266821,,0,0.000207,100,0.000007,0,2,2,0,2,2
22158902,,0,0.000185,100,0.000007,0,1,1,0,1,1
22149024,,0,0.000185,100,0.000007,0,1,1,0,1,1
21965653,,0,0.000209,90,0.000007,0,2,2,0,2,2
21911360,,0,0.000741,100,0.000007,0,3,3,0,3,3
21862588,,0,0.000185,100,0.000007,0,1,1,0,1,1
21685362,,0,0.000185,100,0.000007,0,1,1,0,1,1
21532592,,0,0.000185,100,0.000007,0,1,1,0,1,1
21453497,,0,0.000209,90,0.000007,0,2,2,0,2,2
21393245,,0,0.000207,100,0.000007,0,2,2,0,2,2
21357418,,0,0.000209,90,0.000007,0,2,2,0,2,2
21226485,,0,0.000209,90,0.000007,0,2,2,0,2,2
20566674,,0,0.000185,100,0.000007,0,1,1,0,1,1
20483773,,0,0.000185,100,0.000007,0,1,1,0,1,1
20357004,,0,0.000185,100,0.000007,0,1,1,0,1,1
20181957,,0,0.000185,100,0.000007,0,1,1,0,1,1
20133640,,0,0.000209,90,0.000007,0,2,2,0,2,2
19956605,,0,0.000278,100,0.000007,0,5,5,0,5,5
19740377,,0,0.000185,100,0.000007,0,1,1,0,1,1
19648119,,0,0.000185,100,0.000007,0,1,1,0,1,1
19560420,,0,0.000209,90,0.000007,0,2,2,0,2,2
19536136,,0,0.00275,100,0.000007,0,6,6,0,6,6
19250909,,0,0.000185,100,0.000007,0,1,1,0,1,1
18946090,,0,0.000185,100,0.000007,0,1,1,0,1,1
16341092,,0,0.000185,100,0.000007,0,1,1,0,1,1
15659549,,0,0.000185,100,0.000007,0,1,1,0,1,1
15644464,,0,0.000823,100,0.000007,0,2,2,0,2,2
15331761,,0,0.000185,100,0.000007,0,1,1,0,1,1
30281663,,0,0.00155,1,0.000007,0,7,7,0,7,7
12740921,,0.000183,0,1,0.000014,5,0,5,5,0,5
30069056,,0,0.001396,1,0.000007,0,7,7,0,7,7
30309964,,0,0.000018,279,0.000007,0,1,1,0,1,1
30086790,,0,0.000018,279,0.000007,0,1,1,0,1,1
26293996,,0,0.000018,279,0.000007,0,1,1,0,1,1
26261610,,0,0.000018,279,0.000007,0,1,1,0,1,1
25493445,,0,0.000018,279,0.000007,0,1,1,0,1,1
25361975,,0,0.000018,279,0.000007,0,1,1,0,1,1
25290763,,0,0.000018,279,0.000007,0,1,1,0,1,1
25268038,,0,0.000018,279,0.000007,0,1,1,0,1,1
23585479,,0,0.000018,279,0.000007,0,1,1,0,1,1
23173782,,0,0.000018,279,0.000007,0,1,1,0,1,1
22144681,,0,0.000018,279,0.000007,0,2,2,0,2,2
21976648,,0,0.000018,279,0.000007,0,1,1,0,1,1
19284986,,0,0.000018,279,0.000007,0,1,1,0,1,1
18453338,,0,0.000018,279,0.000007,0,1,1,0,1,1
12750242,,0.000466,0,231,0.000025,9,0,9,9,0,9
12750261,,0.000053,0,69,0.000025,6,0,6,6,0,6
21540640,,0,0.000001,69,0.000007,0,1,1,0,1,1
20087430,,0,0.000001,69,0.000007,0,1,1,0,1,1
12750264,,0.001544,0,57,0.000079,31,0,31,31,0,31
26842001,,0,0.000959,100,0.000007,0,8,8,0,8,8
25569644,,0,0.000053,57,0.000007,0,2,2,0,2,2
25360583,,0.000003,0.000845,57,0.000014,2,11,13,2,11,13
24454913,,0,0.000029,57,0.000007,0,1,1,0,1,1
22224172,,0,0.00032,57,0.000007,0,2,2,0,2,2
21310298,,0,0.000029,57,0.000007,0,1,1,0,1,1
20808786,,0,0.000092,57,0.000007,0,2,2,0,2,2
20193758,,0,0.000334,57,0.000007,0,3,3,0,3,3
19223975,,0,0.000197,100,0.000007,0,5,5,0,5,5
18773976,,0,0.00032,57,0.000007,0,2,2,0,2,2
18768505,,0,0.000029,57,0.000007,0,1,1,0,1,1
17187679,,0,0.000081,87,0.000007,0,2,2,0,2,2
17127214,,0,0.000029,198,0.000007,0,2,2,0,2,2
30118998,,0,0.000008,184,0.000007,0,1,1,0,1,1
12750284,,0.000432,0,184,0.000196,42,0,42,42,0,42
29113290,,0,0.000008,184,0.000007,0,1,1,0,1,1
28792463,,0,0.000008,184,0.000007,0,1,1,0,1,1
28792435,,0,0.000044,184,0.000007,0,2,2,0,2,2
28425984,,0,0.000008,184,0.000007,0,1,1,0,1,1
28366536,,0,0.000008,184,0.000007,0,1,1,0,1,1
26832416,,0,0.000008,184,0.000007,0,1,1,0,1,1
25852739,,0,0.000551,100,0.000007,0,3,3,0,3,3
24531712,,0,0.000008,184,0.000007,0,1,1,0,1,1
24019396,,0,0.000028,184,0.000007,0,3,3,0,3,3
23627586,,0,0.000008,184,0.000007,0,1,1,0,1,1
23444137,,0,0.000012,184,0.000007,0,2,2,0,2,2
23050049,,0,0.000008,184,0.000007,0,1,1,0,1,1
22925423,,0,0.000008,184,0.000007,0,1,1,0,1,1
22848311,,0,0.000008,184,0.000007,0,1,1,0,1,1
22641345,,0,0.000008,184,0.000007,0,1,1,0,1,1
22572954,,0,0.000038,184,0.000007,0,3,3,0,3,3
21822009,,0,0.000008,184,0.000007,0,1,1,0,1,1
21347226,,0,0.000008,184,0.000007,0,1,1,0,1,1
21037079,,0,0.000008,184,0.000007,0,1,1,0,1,1
20803550,,0,0.000008,184,0.000007,0,1,1,0,1,1
20452955,,0,0.000038,184,0.000007,0,3,3,0,3,3
20421597,,0,0.000008,184,0.000007,0,1,1,0,1,1
20087442,,0,0.000008,184,0.000007,0,1,1,0,1,1
19468068,,0,0.000012,184,0.000007,0,2,2,0,2,2
18678873,,0,0.000008,184,0.000007,0,1,1,0,1,1
18056407,,0,0.000008,184,0.000007,0,1,1,0,1,1
17106944,,0,0.000008,184,0.000007,0,1,1,0,1,1
16319170,,0,0.000008,184,0.000007,0,1,1,0,1,1
15767676,,0,0.000008,184,0.000007,0,1,1,0,1,1
15199150,,0,0.000008,184,0.000007,0,1,1,0,1,1
14657034,,0,0.000008,184,0.000007,0,1,1,0,1,1
12752624,,0.000093,0,35,0.000011,3,0,3,3,0,3
21968515,,0,0.000002,35,0.000007,0,2,2,0,2,2
12752644,,0.000013,0,89,0.000007,1,0,1,1,0,1
25395871,,0,0,35,0.000007,0,2,2,0,2,2
12754622,,0.00002,0,35,0.000037,8,0,8,8,0,8
24440910,,0,0.000129,35,0.000007,0,3,3,0,3,3
22419904,,0,0,35,0.000007,0,1,1,0,1,1
19107593,,0,0.000012,35,0.000007,0,2,2,0,2,2
17537242,,0,0,35,0.000007,0,1,1,0,1,1
16434967,,0,0,35,0.000007,0,1,1,0,1,1
12754741,,0.002411,0,279,0.000021,13,0,13,13,0,13
28387377,,0,0.000146,279,0.000007,0,2,2,0,2,2
23717510,,0,0.004109,231,0.000007,0,7,7,0,7,7
22920225,,0,0.000045,231,0.000007,0,2,2,0,2,2
30287823,,0,0.000561,89,0.000007,0,11,11,0,11,11
12759930,,0.001167,0,140,0.000026,22,0,22,22,0,22
19327148,,0,0.000039,140,0.000007,0,3,3,0,3,3
25424553,,0,0.000001,108,0.000007,0,1,1,0,1,1
12761499,,0.000052,0,108,0.000041,7,0,7,7,0,7
21813624,,0,0.000075,108,0.000007,0,3,3,0,3,3
21358991,,0,0.000001,108,0.000007,0,1,1,0,1,1
21204268,,0,0.000001,108,0.000007,0,1,1,0,1,1
20212136,,0,0.000001,108,0.000007,0,1,1,0,1,1
16839184,,0,0.000001,108,0.000007,0,1,1,0,1,1
12767038,,0.005981,0,279,0.000172,53,0,53,53,0,53
24864236,,0,0.000136,279,0.000007,0,2,2,0,2,2
23210696,,0.000043,0.002012,5,0.000015,3,8,11,3,8,11
16534504,,0,0.000114,279,0.000007,0,1,1,0,1,1
25140737,,0,0,35,0.000007,0,1,1,0,1,1
12767931,,0.000017,0,35,0.000038,7,0,7,7,0,7
24205059,,0,0,35,0.000007,0,1,1,0,1,1
23365439,,0,0.000012,35,0.000007,0,2,2,0,2,2
23341853,,0,0,35,0.000007,0,1,1,0,1,1
19786128,,0,0,35,0.000007,0,1,1,0,1,1
28670070,,0,0.000015,89,0.000007,0,3,3,0,3,3
12771565,,0.000001,0,89,0.000018,3,0,3,3,0,3
27050272,,0,0,89,0.000007,0,1,1,0,1,1
30065752,,0,0.000064,279,0.000007,0,2,2,0,2,2
29468136,,0,0.000012,279,0.000007,0,1,1,0,1,1
29439529,,0,0.000012,279,0.000007,0,1,1,0,1,1
29312619,,0,0.000134,279,0.000007,0,2,2,0,2,2
29285184,,0,0.000012,279,0.000007,0,1,1,0,1,1
28881717,,0,0.000012,279,0.000007,0,1,1,0,1,1
28740569,,0,0.000012,279,0.000007,0,1,1,0,1,1
28599442,,0,0.000012,279,0.000007,0,1,1,0,1,1
27590344,,0,0.000012,279,0.000007,0,1,1,0,1,1
27574435,,0,0.000013,279,0.000007,0,2,2,0,2,2
27401842,,0,0.000012,279,0.000007,0,1,1,0,1,1
27358635,,0,0.000012,279,0.000007,0,1,1,0,1,1
26862903,,0,0.000013,279,0.000007,0,2,2,0,2,2
26328267,,0,0.000012,279,0.000007,0,1,1,0,1,1
26267895,,0,0.000064,279,0.000007,0,2,2,0,2,2
26161119,,0,0.000012,279,0.000007,0,1,1,0,1,1
26057381,,0,0.000064,279,0.000007,0,2,2,0,2,2
26032781,,0,0.000012,279,0.000007,0,1,1,0,1,1
25826459,,0,0.000012,279,0.000007,0,1,1,0,1,1
25367268,,0,0.000064,279,0.000007,0,2,2,0,2,2
25157276,,0,0.000134,279,0.000007,0,2,2,0,2,2
24559316,,0,0.000012,279,0.000007,0,1,1,0,1,1
24314662,,0,0.000012,279,0.000007,0,1,1,0,1,1
24037287,,0,0.000012,279,0.000007,0,1,1,0,1,1
23418553,,0,0.000012,279,0.000007,0,1,1,0,1,1
23322209,,0,0.000012,279,0.000007,0,1,1,0,1,1
23226306,,0,0.000012,279,0.000007,0,1,1,0,1,1
22942707,,0,0.000043,279,0.000007,0,2,2,0,2,2
22704339,,0,0.000012,279,0.000007,0,1,1,0,1,1
21062161,,0,0.000012,279,0.000007,0,1,1,0,1,1
20579385,,0,0.000012,279,0.000007,0,1,1,0,1,1
19681120,,0,0.000012,279,0.000007,0,1,1,0,1,1
19609728,,0,0.000064,279,0.000007,0,2,2,0,2,2
19552933,,0,0.000064,279,0.000007,0,2,2,0,2,2
19054549,,0,0.000134,279,0.000007,0,2,2,0,2,2
18559093,,0,0.000012,279,0.000007,0,1,1,0,1,1
17056602,,0,0.000012,279,0.000007,0,1,1,0,1,1
16700909,,0,0.000134,279,0.000007,0,2,2,0,2,2
15862127,,0,0.000012,279,0.000007,0,1,1,0,1,1
15018632,,0,0.000012,279,0.000007,0,1,1,0,1,1
30349510,,0,0.000022,184,0.000007,0,2,2,0,2,2
28358373,,0,0.000011,184,0.000007,0,1,1,0,1,1
27468685,,0,0.000027,184,0.000007,0,3,3,0,3,3
26781088,,0,0.003032,100,0.000007,0,9,9,0,9,9
26539288,,0,0.000011,184,0.000007,0,1,1,0,1,1
25744025,,0,0.000011,184,0.000007,0,1,1,0,1,1
25150915,,0,0.000073,100,0.000007,0,5,5,0,5,5
24866342,,0,0.000037,87,0.000007,0,3,3,0,3,3
24615016,,0,0.000022,184,0.000007,0,2,2,0,2,2
24440306,,0,0.000321,100,0.000007,0,8,8,0,8,8
23221561,,0,0.000011,184,0.000007,0,1,1,0,1,1
23007646,,0,0.000011,184,0.000007,0,1,1,0,1,1
22213200,,0,0.000168,1,0.000007,0,3,3,0,3,3
20388198,,0,0.000011,184,0.000007,0,1,1,0,1,1
20046832,,0,0.000011,184,0.000007,0,1,1,0,1,1
19950129,,0,0.000011,184,0.000007,0,1,1,0,1,1
18480450,,0,0.000011,184,0.000007,0,1,1,0,1,1
18413806,,0,0.000011,184,0.000007,0,1,1,0,1,1
17030982,,0,0.000011,184,0.000007,0,1,1,0,1,1
15890904,,0,0.000011,184,0.000007,0,1,1,0,1,1
15858005,,0,0.000011,184,0.000007,0,1,1,0,1,1
15795293,,0,0.000011,184,0.000007,0,1,1,0,1,1
15184504,,0,0.000011,184,0.000007,0,1,1,0,1,1
15078960,,0,0.000011,184,0.000007,0,1,1,0,1,1
12774040,,0.000818,0,89,0.000008,5,0,5,5,0,5
12774043,,0.000263,0,231,0.000034,6,0,6,6,0,6
12779087,,0.000547,0,279,0.000009,3,0,3,3,0,3
12779088,,0.000152,0,35,0.000016,4,0,4,4,0,4
23846226,,0,0.000003,35,0.000007,0,1,1,0,1,1
12784290,,0.000148,0,5,0.000009,6,0,6,6,0,6
29620483,,0,0.023008,100,0.000007,0,16,16,0,16,16
12787778,,0.007545,0,100,0.000113,53,0,53,53,0,53
27822407,,0,0.000297,35,0.000007,0,4,4,0,4,4
26496194,,0,0.000239,100,0.000007,0,2,2,0,2,2
25774912,,0.000727,0.01726,1,0.000015,4,8,12,4,8,12
22787115,,0.000002,0.000238,90,0.000058,11,7,18,11,7,18
20308162,,0,0.000322,100,0.000007,0,2,2,0,2,2
18981049,,0,0.000435,57,0.000007,0,2,2,0,2,2
16604167,,0,0.000144,100,0.000007,0,1,1,0,1,1
30108509,,0,0.00001,279,0.000007,0,1,1,0,1,1
12788407,,0.000514,0,279,0.000246,50,0,50,50,0,50
30086146,,0,0.00001,279,0.000007,0,1,1,0,1,1
29912667,,0,0.00001,279,0.000007,0,1,1,0,1,1
27904696,,0,0.00001,279,0.000007,0,1,1,0,1,1
27023770,,0,0.00001,279,0.000007,0,1,1,0,1,1
26515236,,0,0.00001,279,0.000007,0,1,1,0,1,1
26320192,,0,0.00001,168,0.000007,0,2,2,0,2,2
26046761,,0,0.00001,279,0.000007,0,1,1,0,1,1
25481873,,0,0.00001,279,0.000007,0,1,1,0,1,1
25472952,,0,0.000032,279,0.000007,0,2,2,0,2,2
25261778,,0,0.00001,279,0.000007,0,1,1,0,1,1
23431470,,0,0.00001,279,0.000007,0,2,2,0,2,2
23408352,,0,0.00001,279,0.000007,0,1,1,0,1,1
23169295,,0,0.00001,279,0.000007,0,1,1,0,1,1
22783372,,0,0.000032,72,0.000007,0,2,2,0,2,2
22613842,,0,0.007446,279,0.000007,0,2,2,0,2,2
22203902,,0,0.00001,279,0.000007,0,1,1,0,1,1
21408167,,0,0.00001,279,0.000007,0,1,1,0,1,1
21188117,,0,0.00001,279,0.000007,0,1,1,0,1,1
20186319,,0,0.00001,279,0.000007,0,1,1,0,1,1
20140221,,0,0.00001,279,0.000007,0,1,1,0,1,1
19809523,,0,0.000012,279,0.000007,0,2,2,0,2,2
19491193,,0,0.00001,279,0.000007,0,1,1,0,1,1
19257893,,0,0.00001,279,0.000007,0,1,1,0,1,1
18836468,,0,0.00001,279,0.000007,0,1,1,0,1,1
18803353,,0,0.00001,279,0.000007,0,1,1,0,1,1
18765822,,0,0.00001,279,0.000007,0,1,1,0,1,1
18472964,,0,0.000021,168,0.000007,0,3,3,0,3,3
18311151,,0,0.00001,279,0.000007,0,1,1,0,1,1
17845729,,0,0.00001,279,0.000007,0,1,1,0,1,1
17460774,,0,0.00001,279,0.000007,0,1,1,0,1,1
17109513,,0,0.00001,279,0.000007,0,2,2,0,2,2
15173892,,0,0.00001,279,0.000007,0,1,1,0,1,1
12790786,,0.000291,0,82,0.000091,19,0,19,19,0,19
24052700,,0,0.000006,82,0.000007,0,1,1,0,1,1
21062931,,0,0.000006,82,0.000007,0,1,1,0,1,1
20952028,,0,0.000006,82,0.000007,0,1,1,0,1,1
20576103,,0,0.000006,82,0.000007,0,1,1,0,1,1
20564318,,0,0.000055,82,0.000007,0,5,5,0,5,5
20086112,,0,0.000006,82,0.000007,0,1,1,0,1,1
19597465,,0,0.000006,82,0.000007,0,1,1,0,1,1
18781193,,0,0.000006,82,0.000007,0,1,1,0,1,1
18500686,,0,0.000006,82,0.000007,0,1,1,0,1,1
16945910,,0,0.000006,82,0.000007,0,1,1,0,1,1
15570555,,0,0.000006,82,0.000007,0,1,1,0,1,1
27617148,,0,0.000004,231,0.000007,0,1,1,0,1,1
21059199,,0,0.000481,89,0.000007,0,3,3,0,3,3
12798717,,0.003407,0,5,0.000012,12,0,12,12,0,12
28072594,,0.000297,0.019821,1,0.000007,2,18,20,2,18,20
12801723,,0.000431,0,5,0.000028,8,0,8,8,0,8
26856619,,0,0.000196,5,0.000007,0,4,4,0,4,4
25065496,,0,0.000008,5,0.000007,0,1,1,0,1,1
15615849,,0,0.000008,5,0.000007,0,1,1,0,1,1
15563600,,0,0.000008,5,0.000007,0,1,1,0,1,1
24703594,,0,0,92,0.000007,0,1,1,0,1,1
12802093,,0,0,92,0.000037,5,0,5,5,0,5
23349941,,0,0,92,0.000007,0,1,1,0,1,1
22471589,,0,0,92,0.000007,0,1,1,0,1,1
21562609,,0,0,92,0.000007,0,1,1,0,1,1
21470957,,0,0,92,0.000007,0,1,1,0,1,1
12810625,,0.000624,0,100,0.000082,19,0,19,19,0,19
26283799,,0,0.000012,100,0.000007,0,1,1,0,1,1
25143731,,0.000111,0.000012,205,0.000062,10,2,12,10,2,12
23908141,,0,0.000039,100,0.000007,0,2,2,0,2,2
23684611,,0,0.000412,100,0.000007,0,2,2,0,2,2
23388823,,0,0.000012,100,0.000007,0,1,1,0,1,1
18632987,,0,0.000073,100,0.000007,0,2,2,0,2,2
14718568,,0,0.000012,100,0.000007,0,1,1,0,1,1
12810666,,0.001818,0,231,0.000065,33,0,33,33,0,33
28376088,,0,0.008543,1,0.000007,0,6,6,0,6,6
26275218,,0,0.000037,231,0.000007,0,2,2,0,2,2
25516641,,0,0.000788,137,0.000007,0,6,6,0,6,6
23264026,,0,0.000035,231,0.000007,0,1,1,0,1,1
22420423,,0,0.000046,231,0.000007,0,2,2,0,2,2
17582598,,0,0.000035,231,0.000007,0,1,1,0,1,1
15289825,,0,0.000035,231,0.000007,0,1,1,0,1,1
28508083,,0,0.000002,41,0.000007,0,1,1,0,1,1
12813460,,0.0001,0,41,0.000073,14,0,14,14,0,14
27129217,,0,0.000002,41,0.000007,0,1,1,0,1,1
27097373,,0,0.000002,41,0.000007,0,1,1,0,1,1
27075534,,0,0.000002,41,0.000007,0,1,1,0,1,1
21030321,,0,0.000002,41,0.000007,0,1,1,0,1,1
20801936,,0,0.000002,41,0.000007,0,1,1,0,1,1
19903881,,0,0.000002,41,0.000007,0,1,1,0,1,1
19779456,,0,0.000002,41,0.000007,0,1,1,0,1,1
17923702,,0,0.000002,41,0.000007,0,1,1,0,1,1
17524420,,0,0.000002,41,0.000007,0,1,1,0,1,1
12815598,,0.000482,0,231,0.000013,4,0,4,4,0,4
25050558,,0,0.000477,231,0.000007,0,9,9,0,9,9
12815601,,0.00034,0,89,0.000009,5,0,5,5,0,5
12815604,,0.00062,0,89,0.00001,7,0,7,7,0,7
30189837,,0,0.000014,279,0.000007,0,2,2,0,2,2
26823742,,0,0.000006,279,0.000007,0,1,1,0,1,1
25197641,,0,0.000006,279,0.000007,0,2,2,0,2,2
23763898,,0,0.000006,279,0.000007,0,1,1,0,1,1
22393450,,0,0.000006,279,0.000007,0,1,1,0,1,1
21324880,,0,0.000006,279,0.000007,0,1,1,0,1,1
20704734,,0,0.000006,279,0.000007,0,1,1,0,1,1
20526417,,0,0.000007,279,0.000007,0,2,2,0,2,2
20060885,,0,0.000006,279,0.000007,0,1,1,0,1,1
19541921,,0,0.000024,181,0.000007,0,4,4,0,4,4
19505295,,0,0.000006,279,0.000007,0,1,1,0,1,1
19307173,,0,0.000006,279,0.000007,0,1,1,0,1,1
19259397,,0,0.000006,279,0.000007,0,1,1,0,1,1
19250546,,0,0.000029,279,0.000007,0,3,3,0,3,3
17270052,,0,0.000059,90,0.000007,0,2,2,0,2,2
16809668,,0,0.000006,279,0.000007,0,1,1,0,1,1
16449502,,0,0.000006,279,0.000007,0,1,1,0,1,1
16428248,,0,0.000006,279,0.000007,0,1,1,0,1,1
12819403,,0.000469,0,69,0.000008,2,0,2,2,0,2
30446677,,0,0.00317,35,0.000007,0,1,1,0,1,1
30408068,,0,0.003177,35,0.000007,0,2,2,0,2,2
30402236,,0,0.00317,35,0.000007,0,1,1,0,1,1
30355311,,0,0.010619,35,0.000007,0,3,3,0,3,3
30352973,,0,0.003609,35,0.000007,0,4,4,0,4,4
30344670,,0,0.003828,35,0.000007,0,4,4,0,4,4
30289602,,0,0.00317,35,0.000007,0,1,1,0,1,1
30286765,,0,0.003195,205,0.000007,0,2,2,0,2,2
30257941,,0,0.003498,35,0.000007,0,3,3,0,3,3
30253799,,0,0.010605,35,0.000007,0,2,2,0,2,2
30253781,,0,0.003176,1,0.000007,0,2,2,0,2,2
30234119,,0,0.003496,35,0.000007,0,3,3,0,3,3
30214302,,0,0.00317,35,0.000007,0,1,1,0,1,1
30200262,,0,0.00317,35,0.000007,0,1,1,0,1,1
30115027,,0,0.00317,35,0.000007,0,1,1,0,1,1
30094100,,0,0.00317,35,0.000007,0,1,1,0,1,1
30087699,,0,0.003395,35,0.000007,0,5,5,0,5,5
30082828,,0,0.003247,35,0.000007,0,2,2,0,2,2
30046392,,0,0.005569,1,0.000007,0,9,9,0,9,9
30038517,,0,0.00317,35,0.000007,0,1,1,0,1,1
30034618,,0,0.003759,35,0.000007,0,4,4,0,4,4
30018827,,0,0.003176,90,0.000007,0,2,2,0,2,2
29968906,,0,0.00412,35,0.000007,0,4,4,0,4,4
29951597,,0,0.003382,69,0.000007,0,2,2,0,2,2
29938218,,0,0.00317,35,0.000007,0,1,1,0,1,1
29896218,,0,0.00317,35,0.000007,0,1,1,0,1,1
29889077,,0,0.003171,35,0.000007,0,2,2,0,2,2
29854300,,0,0.003271,35,0.000007,0,3,3,0,3,3
29850911,,0,0.003187,90,0.000007,0,2,2,0,2,2
29845782,,0,0.00317,35,0.000007,0,1,1,0,1,1
29813119,,0,0.003316,35,0.000007,0,2,2,0,2,2
29801433,,0,0.00317,35,0.000007,0,1,1,0,1,1
29764379,,0,0.00317,35,0.000007,0,1,1,0,1,1
29751615,,0,0.00317,35,0.000007,0,1,1,0,1,1
29744674,,0,0.00317,35,0.000007,0,1,1,0,1,1
29742177,,0,0.00317,35,0.000007,0,1,1,0,1,1
29715580,,0,0.003254,87,0.000007,0,3,3,0,3,3
29661250,,0,0.00317,35,0.000007,0,1,1,0,1,1
29653745,,0,0.00317,35,0.000007,0,1,1,0,1,1
29615666,,0,0.00317,35,0.000007,0,1,1,0,1,1
29607113,,0,0.00317,35,0.000007,0,1,1,0,1,1
29599829,,0,0.00317,35,0.000007,0,1,1,0,1,1
29575318,,0,0.003603,35,0.000007,0,6,6,0,6,6
29550255,,0,0.00317,35,0.000007,0,1,1,0,1,1
29547591,,0,0.004009,35,0.000007,0,3,3,0,3,3
29535384,,0,0.003661,35,0.000007,0,4,4,0,4,4
29532008,,0,0.00317,35,0.000007,0,1,1,0,1,1
29527288,,0,0.003239,35,0.000007,0,2,2,0,2,2
29523126,,0,0.00317,35,0.000007,0,1,1,0,1,1
29491377,,0,0.00317,35,0.000007,0,1,1,0,1,1
29483153,,0,0.00317,35,0.000007,0,1,1,0,1,1
29477637,,0,0.00317,35,0.000007,0,1,1,0,1,1
29475913,,0,0.004058,90,0.000007,0,5,5,0,5,5
29441192,,0,0.00317,35,0.000007,0,1,1,0,1,1
29436642,,0,0.00317,35,0.000007,0,1,1,0,1,1
29416802,,0,0.003365,35,0.000007,0,4,4,0,4,4
29386014,,0,0.003174,151,0.000007,0,2,2,0,2,2
29361928,,0,0.00317,35,0.000007,0,1,1,0,1,1
29358331,,0,0.00317,35,0.000007,0,1,1,0,1,1
29350614,,0,0.003554,100,0.000007,0,4,4,0,4,4
29340066,,0,0.003554,35,0.000007,0,2,2,0,2,2
29333926,,0,0.003591,35,0.000007,0,3,3,0,3,3
29333472,,0,0.004686,279,0.000007,0,5,5,0,5,5
29313063,,0,0.007879,69,0.000007,0,5,5,0,5,5
29310570,,0,0.003208,35,0.000007,0,2,2,0,2,2
29285221,,0,0.003587,35,0.000007,0,5,5,0,5,5
29276709,,0,0.00317,35,0.000007,0,1,1,0,1,1
29263909,,0,0.004587,35,0.000007,0,5,5,0,5,5
29262622,,0,0.003506,35,0.000007,0,3,3,0,3,3
29255284,,0,0.00317,35,0.000007,0,1,1,0,1,1
29254166,,0,0.00317,35,0.000007,0,1,1,0,1,1
29250484,,0,0.00317,35,0.000007,0,1,1,0,1,1
29228549,,0,0.00381,66,0.000007,0,4,4,0,4,4
29212167,,0,0.00317,35,0.000007,0,1,1,0,1,1
29187227,,0,0.004256,35,0.000007,0,7,7,0,7,7
29187174,,0,0.003171,35,0.000007,0,2,2,0,2,2
29186886,,0,0.003186,35,0.000007,0,3,3,0,3,3
29159761,,0,0.003179,35,0.000007,0,3,3,0,3,3
29153866,,0,0.00317,35,0.000007,0,1,1,0,1,1
29147445,,0,0.004163,35,0.000007,0,6,6,0,6,6
29147404,,0,0.00317,35,0.000007,0,1,1,0,1,1
29137596,,0,0.003171,35,0.000007,0,2,2,0,2,2
29132568,,0,0.003912,5,0.000007,0,7,7,0,7,7
29108347,,0,0.005581,5,0.000007,0,10,10,0,10,10
29100393,,0,0.003171,35,0.000007,0,2,2,0,2,2
29095114,,0,0.018788,1,0.000007,0,11,11,0,11,11
29088896,,0,0.006384,1,0.000007,0,11,11,0,11,11
29062075,,0,0.00317,35,0.000007,0,1,1,0,1,1
29050361,,0,0.00317,35,0.000007,0,1,1,0,1,1
29050296,,0,0.003239,35,0.000007,0,2,2,0,2,2
29045452,,0,0.00317,35,0.000007,0,1,1,0,1,1
29042798,,0,0.003308,35,0.000007,0,2,2,0,2,2
29042771,,0,0.004027,35,0.000007,0,4,4,0,4,4
29033586,,0,0.003612,35,0.000007,0,3,3,0,3,3
28981542,,0,0.003333,35,0.000007,0,2,2,0,2,2
28968952,,0,0.003398,1,0.000007,0,2,2,0,2,2
28965222,,0,0.00317,35,0.000007,0,1,1,0,1,1
28924377,,0,0.00412,35,0.000007,0,4,4,0,4,4
28924174,,0,0.00317,35,0.000007,0,1,1,0,1,1
28922388,,0,0.00317,35,0.000007,0,1,1,0,1,1
28915682,,0,0.00317,35,0.000007,0,1,1,0,1,1
28912973,,0.000004,0.005022,35,0.000015,2,15,17,2,15,17
28912626,,0,0.00317,35,0.000007,0,1,1,0,1,1
28860858,,0,0.003335,35,0.000007,0,2,2,0,2,2
28859615,,0,0.00317,35,0.000007,0,1,1,0,1,1
28841163,,0,0.003178,279,0.000007,0,3,3,0,3,3
28832682,,0,0.003172,35,0.000007,0,2,2,0,2,2
28785183,,0,0.00317,35,0.000007,0,1,1,0,1,1
28753852,,0,0.00317,35,0.000007,0,1,1,0,1,1
28748213,,0,0.00317,35,0.000007,0,1,1,0,1,1
28695110,,0,0.00317,35,0.000007,0,1,1,0,1,1
28650466,,0,0.004181,35,0.000007,0,3,3,0,3,3
28630349,,0,0.003554,35,0.000007,0,2,2,0,2,2
28616363,,0,0.00317,35,0.000007,0,1,1,0,1,1
28612225,,0,0.00317,35,0.000007,0,1,1,0,1,1
28610410,,0,0.003346,35,0.000007,0,3,3,0,3,3
28598289,,0,0.00317,35,0.000007,0,1,1,0,1,1
28588211,,0,0.00317,35,0.000007,0,1,1,0,1,1
28583174,,0,0.003554,35,0.000007,0,2,2,0,2,2
28567184,,0,0.00317,35,0.000007,0,1,1,0,1,1
28559413,,0,0.006689,1,0.000007,0,8,8,0,8,8
28532429,,0,0.003636,35,0.000007,0,2,2,0,2,2
28529692,,0,0.00317,35,0.000007,0,1,1,0,1,1
28489591,,0,0.003243,1,0.000007,0,2,2,0,2,2
28467815,,0,0.003184,35,0.000007,0,3,3,0,3,3
28445140,,0,0.004212,1,0.000007,0,17,17,0,17,17
28439535,,0,0.003416,1,0.000007,0,5,5,0,5,5
28430642,,0,0.003636,35,0.000007,0,2,2,0,2,2
28427196,,0,0.003173,57,0.000007,0,2,2,0,2,2
28423514,,0,0.003554,35,0.000007,0,2,2,0,2,2
28415597,,0,0.003174,35,0.000007,0,2,2,0,2,2
28413656,,0,0.00317,35,0.000007,0,1,1,0,1,1
28381598,,0,0.008584,1,0.000007,0,15,15,0,15,15
28356971,,0,0.003173,72,0.000007,0,2,2,0,2,2
28348404,,0,0.00317,35,0.000007,0,1,1,0,1,1
28334291,,0,0.00317,35,0.000007,0,1,1,0,1,1
28331693,,0,0.00317,35,0.000007,0,1,1,0,1,1
28324268,,0,0.003186,48,0.000007,0,2,2,0,2,2
28320353,,0,0.003246,35,0.000007,0,2,2,0,2,2
28294120,,0,0.003243,1,0.000007,0,2,2,0,2,2
28287265,,0,0.004181,35,0.000007,0,3,3,0,3,3
28286613,,0,0.00407,35,0.000007,0,3,3,0,3,3
28272536,,0,0.00317,35,0.000007,0,1,1,0,1,1
28263985,,0,0.003264,248,0.000007,0,3,3,0,3,3
28262971,,0,0.00317,35,0.000007,0,1,1,0,1,1
28258171,,0,0.00317,35,0.000007,0,1,1,0,1,1
28255357,,0,0.003243,35,0.000007,0,3,3,0,3,3
28245581,,0,0.003784,35,0.000007,0,5,5,0,5,5
28242790,,0,0.00317,35,0.000007,0,1,1,0,1,1
28239564,,0,0.004292,35,0.000007,0,7,7,0,7,7
28239279,,0,0.005285,35,0.000007,0,10,10,0,10,10
28228253,,0,0.00317,35,0.000007,0,1,1,0,1,1
28216417,,0,0.003185,35,0.000007,0,2,2,0,2,2
28210556,,0,0.003646,35,0.000007,0,3,3,0,3,3
28194015,,0,0.004587,35,0.000007,0,5,5,0,5,5
28193239,,0,0.00317,35,0.000007,0,1,1,0,1,1
28187434,,0,0.00317,35,0.000007,0,1,1,0,1,1
28185585,,0,0.003401,1,0.000007,0,4,4,0,4,4
28145091,,0,0.00336,35,0.000007,0,2,2,0,2,2
28118064,,0,0.00317,35,0.000007,0,1,1,0,1,1
28108658,,0,0.00317,35,0.000007,0,1,1,0,1,1
28086982,,0,0.003372,35,0.000007,0,4,4,0,4,4
28075450,,0,0.003757,35,0.000007,0,4,4,0,4,4
28075192,,0,0.003559,35,0.000007,0,3,3,0,3,3
28067809,,0,0.003345,35,0.000007,0,2,2,0,2,2
28066563,,0,0.00317,35,0.000007,0,1,1,0,1,1
28062556,,0,0.00396,35,0.000007,0,3,3,0,3,3
28061893,,0,0.00317,35,0.000007,0,1,1,0,1,1
28060723,,0,0.003349,35,0.000007,0,3,3,0,3,3
28038448,,0,0.00317,35,0.000007,0,1,1,0,1,1
28029660,,0,0.003721,35,0.000007,0,5,5,0,5,5
28008263,,0,0.00317,35,0.000007,0,1,1,0,1,1
28003019,,0,0.003801,35,0.000007,0,3,3,0,3,3
27992550,,0,0.00317,35,0.000007,0,1,1,0,1,1
27966459,,0,0.003555,48,0.000007,0,3,3,0,3,3
27929800,,0,0.00317,35,0.000007,0,1,1,0,1,1
27927689,,0,0.003179,35,0.000007,0,2,2,0,2,2
27926515,,0,0.00317,35,0.000007,0,1,1,0,1,1
27913999,,0,0.003331,90,0.000007,0,3,3,0,3,3
27911866,,0,0.003171,279,0.000007,0,2,2,0,2,2
27896992,,0,0.00317,35,0.000007,0,1,1,0,1,1
27894097,,0,0.00317,35,0.000007,0,1,1,0,1,1
27891540,,0,0.003246,90,0.000007,0,3,3,0,3,3
27888801,,0,0.00317,35,0.000007,0,1,1,0,1,1
27884978,,0,0.004934,35,0.000007,0,11,11,0,11,11
27876836,,0,0.00375,35,0.000007,0,3,3,0,3,3
27816190,,0,0.00317,35,0.000007,0,1,1,0,1,1
27793013,,0,0.00412,35,0.000007,0,4,4,0,4,4
27786176,,0,0.004856,176,0.000007,0,5,5,0,5,5
27765921,,0,0.017761,1,0.000007,0,15,15,0,15,15
27747192,,0,0.00327,35,0.000007,0,2,2,0,2,2
27725895,,0,0.003444,35,0.000007,0,5,5,0,5,5
27721711,,0,0.00317,35,0.000007,0,1,1,0,1,1
27716369,,0,0.00342,231,0.000007,0,9,9,0,9,9
27650797,,0,0.00317,35,0.000007,0,1,1,0,1,1
27634900,,0,0.003196,35,0.000007,0,2,2,0,2,2
27605190,,0,0.003202,35,0.000007,0,2,2,0,2,2
27600228,,0,0.003607,1,0.000007,0,6,6,0,6,6
27587275,,0,0.00317,35,0.000007,0,1,1,0,1,1
27564096,,0,0.00317,35,0.000007,0,1,1,0,1,1
27552096,,0,0.003754,69,0.000007,0,3,3,0,3,3
27542253,,0,0.00317,35,0.000007,0,1,1,0,1,1
27540429,,0,0.00317,35,0.000007,0,1,1,0,1,1
27524420,,0,0.003446,35,0.000007,0,3,3,0,3,3
27513026,,0,0.010621,205,0.000007,0,3,3,0,3,3
27502506,,0,0.00317,35,0.000007,0,1,1,0,1,1
27499907,,0,0.003541,69,0.000007,0,2,2,0,2,2
27467270,,0,0.00317,35,0.000007,0,1,1,0,1,1
27455040,,0,0.00317,35,0.000007,0,1,1,0,1,1
27420097,,0,0.004394,35,0.000007,0,5,5,0,5,5
27413364,,0,0.00317,35,0.000007,0,1,1,0,1,1
27390604,,0,0.004804,35,0.000007,0,6,6,0,6,6
27386846,,0,0.00317,35,0.000007,0,1,1,0,1,1
27384960,,0,0.00317,35,0.000007,0,1,1,0,1,1
27382386,,0,0.00317,35,0.000007,0,1,1,0,1,1
27378774,,0,0.003596,35,0.000007,0,2,2,0,2,2
27377963,,0,0.003455,35,0.000007,0,3,3,0,3,3
27364975,,0,0.00317,35,0.000007,0,1,1,0,1,1
27359054,,0,0.00317,35,0.000007,0,1,1,0,1,1
27358860,,0,0.00317,35,0.000007,0,1,1,0,1,1
27341628,,0,0.00317,35,0.000007,0,1,1,0,1,1
27340107,,0,0.00317,35,0.000007,0,1,1,0,1,1
27334118,,0,0.00317,35,0.000007,0,1,1,0,1,1
27307466,,0,0.00317,35,0.000007,0,1,1,0,1,1
27303043,,0,0.00317,35,0.000007,0,1,1,0,1,1
27283985,,0,0.00366,35,0.000007,0,3,3,0,3,3
27259591,,0,0.003554,35,0.000007,0,2,2,0,2,2
27257388,,0,0.00317,35,0.000007,0,1,1,0,1,1
27196757,,0,0.00317,35,0.000007,0,1,1,0,1,1
27192118,,0,0.005202,1,0.000007,0,6,6,0,6,6
27183905,,0,0.00317,35,0.000007,0,1,1,0,1,1
27153846,,0,0.00317,35,0.000007,0,1,1,0,1,1
27149078,,0,0.003488,35,0.000007,0,2,2,0,2,2
27146612,,0,0.00317,35,0.000007,0,1,1,0,1,1
27146421,,0,0.00317,35,0.000007,0,1,1,0,1,1
27144558,,0,0.00317,35,0.000007,0,1,1,0,1,1
27129866,,0,0.00317,35,0.000007,0,1,1,0,1,1
27065667,,0,0.003171,279,0.000007,0,2,2,0,2,2
27058032,,0,0.0037,35,0.000007,0,3,3,0,3,3
27036195,,0,0.00317,35,0.000007,0,1,1,0,1,1
27015895,,0,0.00317,35,0.000007,0,1,1,0,1,1
27004032,,0,0.00317,35,0.000007,0,1,1,0,1,1
26989357,,0,0.00317,35,0.000007,0,1,1,0,1,1
26961683,,0,0.010605,35,0.000007,0,2,2,0,2,2
26933916,,0,0.00317,35,0.000007,0,1,1,0,1,1
26929647,,0,0.00317,35,0.000007,0,1,1,0,1,1
26923702,,0.000035,0.00342,35,0.000033,7,5,12,7,5,12
26923549,,0,0.00317,35,0.000007,0,1,1,0,1,1
26910473,,0,0.003171,89,0.000007,0,2,2,0,2,2
26907936,,0,0.003533,35,0.000007,0,2,2,0,2,2
26894864,,0,0.00317,35,0.000007,0,1,1,0,1,1
26884644,,0,0.00317,35,0.000007,0,1,1,0,1,1
26884552,,0,0.00317,35,0.000007,0,1,1,0,1,1
26883193,,0,0.00317,35,0.000007,0,1,1,0,1,1
26872903,,0,0.003178,5,0.000007,0,2,2,0,2,2
26858940,,0,0.003174,35,0.000007,0,2,2,0,2,2
26855592,,0,0.00317,35,0.000007,0,1,1,0,1,1
26848530,,0,0.00317,35,0.000007,0,1,1,0,1,1
26837394,,0,0.003179,35,0.000007,0,3,3,0,3,3
26830453,,0,0.00317,35,0.000007,0,1,1,0,1,1
26821054,,0,0.003283,35,0.000007,0,2,2,0,2,2
26808152,,0,0.00317,35,0.000007,0,1,1,0,1,1
26793686,,0,0.003185,35,0.000007,0,2,2,0,2,2
26770261,,0,0.00317,35,0.000007,0,1,1,0,1,1
26757422,,0,0.003345,35,0.000007,0,2,2,0,2,2
26756229,,0,0.00331,35,0.000007,0,5,5,0,5,5
26753176,,0,0.003541,69,0.000007,0,2,2,0,2,2
26744260,,0,0.00317,35,0.000007,0,1,1,0,1,1
26729235,,0,0.00317,35,0.000007,0,1,1,0,1,1
26706834,,0,0.00317,35,0.000007,0,1,1,0,1,1
26695440,,0,0.00317,35,0.000007,0,1,1,0,1,1
26685283,,0,0.00362,72,0.000007,0,8,8,0,8,8
26673618,,0,0.003283,35,0.000007,0,2,2,0,2,2
26669540,,0,0.00317,35,0.000007,0,1,1,0,1,1
26666289,,0,0.010605,35,0.000007,0,2,2,0,2,2
26657508,,0,0.003185,35,0.000007,0,2,2,0,2,2
26648682,,0,0.003175,35,0.000007,0,2,2,0,2,2
26636003,,0,0.003543,35,0.000007,0,2,2,0,2,2
26632845,,0,0.00317,35,0.000007,0,1,1,0,1,1
26580962,,0,0.003171,35,0.000007,0,2,2,0,2,2
26579819,,0,0.003488,35,0.000007,0,2,2,0,2,2
26565788,,0,0.00317,35,0.000007,0,1,1,0,1,1
26556851,,0,0.00317,35,0.000007,0,1,1,0,1,1
26540293,,0,0.004365,35,0.000007,0,5,5,0,5,5
26511266,,0,0.003345,35,0.000007,0,2,2,0,2,2
26506596,,0,0.003872,35,0.000007,0,3,3,0,3,3
26504096,,0,0.00317,35,0.000007,0,1,1,0,1,1
26500944,,0,0.003428,35,0.000007,0,2,2,0,2,2
26481255,,0,0.00317,35,0.000007,0,1,1,0,1,1
26474282,,0,0.003636,35,0.000007,0,2,2,0,2,2
26453012,,0,0.00317,35,0.000007,0,1,1,0,1,1
26437901,,0,0.003345,35,0.000007,0,2,2,0,2,2
26413422,,0,0.003506,35,0.000007,0,3,3,0,3,3
26406239,,0,0.00317,35,0.000007,0,1,1,0,1,1
26404658,,0,0.00317,35,0.000007,0,1,1,0,1,1
26395345,,0,0.00317,35,0.000007,0,1,1,0,1,1
26392299,,0,0.00317,35,0.000007,0,1,1,0,1,1
26375671,,0,0.003171,35,0.000007,0,2,2,0,2,2
26372732,,0,0.003715,35,0.000007,0,2,2,0,2,2
26339244,,0,0.00317,35,0.000007,0,1,1,0,1,1
26313651,,0,0.003192,35,0.000007,0,2,2,0,2,2
26300846,,0,0.00317,35,0.000007,0,1,1,0,1,1
26297356,,0,0.00317,35,0.000007,0,1,1,0,1,1
26286174,,0,0.004754,35,0.000007,0,8,8,0,8,8
26278220,,0,0.00317,35,0.000007,0,1,1,0,1,1
26271634,,0,0.00317,35,0.000007,0,1,1,0,1,1
26253813,,0,0.007579,1,0.000007,0,8,8,0,8,8
26240784,,0,0.004026,35,0.000007,0,4,4,0,4,4
26223504,,0,0.00317,35,0.000007,0,1,1,0,1,1
26172299,,0,0.00317,35,0.000007,0,1,1,0,1,1
26169266,,0,0.00317,35,0.000007,0,1,1,0,1,1
26166574,,0,0.003636,35,0.000007,0,2,2,0,2,2
26148869,,0,0.003264,35,0.000007,0,4,4,0,4,4
26120057,,0,0.00412,35,0.000007,0,4,4,0,4,4
26109346,,0,0.0037,35,0.000007,0,3,3,0,3,3
26080057,,0,0.00326,35,0.000007,0,2,2,0,2,2
26071479,,0,0.00317,35,0.000007,0,1,1,0,1,1
26059540,,0,0.00317,35,0.000007,0,1,1,0,1,1
26053183,,0,0.003204,35,0.000007,0,2,2,0,2,2
26052951,,0,0.00317,35,0.000007,0,1,1,0,1,1
26025931,,0,0.003643,35,0.000007,0,2,2,0,2,2
26008983,,0,0.00317,35,0.000007,0,1,1,0,1,1
26001967,,0,0.003914,35,0.000007,0,3,3,0,3,3
26000234,,0,0.00317,35,0.000007,0,1,1,0,1,1
25992689,,0,0.00317,35,0.000007,0,1,1,0,1,1
25974184,,0,0.003333,35,0.000007,0,2,2,0,2,2
25973113,,0,0.003416,35,0.000007,0,3,3,0,3,3
25955013,,0,0.00326,87,0.000007,0,3,3,0,3,3
25928118,,0,0.004187,35,0.000007,0,3,3,0,3,3
25923108,,0,0.00317,35,0.000007,0,1,1,0,1,1
25904138,,0,0.00317,35,0.000007,0,1,1,0,1,1
25896974,,0,0.010605,35,0.000007,0,2,2,0,2,2
25888236,,0,0.003178,241,0.000007,0,2,2,0,2,2
25887482,,0,0.003636,35,0.000007,0,2,2,0,2,2
25885366,,0,0.003428,35,0.000007,0,2,2,0,2,2
25884794,,0,0.00317,35,0.000007,0,1,1,0,1,1
25857348,,0,0.00317,35,0.000007,0,1,1,0,1,1
25849221,,0,0.00317,35,0.000007,0,1,1,0,1,1
25848861,,0,0.004247,1,0.000007,0,3,3,0,3,3
25829177,,0,0.00317,35,0.000007,0,1,1,0,1,1
25824321,,0,0.003628,35,0.000007,0,4,4,0,4,4
25821127,,0,0.00317,35,0.000007,0,1,1,0,1,1
25803307,,0,0.00396,35,0.000007,0,3,3,0,3,3
25786368,,0,0.00317,35,0.000007,0,1,1,0,1,1
25767340,,0,0.003543,35,0.000007,0,2,2,0,2,2
25742793,,0,0.003298,35,0.000007,0,3,3,0,3,3
25741818,,0,0.00317,35,0.000007,0,1,1,0,1,1
25714400,,0,0.004509,35,0.000007,0,6,6,0,6,6
25711229,,0,0.00317,35,0.000007,0,1,1,0,1,1
25679396,,0.001194,0.012531,72,0.000076,15,4,19,15,4,19
25674233,,0,0.00317,35,0.000007,0,1,1,0,1,1
25660204,,0,0.00317,35,0.000007,0,1,1,0,1,1
25655704,,0,0.003283,35,0.000007,0,2,2,0,2,2
25655580,,0,0.00317,35,0.000007,0,1,1,0,1,1
25633981,,0,0.003682,35,0.000007,0,4,4,0,4,4
25601904,,0,0.00317,35,0.000007,0,1,1,0,1,1
25592575,,0,0.00317,35,0.000007,0,1,1,0,1,1
25561512,,0,0.003226,35,0.000007,0,2,2,0,2,2
25556893,,0,0.00317,35,0.000007,0,1,1,0,1,1
25541719,,0,0.003554,35,0.000007,0,2,2,0,2,2
25541715,,0,0.00317,35,0.000007,0,1,1,0,1,1
25528056,,0,0.00317,35,0.000007,0,1,1,0,1,1
25516849,,0,0.003615,66,0.000007,0,5,5,0,5,5
25503560,,0,0.003202,35,0.000007,0,2,2,0,2,2
25479803,,0,0.00317,35,0.000007,0,1,1,0,1,1
25476776,,0,0.00317,35,0.000007,0,1,1,0,1,1
25468711,,0,0.003534,35,0.000007,0,2,2,0,2,2
25450861,,0,0.00317,35,0.000007,0,1,1,0,1,1
25447311,,0,0.00317,35,0.000007,0,1,1,0,1,1
25422910,,0,0.003204,35,0.000007,0,3,3,0,3,3
25421376,,0,0.003236,35,0.000007,0,2,2,0,2,2
25400686,,0,0.003186,35,0.000007,0,2,2,0,2,2
25400415,,0,0.003192,35,0.000007,0,3,3,0,3,3
25388283,,0,0.003494,1,0.000007,0,2,2,0,2,2
25333330,,0,0.003387,35,0.000007,0,3,3,0,3,3
25329395,,0,0.00317,35,0.000007,0,1,1,0,1,1
25307233,,0,0.00317,35,0.000007,0,1,1,0,1,1
25288503,,0,0.003171,69,0.000007,0,2,2,0,2,2
25280532,,0,0.00317,35,0.000007,0,1,1,0,1,1
25247558,,0,0.004908,1,0.000007,0,5,5,0,5,5
25241216,,0,0.00317,35,0.000007,0,1,1,0,1,1
25230850,,0,0.00317,35,0.000007,0,1,1,0,1,1
25216750,,0.000044,0.004455,35,0.000029,7,5,12,7,5,12
25216732,,0,0.003546,35,0.000007,0,4,4,0,4,4
25216122,,0,0.003209,72,0.000007,0,2,2,0,2,2
25207183,,0,0.00317,35,0.000007,0,1,1,0,1,1
25202386,,0,0.00317,35,0.000007,0,1,1,0,1,1
25187727,,0,0.00317,35,0.000007,0,1,1,0,1,1
25183703,,0,0.00317,35,0.000007,0,1,1,0,1,1
25170613,,0,0.00317,35,0.000007,0,1,1,0,1,1
25153721,,0,0.00317,35,0.000007,0,1,1,0,1,1
25144277,,0,0.00317,35,0.000007,0,1,1,0,1,1
25139534,,0,0.00317,35,0.000007,0,1,1,0,1,1
25134804,,0,0.003172,213,0.000007,0,2,2,0,2,2
25134718,,0,0.00317,35,0.000007,0,1,1,0,1,1
25123132,,0,0.003529,72,0.000007,0,4,4,0,4,4
25115441,,0,0.010605,35,0.000007,0,2,2,0,2,2
25101291,,0,0.003393,35,0.000007,0,4,4,0,4,4
25092775,,0,0.004844,1,0.000007,0,4,4,0,4,4
25088194,,0,0.003636,35,0.000007,0,2,2,0,2,2
25083786,,0,0.003233,35,0.000007,0,2,2,0,2,2
25083422,,0,0.00317,35,0.000007,0,1,1,0,1,1
25076125,,0,0.003636,35,0.000007,0,2,2,0,2,2
25073969,,0,0.00317,35,0.000007,0,1,1,0,1,1
25068292,,0,0.003178,279,0.000007,0,2,2,0,2,2
25057302,,0,0.00317,35,0.000007,0,1,1,0,1,1
25013432,,0,0.003286,35,0.000007,0,3,3,0,3,3
24996446,,0,0.00317,35,0.000007,0,1,1,0,1,1
24990559,,0,0.003428,35,0.000007,0,2,2,0,2,2
24978026,,0,0.00317,35,0.000007,0,1,1,0,1,1
24973012,,0,0.003205,90,0.000007,0,3,3,0,3,3
24966473,,0,0.00336,35,0.000007,0,2,2,0,2,2
24952028,,0,0.00317,35,0.000007,0,1,1,0,1,1
24949917,,0,0.005714,35,0.000007,0,2,2,0,2,2
24937677,,0,0.00317,35,0.000007,0,1,1,0,1,1
24936335,,0,0.006027,35,0.000007,0,13,13,0,13,13
24900104,,0,0.00317,35,0.000007,0,1,1,0,1,1
24891615,,0,0.00317,35,0.000007,0,1,1,0,1,1
24851112,,0,0.003177,35,0.000007,0,2,2,0,2,2
24811890,,0,0.003285,205,0.000007,0,2,2,0,2,2
24777110,,0,0.00317,35,0.000007,0,1,1,0,1,1
24767310,,0,0.00317,35,0.000007,0,1,1,0,1,1
24758297,,0,0.00317,35,0.000007,0,1,1,0,1,1
24721777,,0,0.00317,35,0.000007,0,1,1,0,1,1
24690633,,0,0.00317,35,0.000007,0,1,1,0,1,1
24680897,,0,0.003195,35,0.000007,0,2,2,0,2,2
24664486,,0,0.00317,35,0.000007,0,1,1,0,1,1
24654231,,0,0.00317,35,0.000007,0,1,1,0,1,1
24634415,,0,0.003214,35,0.000007,0,2,2,0,2,2
24509793,,0,0.003194,35,0.000007,0,2,2,0,2,2
24489618,,0,0.00317,35,0.000007,0,1,1,0,1,1
24464939,,0,0.00317,35,0.000007,0,1,1,0,1,1
24463450,,0,0.005606,35,0.000007,0,9,9,0,9,9
24457087,,0,0.003171,100,0.000007,0,2,2,0,2,2
24454461,,0,0.00317,35,0.000007,0,1,1,0,1,1
24447408,,0,0.00317,35,0.000007,0,1,1,0,1,1
24423614,,0,0.003387,5,0.000007,0,3,3,0,3,3
24413196,,0,0.00317,35,0.000007,0,1,1,0,1,1
24392136,,0,0.003193,35,0.000007,0,2,2,0,2,2
24367202,,0,0.00422,35,0.000007,0,5,5,0,5,5
24367172,,0,0.007385,1,0.000007,0,6,6,0,6,6
24366294,,0,0.00317,35,0.000007,0,1,1,0,1,1
24339933,,0,0.00317,35,0.000007,0,1,1,0,1,1
24327800,,0,0.00317,35,0.000007,0,1,1,0,1,1
24297604,,0,0.003643,35,0.000007,0,2,2,0,2,2
24281107,,0,0.003288,35,0.000007,0,4,4,0,4,4
24281106,,0,0.009715,35,0.000007,0,30,30,0,30,30
24281029,,0,0.00317,35,0.000007,0,1,1,0,1,1
24260046,,0,0.00317,35,0.000007,0,1,1,0,1,1
24245483,,0,0.003202,35,0.000007,0,2,2,0,2,2
24244833,,0,0.021036,1,0.000007,0,15,15,0,15,15
24203105,,0,0.00317,35,0.000007,0,1,1,0,1,1
24201803,,0,0.00317,35,0.000007,0,1,1,0,1,1
24171817,,0,0.003287,35,0.000007,0,2,2,0,2,2
24156016,,0,0.003351,35,0.000007,0,3,3,0,3,3
24148581,,0,0.00317,35,0.000007,0,1,1,0,1,1
24146864,,0,0.00317,35,0.000007,0,1,1,0,1,1
24127122,,0,0.003862,35,0.000007,0,2,2,0,2,2
24124521,,0,0.004594,35,0.000007,0,5,5,0,5,5
24095025,,0,0.003345,35,0.000007,0,2,2,0,2,2
24010031,,0,0.00317,35,0.000007,0,1,1,0,1,1
24008056,,0,0.003533,35,0.000007,0,2,2,0,2,2
23948975,,0,0.003636,35,0.000007,0,2,2,0,2,2
23936673,,0,0.00317,35,0.000007,0,1,1,0,1,1
23915742,,0.000486,0.008028,35,0.000059,15,7,22,15,7,22
23897954,,0,0.003543,35,0.000007,0,2,2,0,2,2
23879588,,0,0.00317,35,0.000007,0,1,1,0,1,1
23874106,,0,0.007525,1,0.000007,0,5,5,0,5,5
23869198,,0,0.010605,35,0.000007,0,2,2,0,2,2
23864953,,0,0.003375,35,0.000007,0,2,2,0,2,2
23861811,,0,0.00317,35,0.000007,0,1,1,0,1,1
23857060,,0,0.003276,35,0.000007,0,2,2,0,2,2
23845471,,0,0.003543,35,0.000007,0,2,2,0,2,2
23829891,,0,0.003636,35,0.000007,0,2,2,0,2,2
23829888,,0,0.003185,35,0.000007,0,2,2,0,2,2
23828499,,0,0.00317,35,0.000007,0,1,1,0,1,1
23778408,,0,0.004052,35,0.000007,0,4,4,0,4,4
23774990,,0,0.00317,35,0.000007,0,1,1,0,1,1
23721519,,0,0.003333,35,0.000007,0,2,2,0,2,2
23717338,,0,0.004032,35,0.000007,0,5,5,0,5,5
23700430,,0,0.006986,1,0.000007,0,6,6,0,6,6
23700391,,0,0.00317,35,0.000007,0,1,1,0,1,1
23689990,,0,0.00317,35,0.000007,0,1,1,0,1,1
23689832,,0,0.004227,35,0.000007,0,3,3,0,3,3
23686707,,0,0.00317,35,0.000007,0,1,1,0,1,1
23661183,,0,0.003185,35,0.000007,0,2,2,0,2,2
23641145,,0,0.003684,87,0.000007,0,3,3,0,3,3
23633450,,0,0.00317,35,0.000007,0,1,1,0,1,1
23620774,,0,0.003542,35,0.000007,0,3,3,0,3,3
23613812,,0,0.00317,35,0.000007,0,1,1,0,1,1
23601606,,0,0.00317,35,0.000007,0,1,1,0,1,1
23589849,,0,0.003581,72,0.000007,0,3,3,0,3,3
23579546,,0,0.00317,35,0.000007,0,1,1,0,1,1
23562353,,0,0.00317,35,0.000007,0,1,1,0,1,1
23536562,,0.002314,0.005385,231,0.000146,48,16,64,48,16,64
23514931,,0,0.00317,35,0.000007,0,1,1,0,1,1
23509284,,0,0.004251,35,0.000007,0,5,5,0,5,5
23479404,,0,0.00317,35,0.000007,0,1,1,0,1,1
23476791,,0,0.00317,35,0.000007,0,1,1,0,1,1
23476649,,0,0.003274,35,0.000007,0,2,2,0,2,2
23462916,,0,0.003174,151,0.000007,0,2,2,0,2,2
23462719,,0,0.00376,48,0.000037,6,3,9,6,3,9
23451093,,0,0.00317,35,0.000007,0,1,1,0,1,1
23449631,,0,0.003902,35,0.000007,0,4,4,0,4,4
23392193,,0,0.011808,1,0.000007,0,5,5,0,5,5
23387481,,0,0.006925,1,0.000007,0,3,3,0,3,3
23378578,,0,0.00317,35,0.000007,0,1,1,0,1,1
23339125,,0,0.003636,35,0.000007,0,2,2,0,2,2
23307470,,0,0.003219,35,0.000007,0,2,2,0,2,2
23306204,,0,0.003736,35,0.000007,0,5,5,0,5,5
23293768,,0,0.003291,279,0.000007,0,3,3,0,3,3
23291983,,0,0.003209,72,0.000007,0,2,2,0,2,2
23291982,,0,0.004124,82,0.000007,0,5,5,0,5,5
23288347,,0,0.00317,35,0.000007,0,1,1,0,1,1
23284754,,0,0.01106,35,0.000007,0,5,5,0,5,5
23271326,,0,0.00317,35,0.000007,0,1,1,0,1,1
23255137,,0,0.003894,35,0.000007,0,9,9,0,9,9
23250547,,0,0.003172,108,0.000007,0,3,3,0,3,3
23192763,,0,0.003193,35,0.000007,0,2,2,0,2,2
23172872,,0,0.003176,35,0.000007,0,2,2,0,2,2
23159947,,0,0.003554,35,0.000007,0,2,2,0,2,2
23158001,,0,0.003188,66,0.000007,0,3,3,0,3,3
23151021,,0,0.00504,35,0.000007,0,7,7,0,7,7
23146872,,0,0.00323,35,0.000007,0,4,4,0,4,4
23136140,,0,0.004352,231,0.000007,0,8,8,0,8,8
23124476,,0,0.003222,35,0.000007,0,4,4,0,4,4
23116924,,0,0.003843,35,0.000007,0,5,5,0,5,5
23112837,,0,0.00333,35,0.000007,0,2,2,0,2,2
23109997,,0,0.00317,35,0.000007,0,1,1,0,1,1
23105958,,0,0.003554,35,0.000007,0,2,2,0,2,2
23082819,,0,0.004912,35,0.000007,0,11,11,0,11,11
23071863,,0,0.003906,35,0.000007,0,3,3,0,3,3
23071236,,0,0.00317,35,0.000007,0,1,1,0,1,1
23065460,,0,0.00317,35,0.000007,0,1,1,0,1,1
23049838,,0,0.003913,35,0.000007,0,4,4,0,4,4
23049120,,0,0.00317,35,0.000007,0,1,1,0,1,1
23046633,,0,0.005315,1,0.000007,0,4,4,0,4,4
23046482,,0,0.00317,35,0.000007,0,1,1,0,1,1
23045283,,0,0.00317,35,0.000007,0,1,1,0,1,1
23035882,,0,0.00317,35,0.000007,0,1,1,0,1,1
23029631,,0,0.00317,35,0.000007,0,1,1,0,1,1
23009686,,0,0.008365,1,0.000007,0,8,8,0,8,8
23001183,,0,0.003554,35,0.000007,0,2,2,0,2,2
22989461,,0,0.003185,35,0.000007,0,2,2,0,2,2
22987071,,0,0.003276,35,0.000007,0,2,2,0,2,2
22973534,,0,0.003331,35,0.000007,0,3,3,0,3,3
22952619,,0,0.003843,35,0.000007,0,5,5,0,5,5
22941971,,0,0.003283,35,0.000007,0,2,2,0,2,2
22926690,,0,0.00317,35,0.000007,0,1,1,0,1,1
22905111,,0,0.00317,35,0.000007,0,1,1,0,1,1
22903690,,0,0.003787,35,0.000007,0,4,4,0,4,4
22815861,,0,0.00317,35,0.000007,0,1,1,0,1,1
22815804,,0,0.003312,111,0.000007,0,4,4,0,4,4
22763464,,0,0.003275,35,0.000007,0,5,5,0,5,5
22752290,,0,0.00317,35,0.000007,0,1,1,0,1,1
22745213,,0,0.003786,35,0.000007,0,3,3,0,3,3
22745190,,0,0.003333,35,0.000007,0,2,2,0,2,2
22737617,,0,0.00317,35,0.000007,0,1,1,0,1,1
22736539,,0,0.00317,35,0.000007,0,1,1,0,1,1
22723937,,0,0.00317,35,0.000007,0,1,1,0,1,1
22722202,,0,0.00317,35,0.000007,0,1,1,0,1,1
22672625,,0,0.00317,35,0.000007,0,1,1,0,1,1
22665533,,0,0.005308,1,0.000007,0,4,4,0,4,4
22645612,,0,0.01224,1,0.000007,0,3,3,0,3,3
22644308,,0,0.00317,35,0.000007,0,1,1,0,1,1
22621334,,0,0.003643,35,0.000007,0,2,2,0,2,2
22617421,,0,0.003636,35,0.000007,0,2,2,0,2,2
22616941,,0,0.00317,35,0.000007,0,1,1,0,1,1
22616791,,0,0.00317,35,0.000007,0,1,1,0,1,1
22590486,,0,0.00317,35,0.000007,0,1,1,0,1,1
22589551,,0,0.003554,35,0.000007,0,2,2,0,2,2
22589087,,0,0.003333,35,0.000007,0,2,2,0,2,2
22588720,,0,0.00317,35,0.000007,0,1,1,0,1,1
22514728,,0,0.003636,35,0.000007,0,2,2,0,2,2
22510365,,0,0.00317,35,0.000007,0,1,1,0,1,1
22493626,,0,0.003185,35,0.000007,0,2,2,0,2,2
22454501,,0,0.00412,35,0.000007,0,4,4,0,4,4
22452810,,0,0.003488,35,0.000007,0,2,2,0,2,2
22438566,,0,0.00317,35,0.000007,0,1,1,0,1,1
22419895,,0,0.003864,1,0.00001,1,3,4,1,3,4
22402938,,0,0.00317,35,0.000007,0,1,1,0,1,1
22356700,,0,0.00317,35,0.000007,0,1,1,0,1,1
22355333,,0,0.010649,35,0.000007,0,4,4,0,4,4
22331469,,0,0.003417,72,0.000007,0,3,3,0,3,3
22301780,,0,0.00317,35,0.000007,0,1,1,0,1,1
22297051,,0,0.00317,35,0.000007,0,1,1,0,1,1
22279592,,0,0.00358,35,0.000007,0,3,3,0,3,3
22276133,,0,0.00317,35,0.000007,0,1,1,0,1,1
22259247,,0,0.003851,35,0.000007,0,4,4,0,4,4
22254089,,0,0.00317,35,0.000007,0,1,1,0,1,1
22247964,,0,0.00317,35,0.000007,0,1,1,0,1,1
22240505,,0,0.00317,35,0.000007,0,1,1,0,1,1
22233926,,0,0.00317,35,0.000007,0,1,1,0,1,1
22229101,,0,0.00317,35,0.000007,0,1,1,0,1,1
22217398,,0,0.00317,35,0.000007,0,1,1,0,1,1
22168360,,0,0.00317,35,0.000007,0,1,1,0,1,1
22166063,,0,0.003636,35,0.000007,0,2,2,0,2,2
22160642,,0,0.00317,35,0.000007,0,1,1,0,1,1
22152285,,0,0.003228,35,0.000007,0,2,2,0,2,2
22147002,,0,0.003176,35,0.000007,0,2,2,0,2,2
22126395,,0,0.003229,35,0.000007,0,3,3,0,3,3
22112467,,0,0.003594,35,0.000007,0,3,3,0,3,3
22110952,,0,0.010416,1,0.000007,0,5,5,0,5,5
22088140,,0,0.014479,1,0.000007,0,8,8,0,8,8
22083956,,0,0.00317,35,0.000007,0,1,1,0,1,1
22057217,,0,0.00317,35,0.000007,0,1,1,0,1,1
22056668,,0,0.00317,35,0.000007,0,1,1,0,1,1
22039576,,0,0.00317,35,0.000007,0,1,1,0,1,1
22028636,,0,0.00317,35,0.000007,0,1,1,0,1,1
22019887,,0,0.003549,1,0.000007,0,4,4,0,4,4
21975551,,0,0.00317,35,0.000007,0,1,1,0,1,1
21966417,,0,0.00317,35,0.000007,0,1,1,0,1,1
21965335,,0,0.004499,35,0.000007,0,7,7,0,7,7
21965309,,0,0.003722,35,0.000007,0,4,4,0,4,4
21961708,,0,0.003216,35,0.000007,0,2,2,0,2,2
21939527,,0,0.003914,35,0.000007,0,3,3,0,3,3
21930782,,0,0.004187,35,0.000007,0,4,4,0,4,4
21901624,,0,0.00317,35,0.000007,0,1,1,0,1,1
21901623,,0,0.00317,35,0.000007,0,1,1,0,1,1
21880954,,0,0.00406,35,0.000007,0,4,4,0,4,4
21875943,,0,0.00317,35,0.000007,0,1,1,0,1,1
21863131,,0.001134,0.023661,35,0.00004,13,29,42,13,29,42
21862141,,0,0.003636,35,0.000007,0,2,2,0,2,2
21847394,,0,0.003969,35,0.000007,0,3,3,0,3,3
21847389,,0,0.00317,35,0.000007,0,1,1,0,1,1
21846397,,0,0.003636,35,0.000007,0,2,2,0,2,2
21830014,,0,0.00317,35,0.000007,0,1,1,0,1,1
21829624,,0,0.003172,35,0.000007,0,2,2,0,2,2
21829474,,0,0.004719,35,0.000007,0,5,5,0,5,5
21814748,,0,0.003351,35,0.000007,0,3,3,0,3,3
21792318,,0,0.00317,35,0.000007,0,1,1,0,1,1
21785460,,0,0.004086,35,0.000007,0,4,4,0,4,4
21779430,,0,0.004172,35,0.000007,0,2,2,0,2,2
21772261,,0,0.00317,35,0.000007,0,1,1,0,1,1
21762477,,0,0.004781,35,0.000007,0,10,10,0,10,10
21741601,,0,0.00317,35,0.000007,0,1,1,0,1,1
21736749,,0,0.00317,35,0.000007,0,1,1,0,1,1
21734882,,0,0.003214,35,0.000007,0,2,2,0,2,2
21712826,,0,0.00317,35,0.000007,0,1,1,0,1,1
21701558,,0,0.00317,35,0.000007,0,1,1,0,1,1
21693013,,0,0.00317,35,0.000007,0,1,1,0,1,1
21690228,,0,0.003533,35,0.000007,0,2,2,0,2,2
21689627,,0,0.003265,35,0.000007,0,2,2,0,2,2
21677874,,0,0.004036,35,0.000007,0,4,4,0,4,4
21676243,,0,0.003265,35,0.000007,0,2,2,0,2,2
21673677,,0,0.003379,35,0.000007,0,2,2,0,2,2
21655325,,0,0.00317,35,0.000007,0,1,1,0,1,1
21635707,,0,0.00317,35,0.000007,0,1,1,0,1,1
21633010,,0,0.004426,35,0.000007,0,4,4,0,4,4
21599997,,0,0.00317,35,0.000007,0,1,1,0,1,1
21586622,,0,0.00317,35,0.000007,0,1,1,0,1,1
21557226,,0,0.00317,35,0.000007,0,1,1,0,1,1
21552410,,0,0.00317,35,0.000007,0,1,1,0,1,1
21552322,,0,0.003256,35,0.000007,0,2,2,0,2,2
21552212,,0,0.00317,35,0.000007,0,1,1,0,1,1
21516318,,0,0.00317,35,0.000007,0,1,1,0,1,1
21514446,,0,0.003596,35,0.000007,0,2,2,0,2,2
21482760,,0,0.00317,35,0.000007,0,1,1,0,1,1
21479924,,0,0.00317,35,0.000007,0,1,1,0,1,1
21472708,,0,0.003187,5,0.000007,0,2,2,0,2,2
21457488,,0,0.010808,1,0.000007,0,5,5,0,5,5
21421860,,0,0.003643,35,0.000007,0,2,2,0,2,2
21410589,,0,0.003456,5,0.000007,0,3,3,0,3,3
21408220,,0,0.00317,35,0.000007,0,1,1,0,1,1
21396129,,0,0.003379,35,0.000007,0,2,2,0,2,2
21368274,,0,0.00317,35,0.000007,0,1,1,0,1,1
21364938,,0,0.00317,35,0.000007,0,1,1,0,1,1
21346227,,0,0.00317,35,0.000007,0,1,1,0,1,1
21339261,,0,0.00317,35,0.000007,0,1,1,0,1,1
21337521,,0,0.00317,35,0.000007,0,1,1,0,1,1
21335417,,0,0.00317,35,0.000007,0,1,1,0,1,1
21328542,,0,0.00317,35,0.000007,0,1,1,0,1,1
21318602,,0,0.00317,35,0.000007,0,1,1,0,1,1
21293193,,0,0.003285,35,0.000007,0,3,3,0,3,3
21277939,,0,0.003296,35,0.000007,0,2,2,0,2,2
21258630,,0,0.00317,35,0.000007,0,1,1,0,1,1
21233336,,0,0.00317,35,0.000007,0,1,1,0,1,1
21212030,,0,0.003449,279,0.000007,0,5,5,0,5,5
21188518,,0,0.003945,35,0.000007,0,4,4,0,4,4
21184265,,0,0.00317,35,0.000007,0,1,1,0,1,1
21177763,,0,0.003925,35,0.000007,0,4,4,0,4,4
21161944,,0,0.00317,35,0.000007,0,1,1,0,1,1
21151538,,0,0.003688,35,0.000007,0,3,3,0,3,3
21151129,,0,0.00317,35,0.000007,0,1,1,0,1,1
21127264,,0,0.003596,35,0.000007,0,2,2,0,2,2
21126378,,0,0.00317,35,0.000007,0,1,1,0,1,1
21118480,,0,0.003902,35,0.000007,0,3,3,0,3,3
21115855,,0,0.003643,35,0.000007,0,2,2,0,2,2
21092082,,0,0.004835,5,0.000007,0,4,4,0,4,4
21088503,,0,0.00317,35,0.000007,0,1,1,0,1,1
21080935,,0,0.00317,35,0.000007,0,1,1,0,1,1
21059271,,0,0.00317,35,0.000007,0,1,1,0,1,1
21057215,,0,0.004181,35,0.000007,0,3,3,0,3,3
21051857,,0,0.00317,35,0.000007,0,1,1,0,1,1
20948704,,0,0.006728,1,0.000007,0,6,6,0,6,6
20937636,,0,0.00317,35,0.000007,0,1,1,0,1,1
20932344,,0,0.003462,35,0.000007,0,3,3,0,3,3
20932292,,0,0.003256,35,0.000007,0,2,2,0,2,2
20930921,,0,0.003571,35,0.000007,0,4,4,0,4,4
20921380,,0,0.003596,35,0.000007,0,2,2,0,2,2
20920367,,0,0.00727,1,0.000007,0,8,8,0,8,8
20889718,,0,0.003554,35,0.000007,0,2,2,0,2,2
20847878,,0,0.004227,35,0.000007,0,5,5,0,5,5
20837533,,0,0.00317,35,0.000007,0,1,1,0,1,1
20804960,,0,0.00439,100,0.000007,0,4,4,0,4,4
20804570,,0,0.00317,35,0.000007,0,1,1,0,1,1
20802523,,0,0.00317,35,0.000007,0,1,1,0,1,1
20731868,,0,0.00317,35,0.000007,0,1,1,0,1,1
20729289,,0,0.003248,35,0.000007,0,2,2,0,2,2
20716336,,0,0.00317,35,0.000007,0,1,1,0,1,1
20713713,,0,0.004181,35,0.000007,0,3,3,0,3,3
20703321,,0,0.00317,35,0.000007,0,1,1,0,1,1
20696077,,0,0.00317,35,0.000007,0,1,1,0,1,1
20694727,,0,0.003174,176,0.000007,0,2,2,0,2,2
20689613,,0,0.00317,35,0.000007,0,1,1,0,1,1
20686179,,0,0.00317,35,0.000007,0,1,1,0,1,1
20676140,,0,0.003524,100,0.000007,0,2,2,0,2,2
20663908,,0,0.00317,35,0.000007,0,1,1,0,1,1
20643781,,0,0.00317,35,0.000007,0,1,1,0,1,1
20625127,,0,0.00317,35,0.000007,0,1,1,0,1,1
20606007,,0,0.003812,35,0.000007,0,4,4,0,4,4
20595387,,0,0.003172,108,0.000007,0,2,2,0,2,2
20585577,,0,0.003283,35,0.000007,0,2,2,0,2,2
20576803,,0,0.003213,5,0.000007,0,2,2,0,2,2
20554705,,0,0.003557,35,0.000007,0,3,3,0,3,3
20551954,,0,0.003184,279,0.000007,0,2,2,0,2,2
20550696,,0,0.00317,35,0.000007,0,1,1,0,1,1
20549348,,0,0.005159,35,0.000007,0,10,10,0,10,10
20547751,,0,0.003636,35,0.000007,0,2,2,0,2,2
20545614,,0,0.003639,90,0.000007,0,3,3,0,3,3
20545613,,0,0.003739,72,0.000007,0,3,3,0,3,3
20537601,,0,0.003764,35,0.000007,0,4,4,0,4,4
20529894,,0,0.00317,35,0.000007,0,1,1,0,1,1
20519360,,0,0.00317,35,0.000007,0,1,1,0,1,1
20519027,,0,0.00317,35,0.000007,0,1,1,0,1,1
20515951,,0,0.00317,35,0.000007,0,1,1,0,1,1
20501593,,0,0.003204,35,0.000007,0,3,3,0,3,3
20492711,,0,0.003676,35,0.000007,0,3,3,0,3,3
20490282,,0,0.004058,35,0.000007,0,4,4,0,4,4
20482849,,0,0.00326,231,0.000007,0,2,2,0,2,2
20468060,,0,0.00317,35,0.000007,0,1,1,0,1,1
20460489,,0,0.003488,35,0.000007,0,2,2,0,2,2
20459607,,0,0.003437,35,0.000007,0,6,6,0,6,6
20458051,,0,0.003288,24,0.000007,0,2,2,0,2,2
20422012,,0,0.00317,35,0.000007,0,1,1,0,1,1
20410059,,0,0.00317,35,0.000007,0,1,1,0,1,1
20335537,,0,0.003554,35,0.000007,0,2,2,0,2,2
20308542,,0,0.003218,35,0.000007,0,3,3,0,3,3
20307320,,0,0.00317,35,0.000007,0,1,1,0,1,1
20181233,,0,0.00317,35,0.000007,0,1,1,0,1,1
20133759,,0,0.00317,35,0.000007,0,1,1,0,1,1
20109214,,0,0.00317,35,0.000007,0,1,1,0,1,1
20089185,,0,0.003176,69,0.000007,0,2,2,0,2,2
20080953,,0,0.00317,35,0.000007,0,1,1,0,1,1
20068186,,0,0.003533,35,0.000007,0,2,2,0,2,2
20068102,,0,0.00317,35,0.000007,0,1,1,0,1,1
20030882,,0,0.006624,1,0.000007,0,7,7,0,7,7
20027313,,0,0.003604,35,0.000007,0,3,3,0,3,3
20017941,,0,0.003428,35,0.000007,0,2,2,0,2,2
20010944,,0,0.003823,35,0.000007,0,5,5,0,5,5
20008848,,0,0.00317,35,0.000007,0,1,1,0,1,1
20003408,,0,0.003208,35,0.000007,0,3,3,0,3,3
19967557,,0,0.003543,35,0.000007,0,2,2,0,2,2
19933921,,0,0.00317,35,0.000007,0,1,1,0,1,1
19898422,,0,0.003186,66,0.000007,0,2,2,0,2,2
19855166,,0,0.00317,35,0.000007,0,1,1,0,1,1
19851466,,0,0.00317,35,0.000007,0,1,1,0,1,1
19798694,,0,0.003715,35,0.000007,0,2,2,0,2,2
19778431,,0,0.003967,35,0.000007,0,4,4,0,4,4
19773756,,0,0.00317,35,0.000007,0,1,1,0,1,1
19758440,,0,0.003405,35,0.000007,0,3,3,0,3,3
19746210,,0,0.00317,35,0.000007,0,1,1,0,1,1
19728865,,0,0.00317,35,0.000007,0,1,1,0,1,1
19721090,,0,0.003636,35,0.000007,0,2,2,0,2,2
19713161,,0,0.00317,35,0.000007,0,1,1,0,1,1
19698124,,0,0.00317,35,0.000007,0,1,1,0,1,1
19695088,,0,0.003535,35,0.000007,0,3,3,0,3,3
19654310,,0,0.00317,35,0.000007,0,1,1,0,1,1
19651608,,0,0.003171,35,0.000007,0,2,2,0,2,2
19638211,,0,0.00317,35,0.000007,0,1,1,0,1,1
19638208,,0,0.00317,35,0.000007,0,1,1,0,1,1
19593511,,0,0.00317,35,0.000007,0,1,1,0,1,1
19574486,,0,0.00317,35,0.000007,0,1,1,0,1,1
19573813,,0,0.00317,35,0.000007,0,1,1,0,1,1
19513067,,0,0.003533,35,0.000007,0,2,2,0,2,2
19503830,,0,0.00402,35,0.000007,0,3,3,0,3,3
19463150,,0,0.004016,35,0.000007,0,3,3,0,3,3
19442295,,0,0.003202,35,0.000007,0,2,2,0,2,2
19436038,,0,0.00317,35,0.000007,0,1,1,0,1,1
19411068,,0,0.003636,35,0.000007,0,2,2,0,2,2
19405945,,0,0.00317,35,0.000007,0,1,1,0,1,1
19383354,,0,0.00317,35,0.000007,0,1,1,0,1,1
19383324,,0,0.003202,89,0.000007,0,2,2,0,2,2
19318616,,0,0.00317,35,0.000007,0,1,1,0,1,1
19309506,,0,0.00317,35,0.000007,0,1,1,0,1,1
19259095,,0,0.003643,35,0.000007,0,2,2,0,2,2
19174523,,0,0.004702,35,0.000007,0,5,5,0,5,5
19124484,,0,0.00317,35,0.000007,0,1,1,0,1,1
19056892,,0,0.00317,35,0.000007,0,1,1,0,1,1
19047281,,0,0.00317,35,0.000007,0,1,1,0,1,1
19043454,,0,0.00317,35,0.000007,0,1,1,0,1,1
18952783,,0,0.003197,35,0.000007,0,2,2,0,2,2
18947390,,0,0.017462,1,0.000007,0,10,10,0,10,10
18925950,,0,0.00317,35,0.000007,0,1,1,0,1,1
18843012,,0,0.003489,89,0.000007,0,4,4,0,4,4
18840765,,0,0.003636,35,0.000007,0,2,2,0,2,2
18833576,,0,0.003768,35,0.000007,0,4,4,0,4,4
18782450,,0,0.004112,35,0.000007,0,4,4,0,4,4
18781520,,0,0.00317,35,0.000007,0,1,1,0,1,1
18771580,,0,0.00317,35,0.000007,0,1,1,0,1,1
18714337,,0,0.00317,35,0.000007,0,1,1,0,1,1
18681955,,0,0.00317,35,0.000007,0,1,1,0,1,1
18648520,,0,0.00317,35,0.000007,0,1,1,0,1,1
18641005,,0,0.00317,35,0.000007,0,1,1,0,1,1
18621762,,0,0.00317,35,0.000007,0,1,1,0,1,1
18612310,,0,0.003684,35,0.000007,0,3,3,0,3,3
18559090,,0.005949,0.003855,35,0.00077,193,3,196,193,3,196
18544962,,0,0.00317,35,0.000007,0,1,1,0,1,1
18532913,,0,0.00317,35,0.000007,0,1,1,0,1,1
18516291,,0,0.00317,35,0.000007,0,1,1,0,1,1
18498248,,0,0.00317,35,0.000007,0,1,1,0,1,1
18490921,,0,0.00317,35,0.000007,0,1,1,0,1,1
18426791,,0,0.003182,100,0.000007,0,2,2,0,2,2
18425214,,0,0.00317,35,0.000007,0,1,1,0,1,1
18413808,,0,0.003643,35,0.000007,0,2,2,0,2,2
18394990,,0,0.00317,35,0.000007,0,1,1,0,1,1
18386930,,0,0.003221,87,0.000007,0,2,2,0,2,2
18382427,,0,0.00317,35,0.000007,0,1,1,0,1,1
18334028,,0,0.00317,35,0.000007,0,1,1,0,1,1
18332126,,0,0.00317,35,0.000007,0,1,1,0,1,1
18314063,,0,0.003325,35,0.000007,0,3,3,0,3,3
18271962,,0,0.00317,35,0.000007,0,1,1,0,1,1
18256926,,0,0.003179,35,0.000007,0,2,2,0,2,2
18248671,,0,0.00317,35,0.000007,0,1,1,0,1,1
18230143,,0,0.0037,35,0.000007,0,4,4,0,4,4
18187569,,0,0.003643,35,0.000007,0,2,2,0,2,2
18179684,,0,0.003643,35,0.000007,0,2,2,0,2,2
18167534,,0,0.00317,35,0.000007,0,1,1,0,1,1
18047674,,0,0.00317,35,0.000007,0,1,1,0,1,1
18036273,,0,0.00317,35,0.000007,0,1,1,0,1,1
17996651,,0,0.00317,35,0.000007,0,1,1,0,1,1
17971227,,0,0.003331,35,0.000007,0,2,2,0,2,2
17912640,,0,0.00317,35,0.000007,0,1,1,0,1,1
17888189,,0,0.00317,35,0.000007,0,1,1,0,1,1
17888167,,0,0.00317,35,0.000007,0,1,1,0,1,1
17875704,,0,0.003287,35,0.000007,0,2,2,0,2,2
17848951,,0,0.00317,35,0.000007,0,1,1,0,1,1
17650314,,0,0.005055,35,0.000007,0,9,9,0,9,9
17636051,,0,0.00317,35,0.000007,0,1,1,0,1,1
17598908,,0,0.00317,35,0.000007,0,1,1,0,1,1
17591675,,0,0.00317,35,0.000007,0,1,1,0,1,1
17588268,,0,0.00317,35,0.000007,0,1,1,0,1,1
17569134,,0,0.003223,140,0.000007,0,2,2,0,2,2
17537232,,0,0.00317,35,0.000007,0,1,1,0,1,1
17224074,,0,0.00317,35,0.000007,0,1,1,0,1,1
17167050,,0,0.00317,35,0.000007,0,1,1,0,1,1
17158641,,0.002119,0.007278,87,0.000086,25,8,33,25,8,33
17088909,,0,0.00317,35,0.000007,0,1,1,0,1,1
17040570,,0,0.003177,35,0.000007,0,2,2,0,2,2
17014703,,0,0.003172,35,0.000007,0,2,2,0,2,2
16965636,,0,0.00317,35,0.000007,0,1,1,0,1,1
16880783,,0,0.003379,35,0.000007,0,2,2,0,2,2
16846532,,0,0.003643,35,0.000007,0,2,2,0,2,2
16842374,,0,0.011996,35,0.000007,0,2,2,0,2,2
16807805,,0,0.00317,35,0.000007,0,1,1,0,1,1
16788383,,0,0.00317,35,0.000007,0,1,1,0,1,1
16778390,,0,0.00317,35,0.000007,0,1,1,0,1,1
16776839,,0,0.003172,35,0.000007,0,2,2,0,2,2
16556664,,0,0.006517,35,0.000007,0,5,5,0,5,5
16536878,,0,0.00317,35,0.000007,0,1,1,0,1,1
16457687,,0,0.00317,35,0.000007,0,1,1,0,1,1
16415983,,0,0.00317,35,0.000007,0,1,1,0,1,1
16405732,,0,0.00317,35,0.000007,0,1,1,0,1,1
16395408,,0,0.00317,35,0.000007,0,1,1,0,1,1
16395401,,0,0.003307,35,0.000007,0,2,2,0,2,2
16102574,,0,0.00317,35,0.000007,0,1,1,0,1,1
16049308,,0,0.00317,35,0.000007,0,1,1,0,1,1
15987472,,0,0.00317,35,0.000007,0,1,1,0,1,1
15987465,,0.006154,0.003268,35,0.000171,67,2,69,67,2,69
15941488,,0,0.00317,35,0.000007,0,1,1,0,1,1
15850491,,0,0.00317,35,0.000007,0,1,1,0,1,1
15774034,,0,0.00317,35,0.000007,0,1,1,0,1,1
15535849,,0,0.00317,35,0.000007,0,1,1,0,1,1
15324460,,0,0.00317,35,0.000007,0,1,1,0,1,1
15034139,,0,0.00317,35,0.000007,0,1,1,0,1,1
14680483,,0,0.00317,35,0.000007,0,1,1,0,1,1
12833136,,0.000375,0,69,0.000016,4,0,4,4,0,4
20532501,,0,0.000007,69,0.000007,0,1,1,0,1,1
12833555,,0.000068,0,5,0.000012,5,0,5,5,0,5
23678411,,0,0.000003,35,0.000007,0,1,1,0,1,1
12835269,,0.000159,0,35,0.000033,5,0,5,5,0,5
21572976,,0,0.000003,35,0.000007,0,1,1,0,1,1
19222387,,0,0.000003,35,0.000007,0,1,1,0,1,1
19169416,,0,0.000003,35,0.000007,0,1,1,0,1,1
12837841,,0.000128,0,89,0.000007,1,0,1,1,0,1
28674526,,0,0.000021,279,0.000007,0,2,2,0,2,2
25938543,,0,0.000008,279,0.000007,0,1,1,0,1,1
22574221,,0,0.000008,279,0.000007,0,1,1,0,1,1
19891779,,0,0.017226,1,0.000007,0,7,7,0,7,7
18348714,,0,0.000008,279,0.000007,0,1,1,0,1,1
16108819,,0,0.000008,279,0.000007,0,1,1,0,1,1
12838555,,0.00011,0,5,0.000042,12,0,12,12,0,12
28983318,,0,0.000291,5,0.000007,0,2,2,0,2,2
25925606,,0,0.000007,5,0.000007,0,3,3,0,3,3
24129434,,0,0.000003,5,0.000007,0,2,2,0,2,2
24058310,,0,0.000002,5,0.000007,0,1,1,0,1,1
22808918,,0,0.000002,5,0.000007,0,1,1,0,1,1
17957229,,0,0.000002,5,0.000007,0,1,1,0,1,1
29930717,,0,0,108,0.000007,0,1,1,0,1,1
29088791,,0,0,108,0.000007,0,2,2,0,2,2
26934829,,0,0,108,0.000007,0,1,1,0,1,1
25723910,,0,0,108,0.000007,0,1,1,0,1,1
24959212,,0,0,108,0.000007,0,1,1,0,1,1
24070213,,0,0,108,0.000007,0,1,1,0,1,1
23747866,,0,0,108,0.000007,0,1,1,0,1,1
23468991,,0,0,108,0.000007,0,1,1,0,1,1
22546202,,0,0,108,0.000007,0,1,1,0,1,1
20051954,,0,0,108,0.000007,0,1,1,0,1,1
18612434,,0,0,108,0.000007,0,1,1,0,1,1
17564582,,0,0,108,0.000007,0,1,1,0,1,1
16618419,,0,0,108,0.000007,0,1,1,0,1,1
12845657,,0.002907,0,5,0.000025,25,0,25,25,0,25
28881597,,0,0.001707,1,0.00001,1,18,19,1,18,19
27422778,,0.000052,0.000343,5,0.000014,3,7,10,3,7,10
25006670,,0.000035,0.000411,35,0.000015,4,10,14,4,10,14
22147957,,0,0.017336,5,0.000007,0,9,9,0,9,9
12846491,,0.000026,0,5,0.000008,1,0,1,1,0,1
12847614,,0.000007,0,231,0.000014,2,0,2,2,0,2
24818104,,0,0,231,0.000007,0,1,1,0,1,1
17511024,,0,0,93,0.000007,0,1,1,0,1,1
12850692,,0,0,93,0.000013,1,0,1,1,0,1
12851475,,0.005568,0,100,0.000063,21,0,21,21,0,21
24455720,,0,0.000106,100,0.000007,0,1,1,0,1,1
24155758,,0,0.00032,100,0.000007,0,6,6,0,6,6
22952942,,0,0.001645,100,0.000007,0,7,7,0,7,7
22549411,,0,0.000106,100,0.000007,0,1,1,0,1,1
21846842,,0,0.000569,100,0.000007,0,6,6,0,6,6
20090828,,0,0.000106,100,0.000007,0,1,1,0,1,1
22923745,,0,0,94,0.000007,0,1,1,0,1,1
12851679,,0,0,94,0.000019,2,0,2,2,0,2
22238502,,0,0,94,0.000007,0,1,1,0,1,1
12853213,,0.000411,0,1,0.00001,4,0,4,4,0,4
27713317,,0,0,95,0.000007,0,1,1,0,1,1
12854100,,0,0,95,0.000013,1,0,1,1,0,1
12856882,,0.000042,0,100,0.000008,1,0,1,1,0,1
12859406,,0.000356,0,35,0.000017,4,0,4,4,0,4
12865453,,0.003577,0,5,0.000036,16,0,16,16,0,16
23650079,,0,0.000298,5,0.000007,0,5,5,0,5,5
22587442,,0,0.000264,5,0.000007,0,4,4,0,4,4
12869412,,0.000386,0,69,0.000013,2,0,2,2,0,2
22749219,,0,0.000007,69,0.000007,0,1,1,0,1,1
12872252,,0.001424,0,100,0.000024,13,0,13,13,0,13
12872263,,0.000727,0,89,0.000015,8,0,8,8,0,8
19734946,,0,0.000014,89,0.000007,0,1,1,0,1,1
12872265,,0.000531,0,89,0.000009,4,0,4,4,0,4
12874790,,0,0,279,0.000024,4,0,4,4,0,4
24932252,,0,0,279,0.000007,0,1,1,0,1,1
16333245,,0,0,279,0.000007,0,1,1,0,1,1
29624590,,0,0,96,0.000007,0,1,1,0,1,1
12878463,,0,0,96,0.000067,10,0,10,10,0,10
28199442,,0,0,96,0.000007,0,1,1,0,1,1
26556496,,0,0,96,0.000007,0,1,1,0,1,1
26540101,,0,0,96,0.000007,0,1,1,0,1,1
23874932,,0,0,96,0.000007,0,1,1,0,1,1
21288952,,0,0,96,0.000007,0,1,1,0,1,1
16848642,,0,0,96,0.000007,0,1,1,0,1,1
16354751,,0,0,96,0.000007,0,1,1,0,1,1
15236656,,0,0,96,0.000007,0,1,1,0,1,1
15115541,,0,0,96,0.000007,0,1,1,0,1,1
12879478,,0.001743,0,89,0.000019,18,0,18,18,0,18
21304981,,0,0.000201,89,0.000007,0,2,2,0,2,2
12883742,,0.000002,0,97,0.000017,3,0,3,3,0,3
19272840,,0,0,97,0.000007,0,1,1,0,1,1
12884236,,0.000245,0,279,0.000017,4,0,4,4,0,4
26110572,,0,0.000005,279,0.000007,0,1,1,0,1,1
18339795,,0,0.000074,279,0.000007,0,4,4,0,4,4
12886864,,0.000077,0,5,0.000008,2,0,2,2,0,2
12887909,,0.003439,0,100,0.000058,32,0,32,32,0,32
24003026,,0,0.000759,100,0.000007,0,5,5,0,5,5
21624980,,0,0.000066,100,0.000007,0,1,1,0,1,1
29568567,,0,0.000201,100,0.000007,0,3,3,0,3,3
12890688,,0.009187,0,100,0.000267,83,0,83,83,0,83
28943312,,0,0.000175,100,0.000007,0,1,1,0,1,1
27379159,,0,0.000342,100,0.000007,0,4,4,0,4,4
27375678,,0,0.004192,100,0.000007,0,15,15,0,15,15
27302742,,0,0.000175,100,0.000007,0,1,1,0,1,1
27012465,,0,0.000175,100,0.000007,0,1,1,0,1,1
26195665,,0,0.001642,100,0.000007,0,7,7,0,7,7
25995186,,0,0.000266,100,0.000007,0,2,2,0,2,2
25806049,,0,0.000221,100,0.000007,0,2,2,0,2,2
25157254,,0,0.000175,100,0.000007,0,1,1,0,1,1
24556679,,0,0.000582,100,0.000007,0,5,5,0,5,5
24375678,,0,0.000309,100,0.000007,0,2,2,0,2,2
23863847,,0,0.002511,100,0.000007,0,7,7,0,7,7
23563141,,0,0.000725,100,0.000007,0,5,5,0,5,5
23161800,,0,0.001385,100,0.000007,0,6,6,0,6,6
22497214,,0,0.000556,100,0.000007,0,3,3,0,3,3
22266820,,0,0.003701,100,0.000007,0,10,10,0,10,10
22196026,,0,0.00019,100,0.000007,0,2,2,0,2,2
22045811,,0,0.000527,100,0.000007,0,2,2,0,2,2
22004258,,0,0.000405,100,0.000007,0,3,3,0,3,3
21710965,,0,0.000309,100,0.000007,0,2,2,0,2,2
21427232,,0,0.000309,100,0.000007,0,2,2,0,2,2
20656690,,0,0.003556,100,0.000007,0,10,10,0,10,10
20053359,,0,0.000474,100,0.000007,0,3,3,0,3,3
19571111,,0,0.000201,100,0.000007,0,2,2,0,2,2
19387488,,0,0.000309,100,0.000007,0,2,2,0,2,2
19091944,,0,0.000175,100,0.000007,0,1,1,0,1,1
18516089,,0,0.000199,90,0.000007,0,2,2,0,2,2
18093907,,0,0.003387,100,0.000007,0,8,8,0,8,8
16056266,,0,0.00062,100,0.000007,0,4,4,0,4,4
14998368,,0,0.000309,100,0.000007,0,2,2,0,2,2
29941230,,0,0.000078,140,0.000007,0,2,2,0,2,2
28881705,,0,0.000237,140,0.000007,0,6,6,0,6,6
26431549,,0,0.000078,100,0.000007,0,1,1,0,1,1
24533020,,0,0.000078,100,0.000007,0,1,1,0,1,1
23604310,,0,0.000381,248,0.000007,0,5,5,0,5,5
22117060,,0,0.000086,279,0.000007,0,2,2,0,2,2
19034274,,0,0.000078,100,0.000007,0,1,1,0,1,1
19004874,,0,0.000078,100,0.000007,0,1,1,0,1,1
18655706,,0,0.000078,100,0.000007,0,1,1,0,1,1
15310022,,0,0,98,0.000007,0,1,1,0,1,1
12891476,,0,0,98,0.000013,1,0,1,1,0,1
12893227,,0.005077,0,69,0.000045,28,0,28,28,0,28
30246154,,0,0.009478,69,0.000007,0,18,18,0,18,18
29451900,,0,0.000421,69,0.000007,0,3,3,0,3,3
29197096,,0,0.000435,69,0.000007,0,3,3,0,3,3
28165651,,0,0.000452,69,0.000007,0,2,2,0,2,2
27254837,,0,0.000097,69,0.000007,0,1,1,0,1,1
26633537,,0,0.0005,69,0.000007,0,4,4,0,4,4
25271436,,0,0.009663,69,0.000007,0,4,4,0,4,4
21997682,,0,0.000485,69,0.000007,0,3,3,0,3,3
20040092,,0,0.001072,69,0.000007,0,4,4,0,4,4
24281091,,0,0.000002,35,0.000007,0,1,1,0,1,1
12894346,,0.000093,0,35,0.000014,2,0,2,2,0,2
30340409,,0,0,279,0.000007,0,1,1,0,1,1
12894830,,0,0,279,0.000028,4,0,4,4,0,4
26783561,,0,0,279,0.000007,0,1,1,0,1,1
24759937,,0,0.000005,279,0.000007,0,2,2,0,2,2
22315549,,0,0,279,0.000007,0,1,1,0,1,1
26090884,,0,0,99,0.000007,0,1,1,0,1,1
12898150,,0,0,99,0.000025,3,0,3,3,0,3
22536285,,0,0,99,0.000007,0,1,1,0,1,1
19815536,,0,0,99,0.000007,0,1,1,0,1,1
12907636,,0.000001,0,97,0.000011,2,0,2,2,0,2
29662404,,0,0,279,0.000007,0,1,1,0,1,1
12908548,,0.000007,0,279,0.000197,35,0,35,35,0,35
28078123,,0,0,279,0.000007,0,1,1,0,1,1
24916699,,0,0,279,0.000007,0,1,1,0,1,1
24803719,,0,0,279,0.000007,0,1,1,0,1,1
24454781,,0,0,279,0.000007,0,1,1,0,1,1
24243398,,0,0,279,0.000007,0,1,1,0,1,1
24205493,,0.000188,0.000015,279,0.000033,12,2,14,12,2,14
23408834,,0,0,279,0.000007,0,1,1,0,1,1
23306203,,0,0,279,0.000007,0,1,1,0,1,1
23285118,,0,0,279,0.000007,0,1,1,0,1,1
22228635,,0,0,279,0.000007,0,1,1,0,1,1
22054881,,0,0,279,0.000007,0,1,1,0,1,1
21610147,,0,0,279,0.000007,0,1,1,0,1,1
21532034,,0,0,279,0.000007,0,1,1,0,1,1
20808801,,0,0.000009,279,0.000007,0,2,2,0,2,2
20592015,,0,0,279,0.000007,0,1,1,0,1,1
20226036,,0,0.000024,279,0.000007,0,3,3,0,3,3
20197058,,0,0,279,0.000007,0,1,1,0,1,1
19147787,,0,0,279,0.000007,0,1,1,0,1,1
19027227,,0,0,279,0.000007,0,1,1,0,1,1
19025626,,0,0.000003,279,0.000007,0,3,3,0,3,3
18542073,,0,0,279,0.000007,0,1,1,0,1,1
18199825,,0,0,279,0.000007,0,1,1,0,1,1
17932060,,0,0,279,0.000007,0,1,1,0,1,1
17260020,,0,0,279,0.000007,0,1,1,0,1,1
16489180,,0,0,279,0.000007,0,1,1,0,1,1
16449996,,0,0,279,0.000007,0,1,1,0,1,1
15800999,,0,0,279,0.000007,0,1,1,0,1,1
15788405,,0,0,279,0.000007,0,1,1,0,1,1
15691383,,0,0,279,0.000007,0,1,1,0,1,1
30271201,,0,0.00001,279,0.000007,0,1,1,0,1,1
12909625,,0.000526,0,279,0.00014,29,0,29,29,0,29
29371986,,0,0.000016,279,0.000007,0,2,2,0,2,2
26992224,,0,0.00001,279,0.000007,0,1,1,0,1,1
26791953,,0,0.00001,279,0.000007,0,1,1,0,1,1
23216862,,0,0.000218,279,0.000007,0,3,3,0,3,3
23144630,,0,0.00001,279,0.000007,0,1,1,0,1,1
22308296,,0,0.00001,279,0.000007,0,1,1,0,1,1
21596310,,0,0.00001,279,0.000007,0,1,1,0,1,1
21557087,,0,0.00001,279,0.000007,0,1,1,0,1,1
20049717,,0,0.000394,279,0.000007,0,2,2,0,2,2
19906703,,0,0.00001,279,0.000007,0,1,1,0,1,1
18836037,,0,0.00001,279,0.000007,0,1,1,0,1,1
18579589,,0,0.00001,279,0.000007,0,1,1,0,1,1
17721441,,0,0.00001,279,0.000007,0,1,1,0,1,1
17652178,,0,0.00001,279,0.000007,0,1,1,0,1,1
17140114,,0,0.00001,279,0.000007,0,1,1,0,1,1
16980608,,0,0.000011,184,0.000007,0,2,2,0,2,2
16880268,,0,0.00001,279,0.000007,0,1,1,0,1,1
16751344,,0,0.00001,279,0.000007,0,1,1,0,1,1
16606705,,0,0.00001,279,0.000007,0,1,1,0,1,1
15574595,,0,0.00001,279,0.000007,0,1,1,0,1,1
15257658,,0,0.00001,279,0.000007,0,1,1,0,1,1
15231737,,0,0.00001,279,0.000007,0,1,1,0,1,1
29348863,,0,0.000004,69,0.000007,0,3,3,0,3,3
12911720,,0.000033,0,69,0.000024,5,0,5,5,0,5
24747975,,0,0.000001,69,0.000007,0,1,1,0,1,1
20593380,,0,0.000001,69,0.000007,0,1,1,0,1,1
18497042,,0,0.000016,82,0.000007,0,4,4,0,4,4
29062765,,0,0,231,0.000007,0,1,1,0,1,1
12915440,,0.000003,0,231,0.000021,3,0,3,3,0,3
21523452,,0,0.000162,231,0.000007,0,3,3,0,3,3
16503999,,0,0,231,0.000007,0,1,1,0,1,1
12915453,,0.000042,0,89,0.000009,2,0,2,2,0,2
12915460,,0.002693,0,100,0.000024,22,0,22,22,0,22
29617666,,0.000002,0.000064,140,0.000019,3,4,7,3,4,7
12915465,,0.000852,0,140,0.000083,24,0,24,24,0,24
25761237,,0,0.000016,140,0.000007,0,1,1,0,1,1
24223178,,0,0.000016,140,0.000007,0,1,1,0,1,1
19196998,,0,0.000045,140,0.000007,0,4,4,0,4,4
19180090,,0,0.000016,140,0.000007,0,1,1,0,1,1
16995940,,0,0.000019,140,0.000007,0,2,2,0,2,2
16199547,,0,0.000016,140,0.000007,0,1,1,0,1,1
15814067,,0,0.000016,140,0.000007,0,1,1,0,1,1
12918074,,0.00415,0,89,0.000018,22,0,22,22,0,22
12920083,,0.000863,0,231,0.000011,5,0,5,5,0,5
12920090,,0.000091,0,89,0.000008,2,0,2,2,0,2
12925308,,0.000004,0,184,0.000042,7,0,7,7,0,7
21267546,,0,0,184,0.000007,0,1,1,0,1,1
21191537,,0,0,184,0.000007,0,1,1,0,1,1
18837078,,0,0,184,0.000007,0,1,1,0,1,1
17604323,,0,0,184,0.000007,0,1,1,0,1,1
16372400,,0,0,184,0.000007,0,1,1,0,1,1
12925972,,0.000249,0,231,0.000016,5,0,5,5,0,5
27537391,,0,0.001849,5,0.000007,0,13,13,0,13,13
19667298,,0,0.000097,5,0.000007,0,3,3,0,3,3
29255390,,0,0.000006,279,0.000007,0,2,2,0,2,2
12928470,,0.000305,0,184,0.000022,9,0,9,9,0,9
16033919,,0,0.00001,89,0.000007,0,4,4,0,4,4
28718431,,0,0.000242,35,0.000007,0,7,7,0,7,7
12934104,,0.000094,0,90,0.000091,20,0,20,20,0,20
28458685,,0,0.000002,90,0.000007,0,1,1,0,1,1
28405929,,0,0.000005,90,0.000007,0,2,2,0,2,2
28077942,,0,0.000468,90,0.000007,0,2,2,0,2,2
25176219,,0,0.000002,90,0.000007,0,1,1,0,1,1
23819063,,0,0.000002,90,0.000007,0,1,1,0,1,1
23431283,,0,0.000002,90,0.000007,0,1,1,0,1,1
23041473,,0,0.000094,90,0.000016,2,7,9,2,7,9
22701472,,0,0.000002,90,0.000007,0,1,1,0,1,1
22125453,,0,0.000002,90,0.000007,0,1,1,0,1,1
19221035,,0,0.000002,90,0.000007,0,1,1,0,1,1
19147585,,0,0.000013,35,0.000007,0,2,2,0,2,2
18645617,,0,0.000002,90,0.000007,0,1,1,0,1,1
18566686,,0,0.000323,90,0.000007,0,2,2,0,2,2
16131403,,0,0.000002,90,0.000007,0,1,1,0,1,1
12938098,,0.000578,0,205,0.000016,4,0,4,4,0,4
22666503,,0.000884,0.00191,35,0.000015,11,10,21,11,10,21
12941823,,0.00417,0,90,0.000076,26,0,26,26,0,26
12943812,,0.00037,0,72,0.000083,18,0,18,18,0,18
29158339,,0,0.000007,72,0.000007,0,1,1,0,1,1
27821408,,0,0.000007,72,0.000007,0,1,1,0,1,1
25365506,,0,0.000007,72,0.000007,0,1,1,0,1,1
23528737,,0,0.000007,72,0.000007,0,1,1,0,1,1
21998293,,0,0.000007,72,0.000007,0,1,1,0,1,1
21844211,,0,0.000007,72,0.000007,0,1,1,0,1,1
21642421,,0,0.000007,72,0.000007,0,1,1,0,1,1
19503795,,0,0.000021,72,0.000007,0,2,2,0,2,2
16769775,,0,0.000007,72,0.000007,0,1,1,0,1,1
16179257,,0,0.000007,72,0.000007,0,1,1,0,1,1
15987810,,0,0.000007,72,0.000007,0,1,1,0,1,1
14982957,,0,0.000007,72,0.000007,0,1,1,0,1,1
12946038,,0.000405,0,5,0.000012,4,0,4,4,0,4
12947386,,0.007832,0,100,0.000155,71,0,71,71,0,71
30341280,,0,0.0002,279,0.000007,0,2,2,0,2,2
30018062,,0,0.000294,100,0.000007,0,3,3,0,3,3
30012171,,0,0.006809,1,0.000007,0,15,15,0,15,15
29109222,,0,0.000319,1,0.000007,0,2,2,0,2,2
28054957,,0,0.000978,1,0.000007,0,6,6,0,6,6
26771713,,0.000199,0.001041,100,0.000011,2,4,6,2,4,6
26613077,,0,0.000689,35,0.000007,0,4,4,0,4,4
26158058,,0,0.000149,100,0.000007,0,1,1,0,1,1
25988138,,0,0.011824,1,0.000007,0,7,7,0,7,7
25961742,,0,0.001013,231,0.000007,0,7,7,0,7,7
23781282,,0,0.000311,100,0.000007,0,3,3,0,3,3
23577019,,0,0.000149,100,0.000007,0,1,1,0,1,1
23388100,,0,0.016694,1,0.000007,0,9,9,0,9,9
22841781,,0,0.000149,100,0.000007,0,1,1,0,1,1
22806981,,0,0.000158,90,0.000007,0,3,3,0,3,3
21268715,,0.00207,0.000723,241,0.000139,36,4,40,36,4,40
18827822,,0,0.000315,5,0.000007,0,2,2,0,2,2
16055731,,0,0.000149,100,0.000007,0,1,1,0,1,1
15937124,,0,0.000149,100,0.000007,0,1,1,0,1,1
12947551,,0.000164,0,89,0.000008,2,0,2,2,0,2
12955716,,0.004781,0,89,0.000064,33,0,33,33,0,33
25528024,,0.000223,0.000175,184,0.000039,8,4,12,8,4,12
23551959,,0,0.000282,89,0.000007,0,3,3,0,3,3
18789142,,0,0.000977,1,0.000007,0,3,3,0,3,3
12955719,,0.000785,0,140,0.000019,9,0,9,9,0,9
17273963,,0,0.000015,140,0.000007,0,1,1,0,1,1
12957814,,0.000838,0,100,0.000042,12,0,12,12,0,12
21362130,,0,0.000016,100,0.000007,0,1,1,0,1,1
30405052,,0,0.000126,279,0.000007,0,9,9,0,9,9
12960130,,0.000497,0,279,0.000036,22,0,22,22,0,22
30261643,,0,0.000009,279,0.000007,0,1,1,0,1,1
27478702,,0,0.000042,279,0.000007,0,9,9,0,9,9
27308263,,0,0.000045,279,0.000007,0,5,5,0,5,5
26893832,,0,0.000424,279,0.000007,0,3,3,0,3,3
26585467,,0,0.000067,279,0.000007,0,9,9,0,9,9
26421063,,0,0.000039,279,0.000007,0,4,4,0,4,4
25276378,,0,0.000053,35,0.000007,0,3,3,0,3,3
24565108,,0,0.007505,279,0.000007,0,5,5,0,5,5
20627767,,0,0.00007,279,0.000007,0,5,5,0,5,5
12960223,,0.000252,0,5,0.000012,3,0,3,3,0,3
28736316,,0,0.000015,1,0.000007,0,1,1,0,1,1
25860936,,0,0.000015,1,0.000007,0,1,1,0,1,1
22355795,,0,0.000015,1,0.000007,0,1,1,0,1,1
21196204,,0,0.000015,1,0.000007,0,1,1,0,1,1
20490982,,0,0.000015,1,0.000007,0,1,1,0,1,1
30257459,,0,0.000947,100,0.000007,0,12,12,0,12,12
12973351,,0.012151,0,100,0.000366,189,0,189,189,0,189
30061412,,0,0.000506,100,0.000007,0,2,2,0,2,2
29891941,,0,0.000271,100,0.000007,0,5,5,0,5,5
29617661,,0,0.000786,100,0.000007,0,3,3,0,3,3
29031697,,0,0.000262,100,0.000007,0,2,2,0,2,2
28938540,,0,0.000232,100,0.000007,0,1,1,0,1,1
27358858,,0,0.000232,100,0.000007,0,1,1,0,1,1
27097374,,0,0.000446,100,0.000007,0,2,2,0,2,2
26825464,,0,0.000634,100,0.000007,0,5,5,0,5,5
25833379,,0,0.018835,100,0.000007,0,18,18,0,18,18
24658369,,0,0.001274,100,0.000007,0,5,5,0,5,5
24058901,,0,0.008765,1,0.000007,0,13,13,0,13,13
23936758,,0,0.000366,100,0.000007,0,2,2,0,2,2
23816559,,0,0.000232,100,0.000007,0,1,1,0,1,1
23783032,,0,0.000283,100,0.000007,0,2,2,0,2,2
23698467,,0,0.000712,100,0.000007,0,4,4,0,4,4
23613520,,0,0.000446,100,0.000007,0,2,2,0,2,2
23062727,,0,0.000546,100,0.000007,0,4,4,0,4,4
22673945,,0,0.0007,100,0.000007,0,3,3,0,3,3
22653977,,0,0.000283,100,0.000007,0,2,2,0,2,2
22375076,,0,0.000232,100,0.000007,0,1,1,0,1,1
22343915,,0,0.000593,100,0.000007,0,4,4,0,4,4
21478670,,0,0.000545,100,0.000007,0,3,3,0,3,3
20937699,,0,0.000304,100,0.000007,0,3,3,0,3,3
20661450,,0,0.000232,100,0.000007,0,1,1,0,1,1
19245838,,0,0.001004,100,0.000007,0,5,5,0,5,5
16461901,,0,0.000232,100,0.000007,0,1,1,0,1,1
15994873,,0,0.000232,100,0.000007,0,1,1,0,1,1
14734522,,0,0.000232,100,0.000007,0,1,1,0,1,1
23595898,,0,0.000005,69,0.000007,0,1,1,0,1,1
13678737,,0.000275,0,69,0.000023,6,0,6,6,0,6
22713809,,0,0.000005,69,0.000007,0,1,1,0,1,1
13679996,,0.001742,0,41,0.000063,15,0,15,15,0,15
22539617,,0,0.000033,41,0.000031,4,1,5,4,1,5
20922055,,0,0.000033,41,0.000007,0,1,1,0,1,1
19812364,,0,0.000033,41,0.000007,0,1,1,0,1,1
14502648,,0.002057,0,100,0.000033,13,0,13,13,0,13
19089909,,0,0.000039,100,0.000007,0,1,1,0,1,1
18540022,,0,0.000239,1,0.000007,0,2,2,0,2,2
30425508,,0,0.000002,279,0.000007,0,1,1,0,1,1
14503913,,0.000114,0,279,0.000232,42,0,42,42,0,42
29593009,,0,0.000002,279,0.000007,0,1,1,0,1,1
29280739,,0,0.000002,279,0.000007,0,1,1,0,1,1
28538979,,0,0.000002,279,0.000007,0,1,1,0,1,1
28291773,,0,0.000002,279,0.000007,0,1,1,0,1,1
27863406,,0,0.000002,279,0.000007,0,1,1,0,1,1
26424558,,0,0.000002,279,0.000007,0,1,1,0,1,1
25830567,,0,0.000002,279,0.000007,0,1,1,0,1,1
25740019,,0,0.000002,279,0.000007,0,1,1,0,1,1
25561895,,0,0.000002,279,0.000007,0,1,1,0,1,1
25251473,,0,0.000002,279,0.000007,0,1,1,0,1,1
25154718,,0,0.000002,279,0.000007,0,1,1,0,1,1
25062362,,0,0.000002,279,0.000007,0,1,1,0,1,1
24962026,,0,0.000002,279,0.000007,0,1,1,0,1,1
24743310,,0,0.000002,279,0.000007,0,1,1,0,1,1
23982491,,0,0.000002,279,0.000007,0,1,1,0,1,1
23649089,,0,0.000002,279,0.000007,0,1,1,0,1,1
23382863,,0,0.000002,279,0.000007,0,1,1,0,1,1
22537917,,0,0.000002,279,0.000007,0,1,1,0,1,1
22200953,,0,0.000002,279,0.000007,0,1,1,0,1,1
22069492,,0,0.000002,279,0.000007,0,1,1,0,1,1
21402861,,0,0.000002,279,0.000007,0,1,1,0,1,1
20827662,,0,0.000002,279,0.000007,0,1,1,0,1,1
20484106,,0,0.000002,279,0.000007,0,1,1,0,1,1
20422040,,0,0.000002,279,0.000007,0,1,1,0,1,1
19712479,,0,0.000002,279,0.000007,0,1,1,0,1,1
19706513,,0,0.000002,279,0.000007,0,1,1,0,1,1
19602668,,0,0.000002,279,0.000007,0,1,1,0,1,1
19246645,,0,0.000002,279,0.000007,0,1,1,0,1,1
19063729,,0,0.00012,279,0.000007,0,2,2,0,2,2
18687144,,0,0.000002,279,0.000007,0,1,1,0,1,1
18590575,,0,0.000002,279,0.000007,0,1,1,0,1,1
18309109,,0,0.000002,279,0.000007,0,1,1,0,1,1
15485913,,0,0.000002,279,0.000007,0,1,1,0,1,1
14504193,,0.000006,0,231,0.000018,6,0,6,6,0,6
19129555,,0,0,231,0.000007,0,1,1,0,1,1
14506147,,0.006428,0,35,0.00011,33,0,33,33,0,33
21233844,,0,0.000123,35,0.000007,0,1,1,0,1,1
21076401,,0.002405,0.002439,184,0.00022,62,5,67,62,5,67
20685720,,0,0.000123,35,0.000007,0,1,1,0,1,1
18001487,,0,0.002273,35,0.000007,0,7,7,0,7,7
17002787,,0,0.000123,35,0.000007,0,1,1,0,1,1
30250915,,0,0.000035,72,0.000007,0,2,2,0,2,2
14506230,,0.00184,0,100,0.000067,22,0,22,22,0,22
25299147,,0,0.000518,100,0.000007,0,2,2,0,2,2
23157168,,0,0.000035,100,0.000007,0,1,1,0,1,1
14507240,,0.000788,0,89,0.000015,13,0,13,13,0,13
14513821,,0.000277,0,140,0.000009,4,0,4,4,0,4
14516936,,0.001557,0,100,0.00002,9,0,9,9,0,9
29523790,,0,0.000121,100,0.000007,0,2,2,0,2,2
29042409,,0,0.000067,184,0.000007,0,2,2,0,2,2
24258023,,0,0.000016,184,0.000007,0,1,1,0,1,1
23649808,,0,0.000016,184,0.000007,0,1,1,0,1,1
22820947,,0,0.000016,184,0.000007,0,1,1,0,1,1
22645306,,0,0.000368,184,0.000007,0,2,2,0,2,2
21558802,,0,0.000016,184,0.000007,0,1,1,0,1,1
21050475,,0,0.003291,100,0.000007,0,10,10,0,10,10
20585393,,0,0.000016,184,0.000007,0,1,1,0,1,1
19956565,,0,0.000041,100,0.000007,0,2,2,0,2,2
19487340,,0,0.000016,184,0.000007,0,1,1,0,1,1
19109166,,0,0.000016,184,0.000007,0,1,1,0,1,1
18443218,,0,0.000016,184,0.000007,0,1,1,0,1,1
17609664,,0,0.000016,184,0.000007,0,1,1,0,1,1
16287861,,0,0.000016,184,0.000007,0,1,1,0,1,1
16280359,,0,0.000016,184,0.000007,0,1,1,0,1,1
14517958,,0.000602,0,89,0.000008,4,0,4,4,0,4
28107433,,0,0,279,0.000007,0,1,1,0,1,1
14520695,,0.000014,0,279,0.000041,9,0,9,9,0,9
27499889,,0,0.000026,69,0.000007,0,3,3,0,3,3
27412392,,0,0.000045,279,0.000007,0,4,4,0,4,4
25691061,,0,0.000208,279,0.000007,0,2,2,0,2,2
25252808,,0,0,279,0.000007,0,1,1,0,1,1
22913763,,0,0,279,0.000007,0,1,1,0,1,1
21228925,,0,0,279,0.000007,0,1,1,0,1,1
14522380,,0.000926,0,89,0.00001,10,0,10,10,0,10
28740117,,0,0.000144,176,0.000007,0,4,4,0,4,4
14526169,,0.000522,0,176,0.000116,35,0,35,35,0,35
27834607,,0,0.00001,176,0.000007,0,1,1,0,1,1
27329736,,0,0.000034,176,0.000007,0,2,2,0,2,2
26354865,,0,0.00171,100,0.000007,0,6,6,0,6,6
25141103,,0,0.000804,1,0.000007,0,6,6,0,6,6
24616037,,0,0.000045,57,0.000007,0,3,3,0,3,3
24065128,,0,0.000408,176,0.000007,0,2,2,0,2,2
24040165,,0,0.000034,176,0.000007,0,2,2,0,2,2
23966166,,0.000021,0.010516,231,0.000034,6,9,15,6,9,15
23327985,,0,0.000383,176,0.000007,0,3,3,0,3,3
23060915,,0,0.00001,176,0.000007,0,2,2,0,2,2
22844360,,0,0.00001,176,0.000007,0,1,1,0,1,1
22720241,,0,0.00001,176,0.000007,0,1,1,0,1,1
22509394,,0,0.000045,176,0.000007,0,2,2,0,2,2
21745822,,0,0.00001,176,0.000007,0,1,1,0,1,1
18591249,,0,0.00001,176,0.000007,0,1,1,0,1,1
18209099,,0,0.000162,176,0.000007,0,4,4,0,4,4
17671640,,0,0.00001,176,0.000007,0,1,1,0,1,1
17475918,,0,0.000162,176,0.000007,0,4,4,0,4,4
16954539,,0,0.000045,176,0.000007,0,2,2,0,2,2
16888628,,0,0.00001,176,0.000007,0,1,1,0,1,1
16330769,,0,0.000138,176,0.000007,0,3,3,0,3,3
15761058,,0,0.00001,176,0.000007,0,1,1,0,1,1
15266310,,0,0.00001,176,0.000007,0,1,1,0,1,1
14973191,,0,0.00001,176,0.000007,0,1,1,0,1,1
25986931,,0,0,111,0.000007,0,1,1,0,1,1
14527905,,0,0,111,0.000016,2,0,2,2,0,2
29669843,,0,0.000014,69,0.000007,0,2,2,0,2,2
14529658,,0.000164,0,69,0.000035,9,0,9,9,0,9
26587348,,0,0.000016,69,0.000007,0,2,2,0,2,2
24252426,,0,0.0001,69,0.000007,0,2,2,0,2,2
22666198,,0,0.000003,69,0.000007,0,1,1,0,1,1
19444085,,0,0.000003,69,0.000007,0,1,1,0,1,1
26690196,,0,0.000232,279,0.000008,1,8,9,1,8,9
14530500,,0.000004,0,279,0.00002,3,0,3,3,0,3
22384118,,0,0,279,0.000007,0,1,1,0,1,1
20169097,,0,0,279,0.000007,0,1,1,0,1,1
14531499,,0.000261,0,90,0.000019,3,0,3,3,0,3
14533449,,0.000201,0,5,0.000037,16,0,16,16,0,16
25996581,,0,0.000004,5,0.000007,0,1,1,0,1,1
25968807,,0,0.000041,5,0.000007,0,4,4,0,4,4
25641254,,0,0.00001,5,0.000007,0,4,4,0,4,4
22736296,,0.000259,0.000149,5,0.000008,3,10,13,3,10,13
20183376,,0,0.000004,5,0.000007,0,1,1,0,1,1
30254663,,0,0.000931,140,0.000007,0,15,15,0,15,15
14534301,,0.005286,0,140,0.000076,41,0,41,41,0,41
29934293,,0,0.000324,140,0.000007,0,2,2,0,2,2
28668129,,0,0.009337,100,0.000007,0,4,4,0,4,4
24316840,,0,0.002541,100,0.000007,0,8,8,0,8,8
23813623,,0,0.000101,140,0.000007,0,1,1,0,1,1
16595072,,0,0.000101,140,0.000007,0,1,1,0,1,1
28382104,,0,0.000077,35,0.000007,0,1,1,0,1,1
14534871,,0.004049,0,35,0.000049,21,0,21,21,0,21
27785100,,0.000026,0.004303,1,0.000033,8,27,35,8,27,35
27770782,,0.000182,0.017149,35,0.000009,3,13,16,3,13,16
24124424,,0,0.000468,35,0.000007,0,4,4,0,4,4
23408941,,0,0.007147,35,0.000007,0,5,5,0,5,5
22826413,,0,0.000077,35,0.000007,0,1,1,0,1,1
19825179,,0,0.000077,35,0.000007,0,1,1,0,1,1
28402264,,0,0.00001,5,0.000007,0,1,1,0,1,1
14550570,,0.000519,0,5,0.000106,19,0,19,19,0,19
28223370,,0,0.00001,5,0.000007,0,1,1,0,1,1
27415427,,0,0.00001,5,0.000007,0,1,1,0,1,1
27129278,,0,0.00001,5,0.000007,0,1,1,0,1,1
26211626,,0,0.00001,5,0.000007,0,1,1,0,1,1
25179730,,0,0.00001,5,0.000007,0,1,1,0,1,1
25121502,,0,0.00001,5,0.000007,0,1,1,0,1,1
24137461,,0,0.000271,5,0.000007,0,4,4,0,4,4
23212909,,0,0.00001,5,0.000007,0,1,1,0,1,1
21204021,,0,0.00001,5,0.000007,0,1,1,0,1,1
20442768,,0,0.00001,5,0.000007,0,1,1,0,1,1
19417068,,0,0.00001,5,0.000007,0,1,1,0,1,1
18631401,,0,0.00001,5,0.000007,0,1,1,0,1,1
17192406,,0,0.00001,5,0.000007,0,1,1,0,1,1
16927043,,0,0.00001,5,0.000007,0,1,1,0,1,1
15509787,,0,0.00001,5,0.000007,0,1,1,0,1,1
15247423,,0,0.00001,5,0.000007,0,1,1,0,1,1
14550946,,0.002118,0,100,0.000038,16,0,16,16,0,16
27338793,,0,0.000099,100,0.000007,0,3,3,0,3,3
19783658,,0,0.00004,100,0.000007,0,1,1,0,1,1
14551306,,0.002527,0,5,0.000061,50,0,50,50,0,50
29476166,,0,0.000048,5,0.000007,0,1,1,0,1,1
26816823,,0,0.0005,5,0.000007,0,14,14,0,14,14
24586286,,0.000075,0.002976,5,0.00001,5,25,30,5,25,30
22311584,,0,0.000068,5,0.000007,0,3,3,0,3,3
21465317,,0.000131,0.001417,5,0.00006,12,5,17,12,5,17
14555511,,0.000694,0,231,0.000031,19,0,19,19,0,19
14555518,,0.000518,0,89,0.00004,15,0,15,15,0,15
27688732,,0,0.00001,89,0.000007,0,1,1,0,1,1
27134706,,0,0.000013,89,0.000007,0,2,2,0,2,2
26249023,,0,0.000024,89,0.000007,0,3,3,0,3,3
26155289,,0,0.00001,89,0.000007,0,1,1,0,1,1
23730418,,0,0.000017,89,0.000007,0,2,2,0,2,2
23593083,,0,0.00001,89,0.000007,0,1,1,0,1,1
29058716,,0.000355,0.00117,231,0.00003,18,12,30,18,12,30
14557987,,0.001859,0,231,0.000306,62,0,62,62,0,62
28222494,,0,0.000035,231,0.000007,0,1,1,0,1,1
26846999,,0,0.000035,231,0.000007,0,1,1,0,1,1
26517870,,0.000065,0.000047,231,0.000017,4,4,8,4,4,8
26473021,,0,0.000035,231,0.000007,0,1,1,0,1,1
24571231,,0,0.000035,231,0.000007,0,1,1,0,1,1
23460800,,0,0.000035,231,0.000007,0,1,1,0,1,1
22028405,,0,0.000035,231,0.000007,0,1,1,0,1,1
21840850,,0,0.000035,231,0.000007,0,1,1,0,1,1
21769933,,0,0.000169,89,0.000007,0,4,4,0,4,4
21143908,,0,0.000036,231,0.000007,0,2,2,0,2,2
21108795,,0,0.000357,100,0.000007,0,4,4,0,4,4
21061173,,0,0.000035,231,0.000007,0,1,1,0,1,1
20505153,,0,0.000128,231,0.000007,0,3,3,0,3,3
20453838,,0,0.000035,231,0.000007,0,1,1,0,1,1
20017987,,0,0.000036,231,0.000007,0,2,2,0,2,2
19959718,,0,0.000035,231,0.000007,0,1,1,0,1,1
19924714,,0,0.000035,231,0.000007,0,1,1,0,1,1
19578364,,0,0.000035,231,0.000007,0,1,1,0,1,1
19567422,,0,0.000035,231,0.000007,0,1,1,0,1,1
19483681,,0,0.000035,231,0.000007,0,1,1,0,1,1
19155440,,0,0.000036,231,0.000007,0,2,2,0,2,2
19011631,,0,0.000035,231,0.000007,0,1,1,0,1,1
17947991,,0,0.000035,231,0.000007,0,1,1,0,1,1
17556763,,0,0.000035,231,0.000007,0,1,1,0,1,1
17534430,,0,0.000035,231,0.000007,0,1,1,0,1,1
16080110,,0,0.000035,231,0.000007,0,1,1,0,1,1
28123515,,0,0.000001,35,0.000007,0,1,1,0,1,1
14559796,,0.000035,0,35,0.000039,7,0,7,7,0,7
21363920,,0,0.000001,35,0.000007,0,1,1,0,1,1
21209778,,0,0.000013,35,0.000007,0,2,2,0,2,2
18408720,,0,0.000013,35,0.000007,0,2,2,0,2,2
17890272,,0,0.000001,35,0.000007,0,1,1,0,1,1
30344710,,0,0.000997,24,0.000007,0,3,3,0,3,3
14559807,,0.018082,0,24,0.000313,105,0,105,105,0,105
30106121,,0,0.000598,176,0.000007,0,4,4,0,4,4
28416665,,0,0.000345,24,0.000007,0,1,1,0,1,1
28261345,,0,0.000671,24,0.000007,0,6,6,0,6,6
27707838,,0,0.002986,1,0.000007,0,4,4,0,4,4
25806231,,0,0.005045,100,0.000007,0,17,17,0,17,17
25496700,,0.000035,0.000403,24,0.000022,4,4,8,4,4,8
24809779,,0.000008,0.001567,24,0.000014,2,9,11,2,9,11
24649147,,0.000003,0.000972,24,0.00001,1,6,7,1,6,7
24460894,,0,0.000345,24,0.000007,0,1,1,0,1,1
24427333,,0,0.000395,24,0.000007,0,4,4,0,4,4
23396362,,0,0.000345,24,0.000007,0,1,1,0,1,1
22866924,,0,0.000642,24,0.000018,3,9,12,3,9,12
22754656,,0,0.001015,24,0.000007,0,7,7,0,7,7
22164127,,0,0.018318,1,0.000007,0,15,15,0,15,15
21569648,,0,0.000502,24,0.000007,0,4,4,0,4,4
21370501,,0.000172,0.000805,24,0.000017,3,4,7,3,4,7
19497791,,0,0.000394,24,0.000007,0,2,2,0,2,2
28819774,,0,0.000157,100,0.000007,0,1,1,0,1,1
14560309,,0.000199,0,35,0.000023,7,0,7,7,0,7
14569130,,0.001983,0,89,0.000091,19,0,19,19,0,19
23569316,,0.011619,0.014267,1,0.000233,85,14,99,85,14,99
23564043,,0,0.000245,89,0.000007,0,3,3,0,3,3
21887676,,0,0.001022,205,0.000007,0,8,8,0,8,8
14569140,,0.000346,0,89,0.000008,3,0,3,3,0,3
29743533,,0,0.000023,231,0.000007,0,4,4,0,4,4
14569185,,0.000217,0,231,0.000033,6,0,6,6,0,6
26305917,,0,0.00744,231,0.000007,0,2,2,0,2,2
25885598,,0,0.000004,231,0.000007,0,1,1,0,1,1
15987431,,0,0.000004,231,0.000007,0,1,1,0,1,1
14572152,,0.000012,0,279,0.000034,6,0,6,6,0,6
22028734,,0,0,279,0.000007,0,1,1,0,1,1
19997623,,0,0,279,0.000007,0,1,1,0,1,1
19087768,,0,0,279,0.000007,0,1,1,0,1,1
15890493,,0,0,279,0.000007,0,1,1,0,1,1
14572939,,0.001249,0,5,0.000087,41,0,41,41,0,41
28057074,,0,0.000024,5,0.000007,0,1,1,0,1,1
26984047,,0,0.000024,5,0.000007,0,1,1,0,1,1
25026992,,0,0.000049,5,0.000007,0,2,2,0,2,2
24845082,,0,0.000197,5,0.000007,0,5,5,0,5,5
23619276,,0,0.000204,5,0.000007,0,6,6,0,6,6
23610051,,0,0.000279,5,0.000007,0,6,6,0,6,6
21992652,,0,0.000024,5,0.000007,0,1,1,0,1,1
21436957,,0,0.000024,5,0.000007,0,1,1,0,1,1
19267384,,0,0.000024,5,0.000007,0,1,1,0,1,1
18259957,,0,0.000024,5,0.000007,0,1,1,0,1,1
16895278,,0,0.000024,5,0.000007,0,1,1,0,1,1
16355488,,0,0.000024,5,0.000007,0,1,1,0,1,1
14573999,,0.000404,0,5,0.000021,7,0,7,7,0,7
19497131,,0,0.000008,5,0.000007,0,1,1,0,1,1
28899898,,0,0.000133,72,0.000007,0,9,9,0,9,9
14574011,,0.000014,0,72,0.00001,2,0,2,2,0,2
26699384,,0,0.000603,72,0.000007,0,3,3,0,3,3
14574012,,0.000458,0,5,0.000011,3,0,3,3,0,3
14574155,,0.004021,0,69,0.000028,16,0,16,16,0,16
28973655,,0,0,101,0.000007,0,1,1,0,1,1
14574163,,0,0,101,0.000013,1,0,1,1,0,1
14574170,,0.000005,0,89,0.000008,1,0,1,1,0,1
14574173,,0.000046,0,5,0.000018,6,0,6,6,0,6
21413899,,0,0.000001,5,0.000007,0,1,1,0,1,1
14576432,,0.025337,0,100,0.000591,235,0,235,235,0,235
29026069,,0,0.001758,100,0.000007,0,3,3,0,3,3
28978405,,0,0.001234,100,0.000007,0,4,4,0,4,4
27940552,,0,0.002303,100,0.000007,0,6,6,0,6,6
27580271,,0,0.001256,100,0.000007,0,4,4,0,4,4
27196765,,0,0.001168,100,0.000007,0,3,3,0,3,3
26400172,,0,0.00188,100,0.000007,0,5,5,0,5,5
25950714,,0,0.000483,100,0.000007,0,1,1,0,1,1
25938242,,0,0.001413,100,0.000007,0,4,4,0,4,4
25795664,,0,0.000483,100,0.000007,0,1,1,0,1,1
25631048,,0,0.000483,100,0.000007,0,1,1,0,1,1
25512557,,0.006951,0.010496,100,0.000056,32,8,40,32,8,40
25486482,,0,0.001344,100,0.000031,4,3,7,4,3,7
25486481,,0,0.00176,100,0.000007,0,5,5,0,5,5
24970147,,0,0.001121,100,0.000007,0,2,2,0,2,2
24870410,,0,0.000833,100,0.000007,0,4,4,0,4,4
24583552,,0,0.000485,100,0.000007,0,2,2,0,2,2
24569222,,0.001141,0.004612,100,0.000089,21,12,33,21,12,33
24239288,,0,0.001121,100,0.000007,0,2,2,0,2,2
23996452,,0,0.000483,100,0.000007,0,1,1,0,1,1
23664375,,0,0.002275,100,0.000007,0,3,3,0,3,3
23508102,,0,0.000573,100,0.000007,0,2,2,0,2,2
23306439,,0,0.000483,100,0.000007,0,1,1,0,1,1
23226797,,0,0.001121,100,0.000007,0,2,2,0,2,2
23034807,,0,0.001121,100,0.000007,0,2,2,0,2,2
22942284,,0,0.001762,100,0.000007,0,5,5,0,5,5
22909821,,0,0.000483,100,0.000007,0,1,1,0,1,1
22908299,,0,0.00148,100,0.000007,0,4,4,0,4,4
22736030,,0,0.001121,100,0.000007,0,2,2,0,2,2
22710164,,0,0.000483,100,0.000007,0,1,1,0,1,1
22562176,,0.000968,0.019184,100,0.000044,11,13,24,11,13,24
22447658,,0,0.000483,100,0.000007,0,1,1,0,1,1
22036607,,0,0.001694,100,0.000007,0,5,5,0,5,5
21785140,,0,0.000483,100,0.000007,0,1,1,0,1,1
21647453,,0,0.000486,100,0.000007,0,2,2,0,2,2
21574625,,0.001786,0.002216,100,0.000017,10,9,19,10,9,19
21282469,,0,0.000483,100,0.000007,0,1,1,0,1,1
21252998,,0,0.001174,100,0.000007,0,4,4,0,4,4
21221999,,0,0.000483,100,0.000007,0,1,1,0,1,1
21134632,,0,0.000483,100,0.000007,0,1,1,0,1,1
20855966,,0,0.000483,100,0.000007,0,1,1,0,1,1
20671152,,0,0.000483,100,0.000007,0,1,1,0,1,1
20649463,,0,0.001121,100,0.000007,0,2,2,0,2,2
20551170,,0,0.001122,100,0.000007,0,3,3,0,3,3
20502673,,0,0.000483,100,0.000007,0,1,1,0,1,1
20347427,,0,0.001776,100,0.000007,0,3,3,0,3,3
20224553,,0,0.002831,100,0.000007,0,5,5,0,5,5
20148280,,0,0.000483,100,0.000007,0,1,1,0,1,1
19937654,,0,0.002198,100,0.000007,0,5,5,0,5,5
19794903,,0,0.000483,100,0.000007,0,1,1,0,1,1
19583951,,0,0.000484,100,0.000007,0,2,2,0,2,2
19468302,,0,0.001121,100,0.000007,0,2,2,0,2,2
19429789,,0,0.000483,100,0.000007,0,1,1,0,1,1
19414588,,0,0.001655,100,0.000007,0,3,3,0,3,3
19270162,,0,0.000483,100,0.000007,0,1,1,0,1,1
19229280,,0,0.001658,100,0.000007,0,4,4,0,4,4
19124460,,0,0.003351,100,0.000007,0,6,6,0,6,6
19109904,,0,0.000483,100,0.000007,0,1,1,0,1,1
19008189,,0,0.000483,100,0.000007,0,1,1,0,1,1
18971944,,0,0.003032,100,0.000007,0,10,10,0,10,10
18718915,,0,0.001152,100,0.000007,0,3,3,0,3,3
17575048,,0,0.001121,100,0.000007,0,2,2,0,2,2
17500065,,0,0.000483,100,0.000007,0,1,1,0,1,1
17299042,,0,0.000483,100,0.000007,0,1,1,0,1,1
17178841,,0,0.000483,100,0.000007,0,1,1,0,1,1
17006541,,0,0.001257,100,0.000007,0,3,3,0,3,3
16619031,,0,0.001222,100,0.000007,0,3,3,0,3,3
16179389,,0,0.001121,100,0.000007,0,2,2,0,2,2
16103226,,0,0.000483,100,0.000007,0,1,1,0,1,1
15972456,,0,0.000483,100,0.000007,0,1,1,0,1,1
15741181,,0,0.001121,100,0.000007,0,2,2,0,2,2
15654100,,0,0.001121,100,0.000007,0,2,2,0,2,2
15155581,,0,0.001121,100,0.000007,0,2,2,0,2,2
14988729,,0,0.000483,100,0.000007,0,1,1,0,1,1
30371756,,0,0.000638,100,0.000007,0,1,1,0,1,1
14576433,,0.033445,0,100,0.000763,300,0,300,300,0,300
30044722,,0,0.000638,100,0.000007,0,1,1,0,1,1
29150431,,0,0.000688,176,0.000007,0,4,4,0,4,4
28174230,,0,0.008074,69,0.000007,0,2,2,0,2,2
27643814,,0,0.000638,100,0.000007,0,1,1,0,1,1
27543292,,0,0.000638,176,0.000007,0,2,2,0,2,2
26779935,,0,0.000638,100,0.000007,0,1,1,0,1,1
26140185,,0,0.000668,100,0.000007,0,4,4,0,4,4
25964244,,0,0.000782,100,0.000007,0,3,3,0,3,3
25688442,,0,0.000638,100,0.000007,0,1,1,0,1,1
25425018,,0,0.000638,100,0.000007,0,1,1,0,1,1
25301947,,0.000017,0.00084,176,0.000013,3,5,8,3,5,8
25137225,,0,0.001169,100,0.000007,0,2,2,0,2,2
25030699,,0,0.000638,100,0.000007,0,1,1,0,1,1
24552704,,0,0.009857,100,0.000007,0,5,5,0,5,5
24367111,,0,0.000638,100,0.000007,0,1,1,0,1,1
23950734,,0,0.000638,100,0.000007,0,1,1,0,1,1
23812044,,0,0.00481,100,0.000007,0,15,15,0,15,15
23394999,,0,0.002432,100,0.000007,0,8,8,0,8,8
23175385,,0,0.000638,100,0.000007,0,1,1,0,1,1
22952573,,0,0.000688,100,0.000007,0,4,4,0,4,4
22522401,,0,0.000656,100,0.000007,0,2,2,0,2,2
22047021,,0,0.007709,100,0.000007,0,3,3,0,3,3
21949367,,0,0.000638,100,0.000007,0,1,1,0,1,1
21558560,,0,0.002111,100,0.000007,0,4,4,0,4,4
20948311,,0,0.000638,100,0.000007,0,1,1,0,1,1
19829069,,0,0.000684,176,0.000007,0,3,3,0,3,3
19549900,,0,0.000777,100,0.000007,0,3,3,0,3,3
19332561,,0,0.000638,100,0.000007,0,1,1,0,1,1
18793411,,0,0.000638,100,0.000007,0,1,1,0,1,1
18473724,,0,0.010285,100,0.000007,0,7,7,0,7,7
18389064,,0,0.000638,100,0.000007,0,1,1,0,1,1
18160410,,0,0.000638,100,0.000007,0,1,1,0,1,1
18003706,,0,0.000638,100,0.000007,0,1,1,0,1,1
17925396,,0,0.001025,100,0.000007,0,4,4,0,4,4
17538688,,0,0.000638,100,0.000007,0,1,1,0,1,1
16724108,,0,0.00064,140,0.000007,0,2,2,0,2,2
16301539,,0,0.000638,100,0.000007,0,1,1,0,1,1
16055722,,0,0.000638,100,0.000007,0,1,1,0,1,1
15897895,,0,0.000638,100,0.000007,0,1,1,0,1,1
15642749,,0,0.000638,100,0.000007,0,1,1,0,1,1
15388846,,0,0.000638,100,0.000007,0,1,1,0,1,1
30464492,,0,0.014398,1,0.000007,0,15,15,0,15,15
14576434,,0.07364,0,5,0.000875,451,0,451,451,0,451
30301218,,0,0.001443,231,0.000007,0,2,2,0,2,2
29887787,,0,0.001829,5,0.000007,0,21,21,0,21,21
29854318,,0,0.001617,69,0.000007,0,3,3,0,3,3
29764806,,0,0.001404,5,0.000007,0,1,1,0,1,1
29696206,,0,0.011599,5,0.000007,0,8,8,0,8,8
29581423,,0,0.001404,5,0.000007,0,1,1,0,1,1
29580149,,0,0.011906,89,0.00001,1,13,14,1,13,14
29244844,,0,0.002236,5,0.000013,1,10,11,1,10,11
29152650,,0,0.001404,5,0.000007,0,1,1,0,1,1
29021619,,0.001599,0.014946,1,0.000014,9,20,29,9,20,29
28989557,,0,0.001404,5,0.000007,0,1,1,0,1,1
28906374,,0,0.001406,231,0.000007,0,2,2,0,2,2
28693981,,0,0.001404,5,0.000007,0,1,1,0,1,1
28630051,,0,0.014199,1,0.000007,0,16,16,0,16,16
28521737,,0,0.001698,5,0.000007,0,4,4,0,4,4
28355431,,0,0.001467,5,0.000007,0,7,7,0,7,7
28299592,,0,0.002926,5,0.000007,0,11,11,0,11,11
27899345,,0,0.001404,5,0.000007,0,1,1,0,1,1
27683484,,0,0.001413,82,0.000007,0,3,3,0,3,3
27667712,,0,0.001958,89,0.000007,0,5,5,0,5,5
27667152,,0,0.001417,57,0.000007,0,2,2,0,2,2
27659353,,0,0.001404,5,0.000007,0,1,1,0,1,1
27462919,,0,0.001404,5,0.000007,0,1,1,0,1,1
27433846,,0.00925,0.004565,1,0.000182,106,12,118,106,12,118
27220626,,0,0.001404,5,0.000007,0,1,1,0,1,1
27047639,,0,0.001404,5,0.000007,0,1,1,0,1,1
27006629,,0,0.001404,5,0.000007,0,1,1,0,1,1
26809773,,0,0.001404,5,0.000007,0,1,1,0,1,1
26770168,,0,0.001407,5,0.000007,0,2,2,0,2,2
26629066,,0,0.001451,231,0.000007,0,6,6,0,6,6
26590952,,0,0.001404,5,0.000007,0,1,1,0,1,1
26351036,,0,0.001836,5,0.000007,0,5,5,0,5,5
26202431,,0,0.001646,5,0.000007,0,6,6,0,6,6
26125302,,0.00005,0.010603,100,0.000008,1,7,8,1,7,8
25981295,,0,0.001493,231,0.000007,0,3,3,0,3,3
25852822,,0,0.001404,5,0.000007,0,1,1,0,1,1
25569148,,0,0.009127,69,0.000007,0,3,3,0,3,3
25493071,,0,0.001404,5,0.000007,0,1,1,0,1,1
25335787,,0,0.001404,5,0.000007,0,1,1,0,1,1
25148879,,0.000103,0.002561,5,0.000009,4,10,14,4,10,14
25093288,,0,0.00171,1,0.000007,0,7,7,0,7,7
24371622,,0,0.001406,89,0.000007,0,2,2,0,2,2
24222909,,0,0.001404,5,0.000007,0,1,1,0,1,1
24141779,,0,0.001785,35,0.000007,0,4,4,0,4,4
23830898,,0,0.001443,231,0.000007,0,2,2,0,2,2
23738139,,0,0.001441,5,0.000007,0,4,4,0,4,4
23555315,,0,0.001461,5,0.000007,0,2,2,0,2,2
23517070,,0.000015,0.001738,5,0.00001,2,12,14,2,12,14
23342141,,0,0.001417,35,0.000007,0,2,2,0,2,2
23266352,,0,0.001799,5,0.000007,0,7,7,0,7,7
23257362,,0.016884,0.019973,69,0.000464,142,7,149,142,7,149
23249957,,0.002908,0.001629,89,0.000075,34,11,45,34,11,45
23128152,,0,0.001404,5,0.000007,0,1,1,0,1,1
23071527,,0,0.002668,5,0.000007,0,6,6,0,6,6
23006843,,0,0.001404,5,0.000007,0,1,1,0,1,1
22894485,,0,0.001451,5,0.000007,0,3,3,0,3,3
22809218,,0,0.002007,5,0.000007,0,6,6,0,6,6
22695395,,0,0.001558,89,0.000007,0,4,4,0,4,4
22606018,,0,0.002187,231,0.000007,0,5,5,0,5,5
22515190,,0,0.00174,35,0.000007,0,3,3,0,3,3
22330607,,0,0.011625,1,0.000007,0,5,5,0,5,5
22006311,,0.044894,0.027885,1,0.000287,186,18,204,186,18,204
21910929,,0,0.001719,205,0.000007,0,3,3,0,3,3
21908578,,0,0.018512,1,0.000007,0,6,6,0,6,6
21622727,,0,0.001443,69,0.000007,0,3,3,0,3,3
21593786,,0,0.010302,1,0.000007,0,3,3,0,3,3
21537476,,0,0.004063,1,0.000007,0,4,4,0,4,4
21041413,,0,0.001404,5,0.000007,0,1,1,0,1,1
20934515,,0,0.001404,5,0.000007,0,1,1,0,1,1
20668533,,0,0.001404,5,0.000007,0,1,1,0,1,1
19998110,,0,0.001404,5,0.000007,0,1,1,0,1,1
19743960,,0,0.001404,5,0.000007,0,1,1,0,1,1
19444084,,0,0.001404,5,0.000007,0,1,1,0,1,1
19074869,,0.000005,0.001606,35,0.000059,11,5,16,11,5,16
18307792,,0,0.001404,5,0.000007,0,1,1,0,1,1
18226176,,0,0.001404,5,0.000007,0,1,1,0,1,1
17488519,,0,0.001434,231,0.000007,0,2,2,0,2,2
17326708,,0,0.001404,5,0.000007,0,1,1,0,1,1
17187507,,0,0.001404,5,0.000007,0,1,1,0,1,1
16934133,,0,0.001404,5,0.000007,0,1,1,0,1,1
16079059,,0,0.001404,5,0.000007,0,1,1,0,1,1
29349072,,0,0.000006,89,0.000007,0,1,1,0,1,1
14578141,,0.000325,0,89,0.000014,4,0,4,4,0,4
17631130,,0,0.000026,89,0.000007,0,1,1,0,1,1
14581427,,0.001381,0,5,0.000036,24,0,24,24,0,24
24690515,,0.000339,0.001716,5,0.000011,4,14,18,4,14,18
24832469,,0,0.000048,35,0.000007,0,3,3,0,3,3
27822395,,0,0.000001,140,0.000007,0,1,1,0,1,1
14584079,,0.000031,0,140,0.000041,7,0,7,7,0,7
20704743,,0,0.000008,140,0.000007,0,2,2,0,2,2
19197386,,0,0.000001,140,0.000007,0,1,1,0,1,1
18521406,,0,0.000001,140,0.000007,0,1,1,0,1,1
17008869,,0,0.000001,140,0.000007,0,1,1,0,1,1
15908567,,0,0.000001,140,0.000007,0,1,1,0,1,1
29317830,,0,0.000038,231,0.000007,0,1,1,0,1,1
14599770,,0.001996,0,231,0.000115,33,0,33,33,0,33
29069735,,0,0.000038,231,0.000007,0,1,1,0,1,1
27499778,,0,0.000038,231,0.000007,0,1,1,0,1,1
27390022,,0,0.000038,231,0.000007,0,1,1,0,1,1
27105509,,0,0.000038,231,0.000007,0,1,1,0,1,1
26617897,,0,0.000038,231,0.000007,0,1,1,0,1,1
25026294,,0,0.00004,137,0.000007,0,2,2,0,2,2
24681298,,0,0.000038,231,0.000007,0,1,1,0,1,1
24247150,,0,0.000038,231,0.000007,0,1,1,0,1,1
22977194,,0,0.000041,231,0.000007,0,2,2,0,2,2
21423629,,0,0.000065,231,0.000007,0,3,3,0,3,3
20169201,,0,0.000038,231,0.000007,0,1,1,0,1,1
19579069,,0,0.000038,231,0.000007,0,1,1,0,1,1
18042714,,0,0.011286,1,0.000007,0,3,3,0,3,3
17848989,,0,0.000038,231,0.000007,0,1,1,0,1,1
14600100,,0.000099,0,69,0.000008,1,0,1,1,0,1
28790484,,0,0.00127,82,0.000007,0,6,6,0,6,6
14601029,,0.000538,0,82,0.000121,37,0,37,37,0,37
27902461,,0,0.000017,82,0.000007,0,3,3,0,3,3
27034017,,0,0.002,82,0.000007,0,7,7,0,7,7
25206306,,0,0.00001,82,0.000007,0,1,1,0,1,1
24796539,,0,0.000016,82,0.000007,0,2,2,0,2,2
24740154,,0,0.00001,82,0.000007,0,1,1,0,1,1
24148311,,0,0.000016,82,0.000007,0,2,2,0,2,2
23660011,,0,0.000017,82,0.000007,0,2,2,0,2,2
23564047,,0,0.000016,82,0.000007,0,2,2,0,2,2
23396964,,0,0.00001,82,0.000007,0,1,1,0,1,1
23129385,,0,0.00001,82,0.000007,0,1,1,0,1,1
23064873,,0,0.00001,82,0.000007,0,1,1,0,1,1
22948022,,0,0.00001,82,0.000007,0,1,1,0,1,1
22714738,,0,0.00001,82,0.000007,0,1,1,0,1,1
21959049,,0,0.000085,82,0.000007,0,3,3,0,3,3
20631155,,0,0.000011,82,0.000007,0,2,2,0,2,2
19251732,,0,0.00001,82,0.000007,0,1,1,0,1,1
19035517,,0,0.00001,82,0.000007,0,1,1,0,1,1
18701471,,0,0.000018,82,0.000007,0,2,2,0,2,2
18508994,,0,0.00006,82,0.000007,0,4,4,0,4,4
18360876,,0,0.00001,82,0.000007,0,1,1,0,1,1
17478474,,0,0.00001,82,0.000007,0,1,1,0,1,1
15988677,,0,0.00004,89,0.000007,0,2,2,0,2,2
15491493,,0,0.00001,82,0.000007,0,1,1,0,1,1
20001580,,0,0.000139,5,0.000007,0,4,4,0,4,4
14608112,,0.000003,0,5,0.000009,1,0,1,1,0,1
24032550,,0,0.000006,69,0.000007,0,1,1,0,1,1
22496782,,0,0.000006,69,0.000007,0,1,1,0,1,1
22403726,,0,0.007538,69,0.000007,0,5,5,0,5,5
21978460,,0,0.000006,69,0.000007,0,1,1,0,1,1
21521521,,0,0.000006,69,0.000007,0,1,1,0,1,1
21421660,,0,0.000528,69,0.000007,0,5,5,0,5,5
20649989,,0,0.000006,69,0.000007,0,1,1,0,1,1
20195382,,0,0.000006,2,0.000007,0,2,2,0,2,2
25268620,,0,0.000206,100,0.000007,0,6,6,0,6,6
21300782,,0,0.000037,35,0.000007,0,2,2,0,2,2
18818322,,0,0.000049,176,0.000007,0,2,2,0,2,2
18367227,,0,0.000049,176,0.000007,0,2,2,0,2,2
15956975,,0,0.000007,279,0.000007,0,1,1,0,1,1
14614327,,0.000361,0,279,0.000012,4,0,4,4,0,4
14615451,,0.004208,0,69,0.000037,24,0,24,24,0,24
23993887,,0,0.000805,69,0.000007,0,6,6,0,6,6
19141782,,0,0.000782,5,0.000007,0,5,5,0,5,5
14616001,,0.000052,0,90,0.000058,11,0,11,11,0,11
23718777,,0,0.000001,90,0.000007,0,1,1,0,1,1
22687054,,0,0.000001,90,0.000007,0,2,2,0,2,2
22438731,,0,0.000001,90,0.000007,0,1,1,0,1,1
20817123,,0,0.000001,90,0.000007,0,1,1,0,1,1
20672091,,0,0.000001,90,0.000007,0,1,1,0,1,1
19156293,,0,0.000001,90,0.000007,0,1,1,0,1,1
19066865,,0,0.000001,90,0.000007,0,1,1,0,1,1
17465531,,0,0.000001,90,0.000007,0,1,1,0,1,1
14616950,,0.00093,0,1,0.000008,2,0,2,2,0,2
14617836,,0.000086,0,89,0.000009,2,0,2,2,0,2
14618615,,0.000754,0,231,0.000024,18,0,18,18,0,18
29156626,,0,0,102,0.000007,0,1,1,0,1,1
14623252,,0,0,102,0.000013,1,0,1,1,0,1
22977536,,0,0,103,0.000007,0,1,1,0,1,1
14623548,,0,0,103,0.000031,4,0,4,4,0,4
19838836,,0,0,103,0.000007,0,1,1,0,1,1
17169390,,0,0,103,0.000007,0,1,1,0,1,1
16250911,,0,0,103,0.000007,0,1,1,0,1,1
14630541,,0.000113,0,41,0.00001,2,0,2,2,0,2
30479693,,0,0.000021,1,0.000007,0,3,3,0,3,3
17981610,,0,0,89,0.000007,0,1,1,0,1,1
14960505,,0,0,89,0.000007,0,1,1,0,1,1
30272359,,0,0.000422,100,0.000007,0,3,3,0,3,3
14636569,,0.010792,0,100,0.000357,87,0,87,87,0,87
30093884,,0,0.000206,100,0.000007,0,1,1,0,1,1
28415713,,0,0.000216,90,0.000007,0,2,2,0,2,2
27993934,,0,0.003106,100,0.000007,0,6,6,0,6,6
27288411,,0,0.004285,100,0.000007,0,17,17,0,17,17
27042221,,0,0.000796,100,0.000007,0,4,4,0,4,4
26740569,,0,0.000206,100,0.000007,0,1,1,0,1,1
26507658,,0,0.001766,100,0.000007,0,6,6,0,6,6
26344097,,0,0.002711,100,0.000007,0,7,7,0,7,7
24895586,,0,0.000206,100,0.000007,0,1,1,0,1,1
24600466,,0,0.00021,100,0.000007,0,2,2,0,2,2
24454762,,0,0.000428,100,0.000007,0,2,2,0,2,2
23935848,,0,0.00101,100,0.000007,0,4,4,0,4,4
22331459,,0.003506,0.001165,231,0.000106,54,7,61,54,7,61
22315970,,0,0.000206,100,0.000007,0,1,1,0,1,1
21917757,,0,0.018606,100,0.000007,0,7,7,0,7,7
21695226,,0,0.000206,100,0.000007,0,1,1,0,1,1
21596366,,0,0.00035,100,0.000007,0,2,2,0,2,2
20543027,,0,0.000206,100,0.000007,0,1,1,0,1,1
20467039,,0,0.000206,100,0.000007,0,1,1,0,1,1
20427185,,0,0.000206,100,0.000007,0,1,1,0,1,1
19214193,,0,0.001667,100,0.000007,0,3,3,0,3,3
19128516,,0,0.000206,100,0.000007,0,1,1,0,1,1
14638690,,0.007041,0,100,0.000181,64,0,64,64,0,64
27285106,,0,0.000134,100,0.000007,0,1,1,0,1,1
26471122,,0,0.000134,100,0.000007,0,1,1,0,1,1
26389696,,0,0.000153,168,0.000007,0,2,2,0,2,2
26061460,,0,0.000134,100,0.000007,0,1,1,0,1,1
25401704,,0,0.000134,100,0.000007,0,1,1,0,1,1
25216678,,0,0.000144,100,0.000007,0,2,2,0,2,2
24260525,,0,0.000134,100,0.000007,0,1,1,0,1,1
21311953,,0,0.000134,100,0.000007,0,1,1,0,1,1
21307201,,0,0.000134,100,0.000007,0,1,1,0,1,1
20937767,,0,0.000134,100,0.000007,0,1,1,0,1,1
20003470,,0,0.000771,100,0.000007,0,2,2,0,2,2
19858201,,0,0.000134,100,0.000007,0,1,1,0,1,1
19345192,,0,0.000134,100,0.000007,0,1,1,0,1,1
18438605,,0,0.000134,100,0.000007,0,1,1,0,1,1
17220175,,0,0.000134,100,0.000007,0,1,1,0,1,1
14639700,,0.000434,0,5,0.000015,7,0,7,7,0,7
23737081,,0,0.000562,5,0.000007,0,5,5,0,5,5
14642925,,0.000245,0,5,0.000167,25,0,25,25,0,25
28241273,,0,0.000005,5,0.000007,0,1,1,0,1,1
27853392,,0,0.000005,5,0.000007,0,1,1,0,1,1
26775906,,0,0.000027,5,0.000007,0,3,3,0,3,3
26361413,,0,0.000005,5,0.000007,0,1,1,0,1,1
25990390,,0,0.000054,5,0.000007,0,3,3,0,3,3
24872740,,0,0.000005,5,0.000007,0,1,1,0,1,1
24872734,,0,0.000005,5,0.000007,0,1,1,0,1,1
24810441,,0,0.000005,97,0.000007,0,2,2,0,2,2
24416553,,0,0.000005,5,0.000007,0,1,1,0,1,1
24405573,,0,0.000007,5,0.000007,0,2,2,0,2,2
23346250,,0,0.000005,5,0.000007,0,1,1,0,1,1
23330026,,0,0.000032,5,0.000007,0,2,2,0,2,2
21695095,,0,0.000005,5,0.000007,0,1,1,0,1,1
21331349,,0,0.000005,5,0.000007,0,1,1,0,1,1
19317994,,0,0.000005,5,0.000007,0,1,1,0,1,1
16857060,,0,0.000005,5,0.000007,0,1,1,0,1,1
16677195,,0,0.000005,5,0.000007,0,1,1,0,1,1
14644329,,0.000367,0,41,0.000015,7,0,7,7,0,7
24029142,,0,0.000184,41,0.000007,0,2,2,0,2,2
21206776,,0,0.000006,5,0.000007,0,1,1,0,1,1
14645421,,0.000316,0,5,0.000025,8,0,8,8,0,8
19385838,,0,0.000006,5,0.000007,0,1,1,0,1,1
14647430,,0.001346,0,247,0.000052,17,0,17,17,0,17
26985906,,0.000018,0.000034,247,0.00002,3,2,5,3,2,5
25393401,,0,0.000026,247,0.000007,0,1,1,0,1,1
22846997,,0,0.000026,247,0.000007,0,1,1,0,1,1
19036725,,0,0.000026,247,0.000007,0,1,1,0,1,1
18585411,,0,0.000026,247,0.000007,0,1,1,0,1,1
14647443,,0.001839,0,100,0.000019,9,0,9,9,0,9
26562302,,0,0.000011,231,0.000007,0,1,1,0,1,1
14648706,,0.000586,0,231,0.000047,10,0,10,10,0,10
21223998,,0,0.000011,231,0.000007,0,1,1,0,1,1
14648717,,0.000791,0,231,0.000017,8,0,8,8,0,8
14648718,,0.00034,0,231,0.000017,8,0,8,8,0,8
29321312,,0,0.000028,100,0.000007,0,1,1,0,1,1
14654780,,0.001474,0,100,0.000089,18,0,18,18,0,18
26008701,,0,0.000607,100,0.000007,0,5,5,0,5,5
25193017,,0,0.000028,100,0.000007,0,1,1,0,1,1
22570175,,0,0.000028,100,0.000007,0,1,1,0,1,1
22231403,,0,0.0001,176,0.000007,0,2,2,0,2,2
20682032,,0,0.000028,100,0.000007,0,1,1,0,1,1
20511395,,0,0.000028,100,0.000007,0,1,1,0,1,1
20144232,,0,0.000028,100,0.000007,0,1,1,0,1,1
19940145,,0,0.000028,100,0.000007,0,1,1,0,1,1
19372575,,0,0.000028,100,0.000007,0,1,1,0,1,1
18850011,,0,0.000028,100,0.000007,0,1,1,0,1,1
16314517,,0,0.000028,100,0.000007,0,1,1,0,1,1
29059299,,0,0.000002,176,0.000007,0,1,1,0,1,1
14654792,,0.000116,0,176,0.00003,6,0,6,6,0,6
20581060,,0,0.000002,176,0.000007,0,2,2,0,2,2
18056432,,0,0.000002,176,0.000007,0,1,1,0,1,1
16887021,,0,0.000009,176,0.000007,0,2,2,0,2,2
26823733,,0,0,104,0.000007,0,1,1,0,1,1
14656402,,0,0,104,0.000019,2,0,2,2,0,2
19146669,,0,0,104,0.000007,0,1,1,0,1,1
14658222,,0.000219,0,89,0.000008,2,0,2,2,0,2
14658447,,0.000165,0,5,0.000025,8,0,8,8,0,8
14659341,,0.000043,0,5,0.000016,4,0,4,4,0,4
30111980,,0,0.000027,5,0.000007,0,6,6,0,6,6
20479646,,0,0.000001,5,0.000007,0,1,1,0,1,1
14660588,,0.000692,0,168,0.000026,9,0,9,9,0,9
24294107,,0,0.000018,168,0.000007,0,2,2,0,2,2
22936947,,0,0.000019,168,0.000007,0,2,2,0,2,2
17000779,,0,0.000013,168,0.000007,0,1,1,0,1,1
25858932,,0,0,105,0.000007,0,1,1,0,1,1
14661035,,0,0,105,0.000019,2,0,2,2,0,2
22613849,,0,0,105,0.000007,0,1,1,0,1,1
14662532,,0.005052,0,5,0.000039,41,0,41,41,0,41
29801090,,0,0.001561,205,0.00001,1,15,16,1,15,16
27888945,,0,0.000223,5,0.000007,0,3,3,0,3,3
27577619,,0,0.000223,5,0.000007,0,3,3,0,3,3
26867710,,0.000915,0.000649,5,0.000035,17,16,33,17,16,33
24423928,,0.000115,0.001274,5,0.000011,5,22,27,5,22,27
21532809,,0,0.000622,5,0.000007,0,6,6,0,6,6
17414604,,0,0.000243,5,0.000007,0,3,3,0,3,3
14666193,,0.000655,0,89,0.00001,6,0,6,6,0,6
27533245,,0,0.000032,5,0.000007,0,1,1,0,1,1
14668547,,0.001689,0,5,0.000044,12,0,12,12,0,12
14668548,,0.003118,0,69,0.000019,21,0,21,21,0,21
23425942,,0,0.000767,69,0.000007,0,4,4,0,4,4
29142588,,0,0,106,0.000007,0,1,1,0,1,1
14671396,,0,0,106,0.000049,7,0,7,7,0,7
28670332,,0,0,106,0.000007,0,1,1,0,1,1
22691413,,0,0,106,0.000007,0,1,1,0,1,1
22609851,,0,0,106,0.000007,0,1,1,0,1,1
22384035,,0,0,106,0.000007,0,1,1,0,1,1
20172961,,0,0,106,0.000007,0,1,1,0,1,1
15916713,,0,0,106,0.000007,0,1,1,0,1,1
14672397,,0.000129,0,35,0.000014,2,0,2,2,0,2
28384078,,0,0,107,0.000007,0,1,1,0,1,1
14673037,,0.000008,0,107,0.000038,6,0,6,6,0,6
26037468,,0,0,107,0.000007,0,1,1,0,1,1
24980567,,0,0,107,0.000007,0,1,1,0,1,1
21666498,,0,0,107,0.000007,0,1,1,0,1,1
20156809,,0,0,107,0.000007,0,1,1,0,1,1
14678969,,0.000928,0,231,0.000033,26,0,26,26,0,26
30061361,,0,0.002606,1,0.000007,0,18,18,0,18,18
28150129,,0,0.00076,5,0.000007,0,13,13,0,13,13
16356211,,0,0.000199,5,0.000007,0,1,1,0,1,1
14684619,,0.000044,0,140,0.000007,1,0,1,1,0,1
29387823,,0,0,5,0.000007,0,1,1,0,1,1
25033203,,0,0,5,0.000007,0,1,1,0,1,1
17519034,,0,0,5,0.000007,0,1,1,0,1,1
16670003,,0,0,5,0.000007,0,1,1,0,1,1
14689060,,0.000169,0,89,0.00001,3,0,3,3,0,3
14693741,,0.000307,0,5,0.000019,9,0,9,9,0,9
20166130,,0,0.000006,5,0.000007,0,1,1,0,1,1
14694444,,0.000224,0,90,0.000025,8,0,8,8,0,8
24164046,,0,0.000008,90,0.000007,0,2,2,0,2,2
22114475,,0,0.000008,90,0.000007,0,2,2,0,2,2
18974148,,0,0.000004,90,0.000007,0,1,1,0,1,1
29416752,,0,0.00047,100,0.000007,0,2,2,0,2,2
14695169,,0.000943,0,100,0.000027,16,0,16,16,0,16
26201965,,0,0.000657,100,0.000007,0,5,5,0,5,5
18786261,,0,0.000985,100,0.000007,0,5,5,0,5,5
29789392,,0.000486,0.002189,100,0.000009,5,10,15,5,10,15
29354390,,0,0.000454,100,0.000007,0,2,2,0,2,2
27167194,,0.000102,0.009788,1,0.000018,5,6,11,5,6,11
26447757,,0,0.000584,100,0.000007,0,4,4,0,4,4
26089688,,0,0.000305,176,0.000007,0,2,2,0,2,2
25808488,,0,0.000276,100,0.000007,0,1,1,0,1,1
25531207,,0,0.000276,100,0.000007,0,1,1,0,1,1
25483076,,0,0.000572,100,0.000007,0,3,3,0,3,3
24764296,,0,0.000407,100,0.000007,0,3,3,0,3,3
24349411,,0,0.000335,1,0.000007,0,3,3,0,3,3
23776527,,0,0.000276,100,0.000007,0,1,1,0,1,1
23233807,,0,0.000523,176,0.000007,0,4,4,0,4,4
23071597,,0.008642,0.011093,1,0.000069,34,12,46,34,12,46
21963792,,0,0.000361,57,0.000007,0,3,3,0,3,3
21907711,,0,0.000376,176,0.000007,0,4,4,0,4,4
21239475,,0,0.018753,1,0.000007,0,6,6,0,6,6
21209379,,0,0.000341,57,0.000007,0,2,2,0,2,2
20128802,,0,0.000276,100,0.000007,0,1,1,0,1,1
19942681,,0.004433,0.003002,100,0.000128,38,12,50,38,12,50
18809224,,0,0.001068,100,0.000007,0,4,4,0,4,4
16540648,,0,0.000276,100,0.000007,0,1,1,0,1,1
16374512,,0,0.000276,100,0.000007,0,1,1,0,1,1
14709649,,0.000061,0,89,0.000013,2,0,2,2,0,2
14709725,,0.000104,0,205,0.000013,2,0,2,2,0,2
29321669,,0,0.000928,89,0.000007,0,7,7,0,7,7
14709734,,0.001632,0,89,0.000046,16,0,16,16,0,16
28135145,,0.000498,0.00279,205,0.00005,17,11,28,17,11,28
19437533,,0,0.000031,89,0.000007,0,1,1,0,1,1
14709740,,0.000595,0,89,0.000027,12,0,12,12,0,12
29787591,,0,0.000087,90,0.000007,0,4,4,0,4,4
14710355,,0.000527,0,90,0.00004,14,0,14,14,0,14
29017547,,0,0.00001,90,0.000007,0,1,1,0,1,1
28100260,,0,0.000092,90,0.000007,0,3,3,0,3,3
14711411,,0.003882,0,100,0.000142,46,0,46,46,0,46
29472245,,0,0.000137,100,0.000007,0,3,3,0,3,3
29358669,,0,0.000074,100,0.000007,0,1,1,0,1,1
29046436,,0,0.000074,100,0.000007,0,1,1,0,1,1
28463453,,0,0.000106,100,0.000007,0,2,2,0,2,2
27669035,,0,0.000074,100,0.000007,0,1,1,0,1,1
26434722,,0,0.000074,100,0.000007,0,1,1,0,1,1
25853498,,0,0.000139,35,0.000007,0,2,2,0,2,2
24586407,,0,0.000074,100,0.000007,0,1,1,0,1,1
24424777,,0,0.000183,100,0.000007,0,2,2,0,2,2
24013725,,0,0.000074,100,0.000007,0,1,1,0,1,1
23505385,,0,0.000206,100,0.000007,0,2,2,0,2,2
22761594,,0,0.000074,100,0.000007,0,1,1,0,1,1
22412391,,0,0.016602,1,0.000007,0,6,6,0,6,6
22350747,,0,0.000074,100,0.000007,0,1,1,0,1,1
20175192,,0,0.00038,279,0.000007,0,4,4,0,4,4
20008570,,0,0.000139,100,0.000007,0,2,2,0,2,2
18566021,,0,0.000074,100,0.000007,0,1,1,0,1,1
17472752,,0,0.000074,100,0.000007,0,1,1,0,1,1
16319925,,0,0.000074,100,0.000007,0,1,1,0,1,1
15207008,,0,0.000074,100,0.000007,0,1,1,0,1,1
14712086,,0.002715,0,100,0.000058,32,0,32,32,0,32
28031783,,0,0.001273,100,0.000007,0,4,4,0,4,4
25038251,,0,0.000132,100,0.000007,0,2,2,0,2,2
21291880,,0,0.003148,100,0.000007,0,8,8,0,8,8
21182782,,0,0.000068,100,0.000007,0,2,2,0,2,2
20603073,,0,0.000187,100,0.000007,0,2,2,0,2,2
14718789,,0.000086,0,89,0.000007,1,0,1,1,0,1
30234014,,0,0.000689,89,0.000007,0,8,8,0,8,8
14722926,,0.001422,0,89,0.000021,17,0,17,17,0,17
29434475,,0,0.000027,89,0.000007,0,1,1,0,1,1
14723904,,0.000461,0,5,0.000029,9,0,9,9,0,9
15646439,,0,0.000009,5,0.000007,0,1,1,0,1,1
14726022,,0.000245,0,100,0.000031,9,0,9,9,0,9
16283527,,0,0.000005,100,0.000007,0,1,1,0,1,1
28594399,,0,0.000001,108,0.000007,0,1,1,0,1,1
14726699,,0.000031,0,108,0.000054,13,0,13,13,0,13
26153406,,0,0.000001,108,0.000007,0,1,1,0,1,1
22302033,,0,0.001177,108,0.000007,0,6,6,0,6,6
22171782,,0,0.000001,108,0.000007,0,1,1,0,1,1
21532884,,0,0.000003,108,0.000007,0,2,2,0,2,2
19457610,,0,0.000001,108,0.000007,0,1,1,0,1,1
14726700,,0.002229,0,205,0.000043,21,0,21,21,0,21
27899186,,0,0.000349,205,0.000007,0,8,8,0,8,8
26226902,,0,0.000506,205,0.000007,0,8,8,0,8,8
23673020,,0,0.015945,1,0.000007,0,7,7,0,7,7
21749982,,0,0.000454,205,0.000007,0,2,2,0,2,2
21631264,,0,0.000251,205,0.000007,0,2,2,0,2,2
21512581,,0,0.000043,205,0.000007,0,1,1,0,1,1
19343140,,0,0.000126,205,0.000007,0,2,2,0,2,2
19064568,,0,0.000043,205,0.000007,0,1,1,0,1,1
14729053,,0.003552,0,100,0.000063,30,0,30,30,0,30
24830737,,0,0.000088,176,0.000007,0,3,3,0,3,3
21505456,,0,0.000084,176,0.000007,0,2,2,0,2,2
19309509,,0,0.000068,100,0.000007,0,1,1,0,1,1
16741566,,0,0.000068,100,0.000007,0,1,1,0,1,1
30390716,,0,0.000507,231,0.000007,0,9,9,0,9,9
14729590,,0.001086,0,90,0.000187,42,0,42,42,0,42
29208999,,0,0.000021,90,0.000007,0,1,1,0,1,1
28732538,,0,0.000021,90,0.000007,0,1,1,0,1,1
27006379,,0,0.000025,90,0.000007,0,2,2,0,2,2
26174168,,0,0.000021,90,0.000007,0,1,1,0,1,1
25628724,,0,0.000021,90,0.000007,0,1,1,0,1,1
25335465,,0,0.000021,90,0.000007,0,1,1,0,1,1
25032259,,0,0.000033,90,0.000007,0,2,2,0,2,2
24443815,,0,0.000021,90,0.000007,0,1,1,0,1,1
24352881,,0,0.000021,90,0.000007,0,1,1,0,1,1
23805170,,0,0.000021,90,0.000007,0,1,1,0,1,1
23392570,,0,0.000033,90,0.000007,0,2,2,0,2,2
22514210,,0,0.000021,90,0.000007,0,1,1,0,1,1
22017681,,0,0.000025,90,0.000007,0,2,2,0,2,2
21911827,,0,0.000021,90,0.000007,0,1,1,0,1,1
21327460,,0,0.000021,90,0.000007,0,1,1,0,1,1
21167133,,0,0.000021,90,0.000007,0,1,1,0,1,1
21067551,,0,0.000022,90,0.000007,0,2,2,0,2,2
20980638,,0,0.000048,90,0.000007,0,3,3,0,3,3
20232392,,0,0.000026,90,0.000007,0,3,3,0,3,3
19358274,,0,0.000021,90,0.000007,0,1,1,0,1,1
18492603,,0,0.000021,90,0.000007,0,1,1,0,1,1
18471300,,0,0.000021,90,0.000007,0,1,1,0,1,1
18392054,,0.0002,0.000754,90,0.000164,41,7,48,41,7,48
18174952,,0,0.000021,90,0.000007,0,1,1,0,1,1
17398067,,0,0.000021,90,0.000007,0,1,1,0,1,1
17186522,,0,0.000021,90,0.000007,0,1,1,0,1,1
16160699,,0,0.000021,90,0.000007,0,1,1,0,1,1
15987435,,0,0.000021,90,0.000007,0,1,1,0,1,1
29033980,,0,0.000132,90,0.000007,0,2,2,0,2,2
28439082,,0.000061,0.001329,35,0.000009,1,6,7,1,6,7
26504831,,0,0.000446,69,0.000007,0,4,4,0,4,4
25703331,,0,0.003258,35,0.000007,0,11,11,0,11,11
24825509,,0,0.00042,35,0.000007,0,2,2,0,2,2
22328835,,0,0.000121,41,0.000007,0,2,2,0,2,2
18539959,,0,0.000927,35,0.000007,0,4,4,0,4,4
25919398,,0,0.000001,108,0.000007,0,1,1,0,1,1
14732174,,0.000028,0,108,0.000023,4,0,4,4,0,4
25117088,,0,0.000001,108,0.000007,0,1,1,0,1,1
24416386,,0,0.000002,108,0.000007,0,2,2,0,2,2
14732180,,0.000109,0,89,0.000008,1,0,1,1,0,1
29600163,,0,0.000216,90,0.000007,0,4,4,0,4,4
14732925,,0.001428,0,90,0.000052,22,0,22,22,0,22
28451590,,0,0.000422,90,0.000007,0,6,6,0,6,6
26474308,,0,0.000027,90,0.000007,0,1,1,0,1,1
25515784,,0,0.000027,90,0.000007,0,1,1,0,1,1
23029355,,0,0.000027,90,0.000007,0,1,1,0,1,1
18197783,,0,0.000122,90,0.000007,0,3,3,0,3,3
17540032,,0,0.000036,90,0.000007,0,2,2,0,2,2
14734448,,0.000472,0,279,0.000098,38,0,38,38,0,38
28325946,,0,0.000028,279,0.000007,0,2,2,0,2,2
27028854,,0,0.000053,279,0.000007,0,5,5,0,5,5
25538088,,0,0.000018,279,0.000007,0,2,2,0,2,2
24790823,,0,0.00001,279,0.000007,0,2,2,0,2,2
23326810,,0,0.000032,279,0.000007,0,2,2,0,2,2
23242141,,0,0.000021,279,0.000007,0,5,5,0,5,5
21775555,,0,0.000009,279,0.000007,0,1,1,0,1,1
21124756,,0,0.000009,279,0.000007,0,1,1,0,1,1
21081052,,0,0.000009,279,0.000007,0,1,1,0,1,1
19618401,,0,0.000009,279,0.000007,0,1,1,0,1,1
19235040,,0,0.000026,279,0.000007,0,3,3,0,3,3
17692468,,0,0.000092,279,0.000007,0,2,2,0,2,2
17194184,,0,0.000009,279,0.000007,0,1,1,0,1,1
16677416,,0,0.00003,5,0.000007,0,5,5,0,5,5
16168138,,0,0.000015,5,0.000007,0,3,3,0,3,3
15301688,,0,0.000009,279,0.000007,0,1,1,0,1,1
14734460,,0.000002,0,89,0.000041,7,0,7,7,0,7
25893174,,0,0,89,0.000007,0,1,1,0,1,1
24847427,,0,0,89,0.000007,0,1,1,0,1,1
22548205,,0,0,89,0.000007,0,1,1,0,1,1
20386084,,0,0,89,0.000007,0,1,1,0,1,1
17069651,,0,0,89,0.000007,0,1,1,0,1,1
28727259,,0,0.000019,5,0.000007,0,1,1,0,1,1
24446671,,0,0.000019,5,0.000007,0,1,1,0,1,1
23503693,,0,0.000169,5,0.000007,0,9,9,0,9,9
14735581,,0.000556,0,5,0.000026,14,0,14,14,0,14
24512316,,0,0.000011,5,0.000007,0,1,1,0,1,1
14739058,,0.000144,0,69,0.000015,3,0,3,3,0,3
20368822,,0,0.000003,69,0.000007,0,1,1,0,1,1
29118075,,0,0.000004,176,0.000007,0,1,1,0,1,1
14743382,,0.000207,0,176,0.000137,29,0,29,29,0,29
28259974,,0,0.000004,176,0.000007,0,1,1,0,1,1
25918161,,0,0.000004,176,0.000007,0,1,1,0,1,1
25849377,,0,0.000004,176,0.000007,0,1,1,0,1,1
25482935,,0,0.000275,176,0.000007,0,5,5,0,5,5
25216549,,0,0.000004,176,0.000007,0,1,1,0,1,1
24482633,,0,0.000004,176,0.000007,0,1,1,0,1,1
23593991,,0,0.000421,176,0.000007,0,4,4,0,4,4
23434653,,0,0.000004,176,0.000007,0,1,1,0,1,1
23351311,,0,0.000034,176,0.000007,0,2,2,0,2,2
23242585,,0,0.000193,176,0.000007,0,3,3,0,3,3
22843880,,0,0.000004,176,0.000007,0,1,1,0,1,1
22430210,,0,0.000004,176,0.000007,0,1,1,0,1,1
22131880,,0,0.000004,176,0.000007,0,1,1,0,1,1
22086611,,0,0.000004,176,0.000007,0,1,1,0,1,1
21919057,,0,0.000004,176,0.000007,0,1,1,0,1,1
21592546,,0,0.000004,176,0.000007,0,1,1,0,1,1
21487606,,0,0.000004,176,0.000007,0,1,1,0,1,1
20682067,,0,0.000004,176,0.000007,0,1,1,0,1,1
19936915,,0,0.000066,176,0.000007,0,3,3,0,3,3
19883227,,0,0.000004,176,0.000007,0,2,2,0,2,2
19440234,,0,0.000004,176,0.000007,0,1,1,0,1,1
19139112,,0,0.000028,176,0.000007,0,2,2,0,2,2
18793717,,0,0.000004,176,0.000007,0,1,1,0,1,1
14743504,,0.005166,0,1,0.000059,24,0,24,24,0,24
22954699,,0,0.000102,279,0.00001,1,2,3,1,2,3
22629442,,0,0.000111,35,0.000007,0,2,2,0,2,2
20885788,,0,0.000461,1,0.000007,0,4,4,0,4,4
17982127,,0,0.000099,1,0.000007,0,1,1,0,1,1
14743505,,0.000246,0,168,0.000038,6,0,6,6,0,6
25749518,,0,0.000044,168,0.000007,0,5,5,0,5,5
24225485,,0,0.000005,168,0.000007,0,1,1,0,1,1
20091860,,0,0.000011,168,0.000007,0,2,2,0,2,2
14744738,,0.000789,0,5,0.000017,12,0,12,12,0,12
23031619,,0.000103,0.000791,5,0.000015,4,15,19,4,15,19
14745742,,0.00054,0,5,0.000016,8,0,8,8,0,8
29399419,,0,0.000114,5,0.000007,0,2,2,0,2,2
14745863,,0.000577,0,5,0.000031,13,0,13,13,0,13
29344009,,0,0.000176,5,0.000007,0,6,6,0,6,6
17522512,,0,0.000011,5,0.000007,0,1,1,0,1,1
14746861,,0.004654,0,1,0.000036,22,0,22,22,0,22
23316241,,0,0.000292,1,0.000007,0,3,3,0,3,3
14751517,,0.001401,0,100,0.000017,3,0,3,3,0,3
29459886,,0,0.003945,1,0.000007,0,8,8,0,8,8
14755011,,0.00091,0,205,0.000031,9,0,9,9,0,9
29632840,,0,0,48,0.000007,0,1,1,0,1,1
14755250,,0.000004,0,48,0.00009,15,0,15,15,0,15
28659380,,0,0,48,0.000007,0,1,1,0,1,1
27872256,,0,0,48,0.000007,0,1,1,0,1,1
27872251,,0,0,48,0.000007,0,1,1,0,1,1
24554769,,0,0,48,0.000007,0,1,1,0,1,1
23308279,,0,0,48,0.000007,0,1,1,0,1,1
22975135,,0,0,48,0.000007,0,1,1,0,1,1
22335355,,0,0,48,0.000007,0,1,1,0,1,1
22231558,,0,0,48,0.000007,0,1,1,0,1,1
21343429,,0,0,48,0.000007,0,1,1,0,1,1
21119682,,0,0,48,0.000007,0,1,1,0,1,1
19131965,,0,0,48,0.000007,0,1,1,0,1,1
14562029,,0,0,48,0.000007,0,1,1,0,1,1
14755459,,0.000347,0,5,0.000033,11,0,11,11,0,11
21896163,,0.000138,0.000748,5,0.000009,3,5,8,3,5,8
19323816,,0,0.000105,5,0.000007,0,3,3,0,3,3
19074304,,0,0.000007,5,0.000007,0,1,1,0,1,1
24326041,,0,0.000083,231,0.000007,0,3,3,0,3,3
14757871,,0.000991,0,89,0.000013,7,0,7,7,0,7
14758382,,0.000341,0,89,0.000008,3,0,3,3,0,3
14758817,,0.000366,0,89,0.00001,6,0,6,6,0,6
14760071,,0.003019,0,87,0.000096,23,0,23,23,0,23
25628917,,0,0.000149,87,0.000007,0,5,5,0,5,5
21852960,,0,0.000616,87,0.000007,0,3,3,0,3,3
21218193,,0,0.000102,87,0.000007,0,3,3,0,3,3
16497871,,0,0.000098,87,0.000007,0,2,2,0,2,2
14761918,,0.002393,0,5,0.000016,12,0,12,12,0,12
14766241,,0.000278,0,69,0.000008,2,0,2,2,0,2
29285471,,0,0.000447,1,0.000007,0,10,10,0,10,10
14766242,,0.000807,0,1,0.000011,6,0,6,6,0,6
29692855,,0,0.000001,137,0.000007,0,1,1,0,1,1
14767544,,0.000074,0,137,0.000131,27,0,27,27,0,27
29344187,,0,0.000001,137,0.000007,0,1,1,0,1,1
28704726,,0,0.000001,137,0.000007,0,1,1,0,1,1
28107461,,0,0.000016,137,0.000007,0,2,2,0,2,2
27758890,,0,0.000001,137,0.000007,0,1,1,0,1,1
27714708,,0,0.000001,137,0.000007,0,1,1,0,1,1
25407516,,0,0.000001,137,0.000007,0,1,1,0,1,1
25323003,,0.000015,0.000327,90,0.000021,7,19,26,7,19,26
25213330,,0,0.00013,137,0.000007,0,3,3,0,3,3
25009654,,0,0.000001,137,0.000007,0,1,1,0,1,1
24894151,,0,0.000001,137,0.000007,0,1,1,0,1,1
24639892,,0,0.000016,137,0.000007,0,2,2,0,2,2
23589343,,0,0.000001,137,0.000007,0,1,1,0,1,1
22769244,,0,0.000001,137,0.000007,0,1,1,0,1,1
22428036,,0,0.000001,137,0.000007,0,1,1,0,1,1
22177475,,0,0.000001,137,0.000007,0,1,1,0,1,1
21917129,,0,0.000001,137,0.000007,0,1,1,0,1,1
21768098,,0,0.000001,137,0.000007,0,1,1,0,1,1
21080941,,0,0.000001,137,0.000007,0,1,1,0,1,1
20706604,,0,0.000016,137,0.000007,0,2,2,0,2,2
20126469,,0,0.000001,137,0.000007,0,1,1,0,1,1
18723500,,0,0.000016,137,0.000007,0,2,2,0,2,2
18523653,,0,0.000018,137,0.000007,0,3,3,0,3,3
17565694,,0,0.000016,137,0.000007,0,2,2,0,2,2
15235125,,0,0.000001,137,0.000007,0,1,1,0,1,1
14769635,,0.000252,0,231,0.000032,8,0,8,8,0,8
25302198,,0,0.000005,231,0.000007,0,1,1,0,1,1
18805939,,0,0.000005,231,0.000007,0,1,1,0,1,1
18664528,,0,0.000005,231,0.000007,0,1,1,0,1,1
29275302,,0,0.000209,35,0.000007,0,1,1,0,1,1
14871808,,0.010959,0,35,0.000284,75,0,75,75,0,75
28456354,,0,0.000209,35,0.000007,0,1,1,0,1,1
27182644,,0,0.000229,35,0.000007,0,3,3,0,3,3
26973862,,0,0.000209,35,0.000007,0,1,1,0,1,1
26909862,,0,0.000771,35,0.000007,0,3,3,0,3,3
25820592,,0,0.000582,35,0.000007,0,2,2,0,2,2
25663530,,0,0.000255,279,0.000007,0,3,3,0,3,3
25482617,,0,0.002372,35,0.000007,0,11,11,0,11,11
24734934,,0,0.000713,35,0.000007,0,3,3,0,3,3
24581278,,0.00003,0.000209,35,0.000037,10,1,11,10,1,11
24509904,,0,0.000209,35,0.000007,0,1,1,0,1,1
23482992,,0,0.000209,35,0.000007,0,1,1,0,1,1
22393462,,0,0.000209,35,0.000007,0,1,1,0,1,1
22268295,,0,0.000752,35,0.000007,0,4,4,0,4,4
22086602,,0,0.001325,35,0.000007,0,4,4,0,4,4
21457545,,0,0.00116,35,0.000007,0,6,6,0,6,6
20877462,,0,0.000209,35,0.000007,0,1,1,0,1,1
20388778,,0,0.000891,35,0.000007,0,3,3,0,3,3
19505905,,0,0.000209,35,0.000007,0,1,1,0,1,1
19352457,,0,0.000346,35,0.000007,0,2,2,0,2,2
19225562,,0,0.000209,35,0.000007,0,1,1,0,1,1
14871810,,0.000248,0,231,0.000018,11,0,11,11,0,11
29618939,,0,0.002601,100,0.000007,0,20,20,0,20,20
14871973,,0.002826,0,140,0.00003,17,0,17,17,0,17
17850668,,0,0.000054,140,0.000007,0,1,1,0,1,1
30109944,,0,0.000003,140,0.000007,0,1,1,0,1,1
14871982,,0.000142,0,140,0.000215,39,0,39,39,0,39
29106457,,0,0.000003,140,0.000007,0,1,1,0,1,1
28953875,,0,0.000003,140,0.000007,0,1,1,0,1,1
27606620,,0,0.000003,140,0.000007,0,1,1,0,1,1
27238081,,0,0.000003,140,0.000007,0,1,1,0,1,1
26728473,,0,0.000003,140,0.000007,0,1,1,0,1,1
26267320,,0,0.001057,140,0.000007,0,2,2,0,2,2
26117541,,0,0.000003,140,0.000007,0,1,1,0,1,1
25552417,,0,0.000003,140,0.000007,0,1,1,0,1,1
25189356,,0,0.000003,140,0.000007,0,1,1,0,1,1
25181412,,0,0.000003,140,0.000007,0,1,1,0,1,1
24551185,,0,0.000003,140,0.000007,0,1,1,0,1,1
24491799,,0,0.000028,35,0.000007,0,2,2,0,2,2
24480624,,0,0.000003,140,0.000007,0,1,1,0,1,1
24373791,,0,0.000003,241,0.000007,0,3,3,0,3,3
24212771,,0,0.000003,140,0.000007,0,1,1,0,1,1
24167630,,0,0.000003,140,0.000007,0,1,1,0,1,1
24052079,,0,0.000017,140,0.000007,0,2,2,0,2,2
23896594,,0,0.000003,140,0.000007,0,1,1,0,1,1
23713684,,0,0.000003,140,0.000007,0,1,1,0,1,1
22419892,,0,0.000003,140,0.000007,0,2,2,0,2,2
21886458,,0,0.000003,140,0.000007,0,2,2,0,2,2
21782001,,0,0.000003,140,0.000007,0,1,1,0,1,1
20854925,,0,0.000003,140,0.000007,0,1,1,0,1,1
20167864,,0,0.00002,140,0.000007,0,3,3,0,3,3
20138864,,0,0.000003,140,0.000007,0,1,1,0,1,1
19914392,,0,0.000003,140,0.000007,0,1,1,0,1,1
19884383,,0,0.000005,231,0.000007,0,2,2,0,2,2
19675761,,0,0.000003,140,0.000007,0,1,1,0,1,1
19301304,,0,0.000003,140,0.000007,0,1,1,0,1,1
18819102,,0,0.000003,140,0.000007,0,1,1,0,1,1
18726998,,0,0.000003,140,0.000007,0,1,1,0,1,1
17375037,,0,0.000003,140,0.000007,0,1,1,0,1,1
16914734,,0,0.000003,140,0.000007,0,1,1,0,1,1
14960837,,0.000003,0,5,0.000018,1,0,1,1,0,1
14961556,,0.000499,0,89,0.000021,7,0,7,7,0,7
28450176,,0,0.000244,82,0.000007,0,5,5,0,5,5
16597585,,0,0.00001,89,0.000007,0,1,1,0,1,1
14965559,,0.000328,0,1,0.000007,1,0,1,1,0,1
14966099,,0.007368,0,89,0.000147,73,0,73,73,0,73
29059045,,0,0.000493,89,0.000007,0,8,8,0,8,8
28283772,,0.00016,0.000775,205,0.000013,5,12,17,5,12,17
28067867,,0,0.002898,1,0.000007,0,7,7,0,7,7
28009814,,0.000016,0.001455,140,0.00001,2,12,14,2,12,14
27718540,,0,0.000141,89,0.000007,0,2,2,0,2,2
26576347,,0,0.000906,35,0.000007,0,10,10,0,10,10
25945522,,0,0.000249,24,0.000007,0,4,4,0,4,4
25866779,,0,0.000158,89,0.000007,0,2,2,0,2,2
25045667,,0,0.00014,89,0.000007,0,1,1,0,1,1
22864661,,0,0.006818,89,0.000007,0,3,3,0,3,3
22211699,,0,0.000252,89,0.000007,0,2,2,0,2,2
22160565,,0,0.000224,89,0.000007,0,2,2,0,2,2
22028703,,0,0.000141,89,0.000007,0,2,2,0,2,2
19799798,,0,0.000198,89,0.000007,0,3,3,0,3,3
18577985,,0.004393,0.000339,89,0.000083,35,4,39,35,4,39
17996793,,0,0.00014,89,0.000007,0,1,1,0,1,1
16884528,,0,0.00014,89,0.000007,0,1,1,0,1,1
15798766,,0.000166,0.00014,89,0.000029,9,1,10,9,1,10
14968737,,0.000045,0,89,0.000008,1,0,1,1,0,1
14973102,,0.002377,0,89,0.000043,26,0,26,26,0,26
28135048,,0,0.004418,35,0.000007,0,24,24,0,24,24
25787708,,0,0.000078,89,0.000007,0,2,2,0,2,2
24502362,,0.000282,0.000161,90,0.000034,12,5,17,12,5,17
19064562,,0,0.000045,89,0.000007,0,1,1,0,1,1
14981104,,0.020129,0,5,0.000203,168,0,168,168,0,168
29772764,,0,0.000388,69,0.000007,0,2,2,0,2,2
29636096,,0,0.00096,5,0.000007,0,2,2,0,2,2
29500626,,0,0.003774,5,0.000007,0,18,18,0,18,18
29392096,,0,0.000392,66,0.000007,0,4,4,0,4,4
29266833,,0.000001,0.00129,5,0.000009,2,11,13,2,11,13
28406488,,0,0.000514,5,0.000007,0,3,3,0,3,3
28197122,,0,0.000672,5,0.000007,0,2,2,0,2,2
28160790,,0,0.000416,5,0.000007,0,3,3,0,3,3
27983769,,0,0.000484,5,0.000007,0,8,8,0,8,8
27393183,,0,0.00039,5,0.000007,0,2,2,0,2,2
26350514,,0.001478,0.003916,5,0.000013,15,23,38,15,23,38
26096754,,0,0.000384,5,0.000007,0,1,1,0,1,1
23474973,,0,0.001685,5,0.000007,0,6,6,0,6,6
21129092,,0,0.000983,5,0.000007,0,9,9,0,9,9
20347648,,0,0.000384,5,0.000007,0,1,1,0,1,1
20011582,,0,0.000384,5,0.000007,0,1,1,0,1,1
16356979,,0,0.000384,5,0.000007,0,1,1,0,1,1
14981106,,0.001633,0,5,0.000069,24,0,24,24,0,24
27793381,,0,0.000521,5,0.000007,0,5,5,0,5,5
24508665,,0,0.000031,5,0.000007,0,1,1,0,1,1
24463665,,0,0.000082,5,0.000007,0,3,3,0,3,3
24462786,,0,0.000031,5,0.000007,0,1,1,0,1,1
20965156,,0,0.000031,5,0.000007,0,1,1,0,1,1
20223046,,0,0.000031,5,0.000007,0,1,1,0,1,1
19384117,,0,0.000031,5,0.000007,0,1,1,0,1,1
19365140,,0,0.000031,5,0.000007,0,1,1,0,1,1
19102639,,0,0.000031,5,0.000007,0,1,1,0,1,1
19034050,,0,0.000243,5,0.000007,0,2,2,0,2,2
18299580,,0,0.000049,5,0.000007,0,2,2,0,2,2
29788478,,0,0.001253,100,0.000007,0,10,10,0,10,10
25409515,,0,0.000396,100,0.000007,0,5,5,0,5,5
25376984,,0,0.000188,100,0.000007,0,1,1,0,1,1
25059658,,0,0.000268,100,0.000007,0,4,4,0,4,4
23543275,,0,0.001078,100,0.000007,0,5,5,0,5,5
22500020,,0,0.00031,100,0.000007,0,3,3,0,3,3
22166102,,0,0.000188,100,0.000007,0,1,1,0,1,1
20167274,,0,0.000219,100,0.000007,0,2,2,0,2,2
18510924,,0,0.000413,100,0.000007,0,2,2,0,2,2
16024792,,0,0.000188,100,0.000007,0,1,1,0,1,1
14984472,,0.000558,0,89,0.000059,12,0,12,12,0,12
22799487,,0.000234,0.000011,89,0.000041,7,1,8,7,1,8
15937071,,0,0.000011,89,0.000007,0,1,1,0,1,1
15928671,,0,0.000011,89,0.000007,0,1,1,0,1,1
14984481,,0.000606,0,5,0.000021,11,0,11,11,0,11
19407856,,0.000405,0.000798,69,0.000018,10,6,16,10,6,16
14984482,,0.000116,0,5,0.000013,4,0,4,4,0,4
14984947,,0.000116,0,35,0.000014,3,0,3,3,0,3
22187524,,0,0.000002,35,0.000007,0,1,1,0,1,1
14984974,,0.000102,0,69,0.000007,1,0,1,1,0,1
14986830,,0.000496,0,89,0.00001,6,0,6,6,0,6
21842067,,0,0,109,0.000007,0,1,1,0,1,1
14987381,,0,0,109,0.000013,1,0,1,1,0,1
30038706,,0,0.002129,1,0.000007,0,14,14,0,14,14
28250388,,0,0.000103,100,0.000007,0,2,2,0,2,2
28218681,,0,0.000079,100,0.000007,0,1,1,0,1,1
23723247,,0,0.00098,100,0.000007,0,4,4,0,4,4
23633493,,0,0.000118,241,0.000007,0,2,2,0,2,2
20947357,,0,0.000103,176,0.000007,0,2,2,0,2,2
20528238,,0,0.000301,100,0.000007,0,2,2,0,2,2
20305300,,0,0.000163,176,0.000007,0,3,3,0,3,3
19812034,,0,0.000079,100,0.000007,0,1,1,0,1,1
19705441,,0,0.000079,100,0.000007,0,1,1,0,1,1
19261750,,0,0.000079,100,0.000007,0,1,1,0,1,1
19197236,,0,0.000079,100,0.000007,0,1,1,0,1,1
18787700,,0,0.000079,100,0.000007,0,1,1,0,1,1
17981702,,0,0.000079,100,0.000007,0,1,1,0,1,1
16449651,,0,0.000095,57,0.000007,0,2,2,0,2,2
16436511,,0,0.000079,100,0.000007,0,1,1,0,1,1
15879550,,0,0.000079,100,0.000007,0,1,1,0,1,1
29892303,,0,0,57,0.000007,0,1,1,0,1,1
14990579,,0.000018,0,57,0.000115,25,0,25,25,0,25
29584707,,0,0,57,0.000007,0,1,1,0,1,1
28611294,,0,0.000004,57,0.000007,0,2,2,0,2,2
27466416,,0,0,57,0.000007,0,1,1,0,1,1
27280708,,0,0.000006,57,0.000007,0,4,4,0,4,4
26185770,,0,0.000004,57,0.000007,0,2,2,0,2,2
25963977,,0,0.000004,57,0.000007,0,2,2,0,2,2
25879287,,0,0,57,0.000007,0,1,1,0,1,1
25544361,,0,0.000001,57,0.000007,0,2,2,0,2,2
25375629,,0,0.000005,57,0.000007,0,3,3,0,3,3
23657295,,0,0,57,0.000007,0,1,1,0,1,1
22970289,,0,0,57,0.000007,0,1,1,0,1,1
22871040,,0,0.000001,57,0.000007,0,2,2,0,2,2
22291595,,0,0,57,0.000007,0,1,1,0,1,1
21573174,,0,0,57,0.000007,0,1,1,0,1,1
21397192,,0,0.000049,57,0.000007,0,2,2,0,2,2
20504932,,0,0.000004,57,0.000007,0,2,2,0,2,2
19545411,,0,0.000065,57,0.000007,0,2,2,0,2,2
18231640,,0,0,57,0.000007,0,1,1,0,1,1
18221535,,0,0,57,0.000007,0,1,1,0,1,1
17584123,,0,0,57,0.000007,0,1,1,0,1,1
16479015,,0,0,57,0.000007,0,1,1,0,1,1
14994235,,0.000313,0,5,0.000015,11,0,11,11,0,11
22678665,,0,0.000271,5,0.000007,0,11,11,0,11,11
27748798,,0,0.000001,5,0.000007,0,1,1,0,1,1
14999140,,0.000056,0,5,0.000053,13,0,13,13,0,13
26078587,,0,0.00002,35,0.000007,0,3,3,0,3,3
23691506,,0,0.000017,5,0.000007,0,2,2,0,2,2
19949549,,0,0.000001,5,0.000007,0,1,1,0,1,1
18402686,,0,0.000008,5,0.000007,0,2,2,0,2,2
17257433,,0,0.000001,5,0.000007,0,1,1,0,1,1
16460650,,0,0.000001,5,0.000007,0,1,1,0,1,1
16433919,,0,0.000001,5,0.000007,0,1,1,0,1,1
15001988,,0.000691,0,100,0.000009,3,0,3,3,0,3
15004537,,0.001672,0,140,0.000024,15,0,15,15,0,15
15009718,,0.000213,0,72,0.000016,3,0,3,3,0,3
17298165,,0,0.000004,72,0.000007,0,1,1,0,1,1
27347196,,0,0,90,0.000007,0,1,1,0,1,1
15010292,,0,0,90,0.000016,2,0,2,2,0,2
19193619,,0,0.000012,90,0.000007,0,2,2,0,2,2
15015609,,0.000289,0,1,0.000008,1,0,1,1,0,1
26023451,,0,0,110,0.000007,0,1,1,0,1,1
15015615,,0,0,110,0.000013,1,0,1,1,0,1
26053894,,0,0,181,0.000007,0,1,1,0,1,1
15018955,,0,0,181,0.000056,10,0,10,10,0,10
22460100,,0,0,181,0.000007,0,1,1,0,1,1
19417369,,0,0,181,0.000007,0,1,1,0,1,1
19351140,,0,0,181,0.000007,0,2,2,0,2,2
18454283,,0,0,181,0.000007,0,1,1,0,1,1
17583944,,0,0,181,0.000007,0,1,1,0,1,1
17300739,,0,0,181,0.000007,0,1,1,0,1,1
16870719,,0,0,181,0.000007,0,1,1,0,1,1
16002370,,0,0,181,0.000007,0,2,2,0,2,2
30018112,,0,0.000033,100,0.000007,0,1,1,0,1,1
29875144,,0,0.000156,24,0.000007,0,3,3,0,3,3
29089868,,0,0.000033,100,0.000007,0,1,1,0,1,1
29058668,,0,0.000033,100,0.000007,0,1,1,0,1,1
28188145,,0,0.000033,100,0.000007,0,1,1,0,1,1
27636994,,0,0.000033,100,0.000007,0,1,1,0,1,1
27397686,,0,0.000033,100,0.000007,0,1,1,0,1,1
27384026,,0,0.000033,100,0.000007,0,1,1,0,1,1
26503245,,0,0.000135,100,0.000007,0,3,3,0,3,3
25561740,,0,0.000957,100,0.000007,0,9,9,0,9,9
24906316,,0,0.000033,100,0.000007,0,1,1,0,1,1
24906310,,0,0.000033,100,0.000007,0,1,1,0,1,1
24395824,,0,0.000033,100,0.000007,0,1,1,0,1,1
23816883,,0,0.000033,100,0.000007,0,1,1,0,1,1
23755103,,0,0.000068,176,0.000007,0,2,2,0,2,2
23624835,,0,0.000072,100,0.000007,0,2,2,0,2,2
23516328,,0,0.000033,100,0.000007,0,1,1,0,1,1
23334284,,0,0.000033,100,0.000007,0,1,1,0,1,1
23333522,,0,0.024251,1,0.000007,0,7,7,0,7,7
23050226,,0,0.000033,100,0.000007,0,1,1,0,1,1
23033317,,0,0.000033,100,0.000007,0,1,1,0,1,1
22987152,,0,0.000033,100,0.000007,0,1,1,0,1,1
22640989,,0,0.000033,100,0.000007,0,1,1,0,1,1
22592531,,0,0.000033,100,0.000007,0,1,1,0,1,1
22102414,,0,0.000669,100,0.000007,0,4,4,0,4,4
21854770,,0,0.000033,100,0.000007,0,1,1,0,1,1
21497666,,0,0.000033,100,0.000007,0,1,1,0,1,1
21347277,,0,0.000033,100,0.000007,0,1,1,0,1,1
21060875,,0,0.000037,48,0.000007,0,2,2,0,2,2
20980239,,0,0.000033,100,0.000007,0,1,1,0,1,1
20137776,,0,0.000033,100,0.000007,0,1,1,0,1,1
20124417,,0,0.000033,100,0.000007,0,1,1,0,1,1
19893489,,0,0.000033,100,0.000007,0,1,1,0,1,1
19745840,,0,0.000033,100,0.000007,0,1,1,0,1,1
19364922,,0,0.000033,100,0.000007,0,1,1,0,1,1
19262753,,0,0.000033,100,0.000007,0,1,1,0,1,1
18499658,,0,0.000033,100,0.000007,0,1,1,0,1,1
18045993,,0,0.000033,100,0.000007,0,1,1,0,1,1
17636314,,0,0.000033,100,0.000007,0,1,1,0,1,1
17502424,,0,0.000033,100,0.000007,0,1,1,0,1,1
17483413,,0,0.000033,100,0.000007,0,1,1,0,1,1
17319746,,0,0.000033,100,0.000007,0,1,1,0,1,1
16809780,,0,0.000033,100,0.000007,0,1,1,0,1,1
16525505,,0,0.000033,100,0.000007,0,1,1,0,1,1
15964801,,0,0.000033,100,0.000007,0,1,1,0,1,1
15760273,,0,0.000033,100,0.000007,0,1,1,0,1,1
28902361,,0,0.00003,48,0.000007,0,2,2,0,2,2
15021895,,0.001418,0,48,0.00015,29,0,29,29,0,29
28426665,,0,0.000027,48,0.000007,0,2,2,0,2,2
26680018,,0,0.00003,279,0.000007,0,2,2,0,2,2
25690659,,0,0.000317,48,0.000007,0,3,3,0,3,3
24719890,,0,0.000027,48,0.000007,0,1,1,0,1,1
22969838,,0,0.000124,48,0.000007,0,2,2,0,2,2
22745586,,0,0.000027,48,0.000007,0,1,1,0,1,1
22279619,,0.000013,0.000136,232,0.000141,24,2,26,24,2,26
21430788,,0,0.000027,48,0.000007,0,1,1,0,1,1
19513072,,0,0.000029,48,0.000007,0,3,3,0,3,3
19256548,,0,0.000027,48,0.000007,0,1,1,0,1,1
19047365,,0,0.000027,100,0.000007,0,2,2,0,2,2
18819927,,0,0.000027,48,0.000007,0,1,1,0,1,1
15022973,,0.00011,0,89,0.000007,1,0,1,1,0,1
15024741,,0.000794,0,89,0.000012,9,0,9,9,0,9
22980418,,0,0.001315,89,0.000007,0,9,9,0,9,9
15027886,,0.000004,0,5,0.000009,1,0,1,1,0,1
29204511,,0,0.000128,111,0.000007,0,3,3,0,3,3
15034933,,0.000413,0,111,0.000039,12,0,12,12,0,12
24999452,,0,0.000008,111,0.000007,0,1,1,0,1,1
22233809,,0,0.000008,111,0.000007,0,1,1,0,1,1
17387179,,0,0.000008,111,0.000007,0,1,1,0,1,1
29115379,,0,0.00001,100,0.000007,0,1,1,0,1,1
15039599,,0.000518,0,100,0.00002,5,0,5,5,0,5
15040392,,0.000552,0,5,0.000018,8,0,8,8,0,8
23094045,,0,0.000011,5,0.000007,0,1,1,0,1,1
30352856,,0,0.002368,100,0.000007,0,9,9,0,9,9
15041722,,0.013768,0,35,0.000133,80,0,80,80,0,80
29868481,,0,0.000295,35,0.000007,0,2,2,0,2,2
28569218,,0,0.001185,89,0.000007,0,8,8,0,8,8
26781544,,0,0.000304,184,0.000007,0,3,3,0,3,3
26751177,,0,0.000756,5,0.000007,0,7,7,0,7,7
26629528,,0.000532,0.001621,5,0.000028,12,11,23,12,11,23
26500033,,0,0.008673,1,0.000007,0,6,6,0,6,6
25281720,,0,0.000263,35,0.000007,0,1,1,0,1,1
24961674,,0.000706,0.00246,35,0.00001,8,14,22,8,14,22
24317513,,0,0.000668,35,0.000007,0,3,3,0,3,3
23284037,,0,0.000307,5,0.000007,0,3,3,0,3,3
22345613,,0,0.000263,35,0.000007,0,1,1,0,1,1
19444933,,0,0.000263,35,0.000007,0,1,1,0,1,1
20539807,,0,0,112,0.000007,0,1,1,0,1,1
15047227,,0,0,112,0.000025,3,0,3,3,0,3
17651556,,0,0,112,0.000007,0,1,1,0,1,1
16121872,,0,0,112,0.000007,0,1,1,0,1,1
29109414,,0,0.000014,176,0.000007,0,1,1,0,1,1
15048074,,0.00075,0,176,0.000152,41,0,41,41,0,41
28540166,,0,0.000014,176,0.000007,0,1,1,0,1,1
28055975,,0,0.000014,176,0.000007,0,1,1,0,1,1
26491220,,0,0.000014,176,0.000007,0,1,1,0,1,1
26322845,,0,0.000085,176,0.000007,0,3,3,0,3,3
26181367,,0,0.000015,184,0.000007,0,2,2,0,2,2
25485510,,0,0.000014,176,0.000007,0,1,1,0,1,1
24598997,,0,0.000263,176,0.000007,0,4,4,0,4,4
23801270,,0,0.000014,176,0.000007,0,1,1,0,1,1
23588995,,0,0.000014,176,0.000007,0,1,1,0,1,1
23522185,,0,0.000014,176,0.000007,0,1,1,0,1,1
23202514,,0,0.000014,176,0.000007,0,1,1,0,1,1
22880071,,0,0.000014,176,0.000007,0,1,1,0,1,1
22800182,,0,0.000014,176,0.000007,0,1,1,0,1,1
22428049,,0,0.000014,176,0.000007,0,1,1,0,1,1
22312557,,0,0.000014,176,0.000007,0,1,1,0,1,1
22258411,,0,0.018347,1,0.000007,0,15,15,0,15,15
21772273,,0,0.000085,176,0.000007,0,3,3,0,3,3
21625617,,0,0.00006,89,0.000007,0,3,3,0,3,3
20935499,,0,0.013569,1,0.000007,0,7,7,0,7,7
20487521,,0,0.00005,279,0.000007,0,3,3,0,3,3
19881958,,0,0.000014,176,0.000007,0,1,1,0,1,1
19741151,,0,0.000038,176,0.000007,0,2,2,0,2,2
19126655,,0,0.000014,176,0.000007,0,1,1,0,1,1
19047413,,0,0.000014,176,0.000007,0,1,1,0,1,1
18602486,,0,0.000014,176,0.000007,0,1,1,0,1,1
18510930,,0,0.000039,176,0.000007,0,2,2,0,2,2
17907806,,0,0.000026,176,0.000007,0,2,2,0,2,2
15053071,,0.000103,0,5,0.000007,1,0,1,1,0,1
15053073,,0.000103,0,5,0.000007,1,0,1,1,0,1
15055143,,0.000182,0,231,0.000009,2,0,2,2,0,2
23226616,,0,0.009166,1,0.000007,0,4,4,0,4,4
15057881,,0.00674,0,5,0.000481,189,0,189,189,0,189
30271127,,0,0.000279,5,0.000007,0,6,6,0,6,6
30245850,,0,0.000177,5,0.000007,0,6,6,0,6,6
30185547,,0,0.000141,35,0.000007,0,3,3,0,3,3
30183716,,0,0.000129,5,0.000007,0,1,1,0,1,1
29925933,,0,0.000243,5,0.000007,0,5,5,0,5,5
29880986,,0,0.00014,5,0.000007,0,2,2,0,2,2
29681616,,0,0.000132,72,0.000007,0,2,2,0,2,2
29676945,,0,0.00015,5,0.000007,0,2,2,0,2,2
29621362,,0,0.00014,5,0.000007,0,2,2,0,2,2
29423116,,0,0.000949,184,0.000007,0,10,10,0,10,10
29402289,,0,0.000129,5,0.000007,0,2,2,0,2,2
29370783,,0,0.000129,5,0.000007,0,2,2,0,2,2
29348816,,0,0.000129,5,0.000007,0,1,1,0,1,1
29346471,,0,0.000168,205,0.000007,0,5,5,0,5,5
29301500,,0,0.000129,5,0.000007,0,1,1,0,1,1
29245890,,0,0.000132,72,0.000007,0,2,2,0,2,2
29239858,,0,0.000193,5,0.000007,0,2,2,0,2,2
29214373,,0,0.000998,5,0.000007,0,11,11,0,11,11
29178508,,0,0.000287,205,0.000007,0,3,3,0,3,3
29098035,,0,0.000129,5,0.000007,0,1,1,0,1,1
29095980,,0,0.000164,5,0.000007,0,2,2,0,2,2
28912152,,0,0.000129,5,0.000007,0,1,1,0,1,1
28791495,,0,0.000137,231,0.000007,0,2,2,0,2,2
28690107,,0,0.000129,5,0.000007,0,1,1,0,1,1
28661894,,0,0.000129,5,0.000007,0,1,1,0,1,1
28589369,,0,0.000129,5,0.000007,0,1,1,0,1,1
28589368,,0,0.000129,5,0.000007,0,1,1,0,1,1
28376198,,0,0.00014,5,0.000007,0,2,2,0,2,2
28290066,,0,0.000129,5,0.000007,0,1,1,0,1,1
28288659,,0,0.000311,5,0.000007,0,2,2,0,2,2
28180256,,0,0.000231,5,0.000007,0,5,5,0,5,5
28107349,,0,0.00047,231,0.000007,0,3,3,0,3,3
28096200,,0,0.000164,5,0.000007,0,2,2,0,2,2
28073766,,0,0.000135,231,0.000007,0,2,2,0,2,2
28040694,,0,0.000129,5,0.000007,0,1,1,0,1,1
28029312,,0,0.00088,231,0.000007,0,7,7,0,7,7
27933213,,0,0.000133,279,0.000007,0,2,2,0,2,2
27832519,,0,0.000129,5,0.000007,0,1,1,0,1,1
27770283,,0,0.000129,5,0.000007,0,1,1,0,1,1
27565998,,0,0.000299,231,0.000007,0,5,5,0,5,5
27548583,,0,0.000136,198,0.000007,0,3,3,0,3,3
27523800,,0,0.000129,5,0.000007,0,1,1,0,1,1
27400912,,0,0.000133,231,0.000007,0,2,2,0,2,2
27387546,,0,0.000133,198,0.000007,0,3,3,0,3,3
27233359,,0,0.000129,5,0.000007,0,1,1,0,1,1
27022688,,0,0.000195,5,0.000007,0,3,3,0,3,3
26942127,,0,0.000131,5,0.000007,0,2,2,0,2,2
26834190,,0,0.000129,5,0.000007,0,1,1,0,1,1
26627479,,0,0.00014,5,0.000007,0,2,2,0,2,2
26589314,,0,0.000205,231,0.000007,0,4,4,0,4,4
26282663,,0,0.000129,5,0.000007,0,1,1,0,1,1
26255741,,0,0.000129,5,0.000007,0,1,1,0,1,1
26171249,,0,0.000129,5,0.000007,0,1,1,0,1,1
26012643,,0.000045,0.00015,231,0.000011,3,3,6,3,3,6
25888331,,0,0.000129,5,0.000007,0,1,1,0,1,1
25888057,,0,0.000129,5,0.000007,0,1,1,0,1,1
25824444,,0,0.000129,5,0.000007,0,1,1,0,1,1
25789917,,0,0.00122,5,0.000007,0,12,12,0,12,12
25624442,,0,0.000129,5,0.000007,0,1,1,0,1,1
25551530,,0,0.000129,5,0.000007,0,2,2,0,2,2
25467785,,0,0.000474,35,0.000007,0,9,9,0,9,9
25445174,,0,0.000563,5,0.000007,0,8,8,0,8,8
25292294,,0,0.00014,5,0.000007,0,2,2,0,2,2
25274085,,0.000001,0.00068,231,0.000009,1,15,16,1,15,16
25063521,,0,0.000129,5,0.000007,0,1,1,0,1,1
24753038,,0,0.00014,5,0.000007,0,2,2,0,2,2
24596048,,0,0.000129,5,0.000007,0,1,1,0,1,1
24594998,,0,0.000339,5,0.000007,0,4,4,0,4,4
24448363,,0,0.000129,5,0.000007,0,1,1,0,1,1
24392019,,0,0.00016,5,0.000007,0,2,2,0,2,2
24158759,,0,0.000129,5,0.000007,0,1,1,0,1,1
23956815,,0,0.00016,5,0.000007,0,3,3,0,3,3
23935463,,0,0.000129,5,0.000007,0,1,1,0,1,1
23744877,,0,0.000195,5,0.000007,0,3,3,0,3,3
23591120,,0,0.000129,5,0.000007,0,1,1,0,1,1
23526147,,0,0.000129,5,0.000007,0,1,1,0,1,1
23249570,,0,0.000129,5,0.000007,0,1,1,0,1,1
23127309,,0.000614,0.000436,5,0.00006,28,6,34,28,6,34
22735900,,0,0.000129,5,0.000007,0,1,1,0,1,1
22314178,,0,0.000401,5,0.000007,0,3,3,0,3,3
21731514,,0,0.000129,5,0.000007,0,1,1,0,1,1
20921964,,0,0.000129,5,0.000007,0,1,1,0,1,1
20645399,,0,0.000129,5,0.000007,0,1,1,0,1,1
20588271,,0,0.000129,5,0.000007,0,1,1,0,1,1
20109478,,0,0.000129,5,0.000007,0,2,2,0,2,2
19276457,,0,0.000269,5,0.000007,0,3,3,0,3,3
19128426,,0,0.000129,5,0.000007,0,1,1,0,1,1
19128423,,0,0.000129,5,0.000007,0,1,1,0,1,1
18768492,,0,0.000318,5,0.000007,0,3,3,0,3,3
18701435,,0,0.000472,184,0.000007,0,5,5,0,5,5
18598349,,0,0.000129,5,0.000007,0,1,1,0,1,1
17719770,,0,0.000135,231,0.000007,0,2,2,0,2,2
15642181,,0,0.000129,5,0.000007,0,1,1,0,1,1
15059511,,0.000193,0,89,0.000012,4,0,4,4,0,4
15062908,,0.000273,0,5,0.000034,14,0,14,14,0,14
27867750,,0,0.000006,5,0.000007,0,2,2,0,2,2
27863982,,0,0.000005,5,0.000007,0,1,1,0,1,1
21886303,,0,0.000005,5,0.000007,0,1,1,0,1,1
16832415,,0,0.000005,5,0.000007,0,1,1,0,1,1
23593023,,0,0.000011,100,0.000007,0,1,1,0,1,1
15067026,,0.006521,0,5,0.000076,60,0,60,60,0,60
22419176,,0,0.016627,5,0.000007,0,16,16,0,16,16
20579123,,0,0.000124,5,0.000007,0,1,1,0,1,1
29392158,,0,0.000002,198,0.000007,0,2,2,0,2,2
15070253,,0.000097,0,198,0.000097,30,0,30,30,0,30
27236612,,0,0.000006,198,0.000007,0,3,3,0,3,3
26138756,,0,0.000002,198,0.000007,0,1,1,0,1,1
25670540,,0,0.000002,198,0.000007,0,1,1,0,1,1
24773626,,0,0.000002,198,0.000007,0,1,1,0,1,1
24387528,,0,0.000005,198,0.000007,0,2,2,0,2,2
23718597,,0,0.000002,198,0.000007,0,1,1,0,1,1
22894392,,0,0.000002,198,0.000007,0,1,1,0,1,1
21158272,,0,0.000005,198,0.000007,0,3,3,0,3,3
17659245,,0,0.000002,198,0.000007,0,1,1,0,1,1
16598641,,0,0.000002,198,0.000007,0,1,1,0,1,1
15073127,,0.011081,0,1,0.000179,57,0,57,57,0,57
30349393,,0,0.001162,1,0.000007,0,6,6,0,6,6
29255180,,0,0.001602,231,0.000007,0,20,20,0,20,20
29133366,,0,0.000211,1,0.000007,0,1,1,0,1,1
26279297,,0,0.001089,1,0.000007,0,2,2,0,2,2
24835804,,0,0.000211,1,0.000007,0,1,1,0,1,1
24636424,,0,0.000211,1,0.000007,0,1,1,0,1,1
24314328,,0.000132,0.001272,100,0.000009,3,10,13,3,10,13
23174937,,0,0.000211,1,0.000007,0,1,1,0,1,1
20852632,,0,0.015697,1,0.000007,0,3,3,0,3,3
25393310,,0,0,35,0.000007,0,1,1,0,1,1
15074561,,0.000007,0,35,0.000019,4,0,4,4,0,4
22707751,,0,0.000089,35,0.000007,0,3,3,0,3,3
21495200,,0,0.000088,35,0.000007,0,3,3,0,3,3
15077185,,0.000978,0,100,0.00003,15,0,15,15,0,15
21447094,,0,0.000019,100,0.000007,0,1,1,0,1,1
20637111,,0,0.000019,100,0.000007,0,1,1,0,1,1
30363706,,0,0.000024,176,0.000007,0,1,1,0,1,1
15078995,,0.001285,0,176,0.000478,97,0,97,97,0,97
30003166,,0,0.000024,176,0.000007,0,1,1,0,1,1
29783721,,0,0.002331,1,0.000007,0,5,5,0,5,5
29670107,,0,0.000024,176,0.000007,0,1,1,0,1,1
29552223,,0,0.000024,176,0.000007,0,1,1,0,1,1
29467227,,0,0.000024,176,0.000007,0,1,1,0,1,1
29448954,,0,0.021699,1,0.000007,0,13,13,0,13,13
29393385,,0,0.000024,176,0.000007,0,1,1,0,1,1
29311160,,0,0.000024,176,0.000007,0,1,1,0,1,1
29168755,,0,0.000054,265,0.000007,0,2,2,0,2,2
28927115,,0,0.000173,1,0.000013,1,3,4,1,3,4
28643165,,0,0.000512,176,0.000007,0,3,3,0,3,3
28626028,,0,0.000025,82,0.000007,0,2,2,0,2,2
28599436,,0,0.000024,176,0.000007,0,1,1,0,1,1
28577032,,0,0.000024,176,0.000007,0,1,1,0,1,1
28169351,,0,0.000024,176,0.000007,0,1,1,0,1,1
28094252,,0,0.000253,1,0.000007,0,2,2,0,2,2
28052651,,0,0.000024,176,0.000007,0,1,1,0,1,1
28049532,,0,0.000024,176,0.000007,0,1,1,0,1,1
28025997,,0,0.000231,176,0.000007,0,2,2,0,2,2
27690219,,0,0.000024,176,0.000007,0,1,1,0,1,1
27449089,,0,0.000024,176,0.000007,0,1,1,0,1,1
27082635,,0,0.000024,176,0.000007,0,1,1,0,1,1
27064441,,0,0.000024,176,0.000007,0,1,1,0,1,1
26824362,,0,0.000024,176,0.000007,0,1,1,0,1,1
26598692,,0,0.000024,176,0.000007,0,1,1,0,1,1
26427597,,0,0.000024,176,0.000007,0,1,1,0,1,1
26196957,,0,0.000024,176,0.000007,0,1,1,0,1,1
26089952,,0,0.000024,176,0.000007,0,1,1,0,1,1
25671193,,0,0.000024,176,0.000007,0,1,1,0,1,1
25611379,,0,0.000024,176,0.000007,0,1,1,0,1,1
25490093,,0,0.000024,176,0.000007,0,1,1,0,1,1
25304379,,0,0.000024,176,0.000007,0,1,1,0,1,1
25088202,,0,0.00036,100,0.000007,0,4,4,0,4,4
24998850,,0,0.000024,176,0.000007,0,1,1,0,1,1
24996846,,0,0.000231,176,0.000007,0,2,2,0,2,2
24966801,,0,0.000024,176,0.000007,0,1,1,0,1,1
24900442,,0,0.000024,176,0.000007,0,1,1,0,1,1
24666614,,0,0.000024,176,0.000007,0,1,1,0,1,1
24661910,,0,0.000024,176,0.000007,0,1,1,0,1,1
24496096,,0,0.000024,176,0.000007,0,1,1,0,1,1
24382114,,0,0.000057,176,0.000007,0,2,2,0,2,2
24365782,,0,0.000024,176,0.000007,0,1,1,0,1,1
24336073,,0,0.000051,35,0.000007,0,2,2,0,2,2
24312867,,0,0.000024,176,0.000007,0,1,1,0,1,1
24057508,,0,0.000269,176,0.000007,0,2,2,0,2,2
23956872,,0,0.000024,176,0.000007,0,1,1,0,1,1
23825908,,0,0.000024,176,0.000007,0,1,1,0,1,1
23764122,,0,0.000024,176,0.000007,0,1,1,0,1,1
23624842,,0,0.000024,176,0.000007,0,1,1,0,1,1
23612976,,0,0.000038,247,0.000007,0,2,2,0,2,2
23598718,,0,0.000024,176,0.000007,0,1,1,0,1,1
23537372,,0,0.000024,176,0.000007,0,1,1,0,1,1
23342393,,0,0.000024,176,0.000007,0,1,1,0,1,1
23216894,,0,0.000026,176,0.000007,0,2,2,0,2,2
23045411,,0,0.000024,176,0.000007,0,1,1,0,1,1
22825336,,0,0.000024,176,0.000007,0,1,1,0,1,1
22682751,,0,0.000031,176,0.000007,0,2,2,0,2,2
22566699,,0,0.000025,2,0.000007,0,2,2,0,2,2
22223868,,0,0.000024,176,0.000007,0,1,1,0,1,1
22131960,,0,0.000024,176,0.000007,0,1,1,0,1,1
22117197,,0,0.000024,176,0.000007,0,1,1,0,1,1
22112940,,0,0.002699,35,0.000007,0,3,3,0,3,3
22111927,,0,0.000024,176,0.000007,0,1,1,0,1,1
21992793,,0,0.000024,176,0.000007,0,1,1,0,1,1
21799033,,0,0.000024,176,0.000007,0,1,1,0,1,1
21546904,,0,0.000024,176,0.000007,0,1,1,0,1,1
21529352,,0,0.000024,176,0.000007,0,1,1,0,1,1
21461590,,0,0.000024,176,0.000007,0,1,1,0,1,1
21450056,,0,0.000024,176,0.000007,0,1,1,0,1,1
21389100,,0,0.000025,176,0.000007,0,2,2,0,2,2
20973777,,0,0.000024,176,0.000007,0,1,1,0,1,1
20832752,,0,0.000036,176,0.000007,0,2,2,0,2,2
19625493,,0,0.000024,176,0.000007,0,1,1,0,1,1
19357772,,0,0.000065,87,0.000007,0,2,2,0,2,2
19225112,,0,0.000024,176,0.000007,0,1,1,0,1,1
19169280,,0,0.000024,176,0.000007,0,1,1,0,1,1
19138991,,0,0.000024,176,0.000007,0,1,1,0,1,1
18644368,,0,0.000024,176,0.000007,0,1,1,0,1,1
18516759,,0,0.000024,176,0.000007,0,1,1,0,1,1
18504430,,0,0.000054,176,0.000007,0,2,2,0,2,2
18231106,,0,0.000024,176,0.000007,0,1,1,0,1,1
17950276,,0,0.000024,176,0.000007,0,1,1,0,1,1
17339343,,0,0.000024,176,0.000007,0,1,1,0,1,1
17292828,,0,0.000024,176,0.000007,0,1,1,0,1,1
17177986,,0,0.000024,176,0.000007,0,1,1,0,1,1
16008522,,0,0.000024,176,0.000007,0,1,1,0,1,1
21847406,,0,0.000028,35,0.000007,0,2,2,0,2,2
28182133,,0.000043,0.001038,5,0.00002,3,10,13,3,10,13
27899969,,0,0.000163,69,0.000007,0,3,3,0,3,3
22025930,,0,0.000821,5,0.000007,0,4,4,0,4,4
15083333,,0.00049,0,5,0.00002,7,0,7,7,0,7
27895758,,0,0.000009,5,0.000007,0,1,1,0,1,1
26587797,,0,0.000027,5,0.000007,0,3,3,0,3,3
28648147,,0,0.000029,231,0.000007,0,2,2,0,2,2
29620998,,0,0.000959,231,0.000007,0,14,14,0,14,14
28938640,,0,0.000023,231,0.000007,0,1,1,0,1,1
28521362,,0,0.000119,5,0.000007,0,6,6,0,6,6
26940994,,0,0.000023,231,0.000007,0,1,1,0,1,1
25556339,,0,0.000191,231,0.000007,0,4,4,0,4,4
24755714,,0,0.000023,231,0.000007,0,1,1,0,1,1
24752044,,0,0.000163,231,0.000007,0,2,2,0,2,2
24490143,,0,0.000431,231,0.000007,0,10,10,0,10,10
23775025,,0,0.000056,231,0.000007,0,2,2,0,2,2
23594496,,0,0.000264,231,0.000007,0,4,4,0,4,4
23565321,,0,0.000023,231,0.000007,0,1,1,0,1,1
23033454,,0,0.000023,231,0.000007,0,1,1,0,1,1
22483700,,0,0.000023,231,0.000007,0,1,1,0,1,1
22241545,,0,0.002183,100,0.000007,0,14,14,0,14,14
22087758,,0,0.000392,231,0.000007,0,6,6,0,6,6
22009789,,0,0.000266,231,0.000007,0,5,5,0,5,5
21898661,,0,0.000266,231,0.000007,0,5,5,0,5,5
21892703,,0,0.000023,231,0.000007,0,1,1,0,1,1
20707869,,0,0.000056,231,0.000007,0,3,3,0,3,3
20212493,,0,0.000034,5,0.000007,0,3,3,0,3,3
20070199,,0,0.000023,231,0.000007,0,1,1,0,1,1
19966311,,0,0.000023,231,0.000007,0,1,1,0,1,1
19401906,,0,0.000023,231,0.000007,0,1,1,0,1,1
19211621,,0,0.000023,231,0.000007,0,1,1,0,1,1
18647297,,0,0.000023,231,0.000007,0,1,1,0,1,1
18640936,,0,0.000023,231,0.000007,0,1,1,0,1,1
18097677,,0,0.000023,231,0.000007,0,1,1,0,1,1
29322918,,0,0.000109,100,0.000007,0,3,3,0,3,3
15087457,,0.003179,0,100,0.000092,27,0,27,27,0,27
28138028,,0,0.000276,100,0.000007,0,3,3,0,3,3
26790612,,0,0.000186,100,0.000007,0,3,3,0,3,3
26516353,,0,0.000061,100,0.000007,0,1,1,0,1,1
26300493,,0,0.000121,72,0.00004,6,3,9,6,3,9
24526114,,0,0.009089,100,0.000007,0,5,5,0,5,5
23028987,,0,0.000061,100,0.000007,0,1,1,0,1,1
22674894,,0,0.000061,100,0.000007,0,1,1,0,1,1
21953454,,0,0.000061,100,0.000007,0,1,1,0,1,1
21912620,,0,0.015938,1,0.000007,0,6,6,0,6,6
16862173,,0,0.000061,100,0.000007,0,1,1,0,1,1
28365882,,0,0.000005,140,0.000007,0,2,2,0,2,2
15087495,,0.000004,0,140,0.000045,8,0,8,8,0,8
22965134,,0,0,140,0.000007,0,1,1,0,1,1
21905110,,0,0,140,0.000007,0,1,1,0,1,1
19455225,,0,0.000137,140,0.000007,0,2,2,0,2,2
18704161,,0,0,140,0.000007,0,1,1,0,1,1
17668383,,0,0,140,0.000007,0,1,1,0,1,1
15965030,,0,0,140,0.000007,0,1,1,0,1,1
15095295,,0.001186,0,231,0.000036,23,0,23,23,0,23
24713400,,0,0.000098,231,0.000007,0,5,5,0,5,5
22520019,,0,0.00005,231,0.000007,0,4,4,0,4,4
21049069,,0.000001,0.00224,231,0.000016,4,12,16,4,12,16
19092772,,0,0.001011,69,0.000007,0,7,7,0,7,7
15095307,,0.000554,0,5,0.000026,11,0,11,11,0,11
24642621,,0,0.000056,5,0.000007,0,4,4,0,4,4
21719745,,0,0.000023,5,0.000007,0,2,2,0,2,2
19222858,,0,0.000011,5,0.000007,0,1,1,0,1,1
28972080,,0,0.000026,100,0.000007,0,1,1,0,1,1
27558808,,0,0.000254,100,0.000007,0,2,2,0,2,2
27401717,,0,0.000029,100,0.000007,0,2,2,0,2,2
25326330,,0,0.000288,100,0.000007,0,4,4,0,4,4
24705291,,0,0.000026,100,0.000007,0,1,1,0,1,1
23598722,,0,0.000026,100,0.000007,0,1,1,0,1,1
23511638,,0,0.000026,100,0.000007,0,1,1,0,1,1
22655267,,0,0.000031,41,0.000007,0,2,2,0,2,2
21502314,,0,0.000026,100,0.000007,0,1,1,0,1,1
21478680,,0,0.000026,100,0.000007,0,1,1,0,1,1
20233725,,0,0.000026,100,0.000007,0,1,1,0,1,1
20190277,,0,0.000026,100,0.000007,0,1,1,0,1,1
19828454,,0,0.000026,100,0.000007,0,1,1,0,1,1
19706760,,0,0.000118,100,0.000007,0,2,2,0,2,2
19270516,,0,0.000026,100,0.000007,0,1,1,0,1,1
18662541,,0,0.000026,100,0.000007,0,1,1,0,1,1
18353973,,0,0.000026,100,0.000007,0,1,1,0,1,1
17846426,,0,0.000026,100,0.000007,0,1,1,0,1,1
17296725,,0,0.000026,100,0.000007,0,1,1,0,1,1
16148040,,0,0.000026,100,0.000007,0,1,1,0,1,1
15707391,,0,0.000026,100,0.000007,0,1,1,0,1,1
15104281,,0.000648,0,35,0.000033,11,0,11,11,0,11
28509881,,0,0.000005,2,0.000007,0,1,1,0,1,1
15107825,,0.000267,0,2,0.000057,12,0,12,12,0,12
25233083,,0,0.000005,2,0.000007,0,1,1,0,1,1
24833720,,0,0.000005,2,0.000007,0,1,1,0,1,1
24813610,,0,0.000112,2,0.000007,0,3,3,0,3,3
24147068,,0,0.000005,2,0.000007,0,1,1,0,1,1
20453924,,0,0.000005,2,0.000007,0,1,1,0,1,1
19620283,,0,0.000005,2,0.000007,0,1,1,0,1,1
19264558,,0,0.000172,2,0.000007,0,2,2,0,2,2
17636026,,0,0.000005,2,0.000007,0,1,1,0,1,1
15110878,,0.000504,0,5,0.000011,9,0,9,9,0,9
30344713,,0,0.000024,100,0.000007,0,1,1,0,1,1
24583393,,0,0.000024,100,0.000007,0,1,1,0,1,1
23887657,,0,0.000037,231,0.000007,0,2,2,0,2,2
23023028,,0,0.000037,24,0.000007,0,2,2,0,2,2
20951805,,0,0.000024,100,0.000007,0,1,1,0,1,1
20442803,,0,0.000024,100,0.000007,0,1,1,0,1,1
16280050,,0,0.000024,100,0.000007,0,1,1,0,1,1
15114373,,0,0,89,0.000009,1,0,1,1,0,1
15115758,,0.0059,0,100,0.000154,63,0,63,63,0,63
27979922,,0,0.000165,100,0.000007,0,2,2,0,2,2
23518061,,0,0.000524,100,0.000007,0,2,2,0,2,2
21959381,,0,0.000258,100,0.000007,0,4,4,0,4,4
20610542,,0,0.000112,100,0.000007,0,1,1,0,1,1
15117986,,0.001813,0,89,0.00002,23,0,23,23,0,23
27701467,,0,0.000113,205,0.000007,0,4,4,0,4,4
15122325,,0.000272,0,100,0.000074,4,0,4,4,0,4
27869163,,0,0.000216,100,0.000007,0,5,5,0,5,5
20049202,,0.000163,0.000351,90,0.000227,42,3,45,42,3,45
15125843,,0.007112,0,100,0.000162,76,0,76,76,0,76
24074952,,0,0.000439,100,0.000007,0,3,3,0,3,3
23891287,,0,0.000655,100,0.000007,0,5,5,0,5,5
29806603,,0,0.000122,241,0.000007,0,2,2,0,2,2
15126331,,0.006421,0,100,0.00009,52,0,52,52,0,52
29181164,,0,0.000175,279,0.000007,0,2,2,0,2,2
25993189,,0,0.006782,1,0.000007,0,2,2,0,2,2
25304378,,0.001069,0.00967,232,0.000052,12,6,18,12,6,18
25114911,,0,0.000122,100,0.000007,0,1,1,0,1,1
19684440,,0,0.00064,100,0.000007,0,4,4,0,4,4
15126609,,0.000782,0,35,0.000012,5,0,5,5,0,5
23696831,,0,0.000079,35,0.000007,0,3,3,0,3,3
15126610,,0.002326,0,35,0.000057,13,0,13,13,0,13
22695343,,0,0.000124,35,0.000007,0,2,2,0,2,2
22662240,,0.000076,0.000597,35,0.000099,24,3,27,24,3,27
15131025,,0.005047,0,89,0.000099,43,0,43,43,0,43
30082473,,0,0.000384,1,0.000007,0,3,3,0,3,3
29977347,,0,0.008012,1,0.000007,0,6,6,0,6,6
29237415,,0,0.000208,89,0.000007,0,2,2,0,2,2
23936674,,0,0.000199,89,0.000007,0,2,2,0,2,2
21829199,,0,0.000187,231,0.000007,0,2,2,0,2,2
27558965,,0,0.001417,100,0.000007,0,9,9,0,9,9
26919617,,0,0.008946,69,0.000007,0,3,3,0,3,3
23532176,,0,0.000791,100,0.000007,0,3,3,0,3,3
23382699,,0,0.002017,100,0.000007,0,5,5,0,5,5
21552324,,0,0.000927,100,0.000007,0,3,3,0,3,3
20444961,,0,0.000041,100,0.000007,0,1,1,0,1,1
19029802,,0,0.000041,100,0.000007,0,1,1,0,1,1
18955500,,0,0.000041,100,0.000007,0,1,1,0,1,1
18614044,,0,0.000189,100,0.000007,0,2,2,0,2,2
15131400,,0.000085,0,89,0.000008,1,0,1,1,0,1
15131401,,0.001176,0,89,0.00001,9,0,9,9,0,9
15131402,,0.000697,0,5,0.000016,9,0,9,9,0,9
25600256,,0,0.000016,198,0.000007,0,2,2,0,2,2
15133503,,0.0117,0,100,0.000146,94,0,94,94,0,94
27073141,,0,0.000262,100,0.000007,0,3,3,0,3,3
25631790,,0,0.000247,100,0.000007,0,2,2,0,2,2
24413181,,0.002646,0.017759,1,0.000029,14,12,26,14,12,26
24285546,,0,0.000223,100,0.000007,0,1,1,0,1,1
22985966,,0,0.000223,100,0.000007,0,1,1,0,1,1
21967661,,0,0.009049,1,0.000007,0,2,2,0,2,2
20808856,,0,0.000245,100,0.000007,0,2,2,0,2,2
18854158,,0,0.000223,100,0.000007,0,1,1,0,1,1
29527287,,0,0,231,0.000007,0,1,1,0,1,1
15135645,,0,0,231,0.000052,9,0,9,9,0,9
25231996,,0,0,231,0.000007,0,1,1,0,1,1
23437041,,0,0,231,0.000007,0,1,1,0,1,1
22140478,,0,0,231,0.000007,0,1,1,0,1,1
21997247,,0,0,231,0.000007,0,1,1,0,1,1
21193031,,0,0.000002,231,0.000007,0,2,2,0,2,2
18160100,,0,0,231,0.000007,0,1,1,0,1,1
17113977,,0,0.000005,231,0.000007,0,2,2,0,2,2
28346693,,0,0.000008,231,0.000007,0,1,1,0,1,1
27022282,,0,0.000041,231,0.000007,0,2,2,0,2,2
26424559,,0,0.000008,231,0.000007,0,1,1,0,1,1
25820350,,0,0.000008,231,0.000007,0,1,1,0,1,1
25729241,,0,0.000008,231,0.000007,0,1,1,0,1,1
25545243,,0,0.000008,231,0.000007,0,1,1,0,1,1
23860519,,0,0.000008,231,0.000007,0,1,1,0,1,1
23737888,,0,0.000038,231,0.000007,0,7,7,0,7,7
23358185,,0,0.000008,231,0.000007,0,1,1,0,1,1
22802750,,0,0.000008,231,0.000007,0,1,1,0,1,1
21483798,,0,0.000008,231,0.000007,0,1,1,0,1,1
21220432,,0,0.000008,231,0.000007,0,1,1,0,1,1
21034357,,0,0.006835,231,0.000007,0,4,4,0,4,4
19628038,,0,0.000008,231,0.000007,0,1,1,0,1,1
18663360,,0,0.000008,231,0.000007,0,1,1,0,1,1
25935535,,0.000076,0.000604,1,0.000044,10,6,16,10,6,16
21481270,,0,0.000062,279,0.000007,0,2,2,0,2,2
15139048,,0.001559,0,5,0.000025,17,0,17,17,0,17
15140283,,0.000212,0,89,0.000008,2,0,2,2,0,2
15140369,,0.00052,0,5,0.000013,7,0,7,7,0,7
24130097,,0,0.000013,5,0.000007,0,2,2,0,2,2
15140370,,0.000216,0,5,0.00001,6,0,6,6,0,6
15140371,,0.000076,0,5,0.000026,10,0,10,10,0,10
26446592,,0,0.000001,5,0.000007,0,1,1,0,1,1
21132457,,0,0.000175,5,0.000007,0,8,8,0,8,8
26047130,,0,0,113,0.000007,0,1,1,0,1,1
15142142,,0,0,113,0.000043,6,0,6,6,0,6
23839751,,0,0,113,0.000007,0,1,1,0,1,1
23478540,,0,0,113,0.000007,0,1,1,0,1,1
22723252,,0,0,113,0.000007,0,1,1,0,1,1
21821653,,0,0,113,0.000007,0,1,1,0,1,1
19468457,,0,0,113,0.000007,0,1,1,0,1,1
29695238,,0,0,114,0.000007,0,1,1,0,1,1
15144763,,0,0,114,0.000031,4,0,4,4,0,4
25461805,,0,0,114,0.000007,0,1,1,0,1,1
18726810,,0,0,114,0.000007,0,1,1,0,1,1
18515778,,0,0,114,0.000007,0,1,1,0,1,1
15144764,,0.000483,0,5,0.00004,15,0,15,15,0,15
28197815,,0,0.000015,5,0.000007,0,2,2,0,2,2
27538589,,0,0.000009,5,0.000007,0,2,2,0,2,2
23457331,,0,0.00004,5,0.000007,0,7,7,0,7,7
23336560,,0,0.000009,5,0.000007,0,1,1,0,1,1
20536535,,0,0.000009,5,0.000007,0,1,1,0,1,1
19691178,,0,0.000009,5,0.000007,0,1,1,0,1,1
15146556,,0.000472,0,89,0.000011,7,0,7,7,0,7
27413551,,0,0.000022,89,0.000007,0,3,3,0,3,3
15146557,,0.005412,0,89,0.000043,49,0,49,49,0,49
28265306,,0,0.000752,5,0.000007,0,10,10,0,10,10
26101521,,0,0.000172,89,0.000007,0,5,5,0,5,5
21034437,,0.000053,0.00126,89,0.000015,3,6,9,3,6,9
15149879,,0.000077,0,279,0.000027,6,0,6,6,0,6
20716933,,0,0.000001,279,0.000007,0,1,1,0,1,1
15154626,,0.000007,0,231,0.000015,3,0,3,3,0,3
23961495,,0,0,231,0.000007,0,1,1,0,1,1
28070371,,0,0.000032,5,0.000007,0,2,2,0,2,2
15159303,,0.001,0,5,0.000026,14,0,14,14,0,14
26237394,,0,0.000077,5,0.000007,0,4,4,0,4,4
23730757,,0,0.000036,184,0.000007,0,3,3,0,3,3
22822470,,0,0.000032,5,0.000007,0,2,2,0,2,2
22241105,,0.000408,0.000131,5,0.00001,6,9,15,6,9,15
26064279,,0,0,181,0.000007,0,1,1,0,1,1
15159312,,0,0,181,0.000019,3,0,3,3,0,3
21439247,,0,0.000019,181,0.000007,0,2,2,0,2,2
15159322,,0.000945,0,5,0.000024,11,0,11,11,0,11
22888085,,0,0.000018,5,0.000007,0,1,1,0,1,1
18381952,,0,0.000018,5,0.000007,0,1,1,0,1,1
27830001,,0,0,176,0.000007,0,1,1,0,1,1
15160994,,0,0,176,0.000016,2,0,2,2,0,2
15162060,,0.001168,0,41,0.000028,13,0,13,13,0,13
24648576,,0,0.000022,41,0.000007,0,1,1,0,1,1
30374409,,0,0.000213,57,0.000007,0,2,2,0,2,2
15162061,,0.000041,0,57,0.000046,10,0,10,10,0,10
27557495,,0,0.000042,57,0.000007,0,2,2,0,2,2
26150454,,0,0.000001,57,0.000007,0,1,1,0,1,1
25451944,,0,0.000231,57,0.000007,0,3,3,0,3,3
25402475,,0,0.000954,57,0.000007,0,2,2,0,2,2
19516960,,0,0.000001,57,0.000007,0,1,1,0,1,1
18843382,,0,0.000001,57,0.000007,0,1,1,0,1,1
18833288,,0,0.000001,57,0.000007,0,1,1,0,1,1
18676871,,0,0.000162,57,0.000007,0,2,2,0,2,2
15162129,,0.000068,0,89,0.000015,3,0,3,3,0,3
24068652,,0,0.000001,89,0.000007,0,1,1,0,1,1
15166217,,0.004865,0,100,0.00009,38,0,38,38,0,38
28743957,,0,0.011704,100,0.000007,0,11,11,0,11,11
26658951,,0,0.000292,100,0.000007,0,3,3,0,3,3
24675077,,0,0.009704,100,0.000007,0,9,9,0,9,9
24553124,,0.000148,0.000457,100,0.000036,9,4,13,9,4,13
23779158,,0,0.000093,100,0.000007,0,1,1,0,1,1
23360169,,0,0.000093,100,0.000007,0,1,1,0,1,1
22909820,,0,0.005569,100,0.000007,0,13,13,0,13,13
21873567,,0,0.000315,100,0.000007,0,2,2,0,2,2
20529852,,0,0.000093,100,0.000007,0,1,1,0,1,1
19797077,,0,0.0027,100,0.000007,0,7,7,0,7,7
17039256,,0,0.000093,100,0.000007,0,1,1,0,1,1
15168169,,0.000436,0,89,0.000008,3,0,3,3,0,3
15170666,,0.000172,0,140,0.000013,4,0,4,4,0,4
30119676,,0,0.000041,89,0.000007,0,2,2,0,2,2
15172753,,0.000811,0,89,0.000015,9,0,9,9,0,9
27322406,,0,0.000066,140,0.000007,0,1,1,0,1,1
15172985,,0.003459,0,140,0.000113,39,0,39,39,0,39
25324189,,0,0.007982,140,0.000007,0,7,7,0,7,7
25261458,,0,0.000066,140,0.000007,0,1,1,0,1,1
21930879,,0,0.000066,140,0.000007,0,1,1,0,1,1
20799350,,0,0.000101,140,0.000007,0,2,2,0,2,2
20506325,,0,0.000066,140,0.000007,0,1,1,0,1,1
20490928,,0,0.000066,140,0.000007,0,1,1,0,1,1
20223037,,0,0.000066,140,0.000007,0,1,1,0,1,1
18428767,,0,0.000066,140,0.000007,0,1,1,0,1,1
18069886,,0,0.000066,140,0.000007,0,1,1,0,1,1
16144518,,0,0.000066,140,0.000007,0,1,1,0,1,1
16118666,,0,0.000066,140,0.000007,0,1,1,0,1,1
29777302,,0,0.002051,205,0.000007,0,8,8,0,8,8
15173085,,0.000874,0,205,0.000023,8,0,8,8,0,8
27711257,,0,0.000017,205,0.000007,0,1,1,0,1,1
27769293,,0,0.000122,5,0.000007,0,2,2,0,2,2
15178197,,0.000316,0,69,0.000048,9,0,9,9,0,9
28190876,,0,0.000378,69,0.000007,0,2,2,0,2,2
27428255,,0,0.000006,69,0.000007,0,1,1,0,1,1
25786108,,0,0.000378,69,0.000007,0,2,2,0,2,2
21533210,,0,0.000006,69,0.000007,0,1,1,0,1,1
20463876,,0,0.000006,69,0.000007,0,1,1,0,1,1
18458745,,0,0.000006,69,0.000007,0,1,1,0,1,1
17270060,,0,0.000006,69,0.000007,0,1,1,0,1,1
15184261,,0.000235,0,89,0.000014,3,0,3,3,0,3
23049726,,0,0.000004,89,0.000007,0,1,1,0,1,1
15184379,,0.00503,0,100,0.000107,39,0,39,39,0,39
28005077,,0,0.000152,100,0.000019,2,2,4,2,2,4
24410879,,0,0.000096,100,0.000007,0,1,1,0,1,1
21152184,,0,0.000115,168,0.000007,0,2,2,0,2,2
20148194,,0,0.000311,100,0.000007,0,2,2,0,2,2
17055348,,0,0.000096,100,0.000007,0,1,1,0,1,1
16782897,,0,0.000096,100,0.000007,0,1,1,0,1,1
15185750,,0.000028,0,72,0.000011,2,0,2,2,0,2
29107299,,0,0.000023,100,0.000007,0,1,1,0,1,1
15187254,,0.001222,0,100,0.00005,15,0,15,15,0,15
24058630,,0,0.000023,100,0.000007,0,1,1,0,1,1
21103071,,0,0.000069,100,0.000007,0,2,2,0,2,2
20847051,,0,0.000023,100,0.000007,0,1,1,0,1,1
16280592,,0,0.000023,100,0.000007,0,1,1,0,1,1
15189080,,0,0,181,0.00001,1,0,1,1,0,1
28570501,,0,0.00009,90,0.000007,0,2,2,0,2,2
15192311,,0.000022,0,90,0.000018,4,0,4,4,0,4
26221601,,0,0.00006,90,0.000007,0,3,3,0,3,3
15197194,,0.012754,0,5,0.000146,118,0,118,118,0,118
30019305,,0,0.000416,5,0.000007,0,7,7,0,7,7
27469117,,0,0.000424,5,0.000007,0,9,9,0,9,9
25975955,,0.000179,0.001179,5,0.000011,3,18,21,3,18,21
25609997,,0,0.00031,5,0.000007,0,5,5,0,5,5
22517269,,0,0.000314,5,0.000007,0,6,6,0,6,6
15197353,,0.000456,0,100,0.000014,8,0,8,8,0,8
18094058,,0,0.000224,100,0.000007,0,2,2,0,2,2
26385184,,0,0.000236,90,0.000007,0,4,4,0,4,4
25881544,,0,0.000061,90,0.000007,0,2,2,0,2,2
25182764,,0,0.000043,90,0.000007,0,1,1,0,1,1
24776842,,0,0.000043,90,0.000007,0,1,1,0,1,1
24752388,,0,0.000043,90,0.000007,0,1,1,0,1,1
21980134,,0,0.000043,90,0.000007,0,1,1,0,1,1
21930911,,0,0.000043,90,0.000007,0,1,1,0,1,1
21551225,,0,0.000056,90,0.000007,0,3,3,0,3,3
20439495,,0,0.000043,90,0.000007,0,1,1,0,1,1
19881910,,0,0.000043,90,0.000007,0,1,1,0,1,1
19556341,,0,0.000043,90,0.000007,0,1,1,0,1,1
18502030,,0,0.000043,90,0.000007,0,1,1,0,1,1
17761948,,0,0.000043,90,0.000007,0,1,1,0,1,1
16754886,,0,0.000043,90,0.000007,0,1,1,0,1,1
15205325,,0.003213,0,1,0.000054,13,0,13,13,0,13
27848968,,0,0.000171,35,0.000007,0,3,3,0,3,3
17088425,,0,0.000061,1,0.000007,0,1,1,0,1,1
15208652,,0.000709,0,100,0.000011,4,0,4,4,0,4
24245781,,0,0.000002,72,0.000007,0,1,1,0,1,1
15208681,,0.000127,0,72,0.000079,14,0,14,14,0,14
24088064,,0,0.000002,72,0.000007,0,1,1,0,1,1
23705783,,0,0.000002,72,0.000007,0,1,1,0,1,1
22345290,,0,0.000002,72,0.000007,0,1,1,0,1,1
21556051,,0,0.000002,72,0.000007,0,1,1,0,1,1
20713445,,0,0.000002,72,0.000007,0,1,1,0,1,1
20065103,,0,0.000002,72,0.000007,0,1,1,0,1,1
19096501,,0,0.000051,72,0.000007,0,2,2,0,2,2
18391015,,0,0.000002,72,0.000007,0,1,1,0,1,1
16314496,,0,0.000002,72,0.000007,0,1,1,0,1,1
23762563,,0,0.000001,35,0.000007,0,1,1,0,1,1
15209408,,0.000037,0,35,0.000019,3,0,3,3,0,3
23382343,,0,0.000001,35,0.000007,0,1,1,0,1,1
23572025,,0,0.000002,89,0.000007,0,1,1,0,1,1
30382096,,0,0.000539,24,0.000007,0,5,5,0,5,5
15234026,,0.001526,0,176,0.000812,159,0,159,159,0,159
30259607,,0,0.000148,176,0.000007,0,3,3,0,3,3
30237854,,0,0.000029,176,0.000007,0,1,1,0,1,1
29854708,,0,0.000029,176,0.000007,0,1,1,0,1,1
29844494,,0,0.000029,176,0.000007,0,1,1,0,1,1
29800455,,0,0.000119,100,0.000007,0,2,2,0,2,2
29758120,,0,0.000029,176,0.000007,0,1,1,0,1,1
29715291,,0,0.000989,1,0.000007,0,3,3,0,3,3
29556359,,0,0.000154,176,0.000007,0,2,2,0,2,2
29535822,,0,0.000029,176,0.000007,0,1,1,0,1,1
29492196,,0,0.000029,176,0.000007,0,1,1,0,1,1
29439394,,0,0.000029,176,0.000007,0,1,1,0,1,1
29435031,,0,0.000029,176,0.000007,0,1,1,0,1,1
29435012,,0,0.000029,176,0.000007,0,1,1,0,1,1
29396548,,0,0.000029,176,0.000007,0,1,1,0,1,1
29393484,,0,0.000029,176,0.000007,0,1,1,0,1,1
29370116,,0,0.000029,176,0.000007,0,1,1,0,1,1
29348487,,0,0.000235,176,0.000007,0,2,2,0,2,2
29343635,,0,0.000029,176,0.000007,0,1,1,0,1,1
29332468,,0,0.000029,176,0.000007,0,1,1,0,1,1
29259606,,0,0.000029,176,0.000007,0,1,1,0,1,1
29200875,,0,0.000029,176,0.000007,0,1,1,0,1,1
29170453,,0,0.000029,176,0.000007,0,1,1,0,1,1
29129699,,0,0.000029,176,0.000007,0,1,1,0,1,1
29113340,,0,0.000029,176,0.000007,0,1,1,0,1,1
29102360,,0,0.000029,176,0.000007,0,1,1,0,1,1
29069723,,0,0.000029,176,0.000007,0,1,1,0,1,1
29050234,,0,0.000029,176,0.000007,0,1,1,0,1,1
29026318,,0,0.000029,176,0.000007,0,1,1,0,1,1
28978184,,0,0.013899,1,0.000007,0,14,14,0,14,14
28900297,,0,0.000029,176,0.000007,0,1,1,0,1,1
28859688,,0,0.000029,176,0.000007,0,1,1,0,1,1
28761624,,0,0.000117,90,0.000007,0,4,4,0,4,4
28693280,,0,0.000029,176,0.000007,0,1,1,0,1,1
28683186,,0,0.000029,176,0.000007,0,1,1,0,1,1
28638454,,0,0.000029,176,0.000007,0,1,1,0,1,1
28529610,,0,0.000029,176,0.000007,0,1,1,0,1,1
28454299,,0,0.000029,176,0.000007,0,1,1,0,1,1
28415717,,0,0.000029,176,0.000007,0,1,1,0,1,1
28409393,,0,0.000029,176,0.000007,0,1,1,0,1,1
28386351,,0,0.000029,176,0.000007,0,1,1,0,1,1
28386336,,0,0.000029,176,0.000007,0,1,1,0,1,1
28360821,,0,0.000029,176,0.000007,0,1,1,0,1,1
28217176,,0,0.000029,176,0.000007,0,1,1,0,1,1
28105205,,0,0.000029,176,0.000007,0,1,1,0,1,1
28099931,,0,0.00004,279,0.000007,0,2,2,0,2,2
28062703,,0,0.000029,176,0.000007,0,1,1,0,1,1
27974510,,0,0.000029,176,0.000007,0,1,1,0,1,1
27974506,,0,0.000029,176,0.000007,0,1,1,0,1,1
27941840,,0,0.000029,176,0.000007,0,2,2,0,2,2
27774485,,0,0.000029,176,0.000007,0,2,2,0,2,2
27769049,,0,0.000029,176,0.000007,0,1,1,0,1,1
27713179,,0,0.000029,176,0.000007,0,1,1,0,1,1
27382312,,0,0.000029,176,0.000007,0,1,1,0,1,1
27326259,,0,0.000161,176,0.000007,0,2,2,0,2,2
27317342,,0,0.000068,279,0.000007,0,3,3,0,3,3
27250340,,0,0.000033,176,0.000007,0,2,2,0,2,2
27104236,,0,0.000029,176,0.000007,0,1,1,0,1,1
27043632,,0,0.00026,176,0.000007,0,3,3,0,3,3
26988558,,0,0.000497,176,0.000007,0,3,3,0,3,3
26966676,,0,0.000029,176,0.000007,0,1,1,0,1,1
26899500,,0,0.008868,367,0.000007,0,3,3,0,3,3
26791943,,0,0.000029,176,0.000007,0,1,1,0,1,1
26675289,,0,0.000029,176,0.000007,0,1,1,0,1,1
26670461,,0,0.000029,176,0.000007,0,1,1,0,1,1
26649150,,0,0.000029,176,0.000007,0,1,1,0,1,1
26622567,,0,0.000029,176,0.000007,0,1,1,0,1,1
26555773,,0,0.000054,100,0.000007,0,2,2,0,2,2
26516160,,0,0.000235,176,0.000007,0,2,2,0,2,2
26513173,,0,0.000029,176,0.000007,0,1,1,0,1,1
26379399,,0,0.000029,176,0.000007,0,1,1,0,1,1
26320178,,0,0.000029,231,0.000007,0,2,2,0,2,2
26109868,,0,0.000029,176,0.000007,0,1,1,0,1,1
26046692,,0,0.000029,176,0.000007,0,1,1,0,1,1
25961636,,0,0.000029,176,0.000007,0,2,2,0,2,2
25901204,,0,0.000029,176,0.000007,0,1,1,0,1,1
25875766,,0.000009,0.000119,265,0.000037,7,2,9,7,2,9
25834401,,0,0.000029,176,0.000007,0,1,1,0,1,1
25652202,,0,0.000029,176,0.000007,0,1,1,0,1,1
25544764,,0,0.000029,176,0.000007,0,2,2,0,2,2
25275598,,0,0.000029,176,0.000007,0,1,1,0,1,1
25255453,,0,0.000029,176,0.000007,0,1,1,0,1,1
25139788,,0,0.000234,176,0.000007,0,2,2,0,2,2
25009644,,0,0.000029,176,0.000007,0,1,1,0,1,1
24972085,,0,0.000029,176,0.000007,0,1,1,0,1,1
24853121,,0,0.000029,176,0.000007,0,1,1,0,1,1
24655584,,0,0.000029,176,0.000007,0,1,1,0,1,1
24587778,,0,0.000029,176,0.000007,0,1,1,0,1,1
24566139,,0,0.000029,176,0.000007,0,1,1,0,1,1
24481064,,0,0.000029,176,0.000007,0,1,1,0,1,1
24454870,,0,0.000041,176,0.000007,0,3,3,0,3,3
24397476,,0,0.000029,176,0.000007,0,1,1,0,1,1
24244120,,0,0.000029,176,0.000007,0,1,1,0,1,1
24100703,,0,0.000029,176,0.000007,0,1,1,0,1,1
24066670,,0,0.000029,176,0.000007,0,1,1,0,1,1
23991216,,0,0.000062,176,0.000007,0,2,2,0,2,2
23966948,,0,0.000029,176,0.000007,0,1,1,0,1,1
23915425,,0,0.000029,176,0.000007,0,1,1,0,1,1
23880852,,0,0.000029,176,0.000007,0,1,1,0,1,1
23874170,,0,0.000029,176,0.000007,0,1,1,0,1,1
23864890,,0,0.000029,176,0.000007,0,1,1,0,1,1
23833659,,0,0.000029,176,0.000007,0,1,1,0,1,1
23799002,,0,0.000029,176,0.000007,0,1,1,0,1,1
23728448,,0,0.00032,176,0.000007,0,2,2,0,2,2
23662044,,0,0.000029,176,0.000007,0,1,1,0,1,1
23492775,,0,0.000029,176,0.000007,0,1,1,0,1,1
23409016,,0,0.000029,176,0.000007,0,1,1,0,1,1
23381931,,0,0.000029,176,0.000007,0,1,1,0,1,1
23372608,,0,0.022376,1,0.000007,0,7,7,0,7,7
23316475,,0,0.000029,176,0.000007,0,1,1,0,1,1
23268707,,0,0.000029,176,0.000007,0,1,1,0,1,1
23251549,,0,0.000029,176,0.000007,0,2,2,0,2,2
23236487,,0,0.000029,176,0.000007,0,1,1,0,1,1
22929882,,0,0.000029,176,0.000007,0,1,1,0,1,1
22822095,,0,0.000038,176,0.000007,0,2,2,0,2,2
22792391,,0,0.000029,176,0.000007,0,1,1,0,1,1
22740916,,0,0.000029,176,0.000007,0,1,1,0,1,1
22701710,,0,0.000029,176,0.000007,0,1,1,0,1,1
22690217,,0,0.000029,176,0.000007,0,1,1,0,1,1
22171132,,0,0.000029,176,0.000007,0,1,1,0,1,1
22003958,,0,0.000029,176,0.000007,0,1,1,0,1,1
21988913,,0,0.000029,176,0.000007,0,1,1,0,1,1
21933400,,0,0.000029,176,0.000007,0,1,1,0,1,1
21804946,,0,0.000029,176,0.000007,0,1,1,0,1,1
21762375,,0,0.000029,176,0.000007,0,1,1,0,1,1
21743064,,0,0.000029,176,0.000007,0,1,1,0,1,1
21624128,,0,0.000029,176,0.000007,0,1,1,0,1,1
21603589,,0,0.000029,176,0.000007,0,1,1,0,1,1
21483692,,0,0.000029,176,0.000007,0,1,1,0,1,1
21468086,,0,0.000034,87,0.000007,0,2,2,0,2,2
21303901,,0,0.000029,176,0.000007,0,1,1,0,1,1
21244709,,0,0.00032,176,0.000007,0,2,2,0,2,2
20629992,,0,0.000029,176,0.000007,0,1,1,0,1,1
20588277,,0,0.000029,176,0.000007,0,1,1,0,1,1
20492730,,0,0.000029,176,0.000007,0,1,1,0,1,1
20184758,,0,0.000029,176,0.000007,0,1,1,0,1,1
20135685,,0,0.000029,176,0.000007,0,1,1,0,1,1
20127258,,0,0.000029,176,0.000007,0,1,1,0,1,1
20025549,,0,0.000029,176,0.000007,0,1,1,0,1,1
19946604,,0,0.000029,176,0.000007,0,1,1,0,1,1
17704364,,0,0.000029,176,0.000007,0,1,1,0,1,1
17473826,,0,0.000029,176,0.000007,0,1,1,0,1,1
16969344,,0,0.000029,176,0.000007,0,1,1,0,1,1
16640785,,0,0.000029,176,0.000007,0,1,1,0,1,1
16545370,,0,0.000029,176,0.000007,0,1,1,0,1,1
16472396,,0,0.000029,176,0.000007,0,1,1,0,1,1
29254190,,0,0.000073,140,0.000007,0,1,1,0,1,1
27644547,,0,0.000073,140,0.000007,0,1,1,0,1,1
22509377,,0,0.000073,140,0.000007,0,1,1,0,1,1
21480434,,0,0.000271,140,0.000007,0,4,4,0,4,4
20947785,,0,0.00021,140,0.000007,0,2,2,0,2,2
18951461,,0,0.001166,140,0.000007,0,8,8,0,8,8
15236312,,0.002133,0,87,0.000083,18,0,18,18,0,18
26954716,,0,0.000366,87,0.000007,0,4,4,0,4,4
22496636,,0,0.000041,87,0.000007,0,1,1,0,1,1
15238138,,0.000779,0,100,0.000078,32,0,32,32,0,32
26681308,,0,0.000379,100,0.000007,0,4,4,0,4,4
26369989,,0,0.000015,100,0.000007,0,1,1,0,1,1
24348213,,0,0.000627,100,0.000007,0,8,8,0,8,8
24331189,,0,0.000213,100,0.000007,0,3,3,0,3,3
24237972,,0,0.000508,100,0.000007,0,8,8,0,8,8
23174490,,0,0.000015,100,0.000007,0,1,1,0,1,1
22844098,,0,0.000176,48,0.000007,0,2,2,0,2,2
21980013,,0,0.000213,100,0.000007,0,3,3,0,3,3
20921626,,0,0.000015,100,0.000007,0,1,1,0,1,1
16990357,,0,0.000015,100,0.000007,0,1,1,0,1,1
15770508,,0,0.000015,100,0.000007,0,1,1,0,1,1
27638711,,0,0,241,0.000007,0,1,1,0,1,1
15251168,,0.000017,0,241,0.000047,8,0,8,8,0,8
26417290,,0,0,241,0.000007,0,1,1,0,1,1
24891766,,0,0,241,0.000007,0,1,1,0,1,1
24795731,,0,0,241,0.000007,0,1,1,0,1,1
24212813,,0,0,241,0.000007,0,1,1,0,1,1
23815143,,0,0.000001,241,0.000007,0,2,2,0,2,2
18434082,,0,0,241,0.000007,0,1,1,0,1,1
15252324,,0.001266,0,69,0.000019,10,0,10,10,0,10
29371978,,0,0.000001,279,0.000007,0,1,1,0,1,1
15252835,,0.000055,0,279,0.000329,27,0,27,27,0,27
28541643,,0,0.000001,279,0.000007,0,1,1,0,1,1
28056052,,0,0.000001,279,0.000007,0,1,1,0,1,1
25352953,,0,0.000001,279,0.000007,0,1,1,0,1,1
24392033,,0,0.000001,279,0.000007,0,1,1,0,1,1
22955980,,0,0.000001,279,0.000007,0,1,1,0,1,1
22615834,,0,0.000001,279,0.000007,0,1,1,0,1,1
22277129,,0,0.00003,279,0.000007,0,2,2,0,2,2
21704228,,0,0.00002,279,0.000007,0,2,2,0,2,2
21663659,,0,0.000001,279,0.000007,0,1,1,0,1,1
21252296,,0,0.000001,279,0.000007,0,1,1,0,1,1
19912643,,0,0.000001,279,0.000007,0,1,1,0,1,1
19707598,,0,0.000001,279,0.000007,0,1,1,0,1,1
19568426,,0,0.00003,279,0.000007,0,2,2,0,2,2
19468298,,0,0.000001,279,0.000007,0,1,1,0,1,1
19450526,,0,0.000001,279,0.000007,0,1,1,0,1,1
19322193,,0,0.000001,279,0.000007,0,1,1,0,1,1
18985277,,0,0.000001,279,0.000007,0,1,1,0,1,1
18922938,,0,0.00003,279,0.000007,0,2,2,0,2,2
18765639,,0.000004,0.000001,279,0.000228,38,1,39,38,1,39
18030324,,0,0.000001,279,0.000007,0,1,1,0,1,1
17210645,,0,0.000001,279,0.000007,0,1,1,0,1,1
29346668,,0,0.000081,184,0.000007,0,2,2,0,2,2
28445142,,0,0.00018,176,0.000007,0,6,6,0,6,6
26549042,,0,0.000043,176,0.000007,0,3,3,0,3,3
25937814,,0,0.000159,176,0.000007,0,4,4,0,4,4
25238782,,0,0.000152,176,0.000007,0,3,3,0,3,3
23979016,,0,0.000036,176,0.000007,0,1,1,0,1,1
23863462,,0,0.001037,100,0.000007,0,6,6,0,6,6
23601052,,0,0.000152,176,0.000007,0,3,3,0,3,3
23109895,,0,0.000135,176,0.000007,0,3,3,0,3,3
22762011,,0,0.000159,176,0.000007,0,4,4,0,4,4
22673806,,0,0.000042,176,0.000007,0,2,2,0,2,2
22245581,,0,0.000135,176,0.000007,0,3,3,0,3,3
21286310,,0,0.000163,176,0.000007,0,5,5,0,5,5
20413351,,0,0.000159,176,0.000007,0,4,4,0,4,4
20071743,,0,0.000042,176,0.000007,0,2,2,0,2,2
20060399,,0,0.000135,176,0.000007,0,3,3,0,3,3
19969545,,0,0.000036,176,0.000007,0,1,1,0,1,1
19596237,,0,0.000036,176,0.000007,0,1,1,0,1,1
19465392,,0,0.000135,176,0.000007,0,3,3,0,3,3
19183484,,0,0.000159,176,0.000007,0,4,4,0,4,4
18593815,,0,0.000067,176,0.000007,0,3,3,0,3,3
18162546,,0,0.000159,176,0.000007,0,4,4,0,4,4
17215515,,0,0.000067,176,0.000007,0,3,3,0,3,3
16384935,,0,0.000036,176,0.000007,0,1,1,0,1,1
15254397,,0.000996,0,100,0.000012,6,0,6,6,0,6
15254414,,0.00037,0,100,0.000014,5,0,5,5,0,5
15254424,,0.001177,0,140,0.000019,8,0,8,8,0,8
30100923,,0,0.000013,5,0.000007,0,2,2,0,2,2
15254451,,0.00062,0,5,0.000054,18,0,18,18,0,18
26962170,,0,0.000016,5,0.000007,0,2,2,0,2,2
24745633,,0,0.000274,5,0.000007,0,12,12,0,12,12
23697740,,0,0.000012,5,0.000007,0,1,1,0,1,1
22623603,,0,0.000013,279,0.000007,0,2,2,0,2,2
22204616,,0,0.000068,5,0.000007,0,5,5,0,5,5
19367091,,0,0.000103,5,0.000007,0,3,3,0,3,3
18990739,,0.000928,0.000404,5,0.00004,16,9,25,16,9,25
15888216,,0,0.000012,123,0.000007,0,2,2,0,2,2
15254695,,0.000503,0,1,0.000008,1,0,1,1,0,1
30443189,,0,0.000475,100,0.000007,0,4,4,0,4,4
15256476,,0.003053,0,100,0.000054,25,0,25,25,0,25
27702817,,0.004482,0.005596,1,0.000011,9,8,17,9,8,17
26850462,,0,0.000168,100,0.000007,0,3,3,0,3,3
26379914,,0,0.000121,100,0.000007,0,2,2,0,2,2
23108145,,0,0.000058,100,0.000007,0,1,1,0,1,1
21877955,,0,0.000058,100,0.000007,0,1,1,0,1,1
18941635,,0,0.000058,100,0.000007,0,1,1,0,1,1
27002935,,0,0.000004,35,0.000007,0,1,1,0,1,1
15258337,,0.000197,0,35,0.000086,16,0,16,16,0,16
22900176,,0,0.000004,35,0.000007,0,1,1,0,1,1
22783429,,0,0.000004,35,0.000007,0,1,1,0,1,1
22122898,,0,0.000004,35,0.000007,0,1,1,0,1,1
22084684,,0,0.000004,35,0.000007,0,1,1,0,1,1
21332380,,0,0.001265,35,0.000007,0,5,5,0,5,5
21326957,,0,0.000004,35,0.000007,0,2,2,0,2,2
20618994,,0,0.000004,35,0.000007,0,1,1,0,1,1
19740432,,0,0.000004,35,0.000007,0,1,1,0,1,1
19590685,,0,0.000004,35,0.000007,0,1,1,0,1,1
17245180,,0,0.000004,35,0.000007,0,1,1,0,1,1
17163994,,0,0.000004,35,0.000007,0,1,1,0,1,1
16459166,,0,0.000004,35,0.000007,0,1,1,0,1,1
15987476,,0,0.000004,35,0.000007,0,1,1,0,1,1
29435183,,0,0.007482,69,0.000007,0,2,2,0,2,2
15258697,,0.002437,0,69,0.000076,19,0,19,19,0,19
28138029,,0,0.000442,1,0.000007,0,4,4,0,4,4
26648788,,0,0.000357,69,0.000007,0,2,2,0,2,2
24403987,,0,0.007876,69,0.000007,0,4,4,0,4,4
24066277,,0,0.000046,69,0.000007,0,1,1,0,1,1
23690307,,0,0.007482,69,0.000007,0,2,2,0,2,2
23598404,,0,0.000046,69,0.000007,0,1,1,0,1,1
20661131,,0,0.000046,69,0.000007,0,1,1,0,1,1
20617134,,0,0.000046,69,0.000007,0,1,1,0,1,1
20179198,,0,0.000175,69,0.000007,0,3,3,0,3,3
18687136,,0,0.000046,69,0.000007,0,1,1,0,1,1
25693195,,0,0,82,0.000007,0,1,1,0,1,1
15264248,,0,0,82,0.000052,8,0,8,8,0,8
24386413,,0,0,82,0.000007,0,1,1,0,1,1
24199173,,0,0.000008,82,0.000007,0,2,2,0,2,2
23130941,,0,0,82,0.000007,0,1,1,0,1,1
21664238,,0,0,82,0.000007,0,1,1,0,1,1
19680443,,0,0,82,0.000007,0,1,1,0,1,1
19389811,,0,0,82,0.000007,0,1,1,0,1,1
19282387,,0,0,82,0.000007,0,1,1,0,1,1
15264273,,0.000132,0,231,0.000014,4,0,4,4,0,4
15264274,,0.001584,0,89,0.000077,17,0,17,17,0,17
25405931,,0,0.00003,89,0.000007,0,1,1,0,1,1
24586834,,0,0.00003,89,0.000007,0,1,1,0,1,1
21465221,,0,0.00003,89,0.000007,0,1,1,0,1,1
19997100,,0,0.00003,89,0.000007,0,1,1,0,1,1
19050691,,0,0.00003,89,0.000007,0,1,1,0,1,1
19050690,,0,0.00003,89,0.000007,0,1,1,0,1,1
18708398,,0,0.00003,89,0.000007,0,1,1,0,1,1
18302196,,0,0.000033,89,0.000007,0,2,2,0,2,2
15265711,,0.001652,0,100,0.000061,19,0,19,19,0,19
28879172,,0,0.000026,5,0.000007,0,1,1,0,1,1
15265971,,0.001362,0,5,0.000061,26,0,26,26,0,26
24763114,,0,0.000026,5,0.000007,0,1,1,0,1,1
24548865,,0,0.000217,5,0.000007,0,4,4,0,4,4
23853760,,0,0.00004,5,0.000007,0,3,3,0,3,3
18539974,,0,0.000026,5,0.000007,0,1,1,0,1,1
26556354,,0,0,115,0.000007,0,1,1,0,1,1
15269812,,0,0,115,0.000067,10,0,10,10,0,10
21799715,,0,0,115,0.000007,0,1,1,0,1,1
21741465,,0,0,115,0.000007,0,1,1,0,1,1
21152984,,0,0,115,0.000007,0,1,1,0,1,1
19693386,,0,0,115,0.000007,0,1,1,0,1,1
19350087,,0,0,115,0.000007,0,1,1,0,1,1
18693260,,0,0,115,0.000007,0,1,1,0,1,1
18094766,,0,0,115,0.000007,0,1,1,0,1,1
17263345,,0,0,115,0.000007,0,1,1,0,1,1
17000636,,0,0,115,0.000007,0,1,1,0,1,1
30420903,,0,0.000024,90,0.000007,0,2,2,0,2,2
15273504,,0.000016,0,90,0.000161,28,0,28,28,0,28
30225257,,0,0,90,0.000007,0,1,1,0,1,1
30021519,,0,0,90,0.000007,0,1,1,0,1,1
29097665,,0,0,90,0.000007,0,1,1,0,1,1
29038452,,0,0,90,0.000007,0,1,1,0,1,1
28769757,,0,0,90,0.000007,0,1,1,0,1,1
26378057,,0,0,90,0.000007,0,1,1,0,1,1
25900982,,0,0,90,0.000007,0,1,1,0,1,1
23897431,,0,0,90,0.000007,0,1,1,0,1,1
23713962,,0,0,90,0.000007,0,1,1,0,1,1
23382794,,0,0,90,0.000007,0,1,1,0,1,1
22916201,,0,0,90,0.000007,0,1,1,0,1,1
20943656,,0,0,90,0.000007,0,1,1,0,1,1
20604708,,0,0,90,0.000007,0,1,1,0,1,1
19941154,,0,0,90,0.000007,0,1,1,0,1,1
19707325,,0,0,90,0.000007,0,1,1,0,1,1
19694817,,0,0,90,0.000007,0,1,1,0,1,1
19563863,,0,0,90,0.000007,0,1,1,0,1,1
19452197,,0,0,90,0.000007,0,1,1,0,1,1
19155210,,0,0,90,0.000007,0,1,1,0,1,1
18996915,,0,0,90,0.000007,0,1,1,0,1,1
17363264,,0,0,90,0.000007,0,1,1,0,1,1
17273978,,0,0,90,0.000007,0,1,1,0,1,1
16909393,,0,0,90,0.000007,0,1,1,0,1,1
16339806,,0,0,90,0.000007,0,1,1,0,1,1
29977175,,0,0.000016,57,0.000007,0,1,1,0,1,1
15279770,,0.000839,0,57,0.000145,42,0,42,42,0,42
29738884,,0,0.000948,231,0.000007,0,4,4,0,4,4
29416357,,0,0.000016,57,0.000007,0,1,1,0,1,1
29387634,,0,0.000016,57,0.000007,0,1,1,0,1,1
26303641,,0,0.000016,57,0.000007,0,1,1,0,1,1
25026297,,0,0.000081,1,0.000007,0,3,3,0,3,3
24704916,,0,0.000016,57,0.000007,0,1,1,0,1,1
24166361,,0,0.000057,231,0.000007,0,3,3,0,3,3
24141789,,0,0.000016,57,0.000007,0,1,1,0,1,1
23356304,,0,0.000016,57,0.000007,0,1,1,0,1,1
23063077,,0,0.000016,57,0.000007,0,1,1,0,1,1
23012366,,0,0.000016,57,0.000007,0,1,1,0,1,1
22933979,,0,0.000016,57,0.000007,0,1,1,0,1,1
21063405,,0,0.000257,57,0.000007,0,2,2,0,2,2
20947453,,0,0.000016,57,0.000007,0,1,1,0,1,1
19793304,,0,0.000016,57,0.000007,0,1,1,0,1,1
19409520,,0,0.000016,57,0.000007,0,1,1,0,1,1
19244322,,0,0.000016,57,0.000007,0,1,1,0,1,1
19171781,,0,0.000016,57,0.000007,0,1,1,0,1,1
18632984,,0,0.000029,57,0.000007,0,2,2,0,2,2
18455751,,0,0.000016,57,0.000007,0,1,1,0,1,1
26949038,,0,0.000031,176,0.000007,0,2,2,0,2,2
15279779,,0.001589,0,100,0.000044,13,0,13,13,0,13
22562243,,0,0.00003,100,0.000007,0,1,1,0,1,1
21147529,,0,0.003128,35,0.000007,0,4,4,0,4,4
19602431,,0,0.00003,100,0.000007,0,1,1,0,1,1
15280181,,0.000372,0,90,0.000016,7,0,7,7,0,7
15280182,,0.000193,0,1,0.000027,5,0,5,5,0,5
23808472,,0,0.000004,1,0.000007,0,1,1,0,1,1
22713805,,0,0.000004,1,0.000007,0,1,1,0,1,1
21406119,,0,0.000004,1,0.000007,0,1,1,0,1,1
15280185,,0.000074,0,5,0.00001,4,0,4,4,0,4
25103913,,0,0.000002,5,0.000007,0,1,1,0,1,1
15280187,,0.000116,0,5,0.000016,4,0,4,4,0,4
24043592,,0,0.000295,5,0.000007,0,4,4,0,4,4
29862441,,0,0.000014,5,0.000007,0,1,1,0,1,1
28439532,,0,0.000017,5,0.000007,0,2,2,0,2,2
28327157,,0,0.000014,5,0.000007,0,1,1,0,1,1
27453770,,0,0.000014,5,0.000007,0,1,1,0,1,1
26813512,,0,0.000071,5,0.000007,0,4,4,0,4,4
26628877,,0,0.000014,5,0.000007,0,1,1,0,1,1
26334178,,0,0.000048,5,0.000007,0,3,3,0,3,3
25822675,,0,0.00015,5,0.000007,0,9,9,0,9,9
25765282,,0,0.000014,5,0.000007,0,1,1,0,1,1
25733982,,0,0.000299,5,0.000007,0,5,5,0,5,5
25499536,,0,0.000032,5,0.000007,0,2,2,0,2,2
25019639,,0,0.000014,5,0.000007,0,1,1,0,1,1
24550180,,0,0.000014,5,0.000007,0,1,1,0,1,1
24508326,,0,0.000014,5,0.000007,0,1,1,0,1,1
24251086,,0,0.000014,5,0.000007,0,1,1,0,1,1
24007351,,0,0.000014,5,0.000007,0,1,1,0,1,1
23603653,,0,0.000014,5,0.000007,0,1,1,0,1,1
20856693,,0,0.000053,5,0.000007,0,2,2,0,2,2
20379908,,0,0.000014,5,0.000007,0,2,2,0,2,2
18823445,,0,0.000014,5,0.000007,0,2,2,0,2,2
15280660,,0.002156,0,100,0.000047,17,0,17,17,0,17
30384829,,0,0.000043,231,0.000007,0,6,6,0,6,6
30194396,,0,0.000054,82,0.000007,0,2,2,0,2,2
28825373,,0,0.000033,82,0.000007,0,1,1,0,1,1
27958289,,0,0.000071,82,0.000007,0,4,4,0,4,4
26528698,,0,0.000044,82,0.000007,0,2,2,0,2,2
23272087,,0,0.000047,231,0.000007,0,2,2,0,2,2
23125224,,0,0.000033,82,0.000007,0,1,1,0,1,1
22438227,,0,0.000036,82,0.000007,0,3,3,0,3,3
19109789,,0,0.000033,82,0.000007,0,1,1,0,1,1
29466133,,0,0,116,0.000007,0,1,1,0,1,1
15281186,,0,0,116,0.000013,1,0,1,1,0,1
15281667,,0.000094,0,5,0.000008,1,0,1,1,0,1
21129186,,0,0.000014,100,0.000007,0,1,1,0,1,1
18086895,,0,0.000014,100,0.000007,0,1,1,0,1,1
16641292,,0,0.000014,100,0.000007,0,1,1,0,1,1
16641271,,0,0.000014,100,0.000007,0,1,1,0,1,1
15284715,,0.000139,0,5,0.000015,11,0,11,11,0,11
15285306,,0.000067,0,89,0.000008,1,0,1,1,0,1
15289302,,0.001835,0,90,0.000031,12,0,12,12,0,12
22427346,,0,0.000035,90,0.000007,0,1,1,0,1,1
29758013,,0,0,41,0.000007,0,1,1,0,1,1
15294905,,0.000002,0,41,0.000148,25,0,25,25,0,25
29662007,,0,0,41,0.000007,0,1,1,0,1,1
29108391,,0,0.000001,41,0.000007,0,2,2,0,2,2
28903346,,0,0,41,0.000007,0,1,1,0,1,1
28469396,,0,0,41,0.000007,0,1,1,0,1,1
28454412,,0,0.00008,100,0.000007,0,2,2,0,2,2
27186289,,0,0,41,0.000007,0,1,1,0,1,1
26446990,,0,0,41,0.000007,0,1,1,0,1,1
25961958,,0,0,41,0.000007,0,1,1,0,1,1
25375650,,0,0,41,0.000007,0,1,1,0,1,1
25296724,,0,0,41,0.000007,0,1,1,0,1,1
24963355,,0,0,41,0.000007,0,1,1,0,1,1
24692067,,0,0,41,0.000007,0,1,1,0,1,1
23968360,,0,0,41,0.000007,0,1,1,0,1,1
23919619,,0,0,41,0.000007,0,1,1,0,1,1
23828861,,0,0,41,0.000007,0,1,1,0,1,1
23777634,,0,0,41,0.000007,0,1,1,0,1,1
23580780,,0,0,41,0.000007,0,1,1,0,1,1
23123197,,0,0.000042,41,0.000007,0,2,2,0,2,2
22157330,,0,0,41,0.000007,0,1,1,0,1,1
21636554,,0,0,41,0.000007,0,1,1,0,1,1
20831808,,0,0,41,0.000007,0,1,1,0,1,1
19344533,,0,0,41,0.000007,0,1,1,0,1,1
18684708,,0,0,41,0.000007,0,1,1,0,1,1
18280284,,0,0,41,0.000007,0,1,1,0,1,1
29140263,,0,0.000008,5,0.000007,0,1,1,0,1,1
15298364,,0.000403,0,5,0.000049,10,0,10,10,0,10
27852039,,0,0.000008,5,0.000007,0,1,1,0,1,1
25880024,,0,0.000008,5,0.000007,0,1,1,0,1,1
24721817,,0,0.000008,5,0.000007,0,1,1,0,1,1
20351843,,0,0.000008,5,0.000007,0,1,1,0,1,1
18687733,,0,0.000008,5,0.000007,0,1,1,0,1,1
15300854,,0.000162,0,140,0.000038,14,0,14,14,0,14
26247049,,0,0.000139,140,0.000007,0,8,8,0,8,8
23690608,,0,0.000003,140,0.000007,0,1,1,0,1,1
22824075,,0,0.000041,140,0.000007,0,3,3,0,3,3
20864636,,0,0.000008,35,0.000007,0,2,2,0,2,2
19766128,,0,0.000033,140,0.000007,0,2,2,0,2,2
19451652,,0,0.000033,231,0.000007,0,4,4,0,4,4
19267393,,0,0.00035,140,0.000007,0,5,5,0,5,5
15923275,,0,0.000003,140,0.000007,0,1,1,0,1,1
29962287,,0,0,168,0.000007,0,1,1,0,1,1
15305375,,0,0,168,0.000055,9,0,9,9,0,9
29949797,,0,0,168,0.000007,0,1,1,0,1,1
28168193,,0,0.000013,168,0.000007,0,2,2,0,2,2
27918564,,0,0,168,0.000007,0,1,1,0,1,1
26980572,,0,0,168,0.000007,0,1,1,0,1,1
26634256,,0,0,168,0.000007,0,1,1,0,1,1
21045110,,0,0,168,0.000007,0,1,1,0,1,1
15756260,,0,0,168,0.000007,0,1,1,0,1,1
15307796,,0.000002,0,89,0.00001,1,0,1,1,0,1
29467235,,0,0.000009,5,0.000007,0,1,1,0,1,1
15310772,,0.000492,0,5,0.000073,21,0,21,21,0,21
29456779,,0,0.000009,5,0.000007,0,1,1,0,1,1
29319429,,0,0.000476,5,0.000007,0,7,7,0,7,7
27793171,,0,0.000009,5,0.000007,0,1,1,0,1,1
27599489,,0,0.000009,5,0.000007,0,1,1,0,1,1
26517594,,0,0.000009,5,0.000007,0,1,1,0,1,1
24271037,,0.000068,0.000378,5,0.000009,3,17,20,3,17,20
23837534,,0,0.000009,5,0.000007,0,1,1,0,1,1
19346274,,0,0.000009,5,0.000007,0,1,1,0,1,1
17083500,,0,0.000009,5,0.000007,0,1,1,0,1,1
15860050,,0,0.000009,5,0.000007,0,1,1,0,1,1
27335251,,0,0.000042,24,0.000007,0,2,2,0,2,2
15316055,,0.000166,0,5,0.000012,4,0,4,4,0,4
26264690,,0,0.000701,5,0.000007,0,5,5,0,5,5
15317748,,0.00619,0,24,0.00025,73,0,73,73,0,73
29318765,,0,0.000192,24,0.000007,0,3,3,0,3,3
28178672,,0,0.000944,24,0.000007,0,3,3,0,3,3
28078044,,0,0.000209,24,0.000007,0,6,6,0,6,6
27665734,,0,0.000118,24,0.000007,0,1,1,0,1,1
27366083,,0,0.000573,24,0.000007,0,7,7,0,7,7
26629440,,0,0.000186,24,0.000007,0,4,4,0,4,4
26396673,,0.000004,0.000208,24,0.000014,2,4,6,2,4,6
25806256,,0,0.00056,24,0.000007,0,7,7,0,7,7
25806234,,0,0.000274,24,0.000036,6,6,12,6,6,12
24591771,,0.000004,0.000196,24,0.000013,3,3,6,3,3,6
22443647,,0.000012,0.000604,24,0.00002,3,3,6,3,3,6
22152698,,0,0.000907,24,0.000007,0,7,7,0,7,7
21998011,,0,0.000118,24,0.000007,0,1,1,0,1,1
21904580,,0,0.00058,24,0.000007,0,8,8,0,8,8
20047843,,0.000057,0.000343,24,0.000339,69,9,78,69,9,78
20009012,,0,0.000118,24,0.000007,0,1,1,0,1,1
19792967,,0,0.000402,24,0.000007,0,3,3,0,3,3
19023414,,0,0.000118,24,0.000007,0,1,1,0,1,1
18301748,,0,0.000118,24,0.000007,0,1,1,0,1,1
17565944,,0,0.000118,24,0.000007,0,1,1,0,1,1
30189583,,0,0.000007,231,0.000007,0,1,1,0,1,1
30181360,,0,0.000007,231,0.000007,0,1,1,0,1,1
30068302,,0,0.000007,231,0.000007,0,1,1,0,1,1
29132333,,0,0.000023,66,0.000007,0,2,2,0,2,2
28380432,,0,0.000007,231,0.000007,0,1,1,0,1,1
27981155,,0,0.000007,231,0.000007,0,1,1,0,1,1
27741445,,0,0.000007,231,0.000007,0,1,1,0,1,1
27351801,,0,0.000008,35,0.000007,0,3,3,0,3,3
27095934,,0,0.000063,231,0.000007,0,3,3,0,3,3
26986571,,0,0.000015,241,0.000007,0,2,2,0,2,2
26942716,,0,0.000007,231,0.000007,0,1,1,0,1,1
26848668,,0,0.000022,231,0.000007,0,2,2,0,2,2
26265122,,0,0.000665,231,0.000007,0,3,3,0,3,3
25689428,,0,0.000007,231,0.000007,0,1,1,0,1,1
24945727,,0,0.000037,231,0.000007,0,3,3,0,3,3
24718936,,0,0.000007,231,0.000007,0,1,1,0,1,1
24667649,,0,0.000007,231,0.000007,0,1,1,0,1,1
24495528,,0,0.000007,231,0.000007,0,1,1,0,1,1
24410858,,0,0.000007,231,0.000007,0,1,1,0,1,1
24146960,,0,0.000009,5,0.000007,0,3,3,0,3,3
24078451,,0,0.000037,231,0.000007,0,2,2,0,2,2
24054435,,0,0.000007,231,0.000007,0,1,1,0,1,1
24043428,,0,0.000007,231,0.000007,0,1,1,0,1,1
23652303,,0,0.000007,231,0.000007,0,1,1,0,1,1
23588007,,0,0.000037,231,0.000007,0,2,2,0,2,2
23554729,,0,0.000007,231,0.000007,0,1,1,0,1,1
23435025,,0,0.000007,231,0.000007,0,1,1,0,1,1
23285439,,0,0.000007,231,0.000007,0,1,1,0,1,1
23217001,,0,0.000037,231,0.000007,0,3,3,0,3,3
23151807,,0,0.000086,231,0.000007,0,3,3,0,3,3
22927520,,0,0.000007,231,0.000007,0,1,1,0,1,1
22649363,,0,0.000007,231,0.000007,0,1,1,0,1,1
22472542,,0,0.000199,5,0.000007,0,3,3,0,3,3
22346245,,0,0.000007,231,0.000007,0,1,1,0,1,1
21897394,,0,0.000007,231,0.000007,0,1,1,0,1,1
21761346,,0,0.000007,231,0.000007,0,1,1,0,1,1
21710192,,0,0.000007,231,0.000007,0,1,1,0,1,1
21318123,,0,0.000037,231,0.000007,0,2,2,0,2,2
21084553,,0,0.000007,231,0.000007,0,1,1,0,1,1
20926515,,0,0.000007,231,0.000007,0,1,1,0,1,1
20224871,,0,0.000007,231,0.000007,0,1,1,0,1,1
20160722,,0,0.000007,231,0.000007,0,1,1,0,1,1
19292893,,0,0.000007,231,0.000007,0,1,1,0,1,1
19138971,,0,0.000007,231,0.000007,0,1,1,0,1,1
18990754,,0,0.000007,231,0.000007,0,1,1,0,1,1
18552361,,0,0.000007,231,0.000007,0,1,1,0,1,1
16404368,,0,0.000007,231,0.000007,0,1,1,0,1,1
30211082,,0,0.000003,205,0.000007,0,2,2,0,2,2
15319244,,0.000171,0,205,0.000019,7,0,7,7,0,7
29531473,,0,0.000003,205,0.000007,0,1,1,0,1,1
28281021,,0.000105,0.002328,205,0.000012,4,17,21,4,17,21
30306389,,0,0.000055,279,0.000007,0,3,3,0,3,3
15328171,,0.000562,0,279,0.000169,46,0,46,46,0,46
30133331,,0,0.000036,279,0.000007,0,2,2,0,2,2
29693804,,0,0.000011,279,0.000007,0,1,1,0,1,1
28434943,,0,0.000266,279,0.000007,0,3,3,0,3,3
28345661,,0,0.000011,279,0.000007,0,1,1,0,1,1
28061437,,0,0.000011,279,0.000007,0,1,1,0,1,1
27191268,,0,0.000057,279,0.000007,0,10,10,0,10,10
27073531,,0,0.000011,279,0.000007,0,1,1,0,1,1
26451736,,0,0.000031,279,0.000007,0,4,4,0,4,4
26271713,,0,0.000011,279,0.000007,0,1,1,0,1,1
23508069,,0,0.000133,279,0.000007,0,4,4,0,4,4
23249627,,0,0.000011,279,0.000007,0,1,1,0,1,1
23226781,,0,0.000011,279,0.000007,0,1,1,0,1,1
22080730,,0,0.000011,279,0.000007,0,1,1,0,1,1
21283676,,0.001055,0.000033,279,0.000112,43,3,46,43,3,46
19861523,,0,0.000026,279,0.000007,0,3,3,0,3,3
19503806,,0,0.000011,279,0.000007,0,1,1,0,1,1
18806226,,0,0.000025,279,0.000007,0,2,2,0,2,2
18485221,,0,0.000051,279,0.000007,0,3,3,0,3,3
15328194,,0.000304,0,1,0.000031,9,0,9,9,0,9
29682198,,0,0.000006,1,0.000007,0,1,1,0,1,1
24687970,,0,0.000058,1,0.000007,0,2,2,0,2,2
23224173,,0,0.00001,1,0.000007,0,2,2,0,2,2
19258216,,0,0.000141,1,0.000007,0,2,2,0,2,2
20160272,,0,0,117,0.000007,0,1,1,0,1,1
15331253,,0,0,117,0.000013,1,0,1,1,0,1
15331868,,0.000004,0,5,0.000008,1,0,1,1,0,1
15331871,,0.000245,0,66,0.00001,3,0,3,3,0,3
26844415,,0,0.000061,137,0.000007,0,4,4,0,4,4
15333468,,0.000138,0,137,0.000032,9,0,9,9,0,9
25890184,,0,0.000003,137,0.000007,0,2,2,0,2,2
25826294,,0,0.000018,137,0.000007,0,3,3,0,3,3
24511462,,0,0.000029,137,0.000007,0,2,2,0,2,2
23281707,,0,0.000007,137,0.000007,0,2,2,0,2,2
19450551,,0,0.000018,137,0.000007,0,2,2,0,2,2
16983687,,0,0.000029,137,0.000007,0,2,2,0,2,2
15626757,,0,0.000003,137,0.000007,0,1,1,0,1,1
15334544,,0.000175,0,35,0.000016,4,0,4,4,0,4
25297893,,0,0.00002,5,0.000007,0,5,5,0,5,5
15340261,,0.000172,0,5,0.000018,9,0,9,9,0,9
23408351,,0,0.000024,5,0.000007,0,3,3,0,3,3
22399327,,0,0.00002,5,0.000007,0,3,3,0,3,3
28993434,,0,0.002688,89,0.000007,0,27,27,0,27,27
15340362,,0.001779,0,5,0.000054,10,0,10,10,0,10
30370249,,0,0.000866,69,0.000007,0,6,6,0,6,6
15343273,,0.032067,0,100,0.000758,225,0,225,225,0,225
29928360,,0,0.000638,1,0.000007,0,3,3,0,3,3
29651417,,0,0.000611,100,0.000007,0,1,1,0,1,1
29522538,,0,0.000633,100,0.000007,0,2,2,0,2,2
29089794,,0,0.001568,5,0.000007,0,15,15,0,15,15
28454233,,0,0.000611,100,0.000007,0,1,1,0,1,1
27974678,,0,0.000614,82,0.000007,0,2,2,0,2,2
27524912,,0,0.001006,24,0.000019,3,4,7,3,4,7
26980106,,0.00006,0.001311,231,0.000016,2,6,8,2,6,8
26884852,,0,0.000611,100,0.000007,0,1,1,0,1,1
26779812,,0.007234,0.016385,1,0.000048,26,9,35,26,9,35
26478792,,0,0.000611,100,0.000007,0,1,1,0,1,1
26399219,,0,0.000611,100,0.000007,0,1,1,0,1,1
26287251,,0,0.001223,35,0.000007,0,3,3,0,3,3
26042146,,0,0.000611,100,0.000007,0,1,1,0,1,1
25951336,,0,0.000612,293,0.000007,0,3,3,0,3,3
25681467,,0,0.000627,35,0.000007,0,2,2,0,2,2
25567988,,0,0.001009,57,0.000007,0,4,4,0,4,4
25531315,,0.000171,0.001276,279,0.000042,9,11,20,9,11,20
25067956,,0.000946,0.001576,279,0.00007,20,9,29,20,9,29
24946155,,0.000096,0.004748,5,0.000011,4,21,25,4,21,25
24426422,,0,0.001046,100,0.000007,0,3,3,0,3,3
24151215,,0,0.0012,100,0.000007,0,3,3,0,3,3
23894508,,0,0.000611,100,0.000007,0,1,1,0,1,1
23624881,,0,0.002109,100,0.000007,0,3,3,0,3,3
23337751,,0,0.004879,100,0.000007,0,10,10,0,10,10
22896338,,0,0.004539,100,0.000007,0,15,15,0,15,15
22493268,,0,0.023905,1,0.000007,0,8,8,0,8,8
21963805,,0,0.000678,100,0.000007,0,2,2,0,2,2
20610549,,0,0.000894,41,0.000007,0,4,4,0,4,4
19908385,,0,0.000696,100,0.000007,0,2,2,0,2,2
19733727,,0,0.000696,100,0.000007,0,2,2,0,2,2
19471653,,0,0.000611,100,0.000007,0,1,1,0,1,1
18971340,,0,0.015266,1,0.000007,0,9,9,0,9,9
18430140,,0,0.000611,100,0.000007,0,1,1,0,1,1
18404214,,0,0.000611,100,0.000007,0,1,1,0,1,1
18040525,,0,0.000611,100,0.000007,0,1,1,0,1,1
15345109,,0.000272,0,231,0.000014,8,0,8,8,0,8
21931171,,0,0.000151,100,0.000007,0,4,4,0,4,4
15345110,,0.000145,0,140,0.000012,4,0,4,4,0,4
19416963,,0,0.000007,140,0.000007,0,2,2,0,2,2
15345111,,0.00008,0,5,0.000013,6,0,6,6,0,6
15350310,,0.00044,0,140,0.000029,6,0,6,6,0,6
15351094,,0.000695,0,89,0.000027,11,0,11,11,0,11
25883419,,0,0.000197,89,0.000007,0,5,5,0,5,5
23131872,,0,0.000013,89,0.000007,0,1,1,0,1,1
19846892,,0,0.000076,35,0.000007,0,2,2,0,2,2
15355351,,0.000385,0,72,0.000109,27,0,27,27,0,27
30111593,,0,0.000007,72,0.000007,0,1,1,0,1,1
26902284,,0,0.000007,72,0.000007,0,1,1,0,1,1
25776889,,0,0.000007,72,0.000007,0,1,1,0,1,1
24965446,,0,0.000007,72,0.000007,0,1,1,0,1,1
22904091,,0,0.000007,72,0.000007,0,1,1,0,1,1
21957149,,0,0.000007,72,0.000007,0,1,1,0,1,1
20802156,,0,0.000007,72,0.000007,0,1,1,0,1,1
19710149,,0,0.000007,72,0.000007,0,1,1,0,1,1
17597414,,0,0.000007,72,0.000007,0,1,1,0,1,1
17403432,,0,0.000007,72,0.000007,0,1,1,0,1,1
30344923,,0,0.000054,231,0.000007,0,3,3,0,3,3
15361853,,0.000619,0,231,0.000056,23,0,23,23,0,23
28213783,,0,0.000012,231,0.000007,0,1,1,0,1,1
27015110,,0,0.000012,231,0.000007,0,1,1,0,1,1
26573794,,0,0.000261,231,0.000007,0,2,2,0,2,2
23301075,,0,0.00003,231,0.000007,0,3,3,0,3,3
19128436,,0,0.000012,231,0.000007,0,1,1,0,1,1
16199884,,0,0.000016,231,0.000007,0,2,2,0,2,2
15365993,,0.000669,0,89,0.00001,7,0,7,7,0,7
29318497,,0,0.000002,279,0.000007,0,1,1,0,1,1
29154974,,0,0.000002,279,0.000007,0,1,1,0,1,1
26317630,,0,0.000002,279,0.000007,0,1,1,0,1,1
25679014,,0,0.000002,279,0.000007,0,1,1,0,1,1
24396461,,0,0.000002,279,0.000007,0,1,1,0,1,1
24212967,,0,0.000002,279,0.000007,0,1,1,0,1,1
23791888,,0,0.000002,279,0.000007,0,1,1,0,1,1
23650591,,0,0.000002,279,0.000007,0,1,1,0,1,1
22264301,,0,0.000002,279,0.000007,0,1,1,0,1,1
21364627,,0,0.000002,279,0.000007,0,1,1,0,1,1
21339190,,0,0.000002,279,0.000007,0,1,1,0,1,1
21163902,,0,0.000002,279,0.000007,0,1,1,0,1,1
20926426,,0,0.000002,279,0.000007,0,1,1,0,1,1
20233874,,0,0.000002,279,0.000007,0,1,1,0,1,1
20057973,,0,0.000052,279,0.000007,0,3,3,0,3,3
20001799,,0,0.000002,279,0.000007,0,1,1,0,1,1
19960550,,0,0.000138,1,0.000007,0,2,2,0,2,2
19560734,,0,0.000002,279,0.000007,0,1,1,0,1,1
18836290,,0,0.000002,279,0.000007,0,1,1,0,1,1
17963297,,0,0.000002,279,0.000007,0,1,1,0,1,1
17167980,,0,0.000138,1,0.000007,0,2,2,0,2,2
17086101,,0,0.000002,279,0.000007,0,1,1,0,1,1
16705184,,0,0.000002,279,0.000007,0,1,1,0,1,1
15367553,,0.011152,0,5,0.000311,160,0,160,160,0,160
29426360,,0,0.000378,5,0.000007,0,2,2,0,2,2
29392160,,0,0.000228,5,0.000007,0,2,2,0,2,2
29383629,,0.000033,0.001412,5,0.000007,1,7,8,1,7,8
29357842,,0,0.000349,5,0.000007,0,3,3,0,3,3
29182654,,0,0.000213,5,0.000007,0,1,1,0,1,1
29120813,,0,0.000378,5,0.000007,0,2,2,0,2,2
29070982,,0,0.000267,5,0.000007,0,4,4,0,4,4
28740429,,0,0.000378,5,0.000007,0,2,2,0,2,2
28447102,,0,0.000378,5,0.000007,0,2,2,0,2,2
28343309,,0.000498,0.001685,5,0.000011,4,19,23,4,19,23
28331685,,0,0.000213,5,0.000007,0,1,1,0,1,1
27986508,,0,0.000586,5,0.000007,0,8,8,0,8,8
27124054,,0,0.000304,5,0.000007,0,2,2,0,2,2
26955571,,0,0.000213,5,0.000007,0,1,1,0,1,1
26798217,,0,0.000506,5,0.000007,0,4,4,0,4,4
26712110,,0,0.000213,5,0.000007,0,1,1,0,1,1
26613883,,0,0.000228,5,0.000007,0,2,2,0,2,2
26328994,,0,0.000213,5,0.000007,0,1,1,0,1,1
26322264,,0,0.00055,5,0.000007,0,6,6,0,6,6
26083829,,0,0.000547,5,0.000007,0,6,6,0,6,6
26029012,,0,0.000213,5,0.000007,0,1,1,0,1,1
26001247,,0,0.000265,5,0.000007,0,2,2,0,2,2
25615744,,0,0.000213,5,0.000007,0,1,1,0,1,1
25563251,,0,0.000277,5,0.000007,0,2,2,0,2,2
25368710,,0,0.000321,5,0.000007,0,3,3,0,3,3
25301304,,0,0.000336,5,0.000007,0,5,5,0,5,5
25267703,,0,0.000213,5,0.000007,0,1,1,0,1,1
24551678,,0,0.000213,5,0.000007,0,1,1,0,1,1
24004816,,0,0.000368,5,0.000007,0,3,3,0,3,3
23396171,,0,0.000213,5,0.000007,0,1,1,0,1,1
23303200,,0,0.000481,5,0.000007,0,3,3,0,3,3
23298117,,0,0.000481,5,0.000007,0,3,3,0,3,3
23220903,,0,0.000378,5,0.000007,0,2,2,0,2,2
23077445,,0,0.000237,5,0.000007,0,2,2,0,2,2
23044556,,0,0.000213,198,0.000007,0,2,2,0,2,2
23033500,,0,0.000228,5,0.000007,0,2,2,0,2,2
22872799,,0,0.000387,5,0.000007,0,3,3,0,3,3
22828783,,0,0.000378,5,0.000007,0,2,2,0,2,2
22474203,,0,0.000555,5,0.000007,0,6,6,0,6,6
22234836,,0,0.000442,5,0.000007,0,3,3,0,3,3
22167509,,0,0.000698,5,0.000007,0,8,8,0,8,8
22127821,,0,0.000506,5,0.000007,0,4,4,0,4,4
21796368,,0,0.00023,5,0.000007,0,2,2,0,2,2
21781289,,0,0.000277,5,0.000007,0,2,2,0,2,2
21673821,,0,0.000213,5,0.000007,0,1,1,0,1,1
21626916,,0,0.000481,5,0.000007,0,3,3,0,3,3
21520878,,0,0.000378,5,0.000007,0,3,3,0,3,3
21362519,,0,0.000213,5,0.000007,0,1,1,0,1,1
21126888,,0,0.000213,5,0.000007,0,2,2,0,2,2
20956821,,0,0.000378,5,0.000007,0,2,2,0,2,2
20418939,,0,0.000213,5,0.000007,0,1,1,0,1,1
19994494,,0,0.000481,5,0.000007,0,3,3,0,3,3
19578481,,0,0.000481,5,0.000007,0,4,4,0,4,4
19557727,,0,0.000506,5,0.000007,0,4,4,0,4,4
19515584,,0,0.000213,5,0.000007,0,1,1,0,1,1
19292806,,0,0.000378,5,0.000007,0,2,2,0,2,2
19020253,,0,0.000378,5,0.000007,0,2,2,0,2,2
18852075,,0,0.000571,5,0.000007,0,7,7,0,7,7
18697526,,0,0.000378,5,0.000007,0,2,2,0,2,2
18477782,,0,0.000356,5,0.000007,0,4,4,0,4,4
17637873,,0,0.000481,5,0.000007,0,3,3,0,3,3
17368207,,0,0.000213,5,0.000007,0,1,1,0,1,1
17319236,,0,0.000213,5,0.000007,0,1,1,0,1,1
17070452,,0,0.000378,5,0.000007,0,2,2,0,2,2
30347727,,0,0.000215,100,0.000007,0,1,1,0,1,1
29593297,,0,0.000215,100,0.000007,0,1,1,0,1,1
28900014,,0,0.000262,100,0.000007,0,3,3,0,3,3
28827311,,0,0.000215,100,0.000007,0,1,1,0,1,1
28209922,,0,0.000215,100,0.000007,0,1,1,0,1,1
27869116,,0,0.000215,100,0.000007,0,1,1,0,1,1
26316498,,0,0.000215,100,0.000007,0,1,1,0,1,1
25047621,,0,0.000215,100,0.000007,0,1,1,0,1,1
24797070,,0,0.001275,35,0.000007,0,4,4,0,4,4
24787016,,0,0.000215,100,0.000007,0,1,1,0,1,1
23155463,,0,0.000215,100,0.000007,0,1,1,0,1,1
20160478,,0,0.000345,100,0.000007,0,5,5,0,5,5
16461362,,0,0.000215,100,0.000007,0,1,1,0,1,1
15601761,,0,0.000215,100,0.000007,0,1,1,0,1,1
25264427,,0,0.000163,35,0.000007,0,2,2,0,2,2
15368961,,0.000003,0,35,0.00001,1,0,1,1,0,1
15374957,,0.004336,0,1,0.000195,61,0,61,61,0,61
29500276,,0,0.000167,69,0.000007,0,3,3,0,3,3
29399169,,0,0.000083,1,0.000007,0,1,1,0,1,1
29229600,,0,0.000863,1,0.000007,0,3,3,0,3,3
29132396,,0,0.000231,1,0.000007,0,3,3,0,3,3
29061138,,0,0.000148,279,0.000007,0,6,6,0,6,6
27822059,,0,0.000139,279,0.000007,0,4,4,0,4,4
26937257,,0,0.000083,1,0.000007,0,1,1,0,1,1
26029346,,0,0.000083,1,0.000007,0,1,1,0,1,1
25988180,,0,0.007626,279,0.000007,0,6,6,0,6,6
23202957,,0,0.000167,69,0.000007,0,3,3,0,3,3
22549947,,0,0.000372,1,0.000007,0,3,3,0,3,3
22514028,,0,0.000083,1,0.000007,0,1,1,0,1,1
21619656,,0,0.000135,1,0.000007,0,2,2,0,2,2
21102258,,0,0.000083,1,0.000007,0,1,1,0,1,1
20965493,,0,0.000159,1,0.000007,0,2,2,0,2,2
20564122,,0.002521,0.000319,1,0.000174,52,3,55,52,3,55
20166213,,0,0.000083,1,0.000007,0,1,1,0,1,1
20082478,,0,0.000083,1,0.000007,0,1,1,0,1,1
19861513,,0,0.000083,1,0.000007,0,1,1,0,1,1
19177197,,0,0.000218,1,0.000007,0,2,2,0,2,2
19165202,,0,0.000083,1,0.000007,0,1,1,0,1,1
17254359,,0,0.000218,1,0.000007,0,2,2,0,2,2
16778184,,0,0.000083,1,0.000007,0,1,1,0,1,1
28404940,,0,0.000004,87,0.000007,0,1,1,0,1,1
15375377,,0.000232,0,87,0.000081,14,0,14,14,0,14
27525226,,0,0.000004,87,0.000007,0,1,1,0,1,1
25191523,,0,0.000004,87,0.000007,0,1,1,0,1,1
25009749,,0,0.000004,87,0.000007,0,1,1,0,1,1
23238568,,0,0.000004,87,0.000007,0,1,1,0,1,1
22364296,,0,0.000004,87,0.000007,0,1,1,0,1,1
21611873,,0,0.000004,87,0.000007,0,1,1,0,1,1
21119619,,0,0.000012,87,0.000007,0,2,2,0,2,2
20863366,,0,0.000004,87,0.000007,0,1,1,0,1,1
20137078,,0,0.000004,87,0.000007,0,1,1,0,1,1
20073508,,0,0.000004,87,0.000007,0,1,1,0,1,1
16925947,,0,0.000004,87,0.000007,0,1,1,0,1,1
15377844,,0.000004,0,168,0.000014,2,0,2,2,0,2
22112479,,0,0,168,0.000007,0,1,1,0,1,1
15378540,,0.000023,0,5,0.00002,4,0,4,4,0,4
15378542,,0.000015,0,5,0.000021,7,0,7,7,0,7
24948968,,0,0,5,0.000007,0,2,2,0,2,2
19396549,,0,0,5,0.000007,0,1,1,0,1,1
29413806,,0,0,100,0.000007,0,1,1,0,1,1
15380621,,0.000017,0,100,0.000017,3,0,3,3,0,3
29335492,,0,0.000253,5,0.000007,0,4,4,0,4,4
28595647,,0,0.000207,279,0.000007,0,4,4,0,4,4
28350789,,0,0.000413,231,0.000007,0,6,6,0,6,6
28166807,,0,0.00036,231,0.000007,0,3,3,0,3,3
27799157,,0,0.000143,5,0.000007,0,1,1,0,1,1
26987530,,0,0.000376,231,0.000007,0,16,16,0,16,16
26844277,,0,0.000185,205,0.000007,0,3,3,0,3,3
26829160,,0,0.000173,5,0.000007,0,6,6,0,6,6
22518193,,0,0.000143,5,0.000007,0,1,1,0,1,1
22490389,,0,0.00041,5,0.000007,0,3,3,0,3,3
15382046,,0.000294,0,5,0.000016,7,0,7,7,0,7
26186385,,0,0.000056,5,0.000007,0,3,3,0,3,3
22986915,,0,0.000244,5,0.000007,0,5,5,0,5,5
29721484,,0,0.000017,5,0.000007,0,1,1,0,1,1
15382059,,0.000896,0,5,0.000044,15,0,15,15,0,15
25977633,,0,0.000017,5,0.000007,0,1,1,0,1,1
25250343,,0,0.000017,5,0.000007,0,1,1,0,1,1
24776765,,0,0.000018,89,0.000007,0,2,2,0,2,2
15382066,,0.001579,0,89,0.000037,14,0,14,14,0,14
18777135,,0,0.000031,2,0.000007,0,2,2,0,2,2
30062862,,0,0.007537,231,0.000007,0,5,5,0,5,5
15383404,,0.003247,0,5,0.000076,34,0,34,34,0,34
29211900,,0,0.000062,5,0.000007,0,1,1,0,1,1
28063166,,0,0.00085,1,0.000007,0,2,2,0,2,2
27698005,,0,0.000655,231,0.000007,0,5,5,0,5,5
26851750,,0,0.000062,5,0.000007,0,1,1,0,1,1
26151456,,0,0.001154,1,0.000007,0,4,4,0,4,4
23569193,,0,0.000096,69,0.000007,0,2,2,0,2,2
23462924,,0,0.000328,231,0.000007,0,4,4,0,4,4
21422097,,0,0.000294,231,0.000007,0,3,3,0,3,3
20473893,,0,0.000062,5,0.000007,0,1,1,0,1,1
19064572,,0.000133,0.000084,231,0.000031,7,2,9,7,2,9
15383419,,0.000676,0,35,0.000058,13,0,13,13,0,13
23678231,,0,0.000013,35,0.000007,0,1,1,0,1,1
20382631,,0,0.000019,35,0.000007,0,2,2,0,2,2
18644101,,0,0.000013,35,0.000007,0,1,1,0,1,1
18266982,,0,0.000013,35,0.000007,0,1,1,0,1,1
17083142,,0,0.000013,35,0.000007,0,1,1,0,1,1
16846510,,0,0.000013,35,0.000007,0,1,1,0,1,1
16447157,,0,0.000013,35,0.000007,0,1,1,0,1,1
16269039,,0,0.000013,35,0.000007,0,1,1,0,1,1
15383421,,0,0,35,0.00001,1,0,1,1,0,1
30047417,,0,0.000014,100,0.000007,0,1,1,0,1,1
15383454,,0.000723,0,100,0.000093,30,0,30,30,0,30
29470523,,0,0.000014,100,0.000007,0,1,1,0,1,1
29222240,,0,0.000014,100,0.000007,0,1,1,0,1,1
29079701,,0,0.000289,100,0.000007,0,2,2,0,2,2
28107566,,0,0.000014,100,0.000007,0,1,1,0,1,1
26962299,,0,0.000014,100,0.000007,0,1,1,0,1,1
26693794,,0,0.000014,100,0.000007,0,1,1,0,1,1
25659730,,0,0.000014,100,0.000007,0,1,1,0,1,1
25227706,,0,0.001121,100,0.000007,0,2,2,0,2,2
24052713,,0,0.000425,100,0.000007,0,2,2,0,2,2
15385076,,0.000408,0,5,0.000011,4,0,4,4,0,4
29636371,,0,0.002004,100,0.000007,0,10,10,0,10,10
15385441,,0.001075,0,140,0.000072,26,0,26,26,0,26
24682156,,0,0.00002,140,0.000007,0,1,1,0,1,1
23938070,,0,0.00002,140,0.000007,0,1,1,0,1,1
20707908,,0,0.00002,140,0.000007,0,1,1,0,1,1
20103679,,0,0.00002,140,0.000007,0,1,1,0,1,1
19265727,,0,0.00002,140,0.000007,0,1,1,0,1,1
18607345,,0,0.00002,140,0.000007,0,1,1,0,1,1
15944437,,0,0.00002,140,0.000007,0,1,1,0,1,1
15386425,,0.000128,0,89,0.000007,1,0,1,1,0,1
15386791,,0.000059,0,5,0.000034,14,0,14,14,0,14
26246756,,0,0.000001,5,0.000007,0,1,1,0,1,1
21080763,,0,0.000001,5,0.000007,0,1,1,0,1,1
20809355,,0,0.000002,5,0.000007,0,2,2,0,2,2
15390180,,0.000698,0,231,0.000022,10,0,10,10,0,10
28981872,,0,0.000172,231,0.000007,0,3,3,0,3,3
16222317,,0,0.000013,231,0.000007,0,1,1,0,1,1
15447980,,0.000361,0,82,0.00002,12,0,12,12,0,12
15447983,,0.001321,0,279,0.000087,33,0,33,33,0,33
28404884,,0,0.000025,279,0.000007,0,1,1,0,1,1
27926493,,0,0.000025,279,0.000007,0,1,1,0,1,1
27165354,,0,0.000033,279,0.000007,0,3,3,0,3,3
25250112,,0,0.000025,279,0.000007,0,1,1,0,1,1
22530128,,0,0.000034,279,0.000007,0,2,2,0,2,2
19956520,,0,0.000025,279,0.000007,0,1,1,0,1,1
19153192,,0,0.000025,279,0.000007,0,1,1,0,1,1
15448696,,0.003903,0,90,0.000064,28,0,28,28,0,28
30222135,,0,0.001118,1,0.000007,0,4,4,0,4,4
30208163,,0,0.000077,90,0.000007,0,2,2,0,2,2
29362392,,0,0.000104,90,0.000013,1,4,5,1,4,5
29262555,,0,0.000088,90,0.000007,0,6,6,0,6,6
28499366,,0.000002,0.000098,90,0.000008,1,7,8,1,7,8
27489859,,0,0.000077,90,0.000007,0,2,2,0,2,2
26989079,,0,0.000074,90,0.000007,0,1,1,0,1,1
25583261,,0.000511,0.000233,90,0.00002,9,8,17,9,8,17
24789045,,0,0.000277,279,0.000007,0,2,2,0,2,2
22511931,,0.000159,0.000347,90,0.000028,11,8,19,11,8,19
22201816,,0,0.000116,90,0.000007,0,4,4,0,4,4
21595939,,0,0.000074,90,0.000007,0,1,1,0,1,1
20845286,,0,0.000101,90,0.000007,0,3,3,0,3,3
19838210,,0,0.000074,90,0.000007,0,1,1,0,1,1
30200392,,0,0.000007,82,0.000007,0,1,1,0,1,1
15450412,,0.000393,0,82,0.000118,23,0,23,23,0,23
30013718,,0,0.000304,82,0.000007,0,3,3,0,3,3
29497579,,0,0.000007,82,0.000007,0,1,1,0,1,1
28495470,,0,0.000007,82,0.000007,0,1,1,0,1,1
27099827,,0,0.000007,82,0.000007,0,1,1,0,1,1
25355028,,0,0.000007,82,0.000007,0,1,1,0,1,1
24841981,,0,0.000007,82,0.000007,0,1,1,0,1,1
24711962,,0,0.000007,82,0.000007,0,1,1,0,1,1
24349611,,0,0.000007,82,0.000007,0,1,1,0,1,1
24331192,,0,0.000007,82,0.000007,0,1,1,0,1,1
24183157,,0,0.000007,82,0.000007,0,1,1,0,1,1
24053728,,0,0.000007,82,0.000007,0,1,1,0,1,1
23263697,,0,0.000007,82,0.000007,0,1,1,0,1,1
23006051,,0,0.000007,82,0.000007,0,1,1,0,1,1
20718982,,0,0.000007,82,0.000007,0,1,1,0,1,1
18657195,,0,0.000007,82,0.000007,0,1,1,0,1,1
17674194,,0,0.000007,82,0.000007,0,1,1,0,1,1
17318212,,0,0.000007,82,0.000007,0,1,1,0,1,1
27903980,,0,0.000007,176,0.000007,0,1,1,0,1,1
15450729,,0.000352,0,176,0.000026,5,0,5,5,0,5
24650056,,0,0.000007,176,0.000007,0,1,1,0,1,1
19835868,,0,0.018402,1,0.000007,0,7,7,0,7,7
24204752,,0,0,118,0.000007,0,1,1,0,1,1
15450732,,0,0,118,0.000013,1,0,1,1,0,1
15451348,,0.000332,0,198,0.000019,8,0,8,8,0,8
25932181,,0,0.000017,198,0.000007,0,4,4,0,4,4
27493334,,0,0,97,0.000007,0,1,1,0,1,1
15454204,,0,0,97,0.000043,7,0,7,7,0,7
26045861,,0,0,97,0.000007,0,1,1,0,1,1
25419077,,0,0,97,0.000007,0,1,1,0,1,1
25202382,,0,0,97,0.000007,0,1,1,0,1,1
22826373,,0,0,97,0.000007,0,1,1,0,1,1
29158497,,0,0.000268,231,0.000007,0,6,6,0,6,6
27372966,,0,0.000011,89,0.000007,0,1,1,0,1,1
26586118,,0,0.000011,89,0.000007,0,1,1,0,1,1
25906114,,0,0.000011,279,0.000007,0,2,2,0,2,2
25323485,,0,0.000011,89,0.000007,0,1,1,0,1,1
25110415,,0,0.000018,89,0.000007,0,2,2,0,2,2
24775443,,0,0.000034,89,0.000007,0,3,3,0,3,3
24367641,,0,0.000011,89,0.000007,0,1,1,0,1,1
24161962,,0,0.000011,89,0.000007,0,1,1,0,1,1
22527098,,0,0.000051,87,0.000007,0,2,2,0,2,2
22191007,,0,0.000011,89,0.000007,0,1,1,0,1,1
21547576,,0,0.000051,87,0.000007,0,2,2,0,2,2
21541733,,0,0.000011,89,0.000007,0,1,1,0,1,1
20223024,,0,0.000011,89,0.000007,0,1,1,0,1,1
18269114,,0,0.000011,89,0.000007,0,1,1,0,1,1
29203995,,0,0.000016,1,0.000007,0,1,1,0,1,1
24789859,,0,0.001341,69,0.000007,0,8,8,0,8,8
23024155,,0,0.000153,1,0.000007,0,4,4,0,4,4
20477371,,0,0.001069,69,0.000007,0,5,5,0,5,5
18060075,,0,0.000016,1,0.000007,0,1,1,0,1,1
15478194,,0.000322,0,5,0.000029,11,0,11,11,0,11
26290001,,0,0.000009,5,0.000007,0,3,3,0,3,3
17935144,,0,0.000006,5,0.000007,0,1,1,0,1,1
30352932,,0,0.000005,57,0.000007,0,1,1,0,1,1
30198385,,0,0.000005,57,0.000007,0,1,1,0,1,1
29338752,,0,0.000005,57,0.000007,0,1,1,0,1,1
29093088,,0,0.000005,57,0.000007,0,1,1,0,1,1
29079575,,0,0.000005,57,0.000007,0,1,1,0,1,1
28961413,,0,0.000005,57,0.000007,0,1,1,0,1,1
28800335,,0,0.000005,57,0.000007,0,1,1,0,1,1
28388353,,0,0.000005,57,0.000007,0,1,1,0,1,1
27624129,,0,0.000005,57,0.000007,0,1,1,0,1,1
26751489,,0,0.000357,57,0.000007,0,2,2,0,2,2
26032416,,0,0.000005,57,0.000007,0,1,1,0,1,1
25969563,,0,0.000005,57,0.000007,0,1,1,0,1,1
25496524,,0,0.000219,57,0.000007,0,2,2,0,2,2
25320300,,0,0.000005,57,0.000007,0,1,1,0,1,1
25105968,,0,0.000005,57,0.000007,0,1,1,0,1,1
24912982,,0,0.000005,57,0.000007,0,1,1,0,1,1
24744753,,0,0.000005,57,0.000007,0,1,1,0,1,1
24466265,,0,0.000005,57,0.000007,0,1,1,0,1,1
24178031,,0,0.000005,57,0.000007,0,1,1,0,1,1
24158819,,0,0.000005,57,0.000007,0,1,1,0,1,1
23809924,,0,0.000005,57,0.000007,0,1,1,0,1,1
23726848,,0,0.000005,57,0.000007,0,1,1,0,1,1
23637229,,0,0.003486,57,0.000007,0,3,3,0,3,3
21994772,,0,0.000005,57,0.000007,0,1,1,0,1,1
21957298,,0,0.000005,57,0.000007,0,1,1,0,1,1
21566118,,0,0.000005,57,0.000007,0,1,1,0,1,1
21318276,,0,0.000005,57,0.000007,0,1,1,0,1,1
20870715,,0,0.000005,57,0.000007,0,2,2,0,2,2
20824083,,0,0.000005,57,0.000007,0,1,1,0,1,1
20609246,,0,0.000005,57,0.000007,0,1,1,0,1,1
20404718,,0,0.000005,57,0.000007,0,1,1,0,1,1
20089662,,0,0.000005,57,0.000007,0,1,1,0,1,1
19798433,,0,0.000005,57,0.000007,0,1,1,0,1,1
19726511,,0,0.000005,57,0.000007,0,1,1,0,1,1
19674438,,0,0.000005,57,0.000007,0,1,1,0,1,1
18638397,,0,0.000005,57,0.000007,0,1,1,0,1,1
18560558,,0,0.000005,57,0.000007,0,1,1,0,1,1
18445273,,0,0.000005,57,0.000007,0,1,1,0,1,1
18160429,,0,0.000005,57,0.000007,0,1,1,0,1,1
17855541,,0,0.000005,57,0.000007,0,1,1,0,1,1
17634129,,0,0.000005,57,0.000007,0,1,1,0,1,1
17630831,,0,0.000005,57,0.000007,0,1,1,0,1,1
17609381,,0,0.000005,57,0.000007,0,1,1,0,1,1
17559673,,0,0.000005,57,0.000007,0,1,1,0,1,1
17513617,,0,0.000005,57,0.000007,0,1,1,0,1,1
17496126,,0,0.000005,57,0.000007,0,1,1,0,1,1
17360488,,0,0.000005,57,0.000007,0,1,1,0,1,1
17140287,,0,0.000005,57,0.000007,0,1,1,0,1,1
16956949,,0,0.000005,57,0.000007,0,1,1,0,1,1
16923959,,0.000018,0.000005,57,0.000065,12,1,13,12,1,13
16571786,,0,0.000005,57,0.000007,0,1,1,0,1,1
16515730,,0,0.000005,57,0.000007,0,1,1,0,1,1
16306615,,0,0.000005,57,0.000007,0,1,1,0,1,1
16254341,,0,0.000005,57,0.000007,0,1,1,0,1,1
16103188,,0,0.000005,57,0.000007,0,1,1,0,1,1
15650165,,0,0.000005,57,0.000007,0,1,1,0,1,1
30242011,,0,0.000559,57,0.000007,0,2,2,0,2,2
30154076,,0,0.001158,100,0.000007,0,10,10,0,10,10
30104380,,0,0.00496,100,0.000007,0,15,15,0,15,15
29898385,,0,0.011666,1,0.000007,0,13,13,0,13,13
29641431,,0,0.023805,1,0.000007,0,14,14,0,14,14
29617652,,0,0.01563,100,0.000007,0,19,19,0,19,19
29590107,,0,0.000924,100,0.000007,0,2,2,0,2,2
29548335,,0,0.001293,100,0.000007,0,6,6,0,6,6
29530982,,0,0.009802,100,0.000007,0,6,6,0,6,6
29416069,,0,0.00032,72,0.000007,0,2,2,0,2,2
29273627,,0,0.000268,100,0.000007,0,1,1,0,1,1
29212152,,0,0.001837,100,0.000007,0,11,11,0,11,11
29168504,,0.000162,0.001855,100,0.000009,3,10,13,3,10,13
29036662,,0,0.002257,100,0.000007,0,8,8,0,8,8
28973861,,0,0.000268,100,0.000007,0,1,1,0,1,1
28956767,,0,0.000268,100,0.000007,0,1,1,0,1,1
28735897,,0,0.002643,100,0.000007,0,8,8,0,8,8
28711786,,0,0.000268,100,0.000007,0,1,1,0,1,1
28677643,,0,0.000268,100,0.000007,0,1,1,0,1,1
28549257,,0,0.000653,100,0.000007,0,6,6,0,6,6
28431397,,0,0.002748,90,0.000013,1,4,5,1,4,5
28411036,,0,0.000269,57,0.000007,0,2,2,0,2,2
28329678,,0,0.00029,100,0.000007,0,2,2,0,2,2
28179977,,0,0.000268,100,0.000007,0,1,1,0,1,1
27924006,,0,0.000312,231,0.000007,0,2,2,0,2,2
27779185,,0,0.002602,100,0.000007,0,8,8,0,8,8
27649245,,0.001145,0.000463,100,0.000022,12,5,17,12,5,17
27449664,,0,0.000378,100,0.000007,0,3,3,0,3,3
27261202,,0,0.000883,100,0.000007,0,5,5,0,5,5
27222516,,0,0.009815,100,0.000007,0,7,7,0,7,7
26942043,,0,0.000268,100,0.000007,0,1,1,0,1,1
26548611,,0.002671,0.015823,1,0.000043,19,9,28,19,9,28
26423459,,0,0.00033,57,0.000007,0,3,3,0,3,3
26391948,,0,0.009374,100,0.000007,0,3,3,0,3,3
26213561,,0,0.000916,100,0.000007,0,3,3,0,3,3
25731763,,0,0.001154,100,0.000007,0,5,5,0,5,5
25629353,,0,0.001878,100,0.000007,0,7,7,0,7,7
25337968,,0,0.003084,100,0.000007,0,9,9,0,9,9
24829461,,0.000825,0.010679,100,0.000021,10,10,20,10,10,20
24699519,,0,0.000268,100,0.000007,0,1,1,0,1,1
24685129,,0,0.000268,100,0.000007,0,1,1,0,1,1
24461734,,0,0.000268,100,0.000007,0,1,1,0,1,1
24319145,,0,0.000268,100,0.000007,0,1,1,0,1,1
24278037,,0,0.000268,100,0.000007,0,1,1,0,1,1
24214339,,0,0.000268,100,0.000007,0,1,1,0,1,1
24155971,,0,0.000981,100,0.000007,0,3,3,0,3,3
24121685,,0,0.000268,100,0.000007,0,1,1,0,1,1
24027196,,0,0.000268,100,0.000007,0,1,1,0,1,1
23997120,,0,0.002089,100,0.000007,0,4,4,0,4,4
23612114,,0,0.000268,100,0.000007,0,1,1,0,1,1
23585275,,0,0.000268,100,0.000007,0,1,1,0,1,1
23565119,,0,0.000666,100,0.000007,0,2,2,0,2,2
23460207,,0,0.000353,100,0.000007,0,2,2,0,2,2
23287531,,0,0.001718,100,0.000007,0,4,4,0,4,4
23251422,,0,0.000268,100,0.000007,0,1,1,0,1,1
23170228,,0,0.0004,1,0.000007,0,2,2,0,2,2
23144625,,0,0.000268,100,0.000007,0,1,1,0,1,1
22841003,,0,0.00057,100,0.000007,0,3,3,0,3,3
21898685,,0,0.000268,100,0.000007,0,1,1,0,1,1
21743461,,0,0.000559,57,0.000007,0,2,2,0,2,2
21633706,,0,0.000564,100,0.000007,0,2,2,0,2,2
21189297,,0,0.000513,1,0.000007,0,2,2,0,2,2
20690856,,0,0.001092,100,0.000007,0,5,5,0,5,5
20686691,,0,0.000268,100,0.000007,0,1,1,0,1,1
20483915,,0,0.000268,100,0.000007,0,1,1,0,1,1
20208544,,0,0.000268,100,0.000007,0,1,1,0,1,1
20195511,,0,0.000559,57,0.000007,0,2,2,0,2,2
20081207,,0,0.000268,100,0.000007,0,1,1,0,1,1
19571320,,0,0.000564,100,0.000007,0,2,2,0,2,2
19187759,,0,0.000268,100,0.000007,0,1,1,0,1,1
19002164,,0,0.000268,100,0.000007,0,1,1,0,1,1
18987339,,0,0.009094,1,0.000007,0,2,2,0,2,2
18757400,,0,0.000268,100,0.000007,0,1,1,0,1,1
18647997,,0,0.000268,100,0.000007,0,1,1,0,1,1
18539610,,0,0.000268,100,0.000007,0,1,1,0,1,1
18303025,,0,0.000268,100,0.000007,0,1,1,0,1,1
18083071,,0,0.000268,100,0.000007,0,1,1,0,1,1
18025267,,0,0.000268,100,0.000007,0,1,1,0,1,1
17693593,,0,0.000268,100,0.000007,0,1,1,0,1,1
16923963,,0,0.000268,100,0.000007,0,1,1,0,1,1
16908537,,0,0.000268,100,0.000007,0,1,1,0,1,1
16793422,,0,0.000564,100,0.000007,0,2,2,0,2,2
16195334,,0,0.000268,100,0.000007,0,1,1,0,1,1
21512927,,0,0.000067,5,0.000007,0,3,3,0,3,3
15491028,,0.000024,0,5,0.000014,4,0,4,4,0,4
19707152,,0,0.000033,5,0.000007,0,4,4,0,4,4
30224518,,0,0.000001,119,0.000007,0,1,1,0,1,1
15492236,,0.000059,0,119,0.000056,9,0,9,9,0,9
28261327,,0,0.000001,119,0.000007,0,1,1,0,1,1
28209946,,0,0.000001,119,0.000007,0,1,1,0,1,1
27668658,,0,0.000001,119,0.000007,0,1,1,0,1,1
24240679,,0,0.000001,119,0.000007,0,1,1,0,1,1
23836884,,0,0.000001,119,0.000007,0,1,1,0,1,1
19647224,,0,0.000001,119,0.000007,0,1,1,0,1,1
19175693,,0,0.000001,119,0.000007,0,1,1,0,1,1
27579534,,0,0,120,0.000007,0,1,1,0,1,1
15492278,,0,0,120,0.000079,12,0,12,12,0,12
25724522,,0,0,120,0.000007,0,1,1,0,1,1
24563807,,0,0,120,0.000007,0,1,1,0,1,1
24039668,,0,0,120,0.000007,0,1,1,0,1,1
23159852,,0,0,120,0.000007,0,1,1,0,1,1
23013138,,0,0,120,0.000007,0,1,1,0,1,1
22585903,,0,0,120,0.000007,0,1,1,0,1,1
22412986,,0,0,120,0.000007,0,1,1,0,1,1
21492457,,0,0,120,0.000007,0,1,1,0,1,1
19509078,,0,0,120,0.000007,0,1,1,0,1,1
19089915,,0,0,120,0.000007,0,1,1,0,1,1
16131858,,0,0,120,0.000007,0,1,1,0,1,1
29064917,,0,0.000086,5,0.000007,0,7,7,0,7,7
15495033,,0.000666,0,5,0.000063,26,0,26,26,0,26
28552971,,0,0.000013,5,0.000007,0,1,1,0,1,1
25961464,,0,0.000138,5,0.000007,0,7,7,0,7,7
25506254,,0,0.000013,5,0.000007,0,1,1,0,1,1
23942872,,0,0.000047,5,0.000007,0,3,3,0,3,3
23721459,,0,0.000013,5,0.000007,0,1,1,0,1,1
22696239,,0,0.000117,5,0.000007,0,3,3,0,3,3
20829890,,0,0.000013,5,0.000007,0,1,1,0,1,1
17114588,,0,0.000013,5,0.000007,0,1,1,0,1,1
29147214,,0,0.000049,279,0.000007,0,3,3,0,3,3
15501075,,0.00063,0,279,0.000213,31,0,31,31,0,31
28837642,,0,0.000012,279,0.000007,0,1,1,0,1,1
28679689,,0,0.008511,69,0.000007,0,7,7,0,7,7
28071670,,0,0.000012,279,0.000007,0,1,1,0,1,1
27259808,,0,0.000012,279,0.000007,0,1,1,0,1,1
26675501,,0,0.000012,279,0.000007,0,1,1,0,1,1
26427060,,0,0.000012,279,0.000007,0,1,1,0,1,1
26364297,,0,0.000012,279,0.000007,0,1,1,0,1,1
26223322,,0,0.000012,279,0.000007,0,1,1,0,1,1
25755696,,0,0.000038,279,0.000007,0,6,6,0,6,6
25396320,,0,0.000012,279,0.000007,0,1,1,0,1,1
24330579,,0,0.000012,279,0.000007,0,1,1,0,1,1
23958396,,0,0.000012,279,0.000007,0,1,1,0,1,1
23843848,,0,0.000012,279,0.000007,0,1,1,0,1,1
23652204,,0,0.000012,279,0.000007,0,1,1,0,1,1
23565502,,0,0.000012,279,0.000007,0,1,1,0,1,1
21619694,,0,0.000017,231,0.000007,0,3,3,0,3,3
20030851,,0,0.000012,279,0.000007,0,1,1,0,1,1
19958544,,0,0.000012,279,0.000007,0,1,1,0,1,1
18834305,,0,0.000012,279,0.000007,0,1,1,0,1,1
18765522,,0,0.000012,279,0.000007,0,1,1,0,1,1
18566224,,0,0.000012,279,0.000007,0,1,1,0,1,1
18316739,,0,0.000012,279,0.000007,0,1,1,0,1,1
17505532,,0,0.000012,279,0.000007,0,1,1,0,1,1
15501676,,0.005304,0,100,0.000341,93,0,93,93,0,93
27074761,,0,0.000101,100,0.000007,0,1,1,0,1,1
25255313,,0,0.000101,100,0.000007,0,1,1,0,1,1
24062528,,0,0.000501,100,0.000007,0,2,2,0,2,2
23881938,,0,0.000102,57,0.000007,0,2,2,0,2,2
23564203,,0,0.000123,100,0.000007,0,2,2,0,2,2
22946062,,0,0.000101,100,0.000007,0,1,1,0,1,1
22174420,,0,0.000101,100,0.000007,0,1,1,0,1,1
21927624,,0,0.000101,100,0.000007,0,1,1,0,1,1
21911480,,0,0.000148,176,0.000007,0,3,3,0,3,3
21593208,,0,0.000101,100,0.000007,0,1,1,0,1,1
21487389,,0,0.000101,100,0.000007,0,1,1,0,1,1
20679488,,0,0.000101,100,0.000007,0,1,1,0,1,1
20515430,,0,0.000101,100,0.000007,0,1,1,0,1,1
20231317,,0,0.000101,100,0.000007,0,1,1,0,1,1
20228053,,0,0.000101,100,0.000007,0,1,1,0,1,1
20139071,,0,0.000101,100,0.000007,0,1,1,0,1,1
20072669,,0,0.000101,100,0.000007,0,1,1,0,1,1
19822727,,0,0.000101,100,0.000007,0,1,1,0,1,1
19724125,,0,0.000101,100,0.000007,0,1,1,0,1,1
19468300,,0,0.000182,100,0.000007,0,2,2,0,2,2
19279141,,0,0.000101,100,0.000007,0,1,1,0,1,1
18603483,,0,0.000101,100,0.000007,0,1,1,0,1,1
18332103,,0,0.000101,100,0.000007,0,1,1,0,1,1
17986463,,0,0.000101,100,0.000007,0,1,1,0,1,1
17785446,,0,0.000101,100,0.000007,0,1,1,0,1,1
17547773,,0,0.000101,100,0.000007,0,1,1,0,1,1
16959969,,0,0.000101,100,0.000007,0,1,1,0,1,1
16912294,,0,0.000101,100,0.000007,0,1,1,0,1,1
16510786,,0,0.000101,100,0.000007,0,1,1,0,1,1
30200453,,0,0.005001,100,0.000007,0,16,16,0,16,16
15502827,,0.005017,0,100,0.000205,83,0,83,83,0,83
29490426,,0,0.000096,100,0.000007,0,1,1,0,1,1
27340773,,0,0.000907,100,0.000007,0,3,3,0,3,3
25591848,,0,0.000096,100,0.000007,0,1,1,0,1,1
24689079,,0,0.000096,100,0.000007,0,1,1,0,1,1
24398799,,0,0.000096,100,0.000007,0,1,1,0,1,1
22693659,,0,0.000096,100,0.000007,0,1,1,0,1,1
21490908,,0,0.000096,100,0.000007,0,1,1,0,1,1
20434787,,0,0.00048,35,0.000007,0,2,2,0,2,2
19822228,,0,0.000096,100,0.000007,0,1,1,0,1,1
23403902,,0,0.000016,5,0.000007,0,1,1,0,1,1
20967240,,0,0.000016,5,0.000007,0,1,1,0,1,1
16237201,,0,0.000016,5,0.000007,0,1,1,0,1,1
15507170,,0.000012,0,231,0.000007,1,0,1,1,0,1
30444904,,0,0.01421,1,0.000007,0,17,17,0,17,17
15510162,,0.133425,0,1,0.00129,401,0,401,401,0,401
30408064,,0,0.003064,1,0.000007,0,5,5,0,5,5
30352953,,0,0.003153,1,0.000007,0,3,3,0,3,3
30174241,,0,0.003089,35,0.000007,0,2,2,0,2,2
30166399,,0,0.00492,1,0.000007,0,9,9,0,9,9
30133561,,0,0.030413,1,0.000007,0,28,28,0,28,28
30069178,,0,0.002544,1,0.000007,0,1,1,0,1,1
29932943,,0,0.030211,1,0.000007,0,17,17,0,17,17
29891787,,0,0.005266,205,0.000007,0,9,9,0,9,9
29621593,,0,0.023791,1,0.000007,0,20,20,0,20,20
29606854,,0,0.038334,1,0.000007,0,37,37,0,37,37
29570891,,0,0.019304,1,0.000007,0,14,14,0,14,14
29515757,,0,0.002868,1,0.000007,0,3,3,0,3,3
29483142,,0,0.00386,1,0.000007,0,5,5,0,5,5
29382159,,0,0.003358,1,0.000007,0,3,3,0,3,3
29321523,,0,0.00542,1,0.000007,0,4,4,0,4,4
29254281,,0,0.012242,1,0.000007,0,14,14,0,14,14
29235520,,0,0.002553,35,0.000007,0,2,2,0,2,2
29152070,,0,0.005938,1,0.000007,0,39,39,0,39,39
29152062,,0,0.033504,1,0.000007,0,19,19,0,19,19
29116111,,0,0.013693,1,0.000007,0,13,13,0,13,13
28790402,,0,0.015907,1,0.000013,1,12,13,1,12,13
28721389,,0,0.01221,66,0.000007,0,10,10,0,10,10
28717401,,0,0.010891,1,0.000007,0,17,17,0,17,17
28649435,,0.001021,0.016157,1,0.00002,4,11,15,4,11,15
28576945,,0,0.002876,279,0.000007,0,6,6,0,6,6
28405497,,0,0.013098,1,0.000007,0,5,5,0,5,5
28399901,,0,0.007479,1,0.000007,0,12,12,0,12,12
28387939,,0,0.00981,1,0.000007,0,5,5,0,5,5
28358361,,0,0.003577,100,0.000019,2,5,7,2,5,7
28262781,,0,0.003099,1,0.000007,0,7,7,0,7,7
28108739,,0,0.01244,1,0.000007,0,11,11,0,11,11
28099152,,0.000021,0.011806,1,0.000009,2,12,14,2,12,14
28061448,,0,0.002928,35,0.000007,0,2,2,0,2,2
27959926,,0.000609,0.030174,1,0.000032,14,15,29,14,15,29
27837030,,0,0.002616,1,0.000007,0,5,5,0,5,5
27828713,,0,0.040133,1,0.000007,0,30,30,0,30,30
27702751,,0,0.003468,1,0.000007,0,2,2,0,2,2
27559053,,0,0.016569,1,0.000007,0,9,9,0,9,9
27444036,,0.000238,0.028623,1,0.000008,1,14,15,1,14,15
27293554,,0,0.002785,1,0.000007,0,2,2,0,2,2
27069769,,0,0.015122,1,0.000007,0,16,16,0,16,16
26997874,,0,0.042327,1,0.000007,0,38,38,0,38,38
26848422,,0,0.002661,1,0.000007,0,3,3,0,3,3
26794465,,0,0.004499,1,0.000007,0,7,7,0,7,7
26697444,,0,0.00413,1,0.000007,0,4,4,0,4,4
26679694,,0,0.002638,100,0.000007,0,3,3,0,3,3
26557820,,0,0.021347,1,0.000007,0,9,9,0,9,9
26494862,,0,0.003657,1,0.000007,0,5,5,0,5,5
26456802,,0,0.012474,1,0.000007,0,12,12,0,12,12
26433948,,0.000882,0.004388,1,0.000044,12,8,20,12,8,20
26314846,,0,0.002862,35,0.000007,0,2,2,0,2,2
26268938,,0.009221,0.050507,1,0.000073,49,45,94,49,45,94
26267318,,0.000007,0.005361,1,0.00001,2,19,21,2,19,21
26170966,,0,0.002606,1,0.000007,0,3,3,0,3,3
26137560,,0,0.003435,1,0.000007,0,4,4,0,4,4
26097394,,0,0.019008,1,0.000007,0,9,9,0,9,9
26004086,,0,0.004116,1,0.000007,0,6,6,0,6,6
25973541,,0,0.017585,1,0.000007,0,12,12,0,12,12
25884663,,0.001487,0.007596,1,0.00004,10,7,17,10,7,17
25557041,,0,0.002857,1,0.000007,0,4,4,0,4,4
25483183,,0,0.01137,1,0.000007,0,2,2,0,2,2
25419441,,0,0.019587,1,0.000007,0,10,10,0,10,10
25406994,,0.000034,0.003592,1,0.000016,3,11,14,3,11,14
25206307,,0,0.017208,1,0.000007,0,4,4,0,4,4
25083302,,0,0.005108,1,0.000007,0,7,7,0,7,7
25043972,,0,0.029119,1,0.000007,0,14,14,0,14,14
24986099,,0,0.010103,69,0.000007,0,4,4,0,4,4
24944618,,0,0.002544,1,0.000007,0,1,1,0,1,1
24922587,,0,0.014111,1,0.000007,0,8,8,0,8,8
24554720,,0.007367,0.029626,1,0.00005,31,17,48,31,17,48
24521710,,0,0.01999,1,0.000007,0,4,4,0,4,4
24473064,,0,0.020754,1,0.000007,0,7,7,0,7,7
24367178,,0,0.012221,1,0.000007,0,7,7,0,7,7
24281034,,0,0.012114,1,0.000007,0,5,5,0,5,5
24063698,,0,0.029899,1,0.000007,0,9,9,0,9,9
24062981,,0.011917,0.051055,1,0.000039,31,44,75,31,44,75
23760496,,0.002234,0.022168,1,0.000032,9,18,27,9,18,27
23733761,,0,0.003643,1,0.000007,0,3,3,0,3,3
23587053,,0.000048,0.012143,231,0.000008,2,10,12,2,10,12
23539627,,0,0.002544,1,0.000007,0,1,1,0,1,1
23426861,,0.002913,0.003588,1,0.00006,20,3,23,20,3,23
23385593,,0,0.002834,231,0.000007,0,6,6,0,6,6
23370117,,0.015717,0.043028,1,0.000205,79,28,107,79,28,107
23200914,,0,0.010076,69,0.000007,0,3,3,0,3,3
22933245,,0,0.019729,1,0.000007,0,5,5,0,5,5
22811802,,0,0.006018,1,0.000007,0,4,4,0,4,4
22788767,,0,0.038299,1,0.000007,0,19,19,0,19,19
22754593,,0.000989,0.016666,35,0.000079,22,8,30,22,8,30
22645687,,0,0.003688,1,0.000007,0,3,3,0,3,3
22588877,,0,0.010083,69,0.000007,0,3,3,0,3,3
22505475,,0,0.015147,1,0.000007,0,9,9,0,9,9
22223088,,0,0.029064,1,0.000007,0,10,10,0,10,10
22134241,,0.002345,0.011821,1,0.000071,28,5,33,28,5,33
22076125,,0,0.010904,69,0.000007,0,9,9,0,9,9
21908773,,0.01506,0.00998,69,0.000887,211,2,213,211,2,213
21874117,,0,0.004532,1,0.000007,0,7,7,0,7,7
21811007,,0,0.002681,57,0.000007,0,2,2,0,2,2
21779231,,0,0.007439,1,0.000007,0,6,6,0,6,6
21504625,,0,0.033457,1,0.000007,0,15,15,0,15,15
21383199,,0,0.002544,1,0.000007,0,1,1,0,1,1
21069451,,0.000805,0.019649,35,0.00007,23,12,35,23,12,35
20725763,,0,0.020757,1,0.000007,0,11,11,0,11,11
20229506,,0,0.003485,69,0.000007,0,5,5,0,5,5
20200537,,0,0.023905,1,0.000007,0,13,13,0,13,13
20101236,,0,0.003681,1,0.000007,0,6,6,0,6,6
20068070,,0,0.003734,1,0.000007,0,3,3,0,3,3
19863774,,0,0.02046,1,0.000007,0,5,5,0,5,5
19821025,,0,0.002701,35,0.000007,0,3,3,0,3,3
19804613,,0,0.018933,1,0.000007,0,6,6,0,6,6
15515971,,0.00034,0,89,0.000009,4,0,4,4,0,4
15516840,,0.000199,0,89,0.000016,3,0,3,3,0,3
26154542,,0,0.000004,89,0.000007,0,1,1,0,1,1
15516847,,0.000268,0,205,0.000016,7,0,7,7,0,7
26468334,,0,0.001542,89,0.000007,0,20,20,0,20,20
15516849,,0.000654,0,231,0.000031,11,0,11,11,0,11
23354978,,0.000378,0.000623,231,0.000021,10,4,14,10,4,14
21543988,,0,0.000012,231,0.000007,0,1,1,0,1,1
18188653,,0,0.000012,231,0.000007,0,1,1,0,1,1
15516850,,0.000955,0,205,0.000017,6,0,6,6,0,6
21471855,,0,0.000107,205,0.000007,0,2,2,0,2,2
20843204,,0,0.000072,72,0.000007,0,5,5,0,5,5
15516851,,0.000628,0,5,0.000011,4,0,4,4,0,4
15519522,,0.000028,0,89,0.000018,7,0,7,7,0,7
26994487,,0,0.000009,89,0.000007,0,5,5,0,5,5
23711090,,0,0.000028,89,0.000007,0,3,3,0,3,3
15520196,,0.004207,0,100,0.000278,61,0,61,61,0,61
29731393,,0,0.00128,100,0.000007,0,6,6,0,6,6
29024812,,0,0.00008,100,0.000007,0,1,1,0,1,1
28770020,,0,0.00008,100,0.000007,0,1,1,0,1,1
28420963,,0,0.000521,90,0.000064,10,6,16,10,6,16
27835864,,0,0.00008,368,0.000025,3,1,4,3,1,4
27447968,,0,0.000092,100,0.000007,0,2,2,0,2,2
25467193,,0,0.000116,100,0.000007,0,2,2,0,2,2
25091696,,0.00022,0.000663,35,0.00019,36,5,41,36,5,41
25079327,,0,0.00008,100,0.000007,0,1,1,0,1,1
24281116,,0,0.00014,100,0.000007,0,2,2,0,2,2
23429470,,0,0.000103,41,0.000007,0,3,3,0,3,3
21703360,,0,0.00009,100,0.000007,0,2,2,0,2,2
20427290,,0,0.000114,90,0.000007,0,3,3,0,3,3
20118824,,0,0.00008,100,0.000007,0,1,1,0,1,1
19919702,,0,0.00008,100,0.000007,0,1,1,0,1,1
19293634,,0,0.000127,100,0.000007,0,2,2,0,2,2
19047046,,0,0.00008,100,0.000007,0,1,1,0,1,1
18540824,,0,0.000155,279,0.000007,0,4,4,0,4,4
16081686,,0,0.00008,100,0.000007,0,1,1,0,1,1
24427375,,0,0.000005,231,0.000007,0,1,1,0,1,1
15521105,,0.000269,0,231,0.000025,6,0,6,6,0,6
23190577,,0,0.000066,35,0.000007,0,3,3,0,3,3
19647222,,0,0.000754,231,0.000007,0,3,3,0,3,3
30214687,,0,0.000001,279,0.000007,0,1,1,0,1,1
29081696,,0,0.000001,279,0.000007,0,1,1,0,1,1
29075061,,0,0.000001,279,0.000007,0,1,1,0,1,1
28934284,,0,0.000001,279,0.000007,0,2,2,0,2,2
28635682,,0,0.000001,279,0.000007,0,1,1,0,1,1
28515349,,0,0.000001,279,0.000007,0,1,1,0,1,1
28272772,,0,0.000001,279,0.000007,0,2,2,0,2,2
27566658,,0,0.000001,279,0.000007,0,1,1,0,1,1
26871953,,0,0.000001,279,0.000007,0,1,1,0,1,1
26855509,,0,0.000001,279,0.000007,0,1,1,0,1,1
26697123,,0,0.000001,279,0.000007,0,1,1,0,1,1
26557847,,0,0.000001,279,0.000007,0,1,1,0,1,1
25654082,,0,0.00001,279,0.000007,0,2,2,0,2,2
25632237,,0,0.000002,279,0.000007,0,2,2,0,2,2
24735923,,0,0.000001,279,0.000007,0,1,1,0,1,1
23975090,,0,0.000001,279,0.000007,0,1,1,0,1,1
23573237,,0,0.000001,279,0.000007,0,1,1,0,1,1
23028699,,0,0.000001,279,0.000007,0,1,1,0,1,1
22967703,,0,0.000001,279,0.000007,0,1,1,0,1,1
22880157,,0,0.000001,279,0.000007,0,1,1,0,1,1
22719222,,0,0.000001,279,0.000007,0,1,1,0,1,1
22608095,,0,0.000001,279,0.000007,0,1,1,0,1,1
22591756,,0,0.000001,279,0.000007,0,1,1,0,1,1
22430803,,0,0.000001,279,0.000007,0,1,1,0,1,1
21673905,,0,0.000001,279,0.000007,0,1,1,0,1,1
21490705,,0,0.000001,279,0.000007,0,1,1,0,1,1
20107151,,0,0.000001,279,0.000007,0,1,1,0,1,1
20064828,,0,0.000001,279,0.000007,0,1,1,0,1,1
19750229,,0,0.000001,279,0.000007,0,1,1,0,1,1
18929564,,0,0.000001,279,0.000007,0,1,1,0,1,1
18670637,,0,0.000001,279,0.000007,0,1,1,0,1,1
18494062,,0,0.000001,279,0.000007,0,1,1,0,1,1
18451217,,0,0.000001,279,0.000007,0,1,1,0,1,1
18231635,,0,0.000001,279,0.000007,0,1,1,0,1,1
17239930,,0,0.000001,279,0.000007,0,1,1,0,1,1
16966697,,0,0.000001,279,0.000007,0,1,1,0,1,1
16524460,,0,0.000001,279,0.000007,0,1,1,0,1,1
15530430,,0.000021,0,72,0.000027,6,0,6,6,0,6
23746353,,0,0,72,0.000007,0,1,1,0,1,1
17211498,,0,0,72,0.000007,0,1,1,0,1,1
27711132,,0,0.000003,35,0.000007,0,1,1,0,1,1
15530557,,0.000135,0,35,0.000087,15,0,15,15,0,15
26555048,,0,0.000003,35,0.000007,0,1,1,0,1,1
25938540,,0,0.001259,35,0.000007,0,4,4,0,4,4
24948111,,0,0.000003,35,0.000007,0,1,1,0,1,1
23948603,,0,0.000003,35,0.000007,0,1,1,0,1,1
23786676,,0,0.000003,35,0.000007,0,1,1,0,1,1
23403953,,0,0.000003,35,0.000007,0,1,1,0,1,1
22118688,,0,0.000003,35,0.000007,0,1,1,0,1,1
21829756,,0,0.000003,35,0.000007,0,1,1,0,1,1
20796276,,0,0.000003,35,0.000007,0,1,1,0,1,1
20414347,,0,0.000003,35,0.000007,0,1,1,0,1,1
20028744,,0,0.000003,35,0.000007,0,1,1,0,1,1
17717145,,0,0.000003,35,0.000007,0,1,1,0,1,1
16638134,,0,0.000003,35,0.000007,0,1,1,0,1,1
22346717,,0,0,121,0.000007,0,1,1,0,1,1
15530796,,0,0,121,0.000025,3,0,3,3,0,3
22315580,,0,0,121,0.000007,0,1,1,0,1,1
21338752,,0,0,121,0.000007,0,1,1,0,1,1
15532023,,0.001386,0,89,0.000013,14,0,14,14,0,14
15533909,,0.000873,0,5,0.000026,17,0,17,17,0,17
18298840,,0,0.000044,5,0.000007,0,2,2,0,2,2
19804599,,0,0.000069,5,0.000007,0,5,5,0,5,5
15535929,,0.000024,0,89,0.000007,1,0,1,1,0,1
30349296,,0,0,89,0.000007,0,1,1,0,1,1
15541050,,0.000002,0,89,0.000024,6,0,6,6,0,6
29239131,,0,0.000008,89,0.000007,0,3,3,0,3,3
25472540,,0,0.000007,89,0.000007,0,2,2,0,2,2
18840816,,0,0.000087,89,0.000007,0,3,3,0,3,3
18156207,,0,0.000007,89,0.000007,0,2,2,0,2,2
15543618,,0.001331,0,35,0.000009,4,0,4,4,0,4
15545746,,0.001112,0,5,0.000042,24,0,24,24,0,24
29377785,,0,0.000291,5,0.000007,0,15,15,0,15,15
15546503,,0.016047,0,1,0.00024,116,0,116,116,0,116
30186027,,0,0.012603,1,0.000007,0,13,13,0,13,13
30066086,,0,0.000306,1,0.000007,0,1,1,0,1,1
30002440,,0,0.000762,1,0.000007,0,3,3,0,3,3
29415693,,0,0.000306,1,0.000007,0,1,1,0,1,1
29320491,,0,0.000306,1,0.000007,0,1,1,0,1,1
28382090,,0,0.000833,231,0.000007,0,9,9,0,9,9
28280302,,0.00076,0.004467,1,0.000012,5,10,15,5,10,15
28077991,,0,0.000341,89,0.000007,0,2,2,0,2,2
27957288,,0,0.000306,1,0.000007,0,1,1,0,1,1
26730203,,0.000001,0.000499,72,0.00003,5,3,8,5,3,8
26579709,,0,0.001259,1,0.000007,0,2,2,0,2,2
26377073,,0,0.008091,69,0.000007,0,4,4,0,4,4
26374070,,0,0.000324,367,0.000007,0,2,2,0,2,2
26252969,,0,0.000306,1,0.000007,0,1,1,0,1,1
25926863,,0,0.000306,1,0.000007,0,1,1,0,1,1
24330428,,0.000149,0.007783,69,0.000026,4,3,7,4,3,7
23554910,,0,0.000306,1,0.000007,0,1,1,0,1,1
22957304,,0,0.000386,90,0.000007,0,4,4,0,4,4
20238409,,0,0.000306,1,0.000007,0,1,1,0,1,1
18810774,,0,0.000306,1,0.000007,0,1,1,0,1,1
18803232,,0,0.000339,279,0.000007,0,2,2,0,2,2
17014720,,0,0.000306,1,0.000007,0,1,1,0,1,1
15547178,,0.018333,0,1,0.000206,89,0,89,89,0,89
28423708,,0,0.000958,1,0.000019,2,3,5,2,3,5
28270498,,0,0.009545,1,0.000007,0,4,4,0,4,4
28187748,,0.000064,0.011122,1,0.00002,4,7,11,4,7,11
27127763,,0,0.000815,24,0.000007,0,16,16,0,16,16
26496295,,0.000004,0.002741,1,0.000009,1,9,10,1,9,10
25966677,,0,0.000818,35,0.000007,0,3,3,0,3,3
25755680,,0,0.00049,205,0.000007,0,2,2,0,2,2
24976722,,0,0.001179,205,0.000007,0,3,3,0,3,3
24952432,,0,0.000357,24,0.000007,0,2,2,0,2,2
24731479,,0,0.001715,1,0.000007,0,7,7,0,7,7
24360659,,0,0.000405,24,0.000007,0,3,3,0,3,3
23648481,,0.000295,0.0009,176,0.000039,10,7,17,10,7,17
22506717,,0,0.000731,1,0.000007,0,3,3,0,3,3
22365330,,0,0.00035,176,0.000007,0,2,2,0,2,2
20959018,,0,0.00187,1,0.000007,0,5,5,0,5,5
15548676,,0.000509,0,89,0.000018,10,0,10,10,0,10
16909395,,0,0.000259,231,0.000007,0,2,2,0,2,2
21185719,,0,0,122,0.000007,0,1,1,0,1,1
15548940,,0,0,122,0.000013,1,0,1,1,0,1
15550590,,0.002165,0,205,0.000031,22,0,22,22,0,22
26543556,,0.000637,0.019753,5,0.000017,9,40,49,9,40,49
26235208,,0,0.000044,279,0.000007,0,2,2,0,2,2
15552838,,0.000844,0,89,0.000007,2,0,2,2,0,2
15557796,,0.005728,0,231,0.000143,56,0,56,56,0,56
28520842,,0,0.000109,231,0.000007,0,1,1,0,1,1
27590509,,0,0.000387,231,0.000007,0,6,6,0,6,6
25855707,,0,0.000371,231,0.000007,0,4,4,0,4,4
25554384,,0,0.000309,241,0.000007,0,5,5,0,5,5
22675492,,0,0.000109,231,0.000007,0,1,1,0,1,1
21892280,,0,0.000142,89,0.000007,0,2,2,0,2,2
20519223,,0,0.000109,231,0.000007,0,1,1,0,1,1
19377877,,0,0.00012,231,0.000007,0,2,2,0,2,2
15557797,,0.000398,0,111,0.000008,2,0,2,2,0,2
15557798,,0.000772,0,231,0.000034,10,0,10,10,0,10
22596931,,0,0.000015,231,0.000007,0,1,1,0,1,1
20177072,,0,0.000015,231,0.000007,0,1,1,0,1,1
17362036,,0,0.000015,231,0.000007,0,1,1,0,1,1
30410671,,0,0.000005,41,0.000007,0,1,1,0,1,1
29752431,,0,0.000005,41,0.000007,0,1,1,0,1,1
29734785,,0,0.000062,100,0.000007,0,5,5,0,5,5
29099489,,0,0.000005,41,0.000007,0,1,1,0,1,1
29021137,,0,0.000005,41,0.000007,0,1,1,0,1,1
28212551,,0,0.000006,41,0.000007,0,2,2,0,2,2
27148370,,0,0.000005,41,0.000007,0,1,1,0,1,1
26130719,,0,0.000005,41,0.000007,0,1,1,0,1,1
24739573,,0,0.000008,41,0.000007,0,2,2,0,2,2
24574518,,0,0.007441,41,0.000007,0,2,2,0,2,2
24170811,,0,0.000005,41,0.000007,0,1,1,0,1,1
23995842,,0,0.000005,41,0.000007,0,1,1,0,1,1
23109835,,0,0.000005,41,0.000007,0,1,1,0,1,1
22649780,,0,0.000021,41,0.000007,0,2,2,0,2,2
22167187,,0,0.000005,41,0.000007,0,1,1,0,1,1
19541625,,0,0.000005,41,0.000007,0,1,1,0,1,1
19481525,,0,0.000005,41,0.000007,0,1,1,0,1,1
18790090,,0,0.000005,41,0.000007,0,1,1,0,1,1
18272436,,0,0.000005,41,0.000007,0,1,1,0,1,1
17967871,,0,0.000005,41,0.000007,0,1,1,0,1,1
17409070,,0,0.000005,41,0.000007,0,1,1,0,1,1
17301228,,0,0.000005,41,0.000007,0,1,1,0,1,1
16260596,,0,0.000005,41,0.000007,0,1,1,0,1,1
15558796,,0.002961,0,5,0.000017,17,0,17,17,0,17
29456470,,0,0.000221,5,0.000007,0,6,6,0,6,6
15559734,,0.000218,0,5,0.000018,9,0,9,9,0,9
19408346,,0,0.000004,5,0.000007,0,1,1,0,1,1
29285299,,0,0.000001,176,0.000007,0,1,1,0,1,1
15563851,,0.000057,0,176,0.000084,19,0,19,19,0,19
28926932,,0,0.000001,176,0.000007,0,1,1,0,1,1
28265202,,0,0.000001,176,0.000007,0,1,1,0,1,1
27703525,,0,0.000001,176,0.000007,0,2,2,0,2,2
27318091,,0,0.000151,176,0.000007,0,3,3,0,3,3
27066092,,0,0.000001,176,0.000007,0,1,1,0,1,1
25598844,,0,0.000001,176,0.000007,0,1,1,0,1,1
25476932,,0,0.000055,69,0.000007,0,2,2,0,2,2
23886499,,0,0.000202,176,0.000007,0,3,3,0,3,3
23777562,,0,0.000475,176,0.000007,0,2,2,0,2,2
23184229,,0,0.000001,176,0.000007,0,1,1,0,1,1
23095743,,0,0.000511,176,0.000007,0,4,4,0,4,4
22919432,,0,0.000001,176,0.000007,0,1,1,0,1,1
22457814,,0,0.000001,176,0.000007,0,1,1,0,1,1
18253708,,0,0.000001,176,0.000007,0,1,1,0,1,1
15564800,,0.001357,0,89,0.000028,16,0,16,16,0,16
21814311,,0,0.000026,89,0.000007,0,1,1,0,1,1
15569201,,0.000853,0,5,0.000008,5,0,5,5,0,5
15569676,,0.003763,0,100,0.000035,22,0,22,22,0,22
17016517,,0,0.000072,100,0.000007,0,1,1,0,1,1
29843482,,0,0.000048,248,0.000007,0,1,1,0,1,1
15571721,,0.002538,0,248,0.000172,51,0,51,51,0,51
29560343,,0,0.000086,248,0.000007,0,2,2,0,2,2
29232713,,0,0.000048,248,0.000007,0,1,1,0,1,1
28980860,,0,0.000053,248,0.000007,0,2,2,0,2,2
28680062,,0,0.000048,248,0.000007,0,1,1,0,1,1
28516028,,0,0.000053,248,0.000007,0,2,2,0,2,2
27471563,,0,0.000065,248,0.000007,0,2,2,0,2,2
27212129,,0,0.000048,248,0.000007,0,1,1,0,1,1
26851277,,0,0.000092,248,0.000007,0,2,2,0,2,2
26149687,,0,0.000048,248,0.000007,0,1,1,0,1,1
25849651,,0,0.000048,248,0.000007,0,1,1,0,1,1
25218442,,0,0.000048,248,0.000007,0,1,1,0,1,1
24830552,,0,0.000057,232,0.000007,0,3,3,0,3,3
24412063,,0,0.000139,100,0.000007,0,2,2,0,2,2
23764774,,0,0.000053,248,0.000007,0,2,2,0,2,2
23734257,,0,0.000048,248,0.000007,0,1,1,0,1,1
22688954,,0,0.000827,100,0.000007,0,4,4,0,4,4
22610688,,0,0.000048,248,0.000007,0,1,1,0,1,1
22496841,,0,0.000053,248,0.000007,0,2,2,0,2,2
21928402,,0,0.000048,248,0.000007,0,1,1,0,1,1
20480050,,0,0.000048,248,0.000007,0,1,1,0,1,1
20169123,,0,0.000048,248,0.000007,0,1,1,0,1,1
19666041,,0,0.000048,248,0.000007,0,1,1,0,1,1
19280601,,0,0.000053,248,0.000007,0,2,2,0,2,2
18369417,,0,0.000048,248,0.000007,0,1,1,0,1,1
17922903,,0,0.000048,248,0.000007,0,1,1,0,1,1
17391016,,0,0.000048,248,0.000007,0,1,1,0,1,1
16798096,,0,0.000048,248,0.000007,0,1,1,0,1,1
15571962,,0.002155,0,1,0.000012,8,0,8,8,0,8
15576260,,0.000145,0,5,0.000012,6,0,6,6,0,6
15576832,,0.000109,0,87,0.000037,4,0,4,4,0,4
29449315,,0,0.000129,35,0.000007,0,4,4,0,4,4
15588864,,0.00016,0,35,0.000077,18,0,18,18,0,18
29200695,,0,0.000003,35,0.000007,0,1,1,0,1,1
29147436,,0,0.000003,35,0.000007,0,2,2,0,2,2
27473043,,0,0.000003,35,0.000007,0,1,1,0,1,1
25889501,,0,0.000003,35,0.000007,0,1,1,0,1,1
25885768,,0,0.000003,35,0.000007,0,2,2,0,2,2
25883857,,0,0.000003,35,0.000007,0,1,1,0,1,1
24565603,,0,0.000003,35,0.000007,0,1,1,0,1,1
22965642,,0,0.000003,35,0.000007,0,1,1,0,1,1
22851646,,0,0.007906,35,0.000007,0,3,3,0,3,3
19479903,,0,0.000003,35,0.000007,0,1,1,0,1,1
15589157,,0.003387,0,2,0.000759,126,0,126,126,0,126
29114363,,0,0.000065,2,0.000007,0,1,1,0,1,1
29109271,,0,0.000065,2,0.000007,0,1,1,0,1,1
28924034,,0,0.000071,2,0.000007,0,2,2,0,2,2
28915715,,0,0.000065,2,0.000007,0,1,1,0,1,1
28844861,,0,0.00028,2,0.000007,0,4,4,0,4,4
28652620,,0,0.000065,2,0.000007,0,2,2,0,2,2
28627638,,0,0.000476,2,0.000007,0,2,2,0,2,2
28289178,,0,0.000065,2,0.000007,0,1,1,0,1,1
28100589,,0,0.000065,2,0.000007,0,1,1,0,1,1
27999113,,0,0.000065,2,0.000007,0,1,1,0,1,1
27986806,,0,0.000065,2,0.000007,0,1,1,0,1,1
27723721,,0,0.000078,2,0.000007,0,3,3,0,3,3
27462424,,0,0.000071,2,0.000007,0,2,2,0,2,2
27425629,,0,0.000065,2,0.000007,0,1,1,0,1,1
27371833,,0,0.000065,2,0.000007,0,1,1,0,1,1
27345455,,0,0.000065,2,0.000007,0,1,1,0,1,1
27280692,,0,0.000065,2,0.000007,0,1,1,0,1,1
27239441,,0,0.000065,2,0.000007,0,1,1,0,1,1
27040500,,0,0.000065,2,0.000007,0,1,1,0,1,1
26712235,,0,0.000081,2,0.000007,0,5,5,0,5,5
26685998,,0,0.000065,2,0.000007,0,1,1,0,1,1
26652719,,0,0.000065,2,0.000007,0,1,1,0,1,1
26596988,,0,0.000065,2,0.000007,0,1,1,0,1,1
26518232,,0,0.000155,2,0.000007,0,3,3,0,3,3
26509888,,0,0.000074,2,0.000007,0,3,3,0,3,3
26509798,,0,0.000065,2,0.000007,0,1,1,0,1,1
26395485,,0,0.000071,2,0.000007,0,2,2,0,2,2
26209650,,0,0.000071,2,0.000007,0,2,2,0,2,2
26073979,,0,0.000065,2,0.000007,0,1,1,0,1,1
25979708,,0,0.000605,2,0.000007,0,3,3,0,3,3
25948089,,0,0.000065,2,0.000007,0,1,1,0,1,1
25578929,,0,0.000065,2,0.000007,0,1,1,0,1,1
25249458,,0,0.000065,2,0.000007,0,1,1,0,1,1
24907260,,0,0.000065,2,0.000007,0,1,1,0,1,1
24882376,,0,0.000066,2,0.000007,0,2,2,0,2,2
24704983,,0,0.000065,2,0.000007,0,1,1,0,1,1
24066189,,0,0.000602,2,0.000007,0,3,3,0,3,3
24013428,,0,0.000072,2,0.000007,0,2,2,0,2,2
23825959,,0,0.000065,2,0.000007,0,1,1,0,1,1
23824539,,0.000331,0.000066,2,0.000136,35,2,37,35,2,37
23754961,,0,0.000074,2,0.000007,0,3,3,0,3,3
23468651,,0,0.000065,2,0.000007,0,1,1,0,1,1
23307891,,0,0.000065,2,0.000007,0,1,1,0,1,1
22863743,,0,0.000065,2,0.000007,0,1,1,0,1,1
22699483,,0,0.000065,2,0.000007,0,1,1,0,1,1
22549958,,0,0.000074,2,0.000007,0,3,3,0,3,3
22412389,,0,0.000066,2,0.000007,0,2,2,0,2,2
22355370,,0,0.000065,2,0.000007,0,1,1,0,1,1
22346761,,0,0.000072,2,0.000007,0,2,2,0,2,2
22113949,,0,0.000065,2,0.000007,0,1,1,0,1,1
22011390,,0,0.000066,2,0.000007,0,2,2,0,2,2
22002499,,0,0.000065,2,0.000007,0,1,1,0,1,1
21785443,,0,0.000065,2,0.000007,0,1,1,0,1,1
21750041,,0,0.000065,2,0.000007,0,1,1,0,1,1
21730045,,0,0.000066,2,0.000007,0,2,2,0,2,2
21695223,,0,0.000065,2,0.000007,0,1,1,0,1,1
21667284,,0,0.000065,2,0.000007,0,1,1,0,1,1
21478856,,0,0.000072,2,0.000007,0,2,2,0,2,2
21242291,,0,0.000065,2,0.000007,0,1,1,0,1,1
21079677,,0.000394,0.000065,2,0.000241,53,1,54,53,1,54
20711356,,0,0.000065,2,0.000007,0,1,1,0,1,1
20610405,,0,0.000065,2,0.000007,0,1,1,0,1,1
20153262,,0,0.000951,100,0.000007,0,3,3,0,3,3
20080676,,0,0.000065,2,0.000007,0,1,1,0,1,1
19931208,,0,0.000065,2,0.000007,0,1,1,0,1,1
19861498,,0,0.000065,2,0.000007,0,1,1,0,1,1
19851446,,0,0.000065,2,0.000007,0,1,1,0,1,1
19838052,,0,0.000065,2,0.000007,0,1,1,0,1,1
19714216,,0,0.000067,2,0.000007,0,3,3,0,3,3
19639331,,0,0.000065,2,0.000007,0,1,1,0,1,1
19500368,,0,0.000066,2,0.000007,0,2,2,0,2,2
19247432,,0,0.000065,2,0.000007,0,1,1,0,1,1
18694876,,0,0.000065,2,0.000007,0,1,1,0,1,1
18689898,,0,0.000065,2,0.000007,0,1,1,0,1,1
18497861,,0,0.000065,2,0.000007,0,1,1,0,1,1
18366812,,0,0.000065,2,0.000007,0,1,1,0,1,1
18252043,,0,0.000065,2,0.000007,0,1,1,0,1,1
17696610,,0,0.000065,2,0.000007,0,1,1,0,1,1
17674151,,0,0.000065,2,0.000007,0,1,1,0,1,1
17535928,,0,0.000065,2,0.000007,0,1,1,0,1,1
17447844,,0,0.000065,2,0.000007,0,1,1,0,1,1
17425408,,0,0.000065,2,0.000007,0,1,1,0,1,1
17339376,,0,0.000065,2,0.000007,0,1,1,0,1,1
17001008,,0,0.000065,2,0.000007,0,1,1,0,1,1
16809775,,0,0.000065,2,0.000007,0,1,1,0,1,1
16118233,,0,0.000065,2,0.000007,0,1,1,0,1,1
16055729,,0,0.000065,2,0.000007,0,1,1,0,1,1
15937223,,0,0.000065,2,0.000007,0,1,1,0,1,1
15589605,,0.003431,0,5,0.000037,23,0,23,23,0,23
29401626,,0,0.001153,100,0.000007,0,9,9,0,9,9
28811338,,0,0.000762,100,0.000007,0,6,6,0,6,6
27915046,,0,0.000073,100,0.000007,0,1,1,0,1,1
24876913,,0,0.000143,279,0.000007,0,3,3,0,3,3
24402053,,0,0.000073,100,0.000007,0,1,1,0,1,1
21677273,,0,0.000073,100,0.000007,0,1,1,0,1,1
18553098,,0,0.000073,100,0.000007,0,1,1,0,1,1
15591272,,0.000516,0,89,0.00001,5,0,5,5,0,5
25742799,,0,0.000002,69,0.000007,0,1,1,0,1,1
15591324,,0.000111,0,69,0.000036,7,0,7,7,0,7
22593798,,0,0.000002,69,0.000007,0,1,1,0,1,1
22425387,,0,0.000002,69,0.000007,0,1,1,0,1,1
20640409,,0,0.000002,69,0.000007,0,2,2,0,2,2
29875657,,0,0.000008,279,0.000007,0,1,1,0,1,1
15591788,,0.000398,0,279,0.000024,4,0,4,4,0,4
22128125,,0,0.000008,279,0.000007,0,1,1,0,1,1
15598752,,0.001929,0,5,0.000023,22,0,22,22,0,22
29082482,,0,0.000004,5,0.000007,0,2,2,0,2,2
15598789,,0.000147,0,5,0.00002,8,0,8,8,0,8
24824132,,0,0.002108,5,0.000007,0,6,6,0,6,6
30425930,,0,0.000006,168,0.000007,0,1,1,0,1,1
15603758,,0.000318,0,168,0.000288,50,0,50,50,0,50
30250533,,0,0.000006,168,0.000007,0,1,1,0,1,1
30239926,,0,0.000006,168,0.000007,0,1,1,0,1,1
30126922,,0,0.000006,168,0.000007,0,1,1,0,1,1
30042885,,0,0.000249,232,0.000007,0,4,4,0,4,4
29854295,,0,0.000025,66,0.000007,0,3,3,0,3,3
29749505,,0,0.000006,168,0.000007,0,1,1,0,1,1
29459183,,0,0.000011,168,0.000007,0,2,2,0,2,2
29325153,,0,0.000006,168,0.000007,0,1,1,0,1,1
29022923,,0,0.000006,168,0.000007,0,1,1,0,1,1
28962017,,0,0.000006,168,0.000007,0,1,1,0,1,1
28955366,,0,0.000006,168,0.000007,0,1,1,0,1,1
28764715,,0,0.000006,168,0.000007,0,1,1,0,1,1
28108672,,0,0.000006,168,0.000007,0,1,1,0,1,1
28098804,,0,0.000006,168,0.000007,0,1,1,0,1,1
26719371,,0,0.000212,168,0.000007,0,2,2,0,2,2
26525392,,0,0.000006,168,0.000007,0,1,1,0,1,1
26317032,,0,0.000006,168,0.000007,0,1,1,0,1,1
24895282,,0,0.000006,168,0.000007,0,1,1,0,1,1
24600564,,0,0.00005,168,0.000007,0,3,3,0,3,3
24474198,,0,0.000006,168,0.000007,0,1,1,0,1,1
24297172,,0,0.000006,168,0.000007,0,1,1,0,1,1
24277352,,0,0.000006,168,0.000007,0,1,1,0,1,1
24244378,,0,0.000006,168,0.000007,0,1,1,0,1,1
23681232,,0,0.000006,168,0.000007,0,1,1,0,1,1
23396089,,0,0.000006,168,0.000007,0,1,1,0,1,1
23169338,,0,0.000006,168,0.000007,0,1,1,0,1,1
22900074,,0,0.000136,168,0.000007,0,3,3,0,3,3
22825327,,0,0.000011,168,0.000007,0,2,2,0,2,2
21917922,,0,0.000006,168,0.000007,0,1,1,0,1,1
20683471,,0,0.000006,168,0.000007,0,1,1,0,1,1
20132558,,0,0.000006,168,0.000007,0,1,1,0,1,1
19934366,,0,0.000006,168,0.000007,0,1,1,0,1,1
19289153,,0,0.000026,41,0.000007,0,4,4,0,4,4
18942077,,0,0.000011,168,0.000007,0,3,3,0,3,3
18645607,,0,0.000055,90,0.000007,0,3,3,0,3,3
18469817,,0,0.000006,168,0.000007,0,1,1,0,1,1
18397889,,0,0.000006,168,0.000007,0,1,1,0,1,1
18369439,,0,0.000006,168,0.000007,0,1,1,0,1,1
15604634,,0.00036,0,5,0.000012,5,0,5,5,0,5
15607041,,0.000101,0,5,0.000008,1,0,1,1,0,1
29940414,,0,0.000016,279,0.000007,0,3,3,0,3,3
15607317,,0.000629,0,279,0.00008,9,0,9,9,0,9
27659012,,0,0.000016,279,0.000007,0,2,2,0,2,2
26466668,,0,0.000039,279,0.000007,0,2,2,0,2,2
21472129,,0,0.000012,279,0.000007,0,1,1,0,1,1
15608049,,0.000099,0,35,0.00001,1,0,1,1,0,1
15609132,,0.000013,0,35,0.000014,2,0,2,2,0,2
15609993,,0.000789,0,100,0.000021,10,0,10,10,0,10
19308666,,0,0.000015,100,0.000007,0,1,1,0,1,1
28977657,,0,0.000142,57,0.000007,0,2,2,0,2,2
28847826,,0,0.000122,57,0.000007,0,1,1,0,1,1
28487501,,0,0.000122,57,0.000007,0,1,1,0,1,1
26788541,,0,0.000656,57,0.000007,0,2,2,0,2,2
26586426,,0,0.000148,57,0.000007,0,2,2,0,2,2
26113859,,0,0.01281,1,0.000007,0,11,11,0,11,11
24842905,,0,0.00052,57,0.000007,0,2,2,0,2,2
24819595,,0,0.000413,57,0.000007,0,2,2,0,2,2
24534091,,0,0.000653,57,0.000007,0,2,2,0,2,2
23610439,,0,0.000122,57,0.000007,0,1,1,0,1,1
23247436,,0,0.001008,100,0.000007,0,3,3,0,3,3
23209566,,0,0.001008,100,0.000007,0,3,3,0,3,3
23088435,,0,0.000413,57,0.000007,0,2,2,0,2,2
21849621,,0,0.000122,57,0.000007,0,1,1,0,1,1
21693595,,0,0.00054,57,0.000007,0,2,2,0,2,2
20823146,,0,0.01567,1,0.000007,0,4,4,0,4,4
20525204,,0,0.000448,41,0.000007,0,4,4,0,4,4
19755856,,0,0.016384,1,0.000007,0,6,6,0,6,6
19667071,,0,0.000122,57,0.000007,0,1,1,0,1,1
19633669,,0,0.000122,57,0.000007,0,1,1,0,1,1
19547915,,0,0.000122,57,0.000007,0,1,1,0,1,1
19535303,,0,0.000413,57,0.000007,0,2,2,0,2,2
19341467,,0,0.000122,57,0.000007,0,1,1,0,1,1
19277046,,0,0.002704,100,0.000007,0,5,5,0,5,5
19041753,,0,0.000122,57,0.000007,0,1,1,0,1,1
17709392,,0,0.002302,100,0.000007,0,5,5,0,5,5
17656556,,0,0.000122,57,0.000007,0,1,1,0,1,1
17643367,,0,0.000122,57,0.000007,0,1,1,0,1,1
17635934,,0,0.000122,57,0.000007,0,1,1,0,1,1
16954385,,0,0.000122,57,0.000007,0,1,1,0,1,1
16810316,,0,0.000122,57,0.000007,0,1,1,0,1,1
29930218,,0,0.000216,100,0.000007,0,4,4,0,4,4
15611632,,0.000857,0,100,0.000032,22,0,22,22,0,22
27738567,,0,0.000016,100,0.000007,0,1,1,0,1,1
26625197,,0,0.00049,100,0.000007,0,5,5,0,5,5
28282339,,0,0,123,0.000007,0,1,1,0,1,1
15613938,,0,0,123,0.000094,15,0,15,15,0,15
28222743,,0,0,123,0.000007,0,1,1,0,1,1
26621194,,0,0,123,0.000007,0,1,1,0,1,1
26513471,,0,0,123,0.000007,0,1,1,0,1,1
25749559,,0,0,123,0.000007,0,1,1,0,1,1
25395027,,0,0,123,0.000007,0,1,1,0,1,1
25325518,,0,0,123,0.000007,0,1,1,0,1,1
24602132,,0,0,123,0.000007,0,1,1,0,1,1
24573538,,0,0,123,0.000007,0,1,1,0,1,1
23985142,,0,0,123,0.000007,0,1,1,0,1,1
23549395,,0,0,123,0.000007,0,1,1,0,1,1
22532127,,0,0,123,0.000007,0,1,1,0,1,1
22523397,,0,0,123,0.000007,0,1,1,0,1,1
21571873,,0,0,123,0.000007,0,1,1,0,1,1
15617999,,0.001339,0,1,0.000014,7,0,7,7,0,7
15622557,,0.001355,0,89,0.000011,9,0,9,9,0,9
23822714,,0,0.000016,72,0.000007,0,2,2,0,2,2
15622558,,0.000104,0,72,0.000013,3,0,3,3,0,3
15625367,,0.007798,0,69,0.000068,58,0,58,58,0,58
29389895,,0.00015,0.017481,69,0.000017,3,45,48,3,45,48
27670257,,0.00039,0.002387,69,0.000007,2,20,22,2,20,22
27630913,,0,0.000149,69,0.000007,0,1,1,0,1,1
15632137,,0.000463,0,100,0.000013,8,0,8,8,0,8
15633195,,0.000307,0,5,0.00001,5,0,5,5,0,5
29706645,,0,0.000002,57,0.000007,0,1,1,0,1,1
15635255,,0.000102,0,57,0.000079,21,0,21,21,0,21
29301290,,0,0.000002,57,0.000007,0,1,1,0,1,1
28427344,,0,0.000002,57,0.000007,0,1,1,0,1,1
27992859,,0,0.000002,57,0.000007,0,1,1,0,1,1
26417394,,0,0.000002,57,0.000007,0,1,1,0,1,1
25147735,,0,0.000002,57,0.000007,0,1,1,0,1,1
23533353,,0,0.000017,57,0.000007,0,2,2,0,2,2
16552037,,0,0.000002,57,0.000007,0,1,1,0,1,1
15637295,,0.001843,0,90,0.000024,12,0,12,12,0,12
15640022,,0.000013,0,231,0.000008,1,0,1,1,0,1
30167082,,0,0.000014,279,0.000007,0,2,2,0,2,2
15645010,,0.000658,0,279,0.000016,6,0,6,6,0,6
24668689,,0,0,124,0.000007,0,1,1,0,1,1
15646397,,0,0,124,0.000025,3,0,3,3,0,3
19513005,,0,0,124,0.000007,0,1,1,0,1,1
18047254,,0,0,124,0.000007,0,1,1,0,1,1
24672738,,0,0.00001,35,0.000007,0,2,2,0,2,2
15647832,,0.000122,0,35,0.000061,11,0,11,11,0,11
23570382,,0,0.000002,35,0.000007,0,1,1,0,1,1
22323911,,0,0.000002,35,0.000007,0,1,1,0,1,1
21496233,,0,0.000002,35,0.000007,0,1,1,0,1,1
18793447,,0,0.000002,35,0.000007,0,1,1,0,1,1
17823654,,0,0.000002,35,0.000007,0,1,1,0,1,1
17683638,,0,0.000002,35,0.000007,0,1,1,0,1,1
16741943,,0,0.000002,35,0.000007,0,1,1,0,1,1
15648050,,0.000196,0,140,0.000291,59,0,59,59,0,59
30012835,,0,0.000004,140,0.000007,0,2,2,0,2,2
29888056,,0,0.000004,140,0.000007,0,1,1,0,1,1
27826534,,0,0.000004,140,0.000007,0,1,1,0,1,1
27799868,,0,0.000004,140,0.000007,0,1,1,0,1,1
26788197,,0,0.00744,140,0.000007,0,2,2,0,2,2
26074915,,0,0.000018,140,0.000007,0,2,2,0,2,2
26022941,,0,0.000004,140,0.000007,0,1,1,0,1,1
25798239,,0,0.000004,140,0.000007,0,1,1,0,1,1
25015643,,0,0.000004,140,0.000007,0,1,1,0,1,1
24801380,,0,0.000004,140,0.000007,0,1,1,0,1,1
24325474,,0,0.000004,140,0.000007,0,1,1,0,1,1
24243115,,0,0.000004,140,0.000007,0,1,1,0,1,1
23355459,,0,0.000165,140,0.000007,0,2,2,0,2,2
23150764,,0,0.000004,140,0.000007,0,1,1,0,1,1
23105933,,0,0.000008,248,0.000007,0,2,2,0,2,2
22675076,,0,0.000018,140,0.000007,0,2,2,0,2,2
22393468,,0,0.000004,140,0.000007,0,1,1,0,1,1
22300544,,0,0.000004,140,0.000007,0,1,1,0,1,1
22211240,,0,0.000004,140,0.000007,0,1,1,0,1,1
21862452,,0,0.000004,140,0.000007,0,1,1,0,1,1
20839010,,0,0.000004,140,0.000007,0,1,1,0,1,1
20525254,,0,0.000004,140,0.000007,0,1,1,0,1,1
19881500,,0,0.000004,140,0.000007,0,1,1,0,1,1
19574427,,0,0.000004,140,0.000007,0,1,1,0,1,1
19564412,,0,0.000046,176,0.000007,0,3,3,0,3,3
19483093,,0,0.000004,140,0.000007,0,1,1,0,1,1
19337586,,0,0.000004,140,0.000007,0,1,1,0,1,1
19289468,,0,0.000004,140,0.000007,0,1,1,0,1,1
18952824,,0,0.000018,140,0.000007,0,2,2,0,2,2
18927117,,0,0.000004,140,0.000007,0,1,1,0,1,1
18843117,,0,0.000004,140,0.000007,0,1,1,0,1,1
18816183,,0,0.000004,140,0.000007,0,1,1,0,1,1
18703122,,0,0.000004,140,0.000007,0,1,1,0,1,1
18545673,,0,0.000004,140,0.000007,0,1,1,0,1,1
18261861,,0,0.000004,140,0.000007,0,1,1,0,1,1
18044981,,0,0.000004,140,0.000007,0,1,1,0,1,1
18025108,,0,0.000004,140,0.000007,0,1,1,0,1,1
17475912,,0,0.000004,140,0.000007,0,1,1,0,1,1
17412887,,0,0.000004,140,0.000007,0,1,1,0,1,1
17337438,,0,0.000004,140,0.000007,0,1,1,0,1,1
17142241,,0,0.000004,140,0.000007,0,1,1,0,1,1
17113097,,0,0.000004,140,0.000007,0,1,1,0,1,1
16963563,,0,0.000004,140,0.000007,0,1,1,0,1,1
16889663,,0,0.000004,140,0.000007,0,1,1,0,1,1
16517939,,0,0.000004,140,0.000007,0,1,1,0,1,1
16029492,,0,0.000004,140,0.000007,0,1,1,0,1,1
15998720,,0,0.000004,140,0.000007,0,1,1,0,1,1
25105079,,0,0,198,0.000007,0,1,1,0,1,1
15648194,,0.000001,0,198,0.000051,9,0,9,9,0,9
24769889,,0,0,198,0.000007,0,1,1,0,1,1
24416662,,0,0,198,0.000007,0,1,1,0,1,1
23661294,,0,0,198,0.000007,0,2,2,0,2,2
19661086,,0,0,198,0.000007,0,1,1,0,1,1
17244373,,0,0,198,0.000007,0,1,1,0,1,1
16504042,,0,0,198,0.000007,0,1,1,0,1,1
15648612,,0.000003,0,66,0.000031,8,0,8,8,0,8
27539136,,0,0,66,0.000007,0,1,1,0,1,1
26554380,,0,0.000004,66,0.000007,0,2,2,0,2,2
26378809,,0,0.000064,66,0.000007,0,2,2,0,2,2
29352063,,0,0.000405,100,0.000007,0,4,4,0,4,4
29192276,,0,0.000751,100,0.000007,0,5,5,0,5,5
28899930,,0,0.000322,100,0.000007,0,2,2,0,2,2
28148839,,0,0.001914,1,0.000007,0,7,7,0,7,7
28114741,,0,0.00031,279,0.000007,0,2,2,0,2,2
28096467,,0,0.000546,1,0.000007,0,2,2,0,2,2
27721405,,0,0.000296,100,0.000007,0,1,1,0,1,1
27486975,,0,0.000296,100,0.000007,0,1,1,0,1,1
26323318,,0,0.000478,100,0.000007,0,5,5,0,5,5
26237645,,0,0.000296,100,0.000007,0,1,1,0,1,1
25753673,,0,0.009394,1,0.000007,0,5,5,0,5,5
25712099,,0,0.010722,1,0.000007,0,6,6,0,6,6
25642963,,0,0.017507,100,0.000007,0,6,6,0,6,6
25578966,,0,0.000296,100,0.000007,0,1,1,0,1,1
25398341,,0,0.000296,100,0.000007,0,1,1,0,1,1
25160628,,0,0.000416,100,0.000007,0,3,3,0,3,3
25025768,,0,0.000907,100,0.000007,0,4,4,0,4,4
24841992,,0,0.01007,1,0.000007,0,9,9,0,9,9
24798692,,0.003291,0.039752,1,0.000019,9,15,24,9,15,24
24466340,,0,0.001618,100,0.000007,0,4,4,0,4,4
23589568,,0,0.001514,1,0.000007,0,2,2,0,2,2
22980747,,0,0.000297,100,0.000007,0,2,2,0,2,2
22696213,,0,0.000482,100,0.000007,0,2,2,0,2,2
22542292,,0,0.010117,1,0.000007,0,4,4,0,4,4
22505453,,0,0.000326,82,0.000007,0,3,3,0,3,3
22464731,,0,0.00083,100,0.000007,0,2,2,0,2,2
21896657,,0,0.000406,100,0.000007,0,3,3,0,3,3
21731742,,0,0.000296,100,0.000007,0,1,1,0,1,1
21719678,,0,0.000707,100,0.000007,0,2,2,0,2,2
18796496,,0,0.000296,100,0.000007,0,1,1,0,1,1
18719106,,0,0.000312,100,0.000007,0,2,2,0,2,2
26352264,,0,0,279,0.000007,0,1,1,0,1,1
15650252,,0.000001,0,279,0.000039,6,0,6,6,0,6
26005715,,0,0.000041,279,0.000007,0,4,4,0,4,4
25703993,,0,0,279,0.000007,0,1,1,0,1,1
23737027,,0,0,279,0.000007,0,1,1,0,1,1
18986607,,0,0,279,0.000007,0,1,1,0,1,1
17555594,,0,0,279,0.000007,0,1,1,0,1,1
15654225,,0.001063,0,205,0.000026,8,0,8,8,0,8
18320027,,0,0.000236,205,0.000007,0,2,2,0,2,2
15654226,,0.000296,0,89,0.000008,3,0,3,3,0,3
15661233,,0.000118,0,69,0.000008,1,0,1,1,0,1
30258457,,0,0.001276,100,0.000007,0,8,8,0,8,8
15661754,,0.004845,0,100,0.000262,97,0,97,97,0,97
29394375,,0,0.000519,100,0.000007,0,3,3,0,3,3
29382715,,0,0.000117,176,0.000007,0,2,2,0,2,2
29301856,,0,0.000796,100,0.000007,0,4,4,0,4,4
29253234,,0,0.000092,100,0.000007,0,1,1,0,1,1
28628639,,0,0.003631,1,0.000007,0,6,6,0,6,6
27836504,,0,0.000092,100,0.000007,0,1,1,0,1,1
27270041,,0,0.000163,100,0.000007,0,4,4,0,4,4
27179029,,0,0.000693,100,0.000007,0,6,6,0,6,6
25766002,,0,0.000718,100,0.000007,0,3,3,0,3,3
24083238,,0,0.000092,100,0.000007,0,1,1,0,1,1
23303771,,0,0.000092,100,0.000007,0,1,1,0,1,1
22266823,,0,0.000216,100,0.000007,0,4,4,0,4,4
21686867,,0,0.000092,100,0.000007,0,1,1,0,1,1
21611832,,0,0.000092,100,0.000007,0,1,1,0,1,1
21444690,,0,0.001487,100,0.000007,0,2,2,0,2,2
21183785,,0,0.000092,100,0.000007,0,1,1,0,1,1
20057355,,0,0.000689,100,0.000007,0,3,3,0,3,3
17337257,,0,0.000092,100,0.000007,0,1,1,0,1,1
15665273,,0.000321,0,48,0.000046,9,0,9,9,0,9
23082202,,0,0.000006,48,0.000007,0,1,1,0,1,1
20684776,,0,0.000151,48,0.000007,0,3,3,0,3,3
20512916,,0,0.000006,48,0.000007,0,1,1,0,1,1
18837990,,0,0.000006,48,0.000007,0,1,1,0,1,1
15668291,,0.000022,0,1,0.000008,1,0,1,1,0,1
15668505,,0.000478,0,231,0.000015,5,0,5,5,0,5
16229749,,0,0.000009,231,0.000007,0,1,1,0,1,1
15674350,,0.001895,0,90,0.00006,23,0,23,23,0,23
24921629,,0,0.000089,90,0.000007,0,2,2,0,2,2
16507464,,0,0.000036,90,0.000007,0,1,1,0,1,1
27777068,,0,0.000007,367,0.000007,0,2,2,0,2,2
15675572,,0.000003,0,367,0.000022,4,0,4,4,0,4
25400627,,0,0.00002,367,0.000007,0,2,2,0,2,2
22791710,,0,0,367,0.000007,0,1,1,0,1,1
22274581,,0,0.000136,367,0.000007,0,2,2,0,2,2
20193846,,0,0.000004,89,0.000007,0,1,1,0,1,1
15683621,,0.000132,0,89,0.000007,1,0,1,1,0,1
15687544,,0.00001,0,89,0.000008,1,0,1,1,0,1
15687547,,0.000195,0,100,0.000015,2,0,2,2,0,2
15687550,,0.000024,0,184,0.000008,2,0,2,2,0,2
15687552,,0.000049,0,279,0.00001,2,0,2,2,0,2
15687554,,0.000003,0,5,0.000016,2,0,2,2,0,2
19132141,,0,0,5,0.000007,0,1,1,0,1,1
15687685,,0.000061,0,100,0.000013,1,0,1,1,0,1
22053972,,0,0,125,0.000007,0,1,1,0,1,1
15687694,,0,0,125,0.000013,1,0,1,1,0,1
28971986,,0.000018,0.000107,5,0.000007,1,6,7,1,6,7
15690408,,0.000238,0,5,0.000045,18,0,18,18,0,18
23448100,,0,0.000005,5,0.000007,0,2,2,0,2,2
22518350,,0,0.000005,5,0.000007,0,1,1,0,1,1
21329524,,0,0.000005,5,0.000007,0,1,1,0,1,1
19466649,,0,0.000005,5,0.000007,0,1,1,0,1,1
19409749,,0,0.000005,5,0.000007,0,1,1,0,1,1
22969352,,0,0,175,0.000007,0,2,2,0,2,2
15691514,,0,0,175,0.000013,2,0,2,2,0,2
21881677,,0,0,175,0.000007,0,2,2,0,2,2
15691805,,0.000301,0,279,0.000009,3,0,3,3,0,3
28400607,,0,0.000006,48,0.000007,0,1,1,0,1,1
15694385,,0.000332,0,48,0.000024,7,0,7,7,0,7
27367907,,0,0.000012,241,0.000007,0,2,2,0,2,2
15695235,,0.000498,0,241,0.000082,5,0,5,5,0,5
21951911,,0,0.000009,241,0.000007,0,1,1,0,1,1
29124461,,0,0,2,0.000007,0,1,1,0,1,1
15705620,,0.000022,0,2,0.00015,26,0,26,26,0,26
28579943,,0,0,2,0.000007,0,1,1,0,1,1
28457629,,0,0,2,0.000007,0,1,1,0,1,1
28439073,,0,0,2,0.000007,0,1,1,0,1,1
26604851,,0,0,2,0.000007,0,1,1,0,1,1
26598317,,0,0,2,0.000007,0,1,1,0,1,1
24658923,,0,0,2,0.000007,0,1,1,0,1,1
23509795,,0,0,2,0.000007,0,1,1,0,1,1
23465709,,0,0,2,0.000007,0,1,1,0,1,1
23110129,,0,0,2,0.000007,0,1,1,0,1,1
23054360,,0,0,2,0.000007,0,1,1,0,1,1
22327397,,0,0,2,0.000007,0,1,1,0,1,1
22074951,,0,0,2,0.000007,0,1,1,0,1,1
21647603,,0,0,2,0.000007,0,1,1,0,1,1
20571076,,0,0,2,0.000007,0,1,1,0,1,1
19939245,,0,0,2,0.000007,0,1,1,0,1,1
19481196,,0,0,2,0.000007,0,1,1,0,1,1
19259937,,0,0,2,0.000007,0,1,1,0,1,1
18923161,,0,0,2,0.000007,0,1,1,0,1,1
17939878,,0,0,2,0.000007,0,1,1,0,1,1
17899356,,0,0,2,0.000007,0,1,1,0,1,1
17289813,,0,0,2,0.000007,0,1,1,0,1,1
17118206,,0,0,2,0.000007,0,1,1,0,1,1
15705879,,0.00849,0,1,0.000327,38,0,38,38,0,38
26979459,,0.000085,0.001699,1,0.000028,5,16,21,5,16,21
26284568,,0,0.001055,35,0.000007,0,3,3,0,3,3
26170927,,0,0.000162,1,0.000007,0,1,1,0,1,1
25202123,,0,0.001055,35,0.000007,0,3,3,0,3,3
18088415,,0,0.000162,1,0.000007,0,1,1,0,1,1
29492303,,0,0.000057,279,0.000007,0,4,4,0,4,4
15709182,,0.001687,0,279,0.000068,21,0,21,21,0,21
28959135,,0,0.000032,279,0.000007,0,1,1,0,1,1
23795347,,0,0.000032,279,0.000007,0,1,1,0,1,1
22786785,,0,0.000032,279,0.000007,0,1,1,0,1,1
19966177,,0,0.000032,279,0.000007,0,1,1,0,1,1
18566899,,0,0.000043,279,0.000007,0,3,3,0,3,3
15712267,,0.000921,0,89,0.000011,6,0,6,6,0,6
15723343,,0.000661,0,100,0.000011,3,0,3,3,0,3
15726604,,0.000056,0,231,0.000007,1,0,1,1,0,1
15727243,,0.000318,0,5,0.00002,11,0,11,11,0,11
21552135,,0,0.000039,5,0.000007,0,2,2,0,2,2
29383714,,0,0.000028,140,0.000007,0,2,2,0,2,2
15727245,,0.00071,0,5,0.000015,9,0,9,9,0,9
15727246,,0.000783,0,5,0.000011,5,0,5,5,0,5
15728167,,0.001015,0,35,0.000046,19,0,19,19,0,19
27756431,,0,0.000019,35,0.000007,0,1,1,0,1,1
26063794,,0,0.000019,35,0.000007,0,1,1,0,1,1
23525360,,0,0.000019,35,0.000007,0,1,1,0,1,1
21198193,,0,0.000019,35,0.000007,0,1,1,0,1,1
15729202,,0.000142,0,69,0.000015,3,0,3,3,0,3
19382180,,0,0.000003,69,0.000007,0,1,1,0,1,1
29998076,,0,0,5,0.000007,0,1,1,0,1,1
15731693,,0,0,5,0.000028,5,0,5,5,0,5
29725545,,0,0.000025,5,0.000007,0,2,2,0,2,2
28740781,,0,0,5,0.000007,0,1,1,0,1,1
27482483,,0,0,5,0.000007,0,2,2,0,2,2
26111328,,0,0,5,0.000007,0,2,2,0,2,2
15733268,,0.000155,0,89,0.000008,3,0,3,3,0,3
15734957,,0.002637,0,5,0.000032,21,0,21,21,0,21
28612598,,0,0.00011,5,0.000007,0,3,3,0,3,3
23879178,,0,0.000071,5,0.000007,0,2,2,0,2,2
30226614,,0,0.000003,111,0.000007,0,1,1,0,1,1
15735697,,0.000134,0,111,0.000306,56,0,56,56,0,56
30206215,,0,0.000103,111,0.000007,0,3,3,0,3,3
30038712,,0,0.000003,111,0.000007,0,1,1,0,1,1
29876529,,0,0.000003,111,0.000007,0,1,1,0,1,1
29679567,,0,0.000003,111,0.000007,0,1,1,0,1,1
29367761,,0,0.000003,111,0.000007,0,1,1,0,1,1
29348684,,0,0.000103,111,0.000007,0,3,3,0,3,3
28789420,,0,0.000003,111,0.000007,0,1,1,0,1,1
28437471,,0,0.000003,111,0.000007,0,1,1,0,1,1
28246209,,0,0.000003,111,0.000007,0,1,1,0,1,1
28066139,,0,0.000003,111,0.000007,0,1,1,0,1,1
28030791,,0,0.000118,35,0.000007,0,3,3,0,3,3
27904679,,0,0.000003,111,0.000007,0,1,1,0,1,1
26744318,,0,0.000003,111,0.000007,0,1,1,0,1,1
26544730,,0,0.000003,111,0.000007,0,1,1,0,1,1
26483416,,0,0.000003,111,0.000007,0,1,1,0,1,1
26079537,,0,0.000003,111,0.000007,0,1,1,0,1,1
25896712,,0,0.000003,111,0.000007,0,1,1,0,1,1
25425963,,0,0.000003,111,0.000007,0,1,1,0,1,1
25170806,,0,0.000003,111,0.000007,0,1,1,0,1,1
24931571,,0,0.000003,111,0.000007,0,1,1,0,1,1
24921010,,0,0.000003,111,0.000007,0,1,1,0,1,1
24398687,,0,0.000003,111,0.000007,0,1,1,0,1,1
24357007,,0,0.000003,111,0.000007,0,1,1,0,1,1
24126055,,0,0.000003,111,0.000007,0,1,1,0,1,1
23913682,,0,0.000003,111,0.000007,0,1,1,0,1,1
23755247,,0,0.000003,111,0.000007,0,1,1,0,1,1
22705851,,0,0.000003,111,0.000007,0,1,1,0,1,1
22569290,,0,0.000003,111,0.000007,0,1,1,0,1,1
22560079,,0,0.000003,111,0.000007,0,1,1,0,1,1
22393463,,0,0.000003,111,0.000007,0,1,1,0,1,1
22188262,,0,0.000003,111,0.000007,0,1,1,0,1,1
21953463,,0,0.000003,111,0.000007,0,1,1,0,1,1
21868755,,0,0.000003,111,0.000007,0,1,1,0,1,1
21566082,,0,0.000003,111,0.000007,0,1,1,0,1,1
21542805,,0,0.000003,111,0.000007,0,1,1,0,1,1
20959618,,0,0.000003,111,0.000007,0,1,1,0,1,1
20514221,,0,0.000003,111,0.000007,0,1,1,0,1,1
20388706,,0,0.000003,111,0.000007,0,1,1,0,1,1
20360945,,0,0.000003,111,0.000007,0,1,1,0,1,1
20126619,,0,0.000003,111,0.000007,0,1,1,0,1,1
19684017,,0,0.000003,111,0.000007,0,1,1,0,1,1
19661484,,0,0.000003,111,0.000007,0,1,1,0,1,1
19435907,,0,0.000003,111,0.000007,0,1,1,0,1,1
19419955,,0,0.000003,111,0.000007,0,1,1,0,1,1
19411256,,0,0.000003,111,0.000007,0,1,1,0,1,1
19056724,,0,0.000003,111,0.000007,0,1,1,0,1,1
18645030,,0,0.000003,111,0.000007,0,1,1,0,1,1
17508399,,0,0.000011,82,0.000007,0,2,2,0,2,2
16102754,,0,0.000003,111,0.000007,0,1,1,0,1,1
15931383,,0,0.000003,111,0.000007,0,1,1,0,1,1
29441724,,0,0.000011,279,0.000007,0,1,1,0,1,1
15735702,,0.000551,0,279,0.000145,27,0,27,27,0,27
29156828,,0,0.000011,279,0.000007,0,1,1,0,1,1
28806397,,0,0.000066,279,0.000007,0,2,2,0,2,2
27507046,,0.000429,0.002037,1,0.000009,3,11,14,3,11,14
25668746,,0,0.000011,279,0.000007,0,1,1,0,1,1
24353913,,0,0.000011,279,0.000007,0,1,1,0,1,1
23792571,,0,0.000011,279,0.000007,0,1,1,0,1,1
23110024,,0,0.000011,279,0.000007,0,1,1,0,1,1
22895183,,0,0.000013,279,0.000007,0,2,2,0,2,2
22087839,,0,0.000229,279,0.000007,0,4,4,0,4,4
22040655,,0,0.000115,279,0.000007,0,2,2,0,2,2
20956560,,0,0.000011,279,0.000007,0,1,1,0,1,1
20498628,,0,0.000011,279,0.000007,0,1,1,0,1,1
19801682,,0,0.000011,279,0.000007,0,1,1,0,1,1
17916653,,0,0.000011,279,0.000007,0,1,1,0,1,1
17035635,,0,0.000011,279,0.000007,0,1,1,0,1,1
15735726,,0.000245,0,168,0.000265,21,0,21,21,0,21
29225771,,0,0.000005,168,0.000007,0,1,1,0,1,1
28759043,,0,0.000529,168,0.000007,0,4,4,0,4,4
27347216,,0,0.000039,168,0.000007,0,3,3,0,3,3
23329839,,0,0.000005,168,0.000007,0,1,1,0,1,1
22150313,,0,0.000007,168,0.000007,0,2,2,0,2,2
21108789,,0,0.000005,168,0.000007,0,1,1,0,1,1
20852740,,0,0.000012,168,0.000007,0,2,2,0,2,2
19084536,,0,0.000005,168,0.000007,0,1,1,0,1,1
17280610,,0,0.00003,35,0.000007,0,4,4,0,4,4
16505170,,0,0.000005,168,0.000007,0,1,1,0,1,1
16207477,,0.000087,0.000005,168,0.00023,44,1,45,44,1,45
29888111,,0,0.000171,48,0.000007,0,3,3,0,3,3
15735739,,0.00102,0,48,0.000178,18,0,18,18,0,18
27380242,,0,0.000355,5,0.000007,0,6,6,0,6,6
27053300,,0,0.000238,48,0.000007,0,3,3,0,3,3
26477308,,0,0.000019,48,0.000007,0,1,1,0,1,1
25458897,,0,0.000634,48,0.000007,0,3,3,0,3,3
24331186,,0,0.000019,48,0.000007,0,1,1,0,1,1
23221633,,0,0.000019,48,0.000007,0,1,1,0,1,1
21685072,,0,0.000047,48,0.000007,0,3,3,0,3,3
16948864,,0,0.000019,48,0.000007,0,1,1,0,1,1
15737559,,0.002366,0,5,0.00002,16,0,16,16,0,16
22811759,,0,0.000051,231,0.000007,0,4,4,0,4,4
21492446,,0,0.000019,231,0.000007,0,1,1,0,1,1
20332227,,0.001267,0.000069,72,0.000527,119,4,123,119,4,123
20151045,,0,0.000019,231,0.000007,0,1,1,0,1,1
17847013,,0,0.000019,231,0.000007,0,1,1,0,1,1
15744044,,0.000909,0,89,0.000023,10,0,10,10,0,10
24614139,,0,0.000063,89,0.000007,0,3,3,0,3,3
15750629,,0.002491,0,90,0.000046,26,0,26,26,0,26
27267121,,0,0.000527,90,0.000007,0,4,4,0,4,4
25421723,,0,0.000164,5,0.000007,0,4,4,0,4,4
24692510,,0.00001,0.001263,90,0.000018,3,9,12,3,9,12
23664366,,0,0.001243,90,0.000007,0,9,9,0,9,9
15754129,,0.001782,0,35,0.000033,13,0,13,13,0,13
29761796,,0,0.000322,205,0.000007,0,6,6,0,6,6
24725434,,0,0.000034,35,0.000007,0,1,1,0,1,1
15755003,,0.000161,0,1,0.000008,2,0,2,2,0,2
29152592,,0,0.000002,5,0.000007,0,1,1,0,1,1
25759589,,0,0.000002,24,0.000007,0,2,2,0,2,2
25384883,,0,0.000002,5,0.000007,0,1,1,0,1,1
24720804,,0,0.000002,5,0.000007,0,1,1,0,1,1
24599585,,0,0.000002,5,0.000007,0,1,1,0,1,1
23576795,,0,0.000002,5,0.000007,0,1,1,0,1,1
19240240,,0,0.000002,5,0.000007,0,1,1,0,1,1
18813311,,0,0.000014,5,0.000007,0,5,5,0,5,5
29132330,,0,0.000003,89,0.000007,0,1,1,0,1,1
28139534,,0,0.000003,89,0.000007,0,1,1,0,1,1
23675098,,0,0.000003,89,0.000007,0,1,1,0,1,1
23192612,,0,0.000003,89,0.000007,0,1,1,0,1,1
23071787,,0,0.000013,231,0.000007,0,3,3,0,3,3
22662219,,0,0.000003,89,0.000007,0,1,1,0,1,1
19682377,,0,0.000013,89,0.000007,0,2,2,0,2,2
15761464,,0.005083,0,69,0.000385,109,0,109,109,0,109
30038717,,0,0.000111,69,0.000007,0,2,2,0,2,2
29456457,,0,0.000097,69,0.000007,0,1,1,0,1,1
29340100,,0,0.000097,69,0.000007,0,1,1,0,1,1
29042553,,0,0.008833,69,0.000007,0,8,8,0,8,8
28634996,,0,0.000097,69,0.000007,0,1,1,0,1,1
27983698,,0,0.01489,1,0.000007,0,16,16,0,16,16
27966445,,0,0.000097,69,0.000007,0,1,1,0,1,1
27895776,,0,0.000097,69,0.000007,0,1,1,0,1,1
27888800,,0,0.000129,69,0.000007,0,2,2,0,2,2
27713570,,0,0.007538,69,0.000007,0,3,3,0,3,3
27016222,,0,0.008665,69,0.000007,0,5,5,0,5,5
26879975,,0,0.008345,69,0.000007,0,5,5,0,5,5
26839398,,0,0.000097,69,0.000007,0,1,1,0,1,1
26433471,,0,0.000097,69,0.000007,0,1,1,0,1,1
26340817,,0,0.000097,69,0.000007,0,1,1,0,1,1
26045974,,0,0.000408,69,0.000007,0,2,2,0,2,2
25916844,,0.001039,0.017471,1,0.000023,8,8,16,8,8,16
25131582,,0,0.000097,69,0.000007,0,1,1,0,1,1
24977712,,0,0.000101,24,0.000007,0,2,2,0,2,2
24948110,,0,0.000505,69,0.000007,0,3,3,0,3,3
24947406,,0,0.000125,69,0.000007,0,2,2,0,2,2
24671188,,0,0.007533,69,0.000007,0,2,2,0,2,2
23936423,,0,0.000097,69,0.000007,0,1,1,0,1,1
23765252,,0,0.007533,69,0.000007,0,2,2,0,2,2
23397625,,0,0.000097,69,0.000007,0,1,1,0,1,1
23233093,,0,0.008319,69,0.000007,0,4,4,0,4,4
23136613,,0,0.000097,69,0.000007,0,1,1,0,1,1
22232518,,0,0.000097,69,0.000007,0,1,1,0,1,1
22205677,,0,0.000128,69,0.000007,0,3,3,0,3,3
22203846,,0,0.000097,69,0.000007,0,1,1,0,1,1
22201751,,0,0.000097,69,0.000007,0,1,1,0,1,1
22115851,,0,0.000167,69,0.000007,0,2,2,0,2,2
22045193,,0,0.000097,69,0.000007,0,1,1,0,1,1
22032327,,0,0.000097,69,0.000007,0,1,1,0,1,1
21979592,,0,0.000108,69,0.000007,0,2,2,0,2,2
21960414,,0,0.000237,69,0.000007,0,4,4,0,4,4
21813729,,0,0.001107,69,0.000007,0,6,6,0,6,6
21695255,,0,0.000097,69,0.000007,0,1,1,0,1,1
21668411,,0,0.000097,69,0.000007,0,1,1,0,1,1
21614520,,0,0.000097,69,0.000007,0,1,1,0,1,1
21563232,,0,0.000124,35,0.000007,0,2,2,0,2,2
21465248,,0,0.000097,69,0.000007,0,1,1,0,1,1
21098323,,0,0.000097,69,0.000007,0,1,1,0,1,1
21079801,,0,0.000097,69,0.000007,0,1,1,0,1,1
20802181,,0,0.000097,69,0.000007,0,1,1,0,1,1
20523764,,0,0.000097,69,0.000007,0,1,1,0,1,1
20421982,,0,0.000097,69,0.000007,0,1,1,0,1,1
20205767,,0,0.000097,69,0.000007,0,1,1,0,1,1
20081105,,0,0.000141,35,0.000007,0,3,3,0,3,3
20003326,,0,0.000173,1,0.000007,0,2,2,0,2,2
19956441,,0,0.000097,69,0.000007,0,1,1,0,1,1
19910378,,0,0.000784,69,0.000007,0,3,3,0,3,3
19886711,,0,0.000842,69,0.000007,0,4,4,0,4,4
19695091,,0,0.000097,69,0.000007,0,1,1,0,1,1
19513073,,0,0.00011,69,0.000007,0,2,2,0,2,2
19483683,,0,0.000097,69,0.000007,0,1,1,0,1,1
19430562,,0,0.000097,69,0.000007,0,1,1,0,1,1
19383911,,0,0.000097,69,0.000007,0,1,1,0,1,1
19375154,,0,0.000595,69,0.000007,0,2,2,0,2,2
19349352,,0,0.000097,69,0.000007,0,1,1,0,1,1
19048126,,0,0.000097,69,0.000007,0,1,1,0,1,1
19014671,,0,0.000097,69,0.000007,0,1,1,0,1,1
18806825,,0,0.000097,69,0.000007,0,1,1,0,1,1
18704718,,0,0.000961,69,0.000007,0,4,4,0,4,4
18493590,,0,0.000097,69,0.000007,0,1,1,0,1,1
18362619,,0,0.000097,69,0.000007,0,1,1,0,1,1
17047655,,0,0.000097,69,0.000007,0,1,1,0,1,1
17032502,,0,0.000097,69,0.000007,0,1,1,0,1,1
16816378,,0,0.000097,69,0.000007,0,1,1,0,1,1
16479254,,0,0.000097,69,0.000007,0,1,1,0,1,1
15767527,,0.000202,0,5,0.000031,10,0,10,10,0,10
27307100,,0,0.000026,5,0.000007,0,3,3,0,3,3
25634646,,0,0.000004,5,0.000007,0,1,1,0,1,1
30456205,,0,0.000015,35,0.000007,0,1,1,0,1,1
15768434,,0.000785,0,35,0.000272,59,0,59,59,0,59
30241185,,0,0.000015,35,0.000007,0,1,1,0,1,1
30151285,,0,0.000015,35,0.000007,0,1,1,0,1,1
29850258,,0,0.000015,35,0.000007,0,1,1,0,1,1
29740502,,0,0.000015,35,0.000007,0,1,1,0,1,1
29678902,,0,0.000022,5,0.000007,0,3,3,0,3,3
29566711,,0,0.000015,35,0.000007,0,2,2,0,2,2
29299053,,0,0.000015,279,0.000007,0,2,2,0,2,2
29285387,,0,0.000015,35,0.000007,0,2,2,0,2,2
29244986,,0,0.000072,35,0.000007,0,2,2,0,2,2
28717716,,0,0.000029,35,0.000007,0,3,3,0,3,3
28717690,,0,0.000015,35,0.000007,0,2,2,0,2,2
28228841,,0,0.000161,35,0.000007,0,2,2,0,2,2
28158984,,0,0.000015,35,0.000007,0,1,1,0,1,1
28122440,,0,0.000015,35,0.000007,0,1,1,0,1,1
28042603,,0,0.000015,35,0.000007,0,1,1,0,1,1
27784319,,0,0.000015,35,0.000007,0,1,1,0,1,1
27635263,,0,0.000018,35,0.000007,0,2,2,0,2,2
27226742,,0,0.000015,35,0.000007,0,1,1,0,1,1
26964534,,0,0.000015,35,0.000007,0,1,1,0,1,1
26757491,,0,0.000015,35,0.000007,0,1,1,0,1,1
26405628,,0,0.000016,35,0.000007,0,2,2,0,2,2
25540788,,0,0.000015,35,0.000007,0,1,1,0,1,1
25203049,,0,0.000015,35,0.000007,0,1,1,0,1,1
24882351,,0,0.004686,35,0.000007,0,10,10,0,10,10
24391224,,0,0.000015,35,0.000007,0,1,1,0,1,1
24324920,,0,0.000015,35,0.000007,0,1,1,0,1,1
23996684,,0,0.000015,35,0.000007,0,1,1,0,1,1
23991131,,0,0.000037,231,0.000007,0,2,2,0,2,2
23919181,,0,0.000015,35,0.000007,0,1,1,0,1,1
23840209,,0,0.000015,35,0.000007,0,1,1,0,1,1
23417335,,0,0.000015,35,0.000007,0,1,1,0,1,1
22956949,,0,0.000015,35,0.000007,0,1,1,0,1,1
22930220,,0,0.000371,35,0.000007,0,5,5,0,5,5
22655104,,0,0.000015,35,0.000007,0,1,1,0,1,1
22605883,,0,0.000015,35,0.000007,0,1,1,0,1,1
22295243,,0,0.000015,35,0.000007,0,1,1,0,1,1
22122844,,0,0.000057,35,0.000007,0,2,2,0,2,2
21785601,,0,0.000015,35,0.000007,0,1,1,0,1,1
21696617,,0,0.000016,35,0.000007,0,2,2,0,2,2
21656753,,0,0.000015,35,0.000007,0,1,1,0,1,1
21109721,,0,0.000015,35,0.000007,0,1,1,0,1,1
21104327,,0,0.000015,35,0.000007,0,1,1,0,1,1
20936151,,0,0.000015,35,0.000007,0,1,1,0,1,1
20811531,,0,0.000015,35,0.000007,0,1,1,0,1,1
18577991,,0,0.000015,35,0.000007,0,1,1,0,1,1
16736370,,0,0.000015,35,0.000007,0,1,1,0,1,1
15770521,,0.005651,0,35,0.000096,38,0,38,38,0,38
26826118,,0,0.000972,35,0.000007,0,4,4,0,4,4
20558579,,0,0.000108,35,0.000007,0,1,1,0,1,1
15772983,,0.000354,0,168,0.000043,8,0,8,8,0,8
26658611,,0,0.000012,168,0.000007,0,3,3,0,3,3
18953405,,0,0.000018,168,0.000007,0,2,2,0,2,2
28884042,,0,0.000004,35,0.000007,0,4,4,0,4,4
28168305,,0,0.000003,87,0.000007,0,1,1,0,1,1
27637333,,0,0.000003,87,0.000007,0,1,1,0,1,1
27549311,,0,0.000003,87,0.000007,0,1,1,0,1,1
27470213,,0,0.000003,87,0.000007,0,1,1,0,1,1
27283761,,0,0.000009,232,0.000007,0,2,2,0,2,2
26853469,,0,0.000003,87,0.000007,0,1,1,0,1,1
26534766,,0,0.000003,87,0.000007,0,1,1,0,1,1
26412380,,0,0.000003,87,0.000007,0,1,1,0,1,1
26179215,,0,0.000003,87,0.000007,0,1,1,0,1,1
25668009,,0,0.000003,87,0.000007,0,1,1,0,1,1
25267645,,0,0.000003,87,0.000007,0,1,1,0,1,1
25043302,,0,0.000003,87,0.000007,0,1,1,0,1,1
24675893,,0,0.000003,87,0.000007,0,1,1,0,1,1
23915189,,0,0.000003,87,0.000007,0,1,1,0,1,1
23839046,,0,0.000003,87,0.000007,0,1,1,0,1,1
23555186,,0,0.007439,87,0.000007,0,2,2,0,2,2
23375502,,0,0.000003,87,0.000007,0,1,1,0,1,1
23100252,,0,0.000003,87,0.000007,0,1,1,0,1,1
22688425,,0,0.000003,87,0.000007,0,1,1,0,1,1
22354970,,0,0.000003,87,0.000007,0,1,1,0,1,1
21737676,,0,0.000003,87,0.000007,0,1,1,0,1,1
21196225,,0,0.000003,87,0.000007,0,1,1,0,1,1
21062982,,0,0.000003,87,0.000007,0,1,1,0,1,1
20844082,,0,0.000003,87,0.000007,0,1,1,0,1,1
20696840,,0,0.000003,87,0.000007,0,1,1,0,1,1
20363318,,0,0.000003,87,0.000007,0,1,1,0,1,1
19890091,,0,0.000003,87,0.000007,0,1,1,0,1,1
19716854,,0,0.000003,87,0.000007,0,1,1,0,1,1
19406145,,0,0.000003,87,0.000007,0,1,1,0,1,1
19317621,,0,0.000003,87,0.000007,0,1,1,0,1,1
18636537,,0,0.000003,87,0.000007,0,1,1,0,1,1
18583959,,0,0.000068,57,0.000007,0,2,2,0,2,2
18393939,,0,0.000003,87,0.000007,0,1,1,0,1,1
18385949,,0,0.000003,87,0.000007,0,1,1,0,1,1
18334025,,0,0.000003,87,0.000007,0,1,1,0,1,1
18245482,,0,0.000003,87,0.000007,0,1,1,0,1,1
18079179,,0,0.000003,87,0.000007,0,1,1,0,1,1
17962807,,0,0.000003,87,0.000007,0,1,1,0,1,1
17728102,,0,0.000003,87,0.000007,0,1,1,0,1,1
17498291,,0,0.000003,87,0.000007,0,1,1,0,1,1
16957780,,0,0.000003,87,0.000007,0,1,1,0,1,1
16630341,,0,0.000003,87,0.000007,0,1,1,0,1,1
16391533,,0,0.000003,87,0.000007,0,1,1,0,1,1
16382138,,0,0.000003,87,0.000007,0,1,1,0,1,1
15777502,,0.00014,0,89,0.000007,1,0,1,1,0,1
15777733,,0.000734,0,279,0.000013,5,0,5,5,0,5
26937173,,0,0,176,0.000007,0,1,1,0,1,1
15780200,,0,0,176,0.000028,4,0,4,4,0,4
24523904,,0,0,176,0.000007,0,1,1,0,1,1
19500428,,0,0,176,0.000007,0,1,1,0,1,1
30207107,,0,0.00007,2,0.000007,0,3,3,0,3,3
15781624,,0.00051,0,2,0.000113,28,0,28,28,0,28
29372079,,0,0.000032,2,0.000007,0,5,5,0,5,5
27857184,,0,0.00001,2,0.000007,0,1,1,0,1,1
27462421,,0,0.000023,2,0.000007,0,2,2,0,2,2
27447563,,0,0.000394,2,0.000007,0,2,2,0,2,2
27401463,,0,0.00001,2,0.000007,0,1,1,0,1,1
24291816,,0,0.00001,2,0.000007,0,1,1,0,1,1
23818951,,0,0.00001,2,0.000007,0,1,1,0,1,1
22475481,,0,0.00001,2,0.000007,0,1,1,0,1,1
22253826,,0,0.000173,35,0.000007,0,2,2,0,2,2
21489289,,0,0.000042,2,0.000007,0,4,4,0,4,4
20127856,,0,0.00001,2,0.000007,0,1,1,0,1,1
20008927,,0,0.00001,2,0.000007,0,1,1,0,1,1
19443708,,0,0.00001,2,0.000007,0,1,1,0,1,1
18339803,,0,0.00001,2,0.000007,0,1,1,0,1,1
30451831,,0,0.000007,87,0.000007,0,1,1,0,1,1
15781639,,0.000385,0,87,0.000336,71,0,71,71,0,71
30425966,,0,0.000007,87,0.000007,0,1,1,0,1,1
29719592,,0,0.000007,87,0.000007,0,1,1,0,1,1
29199261,,0,0.000008,87,0.000007,0,2,2,0,2,2
28849151,,0,0.000007,87,0.000007,0,1,1,0,1,1
28182633,,0,0.000007,87,0.000007,0,1,1,0,1,1
28108510,,0,0.000045,87,0.000007,0,2,2,0,2,2
28105146,,0,0.000008,87,0.000007,0,2,2,0,2,2
26622733,,0,0.000007,87,0.000007,0,1,1,0,1,1
26579496,,0,0.000008,87,0.000007,0,2,2,0,2,2
26030901,,0,0.000007,87,0.000007,0,1,1,0,1,1
25414259,,0,0.000007,87,0.000007,0,1,1,0,1,1
25211658,,0,0.000007,87,0.000007,0,1,1,0,1,1
25111671,,0,0.000007,87,0.000007,0,1,1,0,1,1
25053427,,0,0.000007,87,0.000007,0,1,1,0,1,1
24742492,,0,0.000209,90,0.000007,0,4,4,0,4,4
24681822,,0,0.000007,87,0.000007,0,1,1,0,1,1
24470334,,0,0.000007,87,0.000007,0,1,1,0,1,1
24130849,,0,0.000007,87,0.000007,0,1,1,0,1,1
23420876,,0,0.000007,87,0.000007,0,1,1,0,1,1
23388722,,0,0.000007,87,0.000007,0,1,1,0,1,1
23341776,,0,0.000007,87,0.000007,0,1,1,0,1,1
23020925,,0,0.000007,87,0.000007,0,1,1,0,1,1
22847733,,0,0.000007,87,0.000007,0,1,1,0,1,1
22622430,,0,0.000007,87,0.000007,0,1,1,0,1,1
22167192,,0,0.000007,87,0.000007,0,1,1,0,1,1
22164283,,0,0.000007,87,0.000007,0,1,1,0,1,1
22046555,,0,0.000007,87,0.000007,0,1,1,0,1,1
22039763,,0,0.000007,87,0.000007,0,1,1,0,1,1
22002537,,0,0.000007,87,0.000007,0,1,1,0,1,1
21746881,,0,0.000007,87,0.000007,0,1,1,0,1,1
21673604,,0,0.000007,87,0.000007,0,1,1,0,1,1
21646373,,0,0.000007,87,0.000007,0,1,1,0,1,1
21615965,,0,0.000007,87,0.000007,0,1,1,0,1,1
20656791,,0,0.000007,87,0.000007,0,1,1,0,1,1
20439467,,0,0.000007,87,0.000007,0,1,1,0,1,1
20174581,,0,0.000007,87,0.000007,0,1,1,0,1,1
19642975,,0,0.000007,87,0.000007,0,1,1,0,1,1
19269967,,0,0.000007,87,0.000007,0,1,1,0,1,1
19118010,,0,0.000007,87,0.000007,0,1,1,0,1,1
17470557,,0,0.000007,87,0.000007,0,1,1,0,1,1
17380306,,0,0.000007,87,0.000007,0,1,1,0,1,1
17182868,,0,0.000007,87,0.000007,0,1,1,0,1,1
17064679,,0,0.000007,87,0.000007,0,1,1,0,1,1
17000761,,0,0.000007,87,0.000007,0,1,1,0,1,1
16965267,,0,0.000007,87,0.000007,0,1,1,0,1,1
16162175,,0,0.000007,87,0.000007,0,1,1,0,1,1
29479529,,0,0.000013,100,0.000007,0,1,1,0,1,1
15782130,,0.00066,0,100,0.000056,19,0,19,19,0,19
28771594,,0,0.000013,100,0.000007,0,1,1,0,1,1
23449453,,0,0.000013,100,0.000007,0,1,1,0,1,1
30046203,,0,0.00003,231,0.000007,0,1,1,0,1,1
15784178,,0.001586,0,231,0.000358,85,0,85,85,0,85
29089469,,0,0.00003,231,0.000007,0,1,1,0,1,1
29084518,,0,0.00003,231,0.000007,0,1,1,0,1,1
29072404,,0,0.000052,231,0.000007,0,3,3,0,3,3
28376727,,0,0.00003,231,0.000007,0,1,1,0,1,1
28240743,,0,0.00003,231,0.000007,0,1,1,0,1,1
27860246,,0,0.00003,231,0.000007,0,2,2,0,2,2
27743905,,0,0.00003,231,0.000007,0,1,1,0,1,1
26884927,,0,0.00003,231,0.000007,0,1,1,0,1,1
26798627,,0,0.00003,231,0.000007,0,1,1,0,1,1
26640152,,0,0.006255,100,0.000007,0,21,21,0,21,21
26516324,,0,0.00003,231,0.000007,0,1,1,0,1,1
26498491,,0,0.000038,231,0.000007,0,2,2,0,2,2
26462242,,0,0.000032,89,0.000007,0,2,2,0,2,2
26335605,,0.000001,0.000394,231,0.000118,19,2,21,19,2,21
25783644,,0,0.000087,89,0.000007,0,6,6,0,6,6
25625120,,0,0.00003,231,0.000007,0,1,1,0,1,1
25481308,,0,0.000042,35,0.000007,0,3,3,0,3,3
25478862,,0,0.00003,231,0.000007,0,1,1,0,1,1
25416100,,0,0.000069,41,0.000007,0,4,4,0,4,4
25359301,,0,0.00003,231,0.000007,0,1,1,0,1,1
25060700,,0,0.00003,231,0.000007,0,1,1,0,1,1
25042052,,0,0.00003,231,0.000007,0,1,1,0,1,1
24665149,,0,0.000081,35,0.000007,0,2,2,0,2,2
24131889,,0,0.00003,231,0.000007,0,1,1,0,1,1
23776089,,0,0.000306,100,0.000007,0,2,2,0,2,2
23443115,,0,0.000044,231,0.000007,0,3,3,0,3,3
22678115,,0,0.000038,231,0.000007,0,2,2,0,2,2
22669576,,0,0.00003,231,0.000007,0,1,1,0,1,1
22220212,,0,0.00003,231,0.000007,0,1,1,0,1,1
21517111,,0,0.00003,231,0.000007,0,1,1,0,1,1
21049072,,0,0.00003,231,0.000007,0,1,1,0,1,1
20842668,,0,0.00003,231,0.000007,0,1,1,0,1,1
20485455,,0,0.00003,231,0.000007,0,1,1,0,1,1
20453351,,0,0.00003,231,0.000007,0,1,1,0,1,1
20100960,,0,0.00003,231,0.000007,0,1,1,0,1,1
19997605,,0,0.00003,231,0.000007,0,1,1,0,1,1
19804596,,0,0.000036,89,0.000007,0,2,2,0,2,2
19572732,,0,0.00003,231,0.000007,0,1,1,0,1,1
19431211,,0,0.00003,231,0.000007,0,1,1,0,1,1
19029399,,0,0.00003,231,0.000007,0,1,1,0,1,1
18990752,,0,0.00003,231,0.000007,0,1,1,0,1,1
18978809,,0,0.00003,231,0.000007,0,1,1,0,1,1
18955142,,0,0.00003,231,0.000007,0,1,1,0,1,1
18496612,,0,0.00003,231,0.000007,0,1,1,0,1,1
18454848,,0,0.00003,231,0.000007,0,1,1,0,1,1
17700572,,0,0.00003,231,0.000007,0,1,1,0,1,1
16762689,,0,0.00003,231,0.000007,0,1,1,0,1,1
15784679,,0.000212,0,66,0.000119,25,0,25,25,0,25
26695443,,0,0.00001,66,0.000007,0,2,2,0,2,2
25870277,,0,0.000004,66,0.000007,0,1,1,0,1,1
24821075,,0,0.000004,66,0.000007,0,1,1,0,1,1
24787290,,0,0.000004,66,0.000007,0,1,1,0,1,1
24069560,,0,0.000004,66,0.000007,0,1,1,0,1,1
24069557,,0,0.000004,66,0.000007,0,1,1,0,1,1
24058771,,0,0.000004,66,0.000007,0,1,1,0,1,1
23585528,,0,0.000004,66,0.000007,0,1,1,0,1,1
23520493,,0,0.000471,66,0.000007,0,2,2,0,2,2
22641158,,0,0.000016,66,0.000007,0,2,2,0,2,2
22013119,,0,0.000004,66,0.000007,0,1,1,0,1,1
21595984,,0,0.000004,66,0.000007,0,1,1,0,1,1
20804538,,0,0.000004,66,0.000007,0,1,1,0,1,1
20516069,,0,0.000509,66,0.000007,0,2,2,0,2,2
19503789,,0,0.000004,66,0.000007,0,1,1,0,1,1
19450559,,0,0.000004,66,0.000007,0,1,1,0,1,1
18941537,,0,0.000004,66,0.000007,0,1,1,0,1,1
18417454,,0,0.000004,66,0.000007,0,1,1,0,1,1
18378670,,0,0.000004,66,0.000007,0,1,1,0,1,1
24551762,,0,0.000002,41,0.000007,0,1,1,0,1,1
15784691,,0.000101,0,41,0.000015,3,0,3,3,0,3
29433521,,0,0.000078,5,0.000007,0,3,3,0,3,3
29246147,,0,0.001394,5,0.000007,0,11,11,0,11,11
26590592,,0,0.000056,5,0.000007,0,3,3,0,3,3
25410893,,0,0.000024,5,0.000007,0,1,1,0,1,1
25050348,,0,0.000078,5,0.000007,0,3,3,0,3,3
24885316,,0,0.000136,5,0.000007,0,5,5,0,5,5
24506336,,0,0.000366,5,0.000007,0,5,5,0,5,5
24002367,,0,0.000056,5,0.000007,0,2,2,0,2,2
23942200,,0,0.000024,5,0.000007,0,2,2,0,2,2
23771953,,0,0.000073,5,0.000007,0,2,2,0,2,2
22698141,,0,0.000024,5,0.000007,0,1,1,0,1,1
21886501,,0,0.000024,5,0.000007,0,1,1,0,1,1
21770772,,0,0.000024,5,0.000007,0,1,1,0,1,1
21637104,,0,0.000106,5,0.000007,0,5,5,0,5,5
21311998,,0,0.000024,5,0.000007,0,1,1,0,1,1
21097566,,0,0.000048,5,0.000007,0,4,4,0,4,4
19643018,,0,0.000024,5,0.000007,0,1,1,0,1,1
18584467,,0,0.000024,5,0.000007,0,1,1,0,1,1
15784831,,0.000959,0,5,0.000013,6,0,6,6,0,6
15784832,,0.000005,0,89,0.000041,7,0,7,7,0,7
29124525,,0,0,89,0.000007,0,1,1,0,1,1
28785532,,0,0,89,0.000007,0,1,1,0,1,1
26564077,,0,0,89,0.000007,0,1,1,0,1,1
26089630,,0,0,89,0.000007,0,1,1,0,1,1
24817816,,0,0,89,0.000007,0,1,1,0,1,1
15785095,,0.000132,0,279,0.000014,3,0,3,3,0,3
23420099,,0,0.000003,279,0.000007,0,1,1,0,1,1
15790432,,0.000219,0,241,0.00001,3,0,3,3,0,3
22159506,,0,0.000427,241,0.000007,0,4,4,0,4,4
15792855,,0.000093,0,100,0.000007,1,0,1,1,0,1
29338080,,0.000093,0.018556,1,0.000008,2,10,12,2,10,12
15796958,,0.001801,0,205,0.00004,23,0,23,23,0,23
22895395,,0,0.000107,205,0.000007,0,5,5,0,5,5
30298320,,0,0.000005,89,0.000007,0,2,2,0,2,2
25948676,,0,0.000012,89,0.000007,0,3,3,0,3,3
23205077,,0,0.00001,89,0.000007,0,2,2,0,2,2
22007238,,0,0.00001,89,0.000013,1,2,3,1,2,3
21734883,,0,0.000087,89,0.000007,0,3,3,0,3,3
15799620,,0.002,0,41,0.000021,13,0,13,13,0,13
15800311,,0.001319,0,140,0.000015,10,0,10,10,0,10
30026836,,0,0.007512,35,0.000007,0,3,3,0,3,3
15802279,,0.000585,0,35,0.000045,13,0,13,13,0,13
25786580,,0,0.000011,35,0.000007,0,1,1,0,1,1
25304031,,0,0.000011,35,0.000007,0,1,1,0,1,1
23967095,,0,0.000011,35,0.000007,0,1,1,0,1,1
20932174,,0,0.001956,1,0.000007,0,8,8,0,8,8
17148774,,0,0.000011,35,0.000007,0,1,1,0,1,1
30157958,,0,0.000047,100,0.000007,0,2,2,0,2,2
29729664,,0,0.000099,100,0.000007,0,4,4,0,4,4
29163849,,0,0.000253,100,0.000007,0,3,3,0,3,3
29020724,,0,0.000031,100,0.000007,0,1,1,0,1,1
28669490,,0,0.000031,90,0.000007,0,2,2,0,2,2
28588253,,0,0.000175,100,0.000007,0,3,3,0,3,3
28558048,,0,0.000031,100,0.000007,0,1,1,0,1,1
26527748,,0,0.000047,100,0.000007,0,2,2,0,2,2
26208482,,0,0.000503,100,0.000007,0,5,5,0,5,5
25769101,,0,0.000047,100,0.000007,0,2,2,0,2,2
24658332,,0,0.000031,100,0.000007,0,1,1,0,1,1
23966156,,0,0.000521,100,0.000007,0,7,7,0,7,7
23208721,,0,0.000031,100,0.000007,0,1,1,0,1,1
21980133,,0,0.000031,100,0.000007,0,1,1,0,1,1
21559449,,0,0.000047,100,0.000007,0,2,2,0,2,2
21241278,,0,0.000031,100,0.000007,0,1,1,0,1,1
18305219,,0,0.000031,100,0.000007,0,1,1,0,1,1
17502456,,0,0.000031,100,0.000007,0,1,1,0,1,1
17375936,,0,0.000031,100,0.000007,0,1,1,0,1,1
16728695,,0,0.000031,100,0.000007,0,1,1,0,1,1
29616133,,0,0.00004,140,0.000007,0,4,4,0,4,4
15805151,,0.000005,0,140,0.00001,2,0,2,2,0,2
28874130,,0,0.000197,140,0.000007,0,4,4,0,4,4
15809716,,0.002624,0,24,0.000021,13,0,13,13,0,13
28615236,,0,0.000156,24,0.000007,0,4,4,0,4,4
29483954,,0,0,35,0.000007,0,1,1,0,1,1
15809747,,0.000009,0,35,0.000047,8,0,8,8,0,8
28496948,,0,0,35,0.000007,0,1,1,0,1,1
25232396,,0,0,35,0.000007,0,1,1,0,1,1
24649117,,0,0.000005,35,0.000007,0,2,2,0,2,2
19654105,,0,0,35,0.000007,0,1,1,0,1,1
18752634,,0,0,35,0.000007,0,1,1,0,1,1
18363908,,0,0,35,0.000007,0,1,1,0,1,1
26485712,,0.000461,0.000703,100,0.000032,8,8,16,8,8,16
15811849,,0.002577,0,100,0.000043,17,0,17,17,0,17
23093589,,0,0.000049,100,0.000007,0,1,1,0,1,1
18230186,,0,0.000049,100,0.000007,0,1,1,0,1,1
17005707,,0,0.000049,100,0.000007,0,1,1,0,1,1
27390128,,0,0,90,0.000007,0,1,1,0,1,1
15816544,,0.000006,0,90,0.000014,2,0,2,2,0,2
24765210,,0.000142,0.0003,90,0.00002,4,12,16,4,12,16
29495465,,0,0.000932,100,0.000007,0,8,8,0,8,8
15816840,,0.000093,0,57,0.000086,20,0,20,20,0,20
27633574,,0,0.000002,57,0.000007,0,1,1,0,1,1
26887045,,0,0.000002,57,0.000007,0,1,1,0,1,1
26023713,,0,0.000012,41,0.000007,0,2,2,0,2,2
26006237,,0,0.000003,57,0.000007,0,2,2,0,2,2
25537504,,0,0.000002,57,0.000007,0,1,1,0,1,1
25407517,,0,0.000002,57,0.000007,0,1,1,0,1,1
24309508,,0,0.000002,57,0.000007,0,1,1,0,1,1
20157507,,0,0.000002,57,0.000007,0,1,1,0,1,1
19580510,,0,0.000002,57,0.000007,0,1,1,0,1,1
17597816,,0,0.000002,57,0.000007,0,1,1,0,1,1
17145805,,0,0.000002,57,0.000007,0,1,1,0,1,1
30301273,,0,0.000008,35,0.000007,0,3,3,0,3,3
15822191,,0.000331,0,279,0.000521,106,0,106,106,0,106
29988590,,0,0.000006,279,0.000007,0,1,1,0,1,1
29891227,,0,0.000006,279,0.000007,0,1,1,0,1,1
29634949,,0,0.000006,279,0.000007,0,1,1,0,1,1
29546986,,0,0.000006,279,0.000007,0,1,1,0,1,1
29472906,,0,0.000006,279,0.000007,0,1,1,0,1,1
29401683,,0,0.000093,279,0.000007,0,2,2,0,2,2
29329300,,0,0.000006,279,0.000007,0,1,1,0,1,1
28790919,,0,0.000006,279,0.000007,0,1,1,0,1,1
28624296,,0,0.000006,279,0.000007,0,1,1,0,1,1
28418867,,0,0.000007,279,0.000007,0,2,2,0,2,2
28392709,,0,0.000006,279,0.000007,0,1,1,0,1,1
27764816,,0,0.000006,279,0.000007,0,1,1,0,1,1
27698904,,0,0.000006,279,0.000007,0,1,1,0,1,1
27694442,,0,0.000008,35,0.000007,0,2,2,0,2,2
27098512,,0,0.000918,100,0.000007,0,4,4,0,4,4
27035209,,0,0.000006,279,0.000007,0,1,1,0,1,1
27002730,,0,0.000006,279,0.000007,0,1,1,0,1,1
26925829,,0,0.000007,279,0.000007,0,2,2,0,2,2
26811658,,0,0.000011,279,0.000007,0,2,2,0,2,2
26463459,,0,0.000006,279,0.000007,0,1,1,0,1,1
26430583,,0,0.000006,279,0.000007,0,1,1,0,1,1
26075750,,0,0.000006,279,0.000007,0,1,1,0,1,1
25646075,,0,0.000006,279,0.000007,0,1,1,0,1,1
25349592,,0,0.000006,279,0.000007,0,1,1,0,1,1
25304425,,0,0.000064,279,0.000007,0,2,2,0,2,2
25103624,,0,0.000006,279,0.000007,0,1,1,0,1,1
24905787,,0,0.000006,279,0.000007,0,1,1,0,1,1
24662924,,0,0.000033,57,0.000007,0,2,2,0,2,2
24607238,,0.000001,0.000006,279,0.000044,8,2,10,8,2,10
24422464,,0,0.000006,279,0.000007,0,1,1,0,1,1
23995786,,0,0.000006,279,0.000007,0,1,1,0,1,1
23764768,,0,0.000006,279,0.000007,0,1,1,0,1,1
23598467,,0,0.000014,35,0.000007,0,2,2,0,2,2
23585573,,0,0.000115,279,0.000007,0,6,6,0,6,6
23544149,,0,0.000006,279,0.000007,0,1,1,0,1,1
23468990,,0,0.000006,279,0.000007,0,1,1,0,1,1
23467485,,0,0.000006,279,0.000007,0,1,1,0,1,1
23443545,,0,0.000006,279,0.000007,0,1,1,0,1,1
23381944,,0,0.000006,279,0.000007,0,1,1,0,1,1
22852529,,0,0.000006,279,0.000007,0,1,1,0,1,1
22836898,,0,0.000025,90,0.000007,0,2,2,0,2,2
22645611,,0,0.000006,279,0.000007,0,1,1,0,1,1
22332092,,0,0.000006,241,0.000007,0,2,2,0,2,2
22332089,,0,0.000006,279,0.000007,0,1,1,0,1,1
22300642,,0,0.000006,279,0.000007,0,1,1,0,1,1
22207360,,0,0.000029,279,0.000007,0,3,3,0,3,3
21772852,,0,0.000006,279,0.000007,0,1,1,0,1,1
21765856,,0,0.000006,241,0.000007,0,2,2,0,2,2
21596753,,0,0.000006,279,0.000007,0,1,1,0,1,1
21547118,,0,0.000006,279,0.000007,0,1,1,0,1,1
21059708,,0,0.000006,279,0.000007,0,1,1,0,1,1
20881938,,0,0.000006,279,0.000007,0,1,1,0,1,1
20868484,,0,0.000024,24,0.000007,0,2,2,0,2,2
20815920,,0,0.000006,279,0.000007,0,1,1,0,1,1
20629990,,0,0.000006,279,0.000007,0,1,1,0,1,1
20592467,,0,0.000006,279,0.000007,0,1,1,0,1,1
20492726,,0,0.000006,279,0.000007,0,1,1,0,1,1
20056826,,0,0.000006,279,0.000007,0,1,1,0,1,1
19279184,,0,0.000006,279,0.000007,0,1,1,0,1,1
18990230,,0,0.000006,279,0.000007,0,1,1,0,1,1
18826564,,0,0.000006,279,0.000007,0,1,1,0,1,1
18676812,,0,0.000006,279,0.000007,0,1,1,0,1,1
18590053,,0,0.000006,279,0.000007,0,1,1,0,1,1
18430198,,0,0.000006,279,0.000007,0,1,1,0,1,1
18414412,,0,0.000006,279,0.000007,0,1,1,0,1,1
18369407,,0,0.000006,279,0.000007,0,1,1,0,1,1
18344521,,0,0.000006,279,0.000007,0,1,1,0,1,1
18226066,,0,0.000006,279,0.000007,0,1,1,0,1,1
17878930,,0,0.000011,279,0.000007,0,2,2,0,2,2
17760828,,0,0.000006,279,0.000007,0,1,1,0,1,1
17638084,,0,0.000006,279,0.000007,0,1,1,0,1,1
17535427,,0,0.000006,279,0.000007,0,1,1,0,1,1
17317097,,0,0.000006,279,0.000007,0,1,1,0,1,1
17221334,,0,0.000006,279,0.000007,0,1,1,0,1,1
16786000,,0,0.000006,279,0.000007,0,1,1,0,1,1
16760426,,0,0.000006,279,0.000007,0,1,1,0,1,1
16740699,,0,0.000006,279,0.000007,0,1,1,0,1,1
16705169,,0,0.000006,279,0.000007,0,1,1,0,1,1
16648282,,0,0.000006,279,0.000007,0,1,1,0,1,1
16489347,,0,0.000006,279,0.000007,0,1,1,0,1,1
16436651,,0,0.000006,279,0.000007,0,1,1,0,1,1
16404435,,0,0.000006,279,0.000007,0,1,1,0,1,1
16354592,,0,0.000006,279,0.000007,0,1,1,0,1,1
16314564,,0,0.000006,279,0.000007,0,1,1,0,1,1
27894085,,0,0.000005,279,0.000007,0,1,1,0,1,1
15824145,,0.000261,0,279,0.00005,13,0,13,13,0,13
21647677,,0,0.00001,279,0.000007,0,2,2,0,2,2
20426865,,0,0.000005,279,0.000007,0,1,1,0,1,1
17188427,,0,0.000005,279,0.000007,0,1,1,0,1,1
16563162,,0,0.000005,279,0.000007,0,1,1,0,1,1
16287870,,0,0.000005,279,0.000007,0,1,1,0,1,1
15824179,,0.00275,0,5,0.000027,28,0,28,28,0,28
30360961,,0,0.00016,5,0.000007,0,5,5,0,5,5
15827311,,0.004362,0,5,0.000191,113,0,113,113,0,113
30193136,,0,0.000209,5,0.000007,0,4,4,0,4,4
29486991,,0,0.001525,5,0.000007,0,14,14,0,14,14
29208398,,0,0.000184,205,0.000007,0,6,6,0,6,6
29205311,,0,0.000083,5,0.000007,0,1,1,0,1,1
29197036,,0,0.000278,5,0.000007,0,14,14,0,14,14
28815107,,0,0.000085,5,0.000007,0,2,2,0,2,2
28755064,,0,0.000218,5,0.000007,0,6,6,0,6,6
28705151,,0,0.000083,5,0.000007,0,1,1,0,1,1
28627138,,0.000035,0.000217,5,0.000008,2,14,16,2,14,16
28611039,,0,0.000085,5,0.000007,0,2,2,0,2,2
28289853,,0,0.000221,5,0.000007,0,11,11,0,11,11
27503959,,0,0.00081,5,0.000007,0,8,8,0,8,8
27279725,,0,0.000146,5,0.000007,0,4,4,0,4,4
26186621,,0,0.000083,5,0.000007,0,1,1,0,1,1
26175193,,0,0.00132,5,0.000007,0,6,6,0,6,6
25705576,,0,0.000223,5,0.000007,0,3,3,0,3,3
25590978,,0,0.000083,5,0.000007,0,1,1,0,1,1
25585323,,0,0.000207,5,0.000007,0,2,2,0,2,2
25555816,,0,0.000156,5,0.000007,0,4,4,0,4,4
25313897,,0,0.000083,5,0.000007,0,1,1,0,1,1
24409196,,0,0.000169,5,0.000007,0,4,4,0,4,4
24000888,,0,0.000083,5,0.000007,0,1,1,0,1,1
23206237,,0,0.000083,5,0.000007,0,1,1,0,1,1
22095352,,0,0.000236,5,0.000007,0,3,3,0,3,3
20299772,,0,0.000083,5,0.000007,0,1,1,0,1,1
19606049,,0,0.000083,5,0.000007,0,1,1,0,1,1
17722671,,0,0.000221,5,0.000007,0,3,3,0,3,3
17565670,,0,0.000083,5,0.000007,0,1,1,0,1,1
17077392,,0,0.000083,5,0.000007,0,1,1,0,1,1
16595789,,0,0.000083,5,0.000007,0,1,1,0,1,1
16532976,,0,0.000083,5,0.000007,0,1,1,0,1,1
29664915,,0,0.00015,140,0.000007,0,2,2,0,2,2
15829246,,0.000683,0,140,0.000016,6,0,6,6,0,6
29438996,,0,0.000083,100,0.000007,0,2,2,0,2,2
15829507,,0.001331,0,100,0.000259,65,0,65,65,0,65
28847828,,0,0.000177,100,0.000007,0,5,5,0,5,5
28232778,,0,0.000029,5,0.000007,0,2,2,0,2,2
28197913,,0,0.000025,100,0.000007,0,1,1,0,1,1
28104289,,0,0.000084,100,0.000007,0,3,3,0,3,3
27664093,,0,0.000025,100,0.000007,0,1,1,0,1,1
27657136,,0,0.000028,184,0.000007,0,3,3,0,3,3
27602047,,0,0.000375,100,0.000007,0,4,4,0,4,4
27373152,,0,0.000025,100,0.000007,0,1,1,0,1,1
27298337,,0,0.000025,100,0.000007,0,1,1,0,1,1
27242895,,0,0.00011,100,0.000007,0,2,2,0,2,2
27238185,,0,0.000025,100,0.000007,0,1,1,0,1,1
27230136,,0,0.000025,100,0.000007,0,1,1,0,1,1
26502056,,0,0.000083,100,0.000007,0,2,2,0,2,2
26154679,,0,0.000025,100,0.000007,0,1,1,0,1,1
25778614,,0,0.000305,100,0.000007,0,3,3,0,3,3
25755297,,0,0.000248,100,0.000007,0,2,2,0,2,2
25588990,,0,0.000025,100,0.000007,0,1,1,0,1,1
25564610,,0,0.000025,100,0.000007,0,1,1,0,1,1
25119658,,0,0.000025,100,0.000007,0,1,1,0,1,1
24970142,,0,0.000401,100,0.000007,0,3,3,0,3,3
23708797,,0,0.003212,100,0.000007,0,7,7,0,7,7
23555963,,0,0.000025,100,0.000007,0,1,1,0,1,1
23197296,,0,0.000782,100,0.000007,0,3,3,0,3,3
23115286,,0,0.000025,100,0.000007,0,1,1,0,1,1
22888405,,0,0.000081,100,0.000007,0,2,2,0,2,2
22576878,,0,0.000025,100,0.000007,0,1,1,0,1,1
22563370,,0,0.000025,100,0.000007,0,1,1,0,1,1
21957283,,0,0.000025,100,0.000007,0,1,1,0,1,1
21454548,,0,0.000025,100,0.000007,0,1,1,0,1,1
21321608,,0,0.000025,100,0.000007,0,1,1,0,1,1
20936166,,0,0.000025,100,0.000007,0,1,1,0,1,1
20516210,,0,0.000025,100,0.000007,0,1,1,0,1,1
19949442,,0,0.000025,100,0.000007,0,1,1,0,1,1
19906698,,0,0.000025,100,0.000007,0,1,1,0,1,1
19416967,,0,0.000025,100,0.000007,0,1,1,0,1,1
19233742,,0,0.000025,100,0.000007,0,1,1,0,1,1
19158389,,0,0.000025,100,0.000007,0,1,1,0,1,1
19158388,,0,0.000622,100,0.000007,0,3,3,0,3,3
18926708,,0,0.000025,100,0.000007,0,1,1,0,1,1
18708356,,0,0.000025,100,0.000007,0,1,1,0,1,1
18353955,,0,0.000025,100,0.000007,0,1,1,0,1,1
18006573,,0,0.000025,100,0.000007,0,1,1,0,1,1
17762865,,0,0.000025,100,0.000007,0,1,1,0,1,1
17209013,,0,0.000025,100,0.000007,0,1,1,0,1,1
15829967,,0.462857,0,1,0.004514,1342,0,1342,1342,0,1342
30410680,,0,0.016499,1,0.000007,0,6,6,0,6,6
30356649,,0,0.015486,1,0.000007,0,2,2,0,2,2
30274183,,0,0.010428,1,0.000007,0,5,5,0,5,5
30272286,,0,0.012257,1,0.000007,0,16,16,0,16,16
30230653,,0,0.016144,1,0.000007,0,21,21,0,21,21
30228868,,0,0.008826,1,0.000007,0,1,1,0,1,1
30208168,,0,0.009291,1,0.000007,0,6,6,0,6,6
30201072,,0,0.008826,1,0.000007,0,1,1,0,1,1
30198004,,0,0.016069,1,0.000007,0,4,4,0,4,4
30181359,,0,0.011149,1,0.000007,0,7,7,0,7,7
30157956,,0,0.009584,1,0.000007,0,3,3,0,3,3
30137196,,0,0.018831,1,0.000007,0,6,6,0,6,6
30135717,,0,0.020396,1,0.000007,0,18,18,0,18,18
30127642,,0,0.019117,1,0.000007,0,15,15,0,15,15
30108055,,0,0.013798,100,0.000007,0,17,17,0,17,17
30101194,,0,0.008826,1,0.000007,0,1,1,0,1,1
30100909,,0,0.009144,1,0.000007,0,2,2,0,2,2
30051098,,0,0.015471,1,0.000007,0,14,14,0,14,14
30032296,,0,0.018577,1,0.000007,0,12,12,0,12,12
30032250,,0,0.0155,1,0.000007,0,3,3,0,3,3
30022119,,0.000392,0.010741,100,0.000011,5,11,16,5,11,16
30006631,,0,0.009477,1,0.000007,0,4,4,0,4,4
30002377,,0,0.008925,100,0.000007,0,3,3,0,3,3
29998112,,0,0.00909,1,0.000007,0,3,3,0,3,3
29992957,,0,0.014998,1,0.000007,0,12,12,0,12,12
29983321,,0,0.00883,1,0.000007,0,2,2,0,2,2
29942664,,0,0.013271,1,0.000007,0,8,8,0,8,8
29915391,,0,0.009349,1,0.000007,0,5,5,0,5,5
29914204,,0,0.009484,1,0.000007,0,3,3,0,3,3
29906251,,0,0.018419,1,0.000007,0,7,7,0,7,7
29888758,,0,0.009582,1,0.000007,0,4,4,0,4,4
29872700,,0,0.021502,1,0.000007,0,5,5,0,5,5
29856625,,0,0.021442,1,0.000007,0,13,13,0,13,13
29855504,,0,0.008836,1,0.000007,0,3,3,0,3,3
29844495,,0,0.010319,100,0.000007,0,4,4,0,4,4
29796165,,0,0.009024,1,0.000007,0,3,3,0,3,3
29725535,,0,0.022292,1,0.000007,0,13,13,0,13,13
29721165,,0,0.008826,1,0.000007,0,1,1,0,1,1
29715575,,0,0.022595,1,0.000007,0,10,10,0,10,10
29697047,,0,0.01308,1,0.000007,0,10,10,0,10,10
29693178,,0,0.00914,1,0.000007,0,6,6,0,6,6
29689640,,0,0.012242,1,0.000007,0,2,2,0,2,2
29684820,,0,0.0126,1,0.000007,0,7,7,0,7,7
29670811,,0,0.020084,1,0.000007,0,12,12,0,12,12
29670134,,0,0.010093,1,0.000007,0,3,3,0,3,3
29669295,,0,0.024795,1,0.000007,0,13,13,0,13,13
29664016,,0,0.013416,1,0.000007,0,8,8,0,8,8
29661172,,0,0.008826,1,0.000007,0,1,1,0,1,1
29649003,,0,0.011368,1,0.000007,0,8,8,0,8,8
29636547,,0,0.015714,1,0.000007,0,3,3,0,3,3
29595348,,0,0.025007,1,0.000007,0,25,25,0,25,25
29593098,,0,0.022377,1,0.000007,0,12,12,0,12,12
29592880,,0,0.019338,1,0.000007,0,6,6,0,6,6
29579325,,0,0.014635,1,0.000007,0,7,7,0,7,7
29552282,,0,0.009032,176,0.000007,0,2,2,0,2,2
29535912,,0,0.012154,1,0.000007,0,12,12,0,12,12
29535829,,0,0.01275,1,0.000013,1,7,8,1,7,8
29533782,,0.000014,0.022409,1,0.000023,5,16,21,5,16,21
29511347,,0,0.009495,1,0.000007,0,6,6,0,6,6
29509546,,0,0.015622,1,0.000007,0,21,21,0,21,21
29505425,,0,0.009466,1,0.000007,0,5,5,0,5,5
29500400,,0,0.019317,1,0.000007,0,6,6,0,6,6
29499836,,0,0.012601,1,0.000007,0,6,6,0,6,6
29495429,,0,0.008826,1,0.000007,0,1,1,0,1,1
29479816,,0,0.026008,1,0.000007,0,12,12,0,12,12
29447131,,0,0.009194,1,0.000007,0,3,3,0,3,3
29430503,,0,0.01403,1,0.000007,0,5,5,0,5,5
29423060,,0,0.016372,87,0.000007,0,4,4,0,4,4
29420337,,0,0.010004,1,0.000007,0,3,3,0,3,3
29405820,,0,0.013639,1,0.000007,0,6,6,0,6,6
29404385,,0,0.010464,1,0.000007,0,4,4,0,4,4
29386107,,0,0.011939,1,0.000007,0,5,5,0,5,5
29383145,,0,0.016837,1,0.000007,0,3,3,0,3,3
29348827,,0,0.009198,69,0.000007,0,2,2,0,2,2
29330466,,0,0.010387,1,0.000007,0,6,6,0,6,6
29283387,,0,0.008894,35,0.000007,0,2,2,0,2,2
29262651,,0.000009,0.020486,1,0.000008,1,13,14,1,13,14
29262611,,0,0.018694,1,0.000013,1,9,10,1,9,10
29251726,,0,0.009934,1,0.000007,0,3,3,0,3,3
29232168,,0,0.008831,1,0.000007,0,2,2,0,2,2
29229826,,0,0.008838,1,0.000007,0,2,2,0,2,2
29228626,,0,0.009042,24,0.000007,0,4,4,0,4,4
29221462,,0,0.008826,1,0.000007,0,1,1,0,1,1
29221109,,0,0.008868,57,0.000007,0,2,2,0,2,2
29214031,,0,0.017675,1,0.000007,0,21,21,0,21,21
29212245,,0,0.022472,1,0.000007,0,22,22,0,22,22
29209046,,0,0.008952,24,0.000007,0,3,3,0,3,3
29190394,,0,0.011808,100,0.000007,0,10,10,0,10,10
29166620,,0,0.016267,1,0.000007,0,7,7,0,7,7
29152107,,0,0.008826,1,0.000007,0,1,1,0,1,1
29138572,,0,0.061167,1,0.000007,0,53,53,0,53,53
29123260,,0,0.009142,1,0.000007,0,4,4,0,4,4
29121337,,0,0.009318,1,0.000007,0,3,3,0,3,3
29108297,,0.000234,0.02147,1,0.000007,1,25,26,1,25,26
29104272,,0,0.015343,1,0.000007,0,8,8,0,8,8
29101114,,0,0.009144,1,0.000007,0,2,2,0,2,2
29093183,,0,0.015486,1,0.000007,0,2,2,0,2,2
29090014,,0,0.016911,1,0.000007,0,6,6,0,6,6
29089060,,0,0.009209,1,0.000007,0,4,4,0,4,4
29075104,,0,0.027018,1,0.000007,0,13,13,0,13,13
29045554,,0.002458,0.012368,1,0.000012,8,6,14,8,6,14
29037806,,0,0.034398,1,0.000007,0,36,36,0,36,36
28991194,,0,0.022706,1,0.000007,0,18,18,0,18,18
28988802,,0,0.008853,1,0.000007,0,2,2,0,2,2
28981112,,0,0.011736,1,0.000007,0,4,4,0,4,4
28973445,,0,0.011508,100,0.000007,0,6,6,0,6,6
28945226,,0.000048,0.022881,1,0.000008,2,16,18,2,16,18
28931623,,0,0.009399,1,0.000007,0,3,3,0,3,3
28925391,,0,0.014019,1,0.000007,0,15,15,0,15,15
28919706,,0,0.009249,1,0.000007,0,3,3,0,3,3
28886696,,0,0.024883,1,0.000007,0,12,12,0,12,12
28886273,,0,0.019966,1,0.000007,0,6,6,0,6,6
28871275,,0,0.018819,1,0.000007,0,6,6,0,6,6
28851861,,0,0.011153,1,0.000007,0,6,6,0,6,6
28829765,,0,0.010044,1,0.000007,0,2,2,0,2,2
28829366,,0,0.041113,1,0.000007,0,32,32,0,32,32
28820388,,0,0.010808,1,0.000007,0,5,5,0,5,5
28801308,,0,0.008991,1,0.000007,0,2,2,0,2,2
28790837,,0,0.025863,1,0.000007,0,19,19,0,19,19
28751718,,0,0.01278,1,0.000007,0,5,5,0,5,5
28747513,,0.002269,0.030728,1,0.000013,8,24,32,8,24,32
28741503,,0,0.024219,1,0.000007,0,14,14,0,14,14
28736631,,0,0.021857,1,0.000007,0,8,8,0,8,8
28700943,,0,0.008826,1,0.000007,0,1,1,0,1,1
28698806,,0,0.009489,1,0.000007,0,6,6,0,6,6
28689661,,0,0.010494,1,0.000007,0,6,6,0,6,6
28687616,,0,0.012022,1,0.000007,0,11,11,0,11,11
28678836,,0,0.01663,1,0.000007,0,6,6,0,6,6
28619759,,0,0.023162,1,0.000007,0,15,15,0,15,15
28615517,,0,0.008906,1,0.000007,0,2,2,0,2,2
28574821,,0,0.009237,1,0.000007,0,3,3,0,3,3
28573914,,0,0.020087,1,0.000007,0,14,14,0,14,14
28561042,,0,0.011248,1,0.000007,0,2,2,0,2,2
28534535,,0,0.008826,1,0.000007,0,1,1,0,1,1
28526069,,0,0.008846,24,0.000007,0,2,2,0,2,2
28521333,,0.001159,0.026748,1,0.000019,7,38,45,7,38,45
28500233,,0,0.019354,1,0.000007,0,14,14,0,14,14
28491146,,0.00028,0.045117,1,0.000009,3,30,33,3,30,33
28478283,,0,0.009492,1,0.000007,0,2,2,0,2,2
28454085,,0,0.031969,1,0.000007,0,14,14,0,14,14
28450426,,0,0.01081,1,0.000007,0,7,7,0,7,7
28430591,,0,0.018222,1,0.000007,0,5,5,0,5,5
28425754,,0,0.011092,1,0.000007,0,7,7,0,7,7
28423600,,0,0.008826,1,0.000007,0,1,1,0,1,1
28419178,,0,0.016796,1,0.000007,0,6,6,0,6,6
28415784,,0,0.008857,1,0.000007,0,2,2,0,2,2
28414320,,0,0.008826,1,0.000007,0,1,1,0,1,1
28377996,,0,0.008826,1,0.000007,0,1,1,0,1,1
28368389,,0,0.011734,1,0.000007,0,4,4,0,4,4
28350129,,0,0.013581,1,0.000007,0,7,7,0,7,7
28334900,,0,0.02357,1,0.000007,0,7,7,0,7,7
28325851,,0,0.00937,1,0.000007,0,6,6,0,6,6
28291774,,0,0.034765,1,0.000007,0,21,21,0,21,21
28248920,,0,0.009698,1,0.000007,0,3,3,0,3,3
28242752,,0.006645,0.020096,1,0.000019,15,8,23,15,8,23
28242626,,0.003387,0.034848,1,0.000018,15,35,50,15,35,50
28241136,,0.0009,0.012037,100,0.000035,14,8,22,14,8,22
28213892,,0,0.020057,1,0.000007,0,21,21,0,21,21
28213517,,0,0.011138,100,0.000007,0,5,5,0,5,5
28210138,,0,0.016654,1,0.000007,0,3,3,0,3,3
28209915,,0,0.00884,1,0.000007,0,2,2,0,2,2
28202539,,0,0.017055,1,0.000007,0,7,7,0,7,7
28202508,,0,0.009371,1,0.000007,0,2,2,0,2,2
28182994,,0,0.019852,1,0.000007,0,9,9,0,9,9
28167679,,0,0.009712,100,0.000007,0,3,3,0,3,3
28166537,,0,0.010432,1,0.000007,0,3,3,0,3,3
28162770,,0,0.00885,140,0.000007,0,2,2,0,2,2
28146604,,0,0.009177,1,0.000007,0,4,4,0,4,4
28117679,,0,0.026919,1,0.000007,0,15,15,0,15,15
28097822,,0,0.012965,1,0.000007,0,6,6,0,6,6
28097235,,0.000997,0.018712,1,0.000018,5,8,13,5,8,13
28092360,,0,0.008826,1,0.000007,0,1,1,0,1,1
28069876,,0.000043,0.025784,1,0.000024,5,8,13,5,8,13
28003334,,0,0.008832,100,0.000007,0,2,2,0,2,2
27978994,,0,0.008826,1,0.000007,0,1,1,0,1,1
27960087,,0,0.010273,1,0.000007,0,3,3,0,3,3
27913567,,0,0.015486,1,0.000007,0,2,2,0,2,2
27866910,,0,0.012045,1,0.000007,0,6,6,0,6,6
27820601,,0,0.009224,1,0.000007,0,2,2,0,2,2
27801830,,0,0.009508,35,0.000007,0,6,6,0,6,6
27799799,,0,0.019399,1,0.000007,0,12,12,0,12,12
27764811,,0,0.008826,1,0.000007,0,1,1,0,1,1
27742842,,0,0.0102,1,0.000007,0,7,7,0,7,7
27739325,,0.001925,0.026718,1,0.000015,5,16,21,5,16,21
27732956,,0,0.009067,24,0.000007,0,2,2,0,2,2
27729194,,0,0.016851,1,0.000007,0,5,5,0,5,5
27728808,,0,0.01049,1,0.000007,0,6,6,0,6,6
27708213,,0,0.018006,1,0.000007,0,12,12,0,12,12
27705909,,0,0.009816,1,0.000007,0,3,3,0,3,3
27692705,,0,0.009849,1,0.000007,0,3,3,0,3,3
27689875,,0,0.01027,1,0.000007,0,4,4,0,4,4
27663600,,0,0.02444,1,0.000007,0,12,12,0,12,12
27657134,,0,0.009575,1,0.000007,0,6,6,0,6,6
27655641,,0,0.009357,1,0.000007,0,5,5,0,5,5
27635653,,0,0.009665,1,0.000007,0,4,4,0,4,4
27604276,,0,0.017302,1,0.000007,0,6,6,0,6,6
27595477,,0,0.012053,1,0.000007,0,8,8,0,8,8
27588595,,0.000016,0.012728,1,0.000016,2,5,7,2,5,7
27572108,,0,0.015486,1,0.000007,0,2,2,0,2,2
27570553,,0,0.015765,1,0.000007,0,4,4,0,4,4
27557507,,0,0.018429,1,0.000007,0,7,7,0,7,7
27551064,,0,0.008837,69,0.000007,0,2,2,0,2,2
27551000,,0,0.023118,1,0.000007,0,9,9,0,9,9
27550810,,0,0.008826,1,0.000007,0,1,1,0,1,1
27550454,,0.000003,0.012522,100,0.000015,2,10,12,2,10,12
27548226,,0,0.029838,1,0.000007,0,19,19,0,19,19
27532209,,0,0.008826,1,0.000007,0,1,1,0,1,1
27503200,,0,0.022403,1,0.000007,0,7,7,0,7,7
27498558,,0,0.022373,100,0.000007,0,11,11,0,11,11
27495988,,0,0.010917,1,0.000007,0,3,3,0,3,3
27495967,,0,0.009828,1,0.000007,0,2,2,0,2,2
27486774,,0,0.01041,100,0.000007,0,14,14,0,14,14
27480353,,0,0.008826,1,0.000007,0,1,1,0,1,1
27474173,,0,0.02299,1,0.000007,0,18,18,0,18,18
27466394,,0,0.008826,1,0.000007,0,1,1,0,1,1
27466387,,0,0.009107,1,0.000007,0,2,2,0,2,2
27463838,,0,0.008851,1,0.000007,0,2,2,0,2,2
27447966,,0,0.010051,1,0.000007,0,5,5,0,5,5
27443740,,0.011339,0.012683,100,0.000152,80,10,90,80,10,90
27440991,,0,0.008826,1,0.000007,0,1,1,0,1,1
27437145,,0,0.010628,1,0.000007,0,8,8,0,8,8
27426307,,0,0.028806,1,0.000007,0,12,12,0,12,12
27415012,,0,0.022221,1,0.000007,0,14,14,0,14,14
27401886,,0.000186,0.031691,1,0.000028,11,32,43,11,32,43
27373144,,0,0.015855,1,0.000007,0,4,4,0,4,4
27372738,,0,0.016308,1,0.000007,0,3,3,0,3,3
27363485,,0,0.008826,1,0.000007,0,1,1,0,1,1
27350784,,0,0.009122,1,0.000007,0,2,2,0,2,2
27308383,,0,0.010166,100,0.000007,0,11,11,0,11,11
27285752,,0.000217,0.016137,35,0.000046,11,5,16,11,5,16
27262441,,0,0.008826,1,0.000007,0,1,1,0,1,1
27261505,,0,0.017019,1,0.000007,0,12,12,0,12,12
27207564,,0,0.008911,1,0.000007,0,2,2,0,2,2
27199954,,0,0.009656,100,0.000007,0,7,7,0,7,7
27196668,,0.00049,0.01109,1,0.000022,6,8,14,6,8,14
27149849,,0,0.019091,1,0.000007,0,6,6,0,6,6
27146558,,0,0.008941,1,0.000007,0,2,2,0,2,2
27145275,,0,0.009208,1,0.000007,0,3,3,0,3,3
27141386,,0,0.008826,1,0.000007,0,1,1,0,1,1
27141062,,0.000949,0.041153,1,0.000015,4,16,20,4,16,20
27110282,,0,0.031201,1,0.000007,0,15,15,0,15,15
27071093,,0.000986,0.024553,69,0.000042,18,11,29,18,11,29
27067599,,0,0.008826,1,0.000007,0,1,1,0,1,1
27064001,,0,0.009508,1,0.000007,0,3,3,0,3,3
27055253,,0,0.010413,1,0.000007,0,4,4,0,4,4
27055050,,0,0.008826,1,0.000007,0,1,1,0,1,1
27044000,,0,0.008826,1,0.000007,0,1,1,0,1,1
27042088,,0,0.013314,1,0.000007,0,4,4,0,4,4
27022824,,0,0.028072,1,0.000007,0,14,14,0,14,14
27016231,,0,0.029039,1,0.000007,0,12,12,0,12,12
27002934,,0.013944,0.038848,1,0.000018,23,13,36,23,13,36
26996385,,0,0.010943,1,0.000007,0,9,9,0,9,9
26959114,,0,0.014318,1,0.000007,0,13,13,0,13,13
26958638,,0,0.015545,1,0.000007,0,3,3,0,3,3
26958493,,0,0.00883,24,0.000007,0,2,2,0,2,2
26942084,,0,0.01085,1,0.000007,0,8,8,0,8,8
26927829,,0,0.016985,1,0.000007,0,5,5,0,5,5
26909613,,0,0.011989,1,0.000007,0,6,6,0,6,6
26907257,,0,0.013,1,0.000007,0,6,6,0,6,6
26896565,,0,0.025066,1,0.000007,0,23,23,0,23,23
26889146,,0,0.008826,1,0.000007,0,1,1,0,1,1
26848527,,0.000274,0.015492,1,0.000007,1,3,4,1,3,4
26799421,,0.001336,0.00955,1,0.000018,7,7,14,7,7,14
26786262,,0,0.025495,1,0.000007,0,6,6,0,6,6
26778300,,0.000712,0.013794,1,0.000019,5,18,23,5,18,23
26745694,,0.002431,0.028072,1,0.000009,4,11,15,4,11,15
26726318,,0,0.010734,100,0.000007,0,11,11,0,11,11
26710976,,0,0.008826,1,0.000007,0,1,1,0,1,1
26684013,,0,0.012921,100,0.000007,0,9,9,0,9,9
26675546,,0,0.016873,1,0.000007,0,6,6,0,6,6
26675349,,0,0.01551,1,0.000007,0,3,3,0,3,3
26673700,,0,0.010072,1,0.000007,0,4,4,0,4,4
26669450,,0.001179,0.044086,1,0.000015,6,16,22,6,16,22
26659699,,0,0.008826,1,0.000007,0,1,1,0,1,1
26650448,,0.000173,0.012493,1,0.000008,1,7,8,1,7,8
26627871,,0,0.023129,1,0.000007,0,7,7,0,7,7
26626479,,0,0.012116,1,0.000007,0,5,5,0,5,5
26602815,,0,0.008826,1,0.000007,0,1,1,0,1,1
26579514,,0,0.010284,1,0.000007,0,3,3,0,3,3
26578561,,0,0.011618,1,0.000007,0,5,5,0,5,5
26563462,,0,0.018165,1,0.000007,0,4,4,0,4,4
26543375,,0,0.015486,1,0.000007,0,2,2,0,2,2
26540566,,0,0.023105,1,0.000007,0,9,9,0,9,9
26539646,,0,0.010805,1,0.000007,0,6,6,0,6,6
26531810,,0,0.010044,1,0.000007,0,2,2,0,2,2
26528434,,0,0.02955,1,0.000007,0,16,16,0,16,16
26513298,,0,0.026743,1,0.000007,0,13,13,0,13,13
26505995,,0.000975,0.025352,1,0.000034,10,11,21,10,11,21
26483957,,0,0.021965,1,0.000007,0,15,15,0,15,15
26478723,,0,0.008826,1,0.000007,0,1,1,0,1,1
26447876,,0.001906,0.032477,1,0.000013,6,13,19,6,13,19
26439531,,0,0.009101,100,0.000007,0,2,2,0,2,2
26437586,,0,0.010798,100,0.000007,0,12,12,0,12,12
26427375,,0,0.017982,1,0.000007,0,9,9,0,9,9
26374986,,0.00094,0.022292,1,0.000108,26,6,32,26,6,32
26369335,,0,0.018923,1,0.000007,0,7,7,0,7,7
26339143,,0,0.009463,1,0.000007,0,3,3,0,3,3
26312527,,0.001183,0.023271,1,0.000042,10,14,24,10,14,24
26287259,,0,0.011547,100,0.000007,0,6,6,0,6,6
26204249,,0,0.015486,1,0.000007,0,2,2,0,2,2
26180927,,0.002695,0.027514,1,0.000011,7,13,20,7,13,20
26138335,,0.009717,0.013692,1,0.000068,34,12,46,34,12,46
26118927,,0,0.015786,1,0.000007,0,3,3,0,3,3
26110069,,0,0.008864,1,0.000007,0,2,2,0,2,2
26091341,,0,0.03084,1,0.000007,0,16,16,0,16,16
26091339,,0,0.008951,1,0.000007,0,2,2,0,2,2
26069190,,0,0.009517,1,0.000007,0,3,3,0,3,3
26056084,,0,0.009446,1,0.000007,0,4,4,0,4,4
26041102,,0,0.010394,1,0.000007,0,7,7,0,7,7
26040571,,0,0.012361,1,0.000007,0,4,4,0,4,4
26031834,,0,0.008826,1,0.000007,0,1,1,0,1,1
26029013,,0,0.012935,1,0.000007,0,6,6,0,6,6
26028667,,0,0.008826,1,0.000007,0,1,1,0,1,1
26004085,,0,0.008826,1,0.000007,0,1,1,0,1,1
25995442,,0,0.038139,1,0.000007,0,13,13,0,13,13
25965342,,0,0.011826,1,0.000007,0,9,9,0,9,9
25927440,,0,0.008826,1,0.000007,0,1,1,0,1,1
25906155,,0,0.015692,1,0.000007,0,3,3,0,3,3
25888415,,0,0.02708,1,0.000007,0,15,15,0,15,15
25883215,,0.001219,0.020915,1,0.000012,5,13,18,5,13,18
25878361,,0,0.009218,1,0.000007,0,2,2,0,2,2
25865228,,0.000001,0.01051,1,0.000037,7,6,13,7,6,13
25855536,,0,0.008826,1,0.000007,0,1,1,0,1,1
25833211,,0,0.022542,1,0.000007,0,7,7,0,7,7
25818403,,0.030142,0.031961,1,0.000058,54,18,72,54,18,72
25813046,,0,0.008826,1,0.000007,0,1,1,0,1,1
25799992,,0.020312,0.013528,100,0.00019,103,9,112,103,9,112
25770156,,0.002138,0.020491,1,0.000065,19,14,33,19,14,33
25758781,,0,0.008924,231,0.000007,0,7,7,0,7,7
25736266,,0,0.017363,1,0.000007,0,7,7,0,7,7
25733714,,0,0.009362,100,0.000007,0,4,4,0,4,4
25685067,,0.000791,0.019643,1,0.000014,3,7,10,3,7,10
25627134,,0,0.014818,1,0.000007,0,6,6,0,6,6
25621047,,0,0.017199,1,0.000007,0,14,14,0,14,14
25593184,,0,0.008826,1,0.000007,0,1,1,0,1,1
25576921,,0,0.019788,1,0.000007,0,7,7,0,7,7
25535335,,0,0.009444,1,0.000007,0,3,3,0,3,3
25528020,,0.00166,0.016116,1,0.000038,16,14,30,16,14,30
25526472,,0,0.015755,1,0.000007,0,3,3,0,3,3
25500058,,0,0.012078,1,0.000007,0,4,4,0,4,4
25485588,,0.000336,0.009658,90,0.000019,8,22,30,8,22,30
25483052,,0,0.009241,100,0.000007,0,4,4,0,4,4
25471275,,0,0.008826,1,0.000007,0,1,1,0,1,1
25437539,,0,0.017256,1,0.000007,0,5,5,0,5,5
25422355,,0,0.015486,1,0.000007,0,2,2,0,2,2
25377255,,0,0.009191,1,0.000007,0,6,6,0,6,6
25366685,,0.085186,0.030791,1,0.000512,238,13,251,238,13,251
25355929,,0,0.011393,1,0.000007,0,4,4,0,4,4
25336961,,0,0.008847,1,0.000007,0,2,2,0,2,2
25302077,,0,0.012729,1,0.000007,0,4,4,0,4,4
25296970,,0,0.008853,89,0.000007,0,2,2,0,2,2
25275444,,0,0.008916,100,0.000007,0,2,2,0,2,2
25263539,,0,0.018707,1,0.000007,0,15,15,0,15,15
25221646,,0,0.017184,1,0.000007,0,6,6,0,6,6
25218906,,0.040824,0.040268,1,0.000118,85,14,99,85,14,99
25199834,,0,0.013253,1,0.000007,0,5,5,0,5,5
25144364,,0.001872,0.021459,1,0.000018,8,7,15,8,7,15
25139258,,0,0.011667,1,0.000007,0,5,5,0,5,5
25131201,,0.001345,0.010422,100,0.000203,58,5,63,58,5,63
25124282,,0,0.028316,1,0.000007,0,12,12,0,12,12
25113059,,0,0.015486,1,0.000007,0,2,2,0,2,2
25113031,,0,0.012624,1,0.000007,0,3,3,0,3,3
25103497,,0.002353,0.027053,1,0.000039,15,17,32,15,17,32
25100205,,0,0.008826,1,0.000007,0,1,1,0,1,1
25099582,,0,0.012628,100,0.000007,0,8,8,0,8,8
25085081,,0,0.011795,1,0.000007,0,4,4,0,4,4
25074383,,0,0.009818,1,0.000007,0,4,4,0,4,4
25025963,,0.009963,0.030069,1,0.000046,22,9,31,22,9,31
24970154,,0,0.015486,1,0.000007,0,2,2,0,2,2
24965603,,0.000006,0.01695,1,0.00001,1,7,8,1,7,8
24958807,,0,0.016969,1,0.000007,0,5,5,0,5,5
24947187,,0.00019,0.009453,1,0.000021,4,3,7,4,3,7
24922006,,0,0.013061,1,0.000007,0,5,5,0,5,5
24906880,,0,0.009277,1,0.000007,0,4,4,0,4,4
24890338,,0,0.008826,1,0.000007,0,1,1,0,1,1
24880570,,0,0.020292,1,0.000007,0,10,10,0,10,10
24876881,,0,0.017986,1,0.000007,0,4,4,0,4,4
24874429,,0,0.011011,1,0.000007,0,5,5,0,5,5
24866769,,0,0.015859,1,0.000007,0,3,3,0,3,3
24857145,,0,0.015486,1,0.000007,0,2,2,0,2,2
24856239,,0,0.009409,1,0.000007,0,4,4,0,4,4
24842883,,0.025995,0.035967,1,0.000046,53,20,73,53,20,73
24830350,,0,0.010611,1,0.000007,0,6,6,0,6,6
24795010,,0,0.008855,1,0.000007,0,2,2,0,2,2
24794403,,0,0.008826,1,0.000007,0,1,1,0,1,1
24790649,,0,0.026822,1,0.000007,0,19,19,0,19,19
24784564,,0,0.019239,1,0.000007,0,8,8,0,8,8
24770870,,0,0.025879,1,0.000007,0,13,13,0,13,13
24748665,,0,0.009492,1,0.000007,0,2,2,0,2,2
24692592,,0,0.008826,1,0.000007,0,1,1,0,1,1
24684785,,0,0.009827,1,0.000007,0,7,7,0,7,7
24684389,,0,0.009629,1,0.000007,0,4,4,0,4,4
24662920,,0,0.008826,1,0.000007,0,1,1,0,1,1
24650937,,0,0.012969,1,0.000007,0,7,7,0,7,7
24625059,,0,0.021583,1,0.000007,0,13,13,0,13,13
24598253,,0,0.010717,100,0.000007,0,8,8,0,8,8
24593254,,0,0.009077,1,0.000007,0,2,2,0,2,2
24579667,,0,0.013781,1,0.000007,0,7,7,0,7,7
24563619,,0,0.021068,1,0.000007,0,13,13,0,13,13
24556618,,0,0.016867,1,0.000007,0,6,6,0,6,6
24553445,,0.00731,0.026848,1,0.00009,40,11,51,40,11,51
24550033,,0,0.009979,1,0.000007,0,8,8,0,8,8
24522270,,0,0.015661,1,0.000007,0,4,4,0,4,4
24465681,,0,0.008826,1,0.000007,0,1,1,0,1,1
24448423,,0.000206,0.008908,90,0.000027,8,3,11,8,3,11
24439051,,0,0.023033,1,0.000007,0,7,7,0,7,7
24413198,,0,0.009776,1,0.000007,0,2,2,0,2,2
24412474,,0,0.008826,1,0.000007,0,1,1,0,1,1
24392349,,0.004664,0.011211,1,0.000078,29,5,34,29,5,34
24387336,,0,0.015912,1,0.000007,0,8,8,0,8,8
24378760,,0,0.009941,1,0.000007,0,2,2,0,2,2
24377084,,0,0.028813,1,0.000007,0,7,7,0,7,7
24356817,,0,0.011737,1,0.000007,0,4,4,0,4,4
24356813,,0,0.023429,1,0.000007,0,11,11,0,11,11
24350055,,0,0.018208,1,0.000007,0,4,4,0,4,4
24296172,,0,0.009071,1,0.000007,0,2,2,0,2,2
24294592,,0,0.01061,1,0.000007,0,6,6,0,6,6
24289880,,0,0.015691,1,0.000007,0,3,3,0,3,3
24252502,,0.006138,0.02537,1,0.000059,29,12,41,29,12,41
24240700,,0.01569,0.02768,1,0.000071,53,11,64,53,11,64
24216290,,0,0.009551,48,0.000007,0,5,5,0,5,5
24213112,,0,0.008826,1,0.000007,0,1,1,0,1,1
24200853,,0,0.01921,1,0.000007,0,8,8,0,8,8
24150935,,0,0.009388,1,0.000007,0,2,2,0,2,2
24121277,,0,0.01041,1,0.000007,0,3,3,0,3,3
24108124,,0,0.01557,1,0.000007,0,3,3,0,3,3
24104479,,0,0.008829,24,0.000007,0,2,2,0,2,2
24082340,,0,0.012486,1,0.000007,0,3,3,0,3,3
24036544,,0,0.00931,1,0.000007,0,3,3,0,3,3
24019998,,0,0.009113,1,0.000007,0,2,2,0,2,2
23967291,,0,0.008826,1,0.000007,0,1,1,0,1,1
23901781,,0,0.008826,1,0.000007,0,1,1,0,1,1
23883586,,0,0.010543,1,0.000007,0,5,5,0,5,5
23842644,,0,0.009827,100,0.000007,0,8,8,0,8,8
23834463,,0,0.01083,1,0.000007,0,5,5,0,5,5
23826198,,0,0.008826,1,0.000007,0,1,1,0,1,1
23810467,,0,0.028681,1,0.000007,0,9,9,0,9,9
23785295,,0,0.017908,1,0.000007,0,3,3,0,3,3
23782415,,0,0.008826,1,0.000007,0,1,1,0,1,1
23781231,,0,0.010878,100,0.000007,0,9,9,0,9,9
23775119,,0,0.008833,184,0.000007,0,2,2,0,2,2
23761435,,0,0.010465,1,0.000007,0,3,3,0,3,3
23715267,,0,0.008826,1,0.000007,0,1,1,0,1,1
23708066,,0,0.017076,1,0.000007,0,9,9,0,9,9
23684799,,0,0.011509,1,0.000007,0,6,6,0,6,6
23634208,,0,0.015486,1,0.000007,0,2,2,0,2,2
23633219,,0,0.008826,1,0.000007,0,1,1,0,1,1
23593019,,0,0.008826,1,0.000007,0,1,1,0,1,1
23591868,,0,0.009331,1,0.000007,0,2,2,0,2,2
23539594,,0,0.009559,1,0.000007,0,5,5,0,5,5
23450678,,0,0.019243,1,0.000007,0,19,19,0,19,19
23443543,,0,0.008826,1,0.000007,0,1,1,0,1,1
23434907,,0,0.008826,1,0.000007,0,1,1,0,1,1
23410129,,0,0.009159,1,0.000007,0,2,2,0,2,2
23390603,,0,0.009219,1,0.000007,0,2,2,0,2,2
23386910,,0,0.021833,1,0.000007,0,8,8,0,8,8
23381004,,0,0.027882,1,0.000007,0,9,9,0,9,9
23377543,,0,0.019978,100,0.000007,0,9,9,0,9,9
23345425,,0,0.010262,100,0.000007,0,3,3,0,3,3
23333305,,0,0.01117,1,0.000007,0,3,3,0,3,3
23319376,,0,0.00885,69,0.000007,0,3,3,0,3,3
23284306,,0,0.011248,1,0.000007,0,2,2,0,2,2
23255103,,0,0.009508,1,0.000007,0,5,5,0,5,5
23254695,,0,0.016582,1,0.000007,0,4,4,0,4,4
23205119,,0,0.009474,1,0.000007,0,4,4,0,4,4
23118055,,0,0.019665,1,0.000007,0,7,7,0,7,7
23093618,,0,0.011248,1,0.000007,0,2,2,0,2,2
23071261,,0.002779,0.026751,100,0.000102,39,12,51,39,12,51
23054213,,0.002805,0.023586,1,0.00002,9,12,21,9,12,21
22987487,,0,0.024598,1,0.000007,0,10,10,0,10,10
22983061,,0.013912,0.022732,1,0.000071,47,17,64,47,17,64
22981675,,0,0.015868,1,0.000007,0,3,3,0,3,3
22955851,,0,0.009052,1,0.000007,0,6,6,0,6,6
22874552,,0,0.008949,100,0.000007,0,4,4,0,4,4
22865098,,0,0.016804,1,0.000007,0,3,3,0,3,3
22858688,,0,0.022922,1,0.000007,0,3,3,0,3,3
22794079,,0,0.008829,134,0.000007,0,2,2,0,2,2
22788932,,0,0.009269,1,0.000007,0,3,3,0,3,3
22788768,,0,0.009003,1,0.000007,0,2,2,0,2,2
22761791,,0,0.009331,1,0.000007,0,2,2,0,2,2
22751154,,0,0.008826,1,0.000007,0,1,1,0,1,1
22749145,,0,0.010044,1,0.000007,0,2,2,0,2,2
22719182,,0,0.015486,1,0.000007,0,2,2,0,2,2
22704491,,0,0.011286,1,0.000007,0,7,7,0,7,7
22683995,,0,0.008826,1,0.000007,0,1,1,0,1,1
22678161,,0,0.015787,1,0.000007,0,11,11,0,11,11
22659199,,0,0.015486,1,0.000007,0,2,2,0,2,2
22655236,,0,0.00896,1,0.000007,0,2,2,0,2,2
22619725,,0,0.009779,1,0.000007,0,4,4,0,4,4
22596349,,0,0.019193,1,0.000007,0,5,5,0,5,5
22585861,,0,0.017643,1,0.000007,0,4,4,0,4,4
22570471,,0,0.008826,1,0.000007,0,1,1,0,1,1
22519567,,0.000328,0.015801,1,0.000011,2,3,5,2,3,5
22500155,,0,0.011506,1,0.000007,0,4,4,0,4,4
22491672,,0,0.015486,1,0.000007,0,2,2,0,2,2
22483810,,0,0.008826,1,0.000007,0,1,1,0,1,1
22480302,,0,0.008841,137,0.000007,0,2,2,0,2,2
22455312,,0,0.008826,1,0.000007,0,1,1,0,1,1
22445068,,0,0.023475,1,0.000007,0,6,6,0,6,6
22422841,,0,0.008826,1,0.000007,0,1,1,0,1,1
22416035,,0.011539,0.026073,1,0.000093,43,9,52,43,9,52
22401667,,0.010781,0.036134,1,0.00008,39,11,50,39,11,50
22391446,,0,0.015819,1,0.000007,0,3,3,0,3,3
22377908,,0.003195,0.011917,1,0.000084,26,8,34,26,8,34
22347187,,0,0.010074,1,0.000007,0,3,3,0,3,3
22321641,,0,0.008845,48,0.000007,0,3,3,0,3,3
22307137,,0,0.008963,57,0.000007,0,2,2,0,2,2
22291137,,0,0.018191,1,0.000007,0,6,6,0,6,6
22287547,,0,0.015819,1,0.000007,0,3,3,0,3,3
22237395,,0,0.009247,1,0.000007,0,3,3,0,3,3
22223166,,0,0.016133,1,0.000007,0,8,8,0,8,8
22222428,,0,0.011446,1,0.000007,0,3,3,0,3,3
22178615,,0,0.008963,57,0.000007,0,2,2,0,2,2
22157079,,0,0.009392,1,0.000007,0,4,4,0,4,4
22120667,,0,0.015486,1,0.000007,0,2,2,0,2,2
22116401,,0,0.015694,1,0.000007,0,3,3,0,3,3
22114931,,0,0.010509,1,0.000007,0,3,3,0,3,3
22107871,,0,0.008826,1,0.000007,0,1,1,0,1,1
22101337,,0.003589,0.012822,1,0.000038,15,5,20,15,5,20
22028822,,0,0.015691,1,0.000007,0,3,3,0,3,3
22024923,,0,0.009283,100,0.000007,0,3,3,0,3,3
22016832,,0,0.008826,1,0.000007,0,1,1,0,1,1
21984977,,0,0.012131,1,0.000007,0,5,5,0,5,5
21968702,,0,0.025863,1,0.000007,0,12,12,0,12,12
21967738,,0,0.01622,1,0.000007,0,7,7,0,7,7
21953712,,0,0.017401,1,0.000007,0,5,5,0,5,5
21949900,,0,0.008826,1,0.000007,0,1,1,0,1,1
21926160,,0,0.011248,1,0.000007,0,2,2,0,2,2
21922195,,0,0.009331,1,0.000007,0,2,2,0,2,2
21843977,,0,0.016821,1,0.000007,0,6,6,0,6,6
21840268,,0,0.018615,1,0.000007,0,5,5,0,5,5
21825006,,0,0.02275,1,0.000007,0,5,5,0,5,5
21821012,,0,0.015997,1,0.000007,0,7,7,0,7,7
21820372,,0,0.008941,205,0.000007,0,2,2,0,2,2
21795476,,0,0.008826,1,0.000007,0,1,1,0,1,1
21782533,,0,0.010668,100,0.000007,0,6,6,0,6,6
21719137,,0,0.015784,1,0.000007,0,4,4,0,4,4
21718592,,0.004971,0.02836,1,0.000057,20,8,28,20,8,28
21716602,,0,0.015486,1,0.000007,0,2,2,0,2,2
21699706,,0,0.017371,1,0.000007,0,8,8,0,8,8
21692479,,0,0.008826,1,0.000007,0,1,1,0,1,1
21659612,,0,0.018195,1,0.000007,0,4,4,0,4,4
21620466,,0,0.012244,1,0.000007,0,3,3,0,3,3
21611088,,0,0.010163,1,0.000007,0,3,3,0,3,3
21571912,,0,0.01196,1,0.000007,0,6,6,0,6,6
21552262,,0,0.008826,1,0.000007,0,1,1,0,1,1
21532888,,0,0.014535,1,0.000007,0,8,8,0,8,8
21455033,,0,0.015749,1,0.000007,0,4,4,0,4,4
21443218,,0,0.008826,1,0.000007,0,1,1,0,1,1
21441914,,0,0.008826,1,0.000007,0,1,1,0,1,1
21391891,,0,0.009265,1,0.000007,0,3,3,0,3,3
21390132,,0,0.008826,1,0.000007,0,1,1,0,1,1
21383502,,0,0.011064,1,0.000007,0,2,2,0,2,2
21377995,,0,0.009216,1,0.000007,0,3,3,0,3,3
21360818,,0,0.016031,1,0.000007,0,3,3,0,3,3
21349997,,0,0.015554,1,0.000007,0,3,3,0,3,3
21317456,,0,0.017009,1,0.000007,0,4,4,0,4,4
21316599,,0,0.019226,1,0.000007,0,4,4,0,4,4
21304509,,0,0.015486,1,0.000007,0,2,2,0,2,2
21300766,,0,0.015486,1,0.000007,0,2,2,0,2,2
21285347,,0,0.010145,1,0.000007,0,2,2,0,2,2
21220316,,0,0.015577,1,0.000007,0,3,3,0,3,3
21208102,,0,0.018902,1,0.000007,0,3,3,0,3,3
21188115,,0,0.017802,1,0.000007,0,4,4,0,4,4
21125682,,0,0.015626,1,0.000007,0,4,4,0,4,4
21124076,,0,0.015486,1,0.000007,0,2,2,0,2,2
21105689,,0,0.015529,1,0.000007,0,3,3,0,3,3
21094158,,0,0.021062,1,0.000007,0,8,8,0,8,8
21068378,,0,0.008826,1,0.000007,0,1,1,0,1,1
21068376,,0,0.008826,1,0.000007,0,1,1,0,1,1
21062821,,0,0.008826,1,0.000007,0,1,1,0,1,1
21052091,,0,0.008826,1,0.000007,0,1,1,0,1,1
20953138,,0,0.015486,1,0.000007,0,2,2,0,2,2
20940411,,0,0.009411,1,0.000007,0,4,4,0,4,4
20924112,,0,0.020519,1,0.000007,0,9,9,0,9,9
20877666,,0,0.015486,1,0.000007,0,2,2,0,2,2
20871615,,0,0.020645,100,0.000007,0,8,8,0,8,8
20832019,,0,0.009353,1,0.000007,0,5,5,0,5,5
20813759,,0,0.009787,1,0.000007,0,3,3,0,3,3
20693977,,0,0.008826,1,0.000007,0,1,1,0,1,1
20678253,,0,0.008826,1,0.000007,0,1,1,0,1,1
20605761,,0,0.008826,1,0.000007,0,1,1,0,1,1
20604711,,0,0.010145,1,0.000007,0,2,2,0,2,2
20603072,,0,0.016386,1,0.000007,0,5,5,0,5,5
20588260,,0,0.008826,1,0.000007,0,1,1,0,1,1
20573551,,0,0.008826,1,0.000007,0,1,1,0,1,1
20556786,,0,0.017843,1,0.000007,0,8,8,0,8,8
20532243,,0,0.015486,1,0.000007,0,2,2,0,2,2
20530711,,0,0.015731,1,0.000007,0,3,3,0,3,3
20530668,,0,0.017009,1,0.000007,0,4,4,0,4,4
20505340,,0,0.008826,1,0.000007,0,1,1,0,1,1
20463003,,0,0.008832,247,0.000007,0,2,2,0,2,2
20457750,,0,0.008826,1,0.000007,0,1,1,0,1,1
20425621,,0,0.015486,1,0.000007,0,2,2,0,2,2
20388712,,0,0.015731,1,0.000007,0,3,3,0,3,3
20385032,,0,0.015486,1,0.000007,0,2,2,0,2,2
20376879,,0.000214,0.017994,176,0.00003,8,5,13,8,5,13
20373286,,0,0.016912,1,0.000007,0,4,4,0,4,4
20227038,,0,0.015486,1,0.000007,0,2,2,0,2,2
20142816,,0,0.008826,1,0.000007,0,1,1,0,1,1
20133863,,0.012609,0.00942,1,0.000174,53,6,59,53,6,59
20130818,,0,0.016991,1,0.000007,0,4,4,0,4,4
20124459,,0.020587,0.020716,1,0.000124,62,8,70,62,8,70
20111741,,0,0.017312,1,0.000007,0,6,6,0,6,6
20069115,,0,0.009533,1,0.000007,0,4,4,0,4,4
20064938,,0,0.009109,1,0.000007,0,2,2,0,2,2
20049735,,0.069143,0.019919,1,0.001362,190,6,196,190,6,196
20049732,,0,0.019226,1,0.000007,0,4,4,0,4,4
19948482,,0,0.008826,1,0.000007,0,1,1,0,1,1
19903065,,0,0.008826,1,0.000007,0,1,1,0,1,1
19883083,,0,0.009067,24,0.000007,0,2,2,0,2,2
19808866,,0,0.012781,1,0.000007,0,4,4,0,4,4
19786574,,0,0.008826,1,0.000007,0,1,1,0,1,1
19782649,,0,0.011248,1,0.000007,0,2,2,0,2,2
19764832,,0,0.008973,232,0.000007,0,4,4,0,4,4
19744307,,0,0.009266,1,0.000007,0,4,4,0,4,4
19740696,,0,0.008826,1,0.000007,0,1,1,0,1,1
19717351,,0,0.008826,1,0.000007,0,1,1,0,1,1
19671736,,0,0.008826,1,0.000007,0,1,1,0,1,1
19629035,,0,0.008826,1,0.000007,0,1,1,0,1,1
19584263,,0,0.008826,1,0.000007,0,1,1,0,1,1
19535820,,0,0.008977,5,0.000007,0,2,2,0,2,2
19407318,,0,0.011563,1,0.000007,0,3,3,0,3,3
19364882,,0,0.008826,1,0.000007,0,1,1,0,1,1
19319136,,0,0.009626,1,0.000007,0,3,3,0,3,3
19269363,,0,0.008826,1,0.000007,0,1,1,0,1,1
19173305,,0,0.012527,1,0.000007,0,6,6,0,6,6
19130459,,0.001025,0.010604,35,0.000062,16,6,22,16,6,22
19047122,,0,0.008826,1,0.000007,0,1,1,0,1,1
18757891,,0,0.008826,1,0.000007,0,1,1,0,1,1
18715143,,0,0.008826,1,0.000007,0,1,1,0,1,1
18574145,,0,0.008826,1,0.000007,0,1,1,0,1,1
18483356,,0,0.011248,1,0.000007,0,2,2,0,2,2
18473726,,0,0.009349,1,0.000007,0,3,3,0,3,3
18451142,,0,0.008826,1,0.000007,0,1,1,0,1,1
18388863,,0.026501,0.011248,1,0.000551,114,2,116,114,2,116
17981087,,0,0.008826,1,0.000007,0,1,1,0,1,1
17913748,,0,0.011336,1,0.000007,0,3,3,0,3,3
17533414,,0,0.008826,1,0.000007,0,1,1,0,1,1
17459151,,0,0.008826,1,0.000007,0,1,1,0,1,1
17292679,,0,0.008826,1,0.000007,0,1,1,0,1,1
17074824,,0,0.008826,1,0.000007,0,1,1,0,1,1
17055654,,0,0.008826,1,0.000007,0,1,1,0,1,1
17046715,,0,0.00897,1,0.000007,0,3,3,0,3,3
17007818,,0,0.00897,1,0.000007,0,3,3,0,3,3
16722614,,0,0.008826,1,0.000007,0,1,1,0,1,1
16498404,,0,0.008826,1,0.000007,0,1,1,0,1,1
16421589,,0,0.008826,1,0.000007,0,1,1,0,1,1
16107709,,0,0.008826,1,0.000007,0,1,1,0,1,1
15832305,,0.002266,0,89,0.000063,34,0,34,34,0,34
27757719,,0,0.018601,100,0.000007,0,23,23,0,23,23
27683438,,0,0.000043,89,0.000007,0,1,1,0,1,1
27663310,,0,0.000083,89,0.000007,0,2,2,0,2,2
25168418,,0,0.00024,89,0.000007,0,2,2,0,2,2
24757565,,0,0.000043,89,0.000007,0,1,1,0,1,1
22666219,,0,0.000043,89,0.000007,0,1,1,0,1,1
19863772,,0,0.000043,89,0.000007,0,1,1,0,1,1
25749548,,0,0,5,0.000007,0,1,1,0,1,1
23669153,,0,0,5,0.000007,0,1,1,0,1,1
23616873,,0,0,5,0.000007,0,1,1,0,1,1
21902773,,0,0,5,0.000007,0,1,1,0,1,1
20135903,,0,0,5,0.000007,0,1,1,0,1,1
15834240,,0.000702,0,5,0.000049,23,0,23,23,0,23
27441706,,0,0.000014,5,0.000007,0,2,2,0,2,2
26896107,,0,0.000013,5,0.000007,0,1,1,0,1,1
24926856,,0,0.000013,5,0.000007,0,1,1,0,1,1
23728042,,0,0.000013,5,0.000007,0,2,2,0,2,2
18790462,,0,0.000013,5,0.000007,0,1,1,0,1,1
15834241,,0.000129,0,5,0.000021,8,0,8,8,0,8
23683372,,0,0.000002,5,0.000007,0,1,1,0,1,1
18479180,,0,0.000008,5,0.000007,0,2,2,0,2,2
29910702,,0,0.000005,35,0.000007,0,1,1,0,1,1
15841079,,0.000273,0,35,0.000097,22,0,22,22,0,22
28652811,,0,0.000005,35,0.000007,0,1,1,0,1,1
28532474,,0,0.000005,35,0.000007,0,1,1,0,1,1
28446533,,0,0.000866,35,0.000007,0,8,8,0,8,8
28436422,,0,0.000377,35,0.000007,0,2,2,0,2,2
28271910,,0,0.000619,35,0.000007,0,2,2,0,2,2
26267891,,0,0.000228,35,0.000007,0,3,3,0,3,3
25435280,,0,0.000005,35,0.000007,0,1,1,0,1,1
23951046,,0,0.000005,35,0.000007,0,1,1,0,1,1
23073759,,0,0.000619,35,0.000007,0,2,2,0,2,2
22584712,,0,0.000005,35,0.000007,0,1,1,0,1,1
22475688,,0,0.000005,35,0.000007,0,1,1,0,1,1
22192147,,0,0.000228,35,0.000007,0,3,3,0,3,3
19811662,,0,0.000005,35,0.000007,0,1,1,0,1,1
19026532,,0,0.000018,35,0.000007,0,2,2,0,2,2
16869771,,0,0.000005,35,0.000007,0,1,1,0,1,1
16280056,,0,0.000005,35,0.000007,0,1,1,0,1,1
15846789,,0.001632,0,89,0.00002,12,0,12,12,0,12
15855157,,0.000014,0,100,0.000014,2,0,2,2,0,2
23227451,,0,0,89,0.000007,0,1,1,0,1,1
15856525,,0,0,89,0.000034,5,0,5,5,0,5
21670145,,0,0,89,0.000007,0,1,1,0,1,1
21607142,,0,0,89,0.000007,0,1,1,0,1,1
18057139,,0,0.000007,89,0.000007,0,2,2,0,2,2
16882534,,0,0,89,0.000007,0,1,1,0,1,1
15857187,,0.000763,0,5,0.000021,16,0,16,16,0,16
15857416,,0.000262,0,5,0.000038,27,0,27,27,0,27
27889901,,0,0.000005,5,0.000007,0,1,1,0,1,1
17405987,,0,0.000026,89,0.000007,0,2,2,0,2,2
15863145,,0.002058,0,5,0.00001,6,0,6,6,0,6
15863147,,0.001989,0,5,0.00003,17,0,17,17,0,17
27356721,,0,0.000038,5,0.000007,0,1,1,0,1,1
15863663,,0.001202,0,89,0.000026,18,0,18,18,0,18
27412241,,0,0.000023,89,0.000007,0,1,1,0,1,1
29670693,,0,0,126,0.000007,0,1,1,0,1,1
15867362,,0,0,126,0.000133,21,0,21,21,0,21
28245605,,0,0,126,0.000007,0,1,1,0,1,1
27307747,,0,0,126,0.000007,0,1,1,0,1,1
27073552,,0,0,126,0.000007,0,1,1,0,1,1
26273420,,0,0,126,0.000007,0,1,1,0,1,1
26229542,,0,0,126,0.000007,0,1,1,0,1,1
26171006,,0,0,126,0.000007,0,1,1,0,1,1
25691904,,0,0,126,0.000007,0,1,1,0,1,1
25263448,,0,0,126,0.000007,0,1,1,0,1,1
24959287,,0,0,126,0.000007,0,1,1,0,1,1
24009732,,0,0,126,0.000007,0,1,1,0,1,1
23724790,,0,0,126,0.000007,0,1,1,0,1,1
23575762,,0,0,126,0.000007,0,1,1,0,1,1
23268747,,0,0,126,0.000007,0,1,1,0,1,1
23013471,,0,0,126,0.000007,0,1,1,0,1,1
22316005,,0,0,126,0.000007,0,1,1,0,1,1
22139054,,0,0,126,0.000007,0,1,1,0,1,1
21978530,,0,0,126,0.000007,0,1,1,0,1,1
20482842,,0,0,126,0.000007,0,1,1,0,1,1
18663006,,0,0,126,0.000007,0,1,1,0,1,1
16547133,,0,0,126,0.000007,0,1,1,0,1,1
30150751,,0,0.000203,279,0.000007,0,2,2,0,2,2
15868446,,0.010645,0,279,0.000137,53,0,53,53,0,53
26235388,,0,0.000329,279,0.000007,0,2,2,0,2,2
23114846,,0,0.000203,279,0.000007,0,1,1,0,1,1
22751126,,0,0.000203,279,0.000007,0,1,1,0,1,1
22228181,,0,0.000203,279,0.000007,0,1,1,0,1,1
15868448,,0.000166,0,89,0.000008,4,0,4,4,0,4
15868454,,0.00027,0,41,0.00002,7,0,7,7,0,7
21296025,,0,0.000038,5,0.000007,0,3,3,0,3,3
20953429,,0,0.000005,41,0.000007,0,1,1,0,1,1
15872055,,0.001847,0,279,0.000032,12,0,12,12,0,12
22493624,,0,0.000149,35,0.000007,0,2,2,0,2,2
15876480,,0.000439,0,89,0.000009,7,0,7,7,0,7
15876585,,0.00015,0,89,0.000008,2,0,2,2,0,2
15878232,,0.000298,0,100,0.000022,5,0,5,5,0,5
15878853,,0.004767,0,100,0.000101,60,0,60,60,0,60
27226550,,0,0.000091,100,0.000007,0,1,1,0,1,1
26637282,,0,0.001515,100,0.000007,0,8,8,0,8,8
23036643,,0,0.000091,100,0.000007,0,1,1,0,1,1
21977309,,0,0.000091,100,0.000007,0,1,1,0,1,1
21682879,,0,0.000091,100,0.000007,0,1,1,0,1,1
20574162,,0,0.00019,100,0.000007,0,4,4,0,4,4
19933257,,0,0.000091,100,0.000007,0,1,1,0,1,1
30091314,,0,0.000028,2,0.000007,0,3,3,0,3,3
15879497,,0.000222,0,2,0.000056,15,0,15,15,0,15
29883022,,0,0.000004,2,0.000007,0,1,1,0,1,1
29352271,,0,0.000004,2,0.000007,0,1,1,0,1,1
26342808,,0,0.000004,2,0.000007,0,1,1,0,1,1
22634755,,0,0.000004,2,0.000007,0,1,1,0,1,1
20509947,,0,0.000004,2,0.000007,0,1,1,0,1,1
18303113,,0,0.000053,2,0.000007,0,2,2,0,2,2
15880530,,0.000307,0,5,0.00003,10,0,10,10,0,10
15880639,,0.000004,0,5,0.000017,3,0,3,3,0,3
21139453,,0,0,5,0.000007,0,1,1,0,1,1
15880680,,0.000522,0,231,0.00003,10,0,10,10,0,10
21543616,,0,0.00001,231,0.000007,0,1,1,0,1,1
20711430,,0,0.00001,231,0.000007,0,1,1,0,1,1
27700540,,0,0.000026,89,0.000007,0,1,1,0,1,1
15883839,,0.001388,0,89,0.000026,11,0,11,11,0,11
25971991,,0,0.000026,89,0.000007,0,1,1,0,1,1
15886201,,0.003486,0,100,0.000107,39,0,39,39,0,39
28102346,,0,0.000116,100,0.000007,0,2,2,0,2,2
28036256,,0,0.000116,100,0.000007,0,2,2,0,2,2
27696486,,0,0.000123,100,0.000007,0,3,3,0,3,3
23340208,,0,0.00013,100,0.000007,0,3,3,0,3,3
22941662,,0,0.000149,100,0.000007,0,3,3,0,3,3
21926083,,0,0.000116,100,0.000007,0,2,2,0,2,2
16772382,,0,0.000116,100,0.000007,0,2,2,0,2,2
15887246,,0.001218,0,89,0.000019,15,0,15,15,0,15
27542972,,0,0.000474,5,0.000007,0,10,10,0,10,10
19322652,,0,0.001012,35,0.000007,0,4,4,0,4,4
28127413,,0,0.003255,89,0.000007,0,38,38,0,38,38
15889636,,0.000919,0,89,0.000009,8,0,8,8,0,8
15893369,,0.001187,0,1,0.000049,15,0,15,15,0,15
27756415,,0,0.000023,1,0.000007,0,1,1,0,1,1
27403076,,0,0.000055,69,0.000007,0,2,2,0,2,2
26404125,,0,0.000023,1,0.000007,0,1,1,0,1,1
24900087,,0,0.000023,1,0.000007,0,1,1,0,1,1
23671748,,0,0.000023,1,0.000007,0,1,1,0,1,1
23346313,,0,0.000023,1,0.000007,0,1,1,0,1,1
19436295,,0,0.000023,1,0.000007,0,2,2,0,2,2
30383802,,0,0,127,0.000007,0,1,1,0,1,1
15894195,,0,0,127,0.000103,16,0,16,16,0,16
30151659,,0,0,127,0.000007,0,1,1,0,1,1
29568943,,0,0,127,0.000007,0,1,1,0,1,1
28975014,,0,0,127,0.000007,0,1,1,0,1,1
28580386,,0,0,127,0.000007,0,1,1,0,1,1
27754926,,0,0,127,0.000007,0,1,1,0,1,1
26959385,,0,0,127,0.000007,0,1,1,0,1,1
26568273,,0,0,127,0.000007,0,1,1,0,1,1
25837965,,0,0,127,0.000007,0,1,1,0,1,1
25376485,,0,0,127,0.000007,0,1,1,0,1,1
23269126,,0,0,127,0.000007,0,1,1,0,1,1
21410963,,0,0,127,0.000007,0,1,1,0,1,1
21165602,,0,0,127,0.000007,0,1,1,0,1,1
20040233,,0,0,127,0.000007,0,1,1,0,1,1
19536390,,0,0,127,0.000007,0,1,1,0,1,1
18078019,,0,0,127,0.000007,0,1,1,0,1,1
21847699,,0,0.00001,5,0.000007,0,3,3,0,3,3
15894656,,0.000255,0,5,0.000024,7,0,7,7,0,7
15894690,,0.000994,0,41,0.000045,11,0,11,11,0,11
22359458,,0,0.000019,41,0.000007,0,1,1,0,1,1
21847681,,0,0.000019,41,0.000007,0,1,1,0,1,1
19267564,,0,0.000019,41,0.000007,0,1,1,0,1,1
29656586,,0,0.000026,24,0.000007,0,3,3,0,3,3
15897246,,0.000379,0,24,0.000111,23,0,23,23,0,23
28127894,,0,0.000007,24,0.000007,0,1,1,0,1,1
27902465,,0,0.000007,24,0.000007,0,1,1,0,1,1
26856934,,0,0.000007,24,0.000007,0,1,1,0,1,1
25083991,,0,0.000133,24,0.000007,0,2,2,0,2,2
24277455,,0,0.000007,24,0.000007,0,1,1,0,1,1
23826416,,0,0.000007,24,0.000007,0,1,1,0,1,1
23253485,,0,0.000007,24,0.000007,0,1,1,0,1,1
22494416,,0,0.000007,24,0.000007,0,1,1,0,1,1
22293175,,0,0.000007,24,0.000007,0,1,1,0,1,1
21753790,,0,0.000023,24,0.000007,0,2,2,0,2,2
21403840,,0,0.000007,24,0.000007,0,1,1,0,1,1
20098592,,0,0.000007,24,0.000007,0,1,1,0,1,1
18959781,,0,0.000007,24,0.000007,0,1,1,0,1,1
18822129,,0,0.000007,24,0.000007,0,1,1,0,1,1
18701274,,0,0.000007,24,0.000007,0,1,1,0,1,1
17242209,,0,0.000007,24,0.000007,0,1,1,0,1,1
16736024,,0,0.000007,24,0.000007,0,1,1,0,1,1
15899071,,0.000014,0,5,0.000024,6,0,6,6,0,6
25400424,,0,0.000441,5,0.000007,0,3,3,0,3,3
23682294,,0,0,5,0.000007,0,1,1,0,1,1
23371384,,0,0,5,0.000007,0,1,1,0,1,1
19092442,,0,0.000243,5,0.000007,0,4,4,0,4,4
15899382,,0.001839,0,1,0.000042,15,0,15,15,0,15
15900600,,0.000332,0,231,0.000019,5,0,5,5,0,5
27030795,,0,0.000356,100,0.000007,0,3,3,0,3,3
25926848,,0,0.001052,100,0.000007,0,5,5,0,5,5
24603480,,0,0.000049,100,0.000007,0,1,1,0,1,1
20110258,,0,0.000063,140,0.000007,0,2,2,0,2,2
20015991,,0,0.000049,100,0.000007,0,1,1,0,1,1
19462010,,0,0.000049,100,0.000007,0,1,1,0,1,1
19188448,,0,0.000049,100,0.000007,0,1,1,0,1,1
18231578,,0,0.000049,100,0.000007,0,1,1,0,1,1
16537625,,0,0.000049,100,0.000007,0,1,1,0,1,1
16107713,,0,0.000049,100,0.000007,0,1,1,0,1,1
28588610,,0,0.001635,100,0.000007,0,6,6,0,6,6
15905643,,0.000973,0,184,0.000018,7,0,7,7,0,7
20678254,,0,0.00004,184,0.000007,0,2,2,0,2,2
15908654,,0.000924,0,5,0.000035,17,0,17,17,0,17
29770910,,0,0.002496,1,0.000007,0,15,15,0,15,15
27749578,,0,0.000018,5,0.000007,0,1,1,0,1,1
26549108,,0,0.000018,5,0.000007,0,1,1,0,1,1
25649380,,0,0.000018,5,0.000007,0,2,2,0,2,2
15910949,,0.008674,0,5,0.000383,171,0,171,171,0,171
30342556,,0,0.000165,5,0.000007,0,1,1,0,1,1
29654424,,0,0.000165,5,0.000007,0,1,1,0,1,1
29547532,,0,0.000181,5,0.000007,0,2,2,0,2,2
29430479,,0,0.000269,5,0.000007,0,2,2,0,2,2
28932122,,0,0.000269,5,0.000007,0,2,2,0,2,2
28772291,,0,0.00029,5,0.000007,0,5,5,0,5,5
28331764,,0,0.000165,5,0.000007,0,1,1,0,1,1
28138893,,0,0.000469,5,0.000007,0,7,7,0,7,7
28096732,,0,0.000269,5,0.000007,0,2,2,0,2,2
27725679,,0,0.000182,5,0.000007,0,2,2,0,2,2
27456031,,0,0.000354,5,0.000007,0,7,7,0,7,7
27399100,,0,0.000199,5,0.000007,0,2,2,0,2,2
27169908,,0,0.001196,5,0.000007,0,7,7,0,7,7
27106750,,0,0.000166,198,0.000007,0,2,2,0,2,2
26901876,,0,0.000165,5,0.000007,0,1,1,0,1,1
26848484,,0,0.000167,5,0.000007,0,2,2,0,2,2
26834942,,0,0.000165,198,0.000007,0,2,2,0,2,2
26795734,,0,0.000184,5,0.000007,0,2,2,0,2,2
26773941,,0,0.000165,5,0.000007,0,1,1,0,1,1
26709819,,0,0.000165,5,0.000007,0,1,1,0,1,1
26691512,,0,0.000358,5,0.000007,0,4,4,0,4,4
26134438,,0,0.000165,5,0.000007,0,1,1,0,1,1
25332905,,0,0.000165,5,0.000007,0,1,1,0,1,1
25179563,,0,0.000165,5,0.000007,0,1,1,0,1,1
25126973,,0,0.000166,5,0.000007,0,2,2,0,2,2
24959552,,0,0.000182,5,0.000007,0,2,2,0,2,2
24834475,,0,0.000269,5,0.000007,0,2,2,0,2,2
24829852,,0,0.000295,5,0.000007,0,4,4,0,4,4
24780784,,0,0.000165,5,0.000007,0,1,1,0,1,1
24673749,,0,0.000232,5,0.000007,0,3,3,0,3,3
24567549,,0,0.000171,5,0.000007,0,2,2,0,2,2
24247555,,0,0.000177,5,0.000007,0,5,5,0,5,5
24141896,,0,0.00032,5,0.000007,0,5,5,0,5,5
23914291,,0,0.000269,5,0.000007,0,2,2,0,2,2
23894400,,0,0.00019,89,0.000007,0,2,2,0,2,2
23821305,,0,0.000165,5,0.000007,0,1,1,0,1,1
23819032,,0,0.000526,5,0.000013,1,6,7,1,6,7
23630555,,0,0.000181,5,0.000007,0,2,2,0,2,2
23165988,,0,0.000269,5,0.000007,0,2,2,0,2,2
21908902,,0,0.000165,5,0.000007,0,1,1,0,1,1
21843942,,0,0.000281,5,0.000007,0,4,4,0,4,4
21651719,,0,0.00017,151,0.000007,0,2,2,0,2,2
21421520,,0,0.000257,5,0.000007,0,3,3,0,3,3
20632009,,0,0.000165,5,0.000007,0,1,1,0,1,1
20565722,,0,0.000165,5,0.000007,0,1,1,0,1,1
19780156,,0,0.000165,5,0.000007,0,1,1,0,1,1
19672261,,0,0.000165,5,0.000007,0,1,1,0,1,1
19632594,,0,0.000321,5,0.000007,0,3,3,0,3,3
19584584,,0,0.000165,5,0.000007,0,1,1,0,1,1
18389253,,0,0.000191,5,0.000007,0,3,3,0,3,3
18270714,,0,0.000165,5,0.000007,0,1,1,0,1,1
16321775,,0,0.000165,5,0.000007,0,1,1,0,1,1
22363760,,0,0,69,0.000007,0,1,1,0,1,1
15913737,,0.000012,0,69,0.000021,4,0,4,4,0,4
21441901,,0,0.000001,69,0.000007,0,2,2,0,2,2
29118343,,0,0,2,0.000007,0,1,1,0,1,1
15915516,,0.000001,0,2,0.000043,7,0,7,7,0,7
27830047,,0,0,2,0.000007,0,1,1,0,1,1
25153837,,0,0,2,0.000007,0,1,1,0,1,1
23176151,,0,0,2,0.000007,0,1,1,0,1,1
17712430,,0,0,2,0.000007,0,1,1,0,1,1
15917310,,0.000916,0,5,0.00002,9,0,9,9,0,9
21980511,,0,0.000556,231,0.000007,0,5,5,0,5,5
15918047,,0.000746,0,89,0.000018,9,0,9,9,0,9
25034901,,0,0.000053,89,0.000007,0,4,4,0,4,4
19888451,,0,0.000014,89,0.000007,0,1,1,0,1,1
15921010,,0.000205,0,1,0.000008,1,0,1,1,0,1
15924337,,0.00114,0,231,0.000077,40,0,40,40,0,40
27863412,,0,0.000199,367,0.000007,0,6,6,0,6,6
26885215,,0,0.000227,231,0.000007,0,4,4,0,4,4
26881229,,0,0.000028,231,0.000007,0,2,2,0,2,2
25599712,,0,0.000037,231,0.000007,0,2,2,0,2,2
20386703,,0,0.000041,231,0.000007,0,2,2,0,2,2
19738611,,0,0.000332,5,0.000007,0,4,4,0,4,4
19432957,,0,0.000029,184,0.000007,0,3,3,0,3,3
19258477,,0,0.000074,231,0.000007,0,2,2,0,2,2
19127255,,0,0.000067,231,0.000007,0,2,2,0,2,2
19124499,,0,0.000032,231,0.000007,0,2,2,0,2,2
15925821,,0.000381,0,5,0.000008,4,0,4,4,0,4
26927665,,0,0,231,0.000007,0,1,1,0,1,1
15929079,,0,0,231,0.000022,3,0,3,3,0,3
20634801,,0,0,231,0.000007,0,1,1,0,1,1
17567920,,0,0.000003,231,0.000007,0,2,2,0,2,2
30052477,,0,0.000138,35,0.000007,0,1,1,0,1,1
15930334,,0.007211,0,35,0.00014,37,0,37,37,0,37
27566577,,0,0.001006,5,0.000013,1,12,13,1,12,13
26438065,,0,0.001465,35,0.000007,0,6,6,0,6,6
25424750,,0,0.000138,35,0.000007,0,1,1,0,1,1
25269858,,0,0.00021,35,0.000007,0,4,4,0,4,4
23675755,,0,0.000501,35,0.000007,0,2,2,0,2,2
23634195,,0,0.000383,35,0.000007,0,2,2,0,2,2
15933464,,0.000056,0,5,0.000012,6,0,6,6,0,6
15933754,,0.004922,0,35,0.000044,23,0,23,23,0,23
29088742,,0,0.000006,128,0.000007,0,1,1,0,1,1
15936946,,0.000316,0,128,0.000025,4,0,4,4,0,4
21085491,,0,0.000006,128,0.000007,0,1,1,0,1,1
17896003,,0,0.000006,128,0.000007,0,1,1,0,1,1
15937976,,0.001657,0,5,0.000092,50,0,50,50,0,50
27602174,,0,0.000605,1,0.000007,0,4,4,0,4,4
27428375,,0,0.000147,5,0.000013,1,14,15,1,14,15
26979548,,0,0.000032,5,0.000007,0,1,1,0,1,1
23860040,,0.000001,0.000044,5,0.000023,4,5,9,4,5,9
23830140,,0,0.000035,5,0.000007,0,3,3,0,3,3
23414081,,0,0.000032,5,0.000007,0,1,1,0,1,1
22939227,,0,0.000073,89,0.000007,0,3,3,0,3,3
21899746,,0,0.000034,5,0.000007,0,2,2,0,2,2
21696382,,0,0.000032,5,0.000007,0,1,1,0,1,1
20537192,,0,0.000033,5,0.000007,0,2,2,0,2,2
19729884,,0,0.000032,5,0.000007,0,1,1,0,1,1
19726387,,0,0.000032,5,0.000007,0,1,1,0,1,1
30227596,,0,0.000016,35,0.000007,0,1,1,0,1,1
15940267,,0.000848,0,35,0.000089,20,0,20,20,0,20
29723088,,0,0.00003,35,0.000007,0,2,2,0,2,2
28640813,,0,0.000016,35,0.000007,0,1,1,0,1,1
26997919,,0,0.000016,35,0.000007,0,1,1,0,1,1
25744296,,0,0.000016,35,0.000007,0,1,1,0,1,1
23319625,,0,0.000016,35,0.000007,0,1,1,0,1,1
22384442,,0,0.000016,35,0.000007,0,1,1,0,1,1
21638280,,0,0.000016,35,0.000007,0,1,1,0,1,1
21502634,,0,0.000016,35,0.000007,0,1,1,0,1,1
18596101,,0,0.000016,35,0.000007,0,1,1,0,1,1
17822564,,0,0.000016,35,0.000007,0,1,1,0,1,1
16636311,,0,0.000016,35,0.000007,0,1,1,0,1,1
15941968,,0.000792,0,35,0.000055,16,0,16,16,0,16
24925058,,0,0.000041,35,0.000007,0,3,3,0,3,3
24898994,,0,0.000015,35,0.000007,0,1,1,0,1,1
23144571,,0,0.000015,35,0.000007,0,1,1,0,1,1
20945326,,0,0.000015,35,0.000007,0,1,1,0,1,1
15942690,,0.00026,0,231,0.000013,2,0,2,2,0,2
28282847,,0,0.000071,5,0.000007,0,4,4,0,4,4
15948173,,0.000896,0,5,0.000024,9,0,9,9,0,9
24834140,,0,0.000018,5,0.000007,0,2,2,0,2,2
21831023,,0,0.000073,5,0.000007,0,2,2,0,2,2
17044941,,0,0.000017,5,0.000007,0,1,1,0,1,1
27933303,,0,0,241,0.000007,0,1,1,0,1,1
15951253,,0.000017,0,241,0.000014,2,0,2,2,0,2
15951955,,0.000128,0,89,0.000009,2,0,2,2,0,2
15951956,,0.001409,0,89,0.000015,14,0,14,14,0,14
15951957,,0.000197,0,89,0.000008,2,0,2,2,0,2
15951958,,0.001625,0,89,0.000009,6,0,6,6,0,6
28943990,,0,0.000663,5,0.000007,0,6,6,0,6,6
15951959,,0.00156,0,5,0.000066,29,0,29,29,0,29
26646754,,0,0.000219,5,0.000007,0,7,7,0,7,7
24004815,,0,0.00003,5,0.000007,0,1,1,0,1,1
21442198,,0,0.00003,5,0.000007,0,1,1,0,1,1
19908143,,0,0.00003,5,0.000007,0,1,1,0,1,1
19637346,,0,0.00003,5,0.000007,0,1,1,0,1,1
16513714,,0,0.00003,5,0.000007,0,1,1,0,1,1
15951961,,0.000247,0,5,0.000027,15,0,15,15,0,15
25488723,,0,0.000019,5,0.000007,0,2,2,0,2,2
15951962,,0.000235,0,5,0.00001,4,0,4,4,0,4
29802320,,0,0.000022,5,0.000007,0,1,1,0,1,1
15952973,,0.001168,0,5,0.000034,19,0,19,19,0,19
29321654,,0,0.000022,5,0.000007,0,1,1,0,1,1
28470506,,0,0.000022,5,0.000007,0,1,1,0,1,1
29113350,,0,0.000295,24,0.000007,0,4,4,0,4,4
24623250,,0,0.000011,41,0.000007,0,2,2,0,2,2
15955690,,0.000821,0,5,0.000008,3,0,3,3,0,3
15955736,,0.01036,0,1,0.000165,36,0,36,36,0,36
28715532,,0.002106,0.010769,1,0.000032,15,14,29,15,14,29
27135926,,0.011148,0.009364,69,0.00082,223,9,232,223,9,232
26097887,,0.000002,0.006857,265,0.000025,4,2,6,4,2,6
25623214,,0,0.000313,205,0.000007,0,2,2,0,2,2
22829774,,0,0.000198,1,0.000007,0,1,1,0,1,1
22593799,,0.001492,0.001045,1,0.000051,22,5,27,22,5,27
22327622,,0,0.000198,1,0.000007,0,1,1,0,1,1
15959652,,0.000415,0,5,0.00002,16,0,16,16,0,16
17329649,,0,0.000069,5,0.000007,0,2,2,0,2,2
24086335,,0,0.000001,137,0.000007,0,1,1,0,1,1
15961388,,0.000069,0,137,0.00003,7,0,7,7,0,7
21151157,,0,0.000001,137,0.000007,0,1,1,0,1,1
20798688,,0,0.000001,137,0.000007,0,1,1,0,1,1
28690315,,0,0.000061,232,0.000007,0,1,1,0,1,1
15965487,,0.003191,0,232,0.000216,42,0,42,42,0,42
28684425,,0,0.000061,232,0.000007,0,1,1,0,1,1
27754753,,0,0.000061,232,0.000007,0,1,1,0,1,1
26733491,,0,0.000297,232,0.000007,0,5,5,0,5,5
26657567,,0,0.000063,100,0.000007,0,2,2,0,2,2
26560244,,0,0.000112,87,0.000007,0,2,2,0,2,2
24476913,,0,0.000061,232,0.000007,0,1,1,0,1,1
23698369,,0,0.000061,232,0.000007,0,1,1,0,1,1
23187801,,0,0.000061,232,0.000007,0,1,1,0,1,1
21878638,,0,0.000061,48,0.000007,0,2,2,0,2,2
21254166,,0,0.000061,232,0.000007,0,1,1,0,1,1
20562910,,0,0.000061,232,0.000007,0,1,1,0,1,1
20457012,,0,0.000081,232,0.000007,0,2,2,0,2,2
19736315,,0,0.000078,232,0.000007,0,2,2,0,2,2
19380487,,0,0.000061,232,0.000007,0,1,1,0,1,1
19377505,,0,0.000061,232,0.000007,0,1,1,0,1,1
19128485,,0.000009,0.000061,232,0.000064,11,1,12,11,1,12
18790802,,0,0.000061,232,0.000007,0,1,1,0,1,1
18708349,,0,0.000061,232,0.000007,0,1,1,0,1,1
17360754,,0,0.000061,232,0.000007,0,1,1,0,1,1
26918057,,0,0.000114,100,0.000007,0,1,1,0,1,1
21614091,,0,0.000275,35,0.000007,0,2,2,0,2,2
21490275,,0,0.000114,100,0.000007,0,1,1,0,1,1
21489318,,0.000093,0.001503,35,0.00002,7,7,14,7,7,14
19519400,,0,0.000321,232,0.000007,0,2,2,0,2,2
18362163,,0,0.000114,100,0.000007,0,1,1,0,1,1
17579724,,0,0.000114,100,0.000007,0,1,1,0,1,1
28232597,,0,0,35,0.000007,0,1,1,0,1,1
15969981,,0,0,35,0.000016,2,0,2,2,0,2
15970701,,0.000865,0,279,0.000038,16,0,16,16,0,16
24626809,,0,0.000016,279,0.000007,0,1,1,0,1,1
21383990,,0,0.001411,279,0.000007,0,2,2,0,2,2
19483192,,0,0.000016,279,0.000007,0,1,1,0,1,1
19282672,,0,0.000044,279,0.000007,0,2,2,0,2,2
28239278,,0,0.000017,35,0.000007,0,1,1,0,1,1
15972278,,0.000877,0,35,0.000054,15,0,15,15,0,15
26334757,,0,0.000017,35,0.000007,0,1,1,0,1,1
25893380,,0,0.000021,35,0.000007,0,2,2,0,2,2
24932298,,0,0.000017,35,0.000007,0,1,1,0,1,1
24761771,,0,0.000017,35,0.000007,0,1,1,0,1,1
24297535,,0,0.000017,35,0.000007,0,1,1,0,1,1
22567347,,0,0.000443,35,0.000007,0,2,2,0,2,2
15975711,,0.004988,0,100,0.000057,34,0,34,34,0,34
29968031,,0,0.000022,5,0.000007,0,1,1,0,1,1
15978801,,0.001153,0,5,0.000042,12,0,12,12,0,12
29299647,,0,0.000022,5,0.000007,0,1,1,0,1,1
25302028,,0,0.000022,5,0.000007,0,2,2,0,2,2
22265392,,0,0.000022,5,0.000007,0,1,1,0,1,1
21527002,,0,0.00007,5,0.000007,0,3,3,0,3,3
19196674,,0,0.000022,5,0.000007,0,1,1,0,1,1
15980987,,0.002029,0,89,0.000097,29,0,29,29,0,29
28660599,,0,0.000027,5,0.000007,0,1,1,0,1,1
25452441,,0.011722,0.006612,35,0.00011,98,19,117,98,19,117
25045831,,0,0.000054,5,0.000007,0,4,4,0,4,4
19001605,,0,0.000217,5,0.000007,0,4,4,0,4,4
17472751,,0,0.000027,5,0.000007,0,1,1,0,1,1
15983032,,0.000695,0,176,0.000326,27,0,27,27,0,27
28515303,,0,0.000013,176,0.000007,0,1,1,0,1,1
27836727,,0,0.000908,176,0.000007,0,4,4,0,4,4
27770701,,0,0.000025,176,0.000007,0,2,2,0,2,2
26295406,,0,0.000013,176,0.000007,0,1,1,0,1,1
24412279,,0,0.000025,176,0.000007,0,3,3,0,3,3
23731972,,0,0.000025,176,0.000007,0,2,2,0,2,2
23711382,,0,0.000013,176,0.000007,0,2,2,0,2,2
22284986,,0,0.000025,176,0.000007,0,2,2,0,2,2
20167600,,0,0.000013,176,0.000007,0,1,1,0,1,1
20157588,,0,0.000013,176,0.000007,0,1,1,0,1,1
19144710,,0.000354,0.000424,176,0.000559,96,2,98,96,2,98
17267478,,0,0.000013,176,0.000007,0,1,1,0,1,1
15986445,,0.002876,0,5,0.0001,36,0,36,36,0,36
30254198,,0,0.000098,5,0.000007,0,3,3,0,3,3
30202672,,0,0.000055,5,0.000007,0,1,1,0,1,1
22737539,,0,0.000055,5,0.000007,0,1,1,0,1,1
19561644,,0,0.000055,5,0.000007,0,1,1,0,1,1
19392610,,0,0.000055,5,0.000007,0,1,1,0,1,1
30410668,,0,0.000007,231,0.000007,0,1,1,0,1,1
27006077,,0,0.000007,231,0.000007,0,1,1,0,1,1
26920143,,0,0.000826,231,0.000007,0,7,7,0,7,7
23533280,,0,0.000021,231,0.000007,0,2,2,0,2,2
28427436,,0,0.000117,35,0.000007,0,1,1,0,1,1
28147318,,0,0.000727,90,0.000007,0,5,5,0,5,5
27477923,,0,0.000117,35,0.000007,0,1,1,0,1,1
26495758,,0,0.008457,35,0.000007,0,5,5,0,5,5
26343330,,0,0.000117,35,0.000007,0,1,1,0,1,1
26179322,,0,0.000117,35,0.000007,0,1,1,0,1,1
25818813,,0.000167,0.001237,35,0.000049,11,5,16,11,5,16
25401739,,0,0.000584,35,0.000007,0,2,2,0,2,2
25263303,,0,0.000362,35,0.000007,0,2,2,0,2,2
25071152,,0,0.000584,35,0.000007,0,2,2,0,2,2
25029196,,0,0.000168,35,0.000007,0,2,2,0,2,2
24999743,,0,0.000492,35,0.000007,0,3,3,0,3,3
24915897,,0,0.000126,35,0.000007,0,2,2,0,2,2
24727787,,0,0.000117,35,0.000007,0,1,1,0,1,1
24332913,,0,0.001374,35,0.000007,0,4,4,0,4,4
23960170,,0,0.000117,35,0.000007,0,1,1,0,1,1
23778411,,0,0.000591,35,0.000007,0,2,2,0,2,2
23663560,,0,0.000292,35,0.000007,0,4,4,0,4,4
23548208,,0,0.000722,35,0.000007,0,4,4,0,4,4
23184698,,0,0.000776,35,0.000007,0,3,3,0,3,3
22961723,,0,0.000907,35,0.000007,0,3,3,0,3,3
22646670,,0,0.000117,35,0.000007,0,1,1,0,1,1
21641572,,0,0.000132,279,0.000007,0,2,2,0,2,2
19747394,,0,0.000614,35,0.000007,0,3,3,0,3,3
19528665,,0,0.000117,35,0.000007,0,1,1,0,1,1
19237605,,0,0.000117,35,0.000007,0,1,1,0,1,1
19152687,,0,0.000117,35,0.000007,0,1,1,0,1,1
18469806,,0,0.000117,35,0.000007,0,1,1,0,1,1
18416831,,0,0.000117,35,0.000007,0,1,1,0,1,1
30046204,,0,0.000008,35,0.000007,0,1,1,0,1,1
15990007,,0.000434,0,35,0.000065,15,0,15,15,0,15
29624915,,0,0.000008,35,0.000007,0,2,2,0,2,2
27239170,,0,0.000008,35,0.000007,0,1,1,0,1,1
27009810,,0,0.000008,35,0.000007,0,1,1,0,1,1
26562837,,0,0.000008,35,0.000007,0,1,1,0,1,1
24969162,,0,0.000024,35,0.000007,0,2,2,0,2,2
24454464,,0,0.000008,35,0.000007,0,1,1,0,1,1
23607710,,0,0.000008,35,0.000007,0,1,1,0,1,1
20390465,,0,0.000008,35,0.000007,0,1,1,0,1,1
19746221,,0,0.000327,35,0.000007,0,2,2,0,2,2
15990270,,0.000942,0,140,0.000074,13,0,13,13,0,13
28761040,,0,0.000018,140,0.000007,0,1,1,0,1,1
27884161,,0,0.000018,140,0.000007,0,1,1,0,1,1
23431001,,0,0.000018,140,0.000007,0,1,1,0,1,1
21270790,,0,0.000018,140,0.000007,0,1,1,0,1,1
19814816,,0,0.000018,140,0.000007,0,1,1,0,1,1
18955127,,0,0.000018,140,0.000007,0,1,1,0,1,1
18950534,,0,0.000018,140,0.000007,0,1,1,0,1,1
30367623,,0,0.000107,35,0.000007,0,1,1,0,1,1
15990899,,0.005591,0,35,0.000191,29,0,29,29,0,29
27619333,,0,0.000107,35,0.000007,0,1,1,0,1,1
27484095,,0,0.000587,35,0.000007,0,4,4,0,4,4
25984666,,0,0.000533,35,0.000007,0,2,2,0,2,2
22182057,,0,0.000107,35,0.000007,0,1,1,0,1,1
28018849,,0,0.000039,5,0.000007,0,4,4,0,4,4
15991444,,0.000118,0,5,0.000023,7,0,7,7,0,7
22453290,,0,0.000002,5,0.000007,0,1,1,0,1,1
15993273,,0.000011,0,89,0.000007,1,0,1,1,0,1
30123055,,0,0.000148,5,0.000007,0,2,2,0,2,2
15994883,,0.004408,0,89,0.000087,33,0,33,33,0,33
29725248,,0,0.000148,5,0.000007,0,2,2,0,2,2
29162880,,0,0.000148,5,0.000007,0,2,2,0,2,2
26758508,,0,0.000181,5,0.000007,0,3,3,0,3,3
30305478,,0,0.000001,48,0.000007,0,1,1,0,1,1
15994932,,0.000075,0,48,0.000212,37,0,37,37,0,37
30257462,,0,0.000001,48,0.000007,0,1,1,0,1,1
30223470,,0,0.000001,48,0.000007,0,1,1,0,1,1
30054490,,0,0.000001,48,0.000007,0,1,1,0,1,1
29991718,,0,0.000001,48,0.000007,0,1,1,0,1,1
29881259,,0,0.000001,48,0.000007,0,1,1,0,1,1
29632807,,0,0.000001,48,0.000007,0,1,1,0,1,1
29581427,,0,0.000001,48,0.000007,0,1,1,0,1,1
29371974,,0,0.000001,48,0.000007,0,1,1,0,1,1
29047025,,0,0.000001,48,0.000007,0,1,1,0,1,1
28598414,,0,0.000001,48,0.000007,0,1,1,0,1,1
28588709,,0,0.000001,48,0.000007,0,1,1,0,1,1
26894977,,0,0.000001,48,0.000007,0,1,1,0,1,1
26017155,,0,0.000001,48,0.000007,0,1,1,0,1,1
25479096,,0,0.000001,48,0.000007,0,1,1,0,1,1
25329802,,0,0.000002,48,0.000007,0,2,2,0,2,2
24653662,,0,0.000001,48,0.000007,0,1,1,0,1,1
24627483,,0,0.000001,48,0.000007,0,1,1,0,1,1
24382349,,0,0.000001,48,0.000007,0,1,1,0,1,1
23994620,,0,0.000001,48,0.000007,0,1,1,0,1,1
23930940,,0,0.000001,48,0.000007,0,1,1,0,1,1
23475934,,0,0.000005,48,0.000007,0,2,2,0,2,2
22917188,,0,0.000001,48,0.000007,0,1,1,0,1,1
22649635,,0,0.000001,48,0.000007,0,1,1,0,1,1
21990354,,0,0.000001,48,0.000007,0,1,1,0,1,1
21499287,,0,0.000001,48,0.000007,0,1,1,0,1,1
20491623,,0,0.000001,48,0.000007,0,1,1,0,1,1
20385086,,0,0.000001,48,0.000007,0,1,1,0,1,1
19954227,,0,0.000001,48,0.000007,0,1,1,0,1,1
19946334,,0,0.000001,48,0.000007,0,1,1,0,1,1
19549919,,0,0.000001,48,0.000007,0,1,1,0,1,1
19349277,,0,0.000001,48,0.000007,0,1,1,0,1,1
18676687,,0,0.000001,48,0.000007,0,1,1,0,1,1
16895594,,0,0.000001,48,0.000007,0,1,1,0,1,1
28772107,,0,0,140,0.000007,0,1,1,0,1,1
26036859,,0,0,140,0.000007,0,1,1,0,1,1
23776359,,0,0,140,0.000007,0,1,1,0,1,1
21030955,,0,0,140,0.000007,0,1,1,0,1,1
17980034,,0,0,140,0.000007,0,1,1,0,1,1
29769406,,0,0.000022,100,0.000007,0,1,1,0,1,1
16002101,,0.00116,0,100,0.00004,13,0,13,13,0,13
26783529,,0,0.000022,100,0.000007,0,1,1,0,1,1
21795128,,0,0.000023,100,0.000007,0,3,3,0,3,3
16005565,,0.00014,0,231,0.000013,4,0,4,4,0,4
16005602,,0.000849,0,5,0.000009,8,0,8,8,0,8
25700605,,0.000195,0.001137,5,0.000008,2,23,25,2,23,25
29789601,,0,0.000001,279,0.000007,0,1,1,0,1,1
16007157,,0.000046,0,279,0.000041,10,0,10,10,0,10
29113200,,0,0.000001,279,0.000007,0,1,1,0,1,1
24684280,,0,0.000001,279,0.000007,0,1,1,0,1,1
17540622,,0,0.000001,279,0.000007,0,1,1,0,1,1
27518571,,0,0,129,0.000007,0,1,1,0,1,1
16011248,,0,0,129,0.000013,1,0,1,1,0,1
29736175,,0,0,279,0.000007,0,1,1,0,1,1
16014382,,0,0,279,0.000163,27,0,27,27,0,27
29328485,,0,0,279,0.000007,0,1,1,0,1,1
29283381,,0,0,279,0.000007,0,1,1,0,1,1
29041897,,0,0,279,0.000007,0,1,1,0,1,1
28993733,,0,0,279,0.000007,0,1,1,0,1,1
27917503,,0,0,279,0.000007,0,1,1,0,1,1
27308389,,0,0,279,0.000007,0,1,1,0,1,1
26774881,,0,0,279,0.000007,0,1,1,0,1,1
26622731,,0,0.000005,100,0.000007,0,2,2,0,2,2
24422745,,0,0,279,0.000007,0,1,1,0,1,1
24379680,,0,0,279,0.000007,0,1,1,0,1,1
24004957,,0,0,279,0.000007,0,1,1,0,1,1
23785305,,0,0,279,0.000007,0,1,1,0,1,1
23658645,,0,0,279,0.000007,0,1,1,0,1,1
22057438,,0,0,279,0.000007,0,1,1,0,1,1
21041405,,0,0,279,0.000007,0,1,1,0,1,1
20978194,,0,0,279,0.000007,0,1,1,0,1,1
20719961,,0,0,279,0.000007,0,1,1,0,1,1
20716340,,0,0,279,0.000007,0,1,1,0,1,1
20651029,,0,0,279,0.000007,0,1,1,0,1,1
20604928,,0,0,279,0.000007,0,1,1,0,1,1
20406423,,0,0,279,0.000007,0,1,1,0,1,1
19641020,,0,0,279,0.000007,0,1,1,0,1,1
19430204,,0,0,279,0.000007,0,1,1,0,1,1
17927838,,0,0,279,0.000007,0,1,1,0,1,1
16847328,,0,0,279,0.000007,0,1,1,0,1,1
30416333,,0,0.000137,140,0.000007,0,1,1,0,1,1
30377832,,0,0.000137,140,0.000007,0,1,1,0,1,1
30212499,,0,0.000272,140,0.000007,0,4,4,0,4,4
30108616,,0,0.000137,140,0.000007,0,1,1,0,1,1
30097616,,0,0.000137,140,0.000007,0,1,1,0,1,1
29808027,,0,0.000182,140,0.000007,0,2,2,0,2,2
29707410,,0,0.000182,140,0.000007,0,2,2,0,2,2
29707409,,0,0.000137,140,0.000007,0,1,1,0,1,1
29552441,,0,0.000137,140,0.000007,0,1,1,0,1,1
29394989,,0,0.01773,140,0.000007,0,16,16,0,16,16
29393334,,0,0.000182,140,0.000007,0,2,2,0,2,2
29309402,,0,0.000182,140,0.000007,0,2,2,0,2,2
29261847,,0,0.000137,140,0.000007,0,1,1,0,1,1
29179779,,0,0.000157,140,0.000007,0,2,2,0,2,2
28947085,,0,0.000137,140,0.000007,0,1,1,0,1,1
28944237,,0,0.000182,140,0.000007,0,2,2,0,2,2
28944233,,0,0.000137,140,0.000007,0,1,1,0,1,1
28875981,,0,0.000169,89,0.000007,0,2,2,0,2,2
28754924,,0,0.000137,140,0.000007,0,1,1,0,1,1
28748566,,0,0.000137,140,0.000007,0,1,1,0,1,1
28503092,,0,0.000426,140,0.000007,0,4,4,0,4,4
28462921,,0,0.000182,140,0.000007,0,2,2,0,2,2
28461331,,0,0.000137,140,0.000007,0,1,1,0,1,1
28410371,,0,0.000137,140,0.000007,0,1,1,0,1,1
28386624,,0,0.000137,140,0.000007,0,1,1,0,1,1
28327576,,0,0.000137,140,0.000007,0,1,1,0,1,1
28289718,,0,0.000182,140,0.000007,0,2,2,0,2,2
28230923,,0,0.000137,140,0.000007,0,1,1,0,1,1
28065471,,0,0.000182,140,0.000007,0,2,2,0,2,2
28050887,,0.000075,0.000809,140,0.000014,2,9,11,2,9,11
28018905,,0,0.000182,140,0.000007,0,2,2,0,2,2
27914478,,0,0.004875,89,0.000007,0,25,25,0,25,25
27899486,,0,0.000186,140,0.000007,0,3,3,0,3,3
27896051,,0,0.000137,140,0.000007,0,1,1,0,1,1
27881154,,0,0.000137,140,0.000007,0,1,1,0,1,1
27848944,,0,0.000407,205,0.000007,0,2,2,0,2,2
27830735,,0,0.000137,140,0.000007,0,1,1,0,1,1
27805902,,0,0.000182,140,0.000007,0,2,2,0,2,2
27799058,,0,0.000137,140,0.000007,0,1,1,0,1,1
27693233,,0,0.000137,140,0.000007,0,1,1,0,1,1
27647865,,0,0.000137,140,0.000007,0,1,1,0,1,1
27449771,,0,0.000276,205,0.000007,0,4,4,0,4,4
27391102,,0,0.000182,140,0.000007,0,2,2,0,2,2
27353947,,0,0.000182,140,0.000007,0,2,2,0,2,2
27081550,,0,0.000137,140,0.000007,0,1,1,0,1,1
26962677,,0,0.000137,140,0.000007,0,1,1,0,1,1
26700889,,0,0.000137,140,0.000007,0,1,1,0,1,1
26493074,,0,0.000137,140,0.000007,0,1,1,0,1,1
26436105,,0,0.000407,205,0.000007,0,2,2,0,2,2
26420286,,0,0.000137,140,0.000007,0,1,1,0,1,1
26284702,,0,0.000137,140,0.000007,0,1,1,0,1,1
26228265,,0,0.000137,140,0.000007,0,1,1,0,1,1
26187044,,0,0.000137,140,0.000007,0,1,1,0,1,1
26061005,,0,0.000137,140,0.000007,0,1,1,0,1,1
26052455,,0,0.00083,140,0.000007,0,8,8,0,8,8
26008905,,0,0.000137,140,0.000007,0,1,1,0,1,1
26000024,,0,0.000137,140,0.000007,0,1,1,0,1,1
25892863,,0,0.000137,140,0.000007,0,1,1,0,1,1
25763369,,0,0.000137,140,0.000007,0,1,1,0,1,1
25759012,,0,0.000182,140,0.000007,0,2,2,0,2,2
25735936,,0,0.000137,140,0.000007,0,1,1,0,1,1
25710878,,0,0.000137,140,0.000007,0,1,1,0,1,1
25692141,,0,0.000182,140,0.000007,0,2,2,0,2,2
25674388,,0,0.000137,140,0.000007,0,1,1,0,1,1
25657822,,0,0.000137,140,0.000007,0,1,1,0,1,1
25431241,,0,0.000137,140,0.000007,0,1,1,0,1,1
25407002,,0,0.000137,140,0.000007,0,1,1,0,1,1
25333066,,0,0.000407,205,0.000007,0,2,2,0,2,2
25234433,,0,0.000159,140,0.000007,0,2,2,0,2,2
25135762,,0,0.000137,140,0.000007,0,1,1,0,1,1
25133505,,0,0.000137,140,0.000007,0,1,1,0,1,1
25066811,,0,0.000137,140,0.000007,0,1,1,0,1,1
25054154,,0,0.000137,140,0.000007,0,1,1,0,1,1
24980720,,0,0.000182,140,0.000007,0,2,2,0,2,2
24886813,,0,0.000161,72,0.000007,0,2,2,0,2,2
24828207,,0,0.000137,140,0.000007,0,1,1,0,1,1
24796702,,0,0.000182,140,0.000007,0,2,2,0,2,2
24713488,,0,0.000137,140,0.000007,0,1,1,0,1,1
24652797,,0,0.000137,140,0.000007,0,1,1,0,1,1
24633898,,0,0.000137,140,0.000007,0,1,1,0,1,1
24603341,,0,0.000137,140,0.000007,0,1,1,0,1,1
24578721,,0,0.000182,140,0.000007,0,2,2,0,2,2
24498598,,0,0.000137,140,0.000007,0,1,1,0,1,1
24463578,,0,0.000182,140,0.000007,0,2,2,0,2,2
24265693,,0,0.000182,140,0.000007,0,2,2,0,2,2
24108129,,0,0.000137,140,0.000007,0,1,1,0,1,1
24033266,,0,0.000137,140,0.000007,0,1,1,0,1,1
23962656,,0,0.000182,140,0.000007,0,2,2,0,2,2
23836555,,0,0.000392,140,0.000007,0,3,3,0,3,3
23819521,,0,0.000137,140,0.000007,0,1,1,0,1,1
23369113,,0,0.000137,140,0.000007,0,1,1,0,1,1
23334666,,0,0.000137,247,0.000007,0,2,2,0,2,2
23316295,,0,0.000182,140,0.000007,0,2,2,0,2,2
23301036,,0,0.000137,140,0.000007,0,1,1,0,1,1
23033316,,0,0.000137,140,0.000007,0,1,1,0,1,1
22949387,,0.000495,0.000412,140,0.000097,26,4,30,26,4,30
22928142,,0,0.000137,140,0.000007,0,1,1,0,1,1
22848613,,0,0.000137,140,0.000007,0,1,1,0,1,1
22815630,,0,0.000137,140,0.000007,0,1,1,0,1,1
22799452,,0,0.000137,140,0.000007,0,1,1,0,1,1
22623965,,0,0.000182,140,0.000007,0,2,2,0,2,2
22605915,,0,0.000182,140,0.000007,0,2,2,0,2,2
22581972,,0,0.000182,140,0.000007,0,2,2,0,2,2
22319177,,0,0.00014,140,0.000007,0,2,2,0,2,2
22185115,,0,0.000182,140,0.000007,0,2,2,0,2,2
21932393,,0.001585,0.001844,100,0.000025,15,17,32,15,17,32
21926548,,0,0.000182,140,0.000007,0,2,2,0,2,2
21919745,,0,0.000137,140,0.000007,0,1,1,0,1,1
21784901,,0,0.000182,140,0.000007,0,2,2,0,2,2
21647151,,0,0.000182,140,0.000007,0,2,2,0,2,2
21415313,,0,0.000137,140,0.000007,0,1,1,0,1,1
21368279,,0,0.000137,140,0.000007,0,1,1,0,1,1
21159622,,0,0.000137,140,0.000007,0,1,1,0,1,1
20507924,,0,0.000137,140,0.000007,0,1,1,0,1,1
20399638,,0,0.000182,140,0.000007,0,2,2,0,2,2
19025647,,0,0.000137,140,0.000007,0,1,1,0,1,1
18575738,,0,0.000137,140,0.000007,0,1,1,0,1,1
18416845,,0,0.000182,140,0.000007,0,2,2,0,2,2
16025444,,0.00002,0,5,0.000014,2,0,2,2,0,2
25357123,,0,0,5,0.000007,0,1,1,0,1,1
16026807,,0.001378,0,89,0.000029,16,0,16,16,0,16
17332506,,0,0.000026,89,0.000007,0,1,1,0,1,1
30109825,,0,0.000066,232,0.000007,0,1,1,0,1,1
16026872,,0.003483,0,232,0.00012,38,0,38,38,0,38
29880869,,0,0.001524,1,0.000007,0,3,3,0,3,3
29744295,,0,0.000066,232,0.000007,0,1,1,0,1,1
29535842,,0,0.000066,232,0.000007,0,1,1,0,1,1
29156796,,0,0.000066,232,0.000007,0,1,1,0,1,1
27527159,,0,0.000066,232,0.000007,0,1,1,0,1,1
27020103,,0,0.000438,232,0.000007,0,3,3,0,3,3
26875667,,0,0.000088,232,0.000007,0,2,2,0,2,2
26504789,,0,0.000356,232,0.000007,0,2,2,0,2,2
25956861,,0.001152,0.001281,232,0.000068,22,13,35,22,13,35
25932084,,0,0.000066,232,0.000007,0,1,1,0,1,1
25811878,,0,0.000084,232,0.000007,0,2,2,0,2,2
24589464,,0,0.010774,1,0.000007,0,13,13,0,13,13
24588670,,0,0.007136,1,0.000007,0,6,6,0,6,6
24376819,,0,0.000066,232,0.000007,0,1,1,0,1,1
24152759,,0,0.001155,1,0.000007,0,10,10,0,10,10
23758735,,0,0.000066,232,0.000007,0,1,1,0,1,1
22122463,,0,0.000198,232,0.000007,0,4,4,0,4,4
22114138,,0.013141,0.012781,1,0.000105,42,12,54,42,12,54
20581459,,0,0.000291,232,0.000007,0,3,3,0,3,3
20103649,,0,0.000291,232,0.000007,0,3,3,0,3,3
20041756,,0,0.000066,232,0.000007,0,1,1,0,1,1
18507854,,0,0.000066,232,0.000007,0,1,1,0,1,1
16029926,,0.000766,0,279,0.000131,38,0,38,38,0,38
27245195,,0.000026,0.000076,279,0.000016,3,7,10,3,7,10
26425077,,0,0.000023,279,0.000007,0,2,2,0,2,2
25344837,,0,0.000026,279,0.000007,0,3,3,0,3,3
24919593,,0,0.000015,279,0.000007,0,1,1,0,1,1
20109227,,0,0.000037,279,0.000007,0,2,2,0,2,2
19956388,,0,0.000015,279,0.000007,0,1,1,0,1,1
18165279,,0,0.000015,279,0.000007,0,1,1,0,1,1
16030099,,0.00628,0,89,0.000062,66,0,66,66,0,66
28556546,,0,0.000464,5,0.000007,0,10,10,0,10,10
27957667,,0,0.000358,5,0.000007,0,11,11,0,11,11
26452039,,0,0.000414,89,0.000007,0,7,7,0,7,7
23509667,,0,0.000182,89,0.000007,0,2,2,0,2,2
22307564,,0,0.000475,89,0.000007,0,4,4,0,4,4
21319396,,0,0.00012,89,0.000007,0,1,1,0,1,1
18819011,,0,0.000287,89,0.000007,0,2,2,0,2,2
16030426,,0.000255,0,89,0.00001,4,0,4,4,0,4
29325558,,0,0.000009,5,0.000007,0,1,1,0,1,1
16032702,,0.000481,0,5,0.000033,10,0,10,10,0,10
23308117,,0,0.00003,5,0.000007,0,3,3,0,3,3
18852405,,0,0.000009,5,0.000007,0,1,1,0,1,1
18183588,,0,0.000012,5,0.000007,0,2,2,0,2,2
17664435,,0,0.000009,5,0.000007,0,1,1,0,1,1
16033833,,0.030396,0,231,0.000508,156,0,156,156,0,156
29292031,,0,0.00058,231,0.000007,0,1,1,0,1,1
28781640,,0,0.001855,35,0.000007,0,3,3,0,3,3
28288141,,0,0.001842,279,0.000007,0,8,8,0,8,8
28042625,,0,0.001305,35,0.000007,0,4,4,0,4,4
27478808,,0,0.00062,89,0.000007,0,3,3,0,3,3
25955731,,0,0.001361,35,0.000007,0,5,5,0,5,5
25797960,,0,0.001285,231,0.000007,0,6,6,0,6,6
25684786,,0,0.001285,231,0.000007,0,6,6,0,6,6
24552774,,0,0.001119,35,0.000007,0,3,3,0,3,3
24312912,,0,0.00058,231,0.000007,0,1,1,0,1,1
23353819,,0,0.000666,140,0.000007,0,2,2,0,2,2
22295251,,0,0.000794,90,0.000007,0,3,3,0,3,3
21915634,,0,0.000694,35,0.000007,0,3,3,0,3,3
21516303,,0,0.00116,35,0.000007,0,3,3,0,3,3
21423698,,0,0.00058,231,0.000007,0,1,1,0,1,1
19147570,,0,0.00058,231,0.000007,0,1,1,0,1,1
19082709,,0.000538,0.000741,231,0.000018,4,2,6,4,2,6
17285129,,0,0.00058,231,0.000007,0,1,1,0,1,1
16869981,,0,0.000604,90,0.000007,0,2,2,0,2,2
19139136,,0,0.000002,35,0.000007,0,1,1,0,1,1
16831226,,0,0.000002,35,0.000007,0,1,1,0,1,1
29395798,,0,0.000006,198,0.000007,0,4,4,0,4,4
16039540,,0.000091,0,198,0.000121,34,0,34,34,0,34
28707546,,0,0.000002,198,0.000007,0,1,1,0,1,1
28419079,,0,0.000002,198,0.000007,0,1,1,0,1,1
25029964,,0,0.000002,198,0.000007,0,1,1,0,1,1
24713478,,0,0.000002,198,0.000007,0,1,1,0,1,1
24200481,,0,0.000074,198,0.000007,0,4,4,0,4,4
24023011,,0,0.000002,198,0.000007,0,1,1,0,1,1
23065144,,0,0.000002,198,0.000007,0,1,1,0,1,1
22894417,,0,0.000035,198,0.000007,0,3,3,0,3,3
16493263,,0,0.000002,198,0.000007,0,1,1,0,1,1
16045423,,0.000518,0,5,0.000034,15,0,15,15,0,15
25632372,,0,0.00001,5,0.000007,0,1,1,0,1,1
25228065,,0,0.00001,5,0.000007,0,1,1,0,1,1
16047333,,0.006451,0,1,0.000068,19,0,19,19,0,19
20876541,,0,0.00047,205,0.000007,0,4,4,0,4,4
27737711,,0,0.000039,89,0.000007,0,2,2,0,2,2
16047344,,0.001394,0,89,0.000022,13,0,13,13,0,13
25956309,,0.000037,0.001388,231,0.000018,5,11,16,5,11,16
25253066,,0,0.002898,1,0.000021,3,12,15,3,12,15
22931052,,0,0.000039,89,0.000007,0,2,2,0,2,2
16049003,,0.004227,0,100,0.00024,61,0,61,61,0,61
26765957,,0,0.000081,100,0.000007,0,1,1,0,1,1
26160178,,0,0.000081,100,0.000007,0,1,1,0,1,1
25742493,,0,0.000628,100,0.000007,0,4,4,0,4,4
24806815,,0,0.000087,100,0.000007,0,2,2,0,2,2
24349352,,0,0.000081,100,0.000007,0,1,1,0,1,1
23772364,,0,0.000081,100,0.000007,0,1,1,0,1,1
22860035,,0,0.000081,100,0.000007,0,1,1,0,1,1
22405594,,0,0.000967,100,0.000007,0,3,3,0,3,3
20923397,,0,0.000081,100,0.000007,0,1,1,0,1,1
19234442,,0,0.000081,100,0.000007,0,1,1,0,1,1
19230643,,0,0.000615,100,0.000007,0,2,2,0,2,2
19131518,,0,0.000081,100,0.000007,0,1,1,0,1,1
17984965,,0,0.000081,100,0.000007,0,1,1,0,1,1
16049805,,0.000932,0,5,0.00005,18,0,18,18,0,18
27721839,,0,0.000045,5,0.000007,0,2,2,0,2,2
26923368,,0,0.000018,5,0.000007,0,1,1,0,1,1
26492163,,0,0.000018,5,0.000007,0,1,1,0,1,1
23599027,,0,0.000018,5,0.000007,0,1,1,0,1,1
28928854,,0,0.000008,184,0.000007,0,2,2,0,2,2
16050564,,0.000009,0,184,0.000051,9,0,9,9,0,9
27051274,,0,0,184,0.000007,0,1,1,0,1,1
26077911,,0,0,184,0.000007,0,1,1,0,1,1
24986540,,0,0,184,0.000007,0,1,1,0,1,1
24236158,,0,0,184,0.000007,0,1,1,0,1,1
24084718,,0,0,184,0.000007,0,1,1,0,1,1
23966157,,0,0,184,0.000007,0,1,1,0,1,1
30008853,,0,0.008962,1,0.000007,0,5,5,0,5,5
16050567,,0.000513,0,69,0.000101,23,0,23,23,0,23
29770632,,0,0.00001,69,0.000007,0,1,1,0,1,1
29113212,,0,0.00001,69,0.000007,0,1,1,0,1,1
27756228,,0,0.00001,69,0.000007,0,1,1,0,1,1
26632380,,0,0.00001,69,0.000007,0,1,1,0,1,1
25975373,,0,0.00001,69,0.000007,0,1,1,0,1,1
25413436,,0,0.007446,69,0.000007,0,2,2,0,2,2
25395453,,0,0.000033,69,0.000007,0,2,2,0,2,2
25264524,,0,0.00001,69,0.000007,0,1,1,0,1,1
24855066,,0,0.00001,69,0.000007,0,1,1,0,1,1
24587967,,0,0.000388,69,0.000007,0,4,4,0,4,4
24366298,,0,0.007497,69,0.000007,0,3,3,0,3,3
24137468,,0,0.00001,69,0.000007,0,1,1,0,1,1
20222796,,0,0.00001,69,0.000007,0,1,1,0,1,1
19780872,,0,0.00001,69,0.000007,0,1,1,0,1,1
19656414,,0,0.00001,69,0.000007,0,1,1,0,1,1
18640939,,0,0.000026,69,0.000007,0,2,2,0,2,2
17872763,,0,0.000199,5,0.000007,0,3,3,0,3,3
16051027,,0.000102,0,90,0.000012,3,0,3,3,0,3
20103862,,0,0.000026,90,0.000007,0,2,2,0,2,2
16051332,,0.000152,0,69,0.000013,2,0,2,2,0,2
27378792,,0,0,279,0.000007,0,1,1,0,1,1
27315121,,0,0,279,0.000007,0,1,1,0,1,1
27303433,,0,0,279,0.000007,0,1,1,0,1,1
27066839,,0,0,279,0.000007,0,1,1,0,1,1
26007656,,0,0,279,0.000007,0,1,1,0,1,1
20300195,,0,0,279,0.000007,0,1,1,0,1,1
17353267,,0,0,279,0.000007,0,1,1,0,1,1
16954373,,0,0,279,0.000007,0,1,1,0,1,1
29977348,,0,0.00016,5,0.000007,0,5,5,0,5,5
28352801,,0,0.000135,5,0.000031,4,7,11,4,7,11
27355266,,0,0.000097,5,0.000007,0,5,5,0,5,5
21947589,,0,0.000126,5,0.000007,0,3,3,0,3,3
19172584,,0,0.000061,5,0.000007,0,1,1,0,1,1
16052489,,0.000334,0,100,0.000011,3,0,3,3,0,3
28552569,,0,0,90,0.000007,0,2,2,0,2,2
16054976,,0,0,90,0.000102,18,0,18,18,0,18
28538665,,0,0,90,0.000007,0,1,1,0,1,1
27213081,,0,0,90,0.000007,0,1,1,0,1,1
26701855,,0,0,90,0.000007,0,2,2,0,2,2
26365457,,0,0,90,0.000007,0,1,1,0,1,1
24267900,,0,0,90,0.000007,0,1,1,0,1,1
24173533,,0,0,90,0.000007,0,1,1,0,1,1
23304670,,0,0,90,0.000007,0,1,1,0,1,1
23123447,,0,0,90,0.000007,0,1,1,0,1,1
23066954,,0,0,90,0.000007,0,1,1,0,1,1
22520674,,0,0,90,0.000007,0,1,1,0,1,1
21736892,,0,0,90,0.000007,0,1,1,0,1,1
20682011,,0,0,90,0.000007,0,1,1,0,1,1
18674555,,0,0,90,0.000007,0,1,1,0,1,1
17963298,,0,0,90,0.000007,0,1,1,0,1,1
16981253,,0,0,90,0.000007,0,1,1,0,1,1
16061635,,0.001793,0,90,0.000126,36,0,36,36,0,36
28522753,,0,0.000034,90,0.000007,0,1,1,0,1,1
26689991,,0,0.000041,90,0.000007,0,2,2,0,2,2
26582866,,0,0.000041,90,0.000007,0,2,2,0,2,2
26220712,,0,0.000061,90,0.000007,0,2,2,0,2,2
24282282,,0,0.000034,90,0.000007,0,1,1,0,1,1
23864650,,0.000353,0.000058,90,0.000079,19,3,22,19,3,22
23634253,,0,0.000163,90,0.000007,0,2,2,0,2,2
23364277,,0,0.000112,279,0.000007,0,5,5,0,5,5
23099809,,0,0.000034,90,0.000007,0,1,1,0,1,1
22307325,,0,0.000034,90,0.000007,0,1,1,0,1,1
21200149,,0,0.000034,90,0.000007,0,1,1,0,1,1
20351289,,0,0.000034,90,0.000007,0,1,1,0,1,1
19477949,,0,0.000034,90,0.000007,0,1,1,0,1,1
16863592,,0,0.000034,90,0.000007,0,1,1,0,1,1
28657194,,0,0,61,0.000007,0,1,1,0,1,1
26807197,,0,0.000156,61,0.000007,0,2,2,0,2,2
25694100,,0,0,61,0.000007,0,1,1,0,1,1
25545894,,0,0,61,0.000007,0,1,1,0,1,1
23052692,,0,0,61,0.000007,0,1,1,0,1,1
21949562,,0,0,61,0.000007,0,1,1,0,1,1
21778734,,0,0,61,0.000007,0,1,1,0,1,1
21537451,,0,0,61,0.000007,0,1,1,0,1,1
21031455,,0,0,61,0.000007,0,1,1,0,1,1
20543902,,0,0,61,0.000007,0,1,1,0,1,1
20348396,,0,0,61,0.000007,0,1,1,0,1,1
20233650,,0,0,61,0.000007,0,1,1,0,1,1
19430598,,0,0,61,0.000007,0,1,1,0,1,1
19384427,,0,0,61,0.000007,0,1,1,0,1,1
18770519,,0,0,61,0.000007,0,1,1,0,1,1
18365008,,0,0,61,0.000007,0,1,1,0,1,1
18047538,,0,0,61,0.000007,0,1,1,0,1,1
17490987,,0,0,61,0.000007,0,1,1,0,1,1
17380613,,0,0,61,0.000007,0,1,1,0,1,1
17123302,,0,0,61,0.000007,0,1,1,0,1,1
16907993,,0,0,61,0.000007,0,1,1,0,1,1
16084122,,0.000014,0,69,0.000012,2,0,2,2,0,2
16084575,,0.001372,0,1,0.000009,6,0,6,6,0,6
26191291,,0,0,35,0.000007,0,1,1,0,1,1
16086078,,0,0,35,0.000015,2,0,2,2,0,2
23558859,,0,0.000006,35,0.000007,0,3,3,0,3,3
16088935,,0.000391,0,89,0.000048,18,0,18,18,0,18
28450901,,0,0.000007,89,0.000007,0,1,1,0,1,1
22125493,,0,0.000007,89,0.000007,0,1,1,0,1,1
30223465,,0,0.000008,100,0.000007,0,1,1,0,1,1
28320736,,0,0.000068,100,0.000007,0,5,5,0,5,5
27376333,,0,0.000008,100,0.000007,0,1,1,0,1,1
26794000,,0,0.000828,100,0.000007,0,4,4,0,4,4
26459242,,0,0.000008,100,0.000007,0,1,1,0,1,1
19377506,,0,0.000171,1,0.000007,0,4,4,0,4,4
19223331,,0,0.000008,100,0.000007,0,1,1,0,1,1
17183714,,0,0.000008,100,0.000007,0,1,1,0,1,1
16936742,,0,0.000008,100,0.000007,0,1,1,0,1,1
16098010,,0.000109,0,5,0.000011,6,0,6,6,0,6
16098011,,0.000561,0,89,0.000008,2,0,2,2,0,2
20309721,,0,0,130,0.000007,0,1,1,0,1,1
16098462,,0,0,130,0.000013,1,0,1,1,0,1
16099593,,0.000475,0,100,0.000012,4,0,4,4,0,4
30187678,,0,0.000084,5,0.000007,0,5,5,0,5,5
16100704,,0.000325,0,5,0.000053,21,0,21,21,0,21
28839604,,0,0.000012,5,0.000007,0,2,2,0,2,2
26141228,,0,0.000043,5,0.000007,0,3,3,0,3,3
25565779,,0,0.000006,5,0.000007,0,1,1,0,1,1
23965923,,0,0.000006,5,0.000007,0,1,1,0,1,1
23472825,,0,0.000006,5,0.000007,0,1,1,0,1,1
22738386,,0,0.000021,205,0.000007,0,2,2,0,2,2
21104503,,0,0.000006,5,0.000007,0,1,1,0,1,1
16100940,,0.00091,0,5,0.000022,20,0,20,20,0,20
16101277,,0.006241,0,100,0.000068,45,0,45,45,0,45
16103107,,0.001201,0,231,0.000147,21,0,21,21,0,21
25895129,,0,0.000047,72,0.000007,0,2,2,0,2,2
29938225,,0,0.000266,100,0.000007,0,2,2,0,2,2
16103751,,0.001988,0,100,0.000075,23,0,23,23,0,23
28535128,,0,0.00046,100,0.000007,0,4,4,0,4,4
27136393,,0,0.000897,100,0.000007,0,4,4,0,4,4
26734646,,0,0.000038,100,0.000007,0,1,1,0,1,1
22315652,,0,0.000056,184,0.000007,0,3,3,0,3,3
20016603,,0,0.001056,100,0.000007,0,4,4,0,4,4
20006609,,0,0.000038,100,0.000007,0,1,1,0,1,1
17321803,,0,0.000038,100,0.000007,0,1,1,0,1,1
16108063,,0.002397,0,100,0.000054,22,0,22,22,0,22
25552366,,0,0.00009,90,0.000007,0,2,2,0,2,2
24442753,,0,0.00006,90,0.000007,0,1,1,0,1,1
24401087,,0,0.000065,90,0.000007,0,2,2,0,2,2
21292825,,0,0.000073,90,0.000007,0,2,2,0,2,2
20109435,,0,0.00006,90,0.000007,0,1,1,0,1,1
19072517,,0,0.00006,90,0.000007,0,1,1,0,1,1
19048108,,0,0.00006,90,0.000007,0,1,1,0,1,1
19036901,,0,0.00006,90,0.000007,0,1,1,0,1,1
18243264,,0,0.00006,90,0.000007,0,1,1,0,1,1
28693138,,0,0,167,0.000007,0,1,1,0,1,1
16111473,,0,0,167,0.00004,6,0,6,6,0,6
25672561,,0,0,167,0.000007,0,1,1,0,1,1
20872807,,0,0,167,0.000007,0,1,1,0,1,1
20089167,,0,0.000005,167,0.000007,0,2,2,0,2,2
19956597,,0,0,167,0.000007,0,1,1,0,1,1
19144163,,0,0,167,0.000007,0,1,1,0,1,1
16112002,,0.005145,0,1,0.000043,31,0,31,31,0,31
27418945,,0,0.000098,1,0.000007,0,1,1,0,1,1
26301412,,0.000142,0.000326,35,0.000016,2,6,8,2,6,8
24452274,,0,0.000168,69,0.000007,0,2,2,0,2,2
22090717,,0,0,131,0.000007,0,1,1,0,1,1
16115458,,0,0,131,0.000019,2,0,2,2,0,2
18794784,,0,0,131,0.000007,0,1,1,0,1,1
30075111,,0,0.000264,231,0.000007,0,5,5,0,5,5
29846688,,0,0.000186,100,0.000007,0,1,1,0,1,1
29742103,,0,0.000266,100,0.000007,0,2,2,0,2,2
29209094,,0,0.000186,100,0.000007,0,1,1,0,1,1
28468824,,0,0.000186,100,0.000007,0,1,1,0,1,1
27466228,,0,0.000186,100,0.000007,0,1,1,0,1,1
26966246,,0,0.0004,100,0.000007,0,2,2,0,2,2
26474416,,0,0.000186,100,0.000007,0,1,1,0,1,1
26341555,,0,0.001211,100,0.000007,0,4,4,0,4,4
25516598,,0,0.000186,100,0.000007,0,1,1,0,1,1
25381364,,0,0.000391,100,0.000007,0,4,4,0,4,4
25190078,,0,0.000506,100,0.000007,0,2,2,0,2,2
25078778,,0,0.000186,100,0.000007,0,1,1,0,1,1
24947516,,0,0.0004,100,0.000007,0,2,2,0,2,2
24699063,,0,0.000811,100,0.000007,0,3,3,0,3,3
24465218,,0,0.000186,100,0.000007,0,1,1,0,1,1
24390579,,0,0.0004,100,0.000007,0,2,2,0,2,2
24207054,,0,0.000225,100,0.000007,0,2,2,0,2,2
24192486,,0,0.000186,100,0.000007,0,1,1,0,1,1
24049073,,0,0.000186,100,0.000007,0,1,1,0,1,1
24026537,,0,0.000597,100,0.000007,0,2,2,0,2,2
23932590,,0,0.000186,100,0.000007,0,1,1,0,1,1
23516370,,0,0.000186,100,0.000007,0,1,1,0,1,1
23161012,,0,0.000186,100,0.000007,0,1,1,0,1,1
22844101,,0,0.000597,100,0.000007,0,2,2,0,2,2
22547783,,0,0.000186,100,0.000007,0,1,1,0,1,1
22392978,,0,0.000597,100,0.000007,0,2,2,0,2,2
22314235,,0,0.000186,100,0.000007,0,1,1,0,1,1
22090425,,0,0.000186,100,0.000007,0,1,1,0,1,1
21880555,,0,0.000186,100,0.000007,0,1,1,0,1,1
21619704,,0,0.000186,100,0.000007,0,1,1,0,1,1
21324673,,0,0.000186,100,0.000007,0,1,1,0,1,1
21138837,,0,0.000186,100,0.000007,0,1,1,0,1,1
20660481,,0,0.000186,100,0.000007,0,1,1,0,1,1
20347429,,0,0.000186,100,0.000007,0,1,1,0,1,1
20160754,,0,0.000186,100,0.000007,0,1,1,0,1,1
19995966,,0,0.000186,100,0.000007,0,1,1,0,1,1
19948885,,0,0.000186,100,0.000007,0,1,1,0,1,1
19609302,,0,0.000186,100,0.000007,0,1,1,0,1,1
19580815,,0,0.000186,100,0.000007,0,1,1,0,1,1
19465393,,0,0.000677,100,0.000007,0,3,3,0,3,3
19357093,,0,0.000597,100,0.000007,0,2,2,0,2,2
19159486,,0,0.000186,100,0.000007,0,1,1,0,1,1
18851838,,0,0.000597,100,0.000007,0,2,2,0,2,2
18591428,,0,0.000606,100,0.000007,0,3,3,0,3,3
17507419,,0,0.000186,100,0.000007,0,1,1,0,1,1
17206143,,0,0.000186,100,0.000007,0,1,1,0,1,1
16738128,,0,0.000186,100,0.000007,0,1,1,0,1,1
16116424,,0.011774,0,100,0.000216,137,0,137,137,0,137
29300815,,0,0.006077,1,0.000007,0,9,9,0,9,9
29019354,,0,0.000314,100,0.000007,0,4,4,0,4,4
27914716,,0,0.001084,100,0.000007,0,7,7,0,7,7
25592571,,0.000165,0.00127,100,0.000015,2,3,5,2,3,5
25193968,,0,0.000688,100,0.000007,0,3,3,0,3,3
23585563,,0,0.000693,100,0.000007,0,4,4,0,4,4
21097466,,0,0.000545,100,0.000007,0,2,2,0,2,2
20425471,,0,0.000225,100,0.000007,0,1,1,0,1,1
18601744,,0,0.000225,100,0.000007,0,1,1,0,1,1
30139225,,0,0.000021,5,0.000007,0,1,1,0,1,1
16118051,,0.001076,0,5,0.000026,9,0,9,9,0,9
29299723,,0,0.000021,90,0.000007,0,5,5,0,5,5
26041651,,0,0.000021,198,0.000007,0,2,2,0,2,2
29423115,,0,0.000037,82,0.000007,0,4,4,0,4,4
16129371,,0.001618,0,5,0.000064,9,0,9,9,0,9
16136597,,0.000332,0,5,0.00001,5,0,5,5,0,5
16137750,,0.009901,0,69,0.000102,81,0,81,81,0,81
30410974,,0,0.007945,69,0.000007,0,5,5,0,5,5
29177593,,0,0.000218,5,0.000007,0,3,3,0,3,3
25802782,,0,0.000824,69,0.000007,0,7,7,0,7,7
25771796,,0,0.002797,69,0.000007,0,19,19,0,19,19
24652535,,0,0.00185,69,0.000007,0,11,11,0,11,11
23805314,,0,0.000687,69,0.000007,0,2,2,0,2,2
23685873,,0,0.000687,69,0.000007,0,2,2,0,2,2
23097631,,0,0.000687,69,0.000007,0,2,2,0,2,2
16137751,,0.000245,0,5,0.000019,4,0,4,4,0,4
29207445,,0,0,90,0.000007,0,2,2,0,2,2
16139543,,0,0,90,0.000022,3,0,3,3,0,3
25364556,,0,0,90,0.000007,0,1,1,0,1,1
19462249,,0,0,90,0.000007,0,1,1,0,1,1
16140006,,0.002253,0,5,0.000025,15,0,15,15,0,15
16140926,,0.008366,0,1,0.000151,56,0,56,56,0,56
27821817,,0,0.00016,1,0.000007,0,1,1,0,1,1
24390738,,0,0.00035,1,0.000007,0,2,2,0,2,2
23183705,,0,0.007595,1,0.000007,0,2,2,0,2,2
19558675,,0,0.00016,1,0.000007,0,1,1,0,1,1
19455253,,0,0.00016,89,0.000007,0,2,2,0,2,2
19455251,,0,0.00016,1,0.000007,0,1,1,0,1,1
18616792,,0,0.000187,1,0.000007,0,2,2,0,2,2
17363414,,0,0.00016,1,0.000007,0,1,1,0,1,1
29960172,,0,0.000206,5,0.000007,0,3,3,0,3,3
16144894,,0.006976,0,5,0.000265,101,0,101,101,0,101
29280052,,0,0.000153,5,0.000007,0,2,2,0,2,2
26609359,,0,0.000133,5,0.000007,0,1,1,0,1,1
25031998,,0,0.000133,5,0.000007,0,1,1,0,1,1
24946153,,0,0.000133,5,0.000007,0,1,1,0,1,1
24576396,,0,0.000174,5,0.000007,0,2,2,0,2,2
24493722,,0,0.000356,5,0.000007,0,4,4,0,4,4
24416691,,0,0.000133,5,0.000007,0,1,1,0,1,1
24398597,,0,0.000133,5,0.000007,0,1,1,0,1,1
24247482,,0,0.000339,5,0.000007,0,8,8,0,8,8
23915256,,0,0.000133,5,0.000007,0,1,1,0,1,1
23872790,,0.000958,0.000167,5,0.00001,7,3,10,7,3,10
23660117,,0,0.000133,5,0.000007,0,1,1,0,1,1
23424318,,0,0.000236,5,0.000007,0,2,2,0,2,2
23412608,,0,0.000133,5,0.000007,0,1,1,0,1,1
23328214,,0,0.000133,5,0.000007,0,1,1,0,1,1
23322203,,0,0.000133,5,0.000007,0,1,1,0,1,1
23306799,,0,0.000133,5,0.000007,0,1,1,0,1,1
23256909,,0,0.000133,5,0.000007,0,1,1,0,1,1
23150731,,0,0.000273,5,0.000007,0,8,8,0,8,8
22812388,,0,0.000141,5,0.000007,0,2,2,0,2,2
22547473,,0,0.000136,198,0.000007,0,2,2,0,2,2
22267639,,0,0.000133,5,0.000007,0,1,1,0,1,1
21709145,,0,0.000133,5,0.000007,0,1,1,0,1,1
21406285,,0,0.000133,5,0.000007,0,1,1,0,1,1
20688899,,0,0.000133,5,0.000007,0,1,1,0,1,1
18923933,,0,0.000133,5,0.000007,0,1,1,0,1,1
18813139,,0,0.000133,5,0.000007,0,1,1,0,1,1
18755994,,0,0.000133,5,0.000007,0,1,1,0,1,1
18373148,,0,0.000133,5,0.000007,0,1,1,0,1,1
16144895,,0.005411,0,5,0.000174,85,0,85,85,0,85
30288408,,0,0.000134,5,0.000007,0,2,2,0,2,2
24082139,,0,0.000103,5,0.000007,0,1,1,0,1,1
23742121,,0,0.000159,5,0.000007,0,4,4,0,4,4
23476785,,0,0.000103,5,0.000007,0,1,1,0,1,1
23075423,,0,0.000103,5,0.000007,0,1,1,0,1,1
22889133,,0,0.000103,5,0.000007,0,1,1,0,1,1
22112481,,0,0.001428,69,0.000007,0,9,9,0,9,9
20808229,,0,0.000111,69,0.000007,0,2,2,0,2,2
20086232,,0,0.000103,5,0.000007,0,1,1,0,1,1
19796674,,0,0.000103,5,0.000007,0,1,1,0,1,1
19653421,,0,0.000103,5,0.000007,0,1,1,0,1,1
19367193,,0,0.000353,231,0.000007,0,2,2,0,2,2
18283300,,0,0.000103,5,0.000007,0,1,1,0,1,1
16809405,,0,0.000103,5,0.000007,0,1,1,0,1,1
16148211,,0.000349,0,5,0.000024,13,0,13,13,0,13
23448232,,0,0.000007,5,0.000007,0,1,1,0,1,1
29507793,,0,0.000012,100,0.000007,0,1,1,0,1,1
16152612,,0.00063,0,100,0.000051,18,0,18,18,0,18
28352834,,0,0.000012,100,0.000007,0,1,1,0,1,1
24602449,,0,0.000376,100,0.000007,0,2,2,0,2,2
23898228,,0,0.000012,100,0.000007,0,1,1,0,1,1
21958944,,0,0.000012,100,0.000007,0,1,1,0,1,1
21232125,,0,0.000018,100,0.000007,0,2,2,0,2,2
30320185,,0,0.000011,90,0.000007,0,2,2,0,2,2
16152627,,0.00019,0,90,0.000071,17,0,17,17,0,17
27618095,,0,0.000004,90,0.000007,0,1,1,0,1,1
26878440,,0,0.000004,90,0.000007,0,1,1,0,1,1
25789847,,0,0.000006,90,0.000007,0,2,2,0,2,2
25209720,,0,0.000006,90,0.000007,0,2,2,0,2,2
23056607,,0,0.000004,90,0.000007,0,1,1,0,1,1
20587702,,0,0.000004,90,0.000007,0,1,1,0,1,1
20051373,,0,0.000004,90,0.000007,0,1,1,0,1,1
19064917,,0,0.000006,90,0.000007,0,2,2,0,2,2
19062173,,0,0.000004,90,0.000007,0,1,1,0,1,1
30333500,,0,0.001236,100,0.000007,0,6,6,0,6,6
16153896,,0.016809,0,100,0.00038,156,0,156,156,0,156
27809775,,0,0.000321,100,0.000007,0,1,1,0,1,1
25359767,,0,0.000321,100,0.000007,0,1,1,0,1,1
23935105,,0.000584,0.000376,100,0.000106,32,2,34,32,2,34
22968820,,0.000455,0.000526,100,0.000019,6,4,10,6,4,10
20019063,,0,0.000321,100,0.000007,0,1,1,0,1,1
18842585,,0,0.000321,100,0.000007,0,1,1,0,1,1
16155798,,0.000128,0,89,0.000007,1,0,1,1,0,1
16155942,,0.00025,0,5,0.000018,4,0,4,4,0,4
28588742,,0,0,176,0.000007,0,1,1,0,1,1
16162645,,0.000019,0,176,0.000031,6,0,6,6,0,6
23957010,,0,0,176,0.000007,0,1,1,0,1,1
23144806,,0,0,176,0.000007,0,1,1,0,1,1
20704708,,0,0.000001,176,0.000007,0,3,3,0,3,3
16165098,,0.002842,0,1,0.000016,9,0,9,9,0,9
27697924,,0,0.000046,100,0.000007,0,1,1,0,1,1
25047618,,0,0.000052,100,0.000007,0,2,2,0,2,2
24875404,,0,0.00044,100,0.000007,0,5,5,0,5,5
22864622,,0,0.000116,100,0.000007,0,3,3,0,3,3
21428739,,0,0.000046,100,0.000007,0,1,1,0,1,1
16167361,,0.004209,0,35,0.000067,27,0,27,27,0,27
24262018,,0,0.000148,35,0.000007,0,3,3,0,3,3
23826420,,0,0.000928,35,0.000007,0,4,4,0,4,4
23395947,,0,0.000939,35,0.000007,0,4,4,0,4,4
22066052,,0,0.000988,35,0.000007,0,4,4,0,4,4
27504877,,0,0.000414,5,0.000007,0,4,4,0,4,4
26057125,,0.000329,0.000838,205,0.000008,3,16,19,3,16,19
23649806,,0,0.000092,89,0.000007,0,3,3,0,3,3
29570247,,0,0.000227,5,0.000007,0,4,4,0,4,4
29415446,,0,0.000031,5,0.000007,0,2,2,0,2,2
29254161,,0,0.000051,184,0.000007,0,2,2,0,2,2
28345838,,0,0.001516,24,0.000007,0,7,7,0,7,7
16169122,,0.001494,0,24,0.000118,22,0,22,22,0,22
28126916,,0,0.000079,24,0.000007,0,8,8,0,8,8
26316937,,0,0.000146,24,0.000007,0,3,3,0,3,3
26131279,,0,0.000028,24,0.000007,0,1,1,0,1,1
25449594,,0,0.000073,24,0.000007,0,3,3,0,3,3
24376779,,0,0.000205,100,0.000007,0,5,5,0,5,5
23046742,,0,0.000033,24,0.000007,0,5,5,0,5,5
22261301,,0,0.000618,24,0.000007,0,4,4,0,4,4
20673527,,0,0.000045,24,0.000007,0,2,2,0,2,2
20673515,,0,0.000028,24,0.000007,0,1,1,0,1,1
19712441,,0,0.000029,24,0.000007,0,2,2,0,2,2
18594541,,0,0.000028,24,0.000007,0,1,1,0,1,1
18362936,,0,0.000028,24,0.000007,0,1,1,0,1,1
30165047,,0,0.000004,265,0.000007,0,1,1,0,1,1
16170025,,0.000184,0,265,0.000088,16,0,16,16,0,16
29748501,,0,0.000004,265,0.000007,0,1,1,0,1,1
28899410,,0,0.000004,265,0.000007,0,1,1,0,1,1
28544589,,0,0.000004,265,0.000007,0,1,1,0,1,1
27035224,,0,0.000004,265,0.000007,0,1,1,0,1,1
26839278,,0,0.000004,265,0.000007,0,1,1,0,1,1
26733216,,0,0.000004,265,0.000007,0,1,1,0,1,1
26554377,,0,0.000004,265,0.000007,0,1,1,0,1,1
26483206,,0,0.000004,265,0.000007,0,1,1,0,1,1
25885449,,0,0.000263,265,0.000007,0,4,4,0,4,4
24199607,,0,0.000004,265,0.000007,0,1,1,0,1,1
24053474,,0,0.000004,265,0.000007,0,1,1,0,1,1
21203972,,0,0.000004,265,0.000007,0,1,1,0,1,1
19262748,,0,0.000004,265,0.000007,0,1,1,0,1,1
16170356,,0.000462,0,100,0.000032,10,0,10,10,0,10
25590348,,0,0.000009,100,0.000007,0,1,1,0,1,1
27694385,,0,0.000211,90,0.000007,0,3,3,0,3,3
16170371,,0.002685,0,90,0.000094,31,0,31,31,0,31
27059647,,0,0.000107,90,0.000007,0,5,5,0,5,5
23856357,,0,0.000051,90,0.000007,0,1,1,0,1,1
23652009,,0,0.000051,90,0.000007,0,1,1,0,1,1
23123738,,0,0.000051,90,0.000007,0,1,1,0,1,1
21377485,,0,0.000066,90,0.000007,0,2,2,0,2,2
20420826,,0,0.000077,90,0.000007,0,4,4,0,4,4
19969081,,0.000001,0.000066,90,0.000021,3,2,5,3,2,5
19221050,,0,0.000051,90,0.000007,0,1,1,0,1,1
18321551,,0,0.000065,90,0.000007,0,2,2,0,2,2
16171943,,0.003269,0,100,0.000038,15,0,15,15,0,15
23110199,,0,0.007498,69,0.000007,0,2,2,0,2,2
16172191,,0.002785,0,90,0.00009,20,0,20,20,0,20
28758108,,0,0.000053,90,0.000007,0,1,1,0,1,1
22966305,,0,0.000053,90,0.000007,0,1,1,0,1,1
29522175,,0,0,89,0.000007,0,1,1,0,1,1
16174859,,0.000006,0,89,0.000043,7,0,7,7,0,7
22198631,,0,0,89,0.000007,0,1,1,0,1,1
20655738,,0,0,89,0.000007,0,1,1,0,1,1
20499280,,0,0,89,0.000007,0,1,1,0,1,1
18237450,,0,0,89,0.000007,0,1,1,0,1,1
16174860,,0.000512,0,5,0.000017,10,0,10,10,0,10
22331944,,0,0.000041,5,0.000007,0,3,3,0,3,3
30416802,,0,0.000005,35,0.000007,0,2,2,0,2,2
16184554,,0.000001,0,35,0.000071,13,0,13,13,0,13
29416000,,0,0,35,0.000007,0,1,1,0,1,1
26244006,,0,0.000002,35,0.000007,0,2,2,0,2,2
24077454,,0,0,35,0.000007,0,1,1,0,1,1
23226101,,0,0,35,0.000007,0,1,1,0,1,1
22901466,,0,0.000003,35,0.000007,0,2,2,0,2,2
21534086,,0,0,35,0.000007,0,1,1,0,1,1
20445774,,0,0,35,0.000007,0,1,1,0,1,1
20025721,,0,0,35,0.000007,0,1,1,0,1,1
18635526,,0,0,35,0.000007,0,1,1,0,1,1
18549475,,0,0,35,0.000007,0,1,1,0,1,1
16873561,,0,0,35,0.000007,0,1,1,0,1,1
16185777,,0.001206,0,140,0.000012,3,0,3,3,0,3
18471523,,0,0.000037,140,0.000007,0,2,2,0,2,2
29622545,,0,0.000002,5,0.000007,0,1,1,0,1,1
16185869,,0.000103,0,5,0.000025,6,0,6,6,0,6
25199995,,0,0.000002,5,0.000007,0,1,1,0,1,1
29554938,,0,0.000109,69,0.000007,0,3,3,0,3,3
16188302,,0.002041,0,5,0.000041,22,0,22,22,0,22
20041101,,0,0.000039,5,0.000007,0,1,1,0,1,1
19712461,,0,0.000039,5,0.000007,0,1,1,0,1,1
16188650,,0.000315,0,100,0.000024,8,0,8,8,0,8
27358865,,0,0.000045,100,0.000007,0,2,2,0,2,2
25210520,,0,0.000011,100,0.000007,0,2,2,0,2,2
21641392,,0,0,35,0.000007,0,1,1,0,1,1
19835949,,0,0.000384,35,0.000007,0,2,2,0,2,2
17924967,,0,0,35,0.000007,0,1,1,0,1,1
16195942,,0.000332,0,5,0.000022,13,0,13,13,0,13
26178773,,0,0.000008,5,0.000007,0,2,2,0,2,2
24839953,,0,0,132,0.000007,0,1,1,0,1,1
16196365,,0,0,132,0.000013,1,0,1,1,0,1
27905519,,0,0.008482,1,0.000007,0,7,7,0,7,7
16197356,,0.000439,0,24,0.00002,6,0,6,6,0,6
26336131,,0,0.000025,24,0.000007,0,2,2,0,2,2
22761669,,0,0.000008,24,0.000007,0,1,1,0,1,1
21947825,,0,0.000251,24,0.000007,0,3,3,0,3,3
16199315,,0.000001,0,151,0.000064,13,0,13,13,0,13
28894694,,0,0,151,0.000007,0,1,1,0,1,1
27807454,,0,0,151,0.000007,0,1,1,0,1,1
26770246,,0,0,151,0.000007,0,1,1,0,1,1
22590447,,0,0,151,0.000007,0,1,1,0,1,1
21779219,,0,0,151,0.000007,0,1,1,0,1,1
21609498,,0,0,151,0.000007,0,1,1,0,1,1
16199546,,0.000967,0,89,0.000018,13,0,13,13,0,13
29882921,,0,0.000266,69,0.000007,0,6,6,0,6,6
16204069,,0.007107,0,1,0.000281,72,0,72,72,0,72
29462961,,0,0.000136,1,0.000007,0,1,1,0,1,1
28848361,,0,0.000136,1,0.000007,0,1,1,0,1,1
28641578,,0,0.008736,1,0.000007,0,5,5,0,5,5
26763252,,0,0.000136,1,0.000007,0,1,1,0,1,1
26175934,,0,0.000136,1,0.000007,0,1,1,0,1,1
25924914,,0,0.000136,1,0.000007,0,1,1,0,1,1
25755836,,0,0.000136,1,0.000007,0,1,1,0,1,1
25387856,,0,0.000136,1,0.000007,0,1,1,0,1,1
25062770,,0,0.000136,1,0.000007,0,1,1,0,1,1
24709797,,0,0.000163,279,0.000007,0,4,4,0,4,4
24642620,,0,0.000184,1,0.000007,0,2,2,0,2,2
23320456,,0,0.000136,279,0.000007,0,2,2,0,2,2
22740852,,0,0.000136,1,0.000007,0,1,1,0,1,1
22430797,,0,0.000188,168,0.000007,0,3,3,0,3,3
22231567,,0,0.000136,1,0.000007,0,1,1,0,1,1
21906307,,0,0.000136,1,0.000007,0,1,1,0,1,1
21448164,,0,0.000136,1,0.000007,0,1,1,0,1,1
21362628,,0,0.000146,279,0.000007,0,3,3,0,3,3
21298349,,0,0.000136,1,0.000007,0,1,1,0,1,1
20966962,,0,0.000136,1,0.000007,0,1,1,0,1,1
19911702,,0,0.000136,1,0.000007,0,1,1,0,1,1
19819984,,0,0.000136,1,0.000007,0,1,1,0,1,1
19724865,,0,0.000347,90,0.000007,0,3,3,0,3,3
19505326,,0,0.000136,1,0.000007,0,1,1,0,1,1
19470733,,0,0.000136,1,0.000007,0,1,1,0,1,1
19259094,,0,0.000136,1,0.000007,0,1,1,0,1,1
19176311,,0,0.000893,69,0.000007,0,5,5,0,5,5
18455294,,0,0.000136,1,0.000007,0,1,1,0,1,1
17626620,,0,0.000136,1,0.000007,0,1,1,0,1,1
16479257,,0,0.000136,1,0.000007,0,1,1,0,1,1
28376887,,0,0.000004,5,0.000007,0,1,1,0,1,1
16204436,,0.000231,0,5,0.000022,7,0,7,7,0,7
25606348,,0,0.000004,5,0.000007,0,1,1,0,1,1
16205630,,0.004734,0,100,0.0001,36,0,36,36,0,36
28653981,,0,0.001864,100,0.000007,0,9,9,0,9,9
28165654,,0,0.00009,100,0.000007,0,1,1,0,1,1
24515614,,0,0.00009,100,0.000007,0,1,1,0,1,1
23620289,,0,0.000271,100,0.000007,0,2,2,0,2,2
23536786,,0,0.00009,100,0.000007,0,1,1,0,1,1
21327099,,0,0.00009,100,0.000007,0,1,1,0,1,1
20174551,,0,0.00009,100,0.000007,0,1,1,0,1,1
20020775,,0,0.00009,100,0.000007,0,1,1,0,1,1
19289793,,0,0.00009,100,0.000007,0,1,1,0,1,1
19061648,,0,0.00009,100,0.000007,0,1,1,0,1,1
18471277,,0,0.000271,100,0.000007,0,2,2,0,2,2
16205648,,0.000293,0,100,0.000013,4,0,4,4,0,4
29725261,,0,0.000002,168,0.000007,0,1,1,0,1,1
27564266,,0,0.000002,168,0.000007,0,1,1,0,1,1
27197203,,0,0.000678,1,0.000007,0,3,3,0,3,3
26811660,,0,0.000002,168,0.000007,0,1,1,0,1,1
26442588,,0,0.000002,168,0.000007,0,1,1,0,1,1
25483069,,0,0.000002,168,0.000007,0,1,1,0,1,1
24769729,,0,0.000002,168,0.000007,0,1,1,0,1,1
24658305,,0,0.000002,168,0.000007,0,1,1,0,1,1
24362313,,0,0.000002,168,0.000007,0,1,1,0,1,1
24135786,,0,0.000002,168,0.000007,0,1,1,0,1,1
23626723,,0,0.000006,168,0.000007,0,2,2,0,2,2
23593401,,0,0.000002,168,0.000007,0,1,1,0,1,1
23280553,,0,0.000002,168,0.000007,0,1,1,0,1,1
23125951,,0,0.000002,168,0.000007,0,1,1,0,1,1
22563191,,0,0.000002,168,0.000007,0,1,1,0,1,1
22028813,,0,0.000002,168,0.000007,0,1,1,0,1,1
21777459,,0,0.000002,168,0.000007,0,1,1,0,1,1
21625442,,0,0.000002,168,0.000007,0,1,1,0,1,1
21489980,,0,0.000002,168,0.000007,0,1,1,0,1,1
21245938,,0,0.000002,168,0.000007,0,1,1,0,1,1
21237573,,0,0.000002,168,0.000007,0,1,1,0,1,1
20338068,,0,0.000002,168,0.000007,0,1,1,0,1,1
20300172,,0,0.000002,168,0.000007,0,1,1,0,1,1
20236987,,0,0.000002,168,0.000007,0,1,1,0,1,1
20007485,,0,0.000002,168,0.000007,0,1,1,0,1,1
19809893,,0,0.000002,168,0.000007,0,1,1,0,1,1
18458674,,0,0.000002,168,0.000007,0,1,1,0,1,1
18381359,,0,0.000002,168,0.000007,0,1,1,0,1,1
18084618,,0,0.000002,168,0.000007,0,1,1,0,1,1
18024792,,0,0.000002,168,0.000007,0,1,1,0,1,1
17552003,,0,0.000002,168,0.000007,0,1,1,0,1,1
17515611,,0,0.000002,168,0.000007,0,1,1,0,1,1
17292838,,0,0.000002,168,0.000007,0,1,1,0,1,1
17041235,,0,0.000002,168,0.000007,0,1,1,0,1,1
16371165,,0,0.000002,168,0.000007,0,1,1,0,1,1
16354585,,0,0.000034,168,0.000007,0,2,2,0,2,2
16207587,,0.000567,0,100,0.000021,12,0,12,12,0,12
20667080,,0,0.000011,100,0.000007,0,1,1,0,1,1
21176219,,0,0,133,0.000007,0,1,1,0,1,1
16208883,,0,0,133,0.000013,1,0,1,1,0,1
16211273,,0.001303,0,90,0.00003,12,0,12,12,0,12
19014669,,0,0.000025,90,0.000007,0,1,1,0,1,1
30101128,,0,0.000572,140,0.000007,0,15,15,0,15,15
16211554,,0.001335,0,140,0.000023,20,0,20,20,0,20
20020529,,0.000116,0.000426,140,0.000014,4,5,9,4,5,9
28545182,,0,0.000006,205,0.000007,0,1,1,0,1,1
16218901,,0.000305,0,205,0.00003,8,0,8,8,0,8
21463502,,0,0.000006,205,0.000007,0,1,1,0,1,1
18790805,,0,0.000006,205,0.000007,0,1,1,0,1,1
16219936,,0.006402,0,5,0.000065,45,0,45,45,0,45
29710224,,0.000298,0.000747,5,0.000007,2,11,13,2,11,13
29631858,,0,0.001297,5,0.000007,0,5,5,0,5,5
28320467,,0.000001,0.001278,5,0.000022,3,18,21,3,18,21
27912889,,0,0.000131,5,0.000007,0,3,3,0,3,3
26348174,,0,0.000428,5,0.000007,0,4,4,0,4,4
22914389,,0,0.000135,5,0.000007,0,2,2,0,2,2
16222692,,0.00032,0,5,0.000018,11,0,11,11,0,11
29620629,,0,0.000035,1,0.000007,0,1,1,0,1,1
18381604,,0,0.000035,1,0.000007,0,1,1,0,1,1
17603630,,0,0.000035,1,0.000007,0,1,1,0,1,1
30365005,,0,0.000049,265,0.000007,0,2,2,0,2,2
29320557,,0,0.000071,279,0.000007,0,4,4,0,4,4
26056044,,0,0.000033,82,0.000007,0,2,2,0,2,2
25238049,,0,0.000054,231,0.000007,0,2,2,0,2,2
16232001,,0.000356,0,5,0.000023,10,0,10,10,0,10
25745021,,0,0.000056,5,0.000007,0,2,2,0,2,2
23125421,,0,0.000007,5,0.000007,0,1,1,0,1,1
29433456,,0,0.000003,90,0.000007,0,2,2,0,2,2
16234258,,0.000172,0,90,0.000062,14,0,14,14,0,14
29370121,,0,0.000003,90,0.000007,0,2,2,0,2,2
27304967,,0,0.000003,90,0.000007,0,1,1,0,1,1
26617690,,0,0.000003,90,0.000007,0,2,2,0,2,2
26272591,,0,0.000003,90,0.000007,0,2,2,0,2,2
25186459,,0,0.000003,90,0.000007,0,1,1,0,1,1
24993829,,0,0.000003,90,0.000007,0,1,1,0,1,1
24385912,,0,0.000003,90,0.000007,0,1,1,0,1,1
23658642,,0,0.000003,90,0.000007,0,1,1,0,1,1
22122509,,0,0.000003,90,0.000007,0,2,2,0,2,2
19502494,,0,0.000005,90,0.000007,0,2,2,0,2,2
30264118,,0,0.000407,140,0.000007,0,9,9,0,9,9
16234499,,0.006378,0,5,0.000081,66,0,66,66,0,66
27698895,,0,0.000125,35,0.000007,0,3,3,0,3,3
26759753,,0,0.000771,5,0.000007,0,5,5,0,5,5
25018561,,0,0.000358,89,0.000007,0,7,7,0,7,7
16234515,,0.011979,0,5,0.000126,82,0,82,82,0,82
26567039,,0,0.001788,5,0.000013,1,8,9,1,8,9
23819026,,0,0.000582,5,0.000007,0,2,2,0,2,2
21197250,,0,0.000536,5,0.000007,0,3,3,0,3,3
17899294,,0,0.000557,5,0.000007,0,4,4,0,4,4
16234517,,0.002526,0,35,0.000046,19,0,19,19,0,19
21283680,,0,0.00005,213,0.000007,0,2,2,0,2,2
16239104,,0.000198,0,231,0.000014,10,0,10,10,0,10
16240122,,0.000307,0,232,0.000048,13,0,13,13,0,13
24168170,,0,0.000006,232,0.000007,0,1,1,0,1,1
23503052,,0,0.000006,232,0.000007,0,1,1,0,1,1
20661445,,0,0.000009,232,0.000007,0,2,2,0,2,2
20150440,,0,0.000006,232,0.000007,0,1,1,0,1,1
19717431,,0,0.000297,232,0.000007,0,2,2,0,2,2
19607843,,0,0.000006,232,0.000007,0,1,1,0,1,1
17622968,,0,0.000006,232,0.000007,0,1,1,0,1,1
16241993,,0.001295,0,90,0.00022,19,0,19,19,0,19
26400399,,0,0.000025,90,0.000007,0,1,1,0,1,1
25376609,,0,0.000145,90,0.000007,0,2,2,0,2,2
24696720,,0,0.000025,90,0.000007,0,1,1,0,1,1
24068038,,0,0.000028,90,0.000007,0,2,2,0,2,2
22186138,,0,0.000025,90,0.000007,0,1,1,0,1,1
21893382,,0,0.000025,90,0.000007,0,1,1,0,1,1
16244359,,0.000739,0,5,0.000029,11,0,11,11,0,11
23532004,,0,0.000014,5,0.000007,0,1,1,0,1,1
19933307,,0,0.000014,5,0.000007,0,1,1,0,1,1
16244478,,0.000083,0,5,0.000013,2,0,2,2,0,2
16244473,,0,0.000002,5,0.000007,0,1,1,0,1,1
16244786,,0.000532,0,140,0.000007,2,0,2,2,0,2
16246487,,0.003019,0,100,0.000064,22,0,22,22,0,22
19540854,,0,0.000058,100,0.000007,0,1,1,0,1,1
18723126,,0,0.000058,100,0.000007,0,1,1,0,1,1
18195366,,0,0.000058,184,0.000007,0,2,2,0,2,2
16249056,,0.000735,0,100,0.000137,17,0,17,17,0,17
29675099,,0,0.000024,100,0.000007,0,2,2,0,2,2
25705056,,0,0.000014,100,0.000007,0,1,1,0,1,1
22977230,,0.000092,0.000014,69,0.000101,22,1,23,22,1,23
22544744,,0,0.000014,100,0.000007,0,1,1,0,1,1
20051983,,0,0.000692,100,0.000007,0,4,4,0,4,4
19744932,,0,0.000014,100,0.000007,0,1,1,0,1,1
19377301,,0,0.000025,100,0.000007,0,2,2,0,2,2
19226453,,0,0.000014,100,0.000007,0,1,1,0,1,1
16251802,,0.010908,0,1,0.000101,41,0,41,41,0,41
27965414,,0,0.000208,1,0.000007,0,1,1,0,1,1
25890222,,0,0.000458,1,0.000007,0,4,4,0,4,4
24591535,,0,0.006894,1,0.000007,0,3,3,0,3,3
22460902,,0,0.007201,1,0.000007,0,3,3,0,3,3
21482670,,0,0.013589,1,0.000007,0,8,8,0,8,8
16252621,,0.00052,0,5,0.000016,9,0,9,9,0,9
22942831,,0,0.000028,5,0.000007,0,2,2,0,2,2
30338246,,0,0.00003,176,0.000007,0,1,1,0,1,1
16253756,,0.001593,0,176,0.000741,111,0,111,111,0,111
28676096,,0,0.00003,176,0.000007,0,1,1,0,1,1
28577489,,0,0.00003,176,0.000007,0,1,1,0,1,1
28515047,,0,0.000119,35,0.000007,0,6,6,0,6,6
28258199,,0,0.00003,176,0.000007,0,1,1,0,1,1
27335639,,0,0.000466,176,0.000007,0,8,8,0,8,8
27161598,,0,0.00003,176,0.000007,0,1,1,0,1,1
27147573,,0,0.000032,35,0.000007,0,2,2,0,2,2
26835512,,0,0.000032,176,0.000007,0,2,2,0,2,2
26771138,,0,0.000043,176,0.000007,0,2,2,0,2,2
26690546,,0,0.000237,176,0.000007,0,2,2,0,2,2
26578791,,0,0.00003,176,0.000007,0,1,1,0,1,1
26439168,,0,0.00003,176,0.000007,0,1,1,0,1,1
26358854,,0,0.000402,176,0.000007,0,2,2,0,2,2
26335560,,0,0.00003,176,0.000007,0,1,1,0,1,1
26293554,,0,0.000037,176,0.000007,0,2,2,0,2,2
25803745,,0,0.00003,176,0.000007,0,1,1,0,1,1
25705694,,0,0.00003,176,0.000007,0,1,1,0,1,1
25590559,,0,0.00003,176,0.000007,0,1,1,0,1,1
25455111,,0,0.00003,176,0.000007,0,1,1,0,1,1
25412316,,0,0.00003,176,0.000007,0,1,1,0,1,1
25329824,,0,0.00003,176,0.000007,0,1,1,0,1,1
25261373,,0,0.00003,176,0.000007,0,1,1,0,1,1
25028599,,0,0.00003,176,0.000007,0,1,1,0,1,1
24799670,,0,0.00003,176,0.000007,0,1,1,0,1,1
24594937,,0,0.000043,176,0.000007,0,2,2,0,2,2
24211536,,0,0.00003,176,0.000007,0,1,1,0,1,1
24047694,,0,0.0001,176,0.000007,0,2,2,0,2,2
23825799,,0,0.007549,176,0.000007,0,4,4,0,4,4
23776583,,0,0.00003,176,0.000007,0,1,1,0,1,1
23675453,,0,0.00003,176,0.000007,0,1,1,0,1,1
23472065,,0,0.000098,176,0.000007,0,4,4,0,4,4
23159860,,0,0.00003,176,0.000007,0,1,1,0,1,1
23136618,,0,0.00003,176,0.000007,0,1,1,0,1,1
23119227,,0,0.000985,137,0.000007,0,3,3,0,3,3
23091651,,0,0.000042,176,0.000007,0,2,2,0,2,2
23022877,,0,0.00003,176,0.000007,0,1,1,0,1,1
22785532,,0,0.000042,176,0.000007,0,2,2,0,2,2
22653338,,0,0.00003,176,0.000007,0,1,1,0,1,1
22566623,,0,0.00003,176,0.000007,0,1,1,0,1,1
22305267,,0,0.000056,90,0.000007,0,2,2,0,2,2
22262168,,0,0.00003,176,0.000007,0,1,1,0,1,1
22178868,,0,0.00003,176,0.000007,0,1,1,0,1,1
21963848,,0,0.00003,176,0.000007,0,1,1,0,1,1
21483691,,0,0.00003,176,0.000007,0,1,1,0,1,1
21392584,,0,0.00003,176,0.000007,0,1,1,0,1,1
21364642,,0,0.00003,176,0.000007,0,1,1,0,1,1
21272329,,0,0.00003,176,0.000007,0,1,1,0,1,1
21118142,,0,0.00003,176,0.000007,0,1,1,0,1,1
21041232,,0,0.00003,176,0.000007,0,1,1,0,1,1
20952538,,0,0.00003,176,0.000007,0,1,1,0,1,1
20800559,,0,0.00003,176,0.000007,0,1,1,0,1,1
20697357,,0,0.00003,176,0.000007,0,1,1,0,1,1
20664058,,0,0.00003,176,0.000007,0,1,1,0,1,1
20663915,,0,0.00003,176,0.000007,0,1,1,0,1,1
20660298,,0,0.00003,176,0.000007,0,1,1,0,1,1
20300952,,0,0.00003,176,0.000007,0,1,1,0,1,1
20164920,,0,0.00003,176,0.000007,0,1,1,0,1,1
20108112,,0,0.000117,35,0.000007,0,2,2,0,2,2
20030412,,0,0.00003,176,0.000007,0,1,1,0,1,1
20003272,,0.00068,0.00003,176,0.00027,52,1,53,52,1,53
20000476,,0,0.00003,176,0.000007,0,1,1,0,1,1
19933848,,0,0.00003,176,0.000007,0,1,1,0,1,1
19923323,,0,0.00003,176,0.000007,0,1,1,0,1,1
19883508,,0,0.00003,176,0.000007,0,1,1,0,1,1
19668340,,0,0.00003,176,0.000007,0,1,1,0,1,1
19607708,,0,0.00003,176,0.000007,0,1,1,0,1,1
19515853,,0,0.00003,176,0.000007,0,1,1,0,1,1
19430492,,0,0.00003,176,0.000007,0,1,1,0,1,1
19243593,,0,0.00003,176,0.000007,0,1,1,0,1,1
19137014,,0,0.00003,176,0.000007,0,1,1,0,1,1
18812553,,0,0.00003,176,0.000007,0,1,1,0,1,1
18588678,,0,0.000042,176,0.000007,0,2,2,0,2,2
18566106,,0,0.00003,176,0.000007,0,1,1,0,1,1
18555779,,0,0.00003,176,0.000007,0,1,1,0,1,1
18490919,,0,0.00003,176,0.000007,0,1,1,0,1,1
18195712,,0,0.00003,176,0.000007,0,1,1,0,1,1
17999753,,0,0.00003,176,0.000007,0,1,1,0,1,1
17942908,,0,0.00003,176,0.000007,0,1,1,0,1,1
17910767,,0,0.00003,176,0.000007,0,1,1,0,1,1
17692122,,0,0.00003,176,0.000007,0,1,1,0,1,1
17586259,,0,0.00003,176,0.000007,0,1,1,0,1,1
17433108,,0,0.00003,176,0.000007,0,1,1,0,1,1
17428875,,0,0.00003,176,0.000007,0,1,1,0,1,1
17081288,,0,0.00003,176,0.000007,0,1,1,0,1,1
17015463,,0,0.00003,176,0.000007,0,1,1,0,1,1
16819507,,0,0.00003,176,0.000007,0,1,1,0,1,1
16254187,,0.010877,0,100,0.000284,72,0,72,72,0,72
30090395,,0,0.000339,100,0.000007,0,6,6,0,6,6
29774769,,0,0.000238,100,0.000007,0,2,2,0,2,2
27105872,,0,0.000207,100,0.000007,0,1,1,0,1,1
26764186,,0,0.000207,346,0.000043,6,1,7,6,1,7
26512619,,0,0.004017,35,0.000007,0,10,10,0,10,10
17942417,,0,0.000207,100,0.000007,0,1,1,0,1,1
16258097,,0.000225,0,5,0.000048,21,0,21,21,0,21
26661631,,0,0.000366,5,0.000007,0,8,8,0,8,8
24173501,,0,0.000006,5,0.000007,0,2,2,0,2,2
23092046,,0,0.000013,5,0.000007,0,2,2,0,2,2
19875730,,0,0.000004,5,0.000007,0,1,1,0,1,1
19129518,,0,0.000004,5,0.000007,0,1,1,0,1,1
18721901,,0,0.000004,5,0.000007,0,1,1,0,1,1
28482906,,0,0.007646,100,0.000007,0,4,4,0,4,4
16258266,,0.002438,0,100,0.000152,22,0,22,22,0,22
24978112,,0,0.000065,90,0.000007,0,2,2,0,2,2
22539975,,0,0.000046,100,0.000007,0,1,1,0,1,1
19955310,,0,0.000046,100,0.000007,0,1,1,0,1,1
27066097,,0,0.000373,72,0.000007,0,2,2,0,2,2
16260778,,0.000479,0,72,0.000072,17,0,17,17,0,17
24968945,,0,0.000009,72,0.000007,0,1,1,0,1,1
24909977,,0,0.000009,72,0.000007,0,1,1,0,1,1
22749147,,0,0.001233,100,0.000007,0,3,3,0,3,3
19776015,,0,0.000009,72,0.000007,0,1,1,0,1,1
19470456,,0,0.000009,72,0.000007,0,1,1,0,1,1
17967894,,0,0.000009,72,0.000007,0,1,1,0,1,1
17967892,,0,0.000009,72,0.000007,0,1,1,0,1,1
17656371,,0,0.000009,72,0.000007,0,1,1,0,1,1
16261399,,0.000923,0,5,0.000028,17,0,17,17,0,17
26172878,,0,0.000208,5,0.000007,0,4,4,0,4,4
23966430,,0,0.000151,5,0.000007,0,3,3,0,3,3
16261400,,0.001629,0,89,0.000015,19,0,19,19,0,19
28545225,,0,0.00058,89,0.000007,0,15,15,0,15,15
16261409,,0.000407,0,89,0.000008,4,0,4,4,0,4
16266871,,0.000089,0,205,0.000011,2,0,2,2,0,2
16267036,,0.002576,0,140,0.00005,26,0,26,26,0,26
30321230,,0,0.000008,82,0.000007,0,1,1,0,1,1
16267836,,0.00042,0,82,0.000301,63,0,63,63,0,63
29730477,,0,0.000008,82,0.000007,0,1,1,0,1,1
29632550,,0,0.000008,82,0.000007,0,1,1,0,1,1
29464071,,0,0.000008,82,0.000007,0,1,1,0,1,1
29450148,,0,0.000008,82,0.000007,0,1,1,0,1,1
29185464,,0,0.000008,82,0.000007,0,1,1,0,1,1
28672019,,0,0.000009,82,0.000007,0,2,2,0,2,2
28379958,,0,0.000008,82,0.000007,0,1,1,0,1,1
26975494,,0,0.000154,89,0.000007,0,3,3,0,3,3
26699530,,0,0.000008,82,0.000007,0,1,1,0,1,1
26689514,,0,0.000008,82,0.000007,0,1,1,0,1,1
26554150,,0,0.000008,82,0.000007,0,1,1,0,1,1
26005655,,0,0.000008,82,0.000007,0,1,1,0,1,1
25903140,,0,0.000008,82,0.000007,0,1,1,0,1,1
25228915,,0,0.000008,82,0.000007,0,1,1,0,1,1
24086362,,0,0.000008,82,0.000007,0,1,1,0,1,1
24062990,,0,0.000009,279,0.000007,0,2,2,0,2,2
23957008,,0,0.000008,82,0.000007,0,1,1,0,1,1
23878190,,0,0.000008,82,0.000007,0,1,1,0,1,1
23365641,,0,0.000008,82,0.000007,0,1,1,0,1,1
23192356,,0,0.000008,82,0.000007,0,1,1,0,1,1
23187804,,0,0.000008,82,0.000007,0,1,1,0,1,1
23056370,,0,0.000008,82,0.000007,0,1,1,0,1,1
22768240,,0,0.000008,82,0.000007,0,1,1,0,1,1
22647697,,0,0.000008,82,0.000007,0,1,1,0,1,1
22454635,,0,0.000008,82,0.000007,0,1,1,0,1,1
22389719,,0,0.000008,82,0.000007,0,1,1,0,1,1
22279422,,0,0.000424,1,0.000007,0,5,5,0,5,5
22232548,,0,0.000008,82,0.000007,0,1,1,0,1,1
22174378,,0,0.000008,82,0.000007,0,2,2,0,2,2
21474146,,0,0.000008,82,0.000007,0,1,1,0,1,1
21451135,,0,0.000008,82,0.000007,0,1,1,0,1,1
21349819,,0,0.000008,82,0.000007,0,1,1,0,1,1
21147910,,0,0.006668,82,0.000007,0,2,2,0,2,2
20855462,,0,0.000008,82,0.000007,0,1,1,0,1,1
20687220,,0,0.000008,82,0.000007,0,1,1,0,1,1
20579941,,0,0.000008,82,0.000007,0,1,1,0,1,1
19690542,,0,0.000008,82,0.000007,0,1,1,0,1,1
19523862,,0,0.000008,82,0.000007,0,1,1,0,1,1
19252750,,0,0.000073,57,0.000007,0,2,2,0,2,2
18679417,,0,0.000008,82,0.000007,0,1,1,0,1,1
18593908,,0,0.000008,82,0.000007,0,1,1,0,1,1
18577987,,0,0.000008,82,0.000007,0,1,1,0,1,1
18213636,,0,0.000009,35,0.000007,0,2,2,0,2,2
18196528,,0,0.000008,82,0.000007,0,1,1,0,1,1
18160432,,0,0.000008,82,0.000007,0,1,1,0,1,1
17897949,,0,0.000008,82,0.000007,0,1,1,0,1,1
17786228,,0,0.000009,35,0.000007,0,2,2,0,2,2
16952311,,0,0.000008,82,0.000007,0,1,1,0,1,1
16271956,,0.000539,0,89,0.000008,3,0,3,3,0,3
16276440,,0,0,140,0.000019,3,0,3,3,0,3
20300488,,0,0.000014,140,0.000007,0,2,2,0,2,2
17553165,,0,0,140,0.000007,0,1,1,0,1,1
19434427,,0,0.000106,231,0.000007,0,3,3,0,3,3
24935269,,0,0.000007,5,0.000007,0,1,1,0,1,1
24364541,,0,0.000007,5,0.000007,0,1,1,0,1,1
18316559,,0,0.000007,5,0.000007,0,1,1,0,1,1
17044938,,0,0.000007,5,0.000007,0,1,1,0,1,1
29755699,,0,0.000253,205,0.000007,0,4,4,0,4,4
16283620,,0.000594,0,184,0.000036,14,0,14,14,0,14
24237966,,0,0.000011,184,0.000007,0,1,1,0,1,1
22363215,,0,0.000011,184,0.000007,0,1,1,0,1,1
16284494,,0.000012,0,5,0.000011,2,0,2,2,0,2
16284991,,0.041334,0,1,0.001328,190,0,190,190,0,190
30207101,,0,0.002387,1,0.000007,0,2,2,0,2,2
29529211,,0,0.002931,1,0.00001,1,13,14,1,13,14
29456628,,0,0.000788,1,0.000007,0,1,1,0,1,1
29179445,,0,0.011051,1,0.000007,0,7,7,0,7,7
28781807,,0,0.008224,69,0.000007,0,2,2,0,2,2
28651617,,0,0.002235,100,0.00001,1,6,7,1,6,7
28610746,,0.000344,0.004386,1,0.000008,3,13,16,3,13,16
28526814,,0,0.000788,1,0.000007,0,1,1,0,1,1
27973714,,0,0.000788,1,0.000007,0,1,1,0,1,1
27765459,,0,0.008364,1,0.000007,0,5,5,0,5,5
27759028,,0,0.008674,1,0.000007,0,6,6,0,6,6
27233618,,0,0.000788,1,0.000007,0,1,1,0,1,1
27145761,,0,0.002387,1,0.000007,0,2,2,0,2,2
27083775,,0.000138,0.002468,205,0.000028,9,11,20,9,11,20
26843678,,0,0.000788,1,0.000007,0,1,1,0,1,1
26807235,,0,0.008339,69,0.000007,0,3,3,0,3,3
26109557,,0.000433,0.00314,1,0.000009,3,4,7,3,4,7
26099452,,0,0.008771,69,0.000007,0,3,3,0,3,3
25886519,,0.00177,0.002496,205,0.000036,18,8,26,18,8,26
25556615,,0,0.01341,1,0.000007,0,7,7,0,7,7
24707357,,0,0.008224,69,0.000007,0,2,2,0,2,2
24676469,,0,0.000902,5,0.000007,0,2,2,0,2,2
24141004,,0,0.010329,1,0.000007,0,6,6,0,6,6
23555554,,0,0.008481,231,0.000007,0,5,5,0,5,5
23082132,,0,0.000788,1,0.000007,0,1,1,0,1,1
20689769,,0,0.001335,1,0.000007,0,2,2,0,2,2
19127118,,0,0.000788,1,0.000007,0,1,1,0,1,1
19124477,,0,0.000854,1,0.000007,0,4,4,0,4,4
16287141,,0.000679,0,89,0.000015,6,0,6,6,0,6
28824612,,0,0.000083,1,0.000007,0,1,1,0,1,1
16287996,,0.004359,0,1,0.000075,19,0,19,19,0,19
28447610,,0,0.000083,1,0.000007,0,1,1,0,1,1
19336541,,0,0.000113,205,0.000007,0,2,2,0,2,2
19110069,,0,0.000374,57,0.000007,0,2,2,0,2,2
16288014,,0.002703,0,87,0.000102,30,0,30,30,0,30
27297407,,0,0.000052,87,0.000007,0,1,1,0,1,1
23386971,,0,0.000052,87,0.000007,0,1,1,0,1,1
22727333,,0,0.000052,87,0.000007,0,1,1,0,1,1
22034047,,0,0.000066,87,0.000007,0,2,2,0,2,2
21627793,,0,0.000052,87,0.000007,0,1,1,0,1,1
21167017,,0,0.000052,87,0.000007,0,1,1,0,1,1
20815901,,0,0.000052,87,0.000007,0,1,1,0,1,1
19458769,,0,0.000052,87,0.000007,0,1,1,0,1,1
19158963,,0,0.000052,87,0.000007,0,1,1,0,1,1
16288312,,0.000477,0,5,0.000009,5,0,5,5,0,5
16293160,,0.000023,0,89,0.00001,2,0,2,2,0,2
16293877,,0.005407,0,5,0.000337,134,0,134,134,0,134
30306043,,0,0.000103,5,0.000007,0,1,1,0,1,1
30210716,,0,0.000103,5,0.000007,0,1,1,0,1,1
30189633,,0,0.000103,5,0.000007,0,1,1,0,1,1
30008832,,0,0.000103,5,0.000007,0,1,1,0,1,1
29614786,,0,0.000144,5,0.000007,0,4,4,0,4,4
28883997,,0,0.000103,5,0.000007,0,1,1,0,1,1
28680538,,0,0.000103,5,0.000007,0,1,1,0,1,1
28452624,,0,0.000168,5,0.000007,0,2,2,0,2,2
28053631,,0,0.000103,5,0.000007,0,1,1,0,1,1
28040934,,0,0.000103,5,0.000007,0,1,1,0,1,1
27790545,,0,0.000103,5,0.000007,0,1,1,0,1,1
27587958,,0,0.000128,5,0.000007,0,2,2,0,2,2
26229605,,0,0.000103,5,0.000007,0,1,1,0,1,1
26133636,,0,0.000103,5,0.000007,0,1,1,0,1,1
25975566,,0,0.000103,5,0.000007,0,1,1,0,1,1
25971900,,0,0.000103,5,0.000007,0,1,1,0,1,1
25785918,,0,0.000103,5,0.000007,0,1,1,0,1,1
25785083,,0,0.000103,5,0.000007,0,1,1,0,1,1
25031307,,0,0.000103,5,0.000007,0,1,1,0,1,1
24620911,,0,0.000103,5,0.000007,0,1,1,0,1,1
24498092,,0,0.000103,5,0.000007,0,1,1,0,1,1
24459091,,0,0.000168,5,0.000007,0,2,2,0,2,2
23943885,,0,0.000128,5,0.000007,0,2,2,0,2,2
23762182,,0,0.000103,5,0.000007,0,1,1,0,1,1
23556929,,0,0.000103,5,0.000007,0,1,1,0,1,1
23149773,,0,0.000103,5,0.000007,0,1,1,0,1,1
22295233,,0,0.000103,5,0.000007,0,1,1,0,1,1
21302775,,0,0.000103,5,0.000007,0,1,1,0,1,1
20800948,,0,0.000103,5,0.000007,0,1,1,0,1,1
20064254,,0,0.000103,5,0.000007,0,1,1,0,1,1
19789878,,0,0.000103,5,0.000007,0,1,1,0,1,1
19770298,,0,0.000103,5,0.000007,0,1,1,0,1,1
19197974,,0,0.000103,5,0.000007,0,1,1,0,1,1
18195383,,0,0.000103,5,0.000007,0,1,1,0,1,1
17102046,,0,0.000103,5,0.000007,0,1,1,0,1,1
27099843,,0,0.000006,247,0.000007,0,1,1,0,1,1
24240191,,0,0.000006,247,0.000007,0,1,1,0,1,1
22517433,,0,0.000006,247,0.000007,0,2,2,0,2,2
21029754,,0,0.000006,247,0.000007,0,1,1,0,1,1
20960203,,0,0.000006,247,0.000007,0,1,1,0,1,1
20805321,,0,0.000006,247,0.000007,0,1,1,0,1,1
19259423,,0,0.000006,247,0.000007,0,1,1,0,1,1
18573877,,0,0.000006,247,0.000007,0,1,1,0,1,1
18458157,,0,0.000006,247,0.000007,0,1,1,0,1,1
16303245,,0.000229,0,168,0.000049,14,0,14,14,0,14
25579142,,0,0.000008,168,0.000007,0,2,2,0,2,2
25577646,,0,0.000004,168,0.000007,0,1,1,0,1,1
24349473,,0,0.000004,168,0.000007,0,1,1,0,1,1
23028731,,0,0.000328,168,0.000007,0,2,2,0,2,2
29545964,,0,0.000241,35,0.000007,0,3,3,0,3,3
16310671,,0.000005,0,35,0.000009,1,0,1,1,0,1
26130668,,0,0.000001,231,0.000007,0,1,1,0,1,1
16314399,,0.000071,0,231,0.000027,10,0,10,10,0,10
22313133,,0,0.00004,231,0.000007,0,2,2,0,2,2
29700676,,0,0.000229,35,0.000007,0,2,2,0,2,2
16314623,,0.000862,0,35,0.000039,13,0,13,13,0,13
19480018,,0,0.000016,35,0.000007,0,1,1,0,1,1
16314625,,0.004623,0,5,0.000156,33,0,33,33,0,33
27117159,,0,0.001544,5,0.000007,0,22,22,0,22,22
24932078,,0,0.000088,5,0.000007,0,1,1,0,1,1
17680835,,0.000033,0.000088,5,0.000064,11,1,12,11,1,12
16319259,,0.002413,0,69,0.000058,34,0,34,34,0,34
19151662,,0,0.001426,69,0.000007,0,8,8,0,8,8
16319990,,0.000398,0,5,0.000015,8,0,8,8,0,8
24877073,,0,0.000123,5,0.000007,0,2,2,0,2,2
17475915,,0,0.000095,5,0.000007,0,4,4,0,4,4
16322115,,0.007921,0,5,0.000031,23,0,23,23,0,23
17085257,,0,0.000151,5,0.000007,0,1,1,0,1,1
16322207,,0.001267,0,100,0.000035,12,0,12,12,0,12
28553505,,0,0.000025,100,0.000007,0,2,2,0,2,2
22457805,,0,0.000024,100,0.000007,0,1,1,0,1,1
18086147,,0,0.000024,100,0.000007,0,1,1,0,1,1
16322213,,0.00755,0,279,0.000199,53,0,53,53,0,53
27806084,,0,0.000395,231,0.000007,0,3,3,0,3,3
22847428,,0,0.000144,279,0.000007,0,1,1,0,1,1
22741010,,0,0.000144,279,0.000007,0,1,1,0,1,1
20929568,,0,0.000144,279,0.000007,0,1,1,0,1,1
20920229,,0,0.00069,279,0.000007,0,3,3,0,3,3
19208741,,0,0.000144,279,0.000007,0,1,1,0,1,1
19035483,,0,0.000144,279,0.000007,0,1,1,0,1,1
19004026,,0,0.000144,279,0.000007,0,1,1,0,1,1
17985493,,0,0.000144,279,0.000007,0,1,1,0,1,1
30168803,,0,0.000015,24,0.000007,0,1,1,0,1,1
16322305,,0.000784,0,24,0.000221,41,0,41,41,0,41
29768500,,0,0.000018,24,0.000007,0,2,2,0,2,2
29482577,,0,0.000015,24,0.000007,0,1,1,0,1,1
29089489,,0,0.000015,24,0.000007,0,1,1,0,1,1
28819582,,0,0.000015,24,0.000007,0,1,1,0,1,1
28391184,,0,0.000015,24,0.000007,0,1,1,0,1,1
27244886,,0,0.000015,24,0.000007,0,1,1,0,1,1
27002142,,0,0.000015,24,0.000007,0,1,1,0,1,1
26881027,,0,0.000015,24,0.000007,0,1,1,0,1,1
26760912,,0,0.000015,24,0.000007,0,1,1,0,1,1
26758418,,0,0.000015,24,0.000007,0,1,1,0,1,1
26743692,,0,0.000015,24,0.000007,0,1,1,0,1,1
26439985,,0,0.000015,24,0.000007,0,1,1,0,1,1
26405597,,0,0.000022,100,0.000007,0,2,2,0,2,2
25945832,,0,0.000015,24,0.000007,0,1,1,0,1,1
25896339,,0,0.000015,24,0.000007,0,1,1,0,1,1
25593990,,0,0.000015,24,0.000007,0,1,1,0,1,1
25287744,,0,0.000015,24,0.000007,0,1,1,0,1,1
24575839,,0,0.000015,24,0.000007,0,1,1,0,1,1
24370277,,0,0.000044,24,0.000007,0,2,2,0,2,2
24281068,,0,0.000015,24,0.000007,0,1,1,0,1,1
23389041,,0,0.000015,24,0.000007,0,1,1,0,1,1
23311917,,0,0.000015,24,0.000007,0,1,1,0,1,1
23112551,,0,0.000015,24,0.000007,0,1,1,0,1,1
22882193,,0,0.000015,24,0.000007,0,1,1,0,1,1
22768103,,0,0.001017,24,0.000007,0,2,2,0,2,2
22447839,,0,0.000015,24,0.000007,0,1,1,0,1,1
22293394,,0,0.000015,24,0.000007,0,1,1,0,1,1
22266922,,0,0.000015,24,0.000007,0,1,1,0,1,1
21739118,,0,0.000015,24,0.000007,0,1,1,0,1,1
21069141,,0,0.000015,24,0.000007,0,1,1,0,1,1
20955789,,0,0.000015,24,0.000007,0,1,1,0,1,1
20584310,,0,0.000015,24,0.000007,0,1,1,0,1,1
19715609,,0,0.000015,24,0.000007,0,1,1,0,1,1
18257743,,0,0.000015,24,0.000007,0,1,1,0,1,1
17637738,,0,0.000015,24,0.000007,0,1,1,0,1,1
17095247,,0,0.000015,24,0.000007,0,1,1,0,1,1
29333125,,0,0,41,0.000007,0,1,1,0,1,1
16323010,,0.000003,0,41,0.000106,19,0,19,19,0,19
24981136,,0,0,41,0.000007,0,1,1,0,1,1
23717556,,0,0,41,0.000007,0,1,1,0,1,1
22993613,,0,0.000002,41,0.000007,0,2,2,0,2,2
22902050,,0,0,41,0.000007,0,1,1,0,1,1
22140477,,0,0,41,0.000007,0,1,1,0,1,1
20485449,,0,0,41,0.000007,0,1,1,0,1,1
19127282,,0,0,41,0.000007,0,1,1,0,1,1
18513279,,0,0,41,0.000007,0,1,1,0,1,1
18482828,,0,0,41,0.000007,0,1,1,0,1,1
18302794,,0,0,41,0.000007,0,1,1,0,1,1
17854076,,0,0,41,0.000007,0,1,1,0,1,1
17702965,,0,0,41,0.000007,0,1,1,0,1,1
17008174,,0,0,41,0.000007,0,1,1,0,1,1
16982009,,0,0,41,0.000007,0,1,1,0,1,1
16713172,,0,0,41,0.000007,0,1,1,0,1,1
16324400,,0.000383,0,89,0.000008,4,0,4,4,0,4
29843393,,0,0.000003,134,0.000007,0,1,1,0,1,1
16325764,,0.000169,0,134,0.000052,8,0,8,8,0,8
21702918,,0,0.000003,134,0.000007,0,1,1,0,1,1
21437026,,0,0.000003,134,0.000007,0,1,1,0,1,1
20864511,,0,0.000003,134,0.000007,0,1,1,0,1,1
20696139,,0,0.000003,134,0.000007,0,1,1,0,1,1
17628176,,0,0.000003,134,0.000007,0,1,1,0,1,1
17507086,,0,0.000003,134,0.000007,0,1,1,0,1,1
16326698,,0.001377,0,137,0.000101,31,0,31,31,0,31
29342092,,0,0.000041,137,0.000007,0,2,2,0,2,2
28698603,,0,0.000225,279,0.000007,0,15,15,0,15,15
28546520,,0,0.000026,137,0.000007,0,1,1,0,1,1
27506935,,0,0.000026,137,0.000007,0,1,1,0,1,1
27358718,,0,0.000041,137,0.000007,0,2,2,0,2,2
25215509,,0,0.000041,137,0.000007,0,2,2,0,2,2
24769813,,0,0.000072,137,0.000007,0,3,3,0,3,3
24651651,,0,0.000026,137,0.000007,0,1,1,0,1,1
23562840,,0,0.000058,137,0.000007,0,3,3,0,3,3
21347172,,0,0.000026,137,0.000007,0,1,1,0,1,1
19643728,,0,0.000041,137,0.000007,0,2,2,0,2,2
30416851,,0,0.000011,35,0.000007,0,1,1,0,1,1
16331276,,0.000586,0,35,0.000105,27,0,27,27,0,27
29970021,,0,0.000034,35,0.000007,0,2,2,0,2,2
29669022,,0,0.000011,35,0.000007,0,1,1,0,1,1
29050292,,0,0.000011,35,0.000007,0,1,1,0,1,1
27284343,,0,0.000034,35,0.000007,0,2,2,0,2,2
27223064,,0,0.000011,35,0.000007,0,1,1,0,1,1
24421989,,0,0.000011,35,0.000007,0,1,1,0,1,1
24084849,,0,0.000011,35,0.000007,0,1,1,0,1,1
22610119,,0,0.007447,35,0.000007,0,2,2,0,2,2
22391567,,0,0.001307,35,0.000007,0,6,6,0,6,6
19811689,,0,0.000163,241,0.000007,0,5,5,0,5,5
19549328,,0,0.000034,35,0.000007,0,2,2,0,2,2
19396866,,0,0.000011,35,0.000007,0,1,1,0,1,1
18611952,,0,0.000011,35,0.000007,0,1,1,0,1,1
18254968,,0,0.000026,90,0.000007,0,2,2,0,2,2
16982676,,0,0.000011,35,0.000007,0,1,1,0,1,1
16980581,,0,0.000011,35,0.000007,0,1,1,0,1,1
16792526,,0,0.000011,35,0.000007,0,1,1,0,1,1
25619313,,0,0,177,0.000007,0,1,1,0,1,1
16331346,,0,0,177,0.000022,3,0,3,3,0,3
25299224,,0,0,177,0.000007,0,1,1,0,1,1
24586700,,0,0,177,0.000007,0,2,2,0,2,2
16331614,,0.008008,0,5,0.000067,59,0,59,59,0,59
25083468,,0,0.000182,5,0.000007,0,3,3,0,3,3
24155644,,0,0.000153,5,0.000007,0,1,1,0,1,1
16333312,,0.000474,0,100,0.000013,8,0,8,8,0,8
29760748,,0,0.000003,82,0.000007,0,1,1,0,1,1
16334138,,0.000172,0,82,0.000033,6,0,6,6,0,6
26380015,,0,0.000003,82,0.000007,0,1,1,0,1,1
25866477,,0,0.000003,82,0.000007,0,1,1,0,1,1
19826000,,0,0.000479,82,0.000007,0,3,3,0,3,3
17322344,,0,0.000003,82,0.000007,0,1,1,0,1,1
29313279,,0,0.02031,1,0.000007,0,13,13,0,13,13
16337408,,0.001262,0,140,0.000039,13,0,13,13,0,13
21340004,,0,0.000024,140,0.000019,2,1,3,2,1,3
16337994,,0.000178,0,35,0.000022,4,0,4,4,0,4
22370636,,0,0.000003,35,0.000007,0,1,1,0,1,1
18247584,,0,0.000003,35,0.000007,0,1,1,0,1,1
30458011,,0,0.000792,35,0.000007,0,2,2,0,2,2
16341146,,0.024846,0,35,0.001224,262,0,262,262,0,262
30305801,,0,0.000475,35,0.000007,0,3,3,0,3,3
30158824,,0,0.000637,35,0.000007,0,2,2,0,2,2
30150877,,0,0.003235,1,0.000007,0,8,8,0,8,8
30087365,,0,0.000792,35,0.000007,0,4,4,0,4,4
29996906,,0,0.003526,35,0.000007,0,21,21,0,21,21
29949997,,0,0.000474,35,0.000007,0,1,1,0,1,1
29884220,,0,0.000475,35,0.000007,0,3,3,0,3,3
29801411,,0,0.001965,35,0.000007,0,6,6,0,6,6
29581274,,0,0.000501,35,0.000007,0,2,2,0,2,2
29487724,,0,0.000474,35,0.000007,0,1,1,0,1,1
29306324,,0,0.000474,35,0.000007,0,1,1,0,1,1
29133591,,0,0.000474,35,0.000007,0,1,1,0,1,1
28955712,,0,0.000474,35,0.000007,0,1,1,0,1,1
28941134,,0,0.00054,35,0.000007,0,2,2,0,2,2
28809778,,0,0.000474,279,0.000007,0,2,2,0,2,2
28754978,,0,0.001203,35,0.000007,0,4,4,0,4,4
28638726,,0,0.000865,35,0.000007,0,4,4,0,4,4
28612435,,0,0.000705,35,0.000007,0,6,6,0,6,6
28529559,,0,0.000732,35,0.000007,0,2,2,0,2,2
28451461,,0,0.000474,35,0.000007,0,1,1,0,1,1
28445469,,0,0.000474,35,0.000007,0,1,1,0,1,1
28423644,,0,0.000474,35,0.000007,0,1,1,0,1,1
28331673,,0,0.000489,35,0.000007,0,2,2,0,2,2
28064383,,0,0.000474,35,0.000007,0,1,1,0,1,1
27618431,,0,0.000493,35,0.000007,0,2,2,0,2,2
27252813,,0,0.00389,35,0.000007,0,2,2,0,2,2
27228477,,0,0.000599,35,0.000007,0,3,3,0,3,3
27083182,,0,0.000942,35,0.000007,0,5,5,0,5,5
26939876,,0,0.000553,66,0.000007,0,4,4,0,4,4
26912661,,0,0.000474,35,0.000007,0,1,1,0,1,1
26759246,,0,0.000531,35,0.000007,0,2,2,0,2,2
26751287,,0,0.000474,35,0.000007,0,1,1,0,1,1
26629823,,0,0.00062,35,0.000007,0,2,2,0,2,2
26350593,,0,0.000474,35,0.000007,0,1,1,0,1,1
26309407,,0,0.000474,35,0.000007,0,1,1,0,1,1
26258068,,0,0.000523,35,0.000007,0,2,2,0,2,2
26257408,,0,0.000474,35,0.000007,0,1,1,0,1,1
26248960,,0,0.000652,35,0.000007,0,3,3,0,3,3
26004407,,0,0.0009,35,0.000007,0,2,2,0,2,2
25969993,,0,0.000783,35,0.000007,0,3,3,0,3,3
25940703,,0,0.000474,35,0.000007,0,1,1,0,1,1
25841305,,0,0.000474,35,0.000007,0,1,1,0,1,1
25823823,,0,0.000924,35,0.000007,0,3,3,0,3,3
25784836,,0,0.000653,35,0.000007,0,6,6,0,6,6
25734578,,0,0.000837,35,0.000007,0,2,2,0,2,2
25716682,,0,0.000474,35,0.000007,0,1,1,0,1,1
25506917,,0,0.001105,35,0.000007,0,3,3,0,3,3
25408354,,0,0.000792,35,0.000007,0,2,2,0,2,2
25344583,,0,0.000474,35,0.000007,0,1,1,0,1,1
25255930,,0,0.000474,35,0.000007,0,1,1,0,1,1
25202341,,0,0.000474,35,0.000007,0,1,1,0,1,1
25201187,,0,0.000619,35,0.000007,0,5,5,0,5,5
25139989,,0,0.000474,35,0.000007,0,1,1,0,1,1
24943812,,0,0.000474,35,0.000007,0,1,1,0,1,1
24932232,,0,0.000489,279,0.000007,0,4,4,0,4,4
24901235,,0,0.000647,35,0.000007,0,3,3,0,3,3
24490077,,0,0.000474,35,0.000007,0,1,1,0,1,1
24288429,,0,0.0009,35,0.000007,0,2,2,0,2,2
24273063,,0,0.000587,35,0.000007,0,2,2,0,2,2
24192926,,0,0.000474,35,0.000007,0,1,1,0,1,1
24142872,,0,0.000474,35,0.000007,0,1,1,0,1,1
23998066,,0,0.000837,35,0.000007,0,2,2,0,2,2
23930211,,0,0.000953,35,0.000007,0,5,5,0,5,5
23888115,,0,0.000474,35,0.000007,0,1,1,0,1,1
23780381,,0,0.000474,279,0.000007,0,2,2,0,2,2
23667369,,0,0.000474,35,0.000007,0,1,1,0,1,1
23620784,,0,0.000474,35,0.000007,0,1,1,0,1,1
23594883,,0,0.000474,35,0.000007,0,1,1,0,1,1
23239149,,0,0.000484,279,0.000007,0,3,3,0,3,3
22797202,,0,0.000474,35,0.000007,0,1,1,0,1,1
22767674,,0,0.0005,35,0.000007,0,2,2,0,2,2
22527102,,0,0.00101,35,0.000007,0,6,6,0,6,6
22388757,,0,0.000609,35,0.000007,0,4,4,0,4,4
22346359,,0,0.000492,35,0.000007,0,2,2,0,2,2
22276028,,0,0.000474,35,0.000007,0,1,1,0,1,1
22249250,,0,0.000908,279,0.000007,0,3,3,0,3,3
21940501,,0,0.001682,35,0.000007,0,5,5,0,5,5
21800293,,0,0.00058,35,0.000007,0,2,2,0,2,2
21672245,,0,0.001196,35,0.000007,0,4,4,0,4,4
21656328,,0,0.001615,35,0.000007,0,5,5,0,5,5
21360045,,0,0.001037,35,0.000007,0,3,3,0,3,3
21120307,,0,0.000634,35,0.000007,0,4,4,0,4,4
20978357,,0,0.000589,35,0.000007,0,3,3,0,3,3
20514295,,0,0.000474,35,0.000007,0,1,1,0,1,1
20509143,,0,0.000587,35,0.000007,0,2,2,0,2,2
19854352,,0,0.000732,35,0.000007,0,2,2,0,2,2
19773378,,0,0.000474,35,0.000007,0,1,1,0,1,1
19735549,,0,0.000474,35,0.000007,0,1,1,0,1,1
19704069,,0,0.000474,35,0.000007,0,1,1,0,1,1
19617568,,0,0.00094,35,0.000007,0,2,2,0,2,2
19602461,,0,0.000518,35,0.000007,0,2,2,0,2,2
19423651,,0,0.000477,35,0.000007,0,2,2,0,2,2
19320967,,0,0.0009,35,0.000007,0,2,2,0,2,2
19280340,,0,0.000474,35,0.000007,0,1,1,0,1,1
18559079,,0,0.000795,35,0.000007,0,2,2,0,2,2
18443585,,0,0.000487,35,0.000007,0,2,2,0,2,2
18435854,,0,0.000474,35,0.000007,0,1,1,0,1,1
18403594,,0,0.000474,35,0.000007,0,1,1,0,1,1
18381417,,0,0.001362,35,0.000007,0,4,4,0,4,4
18266105,,0,0.000491,35,0.000007,0,2,2,0,2,2
18048329,,0,0.00094,35,0.000007,0,2,2,0,2,2
18042689,,0,0.000474,35,0.000007,0,1,1,0,1,1
17979879,,0,0.000474,35,0.000007,0,1,1,0,1,1
16341802,,0.000015,0,367,0.000016,6,0,6,6,0,6
28726810,,0,0.000074,5,0.000007,0,9,9,0,9,9
16341803,,0.000044,0,5,0.000016,8,0,8,8,0,8
29147191,,0,0.000013,69,0.000007,0,1,1,0,1,1
16343177,,0.000667,0,69,0.000048,12,0,12,12,0,12
28384868,,0,0.000013,69,0.000007,0,1,1,0,1,1
24864239,,0,0.000013,69,0.000007,0,1,1,0,1,1
24281100,,0,0.00084,1,0.000007,0,8,8,0,8,8
23162641,,0,0.000866,69,0.000007,0,3,3,0,3,3
22969977,,0,0.000013,69,0.000007,0,1,1,0,1,1
22808360,,0,0.000013,69,0.000007,0,1,1,0,1,1
25965831,,0,0,135,0.000007,0,1,1,0,1,1
16353169,,0,0,135,0.000037,5,0,5,5,0,5
24722350,,0,0,135,0.000007,0,1,1,0,1,1
22750751,,0,0,135,0.000007,0,1,1,0,1,1
19589153,,0,0,135,0.000007,0,1,1,0,1,1
17222329,,0,0,135,0.000007,0,1,1,0,1,1
30352570,,0,0.000047,241,0.000007,0,1,1,0,1,1
16357146,,0.002491,0,241,0.000102,34,0,34,34,0,34
30272025,,0,0.000075,241,0.000007,0,4,4,0,4,4
29216366,,0,0.000047,241,0.000007,0,1,1,0,1,1
28619685,,0,0.000191,241,0.000007,0,3,3,0,3,3
28361690,,0,0.007483,241,0.000007,0,2,2,0,2,2
27495836,,0,0.000503,231,0.000007,0,3,3,0,3,3
27431324,,0,0.000047,241,0.000007,0,1,1,0,1,1
27374870,,0,0.000047,241,0.000007,0,1,1,0,1,1
25993096,,0,0.000047,241,0.000007,0,1,1,0,1,1
23828459,,0,0.000419,241,0.000007,0,2,2,0,2,2
23696749,,0,0.00072,100,0.000007,0,5,5,0,5,5
21941606,,0,0.000047,241,0.000007,0,1,1,0,1,1
19050310,,0,0.000047,241,0.000007,0,1,1,0,1,1
16357170,,0.010825,0,232,0.000391,83,0,83,83,0,83
29791287,,0.000038,0.002152,1,0.000015,4,12,16,4,12,16
29594212,,0,0.000206,232,0.000007,0,1,1,0,1,1
29466367,,0,0.000269,232,0.000007,0,2,2,0,2,2
29399660,,0,0.000641,232,0.000007,0,3,3,0,3,3
29059365,,0,0.000269,232,0.000007,0,2,2,0,2,2
28774341,,0,0.000291,232,0.000007,0,3,3,0,3,3
28472268,,0,0.0003,232,0.000007,0,5,5,0,5,5
26941473,,0,0.000235,232,0.000007,0,3,3,0,3,3
26627005,,0,0.000211,232,0.000007,0,2,2,0,2,2
26616225,,0,0.018379,1,0.000007,0,15,15,0,15,15
25938770,,0,0.000214,232,0.000007,0,2,2,0,2,2
25611387,,0,0.000269,232,0.000025,3,2,5,3,2,5
25430980,,0,0.000206,232,0.000007,0,1,1,0,1,1
25341896,,0,0.000206,232,0.000007,0,1,1,0,1,1
24616890,,0,0.000568,176,0.000007,0,5,5,0,5,5
24473398,,0,0.000274,232,0.000007,0,3,3,0,3,3
24272353,,0,0.000214,232,0.000007,0,2,2,0,2,2
24244429,,0,0.006969,1,0.000007,0,4,4,0,4,4
24053126,,0,0.000206,232,0.000007,0,1,1,0,1,1
21944757,,0,0.000206,232,0.000007,0,1,1,0,1,1
21626313,,0,0.000206,232,0.000007,0,1,1,0,1,1
21454803,,0,0.000206,232,0.000007,0,1,1,0,1,1
21360638,,0,0.000206,232,0.000007,0,1,1,0,1,1
20585447,,0.003024,0.000364,57,0.00032,54,3,57,54,3,57
20581454,,0,0.000206,232,0.000007,0,1,1,0,1,1
20169197,,0,0.000206,232,0.000007,0,1,1,0,1,1
19419319,,0,0.000269,232,0.000007,0,2,2,0,2,2
19279688,,0,0.000224,232,0.000007,0,2,2,0,2,2
19141645,,0,0.000287,232,0.000007,0,3,3,0,3,3
18981219,,0,0.001459,100,0.000007,0,4,4,0,4,4
18833303,,0,0.000269,232,0.000007,0,2,2,0,2,2
17917874,,0,0.000269,232,0.000007,0,2,2,0,2,2
17632540,,0,0.000206,232,0.000007,0,1,1,0,1,1
17599377,,0,0.000221,232,0.000043,6,2,8,6,2,8
17576813,,0,0.000269,232,0.000007,0,2,2,0,2,2
17507799,,0,0.000269,232,0.000007,0,2,2,0,2,2
17193925,,0,0.000206,232,0.000007,0,1,1,0,1,1
17043659,,0,0.000206,232,0.000007,0,1,1,0,1,1
16357213,,0.010277,0,100,0.000421,162,0,162,162,0,162
28230817,,0,0.00087,100,0.000007,0,10,10,0,10,10
27956467,,0,0.000278,100,0.000007,0,2,2,0,2,2
27595121,,0,0.00046,100,0.000007,0,3,3,0,3,3
27008852,,0,0.000196,100,0.000007,0,1,1,0,1,1
26085549,,0,0.000196,100,0.000007,0,1,1,0,1,1
25243787,,0,0.000435,100,0.000007,0,6,6,0,6,6
25237197,,0,0.001244,100,0.000007,0,6,6,0,6,6
24571325,,0,0.000214,100,0.000007,0,2,2,0,2,2
24483844,,0,0.00041,100,0.000007,0,2,2,0,2,2
24382882,,0,0.000611,100,0.000007,0,3,3,0,3,3
22623785,,0,0.000235,100,0.000007,0,2,2,0,2,2
21916419,,0,0.000268,100,0.000007,0,2,2,0,2,2
21068437,,0,0.000196,100,0.000007,0,1,1,0,1,1
20577992,,0,0.000268,100,0.000007,0,2,2,0,2,2
20008080,,0,0.000607,100,0.000007,0,2,2,0,2,2
19841540,,0,0.000211,279,0.000007,0,2,2,0,2,2
19745052,,0,0.000196,100,0.000007,0,1,1,0,1,1
19540281,,0,0.000196,100,0.000007,0,1,1,0,1,1
19075014,,0,0.000196,100,0.000007,0,1,1,0,1,1
19007963,,0,0.000196,100,0.000007,0,1,1,0,1,1
18845679,,0,0.000196,100,0.000007,0,1,1,0,1,1
18500830,,0,0.000268,100,0.000007,0,2,2,0,2,2
17630848,,0,0.000196,100,0.000007,0,1,1,0,1,1
17483304,,0,0.000196,100,0.000007,0,1,1,0,1,1
17277230,,0,0.000196,100,0.000007,0,1,1,0,1,1
17015423,,0,0.000196,100,0.000007,0,1,1,0,1,1
16611994,,0,0.000196,100,0.000007,0,1,1,0,1,1
29590477,,0,0.000021,41,0.000007,0,1,1,0,1,1
16357511,,0.001126,0,41,0.000029,9,0,9,9,0,9
22205968,,0,0.000021,41,0.000007,0,1,1,0,1,1
16357529,,0.002975,0,100,0.000037,18,0,18,18,0,18
16358615,,0.000112,0,5,0.000007,1,0,1,1,0,1
16360201,,0.002669,0,1,0.000056,28,0,28,28,0,28
28481779,,0,0.00058,69,0.000013,1,4,5,1,4,5
25161364,,0,0.000221,1,0.000007,0,9,9,0,9,9
30446011,,0,0.007688,69,0.000007,0,3,3,0,3,3
16360812,,0.010459,0,1,0.000062,33,0,33,33,0,33
25520868,,0,0.000199,1,0.000007,0,1,1,0,1,1
22342180,,0,0.007635,69,0.000007,0,2,2,0,2,2
20304943,,0,0.000199,1,0.000007,0,1,1,0,1,1
18763281,,0,0.000199,1,0.000007,0,1,1,0,1,1
27055113,,0,0,89,0.000007,0,1,1,0,1,1
25741186,,0,0.000006,89,0.000007,0,2,2,0,2,2
22675624,,0,0,89,0.000007,0,1,1,0,1,1
29494553,,0,0.000015,35,0.000007,0,2,2,0,2,2
16361540,,0.000368,0,35,0.000031,8,0,8,8,0,8
24215511,,0,0.00027,24,0.000007,0,7,7,0,7,7
23050042,,0,0.000285,35,0.000007,0,4,4,0,4,4
20846453,,0,0.000038,35,0.000007,0,2,2,0,2,2
29707001,,0,0.000012,5,0.000007,0,3,3,0,3,3
16361631,,0.00003,0,5,0.000044,9,0,9,9,0,9
26405350,,0,0.000001,5,0.000007,0,1,1,0,1,1
26061583,,0,0.000001,5,0.000007,0,1,1,0,1,1
20192878,,0,0.000001,5,0.000007,0,1,1,0,1,1
19815365,,0,0.000001,5,0.000007,0,1,1,0,1,1
19687564,,0,0.000001,5,0.000007,0,1,1,0,1,1
16929039,,0,0.000005,5,0.000007,0,2,2,0,2,2
16365001,,0.000286,0,5,0.000032,12,0,12,12,0,12
24771842,,0,0.000005,5,0.000007,0,1,1,0,1,1
23392000,,0,0.000005,5,0.000007,0,1,1,0,1,1
29748642,,0,0.000003,181,0.000007,0,2,2,0,2,2
27996157,,0,0,181,0.000007,0,1,1,0,1,1
25260806,,0,0,181,0.000007,0,1,1,0,1,1
22431490,,0,0,181,0.000007,0,2,2,0,2,2
19957330,,0,0,181,0.000007,0,1,1,0,1,1
19117505,,0,0,181,0.000007,0,1,1,0,1,1
18829479,,0,0,181,0.000007,0,1,1,0,1,1
18796527,,0,0,181,0.000007,0,1,1,0,1,1
18375840,,0,0,181,0.000007,0,1,1,0,1,1
18237388,,0,0,181,0.000007,0,1,1,0,1,1
17200209,,0,0,181,0.000007,0,1,1,0,1,1
30065750,,0,0.000103,279,0.000007,0,2,2,0,2,2
28900478,,0,0.00039,89,0.000007,0,3,3,0,3,3
28824918,,0,0.000209,205,0.000007,0,3,3,0,3,3
28761745,,0,0.000186,5,0.000007,0,3,3,0,3,3
28487881,,0,0.003415,1,0.000007,0,5,5,0,5,5
27356891,,0,0.000568,205,0.000007,0,3,3,0,3,3
26464424,,0,0.000103,205,0.000007,0,1,1,0,1,1
25979631,,0,0.000266,89,0.000007,0,4,4,0,4,4
25583476,,0,0.000816,205,0.000007,0,2,2,0,2,2
23231819,,0,0.000135,89,0.000007,0,2,2,0,2,2
21468218,,0,0.00067,1,0.000007,0,7,7,0,7,7
16370446,,0.000165,0,5,0.000008,2,0,2,2,0,2
16379543,,0.000467,0,5,0.000018,8,0,8,8,0,8
20174615,,0,0.000009,5,0.000007,0,1,1,0,1,1
16379544,,0.000734,0,5,0.000013,13,0,13,13,0,13
16389418,,0.001835,0,89,0.000014,15,0,15,15,0,15
25678813,,0,0.000063,89,0.000007,0,2,2,0,2,2
16390709,,0.00002,0,5,0.000009,1,0,1,1,0,1
16397213,,0.013182,0,1,0.000704,88,0,88,88,0,88
30190786,,0,0.000251,1,0.000007,0,1,1,0,1,1
30022168,,0.000443,0.004145,100,0.000012,6,12,18,6,12,18
29973717,,0.001212,0.000685,1,0.000017,4,3,7,4,3,7
29796167,,0,0.000251,1,0.000007,0,1,1,0,1,1
29768208,,0.000374,0.007328,100,0.000008,3,17,20,3,17,20
29245896,,0,0.000415,35,0.000007,0,2,2,0,2,2
29158484,,0,0.001246,1,0.000007,0,3,3,0,3,3
28606920,,0,0.000251,1,0.000007,0,1,1,0,1,1
28387573,,0,0.000482,5,0.000007,0,8,8,0,8,8
26770239,,0.001618,0.001961,1,0.000008,4,6,10,4,6,10
26657485,,0,0.000292,35,0.000007,0,3,3,0,3,3
26621841,,0,0.000251,1,0.000007,0,1,1,0,1,1
25417103,,0.000516,0.000606,176,0.000701,127,2,129,127,2,129
24124614,,0,0.000365,35,0.000007,0,2,2,0,2,2
23255128,,0,0.000297,241,0.000007,0,2,2,0,2,2
22689920,,0,0.0003,100,0.000007,0,2,2,0,2,2
22198296,,0,0.000251,1,0.000007,0,1,1,0,1,1
21157436,,0,0.000251,1,0.000007,0,1,1,0,1,1
19116383,,0,0.000251,1,0.000007,0,1,1,0,1,1
18688287,,0,0.000251,1,0.000007,0,1,1,0,1,1
16403807,,0.006009,0,140,0.000078,38,0,38,38,0,38
27754413,,0,0.00013,140,0.000007,0,2,2,0,2,2
21779472,,0,0.000115,140,0.000007,0,1,1,0,1,1
21789216,,0,0.000001,100,0.000007,0,1,1,0,1,1
17921700,,0,0.000001,100,0.000007,0,1,1,0,1,1
22781088,,0,0.000372,5,0.000007,0,9,9,0,9,9
16418514,,0.003397,0,5,0.000054,30,0,30,30,0,30
27248321,,0,0.00016,5,0.000007,0,3,3,0,3,3
26558712,,0,0.000132,231,0.000007,0,2,2,0,2,2
19128424,,0,0.000065,5,0.000007,0,1,1,0,1,1
16419081,,0.000341,0,231,0.000031,12,0,12,12,0,12
21931130,,0,0.000007,231,0.000007,0,1,1,0,1,1
20445773,,0,0.000007,231,0.000007,0,1,1,0,1,1
16421416,,0.002438,0,5,0.00003,22,0,22,22,0,22
22025675,,0,0.000019,35,0.000007,0,1,1,0,1,1
16428516,,0.000981,0,35,0.000014,3,0,3,3,0,3
16430946,,0.00017,0,69,0.000008,2,0,2,2,0,2
26146447,,0,0.000131,35,0.000007,0,3,3,0,3,3
16433698,,0.002411,0,35,0.000013,9,0,9,9,0,9
16434187,,0.000321,0,5,0.000013,7,0,7,7,0,7
16434589,,0.000067,0,5,0.000032,8,0,8,8,0,8
22579434,,0,0.000001,5,0.000007,0,1,1,0,1,1
18780580,,0,0.000001,5,0.000007,0,1,1,0,1,1
16434590,,0.000923,0,231,0.000026,8,0,8,8,0,8
30425586,,0,0.00035,69,0.000007,0,4,4,0,4,4
16434898,,0.015101,0,69,0.000228,158,0,158,158,0,158
30254891,,0,0.000564,69,0.000007,0,4,4,0,4,4
30120290,,0,0.000439,69,0.000007,0,3,3,0,3,3
29731902,,0,0.000592,69,0.000007,0,4,4,0,4,4
29731507,,0,0.000427,69,0.000007,0,2,2,0,2,2
29703236,,0,0.00866,69,0.000007,0,7,7,0,7,7
29560094,,0,0.008389,69,0.000007,0,5,5,0,5,5
29395311,,0,0.000484,69,0.000007,0,8,8,0,8,8
28758950,,0,0.000786,69,0.000007,0,2,2,0,2,2
28734829,,0,0.000288,69,0.000007,0,1,1,0,1,1
28698469,,0,0.000288,69,0.000007,0,1,1,0,1,1
28637507,,0,0.000288,69,0.000007,0,1,1,0,1,1
28616055,,0,0.00069,69,0.000007,0,4,4,0,4,4
28357377,,0,0.001014,69,0.000007,0,4,4,0,4,4
27588493,,0.000001,0.008424,69,0.000011,2,8,10,2,8,10
27539290,,0,0.000417,69,0.000007,0,4,4,0,4,4
27530326,,0.000862,0.010901,1,0.000042,13,11,24,13,11,24
26970137,,0,0.001236,69,0.000007,0,4,4,0,4,4
26472020,,0,0.009484,69,0.000007,0,12,12,0,12,12
25346935,,0,0.000772,69,0.000007,0,7,7,0,7,7
25038792,,0,0.00164,69,0.000007,0,9,9,0,9,9
24676382,,0,0.000786,69,0.000007,0,2,2,0,2,2
24527040,,0,0.000435,69,0.000007,0,4,4,0,4,4
24371700,,0,0.000786,69,0.000007,0,2,2,0,2,2
24077281,,0,0.000948,69,0.000007,0,3,3,0,3,3
23653827,,0,0.000309,69,0.000007,0,2,2,0,2,2
23449028,,0,0.000338,69,0.000007,0,2,2,0,2,2
22401770,,0,0.000288,69,0.000007,0,1,1,0,1,1
21989347,,0,0.001103,69,0.000007,0,6,6,0,6,6
21502498,,0,0.001179,69,0.000007,0,6,6,0,6,6
21437439,,0.000825,0.001261,69,0.000021,6,8,14,6,8,14
21421661,,0,0.000465,69,0.000007,0,5,5,0,5,5
20850174,,0,0.000288,69,0.000007,0,1,1,0,1,1
19961615,,0,0.000844,69,0.000007,0,4,4,0,4,4
19808644,,0,0.000288,69,0.000007,0,1,1,0,1,1
19398128,,0,0.000685,69,0.000007,0,4,4,0,4,4
27766946,,0,0.000047,90,0.000007,0,3,3,0,3,3
26309132,,0,0.000024,90,0.000007,0,1,1,0,1,1
24447199,,0,0.00007,35,0.000007,0,3,3,0,3,3
24375392,,0,0.000024,90,0.000007,0,1,1,0,1,1
24312140,,0,0.000163,100,0.000007,0,4,4,0,4,4
22583402,,0,0.000024,90,0.000007,0,1,1,0,1,1
22073281,,0,0.000024,90,0.000007,0,1,1,0,1,1
19837944,,0,0.000026,90,0.000007,0,2,2,0,2,2
16445371,,0.000365,0,24,0.00002,3,0,3,3,0,3
16445631,,0.000656,0,69,0.000012,9,0,9,9,0,9
29162934,,0,0.000126,5,0.000007,0,9,9,0,9,9
16446344,,0.003214,0,5,0.000068,53,0,53,53,0,53
29152326,,0,0.000074,5,0.000007,0,3,3,0,3,3
28361098,,0,0.000061,5,0.000007,0,1,1,0,1,1
26245632,,0.000028,0.000168,5,0.000011,3,7,10,3,7,10
16446345,,0.005033,0,5,0.000034,32,0,32,32,0,32
16447474,,0.000861,0,5,0.000009,5,0,5,5,0,5
30053193,,0,0.000608,248,0.000007,0,2,2,0,2,2
16448223,,0.000059,0,248,0.000014,3,0,3,3,0,3
19121212,,0,0.000032,248,0.000007,0,2,2,0,2,2
16451773,,0.000285,0,5,0.000011,4,0,4,4,0,4
27086690,,0,0.000034,5,0.000007,0,3,3,0,3,3
16452194,,0.003183,0,100,0.00008,35,0,35,35,0,35
26788148,,0,0.000151,100,0.000007,0,2,2,0,2,2
26768847,,0,0.000061,100,0.000007,0,1,1,0,1,1
26572825,,0,0.000061,100,0.000007,0,1,1,0,1,1
24069304,,0,0.000307,176,0.000019,2,3,5,2,3,5
21757780,,0,0.000102,100,0.000007,0,2,2,0,2,2
20451471,,0,0.000151,100,0.000007,0,2,2,0,2,2
19395319,,0,0.000061,100,0.000007,0,1,1,0,1,1
18756267,,0,0.000151,100,0.000007,0,2,2,0,2,2
29739874,,0,0.000404,232,0.000007,0,3,3,0,3,3
16452195,,0.004737,0,100,0.000129,47,0,47,47,0,47
26756218,,0,0.000091,57,0.000007,0,2,2,0,2,2
23185480,,0,0.002288,100,0.000007,0,5,5,0,5,5
22313687,,0,0.00009,100,0.000007,0,1,1,0,1,1
21398658,,0,0.00009,100,0.000007,0,1,1,0,1,1
16452249,,0.001248,0,198,0.000114,37,0,37,37,0,37
29088745,,0,0.000053,5,0.000007,0,2,2,0,2,2
26784251,,0,0.000031,198,0.000007,0,3,3,0,3,3
25146640,,0,0.000024,198,0.000007,0,1,1,0,1,1
22266113,,0,0.000024,198,0.000007,0,1,1,0,1,1
19064564,,0,0.000024,198,0.000007,0,1,1,0,1,1
18190724,,0,0.000189,198,0.000007,0,2,2,0,2,2
30093865,,0,0.000024,66,0.000007,0,1,1,0,1,1
16452482,,0.001237,0,66,0.000094,15,0,15,15,0,15
28846114,,0,0.006683,66,0.000007,0,2,2,0,2,2
27956813,,0,0.000024,66,0.000007,0,2,2,0,2,2
26947546,,0,0.000024,66,0.000007,0,2,2,0,2,2
25657994,,0,0.000024,66,0.000007,0,1,1,0,1,1
25654138,,0,0.000024,66,0.000007,0,1,1,0,1,1
25631046,,0,0.000024,66,0.000007,0,2,2,0,2,2
25070371,,0.000001,0.000024,66,0.000052,9,1,10,9,1,10
22279524,,0,0.000024,66,0.000007,0,1,1,0,1,1
16455195,,0.001182,0,89,0.000011,12,0,12,12,0,12
16456781,,0.000456,0,89,0.00001,6,0,6,6,0,6
16457150,,0.000356,0,35,0.00001,3,0,3,3,0,3
19683484,,0,0.000008,5,0.000007,0,1,1,0,1,1
24634216,,0,0.000414,100,0.000007,0,3,3,0,3,3
16462151,,0.002623,0,69,0.000035,21,0,21,21,0,21
18779727,,0,0.001014,69,0.000007,0,5,5,0,5,5
16462182,,0.000409,0,24,0.000014,3,0,3,3,0,3
21152077,,0,0.000085,24,0.000007,0,7,7,0,7,7
20439344,,0,0.000008,24,0.000007,0,1,1,0,1,1
16462773,,0.004352,0,100,0.000067,35,0,35,35,0,35
22509021,,0,0.000083,100,0.000007,0,1,1,0,1,1
18484093,,0,0.000083,100,0.000007,0,1,1,0,1,1
21412487,,0,0.000002,5,0.000007,0,1,1,0,1,1
16464398,,0.000103,0,5,0.000018,3,0,3,3,0,3
16465413,,0.000066,0,89,0.000011,2,0,2,2,0,2
16466850,,0.000927,0,1,0.000018,5,0,5,5,0,5
26178025,,0,0,90,0.000007,0,2,2,0,2,2
16469160,,0,0,90,0.000013,2,0,2,2,0,2
25653923,,0,0.000003,90,0.000007,0,2,2,0,2,2
30158566,,0,0.000597,69,0.000007,0,2,2,0,2,2
16473279,,0.020149,0,35,0.001347,322,0,322,322,0,322
30061623,,0,0.000384,35,0.000007,0,1,1,0,1,1
29897959,,0,0.000384,35,0.000007,0,1,1,0,1,1
29867023,,0,0.000384,35,0.000007,0,1,1,0,1,1
29844824,,0,0.000391,72,0.000007,0,2,2,0,2,2
29805690,,0,0.000811,35,0.000007,0,2,2,0,2,2
29805304,,0,0.000488,35,0.000007,0,3,3,0,3,3
29703230,,0,0.000384,35,0.000007,0,1,1,0,1,1
29476008,,0,0.000384,35,0.000007,0,1,1,0,1,1
29423049,,0,0.000575,35,0.000007,0,2,2,0,2,2
29423040,,0,0.000384,35,0.000007,0,1,1,0,1,1
29416660,,0,0.000384,35,0.000007,0,1,1,0,1,1
29251591,,0,0.000384,35,0.000007,0,1,1,0,1,1
29245123,,0,0.000384,35,0.000007,0,1,1,0,1,1
29244827,,0,0.000388,2,0.000007,0,2,2,0,2,2
29235476,,0,0.000384,35,0.000007,0,1,1,0,1,1
28977935,,0,0.0004,82,0.000007,0,3,3,0,3,3
28964625,,0,0.000384,35,0.000007,0,1,1,0,1,1
28919988,,0,0.000441,35,0.000007,0,2,2,0,2,2
28839461,,0,0.000384,35,0.000007,0,1,1,0,1,1
28570566,,0,0.000384,35,0.000007,0,1,1,0,1,1
28515457,,0,0.000384,35,0.000007,0,1,1,0,1,1
28472085,,0,0.000458,1,0.000007,0,2,2,0,2,2
28423685,,0,0.000384,35,0.000007,0,1,1,0,1,1
28422733,,0,0.000384,35,0.000007,0,1,1,0,1,1
28412757,,0,0.000399,137,0.000007,0,2,2,0,2,2
28351365,,0,0.00121,35,0.000007,0,10,10,0,10,10
28281525,,0,0.000384,35,0.000007,0,1,1,0,1,1
28223411,,0,0.000481,35,0.000007,0,4,4,0,4,4
28151486,,0,0.000384,35,0.000007,0,1,1,0,1,1
28108622,,0,0.000384,35,0.000007,0,1,1,0,1,1
27758885,,0,0.000384,35,0.000007,0,1,1,0,1,1
27626309,,0,0.000575,35,0.000007,0,2,2,0,2,2
27399099,,0,0.000384,35,0.000007,0,1,1,0,1,1
27301700,,0.000523,0.004381,1,0.000018,7,15,22,7,15,22
27289382,,0,0.000384,35,0.000007,0,1,1,0,1,1
27247428,,0,0.000384,35,0.000007,0,1,1,0,1,1
27089142,,0,0.000384,35,0.000007,0,1,1,0,1,1
26967561,,0,0.000384,35,0.000007,0,1,1,0,1,1
26930713,,0,0.000384,35,0.000007,0,1,1,0,1,1
26915295,,0,0.000989,1,0.000007,0,4,4,0,4,4
26904685,,0,0.000384,35,0.000007,0,1,1,0,1,1
26895099,,0,0.000384,35,0.000007,0,1,1,0,1,1
26823799,,0,0.000384,35,0.000007,0,1,1,0,1,1
26676464,,0,0.000384,35,0.000007,0,1,1,0,1,1
26517092,,0,0.000471,35,0.000007,0,2,2,0,2,2
26360551,,0,0.000404,2,0.000007,0,4,4,0,4,4
26258411,,0,0.000384,35,0.000007,0,1,1,0,1,1
26196186,,0,0.000384,35,0.000007,0,1,1,0,1,1
26131061,,0,0.000384,35,0.000007,0,1,1,0,1,1
26124270,,0,0.000384,35,0.000007,0,1,1,0,1,1
26044366,,0,0.000384,35,0.000007,0,1,1,0,1,1
25977338,,0,0.000384,35,0.000007,0,1,1,0,1,1
25938541,,0,0.000384,35,0.000007,0,1,1,0,1,1
25928379,,0,0.007969,35,0.000007,0,6,6,0,6,6
25875827,,0,0.000384,35,0.000007,0,1,1,0,1,1
25822021,,0,0.000384,35,0.000007,0,1,1,0,1,1
25763008,,0,0.000384,35,0.000007,0,1,1,0,1,1
25742136,,0.000016,0.008654,2,0.00002,5,10,15,5,10,15
25698877,,0,0.000398,140,0.000007,0,2,2,0,2,2
25636082,,0,0.000384,35,0.000007,0,1,1,0,1,1
25622905,,0,0.000384,35,0.000007,0,1,1,0,1,1
25593984,,0,0.000384,35,0.000007,0,1,1,0,1,1
25586191,,0,0.000384,35,0.000007,0,1,1,0,1,1
25573623,,0,0.000431,69,0.000007,0,2,2,0,2,2
25572331,,0,0.000384,35,0.000007,0,1,1,0,1,1
25461454,,0,0.0004,2,0.000007,0,2,2,0,2,2
25393878,,0,0.000384,35,0.000007,0,1,1,0,1,1
25379017,,0,0.000384,35,0.000007,0,1,1,0,1,1
25328408,,0,0.000384,35,0.000007,0,1,1,0,1,1
25140062,,0,0.000384,35,0.000007,0,1,1,0,1,1
25136103,,0,0.000384,35,0.000007,0,1,1,0,1,1
24987519,,0,0.000929,35,0.000007,0,2,2,0,2,2
24892992,,0,0.000384,35,0.000007,0,1,1,0,1,1
24789216,,0,0.000384,35,0.000007,0,1,1,0,1,1
24786788,,0,0.000411,87,0.000007,0,2,2,0,2,2
24771346,,0,0.000384,35,0.000007,0,1,1,0,1,1
24628760,,0,0.000548,35,0.000007,0,2,2,0,2,2
24469047,,0,0.00888,35,0.000007,0,8,8,0,8,8
24458094,,0,0.000416,35,0.000007,0,2,2,0,2,2
24344117,,0,0.000384,35,0.000007,0,1,1,0,1,1
24337579,,0,0.000579,35,0.000007,0,3,3,0,3,3
24319068,,0,0.000423,35,0.000007,0,2,2,0,2,2
24290031,,0,0.0004,2,0.000007,0,2,2,0,2,2
24287699,,0,0.000384,35,0.000007,0,1,1,0,1,1
24275666,,0,0.000384,35,0.000007,0,1,1,0,1,1
24018644,,0,0.000384,35,0.000007,0,1,1,0,1,1
23948298,,0,0.000559,35,0.000007,0,2,2,0,2,2
23946867,,0,0.00039,137,0.000007,0,2,2,0,2,2
23826380,,0,0.000384,35,0.000007,0,1,1,0,1,1
23788798,,0,0.000384,35,0.000007,0,1,1,0,1,1
23785219,,0,0.000384,35,0.000007,0,1,1,0,1,1
23764000,,0,0.000929,35,0.000007,0,2,2,0,2,2
23722546,,0,0.000384,35,0.000007,0,2,2,0,2,2
23720051,,0,0.000384,35,0.000007,0,1,1,0,1,1
23660594,,0,0.000384,35,0.000007,0,1,1,0,1,1
23645673,,0,0.000385,247,0.000007,0,2,2,0,2,2
23549060,,0,0.000384,35,0.000007,0,1,1,0,1,1
23539444,,0,0.000434,35,0.000007,0,2,2,0,2,2
23517088,,0,0.000384,35,0.000007,0,1,1,0,1,1
23388179,,0,0.000384,35,0.000007,0,1,1,0,1,1
23380592,,0,0.000416,35,0.000007,0,2,2,0,2,2
23378577,,0,0.000384,35,0.000007,0,1,1,0,1,1
23226574,,0,0.000384,35,0.000007,0,1,1,0,1,1
23205133,,0,0.000384,35,0.000007,0,1,1,0,1,1
23056300,,0,0.000384,35,0.000007,0,1,1,0,1,1
23029096,,0,0.000384,35,0.000007,0,1,1,0,1,1
22977628,,0,0.000392,72,0.000007,0,2,2,0,2,2
22927397,,0,0.000384,35,0.000007,0,1,1,0,1,1
22848232,,0,0.000384,35,0.000007,0,1,1,0,1,1
22824793,,0,0.000384,35,0.000007,0,1,1,0,1,1
22806580,,0,0.000398,35,0.000007,0,2,2,0,2,2
22770242,,0,0.0004,2,0.000007,0,2,2,0,2,2
22761433,,0,0.000384,35,0.000007,0,1,1,0,1,1
22693453,,0,0.000851,35,0.000007,0,2,2,0,2,2
22659496,,0,0.000384,35,0.000007,0,1,1,0,1,1
22588058,,0,0.000384,35,0.000007,0,1,1,0,1,1
22573826,,0,0.000384,35,0.000007,0,1,1,0,1,1
22347440,,0,0.000453,48,0.000007,0,4,4,0,4,4
22144674,,0,0.000384,35,0.000007,0,1,1,0,1,1
22106369,,0,0.000384,35,0.000007,0,1,1,0,1,1
22034206,,0,0.000901,231,0.000007,0,3,3,0,3,3
22022496,,0,0.000563,35,0.000007,0,3,3,0,3,3
22020934,,0,0.000384,35,0.000007,0,1,1,0,1,1
22008109,,0,0.000384,35,0.000007,0,1,1,0,1,1
21989294,,0,0.000811,35,0.000007,0,2,2,0,2,2
21868451,,0,0.000384,35,0.000007,0,1,1,0,1,1
21804546,,0,0.000384,35,0.000007,0,1,1,0,1,1
21750175,,0,0.000405,35,0.000007,0,2,2,0,2,2
21596785,,0,0.000384,35,0.000007,0,1,1,0,1,1
21572528,,0,0.000929,35,0.000007,0,2,2,0,2,2
21527585,,0,0.000384,35,0.000007,0,1,1,0,1,1
21494784,,0,0.000384,35,0.000007,0,1,1,0,1,1
21454620,,0,0.000384,35,0.000007,0,1,1,0,1,1
21397863,,0,0.000384,35,0.000007,0,1,1,0,1,1
21387291,,0,0.000384,35,0.000007,0,1,1,0,1,1
21372219,,0,0.000384,35,0.000007,0,1,1,0,1,1
21356353,,0,0.000384,35,0.000007,0,1,1,0,1,1
21314937,,0,0.000384,35,0.000007,0,1,1,0,1,1
21300779,,0,0.000384,35,0.000007,0,1,1,0,1,1
21213102,,0,0.000416,35,0.000007,0,2,2,0,2,2
21189284,,0,0.000384,35,0.000007,0,1,1,0,1,1
21170268,,0,0.000384,35,0.000007,0,1,1,0,1,1
21148292,,0,0.000384,35,0.000007,0,1,1,0,1,1
21127042,,0,0.000384,35,0.000007,0,1,1,0,1,1
20977275,,0,0.000389,151,0.000007,0,2,2,0,2,2
20972459,,0,0.000384,35,0.000007,0,1,1,0,1,1
20945390,,0,0.000384,35,0.000007,0,1,1,0,1,1
20722758,,0,0.000384,35,0.000007,0,1,1,0,1,1
20663121,,0,0.000384,35,0.000007,0,1,1,0,1,1
20629619,,0,0.000384,35,0.000007,0,1,1,0,1,1
20530665,,0,0.000384,35,0.000007,0,1,1,0,1,1
20498081,,0,0.000384,35,0.000007,0,1,1,0,1,1
20400965,,0,0.000384,35,0.000007,0,1,1,0,1,1
20308572,,0,0.000384,35,0.000007,0,1,1,0,1,1
20168089,,0,0.000388,2,0.000007,0,2,2,0,2,2
20129246,,0,0.00065,35,0.000007,0,2,2,0,2,2
19765109,,0,0.000384,35,0.000007,0,1,1,0,1,1
19704020,,0,0.000439,2,0.000007,0,4,4,0,4,4
19657230,,0,0.000384,35,0.000007,0,1,1,0,1,1
19656388,,0,0.000384,35,0.000007,0,1,1,0,1,1
19569235,,0,0.000384,35,0.000007,0,1,1,0,1,1
19567831,,0,0.000709,35,0.000007,0,3,3,0,3,3
19557174,,0,0.000384,35,0.000007,0,1,1,0,1,1
19549629,,0,0.000384,35,0.000007,0,1,1,0,1,1
19542363,,0,0.000384,35,0.000007,0,1,1,0,1,1
19458071,,0,0.000384,35,0.000007,0,1,1,0,1,1
19364822,,0,0.000384,35,0.000007,0,1,1,0,1,1
19324876,,0,0.000416,35,0.000007,0,2,2,0,2,2
19291294,,0,0.000384,35,0.000007,0,1,1,0,1,1
19245699,,0,0.000384,35,0.000007,0,1,1,0,1,1
19187545,,0,0.000384,35,0.000007,0,1,1,0,1,1
19126541,,0,0.000384,35,0.000007,0,1,1,0,1,1
18829537,,0,0.000384,35,0.000007,0,1,1,0,1,1
18587642,,0,0.000384,35,0.000007,0,1,1,0,1,1
18555776,,0,0.000384,35,0.000007,0,1,1,0,1,1
18501205,,0,0.000384,35,0.000007,0,1,1,0,1,1
18434311,,0,0.000384,35,0.000007,0,1,1,0,1,1
18373870,,0,0.000384,35,0.000007,0,1,1,0,1,1
18299279,,0,0.000384,35,0.000007,0,1,1,0,1,1
18280460,,0,0.000384,35,0.000007,0,1,1,0,1,1
17989776,,0,0.000384,35,0.000007,0,1,1,0,1,1
17664417,,0,0.000384,35,0.000007,0,1,1,0,1,1
17509157,,0,0.000384,35,0.000007,0,1,1,0,1,1
24994517,,0,0.000067,100,0.000007,0,2,2,0,2,2
16473884,,0.000807,0,100,0.000021,7,0,7,7,0,7
29109099,,0,0.000289,205,0.000007,0,3,3,0,3,3
28436950,,0,0.000203,231,0.000007,0,3,3,0,3,3
27768860,,0,0.000362,231,0.000007,0,5,5,0,5,5
26998278,,0,0.000158,231,0.000007,0,4,4,0,4,4
26960971,,0,0.000618,100,0.000007,0,4,4,0,4,4
26122399,,0,0.000086,231,0.000007,0,1,1,0,1,1
24894818,,0.001098,0.000797,140,0.000024,20,11,31,20,11,31
24642965,,0,0.000289,231,0.000007,0,4,4,0,4,4
24349281,,0,0.000105,231,0.000007,0,2,2,0,2,2
24153426,,0.003158,0.001415,100,0.000213,22,7,29,22,7,29
24093751,,0,0.000192,231,0.000007,0,5,5,0,5,5
24079363,,0,0.000224,231,0.000007,0,4,4,0,4,4
22476429,,0.000029,0.001293,231,0.000011,2,9,11,2,9,11
26656378,,0,0.000002,5,0.000007,0,1,1,0,1,1
16475207,,0.000125,0,5,0.000022,5,0,5,5,0,5
20832226,,0,0.000018,5,0.000007,0,3,3,0,3,3
20308443,,0,0.000002,5,0.000007,0,1,1,0,1,1
16477874,,0.000083,0,231,0.00001,4,0,4,4,0,4
16479151,,0.001369,0,100,0.000058,16,0,16,16,0,16
16987980,,0,0.000026,100,0.000007,0,1,1,0,1,1
26090390,,0,0.000002,69,0.000007,0,1,1,0,1,1
16482731,,0.000097,0,69,0.000037,6,0,6,6,0,6
25183900,,0,0.000002,69,0.000007,0,1,1,0,1,1
23205125,,0,0.000002,69,0.000007,0,1,1,0,1,1
19617914,,0,0.000002,69,0.000007,0,1,1,0,1,1
27835912,,0,0.000447,69,0.000007,0,3,3,0,3,3
26779366,,0,0.000216,5,0.000007,0,1,1,0,1,1
30397402,,0,0.000007,89,0.000007,0,1,1,0,1,1
16488803,,0.000341,0,89,0.000383,92,0,92,92,0,92
29891971,,0,0.000007,89,0.000007,0,1,1,0,1,1
29581629,,0,0.00001,89,0.000007,0,3,3,0,3,3
29404286,,0,0.000009,89,0.000007,0,2,2,0,2,2
29390502,,0,0.000007,89,0.000007,0,1,1,0,1,1
29387122,,0,0.000024,89,0.000007,0,2,2,0,2,2
29344575,,0,0.000007,89,0.000007,0,1,1,0,1,1
29116378,,0,0.000007,89,0.000007,0,1,1,0,1,1
29050233,,0,0.000009,89,0.000007,0,2,2,0,2,2
28761739,,0,0.000133,89,0.000007,0,2,2,0,2,2
28487463,,0,0.000007,89,0.000007,0,1,1,0,1,1
28331756,,0,0.000009,89,0.000007,0,3,3,0,3,3
28006719,,0,0.000009,89,0.000007,0,2,2,0,2,2
27938530,,0,0.000007,89,0.000007,0,1,1,0,1,1
27694551,,0,0.000007,89,0.000007,0,1,1,0,1,1
27671991,,0,0.000007,279,0.000007,0,2,2,0,2,2
27556062,,0,0.000007,89,0.000007,0,1,1,0,1,1
27121722,,0,0.00003,89,0.000007,0,4,4,0,4,4
27109339,,0,0.000013,89,0.000007,0,2,2,0,2,2
27100414,,0,0.000007,89,0.000007,0,1,1,0,1,1
26960396,,0,0.000013,89,0.000007,0,3,3,0,3,3
26943416,,0,0.000007,89,0.000007,0,1,1,0,1,1
26622878,,0,0.000007,89,0.000007,0,1,1,0,1,1
26617917,,0,0.000007,89,0.000007,0,1,1,0,1,1
26612408,,0,0.000007,89,0.000007,0,1,1,0,1,1
26384022,,0,0.000007,89,0.000007,0,1,1,0,1,1
26313461,,0,0.000007,89,0.000007,0,1,1,0,1,1
26167982,,0,0.000007,89,0.000007,0,1,1,0,1,1
26124669,,0,0.000007,89,0.000007,0,1,1,0,1,1
26044503,,0,0.000007,89,0.000007,0,1,1,0,1,1
25994431,,0,0.000007,89,0.000007,0,1,1,0,1,1
25437663,,0,0.000007,89,0.000007,0,1,1,0,1,1
25420931,,0,0.000007,89,0.000007,0,1,1,0,1,1
24960196,,0,0.000024,89,0.000007,0,2,2,0,2,2
24959243,,0,0.000007,89,0.000007,0,1,1,0,1,1
24518595,,0,0.000019,89,0.000007,0,3,3,0,3,3
24132074,,0,0.000007,89,0.000007,0,1,1,0,1,1
23984149,,0,0.000007,89,0.000007,0,1,1,0,1,1
23961415,,0,0.000007,89,0.000007,0,1,1,0,1,1
23649417,,0,0.000007,89,0.000007,0,1,1,0,1,1
23573437,,0,0.000007,89,0.000007,0,1,1,0,1,1
23415223,,0,0.000022,89,0.000007,0,2,2,0,2,2
23378963,,0,0.000007,89,0.000007,0,1,1,0,1,1
23308200,,0,0.000141,35,0.000007,0,4,4,0,4,4
22737442,,0,0.000007,89,0.000007,0,1,1,0,1,1
22670156,,0,0.000007,89,0.000007,0,1,1,0,1,1
22619639,,0,0.000007,89,0.000007,0,1,1,0,1,1
22606593,,0,0.000008,89,0.000007,0,2,2,0,2,2
22530182,,0,0.000007,89,0.000007,0,2,2,0,2,2
22419898,,0,0.000007,89,0.000007,0,1,1,0,1,1
21816051,,0,0.000007,89,0.000007,0,1,1,0,1,1
21713154,,0,0.000007,89,0.000007,0,1,1,0,1,1
21031070,,0,0.000007,89,0.000007,0,1,1,0,1,1
20824033,,0,0.000007,89,0.000007,0,1,1,0,1,1
20824021,,0,0.000007,89,0.000007,0,1,1,0,1,1
20824020,,0,0.000007,89,0.000007,0,1,1,0,1,1
20697526,,0,0.000007,89,0.000016,3,1,4,3,1,4
20463819,,0,0.000007,89,0.000007,0,1,1,0,1,1
20331864,,0,0.000007,89,0.000007,0,1,1,0,1,1
19144122,,0,0.000007,89,0.000007,0,1,1,0,1,1
19108022,,0,0.000014,89,0.000007,0,2,2,0,2,2
18442386,,0,0.000007,89,0.000007,0,1,1,0,1,1
16488985,,0.001701,0,140,0.000044,11,0,11,11,0,11
23847049,,0,0.000032,140,0.000007,0,1,1,0,1,1
20061330,,0,0.000068,140,0.000007,0,2,2,0,2,2
16489000,,0.002851,0,100,0.000044,23,0,23,23,0,23
20618999,,0,0.000054,100,0.000007,0,1,1,0,1,1
16489001,,0.006927,0,140,0.000117,63,0,63,63,0,63
23974870,,0,0.000362,140,0.000007,0,2,2,0,2,2
21990146,,0.005257,0.001227,140,0.000096,66,15,81,66,15,81
16489025,,0.001456,0,279,0.000093,29,0,29,29,0,29
27907195,,0,0.000103,279,0.000007,0,2,2,0,2,2
27188387,,0,0.000028,279,0.000007,0,1,1,0,1,1
26377202,,0,0.000028,279,0.000007,0,1,1,0,1,1
25798032,,0,0.000028,279,0.000007,0,1,1,0,1,1
23771949,,0,0.000028,279,0.000007,0,1,1,0,1,1
21575170,,0,0.000028,279,0.000007,0,1,1,0,1,1
20377314,,0,0.000028,279,0.000007,0,1,1,0,1,1
19901195,,0,0.000028,279,0.000007,0,1,1,0,1,1
19380484,,0,0.000028,279,0.000007,0,1,1,0,1,1
19056653,,0,0.000028,279,0.000007,0,1,1,0,1,1
18955032,,0,0.000028,279,0.000007,0,1,1,0,1,1
29901587,,0,0.000008,89,0.000007,0,1,1,0,1,1
16490892,,0.000407,0,89,0.000077,17,0,17,17,0,17
29628989,,0,0.000008,89,0.000007,0,1,1,0,1,1
29515408,,0,0.000008,89,0.000007,0,1,1,0,1,1
26989355,,0,0.000008,89,0.000007,0,1,1,0,1,1
26504418,,0,0.000025,89,0.000007,0,2,2,0,2,2
25829933,,0,0.000008,89,0.000007,0,1,1,0,1,1
25228999,,0,0.000008,89,0.000007,0,1,1,0,1,1
25048474,,0,0.000008,89,0.000007,0,1,1,0,1,1
24527419,,0,0.000008,89,0.000007,0,1,1,0,1,1
20946688,,0,0.000008,89,0.000007,0,1,1,0,1,1
20191033,,0,0.000008,89,0.000007,0,1,1,0,1,1
16492929,,0.000538,0,231,0.000034,12,0,12,12,0,12
24457902,,0,0.00001,231,0.000007,0,1,1,0,1,1
24342438,,0,0.00001,231,0.000007,0,1,1,0,1,1
19338666,,0,0.00001,231,0.000007,0,1,1,0,1,1
24591997,,0,0.000027,5,0.000007,0,1,1,0,1,1
19504173,,0,0.000088,5,0.000007,0,2,2,0,2,2
19240799,,0,0.000082,5,0.000007,0,2,2,0,2,2
17047659,,0,0.000027,5,0.000007,0,1,1,0,1,1
17047658,,0,0.000027,5,0.000007,0,1,1,0,1,1
16500609,,0.001577,0,100,0.000059,18,0,18,18,0,18
25122135,,0,0.000142,100,0.000007,0,5,5,0,5,5
23747283,,0,0.000056,100,0.000007,0,2,2,0,2,2
22001091,,0,0.00003,100,0.000007,0,1,1,0,1,1
21376584,,0,0.000056,100,0.000007,0,2,2,0,2,2
21372817,,0,0.00003,100,0.000007,0,1,1,0,1,1
21129358,,0,0.000056,100,0.000007,0,2,2,0,2,2
18473721,,0,0.000345,1,0.000007,0,2,2,0,2,2
17826998,,0,0.00003,100,0.000007,0,1,1,0,1,1
17532513,,0,0.00003,100,0.000007,0,1,1,0,1,1
29043077,,0,0.000008,184,0.000007,0,3,3,0,3,3
16501249,,0.000155,0,184,0.000064,18,0,18,18,0,18
27863399,,0,0.000581,184,0.000007,0,4,4,0,4,4
27048304,,0,0.000003,184,0.000007,0,1,1,0,1,1
26690424,,0,0.000007,184,0.000007,0,2,2,0,2,2
25170083,,0,0.000003,184,0.000007,0,1,1,0,1,1
24900943,,0,0.000003,184,0.000007,0,1,1,0,1,1
23583337,,0,0.000007,184,0.000007,0,2,2,0,2,2
19151587,,0,0.000003,184,0.000007,0,1,1,0,1,1
18810497,,0,0.000004,184,0.000007,0,2,2,0,2,2
18296528,,0,0.000003,184,0.000007,0,1,1,0,1,1
17875398,,0,0.000004,184,0.000007,0,2,2,0,2,2
29651209,,0,0.000001,57,0.000007,0,1,1,0,1,1
16505003,,0.000075,0,57,0.000036,9,0,9,9,0,9
21035470,,0,0.000001,57,0.000007,0,1,1,0,1,1
18756535,,0,0.000001,57,0.000007,0,1,1,0,1,1
26727311,,0,0.001005,140,0.000019,2,14,16,2,14,16
23372765,,0.000532,0.001571,1,0.000016,9,4,13,9,4,13
22434526,,0.000163,0.000273,231,0.000015,4,3,7,4,3,7
20921021,,0.000275,0.00018,89,0.000041,9,4,13,9,4,13
16510331,,0.011119,0,5,0.000089,60,0,60,60,0,60
28888541,,0.001212,0.004801,205,0.000008,2,17,19,2,17,19
28620529,,0,0.001948,5,0.000007,0,6,6,0,6,6
16515568,,0.001306,0,5,0.000019,11,0,11,11,0,11
26576331,,0,0,141,0.000007,0,2,2,0,2,2
16515576,,0,0,141,0.000028,4,0,4,4,0,4
22374278,,0,0,141,0.000007,0,1,1,0,1,1
21865109,,0,0,141,0.000007,0,1,1,0,1,1
16966069,,0,0,141,0.000007,0,1,1,0,1,1
16515585,,0.005358,0,1,0.000047,17,0,17,17,0,17
18951329,,0,0.000102,1,0.000007,0,1,1,0,1,1
16515586,,0.000398,0,89,0.000009,5,0,5,5,0,5
16515589,,0.000007,0,231,0.000015,3,0,3,3,0,3
24884994,,0,0,231,0.000007,0,1,1,0,1,1
16517057,,0.000026,0,100,0.000011,3,0,3,3,0,3
29435075,,0,0.00139,100,0.000007,0,4,4,0,4,4
16518693,,0.000172,0,140,0.000028,7,0,7,7,0,7
26223266,,0,0.000003,140,0.000007,0,1,1,0,1,1
23745134,,0,0.000003,140,0.000007,0,1,1,0,1,1
16521688,,0.002279,0,69,0.000026,13,0,13,13,0,13
20065949,,0,0.000043,69,0.000007,0,1,1,0,1,1
30337596,,0,0.000045,140,0.000007,0,1,1,0,1,1
30224644,,0,0.000045,140,0.000007,0,1,1,0,1,1
30134826,,0,0.000045,140,0.000007,0,1,1,0,1,1
29805046,,0,0.000079,140,0.000007,0,2,2,0,2,2
29775997,,0,0.00006,140,0.000007,0,3,3,0,3,3
29677173,,0,0.000045,140,0.000007,0,1,1,0,1,1
29580235,,0,0.003917,140,0.000013,1,11,12,1,11,12
28454591,,0,0.000325,205,0.000007,0,2,2,0,2,2
28134345,,0,0.000045,140,0.000007,0,1,1,0,1,1
28102005,,0,0.000092,140,0.000007,0,3,3,0,3,3
28045043,,0,0.000045,140,0.000007,0,1,1,0,1,1
27900359,,0,0.00017,231,0.000007,0,5,5,0,5,5
27734943,,0,0.000045,140,0.000007,0,1,1,0,1,1
27503997,,0,0.000045,140,0.000007,0,1,1,0,1,1
27264265,,0,0.000045,140,0.000007,0,1,1,0,1,1
26975778,,0,0.000045,140,0.000007,0,1,1,0,1,1
26376624,,0,0.000045,140,0.000007,0,1,1,0,1,1
26269570,,0,0.000045,140,0.000007,0,1,1,0,1,1
26206375,,0,0.000045,140,0.000007,0,1,1,0,1,1
26167679,,0,0.000045,140,0.000007,0,1,1,0,1,1
25967940,,0,0.000045,140,0.000007,0,1,1,0,1,1
24495481,,0,0.000066,24,0.000007,0,2,2,0,2,2
24465403,,0,0.000045,140,0.000007,0,1,1,0,1,1
24405868,,0,0.000045,140,0.000007,0,1,1,0,1,1
24161539,,0,0.000045,140,0.000007,0,1,1,0,1,1
23997956,,0,0.000045,140,0.000007,0,1,1,0,1,1
23592913,,0,0.000045,140,0.000007,0,1,1,0,1,1
23505205,,0,0.000045,140,0.000007,0,1,1,0,1,1
23447127,,0,0.000045,140,0.000007,0,1,1,0,1,1
23341494,,0,0.000321,100,0.000007,0,2,2,0,2,2
23213274,,0,0.000045,140,0.000007,0,1,1,0,1,1
22990143,,0,0.000045,140,0.000007,0,1,1,0,1,1
22972948,,0,0.000045,140,0.000007,0,1,1,0,1,1
22509100,,0,0.000045,140,0.000007,0,1,1,0,1,1
21764165,,0,0.000045,140,0.000007,0,1,1,0,1,1
21763481,,0,0.000045,140,0.000007,0,1,1,0,1,1
21245961,,0,0.000045,140,0.000007,0,1,1,0,1,1
20920668,,0,0.000045,140,0.000007,0,1,1,0,1,1
20598275,,0,0.000045,140,0.000007,0,1,1,0,1,1
19716110,,0,0.000045,140,0.000007,0,1,1,0,1,1
19214780,,0,0.000045,140,0.000007,0,1,1,0,1,1
18614612,,0,0.000045,140,0.000007,0,1,1,0,1,1
18491041,,0,0.000045,140,0.000007,0,1,1,0,1,1
18191955,,0,0.000045,140,0.000007,0,1,1,0,1,1
30090359,,0,0.000266,100,0.000007,0,1,1,0,1,1
29872500,,0,0.000266,100,0.000007,0,1,1,0,1,1
29209143,,0,0.002186,5,0.000007,0,12,12,0,12,12
28965926,,0,0.000305,100,0.000007,0,3,3,0,3,3
28369097,,0,0.000315,100,0.000007,0,3,3,0,3,3
27515297,,0,0.000266,100,0.000007,0,1,1,0,1,1
26420294,,0,0.000266,100,0.000007,0,1,1,0,1,1
25892967,,0,0.000339,90,0.000007,0,3,3,0,3,3
25789599,,0,0.000293,90,0.000007,0,3,3,0,3,3
25568339,,0,0.000284,100,0.000007,0,2,2,0,2,2
25446804,,0,0.000266,100,0.000007,0,1,1,0,1,1
25338553,,0,0.000266,100,0.000007,0,1,1,0,1,1
25118937,,0,0.000793,100,0.000007,0,3,3,0,3,3
23562301,,0,0.000266,100,0.000007,0,1,1,0,1,1
23270413,,0,0.001424,100,0.000007,0,5,5,0,5,5
22943040,,0,0.000266,100,0.000007,0,1,1,0,1,1
22741020,,0,0.000266,100,0.000007,0,1,1,0,1,1
22589271,,0,0.000266,100,0.000007,0,1,1,0,1,1
22050994,,0,0.000308,69,0.000007,0,2,2,0,2,2
22016654,,0,0.000427,48,0.000007,0,2,2,0,2,2
21684245,,0,0.000266,100,0.000007,0,1,1,0,1,1
20723247,,0,0.000266,218,0.000061,9,1,10,9,1,10
20472512,,0,0.007201,100,0.000007,0,3,3,0,3,3
20334655,,0,0.000266,100,0.000007,0,1,1,0,1,1
19838053,,0,0.000266,100,0.000007,0,1,1,0,1,1
19173036,,0,0.000328,137,0.000007,0,3,3,0,3,3
17428332,,0,0.000266,100,0.000007,0,1,1,0,1,1
24592828,,0,0.000007,5,0.000007,0,1,1,0,1,1
16527602,,0.000603,0,5,0.000022,16,0,16,16,0,16
16528603,,0.000387,0,89,0.00001,3,0,3,3,0,3
26137074,,0,0.000011,89,0.000007,0,2,2,0,2,2
16528604,,0.000589,0,89,0.000019,7,0,7,7,0,7
16528612,,0.001514,0,140,0.000035,20,0,20,20,0,20
25114582,,0,0.000102,72,0.000007,0,7,7,0,7,7
24346708,,0,0.000104,5,0.000007,0,6,6,0,6,6
23277395,,0.000005,0.000104,24,0.000016,5,6,11,5,6,11
17182857,,0,0.000029,140,0.000007,0,1,1,0,1,1
29699570,,0,0.000003,140,0.000007,0,2,2,0,2,2
16528613,,0.000068,0,140,0.000023,4,0,4,4,0,4
21811306,,0,0.000001,140,0.000007,0,1,1,0,1,1
21654725,,0,0.000001,140,0.000007,0,1,1,0,1,1
29096636,,0,0.000001,90,0.000007,0,1,1,0,1,1
16530325,,0.000038,0,90,0.000069,12,0,12,12,0,12
28846716,,0,0.000001,90,0.000007,0,1,1,0,1,1
27173588,,0,0.000001,90,0.000007,0,1,1,0,1,1
26540569,,0,0.000319,90,0.000007,0,2,2,0,2,2
26212328,,0,0.000001,90,0.000007,0,1,1,0,1,1
23383159,,0,0.000001,90,0.000007,0,1,1,0,1,1
22348134,,0,0.000001,90,0.000007,0,1,1,0,1,1
20824044,,0,0.000001,90,0.000007,0,1,1,0,1,1
19466569,,0,0.000001,90,0.000007,0,1,1,0,1,1
18435914,,0,0.000001,90,0.000007,0,1,1,0,1,1
16530420,,0.003495,0,35,0.000037,25,0,25,25,0,25
22740985,,0,0.000492,35,0.000007,0,4,4,0,4,4
18316601,,0,0.000067,35,0.000007,0,1,1,0,1,1
16533589,,0.000455,0,5,0.000034,19,0,19,19,0,19
27589999,,0,0.000009,5,0.000007,0,1,1,0,1,1
22109910,,0,0.000009,241,0.000007,0,2,2,0,2,2
20076994,,0,0.000009,5,0.000007,0,1,1,0,1,1
30217218,,0,0.000267,1,0.000007,0,4,4,0,4,4
16533773,,0.000589,0,82,0.000068,21,0,21,21,0,21
29532618,,0,0.000019,82,0.000007,0,2,2,0,2,2
29049411,,0,0.000011,82,0.000007,0,1,1,0,1,1
26722230,,0,0.000019,82,0.000007,0,2,2,0,2,2
25742469,,0,0.000756,1,0.000007,0,7,7,0,7,7
25026289,,0,0.000047,176,0.000007,0,2,2,0,2,2
24587674,,0,0.000011,82,0.000007,0,2,2,0,2,2
23154512,,0,0.000011,82,0.000007,0,1,1,0,1,1
20709753,,0,0.000011,82,0.000007,0,1,1,0,1,1
17700532,,0,0.000011,82,0.000007,0,1,1,0,1,1
30202040,,0,0.000106,35,0.000007,0,1,1,0,1,1
16533778,,0.005565,0,35,0.000265,75,0,75,75,0,75
29573988,,0,0.000106,35,0.000007,0,1,1,0,1,1
29473333,,0,0.000487,35,0.000007,0,3,3,0,3,3
29137072,,0,0.000106,35,0.000007,0,1,1,0,1,1
29018573,,0,0.012477,1,0.000007,0,18,18,0,18,18
28186968,,0,0.000106,35,0.000007,0,1,1,0,1,1
28096694,,0,0.000106,35,0.000007,0,1,1,0,1,1
27488323,,0,0.000106,35,0.000007,0,1,1,0,1,1
27123295,,0,0.000106,35,0.000007,0,1,1,0,1,1
27071719,,0,0.000106,35,0.000007,0,1,1,0,1,1
27042104,,0,0.000106,35,0.000007,0,1,1,0,1,1
27009365,,0,0.000106,35,0.000007,0,1,1,0,1,1
26998170,,0,0.001971,35,0.000007,0,8,8,0,8,8
26684197,,0,0.000481,35,0.000007,0,3,3,0,3,3
26633531,,0,0.000573,35,0.000007,0,3,3,0,3,3
26503504,,0,0.00011,72,0.000007,0,2,2,0,2,2
25885919,,0,0.000573,35,0.000007,0,2,2,0,2,2
25097648,,0,0.000106,35,0.000007,0,1,1,0,1,1
25031741,,0,0.000115,35,0.000007,0,2,2,0,2,2
24993803,,0,0.000107,35,0.000007,0,2,2,0,2,2
24694753,,0,0.000106,35,0.000007,0,1,1,0,1,1
24632568,,0,0.000878,35,0.000007,0,6,6,0,6,6
24487586,,0,0.000106,35,0.000007,0,1,1,0,1,1
24403602,,0,0.000106,35,0.000007,0,1,1,0,1,1
24098490,,0,0.000106,35,0.000007,0,1,1,0,1,1
23626635,,0,0.000106,35,0.000007,0,1,1,0,1,1
23505378,,0,0.000106,35,0.000007,0,1,1,0,1,1
23445611,,0,0.000424,35,0.000007,0,2,2,0,2,2
23442983,,0,0.000106,35,0.000007,0,1,1,0,1,1
23184945,,0,0.000106,35,0.000007,0,1,1,0,1,1
22759679,,0,0.000106,35,0.000007,0,1,1,0,1,1
22649545,,0,0.000106,35,0.000007,0,1,1,0,1,1
22457808,,0,0.000106,35,0.000007,0,1,1,0,1,1
22076152,,0,0.000106,35,0.000007,0,1,1,0,1,1
21947595,,0,0.001102,35,0.000007,0,4,4,0,4,4
21679005,,0,0.000424,35,0.000007,0,2,2,0,2,2
21606433,,0,0.000181,35,0.000007,0,4,4,0,4,4
21063406,,0,0.000791,35,0.000007,0,3,3,0,3,3
20713986,,0,0.000106,35,0.000007,0,1,1,0,1,1
20186299,,0,0.000106,35,0.000007,0,1,1,0,1,1
19856998,,0,0.000106,35,0.000007,0,1,1,0,1,1
18283337,,0,0.000106,35,0.000007,0,1,1,0,1,1
17029629,,0,0.000106,35,0.000007,0,1,1,0,1,1
20383776,,0,0.00016,231,0.000007,0,2,2,0,2,2
28901428,,0,0.000002,279,0.000007,0,1,1,0,1,1
16537562,,0.000101,0,279,0.000211,40,0,40,40,0,40
28659310,,0,0.000002,279,0.000007,0,1,1,0,1,1
28408839,,0,0.000002,279,0.000007,0,1,1,0,1,1
28127428,,0,0.000031,279,0.000007,0,2,2,0,2,2
28018146,,0,0.000318,279,0.000007,0,3,3,0,3,3
27891190,,0,0.000002,279,0.000007,0,1,1,0,1,1
27655674,,0,0.000002,279,0.000007,0,1,1,0,1,1
26782786,,0,0.000002,279,0.000007,0,1,1,0,1,1
26338139,,0,0.000002,279,0.000007,0,1,1,0,1,1
25740824,,0,0.000002,279,0.000007,0,1,1,0,1,1
25378232,,0,0.000002,279,0.000007,0,1,1,0,1,1
25340937,,0,0.000002,279,0.000007,0,1,1,0,1,1
25054026,,0,0.000002,279,0.000007,0,1,1,0,1,1
24921089,,0,0.000002,279,0.000007,0,1,1,0,1,1
24822169,,0,0.000098,279,0.000007,0,2,2,0,2,2
24592273,,0,0.000002,279,0.000007,0,1,1,0,1,1
24389641,,0,0.000002,279,0.000007,0,1,1,0,1,1
24179534,,0,0.000002,279,0.000007,0,1,1,0,1,1
23852374,,0,0.000002,279,0.000007,0,1,1,0,1,1
22110720,,0,0.000002,279,0.000007,0,1,1,0,1,1
21999220,,0,0.000002,279,0.000007,0,1,1,0,1,1
21960811,,0,0.000021,279,0.000007,0,2,2,0,2,2
21228928,,0,0.000002,279,0.000007,0,1,1,0,1,1
21197409,,0,0.000002,279,0.000007,0,1,1,0,1,1
21150312,,0,0.000002,279,0.000007,0,1,1,0,1,1
20160041,,0,0.000002,279,0.000007,0,1,1,0,1,1
20071334,,0,0.000002,279,0.000007,0,1,1,0,1,1
19399937,,0,0.000002,279,0.000007,0,1,1,0,1,1
19037089,,0,0.000002,279,0.000007,0,1,1,0,1,1
18778722,,0,0.000002,279,0.000007,0,1,1,0,1,1
18157091,,0,0.000002,279,0.000007,0,1,1,0,1,1
25880006,,0,0.000006,5,0.000007,0,3,3,0,3,3
16537697,,0.00014,0,5,0.000015,5,0,5,5,0,5
19663525,,0,0.000063,5,0.000007,0,3,3,0,3,3
28257035,,0,0.000001,82,0.000007,0,1,1,0,1,1
16537704,,0.000044,0,82,0.000046,9,0,9,9,0,9
26517238,,0,0.000001,82,0.000007,0,1,1,0,1,1
21943286,,0,0.000001,82,0.000007,0,1,1,0,1,1
18767027,,0,0.000001,82,0.000007,0,1,1,0,1,1
18684813,,0,0.000001,82,0.000007,0,1,1,0,1,1
17898866,,0,0.000001,82,0.000007,0,1,1,0,1,1
18466613,,0,0.000009,5,0.000007,0,1,1,0,1,1
27495308,,0,0,111,0.000007,0,1,1,0,1,1
16538531,,0.000001,0,111,0.000036,8,0,8,8,0,8
25656847,,0,0,111,0.000007,0,1,1,0,1,1
25010388,,0,0,111,0.000007,0,1,1,0,1,1
16540750,,0.000226,0,5,0.000016,5,0,5,5,0,5
20040222,,0,0.000004,5,0.000007,0,1,1,0,1,1
30348118,,0,0.00004,35,0.000007,0,1,1,0,1,1
16541313,,0.002114,0,35,0.000158,35,0,35,35,0,35
30012492,,0,0.00004,35,0.000007,0,1,1,0,1,1
28923854,,0,0.00004,35,0.000007,0,1,1,0,1,1
28279189,,0,0.000177,35,0.000007,0,2,2,0,2,2
27239239,,0,0.00004,35,0.000007,0,1,1,0,1,1
26431273,,0,0.000051,90,0.000007,0,3,3,0,3,3
24715830,,0,0.00004,35,0.000007,0,1,1,0,1,1
23704778,,0,0.00004,35,0.000007,0,1,1,0,1,1
23647160,,0,0.000048,35,0.000007,0,2,2,0,2,2
23128390,,0,0.000252,35,0.000007,0,3,3,0,3,3
22957061,,0,0.000073,35,0.000007,0,2,2,0,2,2
22496908,,0,0.00004,35,0.000007,0,1,1,0,1,1
21883043,,0,0.00004,35,0.000007,0,1,1,0,1,1
21533873,,0,0.00004,35,0.000007,0,1,1,0,1,1
20581045,,0,0.00004,35,0.000007,0,1,1,0,1,1
20558341,,0,0.00004,35,0.000007,0,1,1,0,1,1
20540763,,0,0.00004,35,0.000007,0,1,1,0,1,1
19411449,,0,0.00004,35,0.000007,0,1,1,0,1,1
19087987,,0,0.00004,35,0.000007,0,1,1,0,1,1
18710343,,0,0.00004,35,0.000007,0,1,1,0,1,1
17915016,,0,0.00004,35,0.000007,0,1,1,0,1,1
17660346,,0,0.00004,35,0.000007,0,1,1,0,1,1
16541315,,0.002434,0,89,0.000024,14,0,14,14,0,14
17400795,,0.001428,0.000103,5,0.000015,12,2,14,12,2,14
16541324,,0.001359,0,5,0.000042,19,0,19,19,0,19
19015288,,0,0.000026,5,0.000007,0,1,1,0,1,1
16542006,,0.000001,0,48,0.000034,5,0,5,5,0,5
22753356,,0,0,48,0.000007,0,1,1,0,1,1
22389766,,0,0,48,0.000007,0,1,1,0,1,1
20454629,,0,0,48,0.000007,0,1,1,0,1,1
18300938,,0,0,48,0.000007,0,1,1,0,1,1
30147803,,0,0.000006,89,0.000007,0,2,2,0,2,2
16542227,,0.000287,0,89,0.000036,12,0,12,12,0,12
27436674,,0,0.000005,89,0.000007,0,1,1,0,1,1
21308767,,0,0.000005,89,0.000007,0,1,1,0,1,1
16543155,,0.001249,0,90,0.000477,108,0,108,108,0,108
30392931,,0,0.000024,90,0.000007,0,1,1,0,1,1
30392929,,0,0.000024,90,0.000007,0,1,1,0,1,1
30185618,,0,0.000024,90,0.000007,0,1,1,0,1,1
29053960,,0,0.000024,90,0.000007,0,1,1,0,1,1
28884161,,0,0.000024,90,0.000007,0,1,1,0,1,1
28234446,,0,0.000036,100,0.000007,0,3,3,0,3,3
27678051,,0,0.000046,90,0.000007,0,2,2,0,2,2
27550514,,0,0.000024,90,0.000007,0,1,1,0,1,1
27105523,,0,0.00023,90,0.000007,0,2,2,0,2,2
27092149,,0,0.000024,90,0.000007,0,1,1,0,1,1
26976599,,0,0.000024,90,0.000007,0,1,1,0,1,1
26789245,,0,0.000024,90,0.000007,0,1,1,0,1,1
26524494,,0,0.000024,90,0.000007,0,1,1,0,1,1
26286193,,0,0.000024,90,0.000007,0,1,1,0,1,1
25825779,,0,0.000024,90,0.000007,0,1,1,0,1,1
25805999,,0,0.000024,90,0.000007,0,1,1,0,1,1
25799589,,0,0.000024,90,0.000007,0,1,1,0,1,1
25531226,,0,0.000039,35,0.000007,0,2,2,0,2,2
25527407,,0,0.000024,90,0.000007,0,1,1,0,1,1
25471371,,0,0.000024,90,0.000007,0,1,1,0,1,1
25071552,,0,0.000024,90,0.000007,0,1,1,0,1,1
25065467,,0,0.000024,90,0.000007,0,1,1,0,1,1
24920999,,0,0.000115,90,0.000007,0,2,2,0,2,2
24901938,,0,0.000024,90,0.000007,0,1,1,0,1,1
24403071,,0,0.000115,90,0.000007,0,2,2,0,2,2
23942235,,0,0.000024,90,0.000007,0,1,1,0,1,1
23851457,,0,0.000024,90,0.000007,0,1,1,0,1,1
23709311,,0,0.000024,90,0.000007,0,1,1,0,1,1
23696636,,0,0.000024,90,0.000007,0,1,1,0,1,1
23671280,,0,0.000024,90,0.000007,0,1,1,0,1,1
23550736,,0,0.000024,90,0.000007,0,1,1,0,1,1
23234564,,0,0.000024,90,0.000007,0,1,1,0,1,1
23209297,,0,0.000024,90,0.000007,0,1,1,0,1,1
23150760,,0,0.000024,90,0.000007,0,1,1,0,1,1
23142976,,0,0.000024,90,0.000007,0,1,1,0,1,1
23003343,,0,0.000024,90,0.000007,0,1,1,0,1,1
22989887,,0,0.000024,90,0.000007,0,1,1,0,1,1
22842904,,0,0.000024,90,0.000007,0,1,1,0,1,1
22325355,,0,0.001001,100,0.000007,0,4,4,0,4,4
22085930,,0,0.000024,90,0.000007,0,1,1,0,1,1
22012881,,0,0.000024,90,0.000007,0,1,1,0,1,1
21474069,,0,0.000024,90,0.000007,0,1,1,0,1,1
21444718,,0,0.000046,100,0.000007,0,3,3,0,3,3
21422291,,0,0.000024,90,0.000007,0,1,1,0,1,1
21345795,,0,0.000024,90,0.000007,0,1,1,0,1,1
21158740,,0,0.000024,90,0.000007,0,1,1,0,1,1
21102611,,0,0.000246,90,0.000007,0,2,2,0,2,2
21098018,,0,0.000024,90,0.000007,0,1,1,0,1,1
20975996,,0,0.000054,90,0.000007,0,2,2,0,2,2
20704274,,0,0.000024,90,0.000007,0,1,1,0,1,1
20696396,,0,0.000024,90,0.000007,0,1,1,0,1,1
20061386,,0,0.000024,90,0.000007,0,1,1,0,1,1
19913553,,0,0.000024,90,0.000007,0,1,1,0,1,1
19887645,,0,0.000024,90,0.000007,0,1,1,0,1,1
19690564,,0,0.000024,90,0.000007,0,1,1,0,1,1
19604471,,0,0.000024,90,0.000007,0,1,1,0,1,1
19465916,,0,0.000024,90,0.000007,0,1,1,0,1,1
19223579,,0,0.000024,90,0.000007,0,1,1,0,1,1
19153604,,0,0.000024,90,0.000007,0,1,1,0,1,1
18851830,,0,0.000024,90,0.000007,0,1,1,0,1,1
18805092,,0,0.000024,90,0.000007,0,1,1,0,1,1
18799622,,0,0.000024,90,0.000007,0,1,1,0,1,1
18799573,,0,0.000024,90,0.000007,0,1,1,0,1,1
17643372,,0,0.000024,90,0.000007,0,1,1,0,1,1
17491593,,0,0.000024,90,0.000007,0,1,1,0,1,1
17475278,,0,0.000024,90,0.000007,0,1,1,0,1,1
17466333,,0,0.000024,90,0.000007,0,1,1,0,1,1
17220875,,0,0.000024,90,0.000007,0,1,1,0,1,1
17034365,,0,0.000024,90,0.000007,0,1,1,0,1,1
29755367,,0,0.000149,232,0.000007,0,4,4,0,4,4
16543242,,0.000976,0,35,0.000053,19,0,19,19,0,19
24504136,,0,0.000019,35,0.000007,0,1,1,0,1,1
24465725,,0,0.000019,35,0.000007,0,1,1,0,1,1
24366069,,0,0.000033,90,0.000007,0,2,2,0,2,2
16544996,,0.000197,0,89,0.000009,2,0,2,2,0,2
29544651,,0,0.000107,5,0.000007,0,2,2,0,2,2
16549852,,0.002848,0,5,0.000066,35,0,35,35,0,35
27469118,,0,0.000494,5,0.000007,0,7,7,0,7,7
25101997,,0,0.000054,5,0.000007,0,1,1,0,1,1
24809301,,0,0.000151,5,0.000007,0,5,5,0,5,5
20113752,,0,0.000054,5,0.000007,0,1,1,0,1,1
19949545,,0,0.000054,5,0.000007,0,1,1,0,1,1
17227937,,0,0.000054,5,0.000007,0,1,1,0,1,1
16551709,,0.013083,0,231,0.000581,151,0,151,151,0,151
29672706,,0,0.000249,231,0.000007,0,1,1,0,1,1
28145423,,0.000242,0.008632,231,0.000011,3,10,13,3,10,13
27785394,,0,0.000249,231,0.000007,0,1,1,0,1,1
27600231,,0,0.000645,89,0.000007,0,9,9,0,9,9
26768750,,0,0.000252,231,0.000007,0,2,2,0,2,2
26587011,,0,0.001434,89,0.000007,0,7,7,0,7,7
26506619,,0,0.000299,231,0.000007,0,4,4,0,4,4
26446916,,0,0.000273,231,0.000007,0,4,4,0,4,4
26135503,,0,0.000249,231,0.000007,0,1,1,0,1,1
25999657,,0,0.000276,231,0.000007,0,3,3,0,3,3
25221608,,0,0.000542,231,0.000007,0,3,3,0,3,3
25057442,,0,0.000249,231,0.000007,0,1,1,0,1,1
24707160,,0,0.00028,231,0.000007,0,2,2,0,2,2
24625245,,0.000047,0.000303,89,0.000012,3,5,8,3,5,8
24373500,,0,0.000282,231,0.000007,0,2,2,0,2,2
24039999,,0,0.000393,231,0.000007,0,3,3,0,3,3
23976942,,0,0.000355,231,0.000007,0,4,4,0,4,4
23894282,,0,0.000603,231,0.000007,0,3,3,0,3,3
23565189,,0,0.000332,231,0.000007,0,2,2,0,2,2
22878507,,0,0.000256,231,0.000007,0,2,2,0,2,2
22658618,,0,0.00142,205,0.000007,0,4,4,0,4,4
22507745,,0.000647,0.000369,89,0.000021,11,7,18,11,7,18
22384361,,0,0.000249,231,0.000007,0,1,1,0,1,1
21637676,,0,0.000525,100,0.000007,0,2,2,0,2,2
21505135,,0.001623,0.000249,205,0.000337,63,1,64,63,1,64
20832881,,0,0.000249,231,0.000007,0,1,1,0,1,1
20354763,,0,0.000272,231,0.000007,0,2,2,0,2,2
19325608,,0,0.000249,231,0.000007,0,1,1,0,1,1
18464043,,0,0.000249,231,0.000007,0,1,1,0,1,1
17903305,,0,0.000301,35,0.000007,0,3,3,0,3,3
17296890,,0,0.000249,231,0.000007,0,1,1,0,1,1
16551851,,0.002054,0,35,0.000013,8,0,8,8,0,8
25161997,,0,0.00001,24,0.000007,0,1,1,0,1,1
16557672,,0.00055,0,24,0.000049,7,0,7,7,0,7
24832689,,0,0.00001,24,0.000007,0,1,1,0,1,1
23071492,,0,0.00001,24,0.000007,0,1,1,0,1,1
20470393,,0,0.00001,24,0.000007,0,1,1,0,1,1
18513400,,0,0.00001,24,0.000007,0,1,1,0,1,1
16563094,,0.002372,0,231,0.000108,31,0,31,31,0,31
27378695,,0,0.0082,231,0.000007,0,7,7,0,7,7
26793489,,0,0.000045,231,0.000007,0,1,1,0,1,1
26209509,,0,0.00845,231,0.000007,0,7,7,0,7,7
23535730,,0,0.007854,231,0.000007,0,4,4,0,4,4
23535649,,0,0.007895,231,0.000007,0,4,4,0,4,4
22267197,,0,0.000231,231,0.000007,0,2,2,0,2,2
18431743,,0,0.000045,231,0.000007,0,1,1,0,1,1
29090237,,0,0.000003,231,0.000007,0,2,2,0,2,2
23383041,,0,0.000019,231,0.000007,0,3,3,0,3,3
20832750,,0,0.000007,231,0.000007,0,2,2,0,2,2
19318491,,0,0.000007,231,0.000007,0,2,2,0,2,2
19144119,,0,0.000008,231,0.000007,0,3,3,0,3,3
18828900,,0,0.000004,231,0.000007,0,2,2,0,2,2
17286854,,0,0.000003,231,0.000007,0,1,1,0,1,1
29504989,,0,0.000009,184,0.000007,0,1,1,0,1,1
16563745,,0.000176,0,5,0.000023,12,0,12,12,0,12
24155764,,0,0.000014,5,0.000007,0,2,2,0,2,2
28223208,,0,0.000015,90,0.000007,0,1,1,0,1,1
16567799,,0.000771,0,90,0.000143,22,0,22,22,0,22
26970402,,0,0.000015,90,0.000007,0,1,1,0,1,1
24921657,,0,0.000015,90,0.000007,0,1,1,0,1,1
22374506,,0,0.000015,90,0.000007,0,1,1,0,1,1
19850893,,0,0.000015,90,0.000007,0,1,1,0,1,1
19158084,,0,0.000015,90,0.000007,0,1,1,0,1,1
19138996,,0,0.000015,90,0.000007,0,1,1,0,1,1
17707923,,0,0.000015,90,0.000007,0,1,1,0,1,1
29562176,,0,0.000913,35,0.000007,0,6,6,0,6,6
16570289,,0.001431,0,35,0.000137,21,0,21,21,0,21
26137157,,0,0.000027,35,0.000007,0,1,1,0,1,1
25336897,,0,0.000027,35,0.000007,0,1,1,0,1,1
24589629,,0,0.000027,35,0.000007,0,1,1,0,1,1
22623986,,0,0.000027,35,0.000007,0,1,1,0,1,1
21075309,,0,0.000027,35,0.000007,0,1,1,0,1,1
19584277,,0,0.000058,41,0.000007,0,4,4,0,4,4
19020549,,0,0.000027,35,0.000007,0,1,1,0,1,1
16575464,,0.000184,0,89,0.000007,2,0,2,2,0,2
28391240,,0,0.000153,231,0.000007,0,4,4,0,4,4
24242184,,0,0.000521,231,0.000007,0,5,5,0,5,5
22280365,,0,0.000075,35,0.000007,0,2,2,0,2,2
22188651,,0,0.000253,35,0.000007,0,4,4,0,4,4
18681954,,0,0.000049,35,0.000007,0,1,1,0,1,1
30228576,,0,0,136,0.000007,0,1,1,0,1,1
16582132,,0,0,136,0.000115,18,0,18,18,0,18
29725286,,0,0,136,0.000007,0,1,1,0,1,1
27980525,,0,0,136,0.000007,0,1,1,0,1,1
27130615,,0,0,136,0.000007,0,1,1,0,1,1
26744813,,0,0,136,0.000007,0,1,1,0,1,1
25512860,,0,0,136,0.000007,0,1,1,0,1,1
25189766,,0,0,136,0.000007,0,1,1,0,1,1
24390224,,0,0,136,0.000007,0,1,1,0,1,1
23942040,,0,0,136,0.000007,0,1,1,0,1,1
23284171,,0,0,136,0.000007,0,1,1,0,1,1
23161897,,0,0,136,0.000007,0,1,1,0,1,1
22234483,,0,0,136,0.000007,0,1,1,0,1,1
21252757,,0,0,136,0.000007,0,1,1,0,1,1
19132395,,0,0,136,0.000007,0,1,1,0,1,1
18811931,,0,0,136,0.000007,0,1,1,0,1,1
18692824,,0,0,136,0.000007,0,1,1,0,1,1
18672237,,0,0,136,0.000007,0,1,1,0,1,1
17765232,,0,0,136,0.000007,0,1,1,0,1,1
30345052,,0,0,24,0.000007,0,1,1,0,1,1
16582586,,0.000002,0,24,0.000105,17,0,17,17,0,17
29898094,,0,0,24,0.000007,0,1,1,0,1,1
28945801,,0,0,24,0.000007,0,1,1,0,1,1
26909288,,0,0,24,0.000007,0,1,1,0,1,1
26779435,,0,0,24,0.000007,0,1,1,0,1,1
23918566,,0,0,24,0.000007,0,1,1,0,1,1
23055747,,0,0,24,0.000007,0,1,1,0,1,1
23024704,,0,0,24,0.000007,0,1,1,0,1,1
22824103,,0,0,24,0.000007,0,1,1,0,1,1
22236140,,0,0,24,0.000007,0,1,1,0,1,1
22139648,,0,0,24,0.000007,0,1,1,0,1,1
20616898,,0,0,24,0.000007,0,1,1,0,1,1
20362507,,0,0,24,0.000007,0,1,1,0,1,1
20160726,,0,0,24,0.000007,0,1,1,0,1,1
17304967,,0,0,24,0.000007,0,1,1,0,1,1
17242698,,0,0,24,0.000007,0,1,1,0,1,1
16582598,,0.000608,0,279,0.000032,14,0,14,14,0,14
26464711,,0,0.000793,279,0.000007,0,3,3,0,3,3
27494853,,0,0.000006,35,0.000007,0,1,1,0,1,1
16585167,,0.000326,0,35,0.000054,16,0,16,16,0,16
27149990,,0,0.000821,35,0.000007,0,5,5,0,5,5
26165517,,0,0.000957,35,0.000007,0,4,4,0,4,4
25200860,,0,0.000899,35,0.000007,0,3,3,0,3,3
24556651,,0,0.000304,35,0.000007,0,4,4,0,4,4
22624713,,0,0.002323,35,0.000007,0,9,9,0,9,9
19422607,,0,0.000006,35,0.000007,0,1,1,0,1,1
18395971,,0,0.000006,35,0.000007,0,1,1,0,1,1
18053699,,0,0.000016,35,0.000007,0,2,2,0,2,2
17595299,,0,0.000006,35,0.000007,0,1,1,0,1,1
30283335,,0,0.000001,231,0.000007,0,2,2,0,2,2
26559253,,0,0.000001,231,0.000007,0,1,1,0,1,1
25157349,,0,0.000001,231,0.000007,0,1,1,0,1,1
29243522,,0,0.000065,5,0.000007,0,7,7,0,7,7
16600981,,0.00021,0,5,0.000022,11,0,11,11,0,11
26889396,,0,0.000004,5,0.000007,0,1,1,0,1,1
19060299,,0,0.000041,5,0.000007,0,5,5,0,5,5
23963114,,0,0.000079,35,0.000007,0,1,1,0,1,1
16605057,,0.000113,0,5,0.000008,2,0,2,2,0,2
16615107,,0.001741,0,69,0.000014,10,0,10,10,0,10
16616110,,0.001904,0,89,0.00002,18,0,18,18,0,18
16618730,,0.00284,0,100,0.000037,19,0,19,19,0,19
29113261,,0,0.000026,140,0.000007,0,1,1,0,1,1
16619214,,0.00139,0,140,0.000073,25,0,25,25,0,25
27832746,,0,0.000026,140,0.000007,0,1,1,0,1,1
27240813,,0,0.000027,140,0.000007,0,3,3,0,3,3
25793413,,0,0.000026,140,0.000007,0,1,1,0,1,1
24498620,,0,0.000043,140,0.000007,0,4,4,0,4,4
22323516,,0,0.000026,140,0.000007,0,1,1,0,1,1
22103262,,0,0.000026,140,0.000007,0,1,1,0,1,1
26544107,,0,0.000001,231,0.000007,0,1,1,0,1,1
25519313,,0,0.000001,231,0.000007,0,1,1,0,1,1
24162621,,0,0.000001,231,0.000007,0,1,1,0,1,1
23833122,,0,0.000001,231,0.000007,0,1,1,0,1,1
22373232,,0,0.000001,231,0.000007,0,1,1,0,1,1
22105264,,0,0.000001,231,0.000007,0,1,1,0,1,1
21811076,,0,0.000001,231,0.000007,0,1,1,0,1,1
21387292,,0,0.000001,231,0.000007,0,1,1,0,1,1
21333602,,0,0.000001,231,0.000007,0,1,1,0,1,1
21328615,,0,0.000001,231,0.000007,0,1,1,0,1,1
21129206,,0,0.000001,231,0.000007,0,1,1,0,1,1
21076150,,0,0.000001,231,0.000007,0,1,1,0,1,1
20574843,,0,0.000001,231,0.000007,0,1,1,0,1,1
19569043,,0,0.000001,231,0.000007,0,1,1,0,1,1
19423537,,0,0.000001,231,0.000007,0,1,1,0,1,1
19336566,,0,0.000001,231,0.000007,0,1,1,0,1,1
19077426,,0,0.000001,231,0.000007,0,1,1,0,1,1
18653522,,0,0.000001,231,0.000007,0,1,1,0,1,1
18466461,,0,0.000001,231,0.000007,0,1,1,0,1,1
18307795,,0,0.000001,231,0.000007,0,1,1,0,1,1
18005446,,0,0.000002,231,0.000007,0,2,2,0,2,2
17909879,,0,0.000001,231,0.000007,0,1,1,0,1,1
17576861,,0,0.000001,231,0.000007,0,1,1,0,1,1
27651551,,0,0.000057,5,0.000007,0,1,1,0,1,1
25713150,,0,0.000121,5,0.000007,0,2,2,0,2,2
24477977,,0,0.000126,5,0.000007,0,4,4,0,4,4
21422863,,0,0.000125,5,0.000007,0,2,2,0,2,2
16624550,,0.000055,0,231,0.000008,1,0,1,1,0,1
29985131,,0,0.001515,100,0.000007,0,4,4,0,4,4
27605052,,0,0.000132,100,0.000007,0,1,1,0,1,1
27506200,,0,0.000132,100,0.000007,0,1,1,0,1,1
27175736,,0,0.000132,100,0.000007,0,1,1,0,1,1
26502057,,0,0.000379,100,0.000007,0,3,3,0,3,3
26413217,,0,0.000132,100,0.000007,0,1,1,0,1,1
25703348,,0,0.001303,100,0.000007,0,3,3,0,3,3
25365214,,0,0.000722,100,0.000007,0,5,5,0,5,5
24940389,,0,0.000132,100,0.000007,0,1,1,0,1,1
23285047,,0,0.000132,100,0.000007,0,1,1,0,1,1
20403813,,0,0.000415,100,0.000007,0,3,3,0,3,3
20047968,,0,0.000132,100,0.000007,0,1,1,0,1,1
19116030,,0,0.000132,100,0.000007,0,1,1,0,1,1
18836178,,0,0.000132,100,0.000007,0,1,1,0,1,1
18678709,,0,0.000951,100,0.000007,0,3,3,0,3,3
18263876,,0,0.000132,100,0.000007,0,1,1,0,1,1
17983271,,0,0.000132,100,0.000007,0,1,1,0,1,1
16632260,,0.000043,0,140,0.000007,1,0,1,1,0,1
16632419,,0.000408,0,24,0.000008,2,0,2,2,0,2
27689181,,0,0.000014,5,0.000007,0,1,1,0,1,1
16632699,,0.000712,0,5,0.000014,3,0,3,3,0,3
16633366,,0.00239,0,100,0.000077,38,0,38,38,0,38
29449545,,0,0.000124,100,0.000007,0,3,3,0,3,3
23378870,,0,0.000046,100,0.000007,0,1,1,0,1,1
23222812,,0,0.000075,100,0.000007,0,3,3,0,3,3
21699508,,0,0.000046,100,0.000007,0,1,1,0,1,1
20614023,,0,0.000046,100,0.000007,0,1,1,0,1,1
16636335,,0.006095,0,5,0.000075,38,0,38,38,0,38
26751194,,0.000006,0.000122,5,0.000065,13,3,16,13,3,16
26052229,,0.000064,0.002191,5,0.000007,1,17,18,1,17,18
22693401,,0,0.000116,5,0.000007,0,1,1,0,1,1
30309213,,0,0.000001,2,0.000007,0,1,1,0,1,1
16638864,,0.00006,0,2,0.000181,33,0,33,33,0,33
30279559,,0,0.000001,2,0.000007,0,1,1,0,1,1
30013370,,0,0.000001,2,0.000007,0,1,1,0,1,1
28640871,,0,0.000001,2,0.000007,0,1,1,0,1,1
28610420,,0,0.001207,100,0.000007,0,4,4,0,4,4
28237401,,0,0.000001,2,0.000007,0,1,1,0,1,1
27606285,,0,0.000001,2,0.000007,0,1,1,0,1,1
26253951,,0,0.000001,2,0.000007,0,1,1,0,1,1
26019482,,0,0.000116,2,0.000007,0,3,3,0,3,3
24940494,,0,0.000001,2,0.000007,0,1,1,0,1,1
24701578,,0,0.000002,2,0.000007,0,2,2,0,2,2
24594932,,0,0.000001,2,0.000007,0,1,1,0,1,1
24324286,,0,0.000002,2,0.000007,0,2,2,0,2,2
24130819,,0,0.000001,2,0.000007,0,1,1,0,1,1
23936089,,0,0.000001,2,0.000007,0,1,1,0,1,1
23805288,,0,0.000001,2,0.000007,0,1,1,0,1,1
23313170,,0.000372,0.000001,24,0.000036,7,1,8,7,1,8
23096768,,0,0.000001,2,0.000007,0,1,1,0,1,1
23086927,,0,0.000001,2,0.000007,0,1,1,0,1,1
22868256,,0,0.000249,2,0.000007,0,3,3,0,3,3
22742565,,0,0.000001,2,0.000007,0,1,1,0,1,1
22537351,,0,0.000001,2,0.000007,0,1,1,0,1,1
22272830,,0,0.000001,2,0.000007,0,1,1,0,1,1
21861849,,0,0.000001,2,0.000007,0,1,1,0,1,1
21332318,,0,0.000002,2,0.000007,0,2,2,0,2,2
21286719,,0,0.00001,2,0.000007,0,3,3,0,3,3
20932654,,0,0.000001,2,0.000007,0,1,1,0,1,1
20171510,,0,0.000001,2,0.000007,0,1,1,0,1,1
16639080,,0.006622,0,24,0.000146,38,0,38,38,0,38
29653924,,0,0.000126,24,0.000007,0,1,1,0,1,1
27667906,,0,0.000126,24,0.000007,0,1,1,0,1,1
26553648,,0,0.00016,24,0.000007,0,2,2,0,2,2
25898113,,0,0.000333,176,0.000007,0,2,2,0,2,2
23348568,,0,0.000126,24,0.000007,0,1,1,0,1,1
23133315,,0,0.000249,24,0.000007,0,3,3,0,3,3
21643015,,0,0.000126,24,0.000007,0,1,1,0,1,1
20573985,,0,0.000292,48,0.000007,0,3,3,0,3,3
19674193,,0,0.000154,24,0.000007,0,2,2,0,2,2
30274157,,0,0,293,0.000007,0,1,1,0,1,1
29619271,,0,0,293,0.000007,0,1,1,0,1,1
29200660,,0,0,293,0.000007,0,1,1,0,1,1
26366289,,0,0,293,0.000007,0,1,1,0,1,1
25641598,,0,0,293,0.000007,0,1,1,0,1,1
25144723,,0,0,293,0.000007,0,1,1,0,1,1
24198458,,0,0,293,0.000007,0,3,3,0,3,3
23267248,,0,0,293,0.000007,0,1,1,0,1,1
22458258,,0,0,293,0.000007,0,1,1,0,1,1
21391582,,0,0,293,0.000007,0,1,1,0,1,1
20565098,,0,0,293,0.000007,0,1,1,0,1,1
20408697,,0,0,293,0.000007,0,1,1,0,1,1
20337428,,0,0,293,0.000007,0,1,1,0,1,1
18806888,,0,0,293,0.000007,0,1,1,0,1,1
17194157,,0,0,293,0.000007,0,1,1,0,1,1
17130155,,0,0,293,0.000007,0,1,1,0,1,1
17061884,,0,0,293,0.000007,0,1,1,0,1,1
16644204,,0.001299,0,89,0.000118,30,0,30,30,0,30
29862022,,0,0.000025,89,0.000007,0,1,1,0,1,1
27275664,,0,0.000062,89,0.000007,0,4,4,0,4,4
26328274,,0,0.000025,89,0.000007,0,1,1,0,1,1
24936644,,0,0.000925,89,0.000007,0,5,5,0,5,5
16647191,,0.000568,0,35,0.000082,20,0,20,20,0,20
27418865,,0,0.000011,90,0.000007,0,2,2,0,2,2
26137269,,0,0.000011,35,0.000007,0,1,1,0,1,1
25741136,,0,0.000011,35,0.000007,0,1,1,0,1,1
25084758,,0,0.000011,35,0.000007,0,1,1,0,1,1
23864387,,0,0.000028,90,0.000007,0,2,2,0,2,2
23620761,,0,0.000011,35,0.000007,0,1,1,0,1,1
22171088,,0,0.000011,35,0.000007,0,1,1,0,1,1
22018398,,0,0.000011,35,0.000007,0,1,1,0,1,1
21931726,,0,0.000011,35,0.000007,0,1,1,0,1,1
19956424,,0,0.000011,35,0.000007,0,1,1,0,1,1
18550829,,0,0.000011,35,0.000007,0,1,1,0,1,1
16648044,,0.001697,0,5,0.000028,19,0,19,19,0,19
26908982,,0,0.000138,5,0.000007,0,7,7,0,7,7
23284617,,0,0.000072,5,0.000007,0,3,3,0,3,3
22312134,,0,0.000209,5,0.000007,0,7,7,0,7,7
16648566,,0.00631,0,100,0.000153,63,0,63,63,0,63
29726094,,0,0.00012,100,0.000007,0,1,1,0,1,1
29541412,,0,0.00012,100,0.000007,0,1,1,0,1,1
28806395,,0,0.000129,100,0.000007,0,3,3,0,3,3
26777522,,0,0.000722,100,0.000007,0,3,3,0,3,3
26575637,,0,0.00012,100,0.000007,0,1,1,0,1,1
25995744,,0.000028,0.000245,100,0.00002,3,8,11,3,8,11
25759362,,0,0.00205,100,0.000007,0,8,8,0,8,8
25749046,,0,0.000138,100,0.000007,0,2,2,0,2,2
25325012,,0,0.000141,24,0.000007,0,2,2,0,2,2
25209896,,0,0.00012,100,0.000007,0,1,1,0,1,1
24665206,,0,0.00012,100,0.000007,0,1,1,0,1,1
23301199,,0,0.00012,100,0.000007,0,1,1,0,1,1
22658724,,0,0.00012,100,0.000007,0,1,1,0,1,1
22491798,,0,0.00012,100,0.000007,0,1,1,0,1,1
22118895,,0,0.00012,100,0.000007,0,1,1,0,1,1
22012631,,0,0.00012,100,0.000007,0,1,1,0,1,1
20937593,,0,0.000187,24,0.000007,0,2,2,0,2,2
20647339,,0,0.00012,100,0.000007,0,1,1,0,1,1
20429876,,0,0.000232,1,0.000007,0,2,2,0,2,2
18537678,,0,0.00012,100,0.000007,0,1,1,0,1,1
18324353,,0,0.00012,100,0.000007,0,1,1,0,1,1
18226269,,0,0.00012,100,0.000007,0,1,1,0,1,1
17916240,,0,0.00012,100,0.000007,0,1,1,0,1,1
16650962,,0.000846,0,5,0.00002,7,0,7,7,0,7
22149431,,0,0.000016,5,0.000007,0,1,1,0,1,1
16652080,,0.000496,0,279,0.000138,20,0,20,20,0,20
29098033,,0,0.000009,279,0.000007,0,1,1,0,1,1
29066758,,0,0.00001,279,0.000007,0,2,2,0,2,2
26087196,,0,0.000009,279,0.000007,0,1,1,0,1,1
24008660,,0,0.000009,279,0.000007,0,1,1,0,1,1
23910469,,0,0.000009,279,0.000007,0,1,1,0,1,1
23405089,,0,0.000009,279,0.000007,0,1,1,0,1,1
23105925,,0,0.000033,100,0.000007,0,3,3,0,3,3
21865609,,0,0.000009,279,0.000007,0,1,1,0,1,1
21853135,,0,0.000009,279,0.000007,0,1,1,0,1,1
20975920,,0,0.000009,279,0.000007,0,1,1,0,1,1
20924207,,0,0.000009,279,0.000007,0,1,1,0,1,1
20676130,,0,0.000024,279,0.000007,0,2,2,0,2,2
18674960,,0,0.000009,279,0.000007,0,1,1,0,1,1
29750086,,0,0.000003,367,0.000007,0,2,2,0,2,2
29449618,,0,0.000003,231,0.000007,0,1,1,0,1,1
28664150,,0,0.000003,231,0.000007,0,1,1,0,1,1
28094323,,0,0.000027,231,0.000007,0,2,2,0,2,2
28039167,,0,0.000003,231,0.000007,0,1,1,0,1,1
27824142,,0,0.000003,231,0.000007,0,1,1,0,1,1
26579796,,0,0.000003,367,0.000007,0,2,2,0,2,2
26527528,,0,0.000003,231,0.000007,0,1,1,0,1,1
25763929,,0,0.000003,231,0.000007,0,1,1,0,1,1
24386251,,0,0.000003,231,0.000007,0,1,1,0,1,1
24101192,,0,0.000004,184,0.000007,0,2,2,0,2,2
23755158,,0,0.000549,231,0.000007,0,4,4,0,4,4
23641305,,0,0.000003,231,0.000007,0,1,1,0,1,1
23593297,,0,0.000003,231,0.000007,0,1,1,0,1,1
23593148,,0,0.000003,231,0.000007,0,1,1,0,1,1
22823061,,0,0.000012,231,0.000007,0,2,2,0,2,2
21860737,,0,0.000003,231,0.000007,0,1,1,0,1,1
21655367,,0,0.000289,231,0.000007,0,3,3,0,3,3
21566726,,0,0.000003,231,0.000007,0,1,1,0,1,1
20860802,,0,0.000003,231,0.000007,0,1,1,0,1,1
19336415,,0,0.000003,231,0.000007,0,1,1,0,1,1
19208188,,0,0.000003,231,0.000007,0,1,1,0,1,1
18992148,,0,0.000003,231,0.000007,0,1,1,0,1,1
18037162,,0,0.000003,231,0.000007,0,1,1,0,1,1
17033960,,0,0.000003,231,0.000007,0,1,1,0,1,1
16677609,,0.000064,0,100,0.000007,1,0,1,1,0,1
16679306,,0.000715,0,100,0.000038,11,0,11,11,0,11
24448499,,0.010877,0.008933,1,0.000181,64,11,75,64,11,75
21301473,,0,0.000014,100,0.000007,0,1,1,0,1,1
19105801,,0,0.000014,100,0.000007,0,1,1,0,1,1
16679866,,0.000002,0,198,0.000009,2,0,2,2,0,2
25885205,,0,0,279,0.000007,0,1,1,0,1,1
16680901,,0.000002,0,279,0.000015,2,0,2,2,0,2
16681718,,0.000049,0,69,0.000016,3,0,3,3,0,3
23388061,,0,0.000001,69,0.000007,0,1,1,0,1,1
16683254,,0.001257,0,89,0.000038,13,0,13,13,0,13
19925654,,0,0.000024,89,0.000007,0,1,1,0,1,1
18182111,,0,0.000024,89,0.000007,0,1,1,0,1,1
16636019,,0,0.000024,89,0.000007,0,1,1,0,1,1
16684319,,0.000045,0,89,0.000008,2,0,2,2,0,2
16684334,,0.000334,0,5,0.000008,2,0,2,2,0,2
27752289,,0,0.000012,35,0.000007,0,1,1,0,1,1
25530743,,0,0.000012,35,0.000007,0,1,1,0,1,1
23077482,,0,0.00003,35,0.000007,0,2,2,0,2,2
22568983,,0,0.000012,35,0.000007,0,1,1,0,1,1
22042555,,0,0.000012,35,0.000007,0,1,1,0,1,1
21778829,,0,0.000012,35,0.000007,0,1,1,0,1,1
21521946,,0,0.000012,35,0.000007,0,1,1,0,1,1
20160967,,0,0.000012,35,0.000007,0,1,1,0,1,1
20019834,,0,0.000012,35,0.000007,0,1,1,0,1,1
19091631,,0,0.000012,35,0.000007,0,1,1,0,1,1
18594537,,0,0.000012,35,0.000007,0,1,1,0,1,1
23849218,,0,0,5,0.000007,0,1,1,0,1,1
16687098,,0.000008,0,5,0.000014,2,0,2,2,0,2
16687925,,0.001112,0,231,0.000044,12,0,12,12,0,12
24746645,,0.004003,0.002081,100,0.000161,60,6,66,60,6,66
16698035,,0.000447,0,100,0.000016,8,0,8,8,0,8
25922847,,0,0.000054,100,0.000007,0,4,4,0,4,4
22869039,,0,0.000065,100,0.000007,0,4,4,0,4,4
16698071,,0.001349,0,69,0.000051,17,0,17,17,0,17
23966321,,0,0.000026,69,0.000007,0,1,1,0,1,1
21627864,,0,0.000026,69,0.000007,0,1,1,0,1,1
21439080,,0,0.000026,69,0.000007,0,1,1,0,1,1
20360942,,0,0.000026,69,0.000007,0,1,1,0,1,1
16702376,,0.000036,0,5,0.000044,10,0,10,10,0,10
28356769,,0,0.000001,5,0.000007,0,2,2,0,2,2
25431228,,0,0.000001,5,0.000007,0,1,1,0,1,1
24376345,,0,0.000001,5,0.000007,0,1,1,0,1,1
23675027,,0,0.000001,5,0.000007,0,1,1,0,1,1
21301592,,0,0.000001,5,0.000007,0,1,1,0,1,1
19674433,,0,0.000001,5,0.000007,0,1,1,0,1,1
30069928,,0,0.000002,231,0.000007,0,1,1,0,1,1
16704985,,0.000098,0,231,0.000059,13,0,13,13,0,13
29629336,,0,0.000002,231,0.000007,0,1,1,0,1,1
28957314,,0,0.000282,231,0.000007,0,4,4,0,4,4
28924252,,0,0.000002,231,0.000007,0,1,1,0,1,1
26841718,,0,0.000002,231,0.000007,0,1,1,0,1,1
25374745,,0,0.000002,231,0.000007,0,1,1,0,1,1
23637848,,0,0.000002,231,0.000007,0,1,1,0,1,1
23119026,,0,0.000002,231,0.000007,0,1,1,0,1,1
16705948,,0,0,231,0.000016,2,0,2,2,0,2
27226720,,0,0,231,0.000007,0,1,1,0,1,1
30402268,,0,0.000061,100,0.000007,0,1,1,0,1,1
16707425,,0.003224,0,100,0.000165,28,0,28,28,0,28
29396516,,0,0.002829,100,0.000007,0,8,8,0,8,8
23372733,,0,0.000158,231,0.000007,0,3,3,0,3,3
23056589,,0,0.007497,69,0.000007,0,2,2,0,2,2
16707442,,0.005433,0,100,0.000109,37,0,37,37,0,37
29378956,,0,0.000104,100,0.000007,0,1,1,0,1,1
28673974,,0,0.002348,100,0.000007,0,8,8,0,8,8
22594378,,0,0.000104,100,0.000007,0,1,1,0,1,1
20130019,,0,0.000104,100,0.000007,0,1,1,0,1,1
16707454,,0.000791,0,137,0.000411,86,0,86,86,0,86
30233549,,0,0.000015,137,0.000007,0,1,1,0,1,1
30111611,,0,0.000015,137,0.000007,0,1,1,0,1,1
30087714,,0,0.000015,137,0.000007,0,1,1,0,1,1
29906244,,0,0.000015,137,0.000007,0,1,1,0,1,1
29780974,,0,0.000033,137,0.000007,0,2,2,0,2,2
29568765,,0,0.000015,137,0.000007,0,1,1,0,1,1
28966808,,0,0.000015,137,0.000007,0,1,1,0,1,1
28938091,,0,0.000028,137,0.000007,0,3,3,0,3,3
28627685,,0,0.000015,137,0.000007,0,1,1,0,1,1
28421159,,0,0.000015,137,0.000007,0,1,1,0,1,1
28347999,,0,0.000015,137,0.000007,0,1,1,0,1,1
28081256,,0,0.000015,137,0.000007,0,1,1,0,1,1
28053954,,0,0.000015,137,0.000007,0,1,1,0,1,1
27822561,,0,0.000015,137,0.000007,0,1,1,0,1,1
27643638,,0,0.000015,137,0.000007,0,1,1,0,1,1
27471491,,0,0.000015,137,0.000007,0,1,1,0,1,1
27296319,,0,0.000015,137,0.000007,0,1,1,0,1,1
27223259,,0,0.000015,137,0.000007,0,1,1,0,1,1
26771115,,0,0.000015,137,0.000007,0,1,1,0,1,1
26656173,,0,0.000015,137,0.000007,0,1,1,0,1,1
26632252,,0,0.000015,137,0.000007,0,2,2,0,2,2
26627833,,0,0.000015,137,0.000007,0,1,1,0,1,1
26587888,,0,0.000015,137,0.000007,0,1,1,0,1,1
26452058,,0,0.000015,137,0.000007,0,1,1,0,1,1
26120082,,0,0.000015,137,0.000007,0,1,1,0,1,1
26106140,,0,0.000015,137,0.000007,0,1,1,0,1,1
26022099,,0,0.000015,137,0.000007,0,1,1,0,1,1
25961014,,0,0.000015,137,0.000007,0,1,1,0,1,1
25956158,,0,0.000015,137,0.000007,0,1,1,0,1,1
25866768,,0,0.000015,137,0.000007,0,1,1,0,1,1
25228694,,0,0.000015,137,0.000007,0,1,1,0,1,1
24964211,,0,0.000015,137,0.000007,0,1,1,0,1,1
24567531,,0,0.000015,137,0.000007,0,1,1,0,1,1
24417946,,0,0.000015,137,0.000007,0,1,1,0,1,1
24212819,,0,0.000015,137,0.000007,0,1,1,0,1,1
24001676,,0,0.000015,137,0.000007,0,1,1,0,1,1
23921281,,0,0.000015,137,0.000007,0,1,1,0,1,1
23791484,,0,0.000015,137,0.000007,0,1,1,0,1,1
22989772,,0,0.000015,137,0.000007,0,1,1,0,1,1
22937810,,0,0.000015,137,0.000007,0,1,1,0,1,1
22937213,,0,0.000015,137,0.000007,0,1,1,0,1,1
22876234,,0,0.000015,137,0.000007,0,1,1,0,1,1
22866118,,0,0.000015,137,0.000007,0,1,1,0,1,1
22285815,,0,0.000015,137,0.000007,0,1,1,0,1,1
22015690,,0,0.000015,137,0.000007,0,1,1,0,1,1
21914785,,0,0.000015,137,0.000007,0,1,1,0,1,1
21184748,,0,0.000015,137,0.000007,0,1,1,0,1,1
20961371,,0,0.000015,137,0.000007,0,1,1,0,1,1
20955368,,0,0.000015,137,0.000007,0,1,1,0,1,1
20613975,,0,0.000015,137,0.000007,0,1,1,0,1,1
20372807,,0,0.000015,137,0.000007,0,1,1,0,1,1
20360933,,0,0.000032,137,0.000007,0,2,2,0,2,2
20122995,,0,0.000015,137,0.000007,0,1,1,0,1,1
19789294,,0,0.000032,137,0.000007,0,2,2,0,2,2
19710915,,0,0.000015,137,0.000007,0,1,1,0,1,1
19352381,,0,0.000015,137,0.000007,0,1,1,0,1,1
19236911,,0,0.000015,137,0.000007,0,1,1,0,1,1
19116881,,0,0.000015,137,0.000007,0,1,1,0,1,1
18796435,,0,0.000015,137,0.000007,0,1,1,0,1,1
18387799,,0,0.000015,137,0.000007,0,1,1,0,1,1
30405890,,0,0.000011,35,0.000007,0,2,2,0,2,2
16707619,,0.000576,0,35,0.000184,35,0,35,35,0,35
30242099,,0,0.000011,35,0.000007,0,1,1,0,1,1
29137380,,0,0.000011,35,0.000007,0,1,1,0,1,1
28270692,,0,0.000011,35,0.000007,0,1,1,0,1,1
28218725,,0,0.000011,35,0.000007,0,1,1,0,1,1
27657809,,0,0.000011,35,0.000007,0,1,1,0,1,1
27329725,,0,0.000011,35,0.000007,0,1,1,0,1,1
27192120,,0,0.000011,35,0.000007,0,1,1,0,1,1
27123041,,0,0.006671,35,0.000007,0,2,2,0,2,2
26941407,,0,0.000166,35,0.000007,0,2,2,0,2,2
26331588,,0,0.000166,35,0.000007,0,2,2,0,2,2
25869441,,0,0.000256,100,0.000007,0,5,5,0,5,5
25627551,,0,0.000011,35,0.000007,0,1,1,0,1,1
25516420,,0,0.000242,35,0.000007,0,2,2,0,2,2
24409321,,0,0.000011,35,0.000007,0,1,1,0,1,1
24097866,,0,0.000011,35,0.000007,0,1,1,0,1,1
22969960,,0,0.000011,35,0.000007,0,1,1,0,1,1
22451672,,0,0.000011,35,0.000007,0,1,1,0,1,1
22355273,,0,0.000011,35,0.000007,0,1,1,0,1,1
21973217,,0,0.000011,35,0.000007,0,1,1,0,1,1
21855630,,0,0.000011,35,0.000007,0,1,1,0,1,1
21851064,,0,0.000011,35,0.000007,0,1,1,0,1,1
21827695,,0,0.000011,35,0.000007,0,1,1,0,1,1
21802433,,0,0.000011,35,0.000007,0,1,1,0,1,1
21645396,,0,0.000011,35,0.000007,0,1,1,0,1,1
21423549,,0,0.000011,35,0.000007,0,1,1,0,1,1
21332640,,0,0.000011,35,0.000007,0,1,1,0,1,1
21122064,,0,0.000011,35,0.000007,0,1,1,0,1,1
20847343,,0,0.000011,35,0.000007,0,1,1,0,1,1
20824134,,0,0.000011,35,0.000007,0,1,1,0,1,1
20182579,,0,0.000326,35,0.000007,0,2,2,0,2,2
18500246,,0,0.000011,35,0.000007,0,1,1,0,1,1
17406367,,0,0.000011,35,0.000007,0,1,1,0,1,1
30478317,,0,0.007984,69,0.000007,0,4,4,0,4,4
30282802,,0,0.000113,100,0.000007,0,2,2,0,2,2
30258054,,0,0.000022,100,0.000007,0,1,1,0,1,1
30095198,,0,0.000022,100,0.000007,0,1,1,0,1,1
29959227,,0,0.000022,100,0.000007,0,1,1,0,1,1
29845708,,0,0.000022,100,0.000007,0,1,1,0,1,1
29472543,,0,0.000022,100,0.000007,0,1,1,0,1,1
29337181,,0,0.000022,100,0.000007,0,1,1,0,1,1
29202468,,0,0.000022,100,0.000007,0,1,1,0,1,1
28403905,,0,0.000022,100,0.000007,0,1,1,0,1,1
28304275,,0,0.000022,100,0.000007,0,1,1,0,1,1
28157505,,0,0.000022,100,0.000007,0,1,1,0,1,1
28073915,,0,0.000022,100,0.000007,0,1,1,0,1,1
27881472,,0,0.000022,100,0.000007,0,1,1,0,1,1
27827373,,0,0.000022,100,0.000007,0,1,1,0,1,1
27705745,,0,0.000022,100,0.000007,0,1,1,0,1,1
27659494,,0,0.000022,100,0.000007,0,1,1,0,1,1
27310306,,0,0.000022,100,0.000007,0,1,1,0,1,1
27308402,,0,0.000022,100,0.000007,0,1,1,0,1,1
27295567,,0,0.001757,100,0.000007,0,3,3,0,3,3
27239041,,0,0.000022,100,0.000007,0,1,1,0,1,1
26869491,,0,0.000022,100,0.000007,0,1,1,0,1,1
26764865,,0,0.000022,100,0.000007,0,1,1,0,1,1
26699484,,0,0.000022,100,0.000007,0,1,1,0,1,1
26633535,,0,0.001179,100,0.000007,0,6,6,0,6,6
26468281,,0,0.000048,100,0.000007,0,2,2,0,2,2
26385961,,0,0.000022,100,0.000007,0,1,1,0,1,1
26187467,,0,0.000022,100,0.000007,0,1,1,0,1,1
26178786,,0,0.000022,100,0.000007,0,1,1,0,1,1
25922517,,0,0.000022,100,0.000007,0,1,1,0,1,1
25894431,,0,0.001061,100,0.000007,0,5,5,0,5,5
25628358,,0,0.000022,100,0.000007,0,1,1,0,1,1
25613381,,0,0.000575,90,0.000007,0,3,3,0,3,3
25605328,,0,0.000022,100,0.000007,0,1,1,0,1,1
25548288,,0,0.000022,100,0.000007,0,1,1,0,1,1
25545884,,0,0.000022,100,0.000007,0,1,1,0,1,1
25495456,,0,0.000022,100,0.000007,0,1,1,0,1,1
25415640,,0,0.000022,100,0.000007,0,1,1,0,1,1
25410906,,0,0.000022,100,0.000007,0,1,1,0,1,1
25385494,,0,0.000022,100,0.000007,0,1,1,0,1,1
25071008,,0,0.000022,100,0.000007,0,1,1,0,1,1
24857660,,0,0.000022,100,0.000007,0,1,1,0,1,1
24856970,,0,0.000022,100,0.000007,0,1,1,0,1,1
24825905,,0,0.000022,100,0.000007,0,1,1,0,1,1
24813883,,0,0.00042,100,0.000007,0,2,2,0,2,2
24793759,,0,0.000245,2,0.000007,0,3,3,0,3,3
24518117,,0,0.000409,100,0.000007,0,3,3,0,3,3
24194518,,0,0.000022,100,0.000007,0,1,1,0,1,1
24070375,,0,0.000022,100,0.000007,0,1,1,0,1,1
24030825,,0,0.000022,100,0.000007,0,1,1,0,1,1
23692361,,0,0.000033,35,0.000007,0,2,2,0,2,2
23523425,,0,0.000022,100,0.000007,0,1,1,0,1,1
23319651,,0,0.000022,100,0.000007,0,1,1,0,1,1
23256043,,0,0.000022,100,0.000007,0,1,1,0,1,1
23092893,,0,0.000022,100,0.000007,0,1,1,0,1,1
22844243,,0,0.000022,100,0.000007,0,1,1,0,1,1
22808041,,0,0.000022,100,0.000007,0,1,1,0,1,1
22586361,,0,0.000022,100,0.000007,0,1,1,0,1,1
22496869,,0,0.000022,100,0.000007,0,1,1,0,1,1
22384090,,0,0.000022,100,0.000007,0,1,1,0,1,1
22194680,,0,0.000022,100,0.000007,0,1,1,0,1,1
22096074,,0,0.000022,100,0.000007,0,1,1,0,1,1
21240189,,0,0.000022,100,0.000007,0,1,1,0,1,1
20921134,,0,0.001073,100,0.000007,0,4,4,0,4,4
20873869,,0,0.000022,100,0.000007,0,1,1,0,1,1
20696397,,0,0.000022,100,0.000007,0,1,1,0,1,1
20601937,,0,0.000022,100,0.000007,0,1,1,0,1,1
20569464,,0,0.000024,82,0.000007,0,2,2,0,2,2
20471950,,0,0.000022,100,0.000007,0,1,1,0,1,1
20197544,,0,0.000022,100,0.000007,0,1,1,0,1,1
20007713,,0,0.000022,100,0.000007,0,1,1,0,1,1
19889541,,0,0.000022,100,0.000007,0,1,1,0,1,1
19748359,,0,0.000022,100,0.000007,0,1,1,0,1,1
19723311,,0,0.000022,100,0.000007,0,1,1,0,1,1
19528329,,0,0.000022,100,0.000007,0,1,1,0,1,1
19503595,,0,0.000022,100,0.000007,0,1,1,0,1,1
19167321,,0,0.000022,100,0.000007,0,1,1,0,1,1
18923078,,0,0.000022,100,0.000007,0,1,1,0,1,1
18588675,,0,0.000022,100,0.000007,0,1,1,0,1,1
18523580,,0,0.000022,100,0.000007,0,1,1,0,1,1
18493325,,0,0.000022,100,0.000007,0,1,1,0,1,1
18460542,,0,0.000022,100,0.000007,0,1,1,0,1,1
18281509,,0,0.000022,100,0.000007,0,1,1,0,1,1
18166654,,0,0.000022,100,0.000007,0,1,1,0,1,1
18086877,,0,0.000022,100,0.000007,0,1,1,0,1,1
18039844,,0,0.000022,100,0.000007,0,1,1,0,1,1
18006753,,0,0.000022,100,0.000007,0,1,1,0,1,1
17620408,,0,0.000022,100,0.000007,0,1,1,0,1,1
17280619,,0,0.000022,100,0.000007,0,1,1,0,1,1
16882984,,0,0.000022,100,0.000007,0,1,1,0,1,1
16713266,,0.000073,0,231,0.000041,13,0,13,13,0,13
27274261,,0,0.000005,176,0.000007,0,2,2,0,2,2
26550155,,0,0.000002,231,0.000007,0,2,2,0,2,2
26221202,,0,0.000001,231,0.000007,0,1,1,0,1,1
25013436,,0,0.000005,231,0.000007,0,2,2,0,2,2
20331903,,0,0.000001,231,0.000007,0,1,1,0,1,1
18972584,,0,0.000001,231,0.000007,0,1,1,0,1,1
29310340,,0,0.000126,89,0.000007,0,8,8,0,8,8
16715518,,0.000529,0,89,0.00001,7,0,7,7,0,7
16718381,,0.000143,0,279,0.000012,2,0,2,2,0,2
16720823,,0.002755,0,5,0.000113,53,0,53,53,0,53
29787590,,0,0.000053,5,0.000007,0,1,1,0,1,1
28561776,,0,0.000053,5,0.000007,0,2,2,0,2,2
25851643,,0,0.000053,5,0.000007,0,1,1,0,1,1
25350548,,0,0.000055,198,0.000007,0,2,2,0,2,2
25086548,,0,0.000082,5,0.000007,0,4,4,0,4,4
24806465,,0,0.000053,5,0.000007,0,1,1,0,1,1
21173412,,0,0.000053,5,0.000007,0,1,1,0,1,1
20835372,,0,0.000053,5,0.000007,0,1,1,0,1,1
20623821,,0,0.000053,5,0.000007,0,1,1,0,1,1
19258473,,0,0.000053,5,0.000007,0,1,1,0,1,1
18166758,,0,0.000053,5,0.000007,0,1,1,0,1,1
28288132,,0,0.000001,184,0.000007,0,1,1,0,1,1
16721047,,0.000041,0,184,0.000142,26,0,26,26,0,26
26384566,,0,0.000001,184,0.000007,0,1,1,0,1,1
25486564,,0,0.000001,184,0.000007,0,1,1,0,1,1
25043190,,0,0.000001,184,0.000007,0,2,2,0,2,2
24886974,,0,0.000001,184,0.000007,0,1,1,0,1,1
23595228,,0,0.000001,184,0.000007,0,1,1,0,1,1
23449390,,0,0.000001,184,0.000007,0,1,1,0,1,1
22399466,,0,0.000001,184,0.000007,0,1,1,0,1,1
22028823,,0,0.000001,184,0.000007,0,1,1,0,1,1
21858116,,0,0.000001,184,0.000007,0,1,1,0,1,1
21709680,,0,0.000001,184,0.000007,0,1,1,0,1,1
21614092,,0,0.000001,184,0.000007,0,1,1,0,1,1
21498520,,0,0.000001,184,0.000007,0,1,1,0,1,1
19690168,,0,0.000001,184,0.000007,0,1,1,0,1,1
19273532,,0,0.000001,184,0.000007,0,1,1,0,1,1
18474530,,0,0.000001,184,0.000007,0,1,1,0,1,1
18212061,,0,0.000001,184,0.000007,0,1,1,0,1,1
18187512,,0,0.000001,184,0.000007,0,1,1,0,1,1
17646389,,0,0.000001,184,0.000007,0,1,1,0,1,1
17127020,,0,0.000001,184,0.000007,0,1,1,0,1,1
16724247,,0.000535,0,138,0.000018,5,0,5,5,0,5
26276228,,0,0.00001,138,0.000007,0,1,1,0,1,1
16724249,,0.000088,0,89,0.000007,1,0,1,1,0,1
24985359,,0,0.000025,5,0.000007,0,2,2,0,2,2
16724273,,0.00034,0,5,0.000012,5,0,5,5,0,5
16731090,,0.002444,0,69,0.000025,18,0,18,18,0,18
29893900,,0,0.000007,176,0.000007,0,1,1,0,1,1
16732333,,0.000348,0,176,0.000164,52,0,52,52,0,52
28191891,,0,0.000007,176,0.000007,0,1,1,0,1,1
27829224,,0,0.000213,176,0.000007,0,2,2,0,2,2
26538284,,0,0.000007,176,0.000007,0,1,1,0,1,1
26178348,,0,0.000007,176,0.000007,0,1,1,0,1,1
25352544,,0,0.000007,176,0.000007,0,1,1,0,1,1
25131797,,0,0.000007,176,0.000007,0,1,1,0,1,1
24806966,,0,0.000007,176,0.000007,0,1,1,0,1,1
24552809,,0,0.000007,176,0.000007,0,1,1,0,1,1
23874235,,0,0.000007,176,0.000007,0,2,2,0,2,2
23609533,,0,0.000007,176,0.000007,0,1,1,0,1,1
23365423,,0,0.000225,176,0.000007,0,3,3,0,3,3
23255133,,0,0.000007,176,0.000007,0,1,1,0,1,1
22753029,,0,0.000012,176,0.000007,0,2,2,0,2,2
22433954,,0,0.000077,176,0.000007,0,2,2,0,2,2
22157819,,0,0.000007,176,0.000007,0,1,1,0,1,1
20959006,,0,0.000007,176,0.000007,0,2,2,0,2,2
19931269,,0,0.000413,176,0.000007,0,3,3,0,3,3
19380493,,0,0.000142,176,0.000007,0,2,2,0,2,2
18955550,,0,0.000007,176,0.000007,0,1,1,0,1,1
18812521,,0,0.000007,176,0.000007,0,1,1,0,1,1
18159231,,0,0.000007,176,0.000007,0,1,1,0,1,1
16735446,,0.000222,0,184,0.000203,40,0,40,40,0,40
27389808,,0,0.000004,184,0.000007,0,1,1,0,1,1
27374333,,0,0.000004,184,0.000007,0,1,1,0,1,1
26712748,,0,0.000004,184,0.000007,0,1,1,0,1,1
26656831,,0,0.000004,184,0.000007,0,1,1,0,1,1
26644180,,0,0.000004,184,0.000007,0,1,1,0,1,1
26256000,,0,0.000004,184,0.000007,0,1,1,0,1,1
25662602,,0,0.000005,100,0.000007,0,2,2,0,2,2
25482067,,0,0.000245,100,0.000007,0,3,3,0,3,3
25198254,,0,0.000004,184,0.000007,0,1,1,0,1,1
24709678,,0,0.000004,184,0.000007,0,1,1,0,1,1
24200965,,0,0.000004,184,0.000007,0,1,1,0,1,1
23563309,,0,0.000295,184,0.000007,0,2,2,0,2,2
22912575,,0,0.000004,184,0.000007,0,1,1,0,1,1
21921037,,0,0.000004,184,0.000007,0,1,1,0,1,1
21501958,,0,0.000004,184,0.000007,0,1,1,0,1,1
21422471,,0,0.000004,184,0.000007,0,1,1,0,1,1
21304169,,0,0.000004,184,0.000007,0,1,1,0,1,1
20840166,,0,0.000004,184,0.000007,0,1,1,0,1,1
20613881,,0,0.000004,184,0.000007,0,1,1,0,1,1
20504901,,0,0.000004,184,0.000007,0,1,1,0,1,1
19717459,,0,0.000004,184,0.000007,0,1,1,0,1,1
19706533,,0,0.000004,184,0.000007,0,1,1,0,1,1
19218564,,0,0.000004,184,0.000007,0,1,1,0,1,1
19211845,,0,0.000004,184,0.000007,0,1,1,0,1,1
18461125,,0,0.000004,184,0.000007,0,1,1,0,1,1
18432406,,0,0.000004,184,0.000007,0,1,1,0,1,1
17905820,,0,0.000004,184,0.000007,0,1,1,0,1,1
17670833,,0,0.000004,184,0.000007,0,1,1,0,1,1
17548509,,0,0.000004,184,0.000007,0,1,1,0,1,1
16736282,,0.007851,0,1,0.000113,31,0,31,31,0,31
21556249,,0,0.00015,5,0.000034,5,1,6,5,1,6
22914993,,0,0.000001,5,0.000007,0,2,2,0,2,2
16736286,,0.00005,0,5,0.000016,4,0,4,4,0,4
16737811,,0.001141,0,89,0.000012,14,0,14,14,0,14
29357069,,0,0.000034,100,0.000007,0,2,2,0,2,2
28028228,,0,0.000015,100,0.000007,0,1,1,0,1,1
27898391,,0,0.00029,100,0.000007,0,2,2,0,2,2
27849606,,0,0.000015,100,0.000007,0,1,1,0,1,1
27063292,,0,0.000028,57,0.000007,0,2,2,0,2,2
25901968,,0,0.000015,100,0.000007,0,1,1,0,1,1
25115388,,0,0.000015,100,0.000007,0,1,1,0,1,1
23335075,,0,0.000015,100,0.000007,0,1,1,0,1,1
23303250,,0,0.000015,100,0.000007,0,1,1,0,1,1
23300490,,0,0.000049,69,0.000007,0,2,2,0,2,2
23152514,,0,0.000015,100,0.000007,0,1,1,0,1,1
23093411,,0,0.000015,100,0.000007,0,1,1,0,1,1
23055977,,0,0.000015,100,0.000007,0,1,1,0,1,1
22652887,,0,0.000015,100,0.000007,0,1,1,0,1,1
22366459,,0,0.000015,100,0.000007,0,1,1,0,1,1
21278447,,0,0.000015,100,0.000007,0,1,1,0,1,1
21159650,,0,0.000015,100,0.000007,0,1,1,0,1,1
20697201,,0,0.000015,100,0.000007,0,1,1,0,1,1
19487297,,0,0.000015,100,0.000007,0,1,1,0,1,1
19372757,,0,0.000015,100,0.000007,0,1,1,0,1,1
19056894,,0,0.000015,100,0.000007,0,1,1,0,1,1
18981479,,0,0.000015,100,0.000007,0,1,1,0,1,1
18922873,,0,0.000015,100,0.000007,0,1,1,0,1,1
18756287,,0,0.000015,100,0.000007,0,1,1,0,1,1
18154680,,0,0.000015,100,0.000007,0,1,1,0,1,1
18025301,,0,0.000015,100,0.000007,0,1,1,0,1,1
17085480,,0,0.000015,100,0.000007,0,1,1,0,1,1
17081992,,0,0.000015,100,0.000007,0,1,1,0,1,1
16738949,,0.000064,0,184,0.000176,40,0,40,40,0,40
28489582,,0,0.000007,231,0.000007,0,3,3,0,3,3
28440612,,0,0.000001,184,0.000007,0,1,1,0,1,1
27667302,,0,0.000001,184,0.000007,0,1,1,0,1,1
26666829,,0,0.000001,184,0.000007,0,1,1,0,1,1
26185532,,0,0.000001,184,0.000007,0,1,1,0,1,1
25973104,,0,0.000001,184,0.000007,0,1,1,0,1,1
25962431,,0,0.000004,184,0.000007,0,2,2,0,2,2
25010664,,0,0.000484,184,0.000007,0,3,3,0,3,3
24944800,,0,0.000001,184,0.000007,0,1,1,0,1,1
24853559,,0,0.000001,184,0.000007,0,2,2,0,2,2
24802942,,0,0.000001,184,0.000007,0,2,2,0,2,2
24648912,,0,0.000001,184,0.000007,0,1,1,0,1,1
24643114,,0,0.000001,184,0.000007,0,1,1,0,1,1
24489833,,0,0.000001,184,0.000007,0,1,1,0,1,1
23935952,,0,0.000001,184,0.000007,0,1,1,0,1,1
22851516,,0,0.000001,184,0.000007,0,1,1,0,1,1
22815677,,0,0.000019,184,0.000007,0,3,3,0,3,3
22127734,,0,0.000001,184,0.000007,0,1,1,0,1,1
21658613,,0,0.000001,184,0.000007,0,1,1,0,1,1
20813000,,0,0.000001,184,0.000007,0,1,1,0,1,1
20196871,,0,0.000001,184,0.000007,0,1,1,0,1,1
19064679,,0,0.000001,184,0.000007,0,1,1,0,1,1
18703425,,0,0.000001,184,0.000007,0,1,1,0,1,1
18606984,,0,0.000001,184,0.000007,0,1,1,0,1,1
17606447,,0,0.000001,184,0.000007,0,1,1,0,1,1
16739340,,0.002561,0,24,0.000037,10,0,10,10,0,10
17545528,,0,0.000023,90,0.000007,0,1,1,0,1,1
16758124,,0.00037,0,89,0.000008,6,0,6,6,0,6
16758466,,0.000725,0,5,0.000013,5,0,5,5,0,5
28726781,,0,0.000009,367,0.000007,0,1,1,0,1,1
16759848,,0.000474,0,367,0.000034,6,0,6,6,0,6
28031535,,0,0.000009,367,0.000007,0,1,1,0,1,1
23478236,,0,0.000048,367,0.000007,0,5,5,0,5,5
18772337,,0,0.000009,367,0.000007,0,1,1,0,1,1
16760288,,0.00083,0,89,0.00001,6,0,6,6,0,6
16760289,,0.000698,0,89,0.00001,7,0,7,7,0,7
23161755,,0.000101,0.000286,176,0.000054,10,3,13,10,3,13
29663630,,0,0.000001,184,0.000007,0,1,1,0,1,1
16762098,,0.000046,0,184,0.000153,30,0,30,30,0,30
29608722,,0,0.000001,184,0.000007,0,1,1,0,1,1
28938601,,0,0.000001,184,0.000007,0,1,1,0,1,1
28070290,,0,0.000009,184,0.000007,0,2,2,0,2,2
27484992,,0,0.000001,184,0.000007,0,1,1,0,1,1
26193902,,0,0.000001,184,0.000007,0,1,1,0,1,1
26056362,,0,0.000001,184,0.000007,0,1,1,0,1,1
25567972,,0,0.000001,184,0.000007,0,1,1,0,1,1
25567489,,0,0.000001,184,0.000007,0,1,1,0,1,1
24139515,,0,0.000001,184,0.000007,0,1,1,0,1,1
23826372,,0,0.000001,184,0.000007,0,1,1,0,1,1
23397042,,0,0.000009,184,0.000007,0,2,2,0,2,2
20618898,,0,0.000001,184,0.000007,0,1,1,0,1,1
20230482,,0,0.000001,184,0.000007,0,1,1,0,1,1
20021547,,0,0.000001,184,0.000007,0,1,1,0,1,1
19966301,,0,0.000001,184,0.000007,0,1,1,0,1,1
19043526,,0,0.000001,184,0.000007,0,1,1,0,1,1
18837980,,0,0.000001,184,0.000007,0,1,1,0,1,1
18757731,,0,0.000001,184,0.000007,0,1,1,0,1,1
18670650,,0,0.000001,184,0.000007,0,1,1,0,1,1
18465210,,0,0.000001,184,0.000007,0,1,1,0,1,1
18085819,,0,0.000001,184,0.000007,0,1,1,0,1,1
17652172,,0,0.000001,184,0.000007,0,1,1,0,1,1
29765230,,0,0.000009,24,0.000007,0,1,1,0,1,1
16765644,,0.000455,0,24,0.000104,20,0,20,20,0,20
28878296,,0,0.000009,24,0.000007,0,1,1,0,1,1
26550041,,0,0.000012,279,0.000007,0,2,2,0,2,2
24944789,,0,0.000009,24,0.000007,0,1,1,0,1,1
22692073,,0,0.000009,24,0.000007,0,1,1,0,1,1
22164285,,0,0.000013,279,0.000007,0,2,2,0,2,2
21789116,,0,0.000009,24,0.000007,0,1,1,0,1,1
21568910,,0,0.000017,176,0.000007,0,2,2,0,2,2
21114867,,0,0.000009,24,0.000007,0,1,1,0,1,1
20863778,,0,0.000009,24,0.000007,0,1,1,0,1,1
20514304,,0,0.000009,24,0.000007,0,1,1,0,1,1
20154083,,0,0.000009,24,0.000007,0,1,1,0,1,1
19875432,,0,0.000009,24,0.000007,0,1,1,0,1,1
18579768,,0,0.000009,24,0.000007,0,1,1,0,1,1
18404164,,0,0.000009,24,0.000007,0,1,1,0,1,1
21346931,,0,0.000011,100,0.000007,0,1,1,0,1,1
19503599,,0,0.000011,100,0.000007,0,1,1,0,1,1
18568368,,0,0.000011,100,0.000007,0,1,1,0,1,1
18178632,,0,0.000011,100,0.000007,0,1,1,0,1,1
16769276,,0.000241,0,35,0.000015,3,0,3,3,0,3
17919326,,0,0.000005,35,0.000007,0,1,1,0,1,1
28012682,,0,0.000002,205,0.000007,0,1,1,0,1,1
16770706,,0.000087,0,205,0.000034,9,0,9,9,0,9
24908172,,0,0.000017,5,0.000007,0,5,5,0,5,5
24316056,,0,0.000002,205,0.000007,0,1,1,0,1,1
22339285,,0,0.000002,205,0.000007,0,1,1,0,1,1
21170789,,0,0.000002,205,0.000007,0,1,1,0,1,1
16770759,,0.001896,0,89,0.000026,21,0,21,21,0,21
24848634,,0,0.001039,89,0.000007,0,2,2,0,2,2
16772120,,0.000938,0,89,0.000012,10,0,10,10,0,10
16773440,,0.000858,0,184,0.000052,20,0,20,20,0,20
26126877,,0.000001,0.000149,184,0.000033,6,8,14,6,8,14
25880215,,0.000001,0.000253,184,0.000066,11,7,18,11,7,18
24357391,,0,0.000924,184,0.000007,0,5,5,0,5,5
23980083,,0.000227,0.000141,184,0.000033,9,4,13,9,4,13
30279435,,0,0.000004,279,0.000007,0,1,1,0,1,1
16773567,,0.000225,0,279,0.000428,71,0,71,71,0,71
29456549,,0,0.000004,279,0.000007,0,1,1,0,1,1
28387368,,0,0.000004,279,0.000007,0,1,1,0,1,1
28140401,,0,0.000004,279,0.000007,0,1,1,0,1,1
27462375,,0,0.000004,279,0.000007,0,1,1,0,1,1
27122015,,0,0.000004,279,0.000007,0,1,1,0,1,1
27089098,,0,0.000004,279,0.000007,0,1,1,0,1,1
26789724,,0,0.000004,279,0.000007,0,1,1,0,1,1
26244889,,0,0.000004,279,0.000007,0,1,1,0,1,1
26030274,,0,0.000004,279,0.000007,0,1,1,0,1,1
25556821,,0,0.000004,279,0.000007,0,1,1,0,1,1
25543204,,0,0.00003,279,0.000007,0,2,2,0,2,2
25391845,,0,0.000004,279,0.000007,0,1,1,0,1,1
25327398,,0,0.000004,279,0.000007,0,1,1,0,1,1
25298744,,0,0.000004,279,0.000007,0,1,1,0,1,1
25104619,,0,0.000004,279,0.000007,0,1,1,0,1,1
25003289,,0,0.000004,279,0.000007,0,1,1,0,1,1
24923457,,0,0.000004,279,0.000007,0,1,1,0,1,1
24780920,,0,0.000004,279,0.000007,0,1,1,0,1,1
24342859,,0,0.000004,279,0.000007,0,1,1,0,1,1
24273195,,0,0.000004,279,0.000007,0,1,1,0,1,1
23996961,,0,0.000004,279,0.000007,0,1,1,0,1,1
23856356,,0,0.000004,279,0.000007,0,1,1,0,1,1
23792949,,0,0.000004,279,0.000007,0,1,1,0,1,1
23764993,,0,0.000004,279,0.000007,0,1,1,0,1,1
23750642,,0,0.000004,279,0.000007,0,1,1,0,1,1
23234572,,0,0.000004,279,0.000007,0,1,1,0,1,1
23174095,,0,0.000004,279,0.000007,0,1,1,0,1,1
23155458,,0,0.000004,279,0.000007,0,1,1,0,1,1
23130832,,0,0.000004,279,0.000007,0,1,1,0,1,1
23125956,,0,0.000004,279,0.000007,0,1,1,0,1,1
23071498,,0,0.000004,279,0.000007,0,1,1,0,1,1
23028365,,0,0.000004,279,0.000007,0,1,1,0,1,1
22984615,,0,0.000004,279,0.000007,0,1,1,0,1,1
22495928,,0,0.000004,279,0.000007,0,1,1,0,1,1
22470404,,0,0.000004,279,0.000007,0,1,1,0,1,1
22313030,,0,0.000004,279,0.000007,0,1,1,0,1,1
22290605,,0,0.000004,279,0.000007,0,1,1,0,1,1
22267841,,0,0.000004,279,0.000007,0,1,1,0,1,1
22035967,,0,0.000004,279,0.000007,0,1,1,0,1,1
21948560,,0,0.000004,279,0.000007,0,1,1,0,1,1
21884617,,0,0.000004,279,0.000007,0,1,1,0,1,1
21541011,,0,0.000004,279,0.000007,0,1,1,0,1,1
21484196,,0,0.000004,279,0.000007,0,1,1,0,1,1
21482442,,0,0.000015,279,0.000007,0,2,2,0,2,2
21278160,,0,0.000004,279,0.000007,0,1,1,0,1,1
21060777,,0,0.000004,279,0.000007,0,1,1,0,1,1
21044947,,0,0.000004,279,0.000007,0,1,1,0,1,1
20971919,,0,0.000004,279,0.000007,0,1,1,0,1,1
20685756,,0,0.000004,279,0.000007,0,1,1,0,1,1
20620140,,0,0.000004,279,0.000007,0,1,1,0,1,1
20518699,,0,0.000004,279,0.000007,0,1,1,0,1,1
20497546,,0,0.000004,279,0.000007,0,1,1,0,1,1
20100941,,0,0.000004,279,0.000007,0,1,1,0,1,1
20041141,,0,0.000004,279,0.000007,0,1,1,0,1,1
19838307,,0,0.000004,279,0.000007,0,1,1,0,1,1
19783603,,0,0.000004,279,0.000007,0,1,1,0,1,1
19774229,,0,0.000004,279,0.000007,0,1,1,0,1,1
19687144,,0,0.000004,279,0.000007,0,1,1,0,1,1
19503609,,0,0.000004,279,0.000007,0,1,1,0,1,1
19139055,,0,0.000004,279,0.000007,0,1,1,0,1,1
18628954,,0,0.000004,279,0.000007,0,1,1,0,1,1
18612301,,0,0.000004,279,0.000007,0,1,1,0,1,1
18397301,,0,0.000004,279,0.000007,0,1,1,0,1,1
18319075,,0,0.000004,279,0.000007,0,1,1,0,1,1
18074014,,0,0.000004,279,0.000007,0,1,1,0,1,1
17949945,,0,0.000004,279,0.000007,0,1,1,0,1,1
16773633,,0.003978,0,1,0.000069,30,0,30,30,0,30
26310375,,0,0.000076,1,0.000007,0,1,1,0,1,1
25920743,,0,0.000076,1,0.000007,0,1,1,0,1,1
25709969,,0,0.00759,69,0.000007,0,3,3,0,3,3
24382740,,0,0.000076,1,0.000007,0,1,1,0,1,1
23028963,,0,0.000098,1,0.000007,0,2,2,0,2,2
20357812,,0,0.000076,1,0.000007,0,1,1,0,1,1
29928353,,0,0.000011,89,0.000007,0,2,2,0,2,2
16776856,,0.000569,0,69,0.00003,10,0,10,10,0,10
18665245,,0,0.000011,69,0.000007,0,1,1,0,1,1
16777318,,0.000449,0,5,0.000009,3,0,3,3,0,3
16777992,,0.000065,0,231,0.000026,8,0,8,8,0,8
17683074,,0,0.000001,231,0.000007,0,1,1,0,1,1
16782705,,0.000369,0,90,0.000033,7,0,7,7,0,7
21940797,,0,0.000007,90,0.000007,0,1,1,0,1,1
19193790,,0,0.000007,90,0.000007,0,1,1,0,1,1
18321554,,0,0.000007,90,0.000007,0,1,1,0,1,1
17881372,,0,0.000007,90,0.000007,0,1,1,0,1,1
29535226,,0,0.000031,176,0.000007,0,1,1,0,1,1
16783362,,0.001614,0,176,0.000341,69,0,69,69,0,69
29026105,,0,0.000033,176,0.000007,0,2,2,0,2,2
28383800,,0,0.000031,176,0.000007,0,1,1,0,1,1
27617130,,0,0.000031,176,0.000007,0,1,1,0,1,1
27382490,,0,0.000031,176,0.000007,0,1,1,0,1,1
26930712,,0,0.000031,176,0.000007,0,1,1,0,1,1
26908596,,0,0.000031,176,0.000007,0,1,1,0,1,1
26581405,,0,0.000047,176,0.000007,0,2,2,0,2,2
26158450,,0,0.000031,176,0.000007,0,1,1,0,1,1
25485589,,0,0.000031,176,0.000007,0,1,1,0,1,1
25197360,,0,0.000102,176,0.000007,0,5,5,0,5,5
24972868,,0,0.000047,176,0.000007,0,2,2,0,2,2
24748105,,0,0.000031,176,0.000007,0,1,1,0,1,1
24165679,,0,0.000031,176,0.000007,0,1,1,0,1,1
24014418,,0,0.000031,176,0.000007,0,1,1,0,1,1
23729656,,0.000329,0.000063,100,0.000015,4,3,7,4,3,7
23516444,,0,0.000031,176,0.000007,0,1,1,0,1,1
23324397,,0,0.000031,176,0.000007,0,1,1,0,1,1
22855829,,0,0.000031,176,0.000007,0,1,1,0,1,1
22654791,,0,0.000031,176,0.000007,0,1,1,0,1,1
22521416,,0,0.000031,176,0.000007,0,1,1,0,1,1
21979914,,0,0.000031,176,0.000007,0,1,1,0,1,1
21737879,,0,0.000562,176,0.000007,0,2,2,0,2,2
21668957,,0,0.000031,176,0.000007,0,1,1,0,1,1
21632253,,0,0.000043,176,0.000007,0,2,2,0,2,2
21515671,,0,0.000031,176,0.000007,0,1,1,0,1,1
21152033,,0,0.000031,176,0.000007,0,1,1,0,1,1
21150325,,0,0.000031,176,0.000007,0,1,1,0,1,1
21062301,,0,0.000031,176,0.000007,0,1,1,0,1,1
21044324,,0,0.000031,176,0.000007,0,1,1,0,1,1
19850369,,0,0.000065,176,0.000007,0,3,3,0,3,3
19778709,,0,0.000031,176,0.000007,0,1,1,0,1,1
19546241,,0,0.000043,176,0.000007,0,2,2,0,2,2
19364923,,0,0.000031,176,0.000007,0,1,1,0,1,1
18660752,,0.000826,0.000031,176,0.000105,31,1,32,31,1,32
18227278,,0,0.000031,176,0.000007,0,1,1,0,1,1
18157127,,0,0.000031,176,0.000007,0,1,1,0,1,1
17764569,,0,0.000031,176,0.000007,0,1,1,0,1,1
17564965,,0,0.000031,176,0.000007,0,1,1,0,1,1
30013390,,0,0,139,0.000007,0,1,1,0,1,1
16783967,,0,0,139,0.000013,1,0,1,1,0,1
16786532,,0.000198,0,231,0.000012,4,0,4,4,0,4
16787944,,0.000732,0,140,0.000549,113,0,113,113,0,113
30410607,,0,0.000076,248,0.000007,0,3,3,0,3,3
30104611,,0,0.000014,140,0.000007,0,1,1,0,1,1
29988699,,0,0.000016,140,0.000007,0,2,2,0,2,2
29928487,,0,0.000014,140,0.000007,0,1,1,0,1,1
29703885,,0,0.000014,140,0.000007,0,1,1,0,1,1
29416673,,0,0.000034,140,0.000007,0,2,2,0,2,2
29286307,,0,0.000015,140,0.000007,0,2,2,0,2,2
28362259,,0,0.000015,140,0.000007,0,2,2,0,2,2
28164087,,0,0.000014,140,0.000007,0,1,1,0,1,1
28139434,,0,0.000014,140,0.000007,0,1,1,0,1,1
28105922,,0,0.000019,140,0.000007,0,2,2,0,2,2
27993818,,0,0.000227,140,0.000007,0,2,2,0,2,2
27879367,,0,0.000014,140,0.000007,0,1,1,0,1,1
27715441,,0,0.000022,140,0.000007,0,2,2,0,2,2
27050129,,0,0.000014,140,0.000007,0,1,1,0,1,1
27043659,,0,0.000014,140,0.000007,0,1,1,0,1,1
27009743,,0,0.000014,140,0.000007,0,1,1,0,1,1
26968808,,0,0.000014,140,0.000007,0,1,1,0,1,1
26860615,,0,0.00745,140,0.000007,0,2,2,0,2,2
26431027,,0,0.000014,140,0.000007,0,1,1,0,1,1
25934563,,0,0.000014,140,0.000007,0,1,1,0,1,1
25889525,,0,0.000014,140,0.000007,0,1,1,0,1,1
25801414,,0,0.000014,140,0.000007,0,1,1,0,1,1
25634319,,0,0.000014,140,0.000007,0,1,1,0,1,1
25592567,,0,0.000516,231,0.000007,0,4,4,0,4,4
25581376,,0,0.000075,1,0.000007,0,2,2,0,2,2
25416802,,0,0.000014,140,0.000007,0,1,1,0,1,1
25408845,,0,0.000014,140,0.000007,0,1,1,0,1,1
25172021,,0,0.000014,140,0.000007,0,1,1,0,1,1
25104425,,0,0.000014,140,0.000007,0,1,1,0,1,1
24951248,,0,0.000072,248,0.000007,0,2,2,0,2,2
24907259,,0,0.000014,140,0.000007,0,1,1,0,1,1
24572810,,0,0.000014,140,0.000007,0,1,1,0,1,1
24550521,,0,0.000014,140,0.000007,0,1,1,0,1,1
24451234,,0,0.000035,140,0.000007,0,3,3,0,3,3
24440982,,0,0.000014,140,0.000007,0,1,1,0,1,1
24178438,,0,0.000014,140,0.000007,0,1,1,0,1,1
24068970,,0,0.000014,140,0.000007,0,1,1,0,1,1
24019588,,0,0.000014,140,0.000007,0,1,1,0,1,1
23946492,,0,0.000014,140,0.000007,0,1,1,0,1,1
23851510,,0,0.000014,140,0.000007,0,1,1,0,1,1
23648141,,0,0.000014,140,0.000007,0,1,1,0,1,1
23251556,,0,0.000014,140,0.000007,0,1,1,0,1,1
23071587,,0,0.000014,140,0.000007,0,1,1,0,1,1
23054595,,0,0.00007,140,0.000007,0,2,2,0,2,2
23002147,,0,0.000014,140,0.000007,0,1,1,0,1,1
22888084,,0,0.000014,140,0.000007,0,1,1,0,1,1
22561997,,0,0.000014,140,0.000007,0,1,1,0,1,1
22393467,,0,0.000014,140,0.000007,0,1,1,0,1,1
22345078,,0,0.000014,140,0.000007,0,1,1,0,1,1
22245967,,0,0.000021,35,0.000007,0,2,2,0,2,2
22174926,,0,0.000014,140,0.000007,0,1,1,0,1,1
22132318,,0,0.000014,140,0.000007,0,1,1,0,1,1
22100336,,0,0.000014,140,0.000007,0,1,1,0,1,1
21976412,,0,0.000014,140,0.000007,0,1,1,0,1,1
21876675,,0,0.000014,140,0.000007,0,1,1,0,1,1
21858198,,0,0.000014,140,0.000007,0,1,1,0,1,1
21791068,,0,0.000014,140,0.000007,0,1,1,0,1,1
21694768,,0,0.000014,140,0.000007,0,1,1,0,1,1
21541352,,0,0.000014,140,0.000007,0,1,1,0,1,1
21393860,,0,0.000014,140,0.000007,0,1,1,0,1,1
21385036,,0,0.000014,140,0.000007,0,1,1,0,1,1
21051348,,0,0.000014,140,0.000007,0,1,1,0,1,1
20938086,,0,0.000014,140,0.000007,0,1,1,0,1,1
20736371,,0,0.000014,140,0.000007,0,1,1,0,1,1
20593494,,0,0.000014,140,0.000007,0,1,1,0,1,1
20581448,,0,0.000014,140,0.000007,0,1,1,0,1,1
20573210,,0,0.000014,140,0.000007,0,1,1,0,1,1
20462955,,0,0.000014,140,0.000007,0,1,1,0,1,1
20433709,,0,0.000014,140,0.000007,0,1,1,0,1,1
20304996,,0,0.000014,140,0.000007,0,1,1,0,1,1
20020055,,0,0.000014,140,0.000007,0,1,1,0,1,1
19918805,,0,0.000014,140,0.000007,0,1,1,0,1,1
19644446,,0,0.000014,140,0.000007,0,1,1,0,1,1
19506066,,0,0.000014,140,0.000007,0,1,1,0,1,1
19479822,,0,0.000014,140,0.000007,0,1,1,0,1,1
19330717,,0,0.000014,140,0.000007,0,2,2,0,2,2
19239895,,0,0.000014,140,0.000007,0,1,1,0,1,1
18846105,,0,0.000014,140,0.000007,0,1,1,0,1,1
18829545,,0,0.000014,140,0.000007,0,1,1,0,1,1
18708362,,0,0.000014,140,0.000007,0,1,1,0,1,1
18557990,,0,0.000036,140,0.000007,0,2,2,0,2,2
18554389,,0,0.000014,140,0.000007,0,1,1,0,1,1
18474104,,0,0.000014,140,0.000007,0,1,1,0,1,1
18413612,,0,0.000014,140,0.000007,0,1,1,0,1,1
18397877,,0,0.000014,140,0.000007,0,1,1,0,1,1
18369415,,0,0.000014,140,0.000007,0,1,1,0,1,1
18322268,,0,0.000014,140,0.000007,0,1,1,0,1,1
18195038,,0,0.000014,140,0.000007,0,1,1,0,1,1
17923691,,0,0.000014,140,0.000007,0,1,1,0,1,1
17684229,,0,0.000014,140,0.000007,0,1,1,0,1,1
17563071,,0,0.000014,140,0.000007,0,1,1,0,1,1
29967012,,0,0.000009,5,0.000007,0,1,1,0,1,1
16791481,,0.000463,0,5,0.000058,18,0,18,18,0,18
29178258,,0,0.000382,5,0.000007,0,2,2,0,2,2
27844260,,0,0.000013,5,0.000007,0,2,2,0,2,2
26757021,,0,0.000009,5,0.000007,0,1,1,0,1,1
23155135,,0,0.000009,5,0.000007,0,1,1,0,1,1
22536208,,0,0.000009,5,0.000007,0,1,1,0,1,1
21151433,,0,0.000009,5,0.000007,0,1,1,0,1,1
16792513,,0.000828,0,89,0.000012,8,0,8,8,0,8
16793127,,0.001008,0,69,0.000058,18,0,18,18,0,18
26569395,,0.0007,0.010334,1,0.000011,3,6,9,3,6,9
26413541,,0,0.000117,69,0.000007,0,4,4,0,4,4
26114093,,0,0.008206,69,0.000007,0,8,8,0,8,8
25608477,,0.003022,0.010849,69,0.00006,21,9,30,21,9,30
24718516,,0,0.000121,69,0.000007,0,3,3,0,3,3
24022213,,0,0.000019,69,0.000007,0,1,1,0,1,1
23466883,,0,0.000019,69,0.000007,0,1,1,0,1,1
22974323,,0,0.007538,279,0.000007,0,5,5,0,5,5
19576622,,0,0.000019,69,0.000007,0,1,1,0,1,1
19018267,,0,0.000019,69,0.000007,0,1,1,0,1,1
16793929,,0.001331,0,89,0.000014,13,0,13,13,0,13
16801631,,0.001838,0,5,0.000094,37,0,37,37,0,37
27158429,,0,0.000035,5,0.000007,0,1,1,0,1,1
26151267,,0,0.000197,5,0.000007,0,2,2,0,2,2
26109217,,0,0.000257,5,0.000007,0,3,3,0,3,3
25798293,,0,0.000035,5,0.000007,0,1,1,0,1,1
24949191,,0,0.000035,5,0.000007,0,1,1,0,1,1
23904249,,0,0.000035,5,0.000007,0,1,1,0,1,1
23659923,,0,0.000035,5,0.000007,0,1,1,0,1,1
22666689,,0,0.000035,5,0.000007,0,1,1,0,1,1
21559014,,0,0.000197,5,0.000007,0,2,2,0,2,2
19578466,,0,0.000035,5,0.000007,0,1,1,0,1,1
18506189,,0,0.000035,5,0.000007,0,1,1,0,1,1
30271211,,0,0.000029,24,0.000007,0,1,1,0,1,1
16805818,,0.001509,0,24,0.000134,29,0,29,29,0,29
29062386,,0,0.000029,24,0.000007,0,1,1,0,1,1
27811011,,0,0.000134,35,0.000007,0,3,3,0,3,3
27082738,,0,0.000029,24,0.000007,0,1,1,0,1,1
26658786,,0,0.000029,24,0.000007,0,1,1,0,1,1
26098145,,0,0.000029,24,0.000007,0,1,1,0,1,1
25602630,,0,0.000056,24,0.000007,0,2,2,0,2,2
23923072,,0,0.000029,24,0.000007,0,2,2,0,2,2
23734634,,0,0.000029,24,0.000007,0,1,1,0,1,1
23691140,,0,0.000029,24,0.000007,0,1,1,0,1,1
23529353,,0,0.000029,24,0.000007,0,1,1,0,1,1
22627392,,0,0.000057,24,0.000007,0,3,3,0,3,3
22210845,,0,0.000029,24,0.000007,0,1,1,0,1,1
22044691,,0,0.000029,24,0.000007,0,1,1,0,1,1
22033517,,0,0.000029,24,0.000007,0,1,1,0,1,1
21203573,,0,0.000029,24,0.000007,0,1,1,0,1,1
21059223,,0,0.000056,24,0.000007,0,2,2,0,2,2
20565953,,0,0.000029,24,0.000007,0,1,1,0,1,1
20029418,,0,0.000029,24,0.000007,0,1,1,0,1,1
19707459,,0,0.000029,24,0.000007,0,1,1,0,1,1
19344489,,0,0.000029,24,0.000007,0,1,1,0,1,1
18765535,,0,0.000029,24,0.000007,0,1,1,0,1,1
30087321,,0,0.000024,176,0.000007,0,1,1,0,1,1
16807141,,0.001283,0,176,0.000351,74,0,74,74,0,74
29481669,,0,0.000024,176,0.000007,0,1,1,0,1,1
29357071,,0,0.000079,72,0.000007,0,3,3,0,3,3
28884345,,0,0.000024,176,0.000007,0,1,1,0,1,1
28620461,,0,0.000024,176,0.000007,0,1,1,0,1,1
28596133,,0,0.000024,176,0.000007,0,1,1,0,1,1
28587102,,0,0.000033,176,0.000007,0,3,3,0,3,3
28106789,,0,0.000024,176,0.000007,0,1,1,0,1,1
28067787,,0,0.000024,176,0.000007,0,1,1,0,1,1
27911848,,0,0.000024,176,0.000007,0,1,1,0,1,1
27487043,,0,0.000471,184,0.000007,0,3,3,0,3,3
27206972,,0,0.000024,176,0.000007,0,1,1,0,1,1
26163765,,0,0.000024,176,0.000007,0,1,1,0,1,1
25609572,,0,0.000024,176,0.000007,0,1,1,0,1,1
25531321,,0,0.000051,176,0.000007,0,2,2,0,2,2
25373142,,0,0.000024,176,0.000007,0,1,1,0,1,1
24837675,,0,0.00013,100,0.000007,0,2,2,0,2,2
24813807,,0,0.000024,176,0.000007,0,1,1,0,1,1
24288545,,0,0.000024,176,0.000007,0,1,1,0,1,1
24244712,,0,0.000028,176,0.000007,0,2,2,0,2,2
24052707,,0,0.000024,176,0.000007,0,1,1,0,1,1
23760025,,0,0.009252,100,0.000007,0,4,4,0,4,4
23555599,,0,0.000024,176,0.000007,0,1,1,0,1,1
23498663,,0,0.000024,176,0.000007,0,1,1,0,1,1
23119062,,0,0.000024,176,0.000007,0,1,1,0,1,1
22733720,,0,0.000024,176,0.000007,0,1,1,0,1,1
22661970,,0,0.000315,176,0.000007,0,2,2,0,2,2
22569128,,0,0.000024,176,0.000007,0,1,1,0,1,1
22456607,,0,0.000024,176,0.000007,0,1,1,0,1,1
22072977,,0,0.000024,176,0.000007,0,1,1,0,1,1
21994901,,0.000177,0.000024,66,0.0001,19,1,20,19,1,20
21836640,,0,0.000024,176,0.000007,0,1,1,0,1,1
21418515,,0,0.000024,176,0.000007,0,1,1,0,1,1
21318118,,0,0.000024,176,0.000007,0,1,1,0,1,1
21272099,,0,0.000024,176,0.000007,0,1,1,0,1,1
21149728,,0,0.000024,176,0.000007,0,1,1,0,1,1
21030553,,0,0.000024,176,0.000007,0,1,1,0,1,1
20802463,,0,0.000024,176,0.000007,0,1,1,0,1,1
20146584,,0,0.000044,176,0.000007,0,3,3,0,3,3
20101222,,0,0.000315,176,0.000007,0,2,2,0,2,2
16807234,,0.000569,0,35,0.000025,8,0,8,8,0,8
24657887,,0,0.000011,35,0.000007,0,1,1,0,1,1
18292776,,0,0.000011,35,0.000007,0,1,1,0,1,1
25520568,,0,0.000012,24,0.000007,0,2,2,0,2,2
16807441,,0.000012,0,24,0.000036,8,0,8,8,0,8
21804948,,0,0,24,0.000007,0,1,1,0,1,1
21496433,,0,0,24,0.000007,0,2,2,0,2,2
19578506,,0,0,24,0.000007,0,1,1,0,1,1
19487915,,0,0,24,0.000007,0,1,1,0,1,1
16807675,,0.000218,0,5,0.000008,3,0,3,3,0,3
29069872,,0,0.008011,1,0.000007,0,13,13,0,13,13
27643854,,0,0.000395,100,0.000007,0,3,3,0,3,3
22583868,,0,0.000088,1,0.000007,0,1,1,0,1,1
16813611,,0.000285,0,89,0.000012,5,0,5,5,0,5
28420378,,0,0.000003,5,0.000007,0,1,1,0,1,1
16817030,,0.000146,0,5,0.000036,11,0,11,11,0,11
25170485,,0,0.000003,5,0.000007,0,1,1,0,1,1
20597136,,0,0.000003,5,0.000007,0,1,1,0,1,1
18413555,,0,0.000003,5,0.000007,0,1,1,0,1,1
28588715,,0,0.000003,100,0.000007,0,1,1,0,1,1
16817224,,0.000171,0,100,0.000061,14,0,14,14,0,14
25202351,,0,0.000003,100,0.000007,0,1,1,0,1,1
23898938,,0,0.000003,100,0.000007,0,1,1,0,1,1
20603326,,0,0.000003,100,0.000007,0,1,1,0,1,1
20570892,,0,0.000003,100,0.000007,0,1,1,0,1,1
20540087,,0,0.000003,100,0.000007,0,1,1,0,1,1
19739237,,0,0.00017,100,0.000007,0,2,2,0,2,2
17446307,,0,0.000003,100,0.000007,0,1,1,0,1,1
16818497,,0.002983,0,279,0.000057,22,0,22,22,0,22
28485537,,0,0.00074,100,0.000007,0,4,4,0,4,4
28132842,,0.001018,0.000376,100,0.000084,28,3,31,28,3,31
27940557,,0.000062,0.000637,100,0.000014,2,2,4,2,2,4
26911678,,0,0.000289,100,0.000007,0,2,2,0,2,2
25267294,,0,0.000788,100,0.000007,0,3,3,0,3,3
24705021,,0,0.000921,100,0.000007,0,3,3,0,3,3
24505469,,0,0.000285,100,0.000007,0,1,1,0,1,1
24469398,,0.00429,0.005227,100,0.000206,72,15,87,72,15,87
24330662,,0,0.000285,100,0.000007,0,1,1,0,1,1
21931565,,0,0.000285,100,0.000007,0,1,1,0,1,1
21368826,,0,0.000285,100,0.000007,0,1,1,0,1,1
20098491,,0,0.00035,57,0.000007,0,2,2,0,2,2
20064462,,0,0.000296,100,0.000007,0,2,2,0,2,2
19439552,,0,0.000285,100,0.000007,0,1,1,0,1,1
16818684,,0.002427,0,140,0.000029,11,0,11,11,0,11
23885712,,0,0.000046,140,0.000007,0,1,1,0,1,1
20107618,,0,0.000046,140,0.000007,0,1,1,0,1,1
16821613,,0.000004,0,141,0.000029,5,0,5,5,0,5
21938178,,0,0,141,0.000007,0,1,1,0,1,1
19291708,,0,0,141,0.000007,0,1,1,0,1,1
19270823,,0,0,141,0.000007,0,1,1,0,1,1
16822457,,0.002071,0,100,0.000185,54,0,54,54,0,54
27133164,,0.000416,0.000065,100,0.000122,31,2,33,31,2,33
22855843,,0,0.000039,100,0.000007,0,1,1,0,1,1
22106009,,0,0.000039,100,0.000007,0,1,1,0,1,1
20554974,,0,0.000039,100,0.000007,0,1,1,0,1,1
20485382,,0,0.000451,100,0.000007,0,2,2,0,2,2
20417588,,0,0.000451,100,0.000007,0,2,2,0,2,2
19644496,,0,0.000039,100,0.000007,0,1,1,0,1,1
19561322,,0,0.000039,100,0.000007,0,1,1,0,1,1
19327589,,0,0.000039,100,0.000007,0,1,1,0,1,1
18292805,,0,0.000039,100,0.000007,0,1,1,0,1,1
18279715,,0,0.000039,100,0.000007,0,1,1,0,1,1
18239083,,0,0.000039,100,0.000007,0,1,1,0,1,1
30158977,,0,0.000002,5,0.000007,0,1,1,0,1,1
16823162,,0.000108,0,5,0.00008,22,0,22,22,0,22
28101229,,0,0.000181,5,0.000007,0,4,4,0,4,4
27492244,,0,0.00002,5,0.000007,0,2,2,0,2,2
26775903,,0,0.00002,5,0.000007,0,2,2,0,2,2
25889186,,0,0.00002,5,0.000007,0,2,2,0,2,2
24355674,,0,0.000002,5,0.000007,0,1,1,0,1,1
21900114,,0,0.000002,5,0.000007,0,1,1,0,1,1
20723262,,0,0.000219,5,0.000007,0,2,2,0,2,2
20064791,,0,0.000002,5,0.000007,0,1,1,0,1,1
19544670,,0,0.000002,5,0.000007,0,1,1,0,1,1
18477801,,0,0.000002,5,0.000007,0,1,1,0,1,1
18383260,,0,0.000002,5,0.000007,0,1,1,0,1,1
16823163,,0.000248,0,5,0.000018,6,0,6,6,0,6
18939993,,0,0.000005,5,0.000007,0,1,1,0,1,1
16823164,,0.000297,0,5,0.000014,4,0,4,4,0,4
19179608,,0,0.000006,5,0.000007,0,1,1,0,1,1
16823510,,0.000014,0,184,0.000057,14,0,14,14,0,14
25279219,,0,0,184,0.000007,0,1,1,0,1,1
23909490,,0,0,184,0.000007,0,1,1,0,1,1
22969958,,0,0,184,0.000007,0,1,1,0,1,1
22768293,,0,0,184,0.000007,0,1,1,0,1,1
19124519,,0,0,184,0.000007,0,1,1,0,1,1
18767034,,0,0.000003,5,0.000007,0,2,2,0,2,2
16824695,,0.000062,0,279,0.000007,1,0,1,1,0,1
16825125,,0.000578,0,89,0.00001,2,0,2,2,0,2
16826315,,0.001091,0,89,0.000024,10,0,10,10,0,10
16829658,,0.000634,0,5,0.000018,7,0,7,7,0,7
21941125,,0,0.000401,5,0.000007,0,3,3,0,3,3
26273392,,0,0,69,0.000007,0,1,1,0,1,1
16832351,,0.000008,0,69,0.000046,8,0,8,8,0,8
25956553,,0,0,69,0.000007,0,1,1,0,1,1
25891951,,0,0,69,0.000007,0,1,1,0,1,1
22099593,,0,0,69,0.000007,0,1,1,0,1,1
18617988,,0,0,69,0.000007,0,1,1,0,1,1
18515059,,0,0,69,0.000007,0,1,1,0,1,1
21509385,,0,0,142,0.000007,0,1,1,0,1,1
16833124,,0,0,142,0.000025,3,0,3,3,0,3
19714262,,0,0,142,0.000007,0,1,1,0,1,1
19268566,,0,0,142,0.000007,0,1,1,0,1,1
16835328,,0.000066,0,231,0.000016,6,0,6,6,0,6
16835342,,0.000044,0,5,0.00001,1,0,1,1,0,1
24090167,,0,0.00003,279,0.000007,0,5,5,0,5,5
16835343,,0.000044,0,279,0.000011,2,0,2,2,0,2
16835424,,0.015784,0,5,0.000116,99,0,99,99,0,99
19389550,,0,0.000326,69,0.000007,0,2,2,0,2,2
16835750,,0.001173,0,89,0.000015,14,0,14,14,0,14
16837909,,0.00015,0,231,0.00001,6,0,6,6,0,6
16843109,,0.001823,0,89,0.000011,8,0,8,8,0,8
29541423,,0,0.000241,1,0.000007,0,1,1,0,1,1
29229672,,0,0.000241,1,0.000007,0,1,1,0,1,1
25606572,,0,0.000266,279,0.000007,0,2,2,0,2,2
22956504,,0,0.000251,279,0.000007,0,2,2,0,2,2
22935141,,0,0.000263,279,0.000007,0,2,2,0,2,2
16847550,,0.000304,0,205,0.000009,3,0,3,3,0,3
16854412,,0.000626,0,176,0.000163,40,0,40,40,0,40
26987515,,0,0.000012,176,0.000007,0,1,1,0,1,1
25936915,,0,0.000058,176,0.000007,0,2,2,0,2,2
25866920,,0,0.000012,176,0.000007,0,1,1,0,1,1
25486364,,0,0.000012,176,0.000007,0,1,1,0,1,1
25444911,,0,0.000012,176,0.000007,0,1,1,0,1,1
24706806,,0,0.000012,176,0.000007,0,1,1,0,1,1
24297747,,0,0.000012,176,0.000007,0,1,1,0,1,1
24163369,,0,0.000012,176,0.000007,0,1,1,0,1,1
22253775,,0,0.000012,176,0.000007,0,1,1,0,1,1
22057288,,0,0.000012,176,0.000007,0,1,1,0,1,1
21840391,,0,0.000012,176,0.000007,0,1,1,0,1,1
21524151,,0,0.000012,176,0.000007,0,1,1,0,1,1
21482720,,0,0.000012,176,0.000007,0,1,1,0,1,1
20169195,,0,0.000012,176,0.000007,0,1,1,0,1,1
19602227,,0,0.000012,176,0.000007,0,1,1,0,1,1
19541929,,0,0.000012,176,0.000007,0,1,1,0,1,1
19307309,,0,0.000012,176,0.000007,0,1,1,0,1,1
19164929,,0,0.000012,176,0.000007,0,1,1,0,1,1
19091954,,0,0.000012,176,0.000007,0,1,1,0,1,1
18586824,,0,0.000012,176,0.000007,0,1,1,0,1,1
16859679,,0.003796,0,100,0.000066,33,0,33,33,0,33
26616856,,0,0.000076,265,0.000007,0,2,2,0,2,2
22905093,,0,0.000314,24,0.000007,0,2,2,0,2,2
21922653,,0,0.000072,100,0.000007,0,1,1,0,1,1
19397281,,0,0.000072,100,0.000007,0,1,1,0,1,1
16860316,,0.001286,0,90,0.000024,11,0,11,11,0,11
16865561,,0.000979,0,5,0.000019,18,0,18,18,0,18
16869742,,0.00018,0,2,0.000037,7,0,7,7,0,7
25524499,,0,0.000003,2,0.000007,0,1,1,0,1,1
24305551,,0,0.000003,2,0.000007,0,1,1,0,1,1
20593031,,0,0.000003,2,0.000007,0,1,1,0,1,1
18339804,,0,0.000003,2,0.000007,0,1,1,0,1,1
16869747,,0.015069,0,1,0.00026,45,0,45,45,0,45
28084734,,0,0.000368,1,0.000007,0,2,2,0,2,2
24278187,,0,0.000287,1,0.000007,0,1,1,0,1,1
23780888,,0,0.000754,35,0.000007,0,2,2,0,2,2
19421005,,0,0.000287,1,0.000007,0,1,1,0,1,1
30154899,,0,0.000007,5,0.000007,0,8,8,0,8,8
16872788,,0.000143,0,5,0.000047,19,0,19,19,0,19
28424789,,0,0.000033,5,0.000007,0,2,2,0,2,2
23128581,,0,0.000003,5,0.000007,0,1,1,0,1,1
21204803,,0,0.000003,5,0.000007,0,1,1,0,1,1
19900939,,0,0.000008,5,0.000007,0,3,3,0,3,3
17375373,,0,0.000003,5,0.000007,0,1,1,0,1,1
16875939,,0.000266,0,89,0.000015,4,0,4,4,0,4
21194468,,0,0.000005,89,0.000007,0,1,1,0,1,1
16877736,,0.000675,0,5,0.000023,18,0,18,18,0,18
27422780,,0,0.001394,140,0.000007,0,14,14,0,14,14
29093438,,0,0.000023,35,0.000007,0,1,1,0,1,1
23750209,,0,0.000968,35,0.000007,0,5,5,0,5,5
16883537,,0.000237,0,231,0.000009,5,0,5,5,0,5
27907204,,0,0,100,0.000007,0,1,1,0,1,1
25076963,,0,0,100,0.000007,0,1,1,0,1,1
21670593,,0,0,100,0.000007,0,1,1,0,1,1
20430016,,0,0,100,0.000007,0,1,1,0,1,1
16896052,,0.00067,0,5,0.000026,10,0,10,10,0,10
16898859,,0.000007,0,5,0.00002,5,0,5,5,0,5
24465421,,0,0.000009,5,0.000007,0,3,3,0,3,3
24319470,,0,0,5,0.000007,0,1,1,0,1,1
25271986,,0,0.000056,100,0.000007,0,1,1,0,1,1
22895339,,0,0.000056,100,0.000007,0,1,1,0,1,1
18977144,,0,0.000056,100,0.000007,0,1,1,0,1,1
16908132,,0.001822,0,35,0.000027,7,0,7,7,0,7
16909428,,0.000438,0,5,0.00003,17,0,17,17,0,17
26363536,,0,0.000013,5,0.000007,0,3,3,0,3,3
22585587,,0,0.000013,5,0.000007,0,2,2,0,2,2
20529312,,0,0.000008,5,0.000007,0,1,1,0,1,1
16912188,,0.12702,0,1,0.000984,325,0,325,325,0,325
29230817,,0,0.008267,1,0.000007,0,4,4,0,4,4
29113422,,0,0.003317,1,0.000007,0,13,13,0,13,13
29079227,,0,0.005751,1,0.000007,0,10,10,0,10,10
29054375,,0,0.002976,1,0.000007,0,8,8,0,8,8
28984489,,0,0.004149,1,0.000007,0,9,9,0,9,9
28825054,,0,0.003902,1,0.000007,0,6,6,0,6,6
28650468,,0,0.009864,1,0.000007,0,4,4,0,4,4
28588062,,0.007534,0.019644,1,0.000012,15,20,35,15,20,35
28454476,,0,0.012461,1,0.000007,0,4,4,0,4,4
28396911,,0,0.011809,1,0.000007,0,5,5,0,5,5
28377530,,0,0.002422,1,0.000007,0,1,1,0,1,1
28314386,,0,0.003583,1,0.000007,0,8,8,0,8,8
28275011,,0,0.005593,100,0.000007,0,6,6,0,6,6
28240985,,0,0.005095,100,0.000007,0,9,9,0,9,9
28238654,,0,0.002774,1,0.000007,0,2,2,0,2,2
28212573,,0.000954,0.004347,1,0.000036,8,6,14,8,6,14
28073364,,0,0.030378,1,0.000007,0,24,24,0,24,24
28003870,,0.000771,0.016642,1,0.000007,1,13,14,1,13,14
27613518,,0.000178,0.014583,1,0.000016,4,18,22,4,18,22
26981779,,0.000381,0.006545,1,0.000022,6,9,15,6,9,15
26927065,,0.000392,0.003139,1,0.000019,5,4,9,5,4,9
26807646,,0,0.002422,1,0.000007,0,1,1,0,1,1
26405320,,0,0.02468,1,0.000007,0,14,14,0,14,14
26251615,,0,0.017999,1,0.000007,0,15,15,0,15,15
26193259,,0,0.002433,69,0.000007,0,2,2,0,2,2
26101254,,0,0.007935,100,0.000007,0,17,17,0,17,17
25934816,,0,0.00276,1,0.000007,0,2,2,0,2,2
25653541,,0,0.016468,1,0.000007,0,10,10,0,10,10
25606064,,0,0.011718,1,0.000007,0,7,7,0,7,7
25485492,,0,0.002721,1,0.000007,0,3,3,0,3,3
25195011,,0,0.002422,1,0.000007,0,1,1,0,1,1
25092292,,0,0.002422,1,0.000007,0,1,1,0,1,1
24486587,,0,0.009082,1,0.000007,0,2,2,0,2,2
23966622,,0,0.012926,1,0.000007,0,5,5,0,5,5
23449221,,0,0.002713,57,0.000007,0,2,2,0,2,2
23428903,,0,0.011446,1,0.000007,0,7,7,0,7,7
23099922,,0,0.003341,1,0.000007,0,5,5,0,5,5
22869595,,0,0.003816,1,0.000007,0,2,2,0,2,2
22733811,,0,0.002507,100,0.000007,0,2,2,0,2,2
22563078,,0,0.002422,1,0.000007,0,1,1,0,1,1
22302899,,0,0.002422,1,0.000007,0,1,1,0,1,1
20876254,,0,0.002491,176,0.000007,0,3,3,0,3,3
20696794,,0,0.002468,1,0.000007,0,2,2,0,2,2
19671751,,0,0.002737,1,0.000007,0,2,2,0,2,2
19338375,,0,0.002713,57,0.000007,0,2,2,0,2,2
16912201,,0.003744,0,176,0.000148,38,0,38,38,0,38
30190853,,0,0.000071,176,0.000007,0,1,1,0,1,1
29044141,,0,0.000071,176,0.000007,0,1,1,0,1,1
28665315,,0,0.000073,137,0.000007,0,2,2,0,2,2
28005359,,0,0.000071,176,0.000007,0,1,1,0,1,1
26876672,,0,0.000071,176,0.000007,0,1,1,0,1,1
26253138,,0,0.000071,176,0.000007,0,1,1,0,1,1
24027197,,0,0.000409,176,0.000007,0,3,3,0,3,3
23840880,,0,0.000071,176,0.000007,0,1,1,0,1,1
23647051,,0,0.00056,176,0.000007,0,3,3,0,3,3
23264621,,0,0.00372,100,0.000007,0,13,13,0,13,13
22927831,,0,0.000071,176,0.000007,0,1,1,0,1,1
22558186,,0,0.000071,176,0.000007,0,1,1,0,1,1
22092531,,0,0.000071,176,0.000007,0,1,1,0,1,1
21878640,,0.000539,0.001031,176,0.000055,18,4,22,18,4,22
21424700,,0,0.000071,176,0.000007,0,1,1,0,1,1
20577054,,0,0.000145,176,0.000007,0,2,2,0,2,2
20445224,,0,0.000071,176,0.000007,0,1,1,0,1,1
20010939,,0,0.000145,176,0.000007,0,2,2,0,2,2
19445729,,0,0.000071,176,0.000007,0,1,1,0,1,1
19212679,,0,0.000071,176,0.000007,0,1,1,0,1,1
17942597,,0,0.000071,176,0.000007,0,1,1,0,1,1
16912212,,0.007856,0,89,0.000125,78,0,78,78,0,78
30093794,,0,0.000524,5,0.000007,0,6,6,0,6,6
30085829,,0,0.000233,89,0.000007,0,7,7,0,7,7
29191181,,0,0.00015,89,0.000007,0,1,1,0,1,1
28393072,,0,0.00015,89,0.000007,0,1,1,0,1,1
26020519,,0,0.000513,35,0.000007,0,2,2,0,2,2
22648732,,0,0.00015,89,0.000007,0,1,1,0,1,1
20332101,,0,0.00015,89,0.000007,0,1,1,0,1,1
19760028,,0,0.00015,89,0.000007,0,1,1,0,1,1
19223389,,0,0.00024,231,0.000007,0,2,2,0,2,2
18067661,,0,0.00015,89,0.000007,0,1,1,0,1,1
29179520,,0,0,100,0.000007,0,1,1,0,1,1
27736797,,0,0,100,0.000007,0,2,2,0,2,2
25516216,,0,0,100,0.000007,0,1,1,0,1,1
23466678,,0,0,100,0.000007,0,1,1,0,1,1
21760980,,0,0,100,0.000007,0,1,1,0,1,1
20943952,,0,0,100,0.000007,0,1,1,0,1,1
20603612,,0,0,100,0.000007,0,1,1,0,1,1
19802002,,0,0,100,0.000007,0,1,1,0,1,1
19596786,,0,0,100,0.000007,0,1,1,0,1,1
18437540,,0,0,100,0.000007,0,1,1,0,1,1
17638867,,0,0,100,0.000007,0,1,1,0,1,1
17505063,,0,0,100,0.000007,0,1,1,0,1,1
22788119,,0,0.000013,5,0.000007,0,1,1,0,1,1
16919882,,0.001256,0,100,0.000034,10,0,10,10,0,10
22069160,,0,0.000155,24,0.000007,0,3,3,0,3,3
18302766,,0,0.000036,100,0.000007,0,2,2,0,2,2
16922722,,0.000938,0,5,0.000027,17,0,17,17,0,17
20409503,,0,0.000018,5,0.000007,0,1,1,0,1,1
28954733,,0,0,57,0.000007,0,1,1,0,1,1
28331370,,0,0,57,0.000007,0,1,1,0,1,1
27862552,,0,0,57,0.000007,0,1,1,0,1,1
25979344,,0,0,57,0.000007,0,1,1,0,1,1
25737013,,0,0,57,0.000007,0,1,1,0,1,1
23449785,,0,0,57,0.000007,0,1,1,0,1,1
20698996,,0,0,57,0.000007,0,1,1,0,1,1
20065034,,0,0.000001,57,0.000007,0,2,2,0,2,2
17652391,,0,0,57,0.000007,0,1,1,0,1,1
16924440,,0.000296,0,198,0.000019,7,0,7,7,0,7
16925486,,0.000931,0,5,0.000009,5,0,5,5,0,5
30045136,,0,0.000268,279,0.000007,0,6,6,0,6,6
29675109,,0,0.000053,279,0.000007,0,1,1,0,1,1
29495520,,0,0.000053,279,0.000007,0,1,1,0,1,1
28932035,,0,0.000053,279,0.000007,0,1,1,0,1,1
28376174,,0,0.007489,279,0.000007,0,2,2,0,2,2
27672335,,0,0.000056,279,0.000007,0,2,2,0,2,2
27669738,,0,0.000053,279,0.000007,0,1,1,0,1,1
27462603,,0,0.000053,279,0.000007,0,1,1,0,1,1
26283007,,0,0.000053,279,0.000007,0,1,1,0,1,1
26078788,,0,0.000053,279,0.000007,0,1,1,0,1,1
25054006,,0,0.000053,279,0.000007,0,1,1,0,1,1
23613894,,0,0.000053,279,0.000007,0,1,1,0,1,1
23571109,,0,0.00763,279,0.000007,0,4,4,0,4,4
22408457,,0,0.000053,279,0.000007,0,1,1,0,1,1
19455234,,0,0.000053,279,0.000007,0,1,1,0,1,1
18607505,,0,0.000053,279,0.000007,0,1,1,0,1,1
18606007,,0,0.000053,279,0.000007,0,1,1,0,1,1
17359536,,0,0.000053,279,0.000007,0,1,1,0,1,1
17324262,,0,0.000053,279,0.000007,0,1,1,0,1,1
16930991,,0.001406,0,100,0.000025,13,0,13,13,0,13
21930790,,0,0.000049,24,0.000007,0,3,3,0,3,3
16931905,,0.000174,0,140,0.000071,7,0,7,7,0,7
28055978,,0,0.000007,140,0.000007,0,2,2,0,2,2
27617151,,0,0.000583,140,0.000007,0,3,3,0,3,3
26822237,,0.000848,0.001375,205,0.000229,53,4,57,53,4,57
24799902,,0,0.000007,140,0.000007,0,2,2,0,2,2
16933689,,0.000003,0,5,0.000009,1,0,1,1,0,1
25628210,,0,0.000003,35,0.000007,0,1,1,0,1,1
16935774,,0.000173,0,35,0.000058,5,0,5,5,0,5
25520877,,0,0.000003,35,0.000007,0,1,1,0,1,1
22087435,,0,0.000003,35,0.000007,0,1,1,0,1,1
16939956,,0.000236,0,184,0.000008,3,0,3,3,0,3
27467582,,0,0.000023,90,0.000007,0,6,6,0,6,6
16940443,,0.000721,0,90,0.000053,15,0,15,15,0,15
22508516,,0,0.000014,90,0.000007,0,1,1,0,1,1
19393092,,0,0.000014,90,0.000007,0,1,1,0,1,1
18182446,,0,0.000014,90,0.000007,0,1,1,0,1,1
18079323,,0,0.000029,90,0.000007,0,2,2,0,2,2
16940470,,0.000778,0,90,0.000071,20,0,20,20,0,20
25837259,,0,0.000015,90,0.000007,0,1,1,0,1,1
16941470,,0.003914,0,231,0.000118,27,0,27,27,0,27
26306640,,0,0.000075,231,0.000007,0,1,1,0,1,1
24621851,,0,0.000097,231,0.000007,0,2,2,0,2,2
23997099,,0,0.000075,231,0.000007,0,1,1,0,1,1
22964610,,0,0.000075,231,0.000007,0,1,1,0,1,1
21609427,,0,0.000075,231,0.000007,0,1,1,0,1,1
16944269,,0.000016,0,184,0.00001,1,0,1,1,0,1
16944270,,0.000907,0,1,0.000008,3,0,3,3,0,3
16944274,,0.000028,0,82,0.000012,3,0,3,3,0,3
30245752,,0,0,41,0.000007,0,1,1,0,1,1
16945136,,0.000009,0,41,0.000152,29,0,29,29,0,29
30188935,,0,0,41,0.000007,0,1,1,0,1,1
30008961,,0,0,41,0.000007,0,1,1,0,1,1
29900989,,0,0,41,0.000007,0,1,1,0,1,1
29411539,,0,0,41,0.000007,0,1,1,0,1,1
29398562,,0,0,41,0.000007,0,1,1,0,1,1
28587495,,0,0,41,0.000007,0,1,1,0,1,1
28386271,,0,0,41,0.000007,0,1,1,0,1,1
28087256,,0,0,41,0.000007,0,1,1,0,1,1
26007340,,0,0,41,0.000007,0,1,1,0,1,1
24740004,,0,0,41,0.000007,0,1,1,0,1,1
24437375,,0,0,41,0.000007,0,1,1,0,1,1
24058403,,0,0,41,0.000007,0,1,1,0,1,1
23259684,,0,0,41,0.000007,0,1,1,0,1,1
22982047,,0,0,41,0.000007,0,1,1,0,1,1
22964634,,0,0.000163,41,0.000007,0,2,2,0,2,2
22593803,,0,0.000001,41,0.000007,0,2,2,0,2,2
21087145,,0,0.000001,41,0.000007,0,2,2,0,2,2
21052528,,0,0,41,0.000007,0,1,1,0,1,1
20477822,,0,0,41,0.000007,0,1,1,0,1,1
19826042,,0,0.000001,41,0.000007,0,2,2,0,2,2
19428448,,0,0,41,0.000007,0,1,1,0,1,1
18821846,,0,0,41,0.000007,0,1,1,0,1,1
18682580,,0,0,41,0.000007,0,1,1,0,1,1
17587443,,0,0,41,0.000007,0,1,1,0,1,1
16946209,,0.00107,0,5,0.000013,10,0,10,10,0,10
22981979,,0,0,89,0.000007,0,1,1,0,1,1
20210554,,0,0,89,0.000007,0,1,1,0,1,1
16949048,,0.000345,0,89,0.000012,5,0,5,5,0,5
24959251,,0,0.000007,72,0.000007,0,2,2,0,2,2
18252213,,0,0.000035,89,0.000007,0,2,2,0,2,2
16956908,,0,0,90,0.000076,14,0,14,14,0,14
25605907,,0,0,90,0.000007,0,1,1,0,1,1
24704321,,0,0,90,0.000007,0,1,1,0,1,1
22000603,,0,0,90,0.000007,0,1,1,0,1,1
21562426,,0,0,90,0.000007,0,1,1,0,1,1
20159461,,0,0,90,0.000007,0,1,1,0,1,1
19797056,,0,0,90,0.000007,0,1,1,0,1,1
19319965,,0,0,90,0.000007,0,1,1,0,1,1
18262046,,0,0,90,0.000007,0,1,1,0,1,1
17485678,,0,0,90,0.000007,0,1,1,0,1,1
28046013,,0,0.000172,100,0.000007,0,2,2,0,2,2
19820340,,0,0.000024,100,0.000007,0,1,1,0,1,1
18573091,,0,0.000024,100,0.000007,0,1,1,0,1,1
18007653,,0,0.000024,100,0.000007,0,1,1,0,1,1
16958968,,0.000145,0,279,0.000032,7,0,7,7,0,7
21302177,,0,0.000003,279,0.000007,0,1,1,0,1,1
20150373,,0,0.000003,279,0.000007,0,1,1,0,1,1
18798870,,0,0.000003,279,0.000007,0,1,1,0,1,1
16962648,,0.003256,0,5,0.000027,16,0,16,16,0,16
24371674,,0,0.000986,5,0.000007,0,2,2,0,2,2
22735708,,0,0.000062,5,0.000007,0,1,1,0,1,1
16965326,,0.000594,0,5,0.000022,7,0,7,7,0,7
16967332,,0.000631,0,5,0.00002,7,0,7,7,0,7
22865241,,0,0.000012,5,0.000007,0,1,1,0,1,1
16967460,,0.000517,0,5,0.000045,20,0,20,20,0,20
29055968,,0,0.00004,35,0.000007,0,6,6,0,6,6
27977584,,0,0.00001,5,0.000007,0,1,1,0,1,1
26511370,,0,0.00001,5,0.000007,0,3,3,0,3,3
23784010,,0,0.00001,5,0.000007,0,2,2,0,2,2
22275980,,0,0.00001,5,0.000007,0,1,1,0,1,1
18318332,,0,0.00001,5,0.000007,0,1,1,0,1,1
27114492,,0,0.000065,100,0.000007,0,2,2,0,2,2
16969086,,0.0006,0,100,0.000037,10,0,10,10,0,10
18463163,,0,0.000011,100,0.000007,0,1,1,0,1,1
16969499,,0.000131,0,140,0.000012,4,0,4,4,0,4
21572182,,0,0.000049,140,0.000007,0,2,2,0,2,2
28345121,,0,0.000022,5,0.000007,0,3,3,0,3,3
16969872,,0.000074,0,5,0.000011,4,0,4,4,0,4
28347313,,0,0.000019,205,0.000007,0,1,1,0,1,1
26989465,,0,0.000887,205,0.000007,0,2,2,0,2,2
26425543,,0,0.000019,205,0.000007,0,1,1,0,1,1
24713777,,0,0.000041,205,0.000007,0,2,2,0,2,2
23152778,,0,0.000019,205,0.000007,0,1,1,0,1,1
22446714,,0,0.000019,205,0.000007,0,1,1,0,1,1
21547248,,0,0.000019,205,0.000007,0,1,1,0,1,1
21468009,,0,0.000036,205,0.000007,0,3,3,0,3,3
21633318,,0.000494,0.000377,205,0.000077,15,2,17,15,2,17
30333750,,0,0.000002,90,0.000007,0,1,1,0,1,1
16979166,,0.000091,0,90,0.000023,5,0,5,5,0,5
23243496,,0,0.000002,90,0.000007,0,1,1,0,1,1
16980226,,0.000555,0,89,0.000008,4,0,4,4,0,4
28081708,,0,0.000001,279,0.000007,0,1,1,0,1,1
16982734,,0.000072,0,279,0.000079,14,0,14,14,0,14
26854164,,0,0.000006,279,0.000007,0,2,2,0,2,2
25679447,,0,0.000001,279,0.000007,0,1,1,0,1,1
25419458,,0,0.000001,279,0.000007,0,1,1,0,1,1
25295112,,0,0.000001,279,0.000007,0,1,1,0,1,1
23736690,,0,0.000001,279,0.000007,0,1,1,0,1,1
22852025,,0,0.000001,279,0.000007,0,1,1,0,1,1
22115599,,0,0.000001,279,0.000007,0,1,1,0,1,1
21300848,,0,0.000006,279,0.000007,0,2,2,0,2,2
19147774,,0,0.000001,279,0.000007,0,1,1,0,1,1
19047106,,0,0.000001,279,0.000007,0,1,1,0,1,1
18687126,,0,0.000001,279,0.000007,0,1,1,0,1,1
17001151,,0.003735,0,69,0.000032,25,0,25,25,0,25
29899857,,0,0.000063,232,0.000007,0,1,1,0,1,1
17001309,,0.003305,0,232,0.000307,59,0,59,59,0,59
29304771,,0,0.000063,232,0.000007,0,1,1,0,1,1
29254481,,0,0.014663,1,0.000007,0,9,9,0,9,9
28191281,,0,0.000092,367,0.000007,0,5,5,0,5,5
27753528,,0,0.000303,232,0.000007,0,2,2,0,2,2
27298253,,0,0.000063,232,0.000007,0,2,2,0,2,2
25110436,,0,0.00028,100,0.000007,0,4,4,0,4,4
25043185,,0,0.000071,232,0.000007,0,2,2,0,2,2
22954223,,0,0.000063,232,0.000007,0,1,1,0,1,1
21571835,,0,0.000063,232,0.000007,0,1,1,0,1,1
20434954,,0,0.000081,232,0.000007,0,2,2,0,2,2
19934310,,0,0.000063,232,0.000007,0,1,1,0,1,1
19851314,,0,0.000096,279,0.000007,0,2,2,0,2,2
19597530,,0,0.000081,232,0.000007,0,2,2,0,2,2
19180184,,0,0.000081,232,0.000007,0,2,2,0,2,2
17007555,,0.00033,0,176,0.000029,8,0,8,8,0,8
21156285,,0,0.000006,176,0.000007,0,1,1,0,1,1
19351863,,0,0.000006,176,0.000007,0,1,1,0,1,1
17010055,,0.000001,0,143,0.000009,1,0,1,1,0,1
20861269,,0,0.000015,231,0.000007,0,1,1,0,1,1
28420103,,0,0,181,0.000007,0,1,1,0,1,1
17010599,,0,0,181,0.000052,8,0,8,8,0,8
26459443,,0,0,181,0.000007,0,1,1,0,1,1
22713480,,0,0,181,0.000007,0,1,1,0,1,1
22412335,,0,0,181,0.000007,0,1,1,0,1,1
22319260,,0,0,181,0.000007,0,1,1,0,1,1
22295941,,0,0,181,0.000007,0,1,1,0,1,1
20652049,,0,0,181,0.000007,0,1,1,0,1,1
20075759,,0,0,181,0.000007,0,2,2,0,2,2
17011978,,0.001094,0,140,0.000017,14,0,14,14,0,14
26982818,,0,0,5,0.000007,0,1,1,0,1,1
30479694,,0,0.001097,82,0.000007,0,5,5,0,5,5
17016441,,0.040433,0,1,0.000538,162,0,162,162,0,162
29357008,,0,0.000771,1,0.000007,0,1,1,0,1,1
29137429,,0,0.000811,1,0.000007,0,2,2,0,2,2
27617288,,0,0.000785,35,0.000007,0,2,2,0,2,2
26100884,,0.004029,0.012397,1,0.000027,15,7,22,15,7,22
24490044,,0,0.000771,1,0.000007,0,1,1,0,1,1
24386193,,0,0.000771,1,0.000007,0,1,1,0,1,1
23536770,,0,0.01637,1,0.000007,0,10,10,0,10,10
23011797,,0.001564,0.001048,35,0.000411,85,7,92,85,7,92
22807933,,0,0.000909,35,0.000007,0,3,3,0,3,3
22719211,,0,0.000771,1,0.000007,0,1,1,0,1,1
22433433,,0,0.001489,1,0.000007,0,4,4,0,4,4
21331622,,0,0.000828,35,0.000007,0,2,2,0,2,2
20587515,,0,0.000771,1,0.000007,0,1,1,0,1,1
20426817,,0,0.001588,1,0.000007,0,3,3,0,3,3
19903341,,0,0.000785,2,0.000007,0,2,2,0,2,2
25559398,,0,0.000016,5,0.000007,0,1,1,0,1,1
21241473,,0,0.000016,5,0.000007,0,1,1,0,1,1
19277668,,0,0.000016,5,0.000007,0,1,1,0,1,1
21479187,,0,0.000042,5,0.000007,0,1,1,0,1,1
25763229,,0,0.000026,89,0.000007,0,1,1,0,1,1
24465095,,0,0.000026,89,0.000007,0,1,1,0,1,1
17397524,,0,0.000026,89,0.000007,0,1,1,0,1,1
17021353,,0.002046,0,5,0.00003,21,0,21,21,0,21
29681985,,0,0.0005,90,0.000007,0,6,6,0,6,6
17024228,,0.000725,0,90,0.000098,12,0,12,12,0,12
26568065,,0,0.000014,90,0.000007,0,1,1,0,1,1
23598468,,0,0.000014,90,0.000007,0,1,1,0,1,1
23002205,,0,0.000014,90,0.000007,0,1,1,0,1,1
19813266,,0,0.000014,90,0.000007,0,1,1,0,1,1
17024668,,0.000212,0,5,0.00005,18,0,18,18,0,18
29261176,,0,0.000004,5,0.000007,0,1,1,0,1,1
28059573,,0,0.000004,5,0.000007,0,1,1,0,1,1
25562728,,0,0.000004,5,0.000007,0,1,1,0,1,1
21795237,,0,0.000004,5,0.000007,0,1,1,0,1,1
17026620,,0.000118,0,231,0.00001,4,0,4,4,0,4
29263839,,0,0.004462,1,0.000007,0,8,8,0,8,8
17027345,,0.000735,0,100,0.000036,6,0,6,6,0,6
17028982,,0.000174,0,100,0.000013,5,0,5,5,0,5
25268625,,0,0.000221,205,0.000007,0,3,3,0,3,3
17033622,,0.023723,0,100,0.000395,217,0,217,217,0,217
29599126,,0,0.000453,35,0.000007,0,2,2,0,2,2
29368626,,0.000095,0.001318,205,0.000007,1,13,14,1,13,14
29308099,,0,0.000815,205,0.000007,0,12,12,0,12,12
28418444,,0,0.001748,205,0.000007,0,12,12,0,12,12
27913192,,0,0.000452,100,0.000007,0,1,1,0,1,1
25343521,,0,0.001026,231,0.000007,0,8,8,0,8,8
24733792,,0.005733,0.003238,205,0.000213,97,13,110,97,13,110
24449900,,0,0.000452,100,0.000007,0,1,1,0,1,1
23420765,,0,0.000728,100,0.000007,0,3,3,0,3,3
21774837,,0.000199,0.002889,100,0.000007,1,13,14,1,13,14
21610108,,0,0.000962,231,0.000007,0,5,5,0,5,5
20723205,,0,0.000728,100,0.000007,0,2,2,0,2,2
19471308,,0,0.000452,100,0.000007,0,1,1,0,1,1
19151715,,0,0.000452,100,0.000007,0,1,1,0,1,1
18974127,,0,0.000472,100,0.000007,0,2,2,0,2,2
18613097,,0,0.000755,100,0.000007,0,2,2,0,2,2
17555606,,0,0.000452,100,0.000007,0,1,1,0,1,1
30458879,,0,0.000009,35,0.000007,0,1,1,0,1,1
17035397,,0.000498,0,35,0.000175,43,0,43,43,0,43
29857525,,0,0.00001,35,0.000007,0,2,2,0,2,2
29738005,,0,0.000066,35,0.000007,0,2,2,0,2,2
29600224,,0,0.000009,35,0.000007,0,1,1,0,1,1
28125710,,0,0.000189,69,0.000007,0,3,3,0,3,3
27870643,,0,0.000382,35,0.000007,0,2,2,0,2,2
27756774,,0,0.000009,35,0.000007,0,1,1,0,1,1
27048417,,0,0.000038,35,0.000007,0,2,2,0,2,2
25505753,,0,0.000009,35,0.000007,0,1,1,0,1,1
25392796,,0,0.000009,35,0.000007,0,1,1,0,1,1
24669159,,0,0.000009,35,0.000007,0,1,1,0,1,1
23899816,,0,0.000009,35,0.000007,0,1,1,0,1,1
23715630,,0,0.000009,35,0.000007,0,1,1,0,1,1
22859400,,0,0.000088,35,0.000007,0,2,2,0,2,2
22558478,,0,0.000009,35,0.000007,0,1,1,0,1,1
22481034,,0,0.000009,35,0.000007,0,1,1,0,1,1
22084574,,0,0.000009,35,0.000007,0,1,1,0,1,1
21667121,,0,0.000029,35,0.000007,0,2,2,0,2,2
20653964,,0,0.000009,35,0.000007,0,1,1,0,1,1
20607258,,0,0.000009,35,0.000007,0,1,1,0,1,1
19826117,,0,0.000009,35,0.000007,0,1,1,0,1,1
19536874,,0,0.000009,35,0.000007,0,1,1,0,1,1
19329819,,0,0.000009,35,0.000007,0,1,1,0,1,1
19066264,,0,0.000009,35,0.000007,0,1,1,0,1,1
18668364,,0,0.000009,35,0.000007,0,1,1,0,1,1
18477040,,0,0.000009,35,0.000007,0,1,1,0,1,1
18226215,,0,0.000009,35,0.000007,0,1,1,0,1,1
17949989,,0,0.000009,35,0.000007,0,1,1,0,1,1
17039264,,0.000597,0,231,0.000012,7,0,7,7,0,7
17045473,,0.000059,0,5,0.000017,8,0,8,8,0,8
27459694,,0,0.000137,279,0.000007,0,6,6,0,6,6
23066388,,0,0.000022,279,0.000007,0,1,1,0,1,1
22853048,,0,0.000022,279,0.000007,0,1,1,0,1,1
22220249,,0,0.000022,279,0.000007,0,1,1,0,1,1
18523155,,0,0.000022,279,0.000007,0,1,1,0,1,1
18450815,,0,0.000022,279,0.000007,0,1,1,0,1,1
17051349,,0.000255,0,231,0.00001,2,0,2,2,0,2
17052168,,0.007766,0,100,0.000192,50,0,50,50,0,50
28900252,,0,0.001124,1,0.000007,0,4,4,0,4,4
23316441,,0,0.000148,100,0.000007,0,1,1,0,1,1
21706342,,0,0.000938,231,0.000007,0,4,4,0,4,4
20868762,,0,0.000149,192,0.000007,0,2,2,0,2,2
20074047,,0,0.000148,100,0.000007,0,1,1,0,1,1
19553191,,0.000028,0.000148,57,0.000079,15,1,16,15,1,16
17597095,,0,0.000148,100,0.000007,0,1,1,0,1,1
17061047,,0.00336,0,1,0.000025,12,0,12,12,0,12
17063074,,0.00146,0,35,0.000019,8,0,8,8,0,8
17063264,,0.000186,0,66,0.000059,14,0,14,14,0,14
27014653,,0,0.000004,66,0.000007,0,1,1,0,1,1
23631762,,0,0.000004,66,0.000007,0,1,1,0,1,1
22649262,,0,0.000015,66,0.000007,0,2,2,0,2,2
22605962,,0,0.000004,66,0.000007,0,1,1,0,1,1
20030812,,0,0.000004,66,0.000007,0,1,1,0,1,1
19389261,,0,0.000004,66,0.000007,0,1,1,0,1,1
17063270,,0.00244,0,89,0.000022,27,0,27,27,0,27
22455664,,0,0.000047,89,0.000007,0,1,1,0,1,1
17063271,,0.000611,0,89,0.000009,8,0,8,8,0,8
17063275,,0.000458,0,5,0.000045,12,0,12,12,0,12
28954418,,0,0.000009,5,0.000007,0,1,1,0,1,1
27014505,,0,0.000009,5,0.000007,0,1,1,0,1,1
25191563,,0,0.000009,5,0.000007,0,1,1,0,1,1
20652737,,0,0.000009,5,0.000007,0,1,1,0,1,1
18494169,,0,0.000009,5,0.000007,0,1,1,0,1,1
17064299,,0.000048,0,231,0.000007,1,0,1,1,0,1
17065058,,0.000015,0,279,0.000018,3,0,3,3,0,3
18638373,,0,0,279,0.000007,0,1,1,0,1,1
22836913,,0,0.006665,165,0.000007,0,3,3,0,3,3
17065059,,0.000127,0,165,0.000015,2,0,2,2,0,2
21845090,,0,0.000002,165,0.000007,0,1,1,0,1,1
26727092,,0,0.000032,5,0.000007,0,1,1,0,1,1
22711240,,0,0,5,0.000007,0,1,1,0,1,1
17068806,,0.00002,0,5,0.000024,6,0,6,6,0,6
22241091,,0,0.000004,5,0.000007,0,4,4,0,4,4
20195720,,0,0,5,0.000007,0,1,1,0,1,1
17070800,,0.002842,0,69,0.000088,28,0,28,28,0,28
26484281,,0,0.000054,69,0.000007,0,1,1,0,1,1
24586866,,0,0.00749,69,0.000007,0,2,2,0,2,2
24469735,,0,0.000054,69,0.000007,0,1,1,0,1,1
24091732,,0,0.000054,69,0.000007,0,1,1,0,1,1
23986883,,0,0.008651,69,0.000007,0,6,6,0,6,6
23433318,,0,0.007493,69,0.000007,0,3,3,0,3,3
22682531,,0,0.000105,69,0.000007,0,2,2,0,2,2
20634901,,0,0.000282,69,0.000007,0,2,2,0,2,2
17425809,,0,0.000054,69,0.000007,0,1,1,0,1,1
30468428,,0,0.000029,279,0.000007,0,2,2,0,2,2
17071074,,0.001536,0,279,0.000066,22,0,22,22,0,22
27638884,,0,0.000029,279,0.000007,0,1,1,0,1,1
23638630,,0,0.000029,279,0.000007,0,1,1,0,1,1
21383185,,0,0.000053,279,0.000007,0,2,2,0,2,2
20038529,,0,0.000029,279,0.000007,0,1,1,0,1,1
17073553,,0.001286,0,100,0.000014,4,0,4,4,0,4
26869802,,0,0.000015,57,0.000007,0,2,2,0,2,2
17078101,,0.00001,0,57,0.000029,5,0,5,5,0,5
24939416,,0,0,57,0.000007,0,1,1,0,1,1
23202958,,0,0,57,0.000007,0,1,1,0,1,1
21975123,,0,0,57,0.000007,0,1,1,0,1,1
17078207,,0.000658,0,279,0.000015,3,0,3,3,0,3
29529278,,0,0.001286,5,0.000007,0,5,5,0,5,5
29507082,,0,0.000081,69,0.000007,0,2,2,0,2,2
19664195,,0,0.000061,5,0.000007,0,2,2,0,2,2
17673441,,0,0.000057,5,0.000007,0,1,1,0,1,1
22457820,,0,0,82,0.000007,0,1,1,0,1,1
17079449,,0,0,82,0.000022,3,0,3,3,0,3
19228369,,0,0,82,0.000007,0,1,1,0,1,1
17079882,,0.00004,0,89,0.000009,2,0,2,2,0,2
28096293,,0,0.000001,231,0.000007,0,3,3,0,3,3
17080308,,0.00005,0,231,0.000038,12,0,12,12,0,12
24790452,,0,0.00002,35,0.000007,0,4,4,0,4,4
24133576,,0,0.000001,231,0.000007,0,1,1,0,1,1
22487911,,0,0.000001,231,0.000007,0,1,1,0,1,1
19497887,,0,0.000096,231,0.000007,0,3,3,0,3,3
17080309,,0.003284,0,89,0.00003,34,0,34,34,0,34
28024868,,0.000419,0.000403,205,0.000018,7,4,11,7,4,11
19892884,,0,0.000169,48,0.000007,0,3,3,0,3,3
17081965,,0.000003,0,48,0.000009,1,0,1,1,0,1
30370408,,0,0.00033,100,0.000007,0,3,3,0,3,3
17081976,,0.008756,0,100,0.00031,96,0,96,96,0,96
30297404,,0,0.000167,100,0.000007,0,1,1,0,1,1
29750309,,0,0.000167,100,0.000007,0,1,1,0,1,1
29386294,,0,0.000377,176,0.000007,0,4,4,0,4,4
28994651,,0,0.000203,100,0.000007,0,3,3,0,3,3
28943256,,0,0.000167,100,0.000007,0,1,1,0,1,1
26667818,,0,0.000167,100,0.000007,0,1,1,0,1,1
26522589,,0,0.000169,48,0.000007,0,3,3,0,3,3
26456171,,0,0.000168,100,0.000007,0,2,2,0,2,2
26295306,,0,0.000329,100,0.000007,0,2,2,0,2,2
25750434,,0,0.000202,100,0.000007,0,2,2,0,2,2
25704511,,0,0.000167,100,0.000007,0,1,1,0,1,1
25157350,,0,0.000204,100,0.000007,0,3,3,0,3,3
24367099,,0,0.000365,100,0.000007,0,4,4,0,4,4
24366870,,0,0.000167,100,0.000007,0,1,1,0,1,1
24282279,,0,0.000167,100,0.000007,0,1,1,0,1,1
24213471,,0,0.000365,100,0.000007,0,4,4,0,4,4
24019927,,0,0.000364,100,0.000007,0,3,3,0,3,3
23783028,,0,0.000167,100,0.000007,0,1,1,0,1,1
23734346,,0,0.000167,100,0.000007,0,1,1,0,1,1
22196931,,0,0.000167,100,0.000007,0,1,1,0,1,1
22099307,,0,0.000237,176,0.000007,0,2,2,0,2,2
22071147,,0,0.000237,176,0.000007,0,2,2,0,2,2
21914806,,0,0.00033,100,0.000007,0,3,3,0,3,3
21655434,,0,0.00017,48,0.000007,0,3,3,0,3,3
21097701,,0,0.000167,100,0.000007,0,1,1,0,1,1
20558733,,0,0.000332,48,0.000007,0,4,4,0,4,4
20471943,,0,0.000329,100,0.000007,0,2,2,0,2,2
20386695,,0,0.000167,100,0.000007,0,1,1,0,1,1
20334839,,0,0.000167,100,0.000007,0,1,1,0,1,1
19879145,,0,0.000167,100,0.000007,0,1,1,0,1,1
19116309,,0,0.000167,100,0.000007,0,1,1,0,1,1
19077237,,0,0.000167,100,0.000007,0,1,1,0,1,1
19060894,,0,0.000167,100,0.000007,0,1,1,0,1,1
18591255,,0,0.000167,100,0.000007,0,1,1,0,1,1
18283116,,0,0.000167,100,0.000007,0,1,1,0,1,1
27385431,,0,0.000049,100,0.000007,0,2,2,0,2,2
27165041,,0,0.000477,100,0.000007,0,3,3,0,3,3
26511280,,0,0.000003,100,0.000007,0,1,1,0,1,1
25896509,,0,0.000003,100,0.000007,0,1,1,0,1,1
24260543,,0,0.000003,100,0.000007,0,1,1,0,1,1
23358415,,0,0.000003,100,0.000007,0,1,1,0,1,1
21049092,,0,0.000003,100,0.000007,0,1,1,0,1,1
19936019,,0,0.000003,100,0.000007,0,1,1,0,1,1
17978089,,0,0.000003,100,0.000007,0,1,1,0,1,1
17636031,,0,0.000003,100,0.000007,0,1,1,0,1,1
17095205,,0.002989,0,5,0.000028,15,0,15,15,0,15
26090066,,0,0.000066,5,0.000007,0,3,3,0,3,3
19907646,,0,0.000057,5,0.000007,0,1,1,0,1,1
29855537,,0,0.00013,35,0.000007,0,2,2,0,2,2
17096335,,0.000022,0,35,0.000069,12,0,12,12,0,12
29844878,,0,0.000545,35,0.000007,0,2,2,0,2,2
29171785,,0,0,35,0.000007,0,1,1,0,1,1
27929068,,0,0,35,0.000007,0,1,1,0,1,1
26573593,,0,0,35,0.000007,0,1,1,0,1,1
25742952,,0,0,35,0.000007,0,1,1,0,1,1
24738062,,0,0,35,0.000007,0,1,1,0,1,1
23715860,,0,0,35,0.000007,0,1,1,0,1,1
21317240,,0,0,35,0.000007,0,1,1,0,1,1
19330026,,0,0,35,0.000007,0,1,1,0,1,1
18700021,,0,0,35,0.000007,0,1,1,0,1,1
17100990,,0.000287,0,5,0.000016,5,0,5,5,0,5
24733164,,0,0.000015,5,0.000007,0,2,2,0,2,2
17100994,,0.00113,0,89,0.000011,11,0,11,11,0,11
20376080,,0,0.000001,100,0.000007,0,1,1,0,1,1
17102635,,0.000051,0,100,0.000025,5,0,5,5,0,5
19909517,,0,0.000001,100,0.000007,0,1,1,0,1,1
26916898,,0,0,89,0.000007,0,1,1,0,1,1
26629063,,0,0.000057,35,0.000007,0,1,1,0,1,1
24847890,,0,0.00009,35,0.000007,0,2,2,0,2,2
22427740,,0,0.000073,35,0.000007,0,2,2,0,2,2
21716849,,0,0.000057,35,0.000007,0,1,1,0,1,1
18632620,,0,0.000057,35,0.000007,0,1,1,0,1,1
17106239,,0.001744,0,279,0.000092,24,0,24,24,0,24
24096481,,0,0.000033,279,0.000007,0,1,1,0,1,1
19265200,,0,0.000033,279,0.000007,0,1,1,0,1,1
18437219,,0,0.000033,279,0.000007,0,1,1,0,1,1
17368442,,0,0.000033,279,0.000007,0,1,1,0,1,1
17106326,,0.000662,0,5,0.000012,5,0,5,5,0,5
24565270,,0,0.000239,5,0.000007,0,3,3,0,3,3
17106632,,0.000002,0,5,0.000008,1,0,1,1,0,1
17108760,,0.000044,0,5,0.000012,5,0,5,5,0,5
17109443,,0.000999,0,5,0.000016,15,0,15,15,0,15
28624099,,0,0.000003,176,0.000007,0,1,1,0,1,1
27738320,,0,0.000003,176,0.000007,0,1,1,0,1,1
27605886,,0,0.000003,176,0.000007,0,1,1,0,1,1
25678841,,0,0.000003,176,0.000007,0,1,1,0,1,1
24943349,,0,0.000003,176,0.000007,0,1,1,0,1,1
23961321,,0,0.000003,176,0.000007,0,1,1,0,1,1
23951231,,0,0.000003,176,0.000007,0,1,1,0,1,1
23516639,,0,0.000003,176,0.000007,0,1,1,0,1,1
23472076,,0,0.000003,176,0.000007,0,1,1,0,1,1
23304343,,0,0.000003,176,0.000007,0,1,1,0,1,1
23244446,,0,0.000003,176,0.000007,0,1,1,0,1,1
23085767,,0,0.000003,176,0.000007,0,2,2,0,2,2
22087314,,0,0.000003,176,0.000007,0,1,1,0,1,1
21383188,,0,0.000003,176,0.000007,0,1,1,0,1,1
20665615,,0,0.000003,176,0.000007,0,1,1,0,1,1
19924244,,0,0.000003,176,0.000007,0,1,1,0,1,1
19732438,,0,0.000003,176,0.000007,0,1,1,0,1,1
18478343,,0,0.000003,176,0.000007,0,1,1,0,1,1
18398040,,0,0.000003,176,0.000007,0,1,1,0,1,1
18216022,,0,0.000003,176,0.000007,0,1,1,0,1,1
17113223,,0.000071,0,231,0.000011,3,0,3,3,0,3
25253995,,0,0.000039,231,0.000007,0,4,4,0,4,4
24349361,,0,0.000022,231,0.000007,0,3,3,0,3,3
17113724,,0.00053,0,89,0.000008,3,0,3,3,0,3
30428327,,0,0.000373,35,0.000007,0,1,1,0,1,1
17116942,,0.019559,0,35,0.000747,246,0,246,246,0,246
30363988,,0,0.000621,279,0.000007,0,5,5,0,5,5
30338035,,0,0.001412,35,0.000007,0,5,5,0,5,5
30288111,,0,0.000375,231,0.000007,0,2,2,0,2,2
30233667,,0,0.000373,35,0.000007,0,1,1,0,1,1
30227836,,0,0.000373,35,0.000007,0,1,1,0,1,1
30181802,,0,0.000793,35,0.000007,0,3,3,0,3,3
30154439,,0,0.000408,35,0.000007,0,3,3,0,3,3
30096175,,0,0.000642,24,0.000007,0,5,5,0,5,5
29983835,,0,0.002375,35,0.000007,0,9,9,0,9,9
29805641,,0,0.000519,35,0.000007,0,2,2,0,2,2
29742734,,0,0.000373,35,0.000007,0,1,1,0,1,1
29719816,,0,0.000373,35,0.000007,0,1,1,0,1,1
29423090,,0,0.000373,35,0.000007,0,1,1,0,1,1
29336717,,0,0.000632,35,0.000007,0,2,2,0,2,2
29323124,,0,0.000621,35,0.000007,0,4,4,0,4,4
29296238,,0,0.000373,35,0.000007,0,1,1,0,1,1
29250179,,0,0.000374,35,0.000007,0,2,2,0,2,2
29216710,,0,0.000373,35,0.000007,0,1,1,0,1,1
29142206,,0,0.00043,35,0.000007,0,2,2,0,2,2
29115931,,0,0.001001,35,0.000007,0,4,4,0,4,4
29099049,,0,0.000834,35,0.000007,0,5,5,0,5,5
29097911,,0,0.000438,35,0.000007,0,2,2,0,2,2
28984302,,0,0.000737,35,0.000007,0,2,2,0,2,2
28969044,,0,0.000373,35,0.000007,0,1,1,0,1,1
28749113,,0,0.000504,35,0.000007,0,7,7,0,7,7
28624192,,0,0.000756,35,0.000007,0,3,3,0,3,3
28598255,,0,0.000373,35,0.000007,0,1,1,0,1,1
28542297,,0,0.000741,35,0.000007,0,4,4,0,4,4
28496098,,0,0.000373,35,0.000007,0,1,1,0,1,1
28496004,,0,0.000373,35,0.000007,0,1,1,0,1,1
28493031,,0,0.00095,279,0.000007,0,5,5,0,5,5
28474753,,0,0.000379,35,0.000007,0,2,2,0,2,2
28441382,,0,0.000718,35,0.000007,0,4,4,0,4,4
28427223,,0,0.000563,35,0.000007,0,2,2,0,2,2
28356938,,0,0.000373,35,0.000007,0,1,1,0,1,1
28160557,,0,0.000373,35,0.000007,0,1,1,0,1,1
28088463,,0,0.00091,35,0.000007,0,7,7,0,7,7
28060811,,0,0.000373,35,0.000007,0,1,1,0,1,1
27928473,,0,0.00043,35,0.000007,0,3,3,0,3,3
27721871,,0,0.000754,1,0.000007,0,5,5,0,5,5
27698913,,0,0.000385,35,0.000007,0,2,2,0,2,2
27589736,,0,0.000527,35,0.000007,0,3,3,0,3,3
27580659,,0,0.000912,35,0.000007,0,3,3,0,3,3
27561099,,0,0.000758,35,0.000007,0,3,3,0,3,3
27554479,,0,0.000373,35,0.000007,0,1,1,0,1,1
27401651,,0,0.000438,35,0.000007,0,3,3,0,3,3
27390646,,0,0.000389,279,0.000007,0,2,2,0,2,2
27386241,,0,0.000619,35,0.000007,0,3,3,0,3,3
27374095,,0,0.000438,35,0.000007,0,2,2,0,2,2
27286842,,0,0.000632,35,0.000007,0,2,2,0,2,2
27242900,,0,0.001253,35,0.000007,0,5,5,0,5,5
27223262,,0,0.000486,35,0.000007,0,2,2,0,2,2
27203673,,0,0.000384,35,0.000007,0,2,2,0,2,2
27184764,,0,0.00043,35,0.000007,0,2,2,0,2,2
27120467,,0,0.000373,35,0.000007,0,1,1,0,1,1
27039296,,0,0.000374,35,0.000007,0,2,2,0,2,2
27029813,,0,0.000378,35,0.000007,0,2,2,0,2,2
27027343,,0,0.000373,35,0.000007,0,1,1,0,1,1
27013474,,0,0.000442,35,0.000007,0,3,3,0,3,3
26989362,,0,0.000373,35,0.000007,0,1,1,0,1,1
26959740,,0,0.000525,72,0.000007,0,3,3,0,3,3
26691964,,0,0.000373,35,0.000007,0,1,1,0,1,1
26676753,,0,0.000373,35,0.000007,0,1,1,0,1,1
26673410,,0,0.000373,35,0.000007,0,1,1,0,1,1
26640589,,0,0.000373,35,0.000007,0,1,1,0,1,1
26604799,,0,0.000379,35,0.000007,0,2,2,0,2,2
26556877,,0,0.000379,35,0.000007,0,2,2,0,2,2
26455325,,0,0.000373,35,0.000007,0,1,1,0,1,1
26341640,,0,0.000799,35,0.000007,0,2,2,0,2,2
26269605,,0,0.000373,35,0.000007,0,1,1,0,1,1
26142905,,0,0.001375,35,0.000007,0,2,2,0,2,2
25970785,,0,0.000373,35,0.000007,0,1,1,0,1,1
25956579,,0,0.000378,5,0.000007,0,3,3,0,3,3
25774234,,0,0.000373,35,0.000007,0,1,1,0,1,1
25699542,,0,0.00137,35,0.000007,0,4,4,0,4,4
25674003,,0,0.000373,35,0.000007,0,1,1,0,1,1
25649765,,0,0.000373,35,0.000007,0,1,1,0,1,1
25456733,,0,0.000373,35,0.000007,0,1,1,0,1,1
25429827,,0,0.001027,35,0.000007,0,5,5,0,5,5
25410881,,0,0.000373,35,0.000007,0,1,1,0,1,1
25349739,,0,0.000456,35,0.000007,0,2,2,0,2,2
25268975,,0,0.000373,35,0.000007,0,1,1,0,1,1
25228818,,0,0.000373,35,0.000007,0,1,1,0,1,1
25120762,,0,0.000373,35,0.000007,0,1,1,0,1,1
24997502,,0,0.000737,35,0.000007,0,2,2,0,2,2
24982892,,0,0.000569,35,0.000007,0,3,3,0,3,3
24904064,,0,0.000373,35,0.000007,0,1,1,0,1,1
24861613,,0,0.000373,35,0.000007,0,1,1,0,1,1
24764583,,0,0.000373,35,0.000007,0,1,1,0,1,1
24649341,,0,0.000373,35,0.000007,0,1,1,0,1,1
24620909,,0,0.000794,5,0.000007,0,5,5,0,5,5
24553191,,0,0.000373,35,0.000007,0,1,1,0,1,1
24527034,,0,0.000373,35,0.000007,0,1,1,0,1,1
24521674,,0,0.000438,5,0.000007,0,4,4,0,4,4
24396485,,0,0.000373,35,0.000007,0,1,1,0,1,1
24188694,,0,0.000646,35,0.000007,0,3,3,0,3,3
24158677,,0,0.000373,35,0.000007,0,1,1,0,1,1
24049294,,0,0.000373,35,0.000007,0,1,1,0,1,1
23943027,,0,0.000373,35,0.000007,0,1,1,0,1,1
23865076,,0,0.000373,35,0.000007,0,1,1,0,1,1
23686101,,0,0.001234,35,0.000007,0,5,5,0,5,5
23528130,,0,0.000373,35,0.000007,0,1,1,0,1,1
23440399,,0,0.000691,35,0.000007,0,2,2,0,2,2
23437271,,0,0.000373,35,0.000007,0,1,1,0,1,1
23430121,,0,0.001055,35,0.000007,0,3,3,0,3,3
23422757,,0,0.000373,35,0.000007,0,1,1,0,1,1
23170291,,0,0.000373,35,0.000007,0,1,1,0,1,1
23039971,,0,0.007982,1,0.000007,0,7,7,0,7,7
22893791,,0,0.011714,1,0.000007,0,11,11,0,11,11
22872785,,0,0.001163,35,0.000007,0,3,3,0,3,3
22652104,,0,0.000373,35,0.000007,0,1,1,0,1,1
22625227,,0,0.000373,35,0.000007,0,1,1,0,1,1
22553467,,0,0.000691,35,0.000007,0,2,2,0,2,2
22547108,,0,0.001118,35,0.000007,0,3,3,0,3,3
22510516,,0,0.00038,41,0.000007,0,2,2,0,2,2
22457730,,0,0.000882,35,0.000007,0,3,3,0,3,3
22252842,,0,0.000373,35,0.000007,0,1,1,0,1,1
22214534,,0,0.000529,35,0.000007,0,3,3,0,3,3
22020211,,0,0.000691,35,0.000007,0,2,2,0,2,2
21792311,,0,0.000373,35,0.000007,0,1,1,0,1,1
21687939,,0,0.011557,1,0.000007,0,6,6,0,6,6
21670451,,0,0.000748,35,0.000007,0,3,3,0,3,3
21632501,,0,0.000563,35,0.000007,0,2,2,0,2,2
20862660,,0,0.000691,35,0.000007,0,2,2,0,2,2
20552555,,0,0.000877,35,0.000007,0,4,4,0,4,4
20119576,,0,0.000373,35,0.000007,0,1,1,0,1,1
19534825,,0,0.000799,35,0.000007,0,2,2,0,2,2
19513078,,0,0.000691,35,0.000007,0,3,3,0,3,3
19483170,,0,0.001145,24,0.000007,0,4,4,0,4,4
19308677,,0,0.000373,35,0.000007,0,1,1,0,1,1
19156929,,0,0.000799,35,0.000007,0,2,2,0,2,2
19150943,,0,0.000373,35,0.000007,0,1,1,0,1,1
19064545,,0,0.000373,35,0.000007,0,1,1,0,1,1
17976237,,0,0.000373,35,0.000007,0,1,1,0,1,1
17117391,,0.026142,0,69,0.000409,221,0,221,221,0,221
29996940,,0,0.000498,69,0.000007,0,1,1,0,1,1
29472315,,0,0.000498,69,0.000007,0,1,1,0,1,1
29435290,,0,0.00051,69,0.000007,0,2,2,0,2,2
29362616,,0,0.000498,69,0.000007,0,1,1,0,1,1
29203668,,0,0.000826,69,0.000007,0,3,3,0,3,3
29108226,,0,0.000498,69,0.000007,0,1,1,0,1,1
28784174,,0,0.008256,69,0.000007,0,3,3,0,3,3
28623900,,0,0.00081,69,0.000007,0,3,3,0,3,3
28435327,,0,0.000917,69,0.000007,0,11,11,0,11,11
28262727,,0,0.000498,69,0.000007,0,1,1,0,1,1
27840695,,0,0.008029,1,0.000007,0,4,4,0,4,4
27602775,,0,0.008395,69,0.000007,0,5,5,0,5,5
27499892,,0,0.007934,69,0.000007,0,2,2,0,2,2
27492892,,0.000555,0.008377,69,0.00003,7,5,12,7,5,12
27478834,,0,0.007934,69,0.000007,0,2,2,0,2,2
27421040,,0,0.007985,69,0.000007,0,3,3,0,3,3
27258067,,0,0.000598,69,0.000007,0,2,2,0,2,2
26678910,,0,0.000498,69,0.000007,0,1,1,0,1,1
26175151,,0,0.000498,69,0.000007,0,1,1,0,1,1
26015570,,0,0.008256,69,0.000007,0,3,3,0,3,3
25886299,,0,0.00832,69,0.000007,0,5,5,0,5,5
25736327,,0,0.000809,69,0.000007,0,2,2,0,2,2
25556618,,0,0.007934,69,0.000007,0,2,2,0,2,2
25294912,,0,0.000809,69,0.000007,0,2,2,0,2,2
25285014,,0,0.000498,69,0.000007,0,1,1,0,1,1
25135607,,0,0.001384,69,0.000007,0,8,8,0,8,8
24997727,,0,0.000506,184,0.000007,0,2,2,0,2,2
24675677,,0,0.007934,69,0.000007,0,2,2,0,2,2
24662919,,0,0.000545,69,0.000007,0,2,2,0,2,2
24371614,,0,0.000498,69,0.000007,0,1,1,0,1,1
24009024,,0,0.000965,35,0.000007,0,2,2,0,2,2
23850493,,0,0.000517,69,0.000007,0,2,2,0,2,2
23558892,,0,0.000538,69,0.000007,0,2,2,0,2,2
23236518,,0,0.000726,69,0.000007,0,2,2,0,2,2
22990650,,0,0.000511,69,0.000007,0,2,2,0,2,2
22892598,,0,0.000822,69,0.000007,0,4,4,0,4,4
22592533,,0,0.000936,69,0.000007,0,4,4,0,4,4
22457351,,0,0.000498,69,0.000007,0,1,1,0,1,1
22396450,,0,0.008161,69,0.000007,0,6,6,0,6,6
22284433,,0,0.000498,69,0.000007,0,1,1,0,1,1
22201900,,0,0.001057,69,0.000007,0,4,4,0,4,4
21990067,,0,0.008606,69,0.000007,0,6,6,0,6,6
21683992,,0,0.000991,69,0.000007,0,7,7,0,7,7
21423204,,0,0.000662,69,0.000007,0,3,3,0,3,3
21390237,,0,0.000498,69,0.000007,0,1,1,0,1,1
20565760,,0,0.000498,69,0.000007,0,1,1,0,1,1
20036708,,0,0.000498,69,0.000007,0,1,1,0,1,1
20016289,,0,0.000631,69,0.000007,0,2,2,0,2,2
19903070,,0,0.00083,69,0.000007,0,3,3,0,3,3
19435786,,0,0.000726,69,0.000007,0,2,2,0,2,2
19294001,,0,0.000776,69,0.000007,0,4,4,0,4,4
17119064,,0.001181,0,5,0.000016,11,0,11,11,0,11
17131039,,0.000115,0,89,0.000009,2,0,2,2,0,2
17137007,,0,0,48,0.000016,2,0,2,2,0,2
22966059,,0,0,48,0.000007,0,1,1,0,1,1
20188837,,0,0.000043,100,0.000007,0,2,2,0,2,2
20061189,,0,0.000031,100,0.000007,0,1,1,0,1,1
17145824,,0.000557,0,5,0.00001,5,0,5,5,0,5
17145825,,0.000735,0,100,0.000018,7,0,7,7,0,7
17325707,,0,0.000014,100,0.000007,0,1,1,0,1,1
17146760,,0.000921,0,2,0.000064,20,0,20,20,0,20
25136351,,0,0.000018,2,0.000007,0,1,1,0,1,1
17148771,,0.028698,0,5,0.001278,141,0,141,141,0,141
28754795,,0,0.000554,205,0.000007,0,2,2,0,2,2
27446417,,0.000017,0.000723,89,0.000014,2,12,14,2,12,14
26986846,,0,0.000547,5,0.000007,0,1,1,0,1,1
26540154,,0,0.000832,5,0.000007,0,3,3,0,3,3
26483394,,0.001115,0.000803,205,0.000032,18,5,23,18,5,23
25479908,,0,0.000686,205,0.000007,0,3,3,0,3,3
23490543,,0,0.000547,5,0.000007,0,1,1,0,1,1
21318181,,0,0.000651,1,0.000007,0,2,2,0,2,2
18443266,,0,0.000547,5,0.000007,0,1,1,0,1,1
17151928,,0.000029,0,89,0.000022,5,0,5,5,0,5
28892047,,0,0.000003,89,0.000007,0,2,2,0,2,2
19706843,,0,0.000001,89,0.000007,0,1,1,0,1,1
29212204,,0,0.007483,87,0.000007,0,3,3,0,3,3
28817737,,0,0.000391,87,0.000007,0,4,4,0,4,4
28427212,,0,0.000067,87,0.000007,0,2,2,0,2,2
27512948,,0,0.000534,87,0.000007,0,4,4,0,4,4
26379447,,0,0.000347,87,0.000007,0,5,5,0,5,5
26137258,,0,0.000058,87,0.000007,0,2,2,0,2,2
22863309,,0,0.000067,87,0.000007,0,2,2,0,2,2
21346144,,0,0.00004,87,0.000007,0,1,1,0,1,1
20203220,,0,0.000041,66,0.000007,0,2,2,0,2,2
19524285,,0,0.00004,87,0.000007,0,1,1,0,1,1
18366689,,0,0.00004,87,0.000007,0,1,1,0,1,1
17159191,,0.002503,0,5,0.000028,20,0,20,20,0,20
19644723,,0,0.000096,5,0.000007,0,3,3,0,3,3
24324553,,0,0.000006,100,0.000007,0,1,1,0,1,1
25793000,,0,0,144,0.000007,0,1,1,0,1,1
17162713,,0,0,144,0.000019,2,0,2,2,0,2
17570166,,0,0,144,0.000007,0,1,1,0,1,1
24393457,,0,0,145,0.000007,0,1,1,0,1,1
17163520,,0,0,145,0.000025,3,0,3,3,0,3
24013907,,0,0,145,0.000007,0,1,1,0,1,1
21358982,,0,0,145,0.000007,0,1,1,0,1,1
29875617,,0,0.000039,5,0.000007,0,6,6,0,6,6
17163862,,0.000292,0,5,0.000043,17,0,17,17,0,17
28664217,,0,0.000006,5,0.000007,0,1,1,0,1,1
27140840,,0,0.000006,5,0.000007,0,1,1,0,1,1
25620752,,0,0.000006,5,0.000007,0,3,3,0,3,3
23227107,,0,0.000006,5,0.000007,0,1,1,0,1,1
21054442,,0,0.000006,5,0.000007,0,1,1,0,1,1
28356161,,0,0.000003,57,0.000007,0,2,2,0,2,2
28289900,,0,0,279,0.000007,0,2,2,0,2,2
25401976,,0,0.000387,279,0.000007,0,3,3,0,3,3
24834308,,0,0,279,0.000007,0,1,1,0,1,1
19434452,,0,0,279,0.000007,0,1,1,0,1,1
17171685,,0.000116,0,35,0.00002,7,0,7,7,0,7
17172419,,0.000741,0,100,0.000015,6,0,6,6,0,6
19938810,,0,0.000026,100,0.000007,0,2,2,0,2,2
17172936,,0,0,5,0.000009,1,0,1,1,0,1
17174087,,0.001223,0,89,0.000014,9,0,9,9,0,9
17185394,,0.000539,0,100,0.000031,9,0,9,9,0,9
23973222,,0,0.00001,100,0.000007,0,1,1,0,1,1
18497858,,0,0.00001,100,0.000007,0,1,1,0,1,1
17381827,,0,0.000028,5,0.000007,0,1,1,0,1,1
17196508,,0.005138,0,5,0.000048,40,0,40,40,0,40
29290361,,0,0.000126,5,0.000007,0,2,2,0,2,2
23853619,,0,0.000098,5,0.000007,0,1,1,0,1,1
20474068,,0,0.000098,5,0.000007,0,1,1,0,1,1
29471435,,0,0.000125,35,0.000007,0,1,1,0,1,1
17197928,,0.006572,0,35,0.000085,36,0,36,36,0,36
27666519,,0,0.000726,35,0.000007,0,6,6,0,6,6
17203892,,0.000159,0,89,0.000007,2,0,2,2,0,2
17204044,,0.000227,0,5,0.000028,19,0,19,19,0,19
26479564,,0,0.000007,5,0.000007,0,3,3,0,3,3
22958799,,0,0.000004,5,0.000007,0,1,1,0,1,1
17205501,,0.000456,0,205,0.000008,2,0,2,2,0,2
17210933,,0.001427,0,35,0.000025,15,0,15,15,0,15
26393191,,0,0.000027,35,0.000007,0,1,1,0,1,1
30190865,,0,0.000165,89,0.000007,0,1,1,0,1,1
30190834,,0,0.000466,367,0.000007,0,6,6,0,6,6
29855275,,0,0.005651,1,0.000007,0,8,8,0,8,8
28676659,,0.000012,0.003158,89,0.000008,1,12,13,1,12,13
28410213,,0,0.009584,89,0.000007,0,13,13,0,13,13
27488020,,0,0.008353,1,0.000007,0,4,4,0,4,4
25336561,,0.000451,0.00094,231,0.000019,7,7,14,7,7,14
20492709,,0,0.000165,89,0.000007,0,1,1,0,1,1
18709563,,0,0.000165,89,0.000007,0,1,1,0,1,1
17216544,,0.000117,0,89,0.000008,2,0,2,2,0,2
27660763,,0,0,35,0.000007,0,1,1,0,1,1
24678894,,0,0,35,0.000007,0,1,1,0,1,1
21223564,,0,0,35,0.000007,0,1,1,0,1,1
20727150,,0,0,35,0.000007,0,1,1,0,1,1
19615083,,0,0,35,0.000007,0,1,1,0,1,1
19383128,,0,0,35,0.000007,0,1,1,0,1,1
18463141,,0,0,35,0.000007,0,1,1,0,1,1
18366602,,0,0,35,0.000007,0,1,1,0,1,1
17217501,,0,0,35,0.000007,0,1,1,0,1,1
17217814,,0.000001,0,231,0.000009,2,0,2,2,0,2
17218844,,0.011921,0,69,0.000228,126,0,126,126,0,126
30095490,,0,0.000398,69,0.000007,0,3,3,0,3,3
29594039,,0,0.007735,69,0.000007,0,4,4,0,4,4
29524832,,0,0.000538,69,0.000007,0,2,2,0,2,2
29100356,,0,0.000501,69,0.000007,0,6,6,0,6,6
28179359,,0,0.000227,69,0.000007,0,1,1,0,1,1
27174921,,0,0.007663,69,0.000007,0,2,2,0,2,2
26735499,,0,0.007974,69,0.000007,0,3,3,0,3,3
25918438,,0,0.000366,69,0.000007,0,2,2,0,2,2
25623732,,0,0.00149,69,0.000007,0,5,5,0,5,5
25556333,,0,0.000262,69,0.000007,0,2,2,0,2,2
25342912,,0,0.000227,69,0.000007,0,1,1,0,1,1
25337548,,0,0.000259,69,0.000007,0,2,2,0,2,2
24559118,,0,0.000227,69,0.000007,0,1,1,0,1,1
24316306,,0,0.000628,69,0.000007,0,7,7,0,7,7
24145178,,0,0.000227,69,0.000007,0,1,1,0,1,1
24116117,,0,0.000227,69,0.000007,0,1,1,0,1,1
24018557,,0,0.007795,69,0.000007,0,3,3,0,3,3
23843947,,0,0.000227,69,0.000007,0,1,1,0,1,1
23737682,,0,0.000663,69,0.000007,0,6,6,0,6,6
23499052,,0,0.008168,108,0.000007,0,5,5,0,5,5
23390377,,0,0.007663,69,0.000007,0,2,2,0,2,2
23273547,,0,0.00776,69,0.000007,0,4,4,0,4,4
23089186,,0,0.000227,69,0.000007,0,1,1,0,1,1
22357760,,0,0.000343,69,0.000007,0,4,4,0,4,4
22155417,,0,0.000237,69,0.000007,0,2,2,0,2,2
22028712,,0,0.000267,69,0.000007,0,2,2,0,2,2
21750727,,0,0.000227,69,0.000007,0,1,1,0,1,1
21712801,,0,0.000227,69,0.000007,0,1,1,0,1,1
21541062,,0,0.000227,69,0.000007,0,1,1,0,1,1
20952655,,0,0.000597,69,0.000007,0,3,3,0,3,3
20570913,,0,0.000227,69,0.000007,0,1,1,0,1,1
20345848,,0,0.000275,69,0.000007,0,3,3,0,3,3
19032793,,0,0.000366,69,0.000007,0,2,2,0,2,2
17218848,,0.001047,0,5,0.000018,11,0,11,11,0,11
25411899,,0,0.000302,69,0.000007,0,3,3,0,3,3
23833535,,0,0.000062,5,0.000007,0,3,3,0,3,3
19390575,,0,0.000003,89,0.000007,0,1,1,0,1,1
17220331,,0.00025,0,279,0.000035,11,0,11,11,0,11
28781076,,0,0.000014,279,0.000007,0,2,2,0,2,2
25333845,,0,0.000005,279,0.000007,0,1,1,0,1,1
17220342,,0.000053,0,5,0.00001,4,0,4,4,0,4
27082877,,0,0,146,0.000007,0,1,1,0,1,1
17220345,,0,0,146,0.000019,2,0,2,2,0,2
21799329,,0,0,146,0.000007,0,1,1,0,1,1
17221156,,0.000896,0,89,0.00001,6,0,6,6,0,6
23226579,,0,0,147,0.000007,0,1,1,0,1,1
17223257,,0,0,147,0.000025,3,0,3,3,0,3
19826407,,0,0,147,0.000007,0,1,1,0,1,1
18997174,,0,0,147,0.000007,0,1,1,0,1,1
27903916,,0,0.0002,89,0.000007,0,3,3,0,3,3
17224268,,0.000486,0,89,0.000018,9,0,9,9,0,9
17225260,,0.000027,0,5,0.000043,12,0,12,12,0,12
28982813,,0,0.000001,5,0.000007,0,1,1,0,1,1
24612526,,0,0.000001,5,0.000007,0,1,1,0,1,1
20419561,,0,0.000003,5,0.000007,0,2,2,0,2,2
18451228,,0,0.000139,5,0.000007,0,2,2,0,2,2
30075571,,0,0.000016,24,0.000007,0,1,1,0,1,1
17229776,,0.000852,0,24,0.000296,73,0,73,73,0,73
30069452,,0,0.000016,24,0.000007,0,1,1,0,1,1
29732389,,0,0.000056,24,0.000007,0,2,2,0,2,2
29556919,,0,0.000016,24,0.000007,0,1,1,0,1,1
29373959,,0,0.000066,41,0.000007,0,4,4,0,4,4
29354494,,0,0.00004,24,0.000007,0,3,3,0,3,3
29330293,,0,0.000016,24,0.000007,0,1,1,0,1,1
28489738,,0,0.000056,24,0.000007,0,2,2,0,2,2
28346378,,0,0.001487,1,0.000007,0,7,7,0,7,7
28137924,,0,0.00005,24,0.000007,0,3,3,0,3,3
27626805,,0,0.000016,24,0.000007,0,1,1,0,1,1
27387303,,0,0.000016,24,0.000007,0,1,1,0,1,1
27187160,,0,0.000057,24,0.000007,0,3,3,0,3,3
27150640,,0,0.000016,24,0.000007,0,1,1,0,1,1
27111033,,0,0.007843,24,0.000007,0,4,4,0,4,4
26788175,,0,0.000016,24,0.000007,0,1,1,0,1,1
26770441,,0,0.000016,24,0.000007,0,1,1,0,1,1
26614030,,0,0.000016,24,0.000007,0,1,1,0,1,1
26456754,,0,0.000016,24,0.000007,0,1,1,0,1,1
26430392,,0,0.000297,24,0.000007,0,3,3,0,3,3
26200905,,0,0.000016,24,0.000007,0,1,1,0,1,1
26161376,,0,0.000257,24,0.000007,0,2,2,0,2,2
26087959,,0,0.000056,24,0.000007,0,2,2,0,2,2
26085855,,0,0.000021,24,0.000007,0,2,2,0,2,2
26031756,,0,0.000016,24,0.000007,0,1,1,0,1,1
25746942,,0,0.000016,24,0.000007,0,1,1,0,1,1
25648269,,0,0.000016,24,0.000007,0,1,1,0,1,1
25375151,,0,0.000017,24,0.000007,0,3,3,0,3,3
25374904,,0,0.000016,24,0.000007,0,1,1,0,1,1
25175730,,0,0.000016,24,0.000007,0,1,1,0,1,1
24772321,,0,0.000017,24,0.000007,0,2,2,0,2,2
24649183,,0,0.000257,24,0.000007,0,2,2,0,2,2
24354468,,0,0.000056,24,0.000007,0,2,2,0,2,2
23981850,,0,0.000129,24,0.000007,0,3,3,0,3,3
23684781,,0,0.000016,24,0.000007,0,1,1,0,1,1
23411591,,0,0.000016,24,0.000007,0,1,1,0,1,1
23390417,,0,0.000018,24,0.000007,0,2,2,0,2,2
23272099,,0,0.000016,24,0.000007,0,1,1,0,1,1
23259415,,0,0.000016,24,0.000007,0,1,1,0,1,1
23253220,,0,0.000016,24,0.000007,0,1,1,0,1,1
23209813,,0,0.000016,24,0.000007,0,1,1,0,1,1
23095216,,0,0.000016,24,0.000007,0,1,1,0,1,1
22969896,,0,0.000016,24,0.000007,0,1,1,0,1,1
22941649,,0,0.000059,24,0.000007,0,2,2,0,2,2
22807952,,0,0.000056,24,0.000007,0,2,2,0,2,2
22616552,,0,0.000016,24,0.000007,0,1,1,0,1,1
22367511,,0,0.000016,24,0.000007,0,1,1,0,1,1
22110495,,0,0.000016,24,0.000007,0,1,1,0,1,1
21814055,,0,0.000124,24,0.000007,0,4,4,0,4,4
21792316,,0,0.000016,24,0.000007,0,1,1,0,1,1
21789112,,0,0.000016,24,0.000007,0,1,1,0,1,1
21723790,,0,0.000044,24,0.000007,0,3,3,0,3,3
21110758,,0,0.000016,24,0.000007,0,1,1,0,1,1
20689757,,0,0.000016,24,0.000007,0,1,1,0,1,1
20438561,,0,0.000016,24,0.000007,0,2,2,0,2,2
19641314,,0,0.000016,24,0.000007,0,1,1,0,1,1
19009659,,0,0.00002,24,0.000007,0,2,2,0,2,2
18483312,,0,0.000016,24,0.000007,0,1,1,0,1,1
30201872,,0,0.000236,100,0.000007,0,7,7,0,7,7
17229870,,0.000647,0,100,0.000033,13,0,13,13,0,13
29932172,,0,0.000031,35,0.000007,0,6,6,0,6,6
22726691,,0,0.000012,100,0.000007,0,1,1,0,1,1
20160945,,0,0.000012,100,0.000007,0,1,1,0,1,1
30273377,,0,0.000002,35,0.000007,0,1,1,0,1,1
26511608,,0,0.000037,35,0.000007,0,5,5,0,5,5
25815289,,0,0.000002,35,0.000007,0,1,1,0,1,1
25680981,,0,0.000002,35,0.000007,0,1,1,0,1,1
24131926,,0,0.000072,35,0.000007,0,2,2,0,2,2
23328888,,0,0.000002,35,0.000007,0,1,1,0,1,1
23318435,,0,0.000002,35,0.000007,0,1,1,0,1,1
23284978,,0,0.000002,35,0.000007,0,1,1,0,1,1
23168266,,0,0.000027,279,0.000007,0,4,4,0,4,4
22956502,,0,0.00054,35,0.000007,0,2,2,0,2,2
21479230,,0,0.000002,35,0.000007,0,1,1,0,1,1
19938341,,0,0.000002,35,0.000007,0,1,1,0,1,1
19783927,,0,0.000002,35,0.000007,0,1,1,0,1,1
19773443,,0,0.000002,35,0.000007,0,1,1,0,1,1
19664271,,0,0.000002,35,0.000007,0,1,1,0,1,1
19531005,,0,0.000002,35,0.000007,0,1,1,0,1,1
19509227,,0,0.000002,35,0.000007,0,1,1,0,1,1
19474297,,0,0.000002,35,0.000007,0,1,1,0,1,1
18673568,,0,0.000002,35,0.000007,0,1,1,0,1,1
18472962,,0,0.000002,35,0.000007,0,1,1,0,1,1
18077721,,0,0.000002,35,0.000007,0,1,1,0,1,1
17873346,,0,0.000002,35,0.000007,0,1,1,0,1,1
18475319,,0,0,148,0.000007,0,1,1,0,1,1
17234271,,0,0,148,0.000013,1,0,1,1,0,1
30279450,,0,0.000009,35,0.000007,0,1,1,0,1,1
17234757,,0.000458,0,35,0.000149,28,0,28,28,0,28
28455412,,0,0.000009,35,0.000007,0,1,1,0,1,1
27681615,,0,0.000919,35,0.000007,0,4,4,0,4,4
25057352,,0,0.000011,35,0.000007,0,2,2,0,2,2
25056574,,0,0.000071,35,0.000007,0,2,2,0,2,2
24966803,,0,0.000009,35,0.000007,0,1,1,0,1,1
24498263,,0,0.000009,35,0.000007,0,1,1,0,1,1
24205211,,0,0.000009,35,0.000007,0,1,1,0,1,1
23835213,,0,0.000009,35,0.000007,0,1,1,0,1,1
23449450,,0,0.000674,35,0.000007,0,3,3,0,3,3
22580387,,0,0.000009,35,0.000007,0,1,1,0,1,1
22297445,,0,0.000009,35,0.000007,0,1,1,0,1,1
22253899,,0,0.000009,35,0.000007,0,1,1,0,1,1
21274370,,0,0.000009,35,0.000007,0,1,1,0,1,1
21266845,,0,0.000009,35,0.000007,0,1,1,0,1,1
20179202,,0,0.000009,35,0.000007,0,1,1,0,1,1
19164602,,0,0.000009,35,0.000007,0,1,1,0,1,1
18817556,,0,0.000009,35,0.000007,0,1,1,0,1,1
18799194,,0,0.000009,35,0.000007,0,1,1,0,1,1
18292212,,0,0.000009,35,0.000007,0,1,1,0,1,1
17235045,,0.001043,0,5,0.00002,13,0,13,13,0,13
21765195,,0,0.001112,5,0.000007,0,8,8,0,8,8
20658357,,0,0.00002,5,0.000007,0,1,1,0,1,1
17235212,,0.000035,0,5,0.00001,2,0,2,2,0,2
27528600,,0,0.000001,5,0.000007,0,2,2,0,2,2
23017167,,0,0,149,0.000007,0,1,1,0,1,1
17238429,,0,0,149,0.000013,1,0,1,1,0,1
17243094,,0.0003,0,89,0.000023,6,0,6,6,0,6
22827772,,0,0.000006,89,0.000007,0,1,1,0,1,1
20445804,,0,0.000006,89,0.000007,0,1,1,0,1,1
17244477,,0.001607,0,248,0.000028,11,0,11,11,0,11
24565027,,0,0.000031,248,0.000007,0,1,1,0,1,1
20946618,,0,0.000031,248,0.000007,0,1,1,0,1,1
29736009,,0,0.000042,5,0.000007,0,4,4,0,4,4
17244718,,0.001292,0,5,0.000084,47,0,47,47,0,47
28655029,,0,0.000122,5,0.000007,0,3,3,0,3,3
28371110,,0,0.00004,5,0.000007,0,2,2,0,2,2
24029631,,0,0.000058,5,0.000007,0,2,2,0,2,2
23979106,,0,0.000025,204,0.000007,0,2,2,0,2,2
21978062,,0,0.000025,5,0.000007,0,1,1,0,1,1
19671027,,0,0.000025,5,0.000007,0,1,1,0,1,1
18838852,,0,0.000025,5,0.000007,0,1,1,0,1,1
17245541,,0.000719,0,5,0.000016,11,0,11,11,0,11
20870734,,0,0.000249,5,0.000007,0,5,5,0,5,5
17250666,,0.00134,0,89,0.000017,13,0,13,13,0,13
17253935,,0.000118,0,279,0.000021,4,0,4,4,0,4
19671196,,0,0.000002,279,0.000007,0,1,1,0,1,1
26546117,,0,0.00002,198,0.000007,0,1,1,0,1,1
17255289,,0.001068,0,198,0.000032,10,0,10,10,0,10
24131968,,0,0.000021,198,0.000007,0,2,2,0,2,2
23860520,,0,0.00002,198,0.000007,0,1,1,0,1,1
23355100,,0,0.000954,198,0.000007,0,7,7,0,7,7
18990749,,0,0.00002,198,0.000007,0,1,1,0,1,1
17257844,,0.006004,0,35,0.000033,33,0,33,33,0,33
25452756,,0,0.000114,35,0.000007,0,1,1,0,1,1
17258685,,0.000075,0,89,0.000007,1,0,1,1,0,1
17259345,,0.008487,0,1,0.000089,40,0,40,40,0,40
27672210,,0,0.00068,100,0.000007,0,4,4,0,4,4
26215403,,0,0.000162,1,0.000007,0,1,1,0,1,1
26050922,,0,0.008004,69,0.000007,0,4,4,0,4,4
25230021,,0,0.00792,69,0.000007,0,3,3,0,3,3
23010348,,0,0.014257,1,0.000007,0,3,3,0,3,3
22531354,,0,0.007598,69,0.000007,0,2,2,0,2,2
21479160,,0,0.000162,1,0.000007,0,1,1,0,1,1
20157480,,0,0.000162,1,0.000007,0,1,1,0,1,1
26155296,,0,0.000012,5,0.000007,0,1,1,0,1,1
17260493,,0.000654,0,5,0.000022,7,0,7,7,0,7
21971137,,0,0.000012,5,0.000007,0,1,1,0,1,1
27643873,,0,0.000001,90,0.000007,0,1,1,0,1,1
17261753,,0.000057,0,90,0.00014,29,0,29,29,0,29
27456846,,0,0.000009,90,0.000007,0,2,2,0,2,2
26091908,,0,0.000001,90,0.000007,0,1,1,0,1,1
25861393,,0,0.000001,90,0.000007,0,1,1,0,1,1
25858591,,0,0.000001,90,0.000007,0,1,1,0,1,1
25322458,,0,0.000012,241,0.000007,0,7,7,0,7,7
24746835,,0,0.000004,90,0.000007,0,2,2,0,2,2
24600293,,0,0.000001,90,0.000007,0,1,1,0,1,1
24532474,,0,0.000027,241,0.000007,0,6,6,0,6,6
24114450,,0,0.000005,90,0.000007,0,2,2,0,2,2
23771522,,0,0.000009,90,0.000007,0,3,3,0,3,3
23744968,,0,0.000005,241,0.000007,0,3,3,0,3,3
23409006,,0,0.000001,90,0.000007,0,1,1,0,1,1
22403677,,0,0.000001,90,0.000007,0,1,1,0,1,1
22166249,,0,0.000001,90,0.000007,0,1,1,0,1,1
21484161,,0,0.000001,90,0.000007,0,1,1,0,1,1
20554748,,0,0.000005,90,0.000007,0,2,2,0,2,2
20435547,,0,0.000001,90,0.000007,0,1,1,0,1,1
20157770,,0,0.000001,90,0.000007,0,1,1,0,1,1
19690203,,0,0.000001,90,0.000007,0,1,1,0,1,1
19446081,,0,0.000001,90,0.000007,0,1,1,0,1,1
18221504,,0,0.000001,90,0.000007,0,1,1,0,1,1
28258163,,0,0.000002,35,0.000007,0,1,1,0,1,1
17261763,,0.000092,0,35,0.000058,11,0,11,11,0,11
24078029,,0,0.000002,35,0.000007,0,1,1,0,1,1
23840656,,0,0.000002,35,0.000007,0,1,1,0,1,1
22251451,,0,0.000002,35,0.000007,0,1,1,0,1,1
19749156,,0,0.000002,35,0.000007,0,1,1,0,1,1
18837047,,0,0.000002,35,0.000007,0,1,1,0,1,1
18220739,,0,0.000002,35,0.000007,0,1,1,0,1,1
17262179,,0.001555,0,140,0.000016,9,0,9,9,0,9
22867051,,0,0.00003,140,0.000007,0,1,1,0,1,1
27999208,,0,0.000023,279,0.000007,0,4,4,0,4,4
17264521,,0.000002,0,279,0.000024,5,0,5,5,0,5
24281040,,0,0,279,0.000007,0,1,1,0,1,1
21150883,,0,0,279,0.000007,0,1,1,0,1,1
17268350,,0.000001,0,24,0.000008,1,0,1,1,0,1
17276533,,0.000004,0,176,0.000083,14,0,14,14,0,14
27326217,,0,0,176,0.000007,0,1,1,0,1,1
25834609,,0,0,176,0.000007,0,1,1,0,1,1
25114857,,0,0,176,0.000007,0,1,1,0,1,1
23704776,,0,0,176,0.000007,0,1,1,0,1,1
23579208,,0,0,176,0.000007,0,1,1,0,1,1
23440165,,0,0,176,0.000007,0,1,1,0,1,1
23021709,,0,0,176,0.000007,0,1,1,0,1,1
22361634,,0,0,176,0.000007,0,1,1,0,1,1
22149958,,0,0,176,0.000007,0,1,1,0,1,1
19603028,,0,0,176,0.000007,0,1,1,0,1,1
19337441,,0,0,176,0.000007,0,1,1,0,1,1
18053196,,0,0,176,0.000007,0,1,1,0,1,1
17278098,,0.000115,0,90,0.00007,15,0,15,15,0,15
30048472,,0,0.000002,90,0.000007,0,1,1,0,1,1
29020102,,0,0.000002,90,0.000007,0,1,1,0,1,1
28910283,,0,0.00006,90,0.000007,0,2,2,0,2,2
28625849,,0,0.000002,90,0.000007,0,1,1,0,1,1
25921264,,0,0.000002,90,0.000007,0,1,1,0,1,1
25876765,,0,0.000002,90,0.000007,0,1,1,0,1,1
24886454,,0,0.000002,90,0.000007,0,1,1,0,1,1
23447694,,0,0.000002,90,0.000007,0,1,1,0,1,1
23322772,,0,0.000002,90,0.000007,0,1,1,0,1,1
17279547,,0.001373,0,140,0.00004,17,0,17,17,0,17
17283126,,0.001795,0,100,0.000027,12,0,12,12,0,12
24286369,,0,0.00653,231,0.000007,0,19,19,0,19,19
22460301,,0,0.000044,5,0.000007,0,4,4,0,4,4
17287723,,0.015847,0,100,0.00027,135,0,135,135,0,135
29522266,,0.000025,0.000876,205,0.000007,1,12,13,1,12,13
29158857,,0,0.000358,140,0.000007,0,4,4,0,4,4
29026209,,0,0.000302,100,0.000007,0,1,1,0,1,1
28413668,,0,0.002937,100,0.000007,0,20,20,0,20,20
28158555,,0,0.002175,100,0.000007,0,10,10,0,10,10
27655433,,0,0.001061,100,0.000007,0,9,9,0,9,9
27113759,,0,0.002382,100,0.000007,0,10,10,0,10,10
26283626,,0.000212,0.001429,100,0.00001,6,24,30,6,24,30
25636233,,0.00019,0.003039,100,0.000008,4,28,32,4,28,32
25575445,,0.000172,0.000628,100,0.000016,5,9,14,5,9,14
24949998,,0,0.001011,100,0.000007,0,15,15,0,15,15
23977390,,0.000255,0.000897,100,0.000015,7,12,19,7,12,19
22581838,,0,0.000589,100,0.000007,0,6,6,0,6,6
22331464,,0.001854,0.002397,100,0.000171,44,8,52,44,8,52
22193777,,0,0.001997,100,0.000007,0,6,6,0,6,6
22166947,,0.001689,0.000578,205,0.000029,18,6,24,18,6,24
17288454,,0.00086,0,41,0.000079,15,0,15,15,0,15
24810398,,0,0.000016,41,0.000007,0,1,1,0,1,1
24615810,,0,0.000016,41,0.000007,0,1,1,0,1,1
23961697,,0,0.000016,41,0.000007,0,1,1,0,1,1
22902614,,0,0.000016,41,0.000007,0,1,1,0,1,1
22309170,,0,0.000016,41,0.000007,0,1,1,0,1,1
22103478,,0,0.000016,41,0.000007,0,1,1,0,1,1
18992371,,0,0.000016,41,0.000007,0,1,1,0,1,1
18774780,,0,0.000016,41,0.000007,0,1,1,0,1,1
18714297,,0,0.000016,41,0.000007,0,1,1,0,1,1
18495558,,0,0.000016,41,0.000007,0,1,1,0,1,1
17289874,,0.00255,0,24,0.000062,25,0,25,25,0,25
29891014,,0,0.000148,24,0.000007,0,5,5,0,5,5
29034516,,0,0.000049,24,0.000007,0,1,1,0,1,1
28476633,,0,0.000049,24,0.000007,0,1,1,0,1,1
26918347,,0,0.000053,100,0.000007,0,3,3,0,3,3
26290630,,0,0.000376,69,0.000007,0,5,5,0,5,5
25185530,,0,0.000123,24,0.000007,0,2,2,0,2,2
20460540,,0,0.000049,24,0.000007,0,1,1,0,1,1
30051686,,0,0.000276,100,0.000007,0,1,1,0,1,1
17292821,,0.01445,0,100,0.000327,133,0,133,133,0,133
30048520,,0,0.000276,100,0.000007,0,1,1,0,1,1
29329304,,0,0.000276,100,0.000007,0,1,1,0,1,1
29143133,,0,0.000613,24,0.000007,0,6,6,0,6,6
28424414,,0,0.000443,279,0.000007,0,3,3,0,3,3
28279176,,0,0.001233,100,0.000007,0,18,18,0,18,18
28176359,,0,0.000276,100,0.000007,0,1,1,0,1,1
27703839,,0,0.000276,100,0.000007,0,1,1,0,1,1
27350156,,0,0.000444,231,0.000007,0,4,4,0,4,4
26990300,,0,0.000276,100,0.000007,0,1,1,0,1,1
26950849,,0,0.000276,100,0.000007,0,1,1,0,1,1
25541596,,0,0.000482,100,0.000007,0,2,2,0,2,2
25538735,,0,0.000276,100,0.000007,0,1,1,0,1,1
25065727,,0,0.000276,100,0.000007,0,1,1,0,1,1
24849109,,0,0.000276,100,0.000007,0,1,1,0,1,1
24621682,,0,0.000276,100,0.000007,0,1,1,0,1,1
24481062,,0,0.000283,231,0.000007,0,2,2,0,2,2
24369795,,0,0.000276,100,0.000007,0,1,1,0,1,1
23968488,,0,0.000276,100,0.000007,0,1,1,0,1,1
23472073,,0,0.000276,100,0.000007,0,1,1,0,1,1
22781093,,0,0.000276,100,0.000007,0,1,1,0,1,1
22276120,,0,0.000276,100,0.000007,0,1,1,0,1,1
21912531,,0,0.0003,100,0.000007,0,2,2,0,2,2
21190461,,0,0.000276,100,0.000007,0,1,1,0,1,1
20965415,,0,0.004599,100,0.000007,0,15,15,0,15,15
20122219,,0,0.000276,100,0.000007,0,1,1,0,1,1
19847924,,0,0.000276,100,0.000007,0,1,1,0,1,1
18556351,,0,0.000276,100,0.000007,0,1,1,0,1,1
17296808,,0.006197,0,24,0.000121,33,0,33,33,0,33
29707260,,0,0.000118,24,0.000007,0,1,1,0,1,1
29290942,,0,0.000118,24,0.000007,0,1,1,0,1,1
28373672,,0,0.000118,24,0.000007,0,1,1,0,1,1
27364630,,0,0.000168,24,0.000007,0,2,2,0,2,2
22884756,,0,0.000118,24,0.000007,0,1,1,0,1,1
22859999,,0,0.000118,24,0.0001,16,2,18,16,2,18
18708404,,0,0.000118,24,0.000007,0,1,1,0,1,1
17301256,,0.000078,0,5,0.000018,6,0,6,6,0,6
20446031,,0,0.000001,5,0.000007,0,1,1,0,1,1
17301259,,0.00088,0,231,0.000027,15,0,15,15,0,15
18978339,,0,0.000223,100,0.000007,0,3,3,0,3,3
17302016,,0.000127,0,5,0.000011,2,0,2,2,0,2
27516935,,0,0.017862,1,0.000007,0,13,13,0,13,13
17302189,,0.001312,0,69,0.000107,28,0,28,28,0,28
26418751,,0,0.000025,69,0.000007,0,1,1,0,1,1
25642754,,0,0.000025,69,0.000007,0,1,1,0,1,1
25250314,,0,0.000025,69,0.000007,0,1,1,0,1,1
24252907,,0,0.000035,69,0.000007,0,2,2,0,2,2
23909069,,0,0.000025,69,0.000007,0,1,1,0,1,1
23591839,,0,0.007461,69,0.000007,0,2,2,0,2,2
22984370,,0,0.000035,69,0.000007,0,2,2,0,2,2
22948673,,0,0.000025,69,0.000007,0,1,1,0,1,1
22130973,,0,0.000025,69,0.000007,0,1,1,0,1,1
22112490,,0,0.000025,69,0.000007,0,1,1,0,1,1
21045830,,0,0.000025,69,0.000007,0,1,1,0,1,1
20483517,,0,0.000025,69,0.000007,0,1,1,0,1,1
20467042,,0,0.000035,69,0.000007,0,2,2,0,2,2
19162309,,0,0.000025,69,0.000007,0,1,1,0,1,1
18450971,,0,0.000025,69,0.000007,0,1,1,0,1,1
18093313,,0,0.000025,69,0.000007,0,1,1,0,1,1
24127939,,0,0.007846,231,0.000007,0,5,5,0,5,5
23793516,,0,0.000035,140,0.000007,0,1,1,0,1,1
22990389,,0,0.000035,140,0.000007,0,1,1,0,1,1
19381537,,0,0.000035,140,0.000007,0,1,1,0,1,1
19217386,,0,0.000035,140,0.000007,0,1,1,0,1,1
17307353,,0.007485,0,5,0.000062,42,0,42,42,0,42
29069766,,0,0.000143,5,0.000007,0,1,1,0,1,1
26442924,,0,0.000143,5,0.000007,0,1,1,0,1,1
20727204,,0,0.000143,5,0.000007,0,1,1,0,1,1
30090542,,0,0,150,0.000007,0,1,1,0,1,1
17307805,,0,0,150,0.000025,3,0,3,3,0,3
23249716,,0,0,150,0.000007,0,1,1,0,1,1
19642097,,0,0,150,0.000007,0,1,1,0,1,1
22622148,,0.000004,0.000282,246,0.000073,12,3,15,12,3,15
21577316,,0,0.000082,89,0.000007,0,1,1,0,1,1
26435059,,0,0.000093,140,0.000007,0,1,1,0,1,1
25400662,,0,0.000126,140,0.000007,0,2,2,0,2,2
23862152,,0,0.000126,140,0.000007,0,2,2,0,2,2
20625178,,0,0.000093,140,0.000007,0,1,1,0,1,1
19758473,,0,0.000093,140,0.000007,0,1,1,0,1,1
17309171,,0.000018,0,231,0.000008,1,0,1,1,0,1
17317184,,0.002273,0,5,0.000031,22,0,22,22,0,22
27581075,,0,0.000043,5,0.000007,0,1,1,0,1,1
23273269,,0,0.000043,5,0.000007,0,1,1,0,1,1
17318454,,0.000378,0,89,0.00002,10,0,10,10,0,10
21055462,,0,0.000007,89,0.000007,0,1,1,0,1,1
17319787,,0.000298,0,89,0.000007,2,0,2,2,0,2
17321670,,0.000899,0,100,0.000027,11,0,11,11,0,11
24737128,,0,0.000011,279,0.000007,0,2,2,0,2,2
21825015,,0,0.00001,279,0.000007,0,2,2,0,2,2
17328098,,0.000065,0,5,0.000027,10,0,10,10,0,10
25056939,,0,0.000001,5,0.000007,0,1,1,0,1,1
22826482,,0,0.000001,5,0.000007,0,1,1,0,1,1
17329194,,0.01669,0,35,0.000699,217,0,217,217,0,217
30258182,,0,0.000398,35,0.000007,0,3,3,0,3,3
30093655,,0,0.000318,35,0.000007,0,1,1,0,1,1
29950928,,0,0.000715,1,0.000007,0,3,3,0,3,3
29545725,,0,0.000682,35,0.000007,0,2,2,0,2,2
29527291,,0,0.000747,35,0.000007,0,3,3,0,3,3
29464067,,0,0.0007,69,0.000007,0,5,5,0,5,5
29330447,,0,0.000318,35,0.000007,0,1,1,0,1,1
29312562,,0,0.005474,1,0.000007,0,6,6,0,6,6
29301506,,0,0.000497,35,0.000007,0,2,2,0,2,2
29285039,,0,0.000318,35,0.000007,0,1,1,0,1,1
29093275,,0,0.000493,35,0.000007,0,2,2,0,2,2
29070080,,0,0.000318,35,0.000007,0,1,1,0,1,1
28993797,,0,0.000318,35,0.000007,0,1,1,0,1,1
28938657,,0,0.000333,35,0.000007,0,2,2,0,2,2
28903348,,0,0.000673,100,0.000007,0,2,2,0,2,2
28802099,,0,0.000339,82,0.000007,0,3,3,0,3,3
28720897,,0,0.000318,35,0.000007,0,1,1,0,1,1
28676662,,0,0.000318,35,0.000007,0,1,1,0,1,1
28670138,,0,0.000751,35,0.000007,0,3,3,0,3,3
28566333,,0,0.000318,35,0.000007,0,1,1,0,1,1
28280414,,0,0.000745,35,0.000007,0,2,2,0,2,2
28212434,,0,0.00099,1,0.000007,0,10,10,0,10,10
27901486,,0,0.000362,5,0.000007,0,2,2,0,2,2
27888707,,0,0.000493,35,0.000007,0,2,2,0,2,2
27851755,,0,0.000509,35,0.000007,0,2,2,0,2,2
27832067,,0,0.000525,35,0.000007,0,2,2,0,2,2
27821721,,0,0.000318,35,0.000007,0,1,1,0,1,1
27746584,,0,0.000524,35,0.000007,0,2,2,0,2,2
27737538,,0,0.000509,35,0.000007,0,2,2,0,2,2
27655695,,0,0.000758,35,0.000007,0,3,3,0,3,3
27483243,,0,0.000745,35,0.000007,0,3,3,0,3,3
27439908,,0,0.000318,35,0.000007,0,1,1,0,1,1
27374177,,0,0.000318,35,0.000007,0,1,1,0,1,1
27374081,,0,0.000383,35,0.000007,0,2,2,0,2,2
27313737,,0,0.000318,35,0.000007,0,1,1,0,1,1
27279507,,0,0.000318,35,0.000007,0,1,1,0,1,1
27259689,,0,0.000318,35,0.000007,0,1,1,0,1,1
27145494,,0,0.000418,35,0.000007,0,2,2,0,2,2
27075852,,0,0.00038,35,0.000007,0,3,3,0,3,3
27000769,,0,0.012135,1,0.000007,0,15,15,0,15,15
26919310,,0,0.000382,35,0.000007,0,2,2,0,2,2
26807319,,0,0.000364,35,0.000007,0,2,2,0,2,2
26788219,,0,0.001011,35,0.000007,0,2,2,0,2,2
26503059,,0,0.000318,35,0.000007,0,1,1,0,1,1
26448747,,0,0.000318,35,0.000007,0,1,1,0,1,1
26439989,,0,0.000684,35,0.000007,0,3,3,0,3,3
26158518,,0,0.000412,35,0.000007,0,3,3,0,3,3
26075237,,0,0.000318,35,0.000007,0,1,1,0,1,1
26005711,,0,0.000326,35,0.000007,0,3,3,0,3,3
25995754,,0,0.000339,1,0.000007,0,2,2,0,2,2
25964252,,0,0.000318,35,0.000007,0,1,1,0,1,1
25920936,,0,0.00045,35,0.000007,0,4,4,0,4,4
25778692,,0,0.000318,35,0.000007,0,1,1,0,1,1
25743260,,0,0.000691,35,0.000007,0,5,5,0,5,5
25680100,,0,0.000318,35,0.000007,0,1,1,0,1,1
25678856,,0,0.000391,35,0.000007,0,3,3,0,3,3
25660577,,0,0.000318,35,0.000007,0,1,1,0,1,1
25547174,,0,0.000772,35,0.000007,0,4,4,0,4,4
25368674,,0,0.000318,35,0.000007,0,1,1,0,1,1
25350956,,0,0.000673,100,0.000007,0,2,2,0,2,2
25267626,,0,0.000321,35,0.000007,0,2,2,0,2,2
25209360,,0,0.000318,35,0.000007,0,1,1,0,1,1
25153718,,0,0.000318,35,0.000007,0,1,1,0,1,1
25025175,,0,0.000681,35,0.000007,0,3,3,0,3,3
24945253,,0,0.000502,35,0.000007,0,3,3,0,3,3
24885022,,0,0.000318,35,0.000007,0,1,1,0,1,1
24678241,,0,0.0007,232,0.000007,0,3,3,0,3,3
24637719,,0,0.000318,35,0.000007,0,1,1,0,1,1
24402573,,0,0.0005,35,0.000007,0,3,3,0,3,3
24330581,,0,0.000318,35,0.000007,0,1,1,0,1,1
24294318,,0,0.000318,35,0.000007,0,1,1,0,1,1
24260469,,0,0.000783,35,0.000007,0,4,4,0,4,4
24248265,,0,0.000318,35,0.000007,0,1,1,0,1,1
24049312,,0,0.000318,35,0.000007,0,1,1,0,1,1
23959174,,0,0.000318,35,0.000007,0,1,1,0,1,1
23857602,,0,0.000689,57,0.000007,0,4,4,0,4,4
23555923,,0,0.000522,35,0.000007,0,4,4,0,4,4
23527547,,0,0.000318,35,0.000007,0,1,1,0,1,1
23342258,,0,0.000745,35,0.000007,0,2,2,0,2,2
23340795,,0,0.000509,35,0.000007,0,2,2,0,2,2
23283305,,0,0.000577,35,0.000007,0,2,2,0,2,2
23073510,,0,0.000318,35,0.000007,0,1,1,0,1,1
22934887,,0,0.000454,35,0.000007,0,3,3,0,3,3
22933945,,0,0.000539,35,0.000007,0,3,3,0,3,3
22933934,,0,0.000542,35,0.000007,0,3,3,0,3,3
22842551,,0,0.000318,35,0.000007,0,1,1,0,1,1
22812567,,0,0.000821,35,0.000007,0,3,3,0,3,3
22439831,,0,0.000434,35,0.000007,0,4,4,0,4,4
22436627,,0,0.000357,35,0.000007,0,3,3,0,3,3
22348099,,0,0.000325,41,0.000007,0,2,2,0,2,2
21935310,,0,0.000318,35,0.000007,0,1,1,0,1,1
21893353,,0,0.001108,35,0.000007,0,3,3,0,3,3
21834757,,0,0.001241,1,0.000007,0,3,3,0,3,3
21435243,,0,0.000321,90,0.000007,0,2,2,0,2,2
21289371,,0,0.000707,35,0.000007,0,3,3,0,3,3
21282354,,0,0.000318,35,0.000007,0,1,1,0,1,1
21092249,,0,0.000432,35,0.000007,0,2,2,0,2,2
21050423,,0,0.000318,35,0.000007,0,1,1,0,1,1
20738118,,0,0.000318,35,0.000007,0,1,1,0,1,1
20686660,,0,0.000318,35,0.000007,0,1,1,0,1,1
20616901,,0,0.000318,35,0.000007,0,1,1,0,1,1
20596302,,0,0.000384,35,0.000007,0,3,3,0,3,3
20520798,,0,0.000318,35,0.000007,0,1,1,0,1,1
20111893,,0,0.000682,35,0.000007,0,2,2,0,2,2
20107508,,0,0.001227,35,0.000007,0,4,4,0,4,4
19919059,,0,0.000318,35,0.000007,0,1,1,0,1,1
19762712,,0,0.000318,35,0.000007,0,1,1,0,1,1
19700750,,0,0.000682,35,0.000007,0,2,2,0,2,2
19620495,,0,0.000318,35,0.000007,0,1,1,0,1,1
19127253,,0,0.000318,35,0.000007,0,1,1,0,1,1
18664548,,0,0.000318,35,0.000007,0,1,1,0,1,1
18307763,,0,0.000318,35,0.000007,0,1,1,0,1,1
18304379,,0,0.000318,35,0.000007,0,1,1,0,1,1
17330926,,0.000151,0,184,0.000034,8,0,8,8,0,8
27449932,,0,0.000003,184,0.000007,0,1,1,0,1,1
22384431,,0,0.000003,184,0.000007,0,1,1,0,1,1
21927621,,0,0.000003,184,0.000007,0,1,1,0,1,1
20925967,,0,0.000003,184,0.000007,0,1,1,0,1,1
30200355,,0,0.000315,1,0.000007,0,1,1,0,1,1
17332279,,0.016504,0,1,0.000243,70,0,70,70,0,70
29620429,,0,0.000315,1,0.000007,0,1,1,0,1,1
27632933,,0,0.000905,1,0.000007,0,6,6,0,6,6
26492236,,0,0.007343,1,0.000007,0,5,5,0,5,5
25849309,,0,0.006975,1,0.000007,0,2,2,0,2,2
25835728,,0,0.000315,1,0.000007,0,1,1,0,1,1
25438813,,0,0.000315,1,0.000007,0,1,1,0,1,1
25018892,,0,0.000606,57,0.000007,0,2,2,0,2,2
24495907,,0,0.000315,1,0.000007,0,1,1,0,1,1
24293652,,0,0.000315,1,0.000007,0,1,1,0,1,1
24038812,,0,0.015931,1,0.000007,0,5,5,0,5,5
23729169,,0,0.000315,1,0.000007,0,1,1,0,1,1
23451039,,0,0.001531,1,0.000007,0,5,5,0,5,5
22496617,,0,0.016565,1,0.000007,0,7,7,0,7,7
22176891,,0,0.000315,1,0.000007,0,1,1,0,1,1
22122461,,0,0.000315,1,0.000007,0,1,1,0,1,1
21805646,,0,0.000315,1,0.000007,0,1,1,0,1,1
21328671,,0,0.00086,1,0.000007,0,2,2,0,2,2
21293287,,0,0.009306,1,0.000007,0,6,6,0,6,6
20967817,,0,0.00086,1,0.000007,0,2,2,0,2,2
20729391,,0,0.000315,1,0.000007,0,1,1,0,1,1
20046211,,0,0.000315,1,0.000007,0,1,1,0,1,1
19371326,,0,0.000315,1,0.000007,0,1,1,0,1,1
19364967,,0,0.000315,1,0.000007,0,1,1,0,1,1
19048252,,0,0.000636,35,0.000007,0,2,2,0,2,2
18202674,,0,0.000315,1,0.000007,0,1,1,0,1,1
17919258,,0,0.000315,1,0.000007,0,1,1,0,1,1
17333333,,0.000241,0,100,0.000008,3,0,3,3,0,3
17333338,,0.000083,0,231,0.00001,4,0,4,4,0,4
17333342,,0.000139,0,205,0.000008,2,0,2,2,0,2
17333343,,0.000756,0,89,0.000024,13,0,13,13,0,13
30241184,,0,0.000014,89,0.000007,0,1,1,0,1,1
29896316,,0,0.000038,69,0.000007,0,2,2,0,2,2
25641872,,0,0.00002,279,0.000007,0,4,4,0,4,4
24649208,,0,0.000079,89,0.000007,0,4,4,0,4,4
17333477,,0.001449,0,89,0.000011,12,0,12,12,0,12
30131941,,0,0.000013,35,0.000007,0,1,1,0,1,1
17334350,,0.000679,0,35,0.000344,66,0,66,66,0,66
29741610,,0,0.000013,35,0.000007,0,1,1,0,1,1
29373917,,0,0.000013,35,0.000007,0,1,1,0,1,1
29168602,,0,0.000013,35,0.000007,0,1,1,0,1,1
29138528,,0,0.000097,1,0.000007,0,7,7,0,7,7
28871147,,0,0.000013,35,0.000007,0,1,1,0,1,1
28674712,,0,0.000013,35,0.000007,0,1,1,0,1,1
28422735,,0,0.000013,35,0.000007,0,1,1,0,1,1
28388544,,0,0.000013,35,0.000007,0,1,1,0,1,1
28165048,,0,0.000482,108,0.000007,0,3,3,0,3,3
27415467,,0,0.000013,35,0.000007,0,1,1,0,1,1
26998109,,0,0.000013,35,0.000007,0,1,1,0,1,1
26984638,,0,0.000013,35,0.000007,0,1,1,0,1,1
26968398,,0,0.00127,35,0.000007,0,4,4,0,4,4
26885218,,0,0.000013,35,0.000007,0,1,1,0,1,1
26770236,,0,0.000013,35,0.000007,0,1,1,0,1,1
26580604,,0,0.000013,35,0.000007,0,1,1,0,1,1
26136768,,0,0.000013,35,0.000007,0,1,1,0,1,1
26040981,,0,0.000013,35,0.000007,0,1,1,0,1,1
26001828,,0,0.000013,35,0.000007,0,1,1,0,1,1
25982283,,0,0.000173,35,0.000007,0,2,2,0,2,2
25966983,,0,0.000013,35,0.000007,0,1,1,0,1,1
25941598,,0,0.000013,35,0.000007,0,1,1,0,1,1
25806221,,0,0.000013,24,0.000007,0,2,2,0,2,2
25414831,,0,0.000013,35,0.000007,0,1,1,0,1,1
25413305,,0,0.000013,35,0.000007,0,1,1,0,1,1
25408868,,0,0.000013,35,0.000007,0,1,1,0,1,1
25127259,,0,0.000013,35,0.000007,0,1,1,0,1,1
25025713,,0,0.000013,35,0.000007,0,1,1,0,1,1
25010701,,0,0.000013,35,0.000007,0,1,1,0,1,1
25006803,,0,0.000013,35,0.000007,0,1,1,0,1,1
24815864,,0,0.000013,35,0.000007,0,1,1,0,1,1
24736545,,0,0.000013,35,0.000007,0,1,1,0,1,1
24178749,,0,0.000334,35,0.000007,0,2,2,0,2,2
23960839,,0,0.000013,35,0.000007,0,1,1,0,1,1
23451179,,0,0.000013,35,0.000007,0,1,1,0,1,1
23416461,,0,0.000013,35,0.000007,0,1,1,0,1,1
23326489,,0,0.000013,35,0.000007,0,1,1,0,1,1
23301671,,0,0.000013,35,0.000007,0,1,1,0,1,1
23197999,,0,0.000013,35,0.000007,0,1,1,0,1,1
22912670,,0,0.000013,35,0.000007,0,1,1,0,1,1
22885405,,0,0.000013,35,0.000007,0,1,1,0,1,1
22837720,,0,0.000013,35,0.000007,0,1,1,0,1,1
22741033,,0,0.000013,35,0.000007,0,1,1,0,1,1
22561374,,0,0.000127,35,0.000007,0,3,3,0,3,3
22531638,,0,0.000013,35,0.000007,0,1,1,0,1,1
22493560,,0,0.000013,35,0.000007,0,1,1,0,1,1
22070920,,0,0.000013,35,0.000007,0,1,1,0,1,1
21787741,,0,0.000013,35,0.000007,0,1,1,0,1,1
21507930,,0,0.000013,35,0.000007,0,1,1,0,1,1
21468047,,0,0.000013,35,0.000007,0,1,1,0,1,1
21211035,,0,0.000013,35,0.000007,0,1,1,0,1,1
20937839,,0,0.000013,35,0.000007,0,1,1,0,1,1
20548776,,0,0.000013,35,0.000007,0,1,1,0,1,1
20126410,,0,0.000013,35,0.000007,0,1,1,0,1,1
19858489,,0,0.000013,35,0.000007,0,1,1,0,1,1
19221491,,0,0.000013,35,0.000007,0,1,1,0,1,1
19139263,,0,0.000013,35,0.000007,0,1,1,0,1,1
17909624,,0,0.000013,35,0.000007,0,1,1,0,1,1
28769576,,0,0.000009,90,0.000007,0,1,1,0,1,1
17334399,,0.000471,0,90,0.000059,11,0,11,11,0,11
27177166,,0,0.000009,90,0.000007,0,1,1,0,1,1
24474767,,0,0.000009,90,0.000007,0,1,1,0,1,1
21200143,,0,0.000009,90,0.000007,0,1,1,0,1,1
30185896,,0,0.000401,35,0.000007,0,3,3,0,3,3
17334996,,0.00145,0,35,0.000382,67,0,67,67,0,67
29739933,,0,0.000485,35,0.000007,0,3,3,0,3,3
29523072,,0,0.000028,35,0.000007,0,1,1,0,1,1
27147817,,0,0.000028,35,0.000007,0,1,1,0,1,1
26906175,,0,0.000028,35,0.000007,0,1,1,0,1,1
26498662,,0,0.000028,35,0.000007,0,1,1,0,1,1
26178983,,0,0.000028,35,0.000007,0,1,1,0,1,1
25970790,,0,0.000028,35,0.000007,0,1,1,0,1,1
25744294,,0,0.000028,35,0.000007,0,1,1,0,1,1
25573951,,0,0.000028,35,0.000007,0,1,1,0,1,1
25195596,,0,0.000028,35,0.000007,0,1,1,0,1,1
24885769,,0,0.000028,35,0.000007,0,1,1,0,1,1
24454535,,0,0.000579,41,0.000007,0,3,3,0,3,3
24337411,,0,0.000028,35,0.000007,0,1,1,0,1,1
24142875,,0,0.000028,35,0.000007,0,1,1,0,1,1
24127225,,0,0.000028,35,0.000007,0,1,1,0,1,1
23346408,,0,0.000028,35,0.000007,0,2,2,0,2,2
23342147,,0,0.000028,35,0.000007,0,1,1,0,1,1
23307622,,0,0.000028,35,0.000007,0,1,1,0,1,1
22992620,,0,0.000028,35,0.000007,0,1,1,0,1,1
22676229,,0,0.000028,35,0.000007,0,1,1,0,1,1
22242161,,0,0.000028,35,0.000007,0,1,1,0,1,1
22169037,,0,0.000154,35,0.000007,0,2,2,0,2,2
22066590,,0,0.000028,35,0.000007,0,1,1,0,1,1
21893191,,0,0.000028,35,0.000007,0,1,1,0,1,1
21467267,,0,0.000028,35,0.000007,0,1,1,0,1,1
21423728,,0,0.000028,35,0.000007,0,1,1,0,1,1
21247443,,0,0.000028,35,0.000007,0,1,1,0,1,1
21172654,,0,0.000028,35,0.000007,0,1,1,0,1,1
21131358,,0,0.000028,35,0.000007,0,1,1,0,1,1
20470445,,0,0.000028,35,0.000007,0,1,1,0,1,1
20421946,,0,0.000028,35,0.000007,0,1,1,0,1,1
20169162,,0,0.000028,35,0.000007,0,1,1,0,1,1
20154675,,0,0.000028,35,0.000007,0,1,1,0,1,1
19835627,,0,0.00004,90,0.000007,0,2,2,0,2,2
19619570,,0,0.000028,35,0.000007,0,1,1,0,1,1
19193248,,0,0.000028,35,0.000007,0,1,1,0,1,1
18840272,,0,0.000028,35,0.000007,0,1,1,0,1,1
18405350,,0,0.000028,35,0.000007,0,1,1,0,1,1
18194513,,0,0.000028,35,0.000007,0,1,1,0,1,1
18071362,,0,0.000028,35,0.000007,0,1,1,0,1,1
17883861,,0,0.000028,35,0.000007,0,1,1,0,1,1
17846424,,0,0.000028,35,0.000007,0,1,1,0,1,1
29935386,,0,0.000017,69,0.000007,0,2,2,0,2,2
17339973,,0.000363,0,69,0.00005,11,0,11,11,0,11
29372040,,0,0.000007,69,0.000007,0,1,1,0,1,1
25250205,,0,0.000007,69,0.000007,0,1,1,0,1,1
22745553,,0,0.000007,69,0.000007,0,1,1,0,1,1
21625518,,0,0.000007,69,0.000007,0,1,1,0,1,1
30337067,,0,0.000016,231,0.000007,0,1,1,0,1,1
17341484,,0.000824,0,231,0.000219,40,0,40,40,0,40
29879995,,0,0.000162,89,0.000007,0,11,11,0,11,11
29419396,,0,0.000016,90,0.000007,0,2,2,0,2,2
28612167,,0,0.000018,5,0.000007,0,2,2,0,2,2
27863482,,0,0.000017,231,0.000007,0,2,2,0,2,2
23741392,,0,0.000041,231,0.000007,0,2,2,0,2,2
23147386,,0,0.000016,231,0.000007,0,1,1,0,1,1
23089009,,0,0.000034,231,0.000007,0,3,3,0,3,3
22373566,,0,0.000016,231,0.000007,0,1,1,0,1,1
21734405,,0,0.000016,231,0.000007,0,1,1,0,1,1
20433726,,0,0.000016,231,0.000007,0,1,1,0,1,1
18715499,,0,0.000016,231,0.000007,0,1,1,0,1,1
18638378,,0,0.000031,231,0.000007,0,3,3,0,3,3
18496208,,0,0.000016,231,0.000007,0,1,1,0,1,1
18228528,,0,0.000016,231,0.000007,0,1,1,0,1,1
17342152,,0.002368,0,89,0.00003,17,0,17,17,0,17
21097845,,0,0.000045,89,0.000007,0,1,1,0,1,1
20003389,,0,0.00011,89,0.000007,0,2,2,0,2,2
18433472,,0,0.000045,89,0.000007,0,1,1,0,1,1
29535531,,0,0.00002,72,0.000007,0,2,2,0,2,2
17343610,,0.000709,0,1,0.000024,14,0,14,14,0,14
17346477,,0.00036,0,5,0.000031,11,0,11,11,0,11
25114623,,0,0.000007,5,0.000007,0,1,1,0,1,1
19269943,,0,0.000007,5,0.000007,0,1,1,0,1,1
18299550,,0,0.000007,5,0.000007,0,1,1,0,1,1
30361548,,0,0.000005,151,0.000007,0,1,1,0,1,1
17347129,,0.000245,0,151,0.000379,70,0,70,70,0,70
30011807,,0,0.000005,35,0.000007,0,2,2,0,2,2
29881233,,0,0.000005,279,0.000007,0,2,2,0,2,2
29645079,,0,0.000005,151,0.000007,0,1,1,0,1,1
29285261,,0,0.000005,151,0.000007,0,2,2,0,2,2
28427776,,0,0.000005,151,0.000007,0,1,1,0,1,1
28191285,,0,0.000005,151,0.000007,0,3,3,0,3,3
28131798,,0,0.000005,151,0.000007,0,1,1,0,1,1
28064445,,0,0.000005,151,0.000007,0,1,1,0,1,1
27897325,,0,0.000005,151,0.000007,0,1,1,0,1,1
27636738,,0,0.000005,151,0.000007,0,1,1,0,1,1
26992329,,0,0.000005,151,0.000007,0,1,1,0,1,1
26942066,,0,0.000005,151,0.000007,0,2,2,0,2,2
26823828,,0,0.000005,151,0.000007,0,1,1,0,1,1
26556992,,0,0.000005,279,0.000007,0,3,3,0,3,3
26137272,,0,0.000005,151,0.000007,0,1,1,0,1,1
25975273,,0,0.000005,151,0.000007,0,1,1,0,1,1
25781932,,0,0.000005,151,0.000007,0,1,1,0,1,1
25572327,,0,0.000005,151,0.000007,0,1,1,0,1,1
25143958,,0,0.000005,151,0.000007,0,2,2,0,2,2
25120665,,0,0.000005,151,0.000007,0,1,1,0,1,1
25093332,,0,0.000005,151,0.000007,0,1,1,0,1,1
24886063,,0,0.000471,151,0.000007,0,2,2,0,2,2
24399648,,0,0.000005,151,0.000007,0,1,1,0,1,1
24296751,,0,0.000005,151,0.000007,0,1,1,0,1,1
24212946,,0,0.000005,151,0.000007,0,2,2,0,2,2
24126910,,0,0.000005,151,0.000007,0,1,1,0,1,1
24122770,,0,0.000005,151,0.000007,0,1,1,0,1,1
23892596,,0,0.000005,151,0.000007,0,2,2,0,2,2
23873154,,0,0.000005,151,0.000007,0,1,1,0,1,1
23652307,,0,0.000005,151,0.000007,0,1,1,0,1,1
23585862,,0,0.000005,151,0.000007,0,1,1,0,1,1
23569391,,0,0.000005,151,0.000007,0,1,1,0,1,1
23538881,,0,0.000005,151,0.000007,0,1,1,0,1,1
23460876,,0,0.000005,151,0.000007,0,1,1,0,1,1
23451156,,0,0.000005,151,0.000007,0,1,1,0,1,1
23403818,,0,0.000005,151,0.000007,0,1,1,0,1,1
23303630,,0,0.000005,151,0.000007,0,1,1,0,1,1
23269276,,0,0.000005,151,0.000007,0,1,1,0,1,1
22815807,,0,0.000005,151,0.000007,0,1,1,0,1,1
22715141,,0,0.000005,151,0.000007,0,1,1,0,1,1
22713465,,0,0.000005,151,0.000007,0,1,1,0,1,1
22511467,,0,0.000005,151,0.000007,0,1,1,0,1,1
22157286,,0,0.000005,151,0.000007,0,1,1,0,1,1
21423545,,0,0.000005,151,0.000007,0,2,2,0,2,2
21385452,,0,0.000005,151,0.000007,0,2,2,0,2,2
21234352,,0,0.000005,151,0.000007,0,2,2,0,2,2
20886906,,0,0.000005,151,0.000007,0,1,1,0,1,1
20840821,,0,0.000005,151,0.000007,0,1,1,0,1,1
20675559,,0,0.000005,151,0.000007,0,1,1,0,1,1
20124478,,0,0.000005,151,0.000007,0,1,1,0,1,1
20124350,,0,0.000005,151,0.000007,0,1,1,0,1,1
19732778,,0,0.000005,151,0.000007,0,1,1,0,1,1
19638618,,0,0.000005,151,0.000007,0,1,1,0,1,1
19562338,,0,0.000005,151,0.000007,0,1,1,0,1,1
18816257,,0,0.000005,151,0.000007,0,1,1,0,1,1
18460216,,0,0.000005,151,0.000007,0,1,1,0,1,1
18363994,,0,0.000005,151,0.000007,0,1,1,0,1,1
18311903,,0,0.000005,151,0.000007,0,1,1,0,1,1
17347845,,0.000291,0,5,0.000015,8,0,8,8,0,8
30159409,,0,0.000026,2,0.000007,0,2,2,0,2,2
17350580,,0.001093,0,2,0.000079,25,0,25,25,0,25
29048648,,0,0.000055,2,0.000007,0,4,4,0,4,4
24024092,,0,0.000023,2,0.000007,0,2,2,0,2,2
23503590,,0,0.000021,2,0.000007,0,1,1,0,1,1
23057841,,0,0.00009,2,0.000007,0,3,3,0,3,3
17350581,,0.002916,0,2,0.000103,27,0,27,27,0,27
17351744,,0.000095,0,231,0.000034,10,0,10,10,0,10
27557076,,0,0.000002,231,0.000007,0,1,1,0,1,1
23874401,,0,0.000002,231,0.000007,0,1,1,0,1,1
22291993,,0,0.000002,231,0.000007,0,1,1,0,1,1
17351952,,0.001011,0,69,0.000018,11,0,11,11,0,11
30344952,,0,0.000008,35,0.000007,0,1,1,0,1,1
17363312,,0.000393,0,35,0.000917,162,0,162,162,0,162
30344945,,0,0.000008,35,0.000007,0,1,1,0,1,1
30176939,,0,0.000553,35,0.000007,0,3,3,0,3,3
29928411,,0,0.000008,35,0.000007,0,2,2,0,2,2
29764901,,0,0.000015,35,0.000007,0,2,2,0,2,2
29507668,,0,0.000008,35,0.000007,0,1,1,0,1,1
29498679,,0,0.000008,57,0.000007,0,2,2,0,2,2
29290786,,0,0.000015,35,0.000007,0,2,2,0,2,2
29282222,,0,0.000008,35,0.000007,0,1,1,0,1,1
29246117,,0,0.000008,35,0.000007,0,2,2,0,2,2
29059406,,0,0.000008,35,0.000007,0,1,1,0,1,1
28958389,,0,0.000015,35,0.000007,0,4,4,0,4,4
28949791,,0,0.000008,35,0.000007,0,1,1,0,1,1
28937680,,0,0.000008,35,0.000007,0,1,1,0,1,1
28623290,,0,0.000008,35,0.000007,0,1,1,0,1,1
28536364,,0,0.000008,35,0.000007,0,1,1,0,1,1
28450737,,0,0.001418,35,0.000007,0,3,3,0,3,3
28381966,,0,0.000008,35,0.000007,0,1,1,0,1,1
28302961,,0,0.000008,35,0.000007,0,1,1,0,1,1
28055972,,0,0.000242,35,0.000007,0,3,3,0,3,3
27974677,,0,0.000008,35,0.000007,0,2,2,0,2,2
27899593,,0,0.000008,35,0.000007,0,2,2,0,2,2
27696497,,0,0.000008,35,0.000007,0,1,1,0,1,1
27584795,,0,0.000008,35,0.000007,0,1,1,0,1,1
27560128,,0,0.000008,35,0.000007,0,1,1,0,1,1
27494704,,0,0.000008,35,0.000007,0,1,1,0,1,1
27427228,,0,0.000008,35,0.000007,0,2,2,0,2,2
27230637,,0,0.000008,35,0.000007,0,1,1,0,1,1
27224921,,0,0.000008,35,0.000007,0,1,1,0,1,1
27070644,,0,0.000008,35,0.000007,0,1,1,0,1,1
26917489,,0,0.000079,35,0.000007,0,5,5,0,5,5
26911146,,0,0.000008,35,0.000007,0,1,1,0,1,1
26872811,,0,0.00002,35,0.000007,0,2,2,0,2,2
26848313,,0,0.000008,35,0.000007,0,2,2,0,2,2
26796307,,0,0.007443,35,0.000007,0,2,2,0,2,2
26760772,,0,0.000008,35,0.000007,0,1,1,0,1,1
26747897,,0,0.000008,35,0.000007,0,1,1,0,1,1
26739753,,0,0.000008,35,0.000007,0,1,1,0,1,1
26645689,,0,0.000008,35,0.000007,0,2,2,0,2,2
26608785,,0,0.000073,35,0.000007,0,2,2,0,2,2
26564907,,0,0.000015,35,0.000007,0,2,2,0,2,2
26510788,,0,0.000008,35,0.000007,0,1,1,0,1,1
26411344,,0,0.000008,35,0.000007,0,1,1,0,1,1
26347716,,0,0.000008,35,0.000007,0,1,1,0,1,1
26244829,,0,0.000008,35,0.000007,0,1,1,0,1,1
26209608,,0,0.000008,35,0.000007,0,1,1,0,1,1
26207617,,0,0.000034,35,0.000007,0,2,2,0,2,2
26190263,,0,0.000008,35,0.000007,0,1,1,0,1,1
26168034,,0,0.000008,35,0.000007,0,1,1,0,1,1
26077434,,0,0.000015,35,0.000007,0,3,3,0,3,3
26031919,,0,0.000008,35,0.000007,0,1,1,0,1,1
25755704,,0,0.000008,35,0.000007,0,2,2,0,2,2
25714495,,0,0.000798,100,0.000007,0,7,7,0,7,7
25686748,,0,0.000008,35,0.000007,0,1,1,0,1,1
25663457,,0,0.000008,35,0.000007,0,1,1,0,1,1
25655602,,0,0.000008,35,0.000007,0,1,1,0,1,1
25609834,,0,0.000008,35,0.000007,0,1,1,0,1,1
25596733,,0,0.000008,35,0.000007,0,1,1,0,1,1
25574158,,0,0.000008,35,0.000007,0,1,1,0,1,1
25329053,,0,0.000008,35,0.000007,0,1,1,0,1,1
25190814,,0,0.000071,35,0.000007,0,2,2,0,2,2
25145438,,0,0.000008,35,0.000007,0,2,2,0,2,2
25103574,,0,0.000008,35,0.000007,0,1,1,0,1,1
25049231,,0,0.000008,35,0.000007,0,1,1,0,1,1
24978641,,0,0.000008,35,0.000007,0,2,2,0,2,2
24952722,,0,0.000008,35,0.000007,0,1,1,0,1,1
24937458,,0,0.000008,35,0.000007,0,2,2,0,2,2
24844355,,0,0.000008,35,0.000007,0,2,2,0,2,2
24808866,,0,0.000008,35,0.000007,0,1,1,0,1,1
24802759,,0,0.000008,35,0.000007,0,2,2,0,2,2
24778210,,0.000384,0.000008,35,0.000117,30,1,31,30,1,31
24744315,,0,0.000008,35,0.000007,0,1,1,0,1,1
24582965,,0,0.000198,35,0.000007,0,2,2,0,2,2
24582497,,0,0.000033,1,0.000007,0,2,2,0,2,2
24570593,,0,0.000008,35,0.000007,0,2,2,0,2,2
24412361,,0,0.000008,35,0.000007,0,2,2,0,2,2
24280700,,0,0.000008,35,0.000007,0,2,2,0,2,2
24172249,,0,0.000008,35,0.000007,0,1,1,0,1,1
23777767,,0,0.000008,35,0.000007,0,1,1,0,1,1
23764003,,0,0.000008,35,0.000007,0,1,1,0,1,1
23759590,,0,0.000008,35,0.000007,0,1,1,0,1,1
23699411,,0,0.000008,35,0.000007,0,1,1,0,1,1
23637629,,0,0.000008,35,0.000007,0,1,1,0,1,1
23516383,,0,0.000008,35,0.000007,0,1,1,0,1,1
23408432,,0,0.000008,35,0.000007,0,2,2,0,2,2
23396445,,0,0.000008,35,0.000007,0,1,1,0,1,1
23175387,,0,0.000008,35,0.000007,0,1,1,0,1,1
22904080,,0,0.000008,35,0.000007,0,1,1,0,1,1
22777714,,0,0.000008,35,0.000007,0,1,1,0,1,1
22747680,,0,0.000008,35,0.000007,0,1,1,0,1,1
22519822,,0,0.000008,35,0.000007,0,1,1,0,1,1
22511886,,0,0.000008,35,0.000007,0,1,1,0,1,1
22468166,,0,0.000008,35,0.000007,0,1,1,0,1,1
22371483,,0,0.000008,35,0.000007,0,2,2,0,2,2
22223663,,0,0.000008,35,0.000007,0,2,2,0,2,2
22194015,,0,0.000008,35,0.000007,0,1,1,0,1,1
22152480,,0,0.000008,35,0.000007,0,2,2,0,2,2
22089927,,0,0.000008,35,0.000007,0,1,1,0,1,1
22020125,,0,0.000008,35,0.000007,0,2,2,0,2,2
22002947,,0,0.000008,35,0.000007,0,1,1,0,1,1
21983900,,0,0.000008,35,0.000007,0,1,1,0,1,1
21980403,,0,0.000008,35,0.000007,0,2,2,0,2,2
21969366,,0,0.000008,35,0.000007,0,2,2,0,2,2
21966346,,0,0.000008,35,0.000007,0,1,1,0,1,1
21941621,,0,0.000008,35,0.000007,0,1,1,0,1,1
21924352,,0,0.000008,35,0.000007,0,1,1,0,1,1
21914792,,0,0.000008,35,0.000007,0,1,1,0,1,1
21821892,,0,0.000008,35,0.000007,0,1,1,0,1,1
21799869,,0,0.000008,35,0.000007,0,1,1,0,1,1
21788502,,0,0.000008,35,0.000007,0,1,1,0,1,1
21763962,,0,0.000008,35,0.000007,0,1,1,0,1,1
21654838,,0,0.000008,35,0.000007,0,1,1,0,1,1
21544224,,0,0.000008,35,0.000007,0,1,1,0,1,1
21448134,,0,0.000008,35,0.000007,0,1,1,0,1,1
21447625,,0,0.000008,35,0.000007,0,1,1,0,1,1
21273814,,0,0.000008,35,0.000007,0,1,1,0,1,1
21251613,,0,0.000008,35,0.000007,0,1,1,0,1,1
21124823,,0,0.000008,35,0.000007,0,2,2,0,2,2
21060799,,0,0.000008,35,0.000007,0,1,1,0,1,1
20973793,,0,0.000008,35,0.000007,0,1,1,0,1,1
20959362,,0,0.000008,35,0.000007,0,1,1,0,1,1
20869373,,0,0.000008,35,0.000007,0,1,1,0,1,1
20863814,,0,0.000008,35,0.000007,0,2,2,0,2,2
20858896,,0,0.000008,35,0.000007,0,1,1,0,1,1
20832725,,0,0.000008,35,0.000007,0,1,1,0,1,1
20624054,,0,0.000008,35,0.000007,0,1,1,0,1,1
20615959,,0,0.000008,35,0.000007,0,1,1,0,1,1
20574448,,0,0.000044,35,0.000007,0,3,3,0,3,3
20547842,,0,0.000008,35,0.000007,0,1,1,0,1,1
20538609,,0,0.000008,35,0.000007,0,1,1,0,1,1
20478252,,0,0.000008,35,0.000007,0,2,2,0,2,2
20356955,,0,0.000008,35,0.000007,0,1,1,0,1,1
20226085,,0,0.000008,35,0.000007,0,1,1,0,1,1
20064376,,0,0.000008,35,0.000007,0,1,1,0,1,1
19934284,,0,0.000008,35,0.000007,0,2,2,0,2,2
19910462,,0,0.000008,35,0.000007,0,1,1,0,1,1
19595308,,0,0.000024,35,0.000007,0,3,3,0,3,3
19255431,,0,0.000008,35,0.000007,0,1,1,0,1,1
19242095,,0,0.000008,35,0.000007,0,2,2,0,2,2
19234061,,0,0.000008,35,0.000007,0,1,1,0,1,1
19187765,,0,0.000008,35,0.000007,0,1,1,0,1,1
18984585,,0,0.000008,35,0.000007,0,1,1,0,1,1
18957202,,0,0.000008,35,0.000007,0,1,1,0,1,1
18950507,,0,0.000008,35,0.000007,0,1,1,0,1,1
18940868,,0,0.000008,35,0.000007,0,2,2,0,2,2
18923809,,0,0.000008,35,0.000007,0,1,1,0,1,1
18836456,,0,0.000008,35,0.000007,0,1,1,0,1,1
18591252,,0,0.000008,35,0.000007,0,1,1,0,1,1
18564434,,0,0.000008,35,0.000007,0,1,1,0,1,1
18483221,,0,0.000008,35,0.000007,0,2,2,0,2,2
18451103,,0,0.000008,35,0.000007,0,1,1,0,1,1
18440794,,0,0.000008,35,0.000007,0,1,1,0,1,1
18375980,,0,0.000008,35,0.000007,0,1,1,0,1,1
18250326,,0,0.000008,35,0.000007,0,1,1,0,1,1
18095329,,0,0.000008,35,0.000007,0,1,1,0,1,1
18048344,,0,0.000008,35,0.000007,0,1,1,0,1,1
17947424,,0,0.000008,35,0.000007,0,1,1,0,1,1
17365827,,0.000001,0,69,0.00001,1,0,1,1,0,1
19175922,,0,0,152,0.000007,0,1,1,0,1,1
17369979,,0,0,152,0.000013,1,0,1,1,0,1
30410367,,0,0,137,0.000007,0,1,1,0,1,1
17372234,,0.000001,0,137,0.000021,4,0,4,4,0,4
29285037,,0,0.000091,5,0.000007,0,6,6,0,6,6
17372900,,0.000039,0,5,0.000043,12,0,12,12,0,12
29077012,,0,0.00001,5,0.000007,0,4,4,0,4,4
24879566,,0,0.000001,5,0.000007,0,1,1,0,1,1
22528805,,0,0.000001,5,0.000007,0,1,1,0,1,1
22347929,,0,0.000001,5,0.000007,0,1,1,0,1,1
20080335,,0,0.000005,5,0.000007,0,2,2,0,2,2
19920273,,0,0.000001,5,0.000007,0,1,1,0,1,1
17373631,,0.001484,0,90,0.000023,11,0,11,11,0,11
25918249,,0,0.000028,90,0.000007,0,1,1,0,1,1
28487699,,0,0.000088,90,0.000007,0,2,2,0,2,2
17374731,,0.000724,0,90,0.000027,9,0,9,9,0,9
23931628,,0,0.000014,90,0.000007,0,1,1,0,1,1
28615293,,0,0.000106,100,0.000007,0,1,1,0,1,1
27590262,,0,0.000179,1,0.000007,0,2,2,0,2,2
26276393,,0,0.000106,100,0.000007,0,1,1,0,1,1
20935632,,0,0.000106,100,0.000007,0,1,1,0,1,1
19180185,,0,0.000106,100,0.000007,0,1,1,0,1,1
19112184,,0,0.000106,100,0.000007,0,1,1,0,1,1
18773878,,0,0.000106,100,0.000007,0,1,1,0,1,1
18711219,,0,0.000106,100,0.000007,0,1,1,0,1,1
17380889,,0.000428,0,66,0.000011,2,0,2,2,0,2
17382866,,0.000318,0,5,0.000009,2,0,2,2,0,2
28596680,,0,0.000026,90,0.000007,0,1,1,0,1,1
17384678,,0.001389,0,90,0.000066,15,0,15,15,0,15
27144941,,0,0.007462,90,0.000007,0,2,2,0,2,2
17385188,,0.000052,0,35,0.00022,41,0,41,41,0,41
27703291,,0,0.000001,35,0.000007,0,1,1,0,1,1
26575822,,0,0.000001,35,0.000007,0,1,1,0,1,1
26097531,,0,0.000001,35,0.000007,0,1,1,0,1,1
25809292,,0,0.000001,35,0.000007,0,1,1,0,1,1
24722062,,0,0.000007,82,0.000007,0,2,2,0,2,2
24204199,,0,0.00072,1,0.000007,0,4,4,0,4,4
24027643,,0,0.000001,35,0.000007,0,1,1,0,1,1
24009625,,0,0.000001,35,0.000007,0,1,1,0,1,1
23708091,,0,0.000129,35,0.000007,0,2,2,0,2,2
23264855,,0,0.000334,35,0.000007,0,2,2,0,2,2
23136568,,0,0.000001,35,0.000007,0,1,1,0,1,1
22751444,,0,0.000001,35,0.000007,0,1,1,0,1,1
22737441,,0,0.000001,35,0.000007,0,1,1,0,1,1
22504873,,0,0.000001,35,0.000007,0,1,1,0,1,1
22142399,,0,0.000001,35,0.000007,0,1,1,0,1,1
20844012,,0,0.000001,35,0.000007,0,1,1,0,1,1
20616363,,0,0.000001,35,0.000007,0,1,1,0,1,1
20562851,,0,0.000001,35,0.000007,0,1,1,0,1,1
20133806,,0,0.000001,35,0.000007,0,1,1,0,1,1
20118910,,0,0.000001,35,0.000007,0,1,1,0,1,1
19956446,,0,0.000001,35,0.000007,0,1,1,0,1,1
19649210,,0,0.000001,35,0.000007,0,1,1,0,1,1
19647299,,0,0.000001,35,0.000007,0,1,1,0,1,1
19592505,,0,0.000001,35,0.000007,0,1,1,0,1,1
19584163,,0,0.000001,35,0.000007,0,1,1,0,1,1
19293179,,0,0.000001,35,0.000007,0,1,1,0,1,1
19156837,,0,0.000001,35,0.000007,0,1,1,0,1,1
18948763,,0,0.000001,35,0.000007,0,1,1,0,1,1
18794152,,0,0.000001,35,0.000007,0,1,1,0,1,1
18781147,,0,0.000001,35,0.000007,0,1,1,0,1,1
18519767,,0,0.000001,35,0.000007,0,1,1,0,1,1
18422767,,0,0.000001,35,0.000007,0,1,1,0,1,1
18292464,,0,0.000001,35,0.000007,0,1,1,0,1,1
17971772,,0,0.000001,35,0.000007,0,1,1,0,1,1
17965219,,0,0.000001,35,0.000007,0,1,1,0,1,1
17386038,,0.000002,0,69,0.000009,1,0,1,1,0,1
29100376,,0,0.000113,100,0.000007,0,1,1,0,1,1
23542176,,0,0.000113,100,0.000007,0,1,1,0,1,1
22431515,,0,0.000171,90,0.000007,0,2,2,0,2,2
22295213,,0,0.000113,100,0.000007,0,1,1,0,1,1
20130088,,0,0.000115,90,0.000007,0,2,2,0,2,2
18471979,,0,0.000113,100,0.000007,0,1,1,0,1,1
18432312,,0,0.000132,100,0.000007,0,2,2,0,2,2
18388150,,0,0.000113,82,0.000007,0,2,2,0,2,2
17962381,,0,0.000113,100,0.000007,0,1,1,0,1,1
24918063,,0,0,153,0.000007,0,1,1,0,1,1
17393978,,0,0,153,0.000019,2,0,2,2,0,2
22949505,,0,0,153,0.000007,0,1,1,0,1,1
29759963,,0,0.000001,5,0.000007,0,2,2,0,2,2
17394392,,0.000035,0,5,0.000034,11,0,11,11,0,11
26185018,,0,0.000001,5,0.000007,0,1,1,0,1,1
17394399,,0.001783,0,5,0.000027,15,0,15,15,0,15
29416832,,0,0.000034,5,0.000007,0,1,1,0,1,1
29082557,,0,0.00008,100,0.000007,0,1,1,0,1,1
25862789,,0,0.000295,100,0.000007,0,2,2,0,2,2
23912945,,0,0.00008,100,0.000007,0,1,1,0,1,1
23555887,,0,0.000295,100,0.000007,0,2,2,0,2,2
22206413,,0,0.00008,100,0.000007,0,1,1,0,1,1
21826217,,0,0.000506,100,0.000007,0,3,3,0,3,3
22438210,,0,0.000001,1,0.000007,0,1,1,0,1,1
17397054,,0.000036,0,1,0.000015,3,0,3,3,0,3
17403394,,0.000459,0,89,0.000009,2,0,2,2,0,2
17404506,,0.002126,0,100,0.000037,11,0,11,11,0,11
21607289,,0.000013,0.006847,279,0.000063,10,3,13,10,3,13
29562723,,0,0.000194,41,0.000007,0,2,2,0,2,2
17406948,,0.00063,0,41,0.000014,7,0,7,7,0,7
23548133,,0.000897,0.010559,1,0.000007,1,28,29,1,28,29
17406974,,0.00013,0,89,0.000008,2,0,2,2,0,2
27839516,,0,0.00001,279,0.000007,0,4,4,0,4,4
23903687,,0,0,279,0.000007,0,1,1,0,1,1
23688286,,0,0.000002,279,0.000007,0,2,2,0,2,2
22412883,,0,0,279,0.000007,0,1,1,0,1,1
21753893,,0,0,279,0.000007,0,1,1,0,1,1
21690397,,0,0,279,0.000007,0,1,1,0,1,1
21496237,,0.000119,0.000008,279,0.000142,31,2,33,31,2,33
20485546,,0,0,279,0.000007,0,1,1,0,1,1
17408542,,0.000008,0,5,0.000008,1,0,1,1,0,1
17409405,,0.000714,0,35,0.000061,17,0,17,17,0,17
30013651,,0,0.000014,35,0.000007,0,1,1,0,1,1
29937142,,0,0.000014,35,0.000007,0,1,1,0,1,1
27357679,,0,0.000014,35,0.000007,0,1,1,0,1,1
26873145,,0,0.000259,35,0.000007,0,2,2,0,2,2
23684539,,0,0.000014,35,0.000007,0,1,1,0,1,1
22762987,,0,0.000014,35,0.000007,0,1,1,0,1,1
22022614,,0,0.000014,35,0.000007,0,1,1,0,1,1
20452965,,0,0.000559,35,0.000007,0,2,2,0,2,2
30013666,,0,0.000012,90,0.000007,0,1,1,0,1,1
17409414,,0.000653,0,90,0.00024,46,0,46,46,0,46
29892481,,0,0.000012,90,0.000007,0,1,1,0,1,1
29290959,,0,0.00003,90,0.000007,0,2,2,0,2,2
28928245,,0,0.000012,90,0.000007,0,1,1,0,1,1
28603423,,0,0.000012,90,0.000007,0,1,1,0,1,1
27160903,,0,0.000012,90,0.000007,0,1,1,0,1,1
26823766,,0,0.000012,90,0.000007,0,1,1,0,1,1
26400441,,0,0.000045,90,0.000007,0,2,2,0,2,2
25959919,,0,0.000012,90,0.000007,0,1,1,0,1,1
25886616,,0,0.000012,90,0.000007,0,1,1,0,1,1
25658875,,0,0.000012,90,0.000007,0,1,1,0,1,1
25486480,,0,0.000012,90,0.000007,0,1,1,0,1,1
25450580,,0,0.000012,90,0.000007,0,1,1,0,1,1
24944681,,0,0.000012,90,0.000007,0,1,1,0,1,1
24586749,,0,0.000012,90,0.000007,0,1,1,0,1,1
24336328,,0,0.000012,90,0.000007,0,1,1,0,1,1
23858473,,0,0.000012,90,0.000007,0,1,1,0,1,1
23621864,,0,0.000012,90,0.000007,0,1,1,0,1,1
23517670,,0,0.000012,90,0.000007,0,1,1,0,1,1
23457546,,0,0.000012,90,0.000007,0,1,1,0,1,1
23449473,,0,0.000012,90,0.000007,0,1,1,0,1,1
23418461,,0,0.000012,90,0.000007,0,1,1,0,1,1
23383234,,0,0.000012,90,0.000007,0,1,1,0,1,1
23178716,,0,0.000012,90,0.000007,0,1,1,0,1,1
23155256,,0,0.000012,90,0.000007,0,1,1,0,1,1
23142963,,0,0.000012,90,0.000007,0,1,1,0,1,1
22628553,,0,0.000012,90,0.000007,0,1,1,0,1,1
22308434,,0,0.000012,90,0.000007,0,1,1,0,1,1
21666053,,0,0.000012,90,0.000007,0,1,1,0,1,1
21276449,,0,0.000012,90,0.000007,0,1,1,0,1,1
20844748,,0,0.000048,108,0.000007,0,2,2,0,2,2
20689767,,0,0.000012,90,0.000007,0,1,1,0,1,1
20508647,,0,0.000012,90,0.000007,0,1,1,0,1,1
19607727,,0,0.000012,90,0.000007,0,1,1,0,1,1
19605700,,0,0.000012,90,0.000007,0,1,1,0,1,1
19419571,,0,0.000044,35,0.000007,0,2,2,0,2,2
19114989,,0,0.000012,90,0.000007,0,1,1,0,1,1
17925434,,0,0.000012,90,0.000007,0,1,1,0,1,1
17412712,,0.00054,0,279,0.000082,20,0,20,20,0,20
29941579,,0,0.00001,279,0.000007,0,1,1,0,1,1
29323674,,0,0.00001,279,0.000007,0,1,1,0,1,1
28439008,,0,0.00001,279,0.000007,0,1,1,0,1,1
27198632,,0,0.00001,279,0.000007,0,1,1,0,1,1
27197539,,0,0.00001,279,0.000007,0,1,1,0,1,1
25557107,,0,0.00001,279,0.000007,0,1,1,0,1,1
23150486,,0,0.001365,279,0.000007,0,5,5,0,5,5
23086271,,0,0.00002,279,0.000007,0,4,4,0,4,4
20139698,,0,0.00001,279,0.000007,0,1,1,0,1,1
19056675,,0,0.00001,279,0.000007,0,1,1,0,1,1
17879298,,0,0.00001,279,0.000007,0,1,1,0,1,1
17413421,,0.001722,0,1,0.000015,3,0,3,3,0,3
17413983,,0,0,154,0.00001,1,0,1,1,0,1
17414096,,0.000375,0,35,0.000027,5,0,5,5,0,5
19949854,,0,0.000007,35,0.000007,0,1,1,0,1,1
17415092,,0.000767,0,5,0.000009,6,0,6,6,0,6
17415527,,0.000937,0,232,0.000275,61,0,61,61,0,61
28521819,,0,0.00004,232,0.000007,0,2,2,0,2,2
27793029,,0,0.000018,232,0.000007,0,1,1,0,1,1
27730800,,0,0.000018,232,0.000007,0,1,1,0,1,1
27698081,,0,0.000018,232,0.000007,0,1,1,0,1,1
27663981,,0,0.000027,232,0.000007,0,2,2,0,2,2
27017166,,0,0.000018,232,0.000007,0,1,1,0,1,1
26452218,,0,0.000018,232,0.000007,0,1,1,0,1,1
25961709,,0,0.000018,232,0.000007,0,1,1,0,1,1
25517747,,0,0.000018,232,0.000007,0,1,1,0,1,1
25314969,,0,0.000018,232,0.000007,0,1,1,0,1,1
25143032,,0,0.000018,232,0.000007,0,1,1,0,1,1
24860738,,0,0.000018,232,0.000007,0,1,1,0,1,1
24604189,,0,0.000389,232,0.000007,0,2,2,0,2,2
24329000,,0,0.000018,232,0.000007,0,1,1,0,1,1
24272361,,0,0.000018,232,0.000007,0,1,1,0,1,1
24212970,,0,0.000018,232,0.000007,0,1,1,0,1,1
24151538,,0,0.000018,232,0.000007,0,1,1,0,1,1
24111776,,0,0.000018,232,0.000007,0,1,1,0,1,1
23701276,,0,0.000018,232,0.000007,0,1,1,0,1,1
23224554,,0,0.000389,232,0.000007,0,2,2,0,2,2
23148642,,0,0.000018,232,0.000007,0,1,1,0,1,1
22918162,,0,0.000018,232,0.000007,0,1,1,0,1,1
22911060,,0,0.000018,232,0.000007,0,1,1,0,1,1
22768306,,0,0.000018,232,0.000007,0,1,1,0,1,1
22248539,,0,0.000018,232,0.000007,0,1,1,0,1,1
22145025,,0,0.000018,232,0.000007,0,1,1,0,1,1
22016813,,0,0.000018,232,0.000007,0,1,1,0,1,1
21248069,,0,0.000018,232,0.000007,0,1,1,0,1,1
21067584,,0,0.000018,232,0.000007,0,1,1,0,1,1
20701793,,0,0.000018,232,0.000007,0,1,1,0,1,1
20639336,,0,0.000018,232,0.000007,0,1,1,0,1,1
20497332,,0,0.000018,232,0.000007,0,1,1,0,1,1
20237418,,0,0.000018,232,0.000007,0,1,1,0,1,1
19946328,,0,0.000018,232,0.000007,0,1,1,0,1,1
19723658,,0,0.000018,232,0.000007,0,1,1,0,1,1
19660100,,0,0.000018,232,0.000007,0,1,1,0,1,1
19519402,,0,0.000018,232,0.000007,0,1,1,0,1,1
19050702,,0,0.000018,232,0.000007,0,1,1,0,1,1
18922920,,0,0.000018,232,0.000007,0,1,1,0,1,1
18556767,,0,0.000018,232,0.000007,0,1,1,0,1,1
17416765,,0.001408,0,5,0.000051,17,0,17,17,0,17
22901290,,0.000005,0.000051,82,0.00006,11,5,16,11,5,16
30333000,,0,0.005322,1,0.000007,0,10,10,0,10,10
29351560,,0,0.001134,5,0.000007,0,3,3,0,3,3
29162887,,0,0.001107,5,0.000007,0,1,1,0,1,1
28782058,,0.000095,0.001499,140,0.000021,5,13,18,5,13,18
28274004,,0,0.001107,5,0.000007,0,1,1,0,1,1
25664222,,0,0.001107,5,0.000007,0,1,1,0,1,1
25620993,,0,0.001107,5,0.000007,0,1,1,0,1,1
25083498,,0,0.001117,5,0.000007,0,2,2,0,2,2
24963353,,0,0.001561,5,0.000007,0,2,2,0,2,2
24481326,,0,0.00168,5,0.000007,0,5,5,0,5,5
24204725,,0,0.001107,5,0.000007,0,1,1,0,1,1
24054997,,0,0.001123,231,0.000007,0,2,2,0,2,2
23880734,,0,0.003646,69,0.000007,0,4,4,0,4,4
23627498,,0,0.001236,5,0.000007,0,5,5,0,5,5
22618995,,0,0.001108,184,0.000007,0,2,2,0,2,2
17418009,,0.000083,0,89,0.000007,1,0,1,1,0,1
28319063,,0.001106,0.005503,100,0.000012,10,19,29,10,19,29
25225577,,0.000056,0.002476,100,0.000007,1,16,17,1,16,17
25022261,,0,0.000197,100,0.000007,0,1,1,0,1,1
24839956,,0,0.000197,100,0.000007,0,1,1,0,1,1
21205968,,0,0.000197,100,0.000007,0,1,1,0,1,1
23086928,,0,0.000052,100,0.000007,0,1,1,0,1,1
17420720,,0.002213,0,41,0.000049,16,0,16,16,0,16
29444805,,0,0.000042,41,0.000007,0,1,1,0,1,1
27391797,,0,0.000042,41,0.000007,0,1,1,0,1,1
24603410,,0,0.000042,41,0.000007,0,1,1,0,1,1
21212733,,0,0.000042,41,0.000007,0,1,1,0,1,1
26217162,,0,0.000009,231,0.000007,0,1,1,0,1,1
29765957,,0,0.00001,231,0.000007,0,1,1,0,1,1
27294143,,0,0.00001,231,0.000007,0,1,1,0,1,1
26620132,,0,0.000015,279,0.000007,0,2,2,0,2,2
26236721,,0,0.000015,100,0.000007,0,3,3,0,3,3
26223354,,0,0.00001,231,0.000007,0,1,1,0,1,1
24723968,,0,0.00001,231,0.000007,0,1,1,0,1,1
22919278,,0,0.00001,231,0.000007,0,1,1,0,1,1
21454829,,0,0.000019,231,0.000007,0,2,2,0,2,2
23468933,,0,0.00002,100,0.000007,0,1,1,0,1,1
23315288,,0,0.00002,100,0.000007,0,1,1,0,1,1
20018885,,0,0.00002,100,0.000007,0,1,1,0,1,1
17428877,,0.000686,0,5,0.000035,20,0,20,20,0,20
21829227,,0,0.000013,5,0.000007,0,1,1,0,1,1
20060677,,0,0.000013,5,0.000007,0,1,1,0,1,1
17431765,,0.000145,0,35,0.000011,3,0,3,3,0,3
29582647,,0,0,155,0.000007,0,1,1,0,1,1
17434164,,0,0,155,0.000025,3,0,3,3,0,3
20029425,,0,0,155,0.000007,0,1,1,0,1,1
18854825,,0,0,155,0.000007,0,1,1,0,1,1
17445839,,0.000135,0,231,0.000008,2,0,2,2,0,2
29881292,,0,0.000181,1,0.000007,0,2,2,0,2,2
28881784,,0,0.000261,1,0.000007,0,4,4,0,4,4
28241406,,0,0.00012,1,0.000007,0,1,1,0,1,1
28198434,,0,0.000124,248,0.000007,0,2,2,0,2,2
27724925,,0,0.001203,90,0.000007,0,4,4,0,4,4
27545325,,0,0.00012,1,0.000007,0,1,1,0,1,1
27486986,,0,0.00013,1,0.000007,0,2,2,0,2,2
27132513,,0,0.000137,1,0.000007,0,2,2,0,2,2
27066457,,0,0.000135,232,0.000007,0,2,2,0,2,2
26988989,,0,0.00012,1,0.000007,0,1,1,0,1,1
26513170,,0,0.000145,1,0.000007,0,2,2,0,2,2
26378048,,0,0.00012,1,0.000007,0,1,1,0,1,1
26181206,,0,0.00013,1,0.000007,0,2,2,0,2,2
26068789,,0,0.00012,1,0.000007,0,1,1,0,1,1
25847936,,0.01309,0.003585,1,0.000116,63,11,74,63,11,74
25700283,,0,0.00012,1,0.000007,0,1,1,0,1,1
25659586,,0,0.00012,1,0.000007,0,1,1,0,1,1
25544759,,0,0.000381,1,0.000007,0,4,4,0,4,4
25171086,,0,0.00012,1,0.000007,0,1,1,0,1,1
25109877,,0,0.007556,1,0.000007,0,2,2,0,2,2
24959088,,0,0.00012,1,0.000007,0,1,1,0,1,1
24946002,,0,0.000121,1,0.000007,0,2,2,0,2,2
24926492,,0,0.00012,1,0.000007,0,1,1,0,1,1
23708520,,0,0.000124,24,0.000007,0,2,2,0,2,2
23598363,,0,0.00012,1,0.000007,0,1,1,0,1,1
23559009,,0,0.00012,1,0.000007,0,1,1,0,1,1
23542172,,0,0.00012,1,0.000007,0,1,1,0,1,1
23420689,,0,0.00012,1,0.000007,0,1,1,0,1,1
23166821,,0,0.00012,1,0.000007,0,1,1,0,1,1
23000175,,0,0.00012,1,0.000007,0,1,1,0,1,1
22869179,,0,0.00012,1,0.000007,0,1,1,0,1,1
22855598,,0,0.000332,1,0.000007,0,2,2,0,2,2
22847008,,0,0.00012,1,0.000007,0,1,1,0,1,1
22706304,,0,0.00012,1,0.000007,0,1,1,0,1,1
22275055,,0,0.00012,1,0.000007,0,1,1,0,1,1
22053213,,0,0.00012,1,0.000007,0,1,1,0,1,1
22020940,,0,0.00012,1,0.000007,0,1,1,0,1,1
22007292,,0,0.00012,1,0.000007,0,1,1,0,1,1
21933882,,0,0.00012,1,0.000007,0,1,1,0,1,1
21781306,,0,0.00012,1,0.000007,0,1,1,0,1,1
21703418,,0,0.00012,1,0.000007,0,1,1,0,1,1
21673139,,0,0.00013,1,0.000007,0,2,2,0,2,2
21576779,,0,0.00012,1,0.000007,0,1,1,0,1,1
21576089,,0,0.00012,1,0.000007,0,1,1,0,1,1
21436470,,0,0.001123,1,0.000007,0,2,2,0,2,2
21391908,,0,0.00012,1,0.000007,0,1,1,0,1,1
21364617,,0,0.00012,1,0.000007,0,1,1,0,1,1
21293058,,0,0.00012,1,0.000007,0,1,1,0,1,1
21274007,,0,0.00012,1,0.000007,0,1,1,0,1,1
21266360,,0,0.00012,1,0.000007,0,1,1,0,1,1
20829881,,0,0.00012,1,0.000007,0,1,1,0,1,1
20811617,,0,0.000232,1,0.000007,0,2,2,0,2,2
20740144,,0,0.00012,1,0.000007,0,1,1,0,1,1
20616005,,0,0.00012,1,0.000007,0,1,1,0,1,1
20429933,,0,0.00012,1,0.000007,0,1,1,0,1,1
20395368,,0,0.0004,1,0.000007,0,3,3,0,3,3
20176937,,0,0.00012,1,0.000007,0,1,1,0,1,1
20145131,,0,0.00012,1,0.000007,0,1,1,0,1,1
19925028,,0,0.00012,1,0.000007,0,1,1,0,1,1
19777343,,0,0.00012,1,0.000007,0,1,1,0,1,1
19773755,,0,0.00012,1,0.000007,0,1,1,0,1,1
19442657,,0,0.00012,1,0.000007,0,1,1,0,1,1
19240170,,0,0.00012,1,0.000007,0,1,1,0,1,1
19001857,,0,0.00012,1,0.000007,0,1,1,0,1,1
18801697,,0,0.00012,1,0.000007,0,1,1,0,1,1
18769144,,0,0.000232,1,0.000007,0,2,2,0,2,2
18678646,,0,0.00012,1,0.000007,0,1,1,0,1,1
17942676,,0,0.00012,1,0.000007,0,1,1,0,1,1
26811424,,0,0.000034,100,0.000007,0,4,4,0,4,4
17448016,,0.001001,0,100,0.000026,12,0,12,12,0,12
29086231,,0,0.00005,35,0.000007,0,2,2,0,2,2
17448018,,0.002336,0,35,0.000079,29,0,29,29,0,29
28331672,,0,0.000045,35,0.000007,0,1,1,0,1,1
26449867,,0,0.000136,90,0.000007,0,3,3,0,3,3
26096934,,0,0.000045,35,0.000007,0,1,1,0,1,1
25493247,,0,0.000045,35,0.000007,0,1,1,0,1,1
25427448,,0,0.000045,35,0.000007,0,1,1,0,1,1
21371080,,0,0.000045,35,0.000007,0,1,1,0,1,1
21045138,,0,0.000071,35,0.000007,0,2,2,0,2,2
18510725,,0,0.000045,35,0.000007,0,1,1,0,1,1
29759113,,0,0.000016,100,0.000007,0,1,1,0,1,1
17452246,,0.00086,0,100,0.000063,21,0,21,21,0,21
29608566,,0,0.000016,100,0.000007,0,1,1,0,1,1
28603694,,0,0.000016,100,0.000007,0,1,1,0,1,1
27555324,,0,0.000286,100,0.000007,0,2,2,0,2,2
23583282,,0,0.000016,100,0.000007,0,1,1,0,1,1
22705796,,0,0.000101,100,0.000007,0,2,2,0,2,2
21586152,,0,0.001366,100,0.000007,0,3,3,0,3,3
19779099,,0,0.000016,100,0.000007,0,1,1,0,1,1
17452776,,0.000016,0,231,0.000022,4,0,4,4,0,4
28529593,,0,0,231,0.000007,0,1,1,0,1,1
19055823,,0,0,231,0.000007,0,1,1,0,1,1
17453335,,0.001836,0,89,0.000011,9,0,9,9,0,9
27861384,,0,0.000643,5,0.000007,0,5,5,0,5,5
17453369,,0.000529,0,35,0.000012,4,0,4,4,0,4
29623957,,0,0.000139,69,0.000007,0,1,1,0,1,1
29416699,,0,0.000199,69,0.000007,0,3,3,0,3,3
28357094,,0,0.007924,69,0.000007,0,4,4,0,4,4
28101406,,0,0.000271,69,0.000007,0,3,3,0,3,3
26986692,,0,0.000139,69,0.000007,0,1,1,0,1,1
26885070,,0,0.000198,69,0.000007,0,3,3,0,3,3
25894736,,0,0.000139,69,0.000007,0,1,1,0,1,1
24367487,,0,0.000258,69,0.000007,0,2,2,0,2,2
24170201,,0,0.007704,69,0.000007,0,4,4,0,4,4
23276799,,0,0.000139,69,0.000007,0,1,1,0,1,1
23074172,,0,0.000219,69,0.000007,0,2,2,0,2,2
21826275,,0,0.000553,69,0.000007,0,6,6,0,6,6
21607090,,0,0.000146,69,0.000007,0,2,2,0,2,2
29899584,,0,0.000128,231,0.000007,0,1,1,0,1,1
27459855,,0.000094,0.000538,231,0.000027,8,6,14,8,6,14
26928228,,0,0.001658,231,0.000007,0,8,8,0,8,8
25288876,,0,0.000233,231,0.000007,0,2,2,0,2,2
17470134,,0.000955,0,89,0.000011,12,0,12,12,0,12
17471561,,0.006645,0,5,0.000031,29,0,29,29,0,29
17471565,,0.002047,0,5,0.000031,15,0,15,15,0,15
23877132,,0,0.0001,1,0.000007,0,2,2,0,2,2
23078403,,0,0.000148,232,0.000007,0,2,2,0,2,2
21537036,,0,0.000039,5,0.000007,0,1,1,0,1,1
29861494,,0,0.000002,82,0.000007,0,1,1,0,1,1
17483327,,0.000096,0,82,0.000249,44,0,44,44,0,44
27592113,,0,0.000003,82,0.000007,0,2,2,0,2,2
27105531,,0,0.000002,82,0.000007,0,1,1,0,1,1
26551075,,0,0.000002,82,0.000007,0,1,1,0,1,1
25737447,,0,0.000002,82,0.000007,0,1,1,0,1,1
25616580,,0,0.000002,82,0.000007,0,1,1,0,1,1
25505268,,0,0.000002,82,0.000007,0,1,1,0,1,1
25493220,,0,0.000002,82,0.000007,0,1,1,0,1,1
25287652,,0,0.000002,82,0.000007,0,1,1,0,1,1
25043309,,0,0.000002,82,0.000007,0,1,1,0,1,1
24091627,,0,0.000002,82,0.000007,0,1,1,0,1,1
23696930,,0,0.000002,82,0.000007,0,1,1,0,1,1
23686837,,0,0.000002,82,0.000007,0,1,1,0,1,1
23637902,,0,0.000002,82,0.000007,0,1,1,0,1,1
23449029,,0,0.000002,82,0.000007,0,1,1,0,1,1
23239878,,0,0.000002,82,0.000007,0,1,1,0,1,1
23166300,,0,0.000002,82,0.000007,0,1,1,0,1,1
23066441,,0,0.000002,82,0.000007,0,1,1,0,1,1
23056216,,0,0.000002,82,0.000007,0,2,2,0,2,2
22394513,,0,0.000002,82,0.000007,0,1,1,0,1,1
22341213,,0,0.000002,82,0.000007,0,1,1,0,1,1
22279424,,0,0.000002,82,0.000007,0,1,1,0,1,1
22190871,,0,0.000002,82,0.000007,0,1,1,0,1,1
21977050,,0,0.000002,82,0.000007,0,1,1,0,1,1
21822308,,0,0.000002,82,0.000007,0,1,1,0,1,1
21775822,,0,0.000002,82,0.000007,0,1,1,0,1,1
21430439,,0,0.000002,82,0.000007,0,1,1,0,1,1
21103341,,0,0.000002,82,0.000007,0,1,1,0,1,1
20858866,,0,0.000002,82,0.000007,0,1,1,0,1,1
20628053,,0,0.000002,82,0.000007,0,1,1,0,1,1
20543557,,0,0.000002,82,0.000007,0,1,1,0,1,1
20369376,,0,0.000002,82,0.000007,0,1,1,0,1,1
20298154,,0,0.000002,82,0.000007,0,1,1,0,1,1
19969553,,0,0.000002,82,0.000007,0,1,1,0,1,1
19948031,,0,0.000002,82,0.000007,0,1,1,0,1,1
19305428,,0,0.000002,82,0.000007,0,1,1,0,1,1
18769124,,0,0.000002,82,0.000007,0,1,1,0,1,1
18451158,,0,0.000002,82,0.000007,0,1,1,0,1,1
18320059,,0,0.000002,82,0.000007,0,1,1,0,1,1
17974970,,0,0.000002,82,0.000007,0,1,1,0,1,1
17484040,,0.000017,0,90,0.000008,1,0,1,1,0,1
17492376,,0.009356,0,1,0.000045,33,0,33,33,0,33
28176879,,0.000232,0.01587,1,0.000026,4,12,16,4,12,16
30497520,,0,0.00053,35,0.000007,0,2,2,0,2,2
30456386,,0,0.001261,35,0.000007,0,4,4,0,4,4
30446635,,0,0.000467,35,0.000007,0,1,1,0,1,1
30295647,,0,0.000799,35,0.000007,0,3,3,0,3,3
30234015,,0,0.012077,1,0.000007,0,15,15,0,15,15
30137666,,0,0.00058,35,0.000007,0,2,2,0,2,2
30018330,,0,0.000469,279,0.000007,0,2,2,0,2,2
30018256,,0,0.00144,35,0.000007,0,5,5,0,5,5
30010249,,0,0.000467,35,0.000007,0,1,1,0,1,1
29778097,,0,0.000467,35,0.000007,0,1,1,0,1,1
29712537,,0,0.000467,35,0.000007,0,2,2,0,2,2
29632317,,0,0.000467,35,0.000007,0,1,1,0,1,1
29619217,,0,0.000499,137,0.000007,0,3,3,0,3,3
29615825,,0,0.000467,35,0.000007,0,2,2,0,2,2
29535312,,0,0.000505,35,0.000007,0,2,2,0,2,2
29487713,,0,0.000467,35,0.000007,0,1,1,0,1,1
29382706,,0,0.00058,35,0.000007,0,2,2,0,2,2
29357128,,0,0.000467,35,0.000007,0,1,1,0,1,1
29346386,,0,0.000797,35,0.000007,0,4,4,0,4,4
29329590,,0,0.000467,35,0.000007,0,1,1,0,1,1
29326438,,0,0.001012,231,0.000007,0,3,3,0,3,3
29290625,,0,0.000467,35,0.000007,0,1,1,0,1,1
29269878,,0,0.000467,35,0.000007,0,1,1,0,1,1
29254140,,0,0.000467,35,0.000007,0,1,1,0,1,1
29227280,,0,0.001042,35,0.000007,0,3,3,0,3,3
29214215,,0,0.000955,35,0.000007,0,4,4,0,4,4
29084210,,0,0.000467,35,0.000007,0,1,1,0,1,1
28925077,,0,0.000467,35,0.000007,0,1,1,0,1,1
28887414,,0,0.000467,35,0.000007,0,1,1,0,1,1
28827661,,0,0.000499,35,0.000007,0,2,2,0,2,2
28768903,,0,0.00069,35,0.000007,0,3,3,0,3,3
28720577,,0,0.000467,35,0.000007,0,1,1,0,1,1
28661075,,0,0.000467,35,0.000007,0,1,1,0,1,1
28526992,,0,0.00054,35,0.000007,0,3,3,0,3,3
28494797,,0,0.000716,35,0.000007,0,3,3,0,3,3
28446242,,0,0.000482,35,0.000007,0,2,2,0,2,2
28423599,,0,0.000467,35,0.000007,0,1,1,0,1,1
28405519,,0,0.000467,35,0.000007,0,1,1,0,1,1
28196064,,0,0.000768,35,0.000007,0,4,4,0,4,4
28152548,,0,0.000467,35,0.000007,0,1,1,0,1,1
28124185,,0,0.000467,35,0.000007,0,1,1,0,1,1
28108460,,0,0.000627,35,0.000007,0,2,2,0,2,2
28102194,,0,0.000712,35,0.000007,0,2,2,0,2,2
28093081,,0,0.000467,35,0.000007,0,1,1,0,1,1
28085222,,0,0.000467,35,0.000007,0,1,1,0,1,1
28062852,,0,0.000467,35,0.000007,0,1,1,0,1,1
28045912,,0,0.00047,35,0.000007,0,2,2,0,2,2
28039264,,0,0.000467,35,0.000007,0,2,2,0,2,2
28025748,,0,0.001521,5,0.000007,0,6,6,0,6,6
27869165,,0,0.000712,35,0.000007,0,2,2,0,2,2
27825136,,0,0.000467,35,0.000007,0,1,1,0,1,1
27662655,,0,0.000467,35,0.000007,0,1,1,0,1,1
27650498,,0,0.000467,35,0.000007,0,1,1,0,1,1
27571409,,0,0.001224,69,0.000007,0,3,3,0,3,3
27564114,,0,0.000467,35,0.000007,0,1,1,0,1,1
27553713,,0,0.000476,35,0.000007,0,3,3,0,3,3
27449149,,0,0.00051,5,0.000007,0,2,2,0,2,2
27287041,,0,0.001391,35,0.000007,0,2,2,0,2,2
27282619,,0,0.000467,35,0.000007,0,1,1,0,1,1
27171183,,0,0.000502,35,0.000007,0,2,2,0,2,2
27074153,,0,0.000467,35,0.000007,0,1,1,0,1,1
27042694,,0,0.000467,35,0.000007,0,1,1,0,1,1
27042159,,0,0.000467,35,0.000007,0,1,1,0,1,1
27019623,,0,0.000467,35,0.000007,0,1,1,0,1,1
26995547,,0,0.000467,35,0.000007,0,1,1,0,1,1
26978528,,0,0.000467,35,0.000007,0,1,1,0,1,1
26945694,,0,0.000467,35,0.000007,0,1,1,0,1,1
26880941,,0,0.000467,35,0.000007,0,1,1,0,1,1
26781438,,0,0.000467,35,0.000007,0,1,1,0,1,1
26756433,,0,0.000494,24,0.000007,0,2,2,0,2,2
26701265,,0,0.000481,35,0.000007,0,2,2,0,2,2
26630973,,0,0.000467,35,0.000007,0,1,1,0,1,1
26527775,,0,0.000467,35,0.000007,0,1,1,0,1,1
26526858,,0,0.000467,35,0.000007,0,1,1,0,1,1
26515496,,0,0.000467,35,0.000007,0,1,1,0,1,1
26489514,,0,0.000712,35,0.000007,0,2,2,0,2,2
26467658,,0,0.001257,35,0.000007,0,3,3,0,3,3
26462023,,0,0.000467,35,0.000007,0,1,1,0,1,1
26446169,,0,0.000467,35,0.000007,0,1,1,0,1,1
26439696,,0,0.000467,35,0.000007,0,1,1,0,1,1
26429062,,0,0.001257,35,0.000007,0,3,3,0,3,3
26379506,,0,0.000467,35,0.000007,0,1,1,0,1,1
26373570,,0,0.000467,35,0.000007,0,1,1,0,1,1
26274893,,0,0.000467,35,0.000007,0,1,1,0,1,1
26206777,,0,0.001417,35,0.000007,0,4,4,0,4,4
26198000,,0,0.000467,35,0.000007,0,1,1,0,1,1
26096931,,0,0.000627,35,0.000007,0,2,2,0,2,2
26096929,,0,0.001844,35,0.000007,0,5,5,0,5,5
26053033,,0,0.00058,35,0.000007,0,2,2,0,2,2
26025665,,0,0.000467,35,0.000007,0,1,1,0,1,1
26018675,,0,0.000487,184,0.000007,0,2,2,0,2,2
25908435,,0,0.000467,35,0.000007,0,1,1,0,1,1
25876646,,0,0.000478,35,0.000007,0,2,2,0,2,2
25802202,,0,0.000467,35,0.000007,0,1,1,0,1,1
25789974,,0,0.000631,35,0.000007,0,2,2,0,2,2
25746005,,0,0.000467,35,0.000007,0,1,1,0,1,1
25739959,,0,0.000467,35,0.000007,0,1,1,0,1,1
25735774,,0,0.000467,35,0.000007,0,1,1,0,1,1
25575446,,0,0.001012,35,0.000007,0,2,2,0,2,2
25574598,,0,0.001447,35,0.000007,0,4,4,0,4,4
25422594,,0,0.000467,35,0.000007,0,1,1,0,1,1
25395320,,0,0.000467,35,0.000007,0,1,1,0,1,1
25368990,,0,0.000467,35,0.000007,0,1,1,0,1,1
25354395,,0,0.000467,35,0.000007,0,1,1,0,1,1
25330770,,0,0.001132,1,0.000007,0,4,4,0,4,4
25285159,,0,0.000467,35,0.000007,0,1,1,0,1,1
25241036,,0,0.001197,35,0.000007,0,4,4,0,4,4
25231403,,0,0.000467,35,0.000007,0,1,1,0,1,1
25208879,,0,0.000884,35,0.000007,0,4,4,0,4,4
25195861,,0,0.000467,35,0.000007,0,1,1,0,1,1
25137487,,0,0.000467,35,0.000007,0,1,1,0,1,1
25109337,,0,0.000467,35,0.000007,0,1,1,0,1,1
25092896,,0,0.001683,35,0.000007,0,4,4,0,4,4
25079073,,0,0.000467,35,0.000007,0,1,1,0,1,1
25072025,,0,0.000467,35,0.000007,0,1,1,0,1,1
25069779,,0,0.000467,35,0.000007,0,1,1,0,1,1
25043748,,0,0.000492,35,0.000007,0,2,2,0,2,2
24981741,,0,0.000467,35,0.000007,0,1,1,0,1,1
24916698,,0,0.007902,35,0.000007,0,2,2,0,2,2
24888586,,0,0.001417,35,0.000007,0,4,4,0,4,4
24835590,,0,0.000684,35,0.000007,0,4,4,0,4,4
24832086,,0,0.000467,35,0.000007,0,1,1,0,1,1
24718286,,0,0.000467,35,0.000007,0,1,1,0,1,1
24695311,,0,0.000467,35,0.000007,0,1,1,0,1,1
24665412,,0,0.001012,35,0.000007,0,2,2,0,2,2
24648766,,0,0.000473,35,0.000007,0,2,2,0,2,2
24626992,,0,0.000712,35,0.000007,0,2,2,0,2,2
24460676,,0,0.000467,35,0.000007,0,1,1,0,1,1
24426833,,0,0.000467,35,0.000007,0,1,1,0,1,1
24276237,,0,0.000657,35,0.000007,0,2,2,0,2,2
24252758,,0,0.000467,35,0.000007,0,1,1,0,1,1
24239860,,0,0.000528,100,0.000007,0,2,2,0,2,2
24238140,,0,0.000637,35,0.000007,0,3,3,0,3,3
24218051,,0,0.000467,35,0.000007,0,1,1,0,1,1
24209998,,0,0.0005,66,0.000007,0,2,2,0,2,2
24171719,,0,0.001363,35,0.000007,0,6,6,0,6,6
24116027,,0,0.000467,35,0.000007,0,1,1,0,1,1
24075993,,0,0.000467,35,0.000007,0,1,1,0,1,1
24034496,,0,0.000467,35,0.000007,0,1,1,0,1,1
24029233,,0,0.001012,35,0.000007,0,2,2,0,2,2
23966295,,0,0.000467,35,0.000007,0,1,1,0,1,1
23940356,,0,0.000467,35,0.000007,0,1,1,0,1,1
23919753,,0,0.000467,35,0.000007,0,1,1,0,1,1
23919516,,0,0.000467,35,0.000007,0,1,1,0,1,1
23905624,,0,0.011444,1,0.000007,0,6,6,0,6,6
23844228,,0,0.000467,35,0.000007,0,1,1,0,1,1
23832665,,0,0.001417,35,0.000007,0,4,4,0,4,4
23811944,,0,0.000467,35,0.000007,0,1,1,0,1,1
23771733,,0,0.001012,35,0.000007,0,2,2,0,2,2
23743355,,0,0.007902,35,0.000007,0,2,2,0,2,2
23645210,,0,0.000467,35,0.000007,0,1,1,0,1,1
23633485,,0,0.000467,35,0.000007,0,1,1,0,1,1
23601498,,0,0.000467,35,0.000007,0,1,1,0,1,1
23559372,,0,0.00066,35,0.000007,0,3,3,0,3,3
23555570,,0,0.000467,35,0.000007,0,1,1,0,1,1
23486760,,0,0.001578,35,0.000007,0,4,4,0,4,4
23447563,,0,0.000467,35,0.000007,0,1,1,0,1,1
23407024,,0,0.000467,35,0.000007,0,1,1,0,1,1
23404817,,0,0.001708,35,0.000007,0,4,4,0,4,4
23378344,,0,0.000473,35,0.000007,0,2,2,0,2,2
23376849,,0,0.001012,35,0.000007,0,2,2,0,2,2
23339383,,0,0.000467,35,0.000007,0,1,1,0,1,1
23336100,,0,0.000467,35,0.000007,0,1,1,0,1,1
23334328,,0,0.000467,35,0.000007,0,1,1,0,1,1
23333314,,0,0.000467,35,0.000007,0,1,1,0,1,1
23332765,,0,0.000467,35,0.000007,0,1,1,0,1,1
23258598,,0,0.00063,35,0.000007,0,2,2,0,2,2
23226572,,0,0.000467,35,0.000007,0,1,1,0,1,1
23222490,,0,0.000467,35,0.000007,0,1,1,0,1,1
23144919,,0,0.000467,35,0.000007,0,1,1,0,1,1
23088371,,0,0.001604,35,0.000007,0,5,5,0,5,5
23086238,,0,0.000627,35,0.000007,0,2,2,0,2,2
22964639,,0,0.000467,35,0.000007,0,1,1,0,1,1
22923691,,0,0.000467,35,0.000007,0,1,1,0,1,1
22917467,,0,0.000467,35,0.000007,0,1,1,0,1,1
22880004,,0,0.000502,35,0.000007,0,2,2,0,2,2
22872574,,0,0.000579,35,0.000007,0,3,3,0,3,3
22869594,,0,0.000467,35,0.000007,0,1,1,0,1,1
22811582,,0,0.000735,35,0.000007,0,3,3,0,3,3
22654675,,0,0.001012,35,0.000007,0,2,2,0,2,2
22638577,,0,0.001257,35,0.000007,0,3,3,0,3,3
22621393,,0,0.000467,35,0.000007,0,1,1,0,1,1
22588949,,0,0.000467,35,0.000007,0,1,1,0,1,1
22516258,,0,0.000467,35,0.000007,0,1,1,0,1,1
22406531,,0,0.00058,35,0.000007,0,2,2,0,2,2
22379025,,0,0.000467,35,0.000007,0,1,1,0,1,1
22356861,,0,0.000467,35,0.000007,0,1,1,0,1,1
22264257,,0,0.000467,35,0.000007,0,1,1,0,1,1
22245215,,0,0.000467,35,0.000007,0,1,1,0,1,1
22225988,,0,0.00146,35,0.000007,0,6,6,0,6,6
22178756,,0,0.001012,35,0.000007,0,2,2,0,2,2
22140470,,0,0.000467,35,0.000007,0,1,1,0,1,1
22080062,,0,0.00058,35,0.000007,0,2,2,0,2,2
22070644,,0,0.000467,35,0.000007,0,1,1,0,1,1
22044755,,0,0.001012,35,0.000007,0,2,2,0,2,2
22003129,,0,0.001492,35,0.000007,0,3,3,0,3,3
21996730,,0,0.000467,35,0.000007,0,1,1,0,1,1
21982277,,0,0.000467,35,0.000007,0,1,1,0,1,1
21970857,,0,0.000467,35,0.000007,0,1,1,0,1,1
21955753,,0,0.000696,35,0.000007,0,4,4,0,4,4
21955520,,0,0.000467,35,0.000007,0,1,1,0,1,1
21952072,,0,0.001125,35,0.000007,0,3,3,0,3,3
21884641,,0,0.000706,35,0.000007,0,3,3,0,3,3
21846369,,0,0.000514,35,0.000007,0,3,3,0,3,3
21823029,,0,0.007126,35,0.000007,0,2,2,0,2,2
21790289,,0,0.000467,35,0.000007,0,1,1,0,1,1
21779441,,0,0.000467,35,0.000007,0,1,1,0,1,1
21774828,,0,0.000467,35,0.000007,0,1,1,0,1,1
21671017,,0,0.001012,35,0.000007,0,2,2,0,2,2
21666721,,0,0.000467,35,0.000007,0,1,1,0,1,1
21646685,,0,0.000888,35,0.000007,0,3,3,0,3,3
21636700,,0,0.000467,35,0.000007,0,1,1,0,1,1
21555371,,0,0.000467,35,0.000007,0,1,1,0,1,1
21541292,,0,0.001515,35,0.000007,0,4,4,0,4,4
21532625,,0,0.001257,35,0.000007,0,3,3,0,3,3
21518866,,0,0.000467,35,0.000007,0,1,1,0,1,1
21518778,,0,0.000467,35,0.000007,0,1,1,0,1,1
21460848,,0,0.000467,35,0.000007,0,1,1,0,1,1
21411524,,0,0.000467,35,0.000007,0,1,1,0,1,1
21392411,,0,0.00137,35,0.000007,0,4,4,0,4,4
21347235,,0,0.000467,35,0.000007,0,1,1,0,1,1
21318167,,0,0.000467,35,0.000007,0,1,1,0,1,1
21285277,,0,0.000467,35,0.000007,0,1,1,0,1,1
21280161,,0,0.000788,35,0.000007,0,2,2,0,2,2
21084258,,0,0.000467,35,0.000007,0,1,1,0,1,1
21067528,,0,0.000467,35,0.000007,0,1,1,0,1,1
21059124,,0,0.000467,35,0.000007,0,1,1,0,1,1
20956247,,0,0.000467,35,0.000007,0,1,1,0,1,1
20943648,,0,0.000467,35,0.000007,0,1,1,0,1,1
20937082,,0,0.000467,35,0.000007,0,1,1,0,1,1
20920250,,0,0.000467,35,0.000007,0,1,1,0,1,1
20878115,,0,0.000467,35,0.000007,0,1,1,0,1,1
20816503,,0,0.000467,35,0.000007,0,1,1,0,1,1
20697156,,0,0.000467,35,0.000007,0,1,1,0,1,1
20679727,,0,0.001606,35,0.000007,0,5,5,0,5,5
20644708,,0,0.000467,35,0.000007,0,1,1,0,1,1
20628393,,0,0.000467,35,0.000007,0,1,1,0,1,1
20605923,,0,0.000467,35,0.000007,0,1,1,0,1,1
20599450,,0,0.001359,35,0.000007,0,4,4,0,4,4
20594364,,0,0.000467,35,0.000007,0,1,1,0,1,1
20550730,,0,0.001012,35,0.000007,0,2,2,0,2,2
20501844,,0,0.000467,35,0.000007,0,1,1,0,1,1
20455012,,0,0.000467,35,0.000007,0,1,1,0,1,1
20360852,,0,0.000467,35,0.000007,0,1,1,0,1,1
20346151,,0,0.001012,35,0.000007,0,2,2,0,2,2
20133812,,0,0.000788,35,0.000007,0,2,2,0,2,2
20129248,,0,0.000467,35,0.000007,0,1,1,0,1,1
20070909,,0,0.000467,35,0.000007,0,1,1,0,1,1
20015407,,0,0.000467,35,0.000007,0,1,1,0,1,1
19805309,,0,0.000467,35,0.000007,0,1,1,0,1,1
19672307,,0,0.000467,35,0.000007,0,1,1,0,1,1
19666588,,0,0.000467,35,0.000007,0,1,1,0,1,1
19565513,,0,0.000467,35,0.000007,0,1,1,0,1,1
19505649,,0,0.000467,35,0.000007,0,1,1,0,1,1
19477432,,0,0.000467,35,0.000007,0,1,1,0,1,1
19470724,,0,0.000467,35,0.000007,0,1,1,0,1,1
19447866,,0,0.000467,35,0.000007,0,1,1,0,1,1
19435916,,0,0.000467,35,0.000007,0,1,1,0,1,1
19435886,,0,0.000831,35,0.000007,0,2,2,0,2,2
19197353,,0,0.000642,231,0.000007,0,2,2,0,2,2
19048079,,0,0.000467,35,0.000007,0,1,1,0,1,1
18828866,,0,0.000788,35,0.000007,0,2,2,0,2,2
18698413,,0,0.000467,35,0.000007,0,1,1,0,1,1
18670642,,0,0.000467,35,0.000007,0,1,1,0,1,1
18559513,,0,0.000467,35,0.000007,0,1,1,0,1,1
18483252,,0,0.000467,35,0.000007,0,1,1,0,1,1
18410732,,0,0.000467,35,0.000007,0,1,1,0,1,1
18378907,,0,0.000467,35,0.000007,0,1,1,0,1,1
18362934,,0,0.000467,35,0.000007,0,1,1,0,1,1
18283333,,0,0.000467,35,0.000007,0,1,1,0,1,1
18068631,,0,0.000467,35,0.000007,0,1,1,0,1,1
17493881,,0.000694,0,140,0.000013,7,0,7,7,0,7
17496925,,0.002738,0,5,0.000056,23,0,23,23,0,23
17497650,,0.000168,0,100,0.00001,3,0,3,3,0,3
17497966,,0.000112,0,89,0.000008,2,0,2,2,0,2
17498529,,0.00049,0,5,0.000014,5,0,5,5,0,5
17498966,,0.001713,0,89,0.000069,27,0,27,27,0,27
28673325,,0,0.000035,72,0.000007,0,2,2,0,2,2
28640659,,0,0.000084,35,0.000007,0,2,2,0,2,2
26124080,,0,0.000037,35,0.000007,0,2,2,0,2,2
25870785,,0,0.000033,89,0.000007,0,1,1,0,1,1
22968699,,0,0.000033,89,0.000007,0,1,1,0,1,1
21912671,,0,0.000033,89,0.000007,0,1,1,0,1,1
21092294,,0.000018,0.000087,279,0.000018,4,4,8,4,4,8
23448375,,0,0.000018,100,0.000007,0,1,1,0,1,1
23300510,,0,0.000018,100,0.000007,0,1,1,0,1,1
21593744,,0,0.000018,100,0.000007,0,1,1,0,1,1
17953491,,0,0.000018,100,0.000007,0,1,1,0,1,1
26903627,,0,0.000067,90,0.000007,0,5,5,0,5,5
17505062,,0.00156,0,90,0.000082,23,0,23,23,0,23
26609493,,0,0.0001,90,0.000007,0,2,2,0,2,2
25625619,,0,0.000036,90,0.000007,0,2,2,0,2,2
23880761,,0.000028,0.000207,35,0.000046,8,3,11,8,3,11
21292829,,0,0.00003,90,0.000007,0,1,1,0,1,1
19450430,,0,0.00003,90,0.000007,0,1,1,0,1,1
17505204,,0.001413,0,5,0.000034,20,0,20,20,0,20
27507685,,0,0.000032,5,0.000007,0,2,2,0,2,2
20401527,,0,0.000032,5,0.000007,0,2,2,0,2,2
30135644,,0,0.000051,100,0.000007,0,2,2,0,2,2
29628886,,0,0.000004,100,0.000007,0,1,1,0,1,1
25147748,,0,0.000004,100,0.000007,0,1,1,0,1,1
25061053,,0,0.000004,100,0.000007,0,1,1,0,1,1
23861893,,0.000038,0.000004,100,0.000095,18,1,19,18,1,19
21931181,,0,0.000004,100,0.000007,0,1,1,0,1,1
21729327,,0,0.000004,100,0.000007,0,1,1,0,1,1
21630160,,0,0.000004,100,0.000007,0,1,1,0,1,1
21621175,,0,0.000067,100,0.000007,0,2,2,0,2,2
20584423,,0,0.000004,100,0.000007,0,1,1,0,1,1
20509949,,0,0.000022,100,0.000007,0,2,2,0,2,2
19623258,,0,0.000004,100,0.000007,0,1,1,0,1,1
19164506,,0,0.000004,100,0.000007,0,1,1,0,1,1
18784806,,0,0.000004,100,0.000007,0,1,1,0,1,1
18088378,,0,0.000004,100,0.000007,0,1,1,0,1,1
29511339,,0,0.000085,100,0.000007,0,2,2,0,2,2
17505880,,0.000002,0,100,0.000016,2,0,2,2,0,2
28260096,,0,0,100,0.000007,0,1,1,0,1,1
27029552,,0,0.000003,5,0.000007,0,1,1,0,1,1
17507615,,0.000172,0,5,0.000056,13,0,13,13,0,13
26063478,,0,0.000003,5,0.000007,0,2,2,0,2,2
24769862,,0,0.000003,5,0.000007,0,1,1,0,1,1
22293536,,0,0.000003,5,0.000007,0,1,1,0,1,1
21876539,,0,0.000003,5,0.000007,0,1,1,0,1,1
21721019,,0,0.000003,5,0.000007,0,1,1,0,1,1
17508290,,0.000655,0,35,0.000069,20,0,20,20,0,20
26886624,,0,0.000012,35,0.000007,0,1,1,0,1,1
26036638,,0,0.000012,35,0.000007,0,1,1,0,1,1
22894538,,0,0.000012,35,0.000007,0,1,1,0,1,1
19264808,,0,0.000012,35,0.000007,0,1,1,0,1,1
17510055,,0.001799,0,100,0.00003,10,0,10,10,0,10
22174016,,0,0.000034,100,0.000007,0,1,1,0,1,1
21705204,,0,0.000034,100,0.000007,0,1,1,0,1,1
27469204,,0,0.000016,100,0.000007,0,2,2,0,2,2
26962213,,0,0.000011,100,0.000007,0,1,1,0,1,1
21930385,,0,0.000257,1,0.000007,0,3,3,0,3,3
21399659,,0,0.000011,100,0.000007,0,1,1,0,1,1
17513806,,0.00189,0,89,0.000062,29,0,29,29,0,29
29057560,,0,0.000036,89,0.000007,0,1,1,0,1,1
28864942,,0,0.000036,89,0.000007,0,1,1,0,1,1
23568436,,0,0.000036,89,0.000007,0,1,1,0,1,1
22820313,,0,0.000036,89,0.000007,0,1,1,0,1,1
22204421,,0,0.000036,89,0.000007,0,1,1,0,1,1
17520345,,0,0,5,0.000009,1,0,1,1,0,1
29167269,,0,0.002811,100,0.000007,0,7,7,0,7,7
29089486,,0,0.008303,100,0.000007,0,3,3,0,3,3
28860160,,0,0.001981,100,0.000007,0,7,7,0,7,7
28783053,,0,0.00208,100,0.000007,0,4,4,0,4,4
28681078,,0,0.002941,100,0.000007,0,12,12,0,12,12
28553110,,0,0.000828,24,0.000007,0,3,3,0,3,3
28525740,,0,0.001796,100,0.000007,0,5,5,0,5,5
28459440,,0,0.001461,100,0.000007,0,2,2,0,2,2
28330605,,0,0.000824,100,0.000007,0,1,1,0,1,1
28009280,,0.000015,0.001858,100,0.000008,1,6,7,1,6,7
27410735,,0,0.002934,100,0.000007,0,5,5,0,5,5
27259701,,0,0.002805,100,0.000007,0,5,5,0,5,5
27251328,,0,0.000832,232,0.000007,0,2,2,0,2,2
27161866,,0,0.002481,100,0.000007,0,8,8,0,8,8
26983989,,0,0.004889,100,0.000007,0,14,14,0,14,14
26788910,,0,0.001365,100,0.000007,0,3,3,0,3,3
26748910,,0,0.003238,100,0.000007,0,10,10,0,10,10
26719330,,0.000127,0.002864,100,0.00004,8,7,15,8,7,15
26650195,,0,0.000832,232,0.000007,0,2,2,0,2,2
26256786,,0,0.002512,100,0.000007,0,5,5,0,5,5
26027929,,0.000058,0.003069,100,0.000046,10,11,21,10,11,21
25607646,,0,0.001849,100,0.000007,0,5,5,0,5,5
25208583,,0,0.000824,100,0.000007,0,1,1,0,1,1
25113974,,0,0.00171,100,0.000007,0,3,3,0,3,3
24961813,,0,0.001461,100,0.000007,0,2,2,0,2,2
24704006,,0,0.003025,100,0.000007,0,6,6,0,6,6
24627472,,0.000125,0.001657,100,0.000014,3,5,8,3,5,8
24210823,,0,0.002048,100,0.000007,0,3,3,0,3,3
23615962,,0,0.004108,100,0.000007,0,7,7,0,7,7
23230272,,0.000634,0.003035,100,0.000087,23,6,29,23,6,29
23211528,,0.002997,0.002789,100,0.000176,62,6,68,62,6,68
23056298,,0,0.000824,100,0.000007,0,1,1,0,1,1
22819327,,0,0.0024,100,0.000007,0,4,4,0,4,4
22713238,,0,0.00171,100,0.000007,0,3,3,0,3,3
22689573,,0,0.00302,100,0.000007,0,8,8,0,8,8
22681887,,0,0.002048,100,0.000007,0,3,3,0,3,3
22679021,,0,0.003025,100,0.000007,0,6,6,0,6,6
22508508,,0,0.003187,100,0.000007,0,7,7,0,7,7
22492721,,0,0.005185,100,0.000007,0,10,10,0,10,10
22414377,,0,0.003157,100,0.000007,0,6,6,0,6,6
22285574,,0,0.003813,100,0.000007,0,6,6,0,6,6
21444325,,0,0.003475,100,0.000007,0,7,7,0,7,7
21437268,,0,0.000824,100,0.000007,0,1,1,0,1,1
21071436,,0,0.001461,100,0.000007,0,2,2,0,2,2
20550933,,0,0.002934,100,0.000007,0,5,5,0,5,5
20032457,,0,0.002505,100,0.000007,0,6,6,0,6,6
20000738,,0,0.001929,100,0.000007,0,4,4,0,4,4
19818714,,0,0.002512,100,0.000007,0,5,5,0,5,5
19615732,,0,0.001627,100,0.000007,0,3,3,0,3,3
19328070,,0,0.002747,100,0.000007,0,5,5,0,5,5
19139074,,0,0.001358,100,0.000007,0,2,2,0,2,2
19064641,,0,0.002747,100,0.000007,0,5,5,0,5,5
18510356,,0,0.000824,100,0.000007,0,1,1,0,1,1
17698038,,0,0.002213,100,0.000007,0,4,4,0,4,4
17686971,,0,0.002048,100,0.000007,0,3,3,0,3,3
29725124,,0,0.000754,100,0.000007,0,3,3,0,3,3
29206178,,0,0.001209,100,0.000007,0,6,6,0,6,6
29058666,,0,0.000637,100,0.000007,0,1,1,0,1,1
28698521,,0,0.0007,100,0.000007,0,3,3,0,3,3
28580118,,0,0.001281,100,0.000007,0,3,3,0,3,3
28244987,,0,0.000637,100,0.000007,0,1,1,0,1,1
28191850,,0,0.000637,100,0.000007,0,1,1,0,1,1
28052459,,0,0.000637,100,0.000007,0,1,1,0,1,1
27313763,,0,0.001143,24,0.000013,1,5,6,1,5,6
27012468,,0,0.000638,367,0.000007,0,2,2,0,2,2
26845027,,0,0.002449,100,0.000007,0,12,12,0,12,12
26368668,,0,0.000637,100,0.000007,0,1,1,0,1,1
26332771,,0,0.000644,184,0.000007,0,2,2,0,2,2
25909477,,0,0.001224,100,0.000007,0,2,2,0,2,2
25695757,,0,0.004225,100,0.000007,0,11,11,0,11,11
25636339,,0,0.001094,100,0.000007,0,4,4,0,4,4
25533186,,0,0.000637,100,0.000007,0,1,1,0,1,1
25483092,,0,0.001253,100,0.000007,0,3,3,0,3,3
24787148,,0,0.000637,100,0.000007,0,1,1,0,1,1
24441036,,0,0.001182,100,0.000007,0,5,5,0,5,5
24309542,,0,0.000637,100,0.000007,0,1,1,0,1,1
24196443,,0,0.001576,100,0.000007,0,3,3,0,3,3
24151880,,0,0.000637,100,0.000007,0,1,1,0,1,1
24075985,,0,0.000781,100,0.000007,0,2,2,0,2,2
24039955,,0,0.001243,100,0.000007,0,3,3,0,3,3
23994712,,0,0.000694,100,0.000007,0,2,2,0,2,2
23987141,,0,0.000637,100,0.000007,0,1,1,0,1,1
23634257,,0,0.00148,100,0.000007,0,4,4,0,4,4
23498941,,0,0.001171,100,0.000007,0,2,2,0,2,2
22970855,,0,0.000637,100,0.000007,0,1,1,0,1,1
22101936,,0,0.001171,100,0.000007,0,2,2,0,2,2
21888914,,0,0.000637,100,0.000007,0,1,1,0,1,1
21549706,,0,0.001837,100,0.000007,0,5,5,0,5,5
21448225,,0,0.000728,100,0.000007,0,2,2,0,2,2
21212734,,0,0.002333,100,0.000007,0,5,5,0,5,5
21187428,,0,0.001224,100,0.000007,0,2,2,0,2,2
21124883,,0,0.000637,100,0.000007,0,1,1,0,1,1
21041483,,0,0.00211,100,0.000007,0,4,4,0,4,4
20181483,,0,0.000637,100,0.000007,0,1,1,0,1,1
20160506,,0,0.001171,100,0.000007,0,2,2,0,2,2
20029837,,0,0.000637,100,0.000007,0,1,1,0,1,1
19690555,,0,0.000637,100,0.000007,0,1,1,0,1,1
19500350,,0,0.00211,100,0.000007,0,4,4,0,4,4
19295498,,0,0.000637,100,0.000007,0,1,1,0,1,1
18842586,,0,0.001765,100,0.000007,0,4,4,0,4,4
18597043,,0,0.001171,100,0.000007,0,2,2,0,2,2
17525342,,0.030785,0,100,0.000609,227,0,227,227,0,227
30090538,,0,0.000738,100,0.000007,0,2,2,0,2,2
28733602,,0,0.000598,140,0.000007,0,2,2,0,2,2
28167503,,0,0.000587,100,0.000007,0,1,1,0,1,1
27325694,,0,0.000587,100,0.000007,0,1,1,0,1,1
27194101,,0,0.000587,100,0.000007,0,1,1,0,1,1
26412854,,0,0.00184,100,0.000007,0,9,9,0,9,9
25289083,,0,0.000587,100,0.000007,0,1,1,0,1,1
25232094,,0,0.000587,100,0.000007,0,1,1,0,1,1
25017332,,0,0.000587,100,0.000007,0,1,1,0,1,1
24711370,,0,0.000806,367,0.000007,0,3,3,0,3,3
24363387,,0.001688,0.002585,100,0.000184,53,4,57,53,4,57
24324262,,0,0.000587,100,0.000007,0,1,1,0,1,1
24124496,,0,0.000665,24,0.000007,0,5,5,0,5,5
23550136,,0,0.000587,100,0.000007,0,1,1,0,1,1
23122415,,0,0.001121,100,0.000007,0,2,2,0,2,2
21131906,,0,0.001121,100,0.000007,0,2,2,0,2,2
20949063,,0,0.000587,100,0.000007,0,1,1,0,1,1
20164180,,0,0.000905,100,0.000007,0,2,2,0,2,2
19920177,,0,0.000587,100,0.000007,0,1,1,0,1,1
19808933,,0,0.000587,100,0.000007,0,1,1,0,1,1
17526613,,0.000086,0,198,0.000015,3,0,3,3,0,3
21610994,,0,0.000002,198,0.000007,0,1,1,0,1,1
17531442,,0.001014,0,100,0.000041,9,0,9,9,0,9
21705453,,0.000214,0.000265,279,0.000094,19,3,22,19,3,22
17532207,,0,0,151,0.000043,8,0,8,8,0,8
26343966,,0,0,151,0.000007,0,1,1,0,1,1
25071769,,0,0,151,0.000007,0,1,1,0,1,1
21846819,,0,0,151,0.000007,0,1,1,0,1,1
20501761,,0,0,151,0.000007,0,1,1,0,1,1
29109519,,0,0.000154,5,0.000007,0,3,3,0,3,3
17541742,,0.000574,0,69,0.000024,8,0,8,8,0,8
17545591,,0.000717,0,2,0.000087,26,0,26,26,0,26
27391432,,0,0.000014,2,0.000007,0,1,1,0,1,1
27345524,,0,0.000014,2,0.000007,0,1,1,0,1,1
26278472,,0,0.000014,2,0.000007,0,1,1,0,1,1
26141605,,0,0.000045,2,0.000007,0,2,2,0,2,2
24498199,,0,0.000018,2,0.000007,0,2,2,0,2,2
30311375,,0,0.000103,205,0.000007,0,3,3,0,3,3
17545690,,0.001705,0,89,0.000384,81,0,81,81,0,81
30115886,,0,0.000033,89,0.000007,0,1,1,0,1,1
30007404,,0,0.000033,89,0.000007,0,1,1,0,1,1
29915281,,0,0.000033,89,0.000007,0,1,1,0,1,1
29798843,,0,0.000033,89,0.000007,0,1,1,0,1,1
29545726,,0,0.000047,89,0.000007,0,4,4,0,4,4
29527007,,0,0.000033,89,0.000007,0,1,1,0,1,1
29468433,,0,0.000033,89,0.000007,0,1,1,0,1,1
29348693,,0,0.000033,89,0.000007,0,1,1,0,1,1
29231860,,0,0.000033,89,0.000007,0,1,1,0,1,1
28789394,,0,0.000035,89,0.000007,0,2,2,0,2,2
28688938,,0,0.000033,89,0.000007,0,1,1,0,1,1
28460635,,0,0.000033,89,0.000007,0,1,1,0,1,1
27995193,,0,0.000033,89,0.000007,0,1,1,0,1,1
27512640,,0,0.000071,89,0.000007,0,2,2,0,2,2
27192129,,0,0.000157,89,0.000007,0,4,4,0,4,4
27151223,,0,0.000033,89,0.000007,0,1,1,0,1,1
27064202,,0,0.000043,89,0.000007,0,2,2,0,2,2
26945372,,0,0.000033,89,0.000007,0,1,1,0,1,1
26811650,,0,0.000033,89,0.000007,0,1,1,0,1,1
26633979,,0,0.000033,89,0.000007,0,1,1,0,1,1
26506520,,0,0.000072,89,0.000007,0,2,2,0,2,2
26443527,,0,0.000033,89,0.000007,0,1,1,0,1,1
25388006,,0,0.000033,89,0.000007,0,1,1,0,1,1
25187893,,0,0.000033,89,0.000007,0,1,1,0,1,1
25180051,,0,0.000033,89,0.000007,0,1,1,0,1,1
25089230,,0,0.000033,89,0.000007,0,1,1,0,1,1
24618998,,0,0.000033,89,0.000007,0,1,1,0,1,1
24424122,,0,0.000134,89,0.000007,0,3,3,0,3,3
24366306,,0,0.000086,89,0.000007,0,4,4,0,4,4
24023670,,0,0.000044,89,0.000007,0,3,3,0,3,3
23849133,,0,0.000033,89,0.000007,0,1,1,0,1,1
23599619,,0,0.000334,205,0.000007,0,3,3,0,3,3
23443028,,0,0.000144,89,0.000007,0,2,2,0,2,2
23431106,,0,0.000033,89,0.000007,0,1,1,0,1,1
23209465,,0,0.000033,89,0.000007,0,1,1,0,1,1
22943015,,0,0.000033,89,0.000007,0,1,1,0,1,1
22853774,,0,0.000033,89,0.000007,0,1,1,0,1,1
22850631,,0,0.000033,89,0.000007,0,1,1,0,1,1
22470475,,0,0.000033,89,0.000007,0,1,1,0,1,1
22225527,,0,0.000033,89,0.000007,0,1,1,0,1,1
21853084,,0,0.000033,89,0.000007,0,1,1,0,1,1
21459793,,0,0.000033,89,0.000007,0,1,1,0,1,1
21333186,,0,0.000033,89,0.000007,0,1,1,0,1,1
21331337,,0,0.000033,89,0.000007,0,1,1,0,1,1
20842455,,0,0.000071,89,0.000007,0,2,2,0,2,2
20591882,,0,0.000033,89,0.000007,0,1,1,0,1,1
19888225,,0,0.000033,89,0.000007,0,1,1,0,1,1
19725995,,0,0.000033,89,0.000007,0,1,1,0,1,1
19657673,,0,0.000033,89,0.000007,0,1,1,0,1,1
19636637,,0,0.000033,89,0.000007,0,1,1,0,1,1
19142109,,0,0.000033,89,0.000007,0,1,1,0,1,1
19107147,,0,0.000033,89,0.000007,0,1,1,0,1,1
18442100,,0,0.000033,89,0.000007,0,1,1,0,1,1
17550235,,0.001324,0,100,0.000024,16,0,16,16,0,16
28491153,,0,0.00001,66,0.000007,0,1,1,0,1,1
17551255,,0.000527,0,66,0.000021,4,0,4,4,0,4
22096725,,0,0.00001,66,0.000007,0,1,1,0,1,1
17555911,,0.000031,0,5,0.000009,3,0,3,3,0,3
17556008,,0.00031,0,100,0.000022,8,0,8,8,0,8
27287018,,0,0.000006,100,0.000007,0,1,1,0,1,1
29732392,,0,0.000005,231,0.000007,0,1,1,0,1,1
17557904,,0.000248,0,231,0.000076,31,0,31,31,0,31
24666523,,0,0.000005,231,0.000007,0,1,1,0,1,1
24378850,,0,0.000005,231,0.000007,0,1,1,0,1,1
22238607,,0,0.000005,231,0.000007,0,1,1,0,1,1
21586140,,0,0.000005,231,0.000007,0,1,1,0,1,1
19755987,,0,0.000005,231,0.000007,0,1,1,0,1,1
30123365,,0,0.000003,231,0.000007,0,2,2,0,2,2
17562079,,0.000173,0,231,0.000062,17,0,17,17,0,17
29702977,,0,0.000003,231,0.000007,0,2,2,0,2,2
22740932,,0,0.000003,231,0.000007,0,1,1,0,1,1
22724048,,0,0.000003,231,0.000007,0,1,1,0,1,1
20596647,,0,0.000003,231,0.000007,0,1,1,0,1,1
19630952,,0,0.000003,231,0.000007,0,1,1,0,1,1
18574484,,0,0.000003,231,0.000007,0,1,1,0,1,1
17570734,,0.00147,0,69,0.000031,12,0,12,12,0,12
19348698,,0,0.000028,69,0.000007,0,1,1,0,1,1
18728070,,0,0.000028,69,0.000007,0,1,1,0,1,1
18436899,,0,0.000028,69,0.000007,0,1,1,0,1,1
17572079,,0.000147,0,89,0.000028,9,0,9,9,0,9
28356770,,0,0.000003,89,0.000007,0,2,2,0,2,2
27496084,,0,0.000032,89,0.000007,0,3,3,0,3,3
24764719,,0,0.000007,5,0.000007,0,2,2,0,2,2
23563208,,0,0.000003,89,0.000007,0,1,1,0,1,1
17574839,,0.00564,0,5,0.000029,30,0,30,30,0,30
28120249,,0,0.001071,5,0.000007,0,19,19,0,19,19
26052370,,0,0.000871,231,0.000007,0,15,15,0,15,15
25743325,,0,0.000108,5,0.000007,0,2,2,0,2,2
24619173,,0.000142,0.000171,5,0.00001,5,6,11,5,6,11
23887607,,0,0.000108,5,0.000007,0,1,1,0,1,1
17574969,,0.000171,0,66,0.000009,2,0,2,2,0,2
17579227,,0.003749,0,5,0.00008,32,0,32,32,0,32
25713754,,0.000239,0.000298,89,0.000014,3,6,9,3,6,9
17579243,,0.001037,0,100,0.000018,5,0,5,5,0,5
28031389,,0,0,35,0.000007,0,1,1,0,1,1
17579499,,0.000001,0,35,0.00004,6,0,6,6,0,6
23000189,,0,0,35,0.000007,0,1,1,0,1,1
22727691,,0,0,35,0.000007,0,1,1,0,1,1
21150307,,0,0,35,0.000007,0,1,1,0,1,1
20532149,,0,0,35,0.000007,0,1,1,0,1,1
30303954,,0,0.000135,100,0.000007,0,1,1,0,1,1
27037360,,0,0.000135,100,0.000007,0,1,1,0,1,1
25502805,,0,0.000135,100,0.000007,0,1,1,0,1,1
25287128,,0,0.007901,100,0.000007,0,6,6,0,6,6
24395779,,0,0.000135,100,0.000007,0,1,1,0,1,1
24205214,,0,0.000135,100,0.000007,0,1,1,0,1,1
24204323,,0,0.000135,100,0.000007,0,1,1,0,1,1
24086043,,0,0.000135,100,0.000007,0,1,1,0,1,1
19022408,,0,0.000135,100,0.000007,0,1,1,0,1,1
19015241,,0,0.000135,100,0.000007,0,1,1,0,1,1
17582599,,0.000172,0,100,0.000015,7,0,7,7,0,7
20041760,,0,0.000006,100,0.000007,0,2,2,0,2,2
17584985,,0.000099,0,35,0.000013,1,0,1,1,0,1
28943928,,0,0.000041,231,0.000007,0,1,1,0,1,1
26485759,,0,0.00143,100,0.000007,0,12,12,0,12,12
22144497,,0,0.000041,5,0.000007,0,2,2,0,2,2
23914933,,0,0.000001,89,0.000007,0,1,1,0,1,1
17591842,,0.000041,0,89,0.000014,3,0,3,3,0,3
17591843,,0.005375,0,89,0.000061,56,0,56,56,0,56
29023372,,0,0.003261,1,0.000007,0,6,6,0,6,6
27974137,,0,0.000113,82,0.000007,0,4,4,0,4,4
27806054,,0,0.000102,89,0.000007,0,1,1,0,1,1
27208206,,0.000325,0.009047,1,0.000008,4,21,25,4,21,25
26161957,,0,0.000102,89,0.000007,0,1,1,0,1,1
24401097,,0,0.000435,89,0.000007,0,3,3,0,3,3
21978366,,0,0.000102,89,0.000007,0,1,1,0,1,1
19956539,,0,0.00018,231,0.000007,0,2,2,0,2,2
17591844,,0.000618,0,89,0.000008,3,0,3,3,0,3
17594133,,0.000156,0,5,0.000019,11,0,11,11,0,11
29396052,,0,0.000017,35,0.000007,0,1,1,0,1,1
17594689,,0.000882,0,35,0.000276,21,0,21,21,0,21
29310601,,0,0.000017,35,0.000007,0,1,1,0,1,1
28465351,,0,0.000017,35,0.000007,0,1,1,0,1,1
27807068,,0,0.000017,35,0.000007,0,1,1,0,1,1
27746764,,0,0.000017,35,0.000007,0,1,1,0,1,1
27276064,,0,0.000017,35,0.000007,0,1,1,0,1,1
27029001,,0,0.000017,35,0.000007,0,1,1,0,1,1
26983550,,0,0.000017,35,0.000007,0,1,1,0,1,1
25772448,,0,0.000017,35,0.000007,0,1,1,0,1,1
25231728,,0,0.000017,35,0.000007,0,1,1,0,1,1
23420497,,0,0.000017,35,0.000007,0,1,1,0,1,1
22358511,,0,0.000017,35,0.000007,0,1,1,0,1,1
21501518,,0,0.000062,35,0.000007,0,3,3,0,3,3
20427576,,0,0.000017,35,0.000007,0,1,1,0,1,1
18974135,,0,0.000017,35,0.000007,0,1,1,0,1,1
28146113,,0,0.000056,100,0.000007,0,1,1,0,1,1
23741615,,0,0.000056,100,0.000007,0,1,1,0,1,1
22102710,,0,0.000056,100,0.000007,0,1,1,0,1,1
18414032,,0,0.000056,100,0.000007,0,1,1,0,1,1
29209638,,0,0.00264,1,0.000007,0,8,8,0,8,8
17597348,,0.007105,0,1,0.000076,31,0,31,31,0,31
27880910,,0.00423,0.004564,1,0.000046,27,13,40,27,13,40
21811519,,0,0.000135,1,0.000007,0,1,1,0,1,1
19478806,,0,0.000135,1,0.000007,0,1,1,0,1,1
30139210,,0,0.000108,279,0.000007,0,2,2,0,2,2
17599361,,0.001182,0,279,0.000092,32,0,32,32,0,32
29401471,,0,0.000023,279,0.000007,0,1,1,0,1,1
27993161,,0,0.000043,279,0.000007,0,3,3,0,3,3
27895805,,0.000123,0.000194,279,0.000025,10,12,22,10,12,22
25689414,,0,0.000023,279,0.000007,0,1,1,0,1,1
23593078,,0,0.000023,279,0.000007,0,1,1,0,1,1
22925902,,0,0.000023,279,0.000007,0,1,1,0,1,1
21459801,,0,0.000023,279,0.000007,0,1,1,0,1,1
28292469,,0,0,232,0.000007,0,1,1,0,1,1
26869854,,0,0,232,0.000007,0,1,1,0,1,1
24824450,,0,0,232,0.000007,0,1,1,0,1,1
21706407,,0,0,232,0.000007,0,1,1,0,1,1
21567390,,0,0,232,0.000007,0,1,1,0,1,1
19539049,,0,0,232,0.000007,0,1,1,0,1,1
17601911,,0.000208,0,69,0.000013,4,0,4,4,0,4
26969429,,0,0.000014,69,0.000007,0,2,2,0,2,2
29495294,,0,0,156,0.000007,0,1,1,0,1,1
17602680,,0,0,156,0.000037,5,0,5,5,0,5
24919667,,0,0,156,0.000007,0,1,1,0,1,1
20353153,,0,0,156,0.000007,0,1,1,0,1,1
19865735,,0,0,156,0.000007,0,1,1,0,1,1
19548682,,0,0,156,0.000007,0,1,1,0,1,1
24282434,,0,0.00001,89,0.000007,0,1,1,0,1,1
23390954,,0,0.00001,89,0.000007,0,1,1,0,1,1
23325777,,0,0.00001,89,0.000007,0,1,1,0,1,1
22594601,,0,0.00001,89,0.000007,0,1,1,0,1,1
20707610,,0,0.00001,89,0.000007,0,1,1,0,1,1
20431033,,0,0.00001,89,0.000007,0,1,1,0,1,1
20220173,,0,0.00001,89,0.000007,0,1,1,0,1,1
20164272,,0,0.00001,89,0.000007,0,1,1,0,1,1
19889900,,0,0.00001,89,0.000007,0,1,1,0,1,1
19402901,,0,0.00001,89,0.000007,0,1,1,0,1,1
18402672,,0,0.00001,89,0.000007,0,1,1,0,1,1
27340655,,0,0.000005,100,0.000007,0,1,1,0,1,1
19704001,,0,0.000005,100,0.000007,0,1,1,0,1,1
18596044,,0,0.000005,100,0.000007,0,1,1,0,1,1
17611353,,0.000042,0,5,0.000008,1,0,1,1,0,1
22236189,,0,0.000001,1,0.000007,0,1,1,0,1,1
17611399,,0.000055,0,1,0.00002,3,0,3,3,0,3
18823376,,0,0.000001,1,0.000007,0,1,1,0,1,1
17611545,,0.000839,0,2,0.000137,37,0,37,37,0,37
29312614,,0,0.000016,2,0.000007,0,1,1,0,1,1
29234321,,0,0.000016,2,0.000007,0,1,1,0,1,1
28947659,,0,0.000016,2,0.000007,0,1,1,0,1,1
28947657,,0,0.000016,2,0.000007,0,2,2,0,2,2
28329686,,0,0.000018,2,0.000007,0,2,2,0,2,2
28193769,,0,0.000016,2,0.000007,0,1,1,0,1,1
27070700,,0,0.000016,2,0.000007,0,1,1,0,1,1
26405693,,0,0.000016,2,0.000007,0,1,1,0,1,1
26107557,,0,0.000018,2,0.000007,0,2,2,0,2,2
26082843,,0,0.000021,2,0.000007,0,2,2,0,2,2
25286960,,0,0.000016,2,0.000007,0,1,1,0,1,1
21747904,,0,0.000016,2,0.000007,0,1,1,0,1,1
17612526,,0.000404,0,111,0.000029,3,0,3,3,0,3
28811666,,0,0.000028,100,0.000007,0,2,2,0,2,2
17616665,,0.001136,0,100,0.000054,13,0,13,13,0,13
21270825,,0,0.000022,100,0.000007,0,1,1,0,1,1
19995934,,0,0.000022,100,0.000007,0,1,1,0,1,1
19889979,,0,0.000022,100,0.000007,0,1,1,0,1,1
19464237,,0,0.000022,100,0.000007,0,1,1,0,1,1
18519640,,0,0.000022,100,0.000007,0,1,1,0,1,1
28250766,,0,0.000059,100,0.000007,0,2,2,0,2,2
17616687,,0.001504,0,100,0.000044,12,0,12,12,0,12
22649757,,0,0.000029,100,0.000007,0,1,1,0,1,1
21205838,,0,0.00026,100,0.000007,0,2,2,0,2,2
18406444,,0,0.000029,100,0.000007,0,1,1,0,1,1
17617523,,0.004662,0,5,0.000064,28,0,28,28,0,28
26807242,,0,0.000089,5,0.000007,0,1,1,0,1,1
26109099,,0,0.000089,5,0.000007,0,2,2,0,2,2
22759383,,0,0.000089,5,0.000007,0,1,1,0,1,1
19423762,,0,0.000089,5,0.000007,0,1,1,0,1,1
28095866,,0,0,5,0.000007,0,1,1,0,1,1
21396807,,0,0.000016,5,0.000007,0,2,2,0,2,2
17620310,,0.00089,0,137,0.000066,25,0,25,25,0,25
25653879,,0,0.000017,137,0.000007,0,1,1,0,1,1
24196830,,0,0.000017,137,0.000007,0,1,1,0,1,1
23397111,,0,0.002755,1,0.000007,0,8,8,0,8,8
22203527,,0,0.000022,137,0.000007,0,2,2,0,2,2
21600837,,0,0.00013,137,0.000007,0,2,2,0,2,2
18708381,,0,0.000017,137,0.000007,0,1,1,0,1,1
18593953,,0,0.000017,137,0.000007,0,1,1,0,1,1
28276594,,0,0.000165,100,0.000007,0,1,1,0,1,1
28118297,,0,0.000165,100,0.000007,0,1,1,0,1,1
24732096,,0.000266,0.001051,100,0.000013,4,3,7,4,3,7
21855799,,0,0.000165,100,0.000007,0,1,1,0,1,1
20942953,,0,0.007046,100,0.000007,0,4,4,0,4,4
19448621,,0,0.000165,100,0.000007,0,1,1,0,1,1
17621726,,0.000867,0,1,0.00001,3,0,3,3,0,3
28766552,,0,0.000017,140,0.000007,0,2,2,0,2,2
17624600,,0.000416,0,140,0.000026,7,0,7,7,0,7
28051074,,0,0.000017,140,0.000007,0,2,2,0,2,2
26088032,,0,0.000008,140,0.000007,0,1,1,0,1,1
25741210,,0,0.000008,140,0.000007,0,1,1,0,1,1
17624601,,0.00167,0,5,0.00002,8,0,8,8,0,8
22563295,,0,0.000032,5,0.000007,0,1,1,0,1,1
17624602,,0.000348,0,89,0.000026,9,0,9,9,0,9
29264386,,0,0.000007,89,0.000007,0,1,1,0,1,1
27835607,,0,0.000122,89,0.000007,0,3,3,0,3,3
24880939,,0,0.000007,89,0.000007,0,1,1,0,1,1
30189117,,0,0.000328,35,0.000007,0,3,3,0,3,3
17625123,,0.011399,0,5,0.000084,59,0,59,59,0,59
26120478,,0,0.000217,5,0.000007,0,1,1,0,1,1
23800380,,0,0.000235,5,0.000007,0,2,2,0,2,2
23400272,,0,0.000217,5,0.000007,0,1,1,0,1,1
19260119,,0,0.000217,5,0.000007,0,1,1,0,1,1
18672216,,0,0.000217,5,0.000007,0,1,1,0,1,1
30214294,,0,0.000001,41,0.000007,0,1,1,0,1,1
17625244,,0.000033,0,41,0.000124,24,0,24,24,0,24
29793041,,0,0.000019,41,0.000007,0,2,2,0,2,2
28574428,,0,0.000001,41,0.000007,0,1,1,0,1,1
27404728,,0,0.000001,41,0.000007,0,1,1,0,1,1
25692115,,0,0.000001,41,0.000007,0,1,1,0,1,1
25178734,,0,0.000001,41,0.000007,0,1,1,0,1,1
24691473,,0,0.000012,41,0.000007,0,2,2,0,2,2
24395536,,0,0.000001,41,0.000007,0,1,1,0,1,1
23518201,,0,0.000213,41,0.000007,0,3,3,0,3,3
22958206,,0,0.000001,41,0.000007,0,1,1,0,1,1
22847213,,0,0.000012,41,0.000007,0,2,2,0,2,2
22303312,,0,0.000001,41,0.000007,0,1,1,0,1,1
22072582,,0,0.000001,41,0.000007,0,1,1,0,1,1
20530237,,0,0.000001,41,0.000007,0,1,1,0,1,1
19439226,,0,0.000001,41,0.000007,0,1,1,0,1,1
19399585,,0,0.000001,41,0.000007,0,1,1,0,1,1
18384097,,0,0.000001,41,0.000007,0,1,1,0,1,1
17625417,,0.00005,0,5,0.00002,3,0,3,3,0,3
21430192,,0,0.000001,5,0.000007,0,1,1,0,1,1
21072308,,0,0.000001,5,0.000007,0,1,1,0,1,1
29736010,,0,0.001137,100,0.000007,0,2,2,0,2,2
29527004,,0,0.00054,100,0.000007,0,3,3,0,3,3
29232628,,0,0.000606,100,0.000007,0,3,3,0,3,3
29227964,,0,0.000354,100,0.000007,0,1,1,0,1,1
29047390,,0,0.002673,231,0.000007,0,6,6,0,6,6
28736315,,0,0.001002,66,0.000007,0,10,10,0,10,10
28673316,,0,0.000373,66,0.000007,0,3,3,0,3,3
28558959,,0,0.008522,100,0.000007,0,3,3,0,3,3
28256574,,0,0.000459,35,0.000007,0,5,5,0,5,5
27876799,,0,0.000354,100,0.000007,0,1,1,0,1,1
27798604,,0,0.000859,35,0.000007,0,6,6,0,6,6
27524621,,0,0.00037,35,0.000007,0,3,3,0,3,3
27402769,,0.000469,0.002019,1,0.00003,8,10,18,8,10,18
26848978,,0,0.000441,100,0.000007,0,2,2,0,2,2
26603889,,0,0.000354,100,0.000007,0,1,1,0,1,1
26011570,,0.000276,0.00148,66,0.000054,15,8,23,15,8,23
25729425,,0,0.001137,100,0.000007,0,2,2,0,2,2
25713299,,0,0.000356,35,0.000007,0,2,2,0,2,2
25412848,,0.000404,0.001255,35,0.000033,11,5,16,11,5,16
25313051,,0,0.000367,100,0.000007,0,2,2,0,2,2
25281718,,0,0.001035,35,0.000007,0,6,6,0,6,6
24726234,,0,0.000354,100,0.000007,0,1,1,0,1,1
23945331,,0,0.000354,100,0.000007,0,1,1,0,1,1
23840115,,0,0.000354,100,0.000007,0,1,1,0,1,1
23690930,,0,0.000354,100,0.000007,0,1,1,0,1,1
23382223,,0,0.000419,100,0.000007,0,3,3,0,3,3
22876889,,0,0.000354,100,0.000007,0,1,1,0,1,1
22582146,,0,0.000354,100,0.000007,0,1,1,0,1,1
21779509,,0,0.00061,35,0.000007,0,3,3,0,3,3
21735458,,0,0.000354,100,0.000007,0,1,1,0,1,1
20942901,,0,0.008017,1,0.000007,0,3,3,0,3,3
20860854,,0,0.000354,100,0.000007,0,1,1,0,1,1
19691817,,0,0.000354,100,0.000007,0,1,1,0,1,1
18603116,,0,0.000354,100,0.000007,0,1,1,0,1,1
18559481,,0,0.000354,100,0.000007,0,1,1,0,1,1
18413729,,0,0.000354,100,0.000007,0,1,1,0,1,1
25830658,,0.000081,0.000788,231,0.000015,4,10,14,4,10,14
23253645,,0,0.000207,231,0.000007,0,2,2,0,2,2
17629551,,0.000035,0,69,0.000008,1,0,1,1,0,1
17634561,,0.000622,0,35,0.00001,5,0,5,5,0,5
25172839,,0,0.000002,5,0.000007,0,1,1,0,1,1
22190738,,0,0.000002,5,0.000007,0,1,1,0,1,1
20429896,,0,0.000002,5,0.000007,0,1,1,0,1,1
17635951,,0.003584,0,5,0.000034,22,0,22,22,0,22
26757262,,0,0.000109,5,0.000007,0,2,2,0,2,2
23601607,,0,0.000068,5,0.000007,0,1,1,0,1,1
23460635,,0,0.00011,5,0.000007,0,2,2,0,2,2
17636421,,0.000094,0,89,0.000012,4,0,4,4,0,4
29675121,,0,0.000003,89,0.000007,0,1,1,0,1,1
17636422,,0.000176,0,89,0.000024,9,0,9,9,0,9
24872741,,0,0.000003,89,0.000007,0,1,1,0,1,1
17636423,,0.000962,0,1,0.00004,8,0,8,8,0,8
17636424,,0.000159,0,89,0.000018,4,0,4,4,0,4
25916396,,0,0.000003,89,0.000007,0,1,1,0,1,1
30037026,,0,0.000001,66,0.000007,0,1,1,0,1,1
17640550,,0.000029,0,66,0.00008,17,0,17,17,0,17
29515634,,0,0.000001,66,0.000007,0,1,1,0,1,1
27774765,,0,0.000376,66,0.000007,0,3,3,0,3,3
27507988,,0,0.000001,66,0.000007,0,1,1,0,1,1
26193321,,0,0.000164,66,0.000007,0,4,4,0,4,4
22333181,,0,0.000001,66,0.000007,0,1,1,0,1,1
22252965,,0,0.000017,66,0.000007,0,2,2,0,2,2
22240029,,0,0.000001,66,0.000007,0,1,1,0,1,1
22025283,,0,0.000262,66,0.000007,0,5,5,0,5,5
21204711,,0,0.000001,66,0.000007,0,1,1,0,1,1
21037591,,0,0.000001,66,0.000007,0,1,1,0,1,1
20459554,,0,0.000001,66,0.000007,0,1,1,0,1,1
19563639,,0,0.000044,66,0.000007,0,2,2,0,2,2
19309522,,0,0.000001,66,0.000007,0,1,1,0,1,1
17641362,,0.000829,0,5,0.000164,53,0,53,53,0,53
29340287,,0,0.000016,5,0.000007,0,1,1,0,1,1
28991197,,0,0.000016,5,0.000007,0,1,1,0,1,1
28878847,,0,0.000016,5,0.000007,0,1,1,0,1,1
27898602,,0,0.00005,5,0.000007,0,3,3,0,3,3
27403012,,0,0.000016,5,0.000007,0,1,1,0,1,1
27379441,,0,0.000016,5,0.000007,0,1,1,0,1,1
26605912,,0,0.000016,5,0.000007,0,1,1,0,1,1
26019171,,0,0.000016,5,0.000007,0,1,1,0,1,1
25932356,,0,0.000016,5,0.000007,0,1,1,0,1,1
25896757,,0,0.000016,5,0.000007,0,1,1,0,1,1
25302146,,0,0.000016,5,0.000007,0,1,1,0,1,1
23596017,,0,0.000016,5,0.000007,0,1,1,0,1,1
22194502,,0,0.000016,5,0.000007,0,1,1,0,1,1
21828189,,0,0.000055,5,0.000007,0,2,2,0,2,2
21591007,,0,0.000016,5,0.000007,0,1,1,0,1,1
21529086,,0,0.000016,5,0.000007,0,1,1,0,1,1
19800542,,0,0.000016,5,0.000007,0,1,1,0,1,1
19383333,,0,0.000016,5,0.000007,0,1,1,0,1,1
19028613,,0,0.000016,5,0.000007,0,1,1,0,1,1
18649451,,0,0.000016,5,0.000007,0,1,1,0,1,1
17643121,,0.011689,0,100,0.000118,67,0,67,67,0,67
29397026,,0,0.00054,100,0.000007,0,2,2,0,2,2
17643122,,0.016654,0,100,0.000167,93,0,93,93,0,93
28754121,,0,0.000318,100,0.000007,0,1,1,0,1,1
26312564,,0,0.000318,72,0.000007,0,2,2,0,2,2
25283148,,0,0.000631,100,0.000007,0,3,3,0,3,3
24166934,,0,0.000344,100,0.000007,0,2,2,0,2,2
22162762,,0,0.000318,100,0.000007,0,1,1,0,1,1
21050828,,0,0.000608,57,0.000007,0,2,2,0,2,2
17645508,,0.000503,0,1,0.000008,1,0,1,1,0,1
17645981,,0.000172,0,279,0.000025,5,0,5,5,0,5
26191231,,0,0.000003,279,0.000007,0,1,1,0,1,1
18471305,,0,0.000003,279,0.000007,0,1,1,0,1,1
17646271,,0.003366,0,89,0.000027,34,0,34,34,0,34
29997359,,0,0.013191,1,0.000007,0,15,15,0,15,15
29276004,,0,0,157,0.000007,0,1,1,0,1,1
17653899,,0,0,157,0.000025,3,0,3,3,0,3
28219369,,0,0,157,0.000007,0,1,1,0,1,1
18835386,,0,0,157,0.000007,0,1,1,0,1,1
17657584,,0.000574,0,89,0.000011,7,0,7,7,0,7
26380059,,0,0.000039,89,0.000007,0,1,1,0,1,1
25853090,,0,0.000039,89,0.000007,0,1,1,0,1,1
24204729,,0,0.000044,89,0.000007,0,2,2,0,2,2
23953708,,0,0.000039,89,0.000007,0,1,1,0,1,1
22943016,,0,0.000039,89,0.000007,0,1,1,0,1,1
22080244,,0,0.000039,89,0.000007,0,1,1,0,1,1
20457567,,0,0.000039,89,0.000007,0,1,1,0,1,1
19583841,,0,0.000039,89,0.000007,0,1,1,0,1,1
19048123,,0,0.000039,89,0.000007,0,1,1,0,1,1
17661168,,0.000282,0,89,0.000009,5,0,5,5,0,5
17661812,,0.000378,0,231,0.000016,6,0,6,6,0,6
22910935,,0,0.000007,231,0.000007,0,1,1,0,1,1
30459528,,0,0.000031,35,0.000007,0,1,1,0,1,1
17668415,,0.001651,0,35,0.00014,34,0,34,34,0,34
29558384,,0,0.000031,35,0.000007,0,1,1,0,1,1
28759040,,0,0.000031,35,0.000007,0,1,1,0,1,1
28469385,,0,0.000031,35,0.000007,0,1,1,0,1,1
27588187,,0,0.000031,35,0.000007,0,1,1,0,1,1
26805820,,0,0.000031,35,0.000007,0,1,1,0,1,1
26288717,,0,0.000031,35,0.000007,0,1,1,0,1,1
25978409,,0,0.000031,35,0.000007,0,1,1,0,1,1
25970772,,0,0.000031,35,0.000007,0,1,1,0,1,1
23544127,,0,0.000031,35,0.000007,0,1,1,0,1,1
23372714,,0,0.010226,1,0.000007,0,10,10,0,10,10
23029531,,0,0.000031,35,0.000007,0,1,1,0,1,1
22081072,,0,0.000031,35,0.000007,0,1,1,0,1,1
21795762,,0,0.000031,35,0.000007,0,1,1,0,1,1
21482675,,0,0.000031,35,0.000007,0,1,1,0,1,1
21247416,,0,0.000031,35,0.000007,0,1,1,0,1,1
21240255,,0,0.000031,35,0.000007,0,1,1,0,1,1
20951342,,0,0.000031,35,0.000007,0,1,1,0,1,1
18492273,,0,0.000039,69,0.000007,0,2,2,0,2,2
28577946,,0,0.000109,279,0.000007,0,2,2,0,2,2
17671173,,0.004959,0,1,0.000159,28,0,28,28,0,28
25893305,,0,0.0004,57,0.000007,0,3,3,0,3,3
25172842,,0,0.000095,1,0.000007,0,1,1,0,1,1
22109547,,0,0.000095,1,0.000007,0,1,1,0,1,1
22108601,,0,0.000102,1,0.000007,0,2,2,0,2,2
19723641,,0,0.001621,1,0.000007,0,4,4,0,4,4
17671210,,0.009452,0,100,0.000233,75,0,75,75,0,75
29995557,,0,0.000625,100,0.000007,0,4,4,0,4,4
28186131,,0,0.000496,100,0.000007,0,3,3,0,3,3
28107479,,0,0.00018,100,0.000007,0,1,1,0,1,1
27311963,,0,0.00018,100,0.000007,0,1,1,0,1,1
27246906,,0,0.00018,100,0.000007,0,1,1,0,1,1
27139157,,0,0.000341,1,0.000007,0,3,3,0,3,3
26988986,,0,0.000197,279,0.000007,0,2,2,0,2,2
25239935,,0,0.00018,100,0.000007,0,1,1,0,1,1
25097176,,0,0.000196,100,0.000007,0,2,2,0,2,2
24219987,,0,0.00018,100,0.000007,0,1,1,0,1,1
24040035,,0,0.000196,100,0.000007,0,2,2,0,2,2
23966401,,0,0.00018,100,0.000007,0,1,1,0,1,1
23938298,,0,0.00018,100,0.000007,0,1,1,0,1,1
22661229,,0,0.001311,100,0.000007,0,6,6,0,6,6
22491476,,0,0.001066,100,0.000007,0,3,3,0,3,3
22292765,,0,0.00018,100,0.000007,0,1,1,0,1,1
22134242,,0,0.00018,100,0.000007,0,1,1,0,1,1
21660142,,0,0.000471,57,0.000007,0,2,2,0,2,2
21640108,,0,0.00018,100,0.000007,0,1,1,0,1,1
21399673,,0,0.00018,100,0.000007,0,1,1,0,1,1
19959400,,0,0.001066,100,0.000007,0,3,3,0,3,3
19896073,,0,0.00018,100,0.000007,0,1,1,0,1,1
19702643,,0,0.00018,100,0.000007,0,1,1,0,1,1
19662092,,0,0.00018,100,0.000007,0,1,1,0,1,1
19616745,,0,0.00018,100,0.000007,0,1,1,0,1,1
19401903,,0,0.00018,100,0.000007,0,1,1,0,1,1
19218244,,0,0.00018,100,0.000007,0,1,1,0,1,1
17673924,,0.000056,0,69,0.000017,3,0,3,3,0,3
17678435,,0.000003,0,176,0.000014,3,0,3,3,0,3
17680524,,0.000245,0,89,0.000008,3,0,3,3,0,3
28303074,,0,0.000001,5,0.000007,0,1,1,0,1,1
28130150,,0,0.000001,5,0.000007,0,1,1,0,1,1
27586491,,0,0.000001,5,0.000007,0,1,1,0,1,1
23613620,,0,0.000001,5,0.000007,0,1,1,0,1,1
22696688,,0,0.000001,5,0.000007,0,1,1,0,1,1
22045910,,0,0.000001,5,0.000007,0,1,1,0,1,1
21468264,,0,0.000001,5,0.000007,0,1,1,0,1,1
21155744,,0,0.000001,5,0.000007,0,1,1,0,1,1
20377579,,0,0.000001,5,0.000007,0,1,1,0,1,1
27459695,,0,0.000057,205,0.000007,0,2,2,0,2,2
26642256,,0,0.000061,205,0.000007,0,3,3,0,3,3
25954594,,0,0.000056,205,0.000007,0,1,1,0,1,1
25913414,,0,0.000056,205,0.000007,0,1,1,0,1,1
25721899,,0,0.000343,205,0.000007,0,2,2,0,2,2
24794429,,0.000012,0.008019,232,0.000035,7,7,14,7,7,14
23880067,,0,0.000056,205,0.000007,0,1,1,0,1,1
22979947,,0,0.000056,205,0.000007,0,1,1,0,1,1
20603075,,0,0.000056,205,0.000007,0,1,1,0,1,1
20076807,,0,0.000056,205,0.000007,0,1,1,0,1,1
28952280,,0,0.000001,231,0.000007,0,1,1,0,1,1
17685459,,0.000031,0,231,0.00003,6,0,6,6,0,6
21217839,,0,0.000001,231,0.000007,0,1,1,0,1,1
20613862,,0,0.001077,231,0.000007,0,5,5,0,5,5
19706757,,0,0.000001,231,0.000007,0,1,1,0,1,1
17686445,,0.000001,0,24,0.000014,2,0,2,2,0,2
19723666,,0,0,24,0.000007,0,1,1,0,1,1
17688236,,0.002284,0,231,0.00004,25,0,25,25,0,25
22282663,,0,0.007666,231,0.000007,0,3,3,0,3,3
22253297,,0,0.000455,231,0.000007,0,4,4,0,4,4
20111712,,0,0.000163,231,0.000007,0,2,2,0,2,2
19419758,,0,0.000044,231,0.000007,0,1,1,0,1,1
17694537,,0.001173,0,231,0.000108,32,0,32,32,0,32
28743738,,0,0.000022,231,0.000007,0,1,1,0,1,1
28610618,,0,0.000022,231,0.000007,0,1,1,0,1,1
27880943,,0,0.000023,231,0.000007,0,2,2,0,2,2
24972151,,0,0.000022,231,0.000007,0,1,1,0,1,1
24552703,,0,0.000022,231,0.000007,0,1,1,0,1,1
24027063,,0,0.000022,231,0.000007,0,1,1,0,1,1
23983263,,0,0.000022,231,0.000007,0,1,1,0,1,1
21317294,,0,0.000022,231,0.000007,0,1,1,0,1,1
21118512,,0,0.000022,231,0.000007,0,1,1,0,1,1
20052733,,0,0.000022,231,0.000007,0,1,1,0,1,1
18317597,,0,0.000022,231,0.000007,0,1,1,0,1,1
29566726,,0,0.000011,231,0.000007,0,1,1,0,1,1
27455160,,0,0.000049,231,0.000007,0,2,2,0,2,2
25849327,,0,0.000011,231,0.000007,0,1,1,0,1,1
25675148,,0,0.000011,231,0.000007,0,1,1,0,1,1
25091503,,0,0.000011,231,0.000007,0,1,1,0,1,1
24937182,,0,0.001252,100,0.000007,0,5,5,0,5,5
23894323,,0,0.000011,231,0.000007,0,1,1,0,1,1
23319801,,0,0.00015,35,0.000007,0,3,3,0,3,3
26879601,,0,0,231,0.000007,0,1,1,0,1,1
17697535,,0.000455,0,140,0.000028,5,0,5,5,0,5
30333481,,0,0.000293,57,0.000007,0,2,2,0,2,2
17700066,,0.003399,0,57,0.000183,52,0,52,52,0,52
29683380,,0,0.000294,1,0.000007,0,3,3,0,3,3
28583311,,0,0.000065,57,0.000007,0,1,1,0,1,1
27682984,,0,0.003846,1,0.000007,0,6,6,0,6,6
26311851,,0,0.000065,57,0.000007,0,1,1,0,1,1
25568919,,0,0.000436,57,0.000007,0,2,2,0,2,2
25486357,,0,0.000065,57,0.000007,0,1,1,0,1,1
24804719,,0,0.000271,57,0.000007,0,2,2,0,2,2
24580844,,0,0.000065,57,0.000007,0,1,1,0,1,1
24559140,,0,0.000065,57,0.000007,0,1,1,0,1,1
23676219,,0,0.000065,57,0.000007,0,1,1,0,1,1
23493417,,0,0.000065,57,0.000007,0,1,1,0,1,1
23285001,,0,0.000065,57,0.000007,0,1,1,0,1,1
22848239,,0,0.000065,57,0.000007,0,1,1,0,1,1
22711534,,0,0.000065,57,0.000007,0,1,1,0,1,1
22246147,,0,0.000095,100,0.000007,0,2,2,0,2,2
22110608,,0,0.000065,57,0.000007,0,2,2,0,2,2
21200140,,0,0.000065,57,0.000007,0,1,1,0,1,1
20976827,,0,0.000065,57,0.000007,0,1,1,0,1,1
20930849,,0,0.000065,57,0.000007,0,1,1,0,1,1
20624890,,0,0.000065,57,0.000007,0,1,1,0,1,1
20125188,,0,0.000065,57,0.000007,0,1,1,0,1,1
19788889,,0,0.000065,57,0.000007,0,1,1,0,1,1
19587119,,0,0.000065,57,0.000007,0,1,1,0,1,1
18594202,,0,0.000065,57,0.000007,0,1,1,0,1,1
17704419,,0.001244,0,5,0.00003,26,0,26,26,0,26
26173961,,0,0.000043,5,0.000007,0,9,9,0,9,9
17707537,,0.001192,0,231,0.000031,12,0,12,12,0,12
27074032,,0,0.000023,231,0.000007,0,1,1,0,1,1
24673853,,0,0.000024,231,0.000007,0,2,2,0,2,2
19208193,,0,0.000023,231,0.000007,0,1,1,0,1,1
30232459,,0,0.000546,35,0.000007,0,2,2,0,2,2
29216191,,0,0.000001,35,0.000007,0,1,1,0,1,1
27488530,,0,0.000017,35,0.000007,0,2,2,0,2,2
25951238,,0,0.000001,35,0.000007,0,1,1,0,1,1
25909289,,0,0.000016,35,0.000007,0,2,2,0,2,2
24581510,,0,0.000001,35,0.000007,0,1,1,0,1,1
24253735,,0,0.000001,35,0.000007,0,1,1,0,1,1
23845141,,0,0.000001,57,0.000007,0,2,2,0,2,2
23752229,,0,0.000001,35,0.000007,0,1,1,0,1,1
23170179,,0,0.000001,35,0.000007,0,1,1,0,1,1
21897363,,0,0.000001,35,0.000007,0,1,1,0,1,1
21872465,,0,0.000001,35,0.000007,0,1,1,0,1,1
21205307,,0,0.000001,35,0.000007,0,1,1,0,1,1
26335588,,0,0.000005,140,0.000007,0,1,1,0,1,1
17718857,,0.000251,0,140,0.000038,10,0,10,10,0,10
22952647,,0,0.000005,140,0.000007,0,1,1,0,1,1
21352579,,0,0.000005,140,0.000007,0,1,1,0,1,1
20360966,,0,0.000005,140,0.000007,0,1,1,0,1,1
19324987,,0,0.000012,140,0.000007,0,2,2,0,2,2
17718858,,0.000812,0,5,0.000066,23,0,23,23,0,23
29703952,,0,0.000015,5,0.000007,0,1,1,0,1,1
26923796,,0,0.000015,5,0.000007,0,1,1,0,1,1
25895495,,0,0.000015,5,0.000007,0,1,1,0,1,1
24920518,,0,0.000015,5,0.000007,0,1,1,0,1,1
24148851,,0,0.000015,5,0.000007,0,1,1,0,1,1
24037854,,0,0.000015,5,0.000007,0,1,1,0,1,1
21888665,,0,0.000015,5,0.000007,0,1,1,0,1,1
28127307,,0,0.000003,100,0.000007,0,1,1,0,1,1
17719744,,0.000147,0,100,0.000065,14,0,14,14,0,14
26484229,,0,0.000003,100,0.000007,0,1,1,0,1,1
25941634,,0,0.000003,100,0.000007,0,1,1,0,1,1
25794181,,0,0.000003,100,0.000007,0,1,1,0,1,1
25606441,,0,0.000004,100,0.000007,0,2,2,0,2,2
24273577,,0,0.000003,100,0.000007,0,1,1,0,1,1
22829731,,0,0.000003,100,0.000007,0,1,1,0,1,1
22530123,,0,0.000003,100,0.000007,0,1,1,0,1,1
20625407,,0,0.000003,100,0.000007,0,1,1,0,1,1
23667487,,0,0.000014,35,0.000007,0,1,1,0,1,1
17720501,,0.000747,0,35,0.000016,4,0,4,4,0,4
26318585,,0,0.007691,176,0.000007,0,5,5,0,5,5
23960188,,0,0.000016,231,0.000007,0,1,1,0,1,1
22511967,,0,0.000016,231,0.000007,0,1,1,0,1,1
29721185,,0,0.000033,72,0.000007,0,2,2,0,2,2
17722998,,0.00175,0,100,0.000307,30,0,30,30,0,30
29391350,,0,0.000074,1,0.000007,0,2,2,0,2,2
28714954,,0,0.000428,100,0.000007,0,4,4,0,4,4
26752418,,0,0.000033,100,0.000007,0,1,1,0,1,1
26018559,,0,0.000033,100,0.000007,0,1,1,0,1,1
25476752,,0,0.006737,90,0.000007,0,3,3,0,3,3
24587009,,0,0.000359,100,0.000007,0,4,4,0,4,4
23459471,,0,0.000033,100,0.000007,0,1,1,0,1,1
22046195,,0,0.000033,100,0.000007,0,1,1,0,1,1
21901627,,0,0.000033,100,0.000007,0,1,1,0,1,1
21695163,,0,0.000033,100,0.000007,0,1,1,0,1,1
21037108,,0,0.000033,100,0.000007,0,1,1,0,1,1
20502461,,0,0.000033,100,0.000007,0,1,1,0,1,1
18852132,,0.000197,0.000033,57,0.000222,41,1,42,41,1,42
18765532,,0,0.000033,100,0.000007,0,1,1,0,1,1
17943463,,0,0.000033,100,0.000007,0,1,1,0,1,1
26310372,,0,0.000018,5,0.000007,0,2,2,0,2,2
17760256,,0,0,5,0.000016,2,0,2,2,0,2
26131178,,0,0,5,0.000007,0,1,1,0,1,1
27173777,,0,0.000011,35,0.000007,0,1,1,0,1,1
22607048,,0,0.000011,35,0.000007,0,1,1,0,1,1
17761984,,0.012123,0,69,0.00014,108,0,108,108,0,108
27297561,,0,0.000231,69,0.000007,0,1,1,0,1,1
26150249,,0,0.00037,69,0.000007,0,3,3,0,3,3
25258464,,0,0.000231,69,0.000007,0,1,1,0,1,1
22295145,,0,0.014442,69,0.000007,0,5,5,0,5,5
17764108,,0.000122,0,5,0.0001,21,0,21,21,0,21
25355167,,0,0.000002,5,0.000007,0,1,1,0,1,1
24709420,,0,0.000002,5,0.000007,0,1,1,0,1,1
23393347,,0,0.000002,5,0.000007,0,1,1,0,1,1
22307864,,0,0.000025,5,0.000007,0,2,2,0,2,2
22226098,,0,0.000002,5,0.000007,0,1,1,0,1,1
21265624,,0,0.000002,5,0.000007,0,1,1,0,1,1
20711808,,0,0.000002,5,0.000007,0,1,1,0,1,1
20095854,,0,0.000002,5,0.000007,0,1,1,0,1,1
19912630,,0,0.000002,5,0.000007,0,1,1,0,1,1
19244120,,0,0.000002,5,0.000007,0,1,1,0,1,1
19214745,,0,0.000002,5,0.000007,0,1,1,0,1,1
18708391,,0,0.000002,5,0.000007,0,1,1,0,1,1
18398043,,0,0.000002,5,0.000007,0,1,1,0,1,1
17764113,,0.000512,0,168,0.000012,5,0,5,5,0,5
17764207,,0.000392,0,69,0.00003,7,0,7,7,0,7
23484135,,0,0.007451,69,0.000007,0,3,3,0,3,3
23024885,,0,0.000007,69,0.000007,0,1,1,0,1,1
20501939,,0,0.000007,69,0.000007,0,1,1,0,1,1
17766039,,0.001798,0,90,0.000072,30,0,30,30,0,30
24637962,,0,0.00005,90,0.000007,0,2,2,0,2,2
24321281,,0.000321,0.000425,90,0.000022,11,11,22,11,11,22
22051164,,0,0.000034,90,0.000007,0,1,1,0,1,1
20837466,,0,0.000055,90,0.000007,0,2,2,0,2,2
27148582,,0,0.000012,231,0.000007,0,2,2,0,2,2
20877684,,0,0.000004,231,0.000007,0,1,1,0,1,1
18973653,,0,0.000004,231,0.000007,0,1,1,0,1,1
17768402,,0.021555,0,100,0.00095,303,0,303,303,0,303
29968717,,0,0.000463,72,0.000007,0,2,2,0,2,2
29934626,,0,0.000411,100,0.000007,0,1,1,0,1,1
29557213,,0,0.000667,100,0.000007,0,5,5,0,5,5
29231814,,0,0.000594,231,0.000007,0,7,7,0,7,7
28829762,,0,0.000939,231,0.000007,0,9,9,0,9,9
28415781,,0,0.000415,265,0.000007,0,2,2,0,2,2
26798358,,0,0.000411,100,0.000007,0,1,1,0,1,1
26474640,,0,0.000411,100,0.000007,0,1,1,0,1,1
25778469,,0,0.000411,100,0.000007,0,1,1,0,1,1
25560147,,0,0.000411,100,0.000007,0,1,1,0,1,1
25051366,,0.000411,0.000662,100,0.00002,6,3,9,6,3,9
24913641,,0,0.000721,1,0.000007,0,4,4,0,4,4
24531842,,0,0.000625,100,0.000007,0,2,2,0,2,2
24356953,,0,0.000411,100,0.000007,0,1,1,0,1,1
24349332,,0,0.000411,100,0.000007,0,1,1,0,1,1
23986477,,0,0.000862,100,0.000007,0,2,2,0,2,2
23805152,,0,0.000617,176,0.000007,0,2,2,0,2,2
23444871,,0,0.000411,100,0.000007,0,1,1,0,1,1
23353080,,0,0.000411,100,0.000007,0,1,1,0,1,1
22821265,,0,0.000668,100,0.000007,0,3,3,0,3,3
22448121,,0,0.00215,1,0.000007,0,5,5,0,5,5
22118673,,0,0.000411,100,0.000007,0,1,1,0,1,1
21912593,,0,0.000412,100,0.000007,0,2,2,0,2,2
21846770,,0,0.000411,100,0.000007,0,1,1,0,1,1
21799731,,0,0.000411,100,0.000007,0,1,1,0,1,1
21584266,,0,0.000411,100,0.000007,0,1,1,0,1,1
21490102,,0,0.000411,100,0.000007,0,1,1,0,1,1
21282347,,0,0.000411,100,0.000007,0,1,1,0,1,1
20946597,,0,0.000411,100,0.000007,0,1,1,0,1,1
20934517,,0,0.000722,1,0.000007,0,3,3,0,3,3
20619762,,0,0.000411,100,0.000007,0,1,1,0,1,1
20472641,,0,0.000411,100,0.000007,0,1,1,0,1,1
20347428,,0,0.000411,100,0.000007,0,1,1,0,1,1
20022886,,0,0.000411,100,0.000007,0,1,1,0,1,1
19901961,,0,0.000411,100,0.000007,0,1,1,0,1,1
19306310,,0,0.000411,100,0.000007,0,1,1,0,1,1
19168785,,0,0.000411,100,0.000007,0,1,1,0,1,1
19001603,,0,0.000411,100,0.000007,0,1,1,0,1,1
18644339,,0,0.000411,100,0.000007,0,1,1,0,1,1
18536572,,0,0.000411,100,0.000007,0,1,1,0,1,1
17789966,,0.001001,0,100,0.000026,7,0,7,7,0,7
17803681,,0.00085,0,100,0.000015,4,0,4,4,0,4
23492767,,0,0.000016,100,0.000007,0,1,1,0,1,1
26482123,,0,0,158,0.000007,0,1,1,0,1,1
17804209,,0,0,158,0.000037,5,0,5,5,0,5
25821530,,0,0,158,0.000007,0,1,1,0,1,1
22327551,,0,0,158,0.000007,0,1,1,0,1,1
21949766,,0,0,158,0.000007,0,1,1,0,1,1
21106487,,0,0,158,0.000007,0,1,1,0,1,1
17804718,,0.001875,0,35,0.00017,42,0,42,42,0,42
26106076,,0,0.000036,35,0.000007,0,1,1,0,1,1
25446896,,0,0.000036,35,0.000007,0,1,1,0,1,1
25019062,,0,0.000036,35,0.000007,0,1,1,0,1,1
24906106,,0,0.000036,35,0.000007,0,1,1,0,1,1
23851682,,0,0.000036,35,0.000007,0,1,1,0,1,1
22396451,,0,0.007633,35,0.000007,0,3,3,0,3,3
21878096,,0,0.000036,35,0.000007,0,1,1,0,1,1
21151173,,0,0.000036,35,0.000007,0,1,1,0,1,1
20501863,,0,0.000036,35,0.000007,0,1,1,0,1,1
20058236,,0,0.000036,35,0.000007,0,1,1,0,1,1
19638491,,0,0.000036,35,0.000007,0,1,1,0,1,1
19570859,,0,0.000036,35,0.000007,0,1,1,0,1,1
19549509,,0,0.000036,35,0.000007,0,1,1,0,1,1
19444856,,0,0.000036,35,0.000007,0,1,1,0,1,1
19321444,,0,0.000036,35,0.000007,0,1,1,0,1,1
19272531,,0,0.000036,35,0.000007,0,1,1,0,1,1
19201438,,0,0.000036,35,0.000007,0,1,1,0,1,1
19143056,,0,0.000036,35,0.000007,0,1,1,0,1,1
18350153,,0,0.000036,35,0.000007,0,1,1,0,1,1
18276582,,0,0.000036,35,0.000007,0,1,1,0,1,1
21853507,,0,0,159,0.000007,0,1,1,0,1,1
17826769,,0,0,159,0.000019,2,0,2,2,0,2
20846930,,0,0,159,0.000007,0,1,1,0,1,1
17827148,,0.000321,0,100,0.000061,19,0,19,19,0,19
27187213,,0,0.000006,100,0.000007,0,1,1,0,1,1
24675888,,0,0.000006,100,0.000007,0,1,1,0,1,1
22962268,,0,0.000016,100,0.000007,0,2,2,0,2,2
22416135,,0,0.000006,100,0.000007,0,1,1,0,1,1
22037877,,0,0.000006,100,0.000007,0,1,1,0,1,1
21937663,,0,0.000018,100,0.000007,0,2,2,0,2,2
20395298,,0,0.000006,265,0.000007,0,2,2,0,2,2
18719108,,0,0.000006,100,0.000007,0,1,1,0,1,1
17848578,,0.002776,0,100,0.000022,13,0,13,13,0,13
17850627,,0.000687,0,89,0.000015,6,0,6,6,0,6
22708928,,0,0.000013,89,0.000007,0,1,1,0,1,1
17851636,,0.000001,0,140,0.000021,4,0,4,4,0,4
23512601,,0,0.000017,140,0.000007,0,2,2,0,2,2
22362925,,0,0,140,0.000007,0,1,1,0,1,1
17851763,,0.003337,0,89,0.000021,27,0,27,27,0,27
22586447,,0,0.000066,231,0.000007,0,2,2,0,2,2
17868726,,0.000023,0,5,0.000296,16,0,16,16,0,16
24917732,,0,0,5,0.000007,0,1,1,0,1,1
24061634,,0,0,5,0.000007,0,1,1,0,1,1
23937305,,0,0,5,0.000019,2,1,3,2,1,3
23476788,,0,0,5,0.000007,0,1,1,0,1,1
21071540,,0,0,5,0.000007,0,1,1,0,1,1
20735386,,0,0,5,0.000013,1,1,2,1,1,2
19941668,,0,0,5,0.000007,0,1,1,0,1,1
19758657,,0,0,5,0.000025,3,1,4,3,1,4
19709072,,0,0,5,0.000037,5,1,6,5,1,6
19240249,,0.000046,0,5,0.000189,34,1,35,34,1,35
18816608,,0,0,5,0.000007,0,1,1,0,1,1
18595569,,0,0,5,0.000007,0,1,1,0,1,1
17885670,,0.00411,0,35,0.000023,16,0,16,16,0,16
27184229,,0,0.007584,69,0.000007,0,3,3,0,3,3
30266203,,0,0.000001,57,0.000007,0,1,1,0,1,1
17887956,,0.00006,0,57,0.000059,12,0,12,12,0,12
29328493,,0,0.000001,57,0.000007,0,1,1,0,1,1
27374770,,0,0.000001,57,0.000007,0,1,1,0,1,1
25933514,,0,0.000001,57,0.000007,0,1,1,0,1,1
24293646,,0,0.000001,57,0.000007,0,1,1,0,1,1
21855008,,0,0.000001,57,0.000007,0,1,1,0,1,1
20080954,,0,0.000001,57,0.000007,0,1,1,0,1,1
30464589,,0,0.000052,5,0.000007,0,1,1,0,1,1
29846844,,0,0.000116,5,0.000007,0,2,2,0,2,2
25076829,,0,0.000054,198,0.000007,0,2,2,0,2,2
22740885,,0,0.000052,5,0.000007,0,1,1,0,1,1
22729968,,0,0.000052,5,0.000007,0,1,1,0,1,1
21475638,,0,0.000052,5,0.000007,0,1,1,0,1,1
17889711,,0.000216,0,231,0.000017,8,0,8,8,0,8
22740911,,0,0.000004,231,0.000007,0,1,1,0,1,1
17896912,,0.009278,0,1,0.0001,29,0,29,29,0,29
28055012,,0,0.000177,1,0.000007,0,1,1,0,1,1
27582430,,0,0.001914,1,0.000007,0,5,5,0,5,5
23104860,,0,0.000177,1,0.000007,0,1,1,0,1,1
22479348,,0,0.000177,1,0.000007,0,1,1,0,1,1
22057269,,0,0.000177,1,0.000007,0,1,1,0,1,1
19506301,,0,0.000177,1,0.000007,0,1,1,0,1,1
19484131,,0,0.001395,1,0.000007,0,2,2,0,2,2
19389396,,0,0.000177,1,0.000007,0,1,1,0,1,1
19281848,,0,0.000177,1,0.000007,0,1,1,0,1,1
18535182,,0,0.000177,1,0.000007,0,1,1,0,1,1
17898808,,0.002686,0,5,0.000024,14,0,14,14,0,14
28388533,,0.00001,0.000278,5,0.000013,3,7,10,3,7,10
22701789,,0,0.000051,5,0.000007,0,1,1,0,1,1
17899372,,0.000223,0,140,0.000011,5,0,5,5,0,5
28342087,,0,0.000053,66,0.000007,0,2,2,0,2,2
17901820,,0.000715,0,66,0.000014,5,0,5,5,0,5
17902052,,0.001545,0,89,0.000018,10,0,10,10,0,10
29200955,,0,0.000024,24,0.000007,0,2,2,0,2,2
17905465,,0.000209,0,24,0.000126,22,0,22,22,0,22
27698933,,0.000002,0.000295,367,0.000034,6,2,8,6,2,8
26816538,,0,0.000004,24,0.000007,0,2,2,0,2,2
26457537,,0,0.000004,24,0.000007,0,1,1,0,1,1
26313152,,0,0.000004,24,0.000007,0,1,1,0,1,1
25302716,,0,0.000005,24,0.000007,0,2,2,0,2,2
23759026,,0,0.000024,24,0.000007,0,2,2,0,2,2
23397475,,0.000001,0.00013,24,0.00003,6,8,14,6,8,14
23317457,,0,0.000004,24,0.000007,0,1,1,0,1,1
23226053,,0,0.000281,24,0.000007,0,5,5,0,5,5
22871158,,0,0.000004,24,0.000007,0,1,1,0,1,1
22022380,,0,0.0001,24,0.000007,0,5,5,0,5,5
21806015,,0,0.000004,24,0.000007,0,1,1,0,1,1
21086002,,0,0.000004,24,0.000007,0,1,1,0,1,1
20685577,,0,0.000004,24,0.000007,0,1,1,0,1,1
19012390,,0,0.000004,24,0.000007,0,1,1,0,1,1
28337405,,0,0.000037,5,0.000007,0,1,1,0,1,1
17910036,,0.000031,0,72,0.000055,14,0,14,14,0,14
26549458,,0,0.000001,72,0.000007,0,1,1,0,1,1
25360769,,0,0.000001,72,0.000007,0,1,1,0,1,1
20634899,,0,0.000001,72,0.000007,0,1,1,0,1,1
20028984,,0,0.000001,72,0.000007,0,1,1,0,1,1
30081143,,0,0.000738,69,0.000007,0,2,2,0,2,2
17913048,,0.000307,0,69,0.000043,8,0,8,8,0,8
30012753,,0,0.000006,69,0.000007,0,1,1,0,1,1
27812204,,0,0.000812,69,0.000007,0,5,5,0,5,5
25903721,,0,0.000006,69,0.000007,0,1,1,0,1,1
24637942,,0,0.000006,69,0.000007,0,1,1,0,1,1
22481932,,0.00116,0.014529,1,0.000053,15,28,43,15,28,43
21109978,,0,0.000006,69,0.000007,0,1,1,0,1,1
21078952,,0,0.000006,69,0.000007,0,1,1,0,1,1
17914333,,0.000088,0,35,0.000012,1,0,1,1,0,1
25520581,,0,0,160,0.000007,0,1,1,0,1,1
17914334,,0,0,160,0.000043,6,0,6,6,0,6
25114864,,0,0,160,0.000007,0,1,1,0,1,1
22922432,,0,0,160,0.000007,0,1,1,0,1,1
20956819,,0,0,160,0.000007,0,1,1,0,1,1
20844332,,0,0,160,0.000007,0,1,1,0,1,1
20384232,,0,0,160,0.000007,0,1,1,0,1,1
17917138,,0.001255,0,89,0.000009,5,0,5,5,0,5
17917139,,0.000828,0,5,0.000015,8,0,8,8,0,8
22058216,,0,0.000016,5,0.000007,0,1,1,0,1,1
17917140,,0.000897,0,198,0.000011,6,0,6,6,0,6
24066273,,0,0.000011,5,0.000007,0,3,3,0,3,3
17917141,,0.000117,0,5,0.000009,2,0,2,2,0,2
17917142,,0.000356,0,5,0.000022,10,0,10,10,0,10
22228247,,0,0.000007,5,0.000007,0,1,1,0,1,1
17917144,,0.000237,0,5,0.000012,9,0,9,9,0,9
24832403,,0,0.000001,5,0.000007,0,1,1,0,1,1
17917796,,0.000059,0,5,0.000027,4,0,4,4,0,4
20399610,,0,0.000001,5,0.000007,0,1,1,0,1,1
19449267,,0,0.000001,5,0.000007,0,1,1,0,1,1
28713499,,0,0.000002,90,0.000007,0,1,1,0,1,1
17920891,,0.000086,0,90,0.000017,3,0,3,3,0,3
17920892,,0.000624,0,5,0.000009,4,0,4,4,0,4
17920893,,0.000482,0,5,0.000014,7,0,7,7,0,7
22270930,,0,0.000139,35,0.000007,0,2,2,0,2,2
17920894,,0.000111,0,5,0.000007,1,0,1,1,0,1
17920895,,0.000237,0,5,0.000009,3,0,3,3,0,3
17921118,,0.000456,0,279,0.000008,3,0,3,3,0,3
30420699,,0,0.007597,48,0.000007,0,2,2,0,2,2
17922014,,0.008477,0,48,0.001051,233,0,233,233,0,233
30367032,,0,0.000162,48,0.000007,0,1,1,0,1,1
30135656,,0,0.000162,48,0.000007,0,1,1,0,1,1
30101711,,0,0.000162,48,0.000007,0,1,1,0,1,1
29973620,,0,0.000162,48,0.000007,0,1,1,0,1,1
29934362,,0,0.007998,100,0.000007,0,7,7,0,7,7
29884798,,0,0.000162,48,0.000007,0,1,1,0,1,1
29845294,,0,0.000162,48,0.000007,0,1,1,0,1,1
29745857,,0,0.000162,48,0.000007,0,1,1,0,1,1
29632808,,0,0.000162,48,0.000007,0,1,1,0,1,1
29620146,,0,0.000162,48,0.000007,0,1,1,0,1,1
29574252,,0,0.000162,48,0.000007,0,1,1,0,1,1
29567643,,0,0.000162,48,0.000007,0,1,1,0,1,1
29566768,,0,0.000849,1,0.000007,0,6,6,0,6,6
29556263,,0,0.000162,48,0.000007,0,1,1,0,1,1
29532892,,0,0.000162,48,0.000007,0,1,1,0,1,1
29370181,,0,0.000162,48,0.000007,0,1,1,0,1,1
29287594,,0.000003,0.000271,35,0.000016,2,6,8,2,6,8
29246518,,0,0.000162,48,0.000007,0,1,1,0,1,1
29201163,,0,0.000162,48,0.000007,0,1,1,0,1,1
29190299,,0,0.000162,48,0.000007,0,1,1,0,1,1
29137675,,0,0.000245,231,0.000007,0,7,7,0,7,7
28887321,,0,0.000162,48,0.000007,0,1,1,0,1,1
28886340,,0,0.000519,140,0.000007,0,5,5,0,5,5
28849021,,0,0.000162,48,0.000007,0,1,1,0,1,1
28800357,,0,0.000162,48,0.000007,0,1,1,0,1,1
28785009,,0,0.000162,48,0.000007,0,1,1,0,1,1
28624198,,0,0.000162,48,0.000007,0,1,1,0,1,1
27876057,,0,0.000162,48,0.000007,0,1,1,0,1,1
27856957,,0,0.000707,48,0.000007,0,2,2,0,2,2
27689092,,0,0.000162,48,0.000007,0,1,1,0,1,1
27673682,,0,0.000162,48,0.000007,0,1,1,0,1,1
27570645,,0,0.000177,48,0.000007,0,2,2,0,2,2
27556416,,0,0.000177,48,0.000007,0,3,3,0,3,3
27501805,,0,0.000162,48,0.000007,0,1,1,0,1,1
27486298,,0,0.000177,48,0.000007,0,2,2,0,2,2
27482468,,0,0.000162,48,0.000007,0,1,1,0,1,1
27297469,,0,0.000162,48,0.000007,0,1,1,0,1,1
27296452,,0,0.000162,48,0.000007,0,1,1,0,1,1
27155368,,0,0.000162,48,0.000007,0,1,1,0,1,1
27121963,,0,0.000162,48,0.000007,0,1,1,0,1,1
27000043,,0,0.000162,48,0.000007,0,1,1,0,1,1
26975198,,0,0.000179,35,0.000007,0,2,2,0,2,2
26931159,,0,0.000162,48,0.000007,0,1,1,0,1,1
26892392,,0,0.000162,48,0.000007,0,1,1,0,1,1
26775695,,0,0.000162,48,0.000007,0,1,1,0,1,1
26690385,,0,0.000162,48,0.000007,0,1,1,0,1,1
26580217,,0,0.000162,48,0.000007,0,1,1,0,1,1
26305564,,0,0.000162,48,0.000007,0,1,1,0,1,1
26291312,,0,0.000162,48,0.000007,0,1,1,0,1,1
26199946,,0,0.000162,48,0.000007,0,1,1,0,1,1
26109807,,0,0.000162,48,0.000007,0,1,1,0,1,1
26104890,,0,0.000162,48,0.000007,0,1,1,0,1,1
26083688,,0,0.000162,48,0.000007,0,1,1,0,1,1
26080928,,0,0.000162,48,0.000007,0,1,1,0,1,1
26040466,,0,0.00019,24,0.000007,0,2,2,0,2,2
26000852,,0,0.007885,48,0.000007,0,3,3,0,3,3
25990735,,0,0.000162,48,0.000007,0,1,1,0,1,1
25695269,,0,0.000162,48,0.000007,0,1,1,0,1,1
25593000,,0,0.000162,48,0.000007,0,1,1,0,1,1
25522749,,0,0.000162,48,0.000007,0,1,1,0,1,1
25473422,,0,0.000162,48,0.000007,0,1,1,0,1,1
25392692,,0,0.000162,48,0.000007,0,1,1,0,1,1
25314947,,0,0.000162,48,0.000007,0,1,1,0,1,1
25280538,,0,0.000162,48,0.000007,0,1,1,0,1,1
25250788,,0,0.000162,48,0.000007,0,1,1,0,1,1
25232051,,0,0.000162,48,0.000007,0,1,1,0,1,1
25220184,,0,0.000162,48,0.000007,0,1,1,0,1,1
25210953,,0,0.000162,48,0.000007,0,1,1,0,1,1
25075304,,0,0.000197,48,0.000007,0,2,2,0,2,2
25061321,,0,0.000162,48,0.000007,0,1,1,0,1,1
25007342,,0,0.000162,48,0.000007,0,1,1,0,1,1
25001852,,0,0.000162,48,0.000007,0,1,1,0,1,1
24995123,,0,0.000162,48,0.000007,0,1,1,0,1,1
24931977,,0,0.000162,48,0.000007,0,1,1,0,1,1
24917244,,0,0.000162,48,0.000007,0,1,1,0,1,1
24905018,,0,0.000162,48,0.000007,0,1,1,0,1,1
24790996,,0,0.000162,48,0.000007,0,1,1,0,1,1
24733074,,0,0.000162,48,0.000007,0,1,1,0,1,1
24710409,,0,0.000163,48,0.000007,0,2,2,0,2,2
24676134,,0,0.000162,48,0.000007,0,1,1,0,1,1
24651374,,0,0.000162,48,0.000007,0,1,1,0,1,1
24634802,,0,0.000162,48,0.000007,0,1,1,0,1,1
24571673,,0,0.000162,48,0.000007,0,1,1,0,1,1
24401939,,0,0.000162,48,0.000007,0,1,1,0,1,1
24376594,,0,0.000162,48,0.000007,0,1,1,0,1,1
24287335,,0,0.000199,48,0.000007,0,3,3,0,3,3
24171171,,0,0.000167,48,0.000007,0,2,2,0,2,2
24128261,,0,0.000162,48,0.000007,0,1,1,0,1,1
23761447,,0,0.000162,48,0.000007,0,1,1,0,1,1
23741487,,0,0.000162,48,0.000007,0,1,1,0,1,1
23635305,,0,0.000162,48,0.000007,0,1,1,0,1,1
23593195,,0,0.000167,48,0.000007,0,2,2,0,2,2
23568264,,0,0.000165,69,0.000007,0,2,2,0,2,2
23424118,,0,0.007613,35,0.000007,0,3,3,0,3,3
23384594,,0,0.000454,48,0.000007,0,3,3,0,3,3
23349525,,0,0.00019,48,0.000007,0,2,2,0,2,2
23300836,,0,0.00018,48,0.000007,0,2,2,0,2,2
23150773,,0,0.000163,247,0.000007,0,2,2,0,2,2
23046677,,0,0.000162,48,0.000007,0,1,1,0,1,1
23028693,,0,0.000162,48,0.000007,0,1,1,0,1,1
23028459,,0,0.000162,48,0.000007,0,1,1,0,1,1
22986455,,0,0.008256,48,0.000007,0,4,4,0,4,4
22808421,,0,0.000165,176,0.000007,0,2,2,0,2,2
22703998,,0,0.000162,48,0.000007,0,1,1,0,1,1
22661984,,0,0.000162,48,0.000007,0,1,1,0,1,1
22629282,,0,0.000162,48,0.000007,0,1,1,0,1,1
22536860,,0,0.000162,48,0.000007,0,1,1,0,1,1
22458606,,0,0.007597,48,0.000007,0,2,2,0,2,2
22384401,,0,0.000162,48,0.000007,0,1,1,0,1,1
22377422,,0,0.000162,48,0.000007,0,1,1,0,1,1
22344559,,0,0.000162,48,0.000007,0,1,1,0,1,1
22343619,,0,0.000162,48,0.000007,0,1,1,0,1,1
22319547,,0,0.000162,48,0.000007,0,1,1,0,1,1
22257384,,0,0.000162,48,0.000007,0,1,1,0,1,1
22246697,,0,0.000162,48,0.000007,0,1,1,0,1,1
22203674,,0,0.000169,279,0.000007,0,2,2,0,2,2
22176777,,0,0.000162,48,0.000007,0,1,1,0,1,1
21974810,,0,0.000162,48,0.000007,0,1,1,0,1,1
21931809,,0,0.000162,48,0.000007,0,1,1,0,1,1
21695164,,0,0.000162,48,0.000007,0,1,1,0,1,1
21677677,,0,0.000162,48,0.000007,0,1,1,0,1,1
21664998,,0,0.000162,48,0.000007,0,1,1,0,1,1
21566121,,0,0.000162,48,0.000007,0,1,1,0,1,1
21414488,,0,0.000162,48,0.000007,0,1,1,0,1,1
21370102,,0,0.000162,48,0.000007,0,1,1,0,1,1
21347162,,0.000147,0.000162,69,0.000015,2,1,3,2,1,3
21278917,,0,0.000162,48,0.000007,0,1,1,0,1,1
21269460,,0,0.000162,48,0.000007,0,1,1,0,1,1
21164525,,0,0.000162,48,0.000007,0,1,1,0,1,1
21163940,,0,0.000162,48,0.000007,0,1,1,0,1,1
21044363,,0,0.000162,48,0.000007,0,1,1,0,1,1
21041384,,0,0.000162,48,0.000007,0,1,1,0,1,1
20969783,,0,0.000162,48,0.000007,0,1,1,0,1,1
20937113,,0,0.000162,48,0.000007,0,1,1,0,1,1
20673354,,0,0.000162,48,0.000007,0,1,1,0,1,1
20661448,,0,0.000162,48,0.000007,0,1,1,0,1,1
20616386,,0,0.000162,48,0.000007,0,1,1,0,1,1
20463012,,0,0.000163,48,0.000007,0,2,2,0,2,2
20369013,,0,0.000162,48,0.000007,0,1,1,0,1,1
20231916,,0,0.000162,48,0.000007,0,1,1,0,1,1
20090827,,0,0.000162,48,0.000007,0,1,1,0,1,1
20019809,,0,0.000162,48,0.000007,0,1,1,0,1,1
20011507,,0,0.000162,48,0.000007,0,1,1,0,1,1
19953085,,0,0.000162,48,0.000007,0,1,1,0,1,1
19951897,,0,0.000162,48,0.000007,0,1,1,0,1,1
19816451,,0,0.000162,48,0.000007,0,1,1,0,1,1
19761576,,0,0.000162,48,0.000007,0,1,1,0,1,1
19758432,,0,0.000162,48,0.000007,0,1,1,0,1,1
19728866,,0,0.000162,48,0.000007,0,1,1,0,1,1
19638617,,0,0.000167,48,0.000007,0,2,2,0,2,2
19594875,,0,0.000162,48,0.000007,0,1,1,0,1,1
19591646,,0,0.000162,48,0.000007,0,1,1,0,1,1
19576841,,0,0.000162,48,0.000007,0,1,1,0,1,1
19519937,,0,0.000162,48,0.000007,0,1,1,0,1,1
19477427,,0,0.000162,48,0.000007,0,1,1,0,1,1
19403737,,0,0.000162,48,0.000007,0,1,1,0,1,1
19379523,,0,0.000162,48,0.000007,0,1,1,0,1,1
19360091,,0,0.000162,48,0.000007,0,1,1,0,1,1
19293828,,0,0.000162,48,0.000007,0,1,1,0,1,1
19236156,,0,0.000162,48,0.000007,0,1,1,0,1,1
19234470,,0,0.000167,48,0.000007,0,2,2,0,2,2
19216740,,0,0.000162,48,0.000007,0,1,1,0,1,1
18793469,,0,0.000162,48,0.000007,0,1,1,0,1,1
18791647,,0,0.000162,48,0.000007,0,1,1,0,1,1
18654571,,0,0.000162,48,0.000007,0,1,1,0,1,1
18636107,,0,0.000162,48,0.000007,0,1,1,0,1,1
18590547,,0,0.000162,48,0.000007,0,1,1,0,1,1
18381899,,0,0.000162,48,0.000007,0,1,1,0,1,1
29465084,,0,0.000007,279,0.000007,0,1,1,0,1,1
29024573,,0,0.000007,279,0.000007,0,1,1,0,1,1
26869315,,0,0.000007,279,0.000007,0,1,1,0,1,1
26689197,,0,0.000007,279,0.000007,0,1,1,0,1,1
26168722,,0,0.000007,279,0.000007,0,1,1,0,1,1
24970816,,0,0.000007,279,0.000007,0,1,1,0,1,1
23900262,,0,0.000007,279,0.000007,0,1,1,0,1,1
23227138,,0,0.000007,279,0.000007,0,1,1,0,1,1
22700976,,0,0.000007,279,0.000007,0,1,1,0,1,1
21990379,,0,0.000075,279,0.000007,0,2,2,0,2,2
21734722,,0,0.000007,279,0.000007,0,1,1,0,1,1
21555589,,0,0.000007,279,0.000007,0,1,1,0,1,1
21448429,,0,0.000007,279,0.000007,0,1,1,0,1,1
21364872,,0,0.000007,279,0.000007,0,1,1,0,1,1
21258411,,0,0.000007,279,0.000007,0,1,1,0,1,1
20702415,,0,0.000007,279,0.000007,0,1,1,0,1,1
20682799,,0,0.000007,279,0.000007,0,1,1,0,1,1
20585571,,0,0.000007,279,0.000007,0,1,1,0,1,1
20505336,,0,0.000007,279,0.000007,0,1,1,0,1,1
20427275,,0,0.000007,279,0.000007,0,1,1,0,1,1
20071335,,0,0.000007,279,0.000007,0,1,1,0,1,1
20010697,,0,0.000007,279,0.000007,0,1,1,0,1,1
17922257,,0.001431,0,89,0.000013,11,0,11,11,0,11
17922413,,0.00027,0,89,0.000008,3,0,3,3,0,3
29887214,,0,0.000253,140,0.000007,0,5,5,0,5,5
29618041,,0.000003,0.000346,140,0.000009,1,5,6,1,5,6
29269525,,0,0.00023,140,0.000007,0,1,1,0,1,1
29215753,,0,0.004697,140,0.000007,1,18,19,1,18,19
28265380,,0,0.00027,89,0.000009,1,8,9,1,8,9
28196272,,0,0.00023,140,0.000007,0,1,1,0,1,1
28112740,,0,0.001878,69,0.000007,0,7,7,0,7,7
27527004,,0,0.00023,140,0.000007,0,1,1,0,1,1
26332594,,0,0.000251,140,0.000007,0,2,2,0,2,2
25831438,,0,0.000247,140,0.000007,0,4,4,0,4,4
25649125,,0,0.000292,140,0.000007,0,3,3,0,3,3
25632303,,0,0.00023,140,0.000007,0,1,1,0,1,1
25486560,,0,0.000324,140,0.000007,0,2,2,0,2,2
25331574,,0,0.00023,140,0.000007,0,1,1,0,1,1
24466223,,0,0.00023,140,0.000007,0,1,1,0,1,1
24387988,,0,0.00033,140,0.000007,0,2,2,0,2,2
24362816,,0,0.000462,140,0.000007,0,7,7,0,7,7
23150081,,0,0.00047,140,0.000007,0,4,4,0,4,4
22949379,,0,0.000319,140,0.000007,0,5,5,0,5,5
22307713,,0,0.00023,140,0.000007,0,1,1,0,1,1
22251874,,0,0.00023,140,0.000007,0,1,1,0,1,1
22128052,,0,0.00023,140,0.000007,0,1,1,0,1,1
21707452,,0,0.00023,140,0.000007,0,1,1,0,1,1
20940738,,0,0.00023,140,0.000007,0,1,1,0,1,1
20927378,,0,0.00023,140,0.000007,0,1,1,0,1,1
20691492,,0,0.00023,140,0.000007,0,1,1,0,1,1
20359249,,0,0.00023,140,0.000007,0,2,2,0,2,2
19841300,,0,0.00023,140,0.000007,0,1,1,0,1,1
19306393,,0,0.00023,140,0.000007,0,1,1,0,1,1
19141585,,0,0.00023,140,0.000007,0,1,1,0,1,1
18832462,,0,0.00023,140,0.000007,0,1,1,0,1,1
17925560,,0.002431,0,89,0.000024,23,0,23,23,0,23
17928608,,0.000576,0,35,0.000011,3,0,3,3,0,3
25006153,,0,0.000042,35,0.000007,0,2,2,0,2,2
29706651,,0,0.000018,5,0.000007,0,2,2,0,2,2
17931740,,0.000021,0,5,0.000037,6,0,6,6,0,6
26506240,,0,0,5,0.000007,0,1,1,0,1,1
25400767,,0,0,5,0.000007,0,1,1,0,1,1
20514306,,0,0,5,0.000007,0,1,1,0,1,1
19649206,,0,0,5,0.000007,0,1,1,0,1,1
17932350,,0.001904,0,231,0.000067,33,0,33,33,0,33
24955146,,0.000195,0.000298,89,0.00002,6,8,14,6,8,14
23703345,,0,0.000036,231,0.000007,0,1,1,0,1,1
21599985,,0,0.000036,231,0.000007,0,1,1,0,1,1
19181860,,0,0.000036,231,0.000007,0,1,1,0,1,1
28220843,,0,0.000111,241,0.000007,0,4,4,0,4,4
27461117,,0,0.000085,279,0.000007,0,1,1,0,1,1
22414275,,0,0.000085,279,0.000007,0,1,1,0,1,1
21947282,,0,0.000085,279,0.000007,0,1,1,0,1,1
20132554,,0,0.000458,279,0.000007,0,2,2,0,2,2
17933033,,0.000118,0,5,0.000013,4,0,4,4,0,4
26227500,,0,0.000013,35,0.000007,0,2,2,0,2,2
25553186,,0,0,161,0.000007,0,1,1,0,1,1
17933474,,0,0,161,0.000013,1,0,1,1,0,1
17935271,,0.000003,0,184,0.000015,2,0,2,2,0,2
20937110,,0,0,184,0.000007,0,1,1,0,1,1
17935274,,0.000169,0,89,0.000009,3,0,3,3,0,3
17940826,,0.000686,0,5,0.000017,8,0,8,8,0,8
29927945,,0,0.000013,5,0.000007,0,2,2,0,2,2
17942895,,0.009325,0,100,0.000142,58,0,58,58,0,58
28414200,,0.000555,0.002958,1,0.000009,4,9,13,4,9,13
26601161,,0,0.000178,100,0.000007,0,1,1,0,1,1
26282282,,0.000003,0.001151,100,0.00002,3,3,6,3,3,6
26051933,,0,0.000178,100,0.000007,0,1,1,0,1,1
25288561,,0,0.000238,100,0.000007,0,2,2,0,2,2
24348841,,0,0.0004,41,0.000007,0,4,4,0,4,4
17943227,,0.000006,0,41,0.000014,2,0,2,2,0,2
23272074,,0,0,41,0.000007,0,1,1,0,1,1
17943460,,0.001108,0,5,0.000015,9,0,9,9,0,9
17948753,,0,0,1,0.00001,1,0,1,1,0,1
25511610,,0,0,181,0.000007,0,1,1,0,1,1
25369728,,0,0,181,0.000007,0,1,1,0,1,1
23900277,,0,0,181,0.000007,0,1,1,0,1,1
22859220,,0,0,181,0.000007,0,1,1,0,1,1
22331960,,0,0,181,0.000007,0,1,1,0,1,1
22274347,,0,0,181,0.000007,0,1,1,0,1,1
21442106,,0,0,181,0.000007,0,1,1,0,1,1
20394538,,0,0,181,0.000007,0,1,1,0,1,1
20024052,,0,0,181,0.000007,0,1,1,0,1,1
18673074,,0,0,181,0.000007,0,1,1,0,1,1
17949280,,0.000482,0,35,0.000008,2,0,2,2,0,2
26443265,,0,0.00002,5,0.000007,0,1,1,0,1,1
17949289,,0.000088,0,5,0.000015,5,0,5,5,0,5
20051669,,0,0.000002,5,0.000007,0,1,1,0,1,1
17950381,,0.003892,0,5,0.000156,59,0,59,59,0,59
29400022,,0,0.000457,5,0.000007,0,4,4,0,4,4
28820751,,0,0.000075,5,0.000007,0,2,2,0,2,2
28334914,,0,0.002129,1,0.000007,0,8,8,0,8,8
27787750,,0,0.000074,5,0.000007,0,1,1,0,1,1
27241109,,0,0.000074,5,0.000007,0,1,1,0,1,1
26170692,,0.000001,0.000312,5,0.000027,4,6,10,4,6,10
26076155,,0,0.000074,5,0.000007,0,1,1,0,1,1
25673106,,0,0.000074,5,0.000007,0,1,1,0,1,1
25617771,,0,0.000074,5,0.000007,0,1,1,0,1,1
25400828,,0,0.000074,5,0.000007,0,1,1,0,1,1
25328415,,0,0.000074,5,0.000007,0,1,1,0,1,1
25315979,,0,0.000074,5,0.000007,0,1,1,0,1,1
25229768,,0,0.000076,5,0.000007,0,2,2,0,2,2
25224212,,0,0.000074,5,0.000007,0,1,1,0,1,1
25032011,,0,0.000074,5,0.000007,0,1,1,0,1,1
24933100,,0,0.000084,5,0.000007,0,3,3,0,3,3
24771847,,0,0.000153,1,0.000007,0,2,2,0,2,2
24396821,,0,0.000077,5,0.000007,0,2,2,0,2,2
24379701,,0,0.000144,69,0.000007,0,2,2,0,2,2
24323032,,0,0.000085,5,0.000007,0,3,3,0,3,3
24056992,,0,0.000077,5,0.000007,0,2,2,0,2,2
23888949,,0,0.000153,1,0.000007,0,2,2,0,2,2
23599155,,0,0.000113,5,0.000007,0,2,2,0,2,2
22940821,,0,0.000074,5,0.000007,0,1,1,0,1,1
21537049,,0,0.000074,5,0.000007,0,1,1,0,1,1
19078925,,0,0.000074,5,0.000007,0,1,1,0,1,1
25572662,,0,0.000056,35,0.000007,0,2,2,0,2,2
17952592,,0.002767,0,35,0.000032,8,0,8,8,0,8
21163679,,0,0.000053,35,0.000007,0,1,1,0,1,1
17956347,,0.001428,0,100,0.000024,9,0,9,9,0,9
17968145,,0.000602,0,1,0.000007,2,0,2,2,0,2
30341289,,0,0.000003,108,0.000007,0,1,1,0,1,1
30210557,,0,0.000003,108,0.000007,0,1,1,0,1,1
30008892,,0,0.000003,108,0.000007,0,1,1,0,1,1
29958276,,0,0.000003,108,0.000007,0,1,1,0,1,1
29300316,,0,0.000018,35,0.000007,0,2,2,0,2,2
28620312,,0,0.000003,108,0.000007,0,1,1,0,1,1
28466226,,0,0.000003,108,0.000007,0,1,1,0,1,1
28154738,,0,0.000003,108,0.000007,0,1,1,0,1,1
27712099,,0,0.000004,108,0.000007,0,2,2,0,2,2
27036047,,0,0.000003,108,0.000007,0,1,1,0,1,1
26568119,,0,0.000003,108,0.000007,0,1,1,0,1,1
25832911,,0,0.000003,108,0.000007,0,1,1,0,1,1
25622901,,0,0.000003,108,0.000007,0,1,1,0,1,1
25550826,,0,0.000003,108,0.000007,0,1,1,0,1,1
24933324,,0,0.000003,108,0.000007,0,1,1,0,1,1
24901356,,0,0.000003,108,0.000007,0,1,1,0,1,1
24551282,,0,0.000003,108,0.000007,0,1,1,0,1,1
24091726,,0,0.000003,108,0.000007,0,1,1,0,1,1
23899600,,0,0.000003,108,0.000007,0,1,1,0,1,1
23836662,,0,0.000003,108,0.000007,0,1,1,0,1,1
23563360,,0,0.000003,108,0.000007,0,1,1,0,1,1
23443091,,0,0.000003,108,0.000007,0,1,1,0,1,1
23198849,,0,0.000022,90,0.000007,0,2,2,0,2,2
23012497,,0,0.000003,108,0.000007,0,1,1,0,1,1
22811066,,0,0.000004,108,0.000007,0,2,2,0,2,2
22277067,,0,0.000003,108,0.000007,0,1,1,0,1,1
22274616,,0,0.000003,108,0.000007,0,1,1,0,1,1
21818120,,0,0.000003,108,0.000007,0,1,1,0,1,1
21566258,,0,0.000004,108,0.000007,0,3,3,0,3,3
21331233,,0,0.000003,108,0.000007,0,1,1,0,1,1
20542067,,0,0.000003,108,0.000007,0,1,1,0,1,1
20457900,,0,0.000003,108,0.000007,0,1,1,0,1,1
20371273,,0,0.000003,108,0.000007,0,1,1,0,1,1
20353609,,0,0.000003,108,0.000007,0,1,1,0,1,1
20237421,,0,0.000003,108,0.000007,0,1,1,0,1,1
20224815,,0,0.000003,108,0.000007,0,1,1,0,1,1
20019833,,0,0.000041,108,0.000007,0,4,4,0,4,4
19649706,,0,0.000003,108,0.000007,0,1,1,0,1,1
19048110,,0,0.000041,108,0.000007,0,4,4,0,4,4
19047067,,0,0.000003,108,0.000007,0,1,1,0,1,1
17972171,,0.000172,0,100,0.000009,3,0,3,3,0,3
29162146,,0,0.000053,5,0.000007,0,2,2,0,2,2
27769050,,0,0.000027,35,0.000007,0,2,2,0,2,2
23378890,,0,0.000016,5,0.000007,0,2,2,0,2,2
19104203,,0,0.000012,5,0.000007,0,1,1,0,1,1
28217434,,0,0,293,0.000007,0,1,1,0,1,1
17976033,,0,0,293,0.000063,10,0,10,10,0,10
26593913,,0,0,293,0.000007,0,1,1,0,1,1
26139129,,0,0,293,0.000007,0,1,1,0,1,1
26021602,,0,0,293,0.000007,0,1,1,0,1,1
25365823,,0,0,293,0.000007,0,1,1,0,1,1
24062976,,0,0,293,0.000007,0,1,1,0,1,1
22109657,,0,0,293,0.000007,0,1,1,0,1,1
21829653,,0,0,293,0.000007,0,1,1,0,1,1
19053187,,0,0,293,0.000007,0,1,1,0,1,1
17981541,,0.000214,0,57,0.000078,18,0,18,18,0,18
27354260,,0,0.000004,57,0.000007,0,1,1,0,1,1
24629335,,0,0.000017,176,0.000007,0,3,3,0,3,3
24520299,,0,0.000004,57,0.000007,0,1,1,0,1,1
24356864,,0,0.000004,57,0.000007,0,1,1,0,1,1
23663277,,0,0.010172,1,0.000007,0,5,5,0,5,5
23427152,,0,0.000004,57,0.000007,0,2,2,0,2,2
22448617,,0,0.000004,57,0.000007,0,1,1,0,1,1
22137500,,0,0.000004,57,0.000007,0,1,1,0,1,1
19654412,,0,0.000004,57,0.000007,0,1,1,0,1,1
19287168,,0,0.000004,57,0.000007,0,1,1,0,1,1
18598717,,0,0.000004,57,0.000007,0,1,1,0,1,1
17982490,,0.006848,0,1,0.000112,43,0,43,43,0,43
29088817,,0,0.000131,1,0.000007,0,1,1,0,1,1
26973813,,0,0.000256,231,0.000007,0,3,3,0,3,3
26673577,,0,0.00053,1,0.000007,0,4,4,0,4,4
25486363,,0,0.000141,176,0.000007,0,2,2,0,2,2
21971296,,0,0.000131,1,0.000007,0,1,1,0,1,1
20678261,,0,0.000131,1,0.000007,0,1,1,0,1,1
30393612,,0,0.000074,24,0.000007,0,1,1,0,1,1
28592245,,0,0.000075,24,0.000016,2,3,5,2,3,5
28235063,,0,0.000075,24,0.000007,0,2,2,0,2,2
27557513,,0,0.000074,24,0.000007,0,1,1,0,1,1
27471692,,0,0.000074,24,0.000007,0,1,1,0,1,1
26482648,,0,0.000092,24,0.000007,0,3,3,0,3,3
26104895,,0,0.000074,24,0.000007,0,2,2,0,2,2
25505733,,0,0.000096,24,0.000007,0,2,2,0,2,2
24649266,,0.000099,0.000078,24,0.000011,2,2,4,2,2,4
24212966,,0,0.000082,24,0.000015,2,2,4,2,2,4
24048333,,0,0.000074,24,0.000007,0,1,1,0,1,1
23878161,,0,0.000074,24,0.000007,0,1,1,0,1,1
23359225,,0.000001,0.000163,24,0.000038,4,6,10,4,6,10
22848476,,0,0.000074,24,0.000022,3,1,4,3,1,4
22649759,,0,0.000074,24,0.000007,0,1,1,0,1,1
22206620,,0,0.000074,24,0.000007,0,1,1,0,1,1
21224045,,0,0.00008,24,0.000007,0,2,2,0,2,2
21198546,,0,0.000074,24,0.000007,0,1,1,0,1,1
20718735,,0,0.000074,24,0.000007,0,1,1,0,1,1
20521348,,0,0.000074,24,0.000007,0,1,1,0,1,1
19197239,,0,0.000074,24,0.000007,0,1,1,0,1,1
17987791,,0.00021,0,90,0.000011,4,0,4,4,0,4
17988821,,0.000014,0,5,0.000011,3,0,3,3,0,3
23026042,,0,0.000001,5,0.000007,0,2,2,0,2,2
30416680,,0,0.000007,279,0.000007,0,1,1,0,1,1
30214106,,0,0.000007,72,0.000007,0,2,2,0,2,2
30103412,,0,0.000007,279,0.000007,0,2,2,0,2,2
30102945,,0,0.000007,279,0.000007,0,1,1,0,1,1
30041457,,0,0.000046,279,0.000007,0,2,2,0,2,2
29899086,,0,0.000007,279,0.000007,0,1,1,0,1,1
29706891,,0,0.000007,241,0.000007,0,2,2,0,2,2
29581829,,0,0.000007,279,0.000007,0,1,1,0,1,1
29423093,,0,0.000324,279,0.000007,0,2,2,0,2,2
29098631,,0,0.000012,100,0.000007,0,3,3,0,3,3
28785173,,0,0.000007,279,0.000007,0,1,1,0,1,1
28745936,,0,0.000007,279,0.000007,0,1,1,0,1,1
28716037,,0,0.000007,279,0.000007,0,1,1,0,1,1
28241740,,0,0.000007,279,0.000007,0,2,2,0,2,2
28210112,,0,0.000007,279,0.000007,0,1,1,0,1,1
28186961,,0,0.000007,279,0.000007,0,1,1,0,1,1
28158319,,0,0.000007,279,0.000007,0,1,1,0,1,1
28100769,,0,0.000007,279,0.000007,0,1,1,0,1,1
27923600,,0,0.000007,279,0.000007,0,1,1,0,1,1
27853634,,0,0.000007,279,0.000007,0,1,1,0,1,1
27852227,,0,0.000007,279,0.000007,0,1,1,0,1,1
27841324,,0,0.000007,279,0.000007,0,1,1,0,1,1
27493805,,0,0.000007,279,0.000007,0,1,1,0,1,1
27457352,,0,0.000007,279,0.000007,0,1,1,0,1,1
27330573,,0,0.000007,279,0.000007,0,1,1,0,1,1
27307795,,0,0.000007,279,0.000007,0,1,1,0,1,1
27118119,,0,0.001009,279,0.000007,0,2,2,0,2,2
26748756,,0,0.000007,279,0.000007,0,1,1,0,1,1
26667181,,0,0.000044,279,0.000007,0,2,2,0,2,2
26463870,,0,0.000007,279,0.000007,0,1,1,0,1,1
26224753,,0,0.000007,279,0.000007,0,1,1,0,1,1
26182405,,0,0.000007,279,0.000007,0,1,1,0,1,1
25897117,,0,0.000007,279,0.000007,0,1,1,0,1,1
25822018,,0,0.000007,279,0.000007,0,1,1,0,1,1
25682873,,0,0.000007,279,0.000007,0,1,1,0,1,1
25621498,,0,0.000007,279,0.000007,0,1,1,0,1,1
25453758,,0,0.000007,279,0.000007,0,1,1,0,1,1
25377264,,0,0.000007,279,0.000007,0,1,1,0,1,1
25159616,,0,0.000007,279,0.000007,0,1,1,0,1,1
24958354,,0,0.000007,279,0.000007,0,1,1,0,1,1
24944101,,0,0.000007,279,0.000007,0,1,1,0,1,1
24833108,,0,0.000432,1,0.000007,0,5,5,0,5,5
24710139,,0,0.000007,279,0.000007,0,1,1,0,1,1
24684846,,0,0.000007,279,0.000007,0,1,1,0,1,1
24676085,,0,0.000007,279,0.000007,0,1,1,0,1,1
24660103,,0,0.000007,279,0.000007,0,1,1,0,1,1
24423613,,0,0.000007,279,0.000007,0,1,1,0,1,1
24236034,,0,0.000007,279,0.000007,0,1,1,0,1,1
24212783,,0,0.000016,279,0.000007,0,2,2,0,2,2
24198508,,0,0.000007,279,0.000007,0,1,1,0,1,1
23955273,,0,0.000053,1,0.000007,0,2,2,0,2,2
23672687,,0,0.000007,279,0.000007,0,1,1,0,1,1
23300844,,0,0.000007,279,0.000007,0,1,1,0,1,1
23242597,,0,0.000007,279,0.000007,0,1,1,0,1,1
23114619,,0,0.000007,279,0.000007,0,1,1,0,1,1
23019344,,0,0.000007,279,0.000007,0,1,1,0,1,1
22993570,,0,0.000007,279,0.000007,0,1,1,0,1,1
22949617,,0,0.000007,279,0.000007,0,1,1,0,1,1
22893792,,0,0.000007,279,0.000007,0,1,1,0,1,1
22826467,,0,0.00008,35,0.000007,0,3,3,0,3,3
22763785,,0,0.000007,279,0.000007,0,1,1,0,1,1
22740697,,0,0.000007,279,0.000007,0,1,1,0,1,1
22722874,,0,0.000007,279,0.000007,0,1,1,0,1,1
22607757,,0,0.000007,279,0.000007,0,1,1,0,1,1
22539223,,0,0.000007,279,0.000007,0,1,1,0,1,1
22493319,,0,0.000007,279,0.000007,0,1,1,0,1,1
22439938,,0,0.000007,279,0.000007,0,1,1,0,1,1
22379135,,0,0.000007,279,0.000007,0,1,1,0,1,1
22349820,,0,0.000169,279,0.000007,0,2,2,0,2,2
22336201,,0,0.000007,279,0.000007,0,1,1,0,1,1
21927626,,0,0.000007,279,0.000007,0,1,1,0,1,1
21779447,,0,0.000007,279,0.000007,0,1,1,0,1,1
21673996,,0,0.000007,279,0.000007,0,1,1,0,1,1
21628990,,0,0.000007,279,0.000007,0,1,1,0,1,1
21168523,,0,0.000007,279,0.000007,0,1,1,0,1,1
20713129,,0,0.000007,279,0.000007,0,1,1,0,1,1
20504284,,0,0.000007,279,0.000007,0,1,1,0,1,1
20348135,,0,0.000007,279,0.000007,0,1,1,0,1,1
20126405,,0,0.000007,279,0.000007,0,1,1,0,1,1
20029422,,0,0.000007,279,0.000007,0,1,1,0,1,1
19933707,,0,0.000007,279,0.000007,0,1,1,0,1,1
19652201,,0,0.000007,279,0.000007,0,1,1,0,1,1
19502488,,0,0.000007,279,0.000007,0,1,1,0,1,1
19482874,,0,0.000007,279,0.000007,0,1,1,0,1,1
19480391,,0,0.000007,279,0.000007,0,1,1,0,1,1
19234609,,0,0.000007,279,0.000007,0,1,1,0,1,1
19010910,,0,0.000007,279,0.000007,0,1,1,0,1,1
18499700,,0,0.000007,279,0.000007,0,1,1,0,1,1
18483297,,0,0.000007,279,0.000007,0,1,1,0,1,1
17992698,,0.000786,0,5,0.000023,16,0,16,16,0,16
20038946,,0,0.000015,5,0.000007,0,1,1,0,1,1
29200992,,0,0.000029,24,0.000007,0,1,1,0,1,1
17993233,,0.001508,0,24,0.00007,13,0,13,13,0,13
24786831,,0,0.000029,24,0.000007,0,1,1,0,1,1
22808086,,0,0.000029,24,0.000007,0,1,1,0,1,1
21750655,,0,0.000029,24,0.000007,0,1,1,0,1,1
20878064,,0,0.000287,24,0.000007,0,2,2,0,2,2
19581934,,0,0.000029,24,0.000007,0,1,1,0,1,1
28856219,,0,0.000006,184,0.000007,0,1,1,0,1,1
17996922,,0.000329,0,184,0.000113,19,0,19,19,0,19
27552971,,0,0.000006,184,0.000007,0,1,1,0,1,1
26435834,,0,0.000006,184,0.000007,0,1,1,0,1,1
24965941,,0,0.000388,184,0.000007,0,2,2,0,2,2
22796566,,0,0.000006,184,0.000007,0,1,1,0,1,1
22675465,,0,0.000006,184,0.000007,0,1,1,0,1,1
22545052,,0,0.000006,184,0.000007,0,1,1,0,1,1
22178470,,0,0.00001,184,0.000007,0,2,2,0,2,2
21187328,,0,0.000012,184,0.000007,0,2,2,0,2,2
21123451,,0,0.000006,184,0.000007,0,1,1,0,1,1
20732421,,0,0.000006,184,0.000007,0,1,1,0,1,1
20577263,,0,0.000006,184,0.000007,0,1,1,0,1,1
20428248,,0,0.000006,184,0.000007,0,1,1,0,1,1
19608767,,0,0.000006,184,0.000007,0,1,1,0,1,1
19241369,,0,0.000006,184,0.000007,0,1,1,0,1,1
17997147,,0.005329,0,89,0.000014,17,0,17,17,0,17
22965136,,0,0,162,0.000007,0,1,1,0,1,1
17998815,,0,0,162,0.000013,1,0,1,1,0,1
28148898,,0,0.00019,231,0.000007,0,1,1,0,1,1
27796283,,0,0.00019,231,0.000007,0,1,1,0,1,1
23544012,,0.004734,0.001226,231,0.00022,52,12,64,52,12,64
21385923,,0.00041,0.000583,72,0.000053,21,4,25,21,4,25
21368091,,0,0.00019,231,0.000007,0,1,1,0,1,1
19794065,,0,0.00019,231,0.000007,0,1,1,0,1,1
18000219,,0.009438,0,35,0.000129,62,0,62,62,0,62
29029492,,0,0.00018,35,0.000007,0,1,1,0,1,1
28081703,,0,0.00018,35,0.000007,0,1,1,0,1,1
25301728,,0,0.00018,35,0.000007,0,1,1,0,1,1
24474771,,0,0.00018,35,0.000007,0,1,1,0,1,1
23762382,,0,0.00018,35,0.000007,0,1,1,0,1,1
22174013,,0,0.00018,35,0.000007,0,1,1,0,1,1
22027693,,0,0.00018,35,0.000007,0,1,1,0,1,1
21745407,,0,0.00018,35,0.000007,0,1,1,0,1,1
19997620,,0,0.00018,35,0.000007,0,1,1,0,1,1
24619131,,0,0.000002,41,0.000007,0,1,1,0,1,1
18000525,,0.000095,0,41,0.000024,4,0,4,4,0,4
20416085,,0,0.000002,41,0.000007,0,1,1,0,1,1
18004629,,0.000252,0,5,0.000044,10,0,10,10,0,10
29998074,,0,0.000011,5,0.000007,0,2,2,0,2,2
29876167,,0,0.000005,5,0.000007,0,1,1,0,1,1
28515925,,0,0.000005,5,0.000007,0,1,1,0,1,1
26645007,,0,0.000005,5,0.000007,0,3,3,0,3,3
26645002,,0,0.000005,5,0.000007,0,1,1,0,1,1
22590446,,0,0.000005,5,0.000007,0,1,1,0,1,1
21308484,,0,0.000005,5,0.000007,0,1,1,0,1,1
28881796,,0,0.00003,57,0.000007,0,3,3,0,3,3
18005669,,0.000704,0,57,0.000048,14,0,14,14,0,14
27585556,,0,0.00003,57,0.000007,0,2,2,0,2,2
27293457,,0,0.000013,57,0.000007,0,1,1,0,1,1
25190177,,0,0.000193,57,0.000007,0,3,3,0,3,3
24094113,,0,0.000032,57,0.000007,0,2,2,0,2,2
23918565,,0,0.000016,176,0.000007,0,2,2,0,2,2
23452846,,0,0.000013,57,0.000007,0,1,1,0,1,1
19617533,,0,0.000013,57,0.000007,0,1,1,0,1,1
30261451,,0,0.000534,100,0.000007,0,1,1,0,1,1
29743367,,0,0.000762,1,0.000007,0,2,2,0,2,2
29523805,,0,0.000534,100,0.000007,0,1,1,0,1,1
29463696,,0,0.000534,100,0.000007,0,1,1,0,1,1
29462142,,0,0.00054,2,0.000007,0,2,2,0,2,2
29367628,,0,0.000544,100,0.000007,0,2,2,0,2,2
29330428,,0,0.000921,100,0.000007,0,3,3,0,3,3
29253183,,0,0.001046,100,0.000007,0,6,6,0,6,6
29182755,,0,0.000925,100,0.000007,0,7,7,0,7,7
29144413,,0,0.000907,100,0.000007,0,3,3,0,3,3
29127375,,0,0.00054,100,0.000007,0,2,2,0,2,2
28507061,,0,0.000534,100,0.000007,0,1,1,0,1,1
28394347,,0,0.000974,100,0.000007,0,8,8,0,8,8
28139723,,0,0.000534,100,0.000007,0,1,1,0,1,1
28055970,,0,0.00147,100,0.000007,0,3,3,0,3,3
28039451,,0,0.000886,100,0.000007,0,2,2,0,2,2
27895153,,0,0.000537,279,0.000007,0,2,2,0,2,2
27517492,,0,0.000534,100,0.000007,0,1,1,0,1,1
27322308,,0,0.000535,176,0.000007,0,2,2,0,2,2
27315300,,0.000138,0.000542,100,0.000028,7,2,9,7,2,9
27310875,,0,0.000543,100,0.000007,0,3,3,0,3,3
27273637,,0,0.000534,100,0.000007,0,1,1,0,1,1
27218803,,0,0.000534,100,0.000007,0,1,1,0,1,1
27148355,,0,0.001109,100,0.000007,0,3,3,0,3,3
27083998,,0,0.000977,100,0.000007,0,3,3,0,3,3
26756216,,0,0.000534,100,0.000007,0,1,1,0,1,1
26734725,,0,0.000542,100,0.000007,0,2,2,0,2,2
26578593,,0,0.000925,100,0.000007,0,4,4,0,4,4
26424850,,0,0.003336,100,0.000007,0,5,5,0,5,5
26391293,,0,0.000534,100,0.000007,0,1,1,0,1,1
26285145,,0,0.000569,100,0.000007,0,2,2,0,2,2
26184877,,0,0.000534,100,0.000007,0,1,1,0,1,1
25774166,,0,0.000534,100,0.000007,0,1,1,0,1,1
25483088,,0.000707,0.01003,1,0.000019,6,9,15,6,9,15
25340842,,0,0.000534,100,0.000007,0,1,1,0,1,1
25305019,,0,0.001111,100,0.000007,0,4,4,0,4,4
25287622,,0,0.002544,100,0.000007,0,6,6,0,6,6
25264544,,0,0.000585,24,0.000007,0,2,2,0,2,2
25252681,,0,0.001296,100,0.000007,0,4,4,0,4,4
25171524,,0,0.001284,100,0.000007,0,3,3,0,3,3
25057768,,0,0.000547,367,0.000007,0,2,2,0,2,2
24963488,,0,0.000534,100,0.000007,0,1,1,0,1,1
24810302,,0,0.000534,100,0.000007,0,1,1,0,1,1
24653725,,0,0.000898,100,0.000007,0,3,3,0,3,3
24632385,,0,0.000534,100,0.000007,0,1,1,0,1,1
24304913,,0,0.00082,100,0.000007,0,4,4,0,4,4
24300032,,0,0.000534,100,0.000007,0,1,1,0,1,1
24217620,,0,0.001417,100,0.000007,0,3,3,0,3,3
24003210,,0,0.000534,100,0.000007,0,1,1,0,1,1
23902761,,0,0.000886,100,0.000007,0,2,2,0,2,2
23880818,,0,0.000534,100,0.000007,0,1,1,0,1,1
23833192,,0,0.000976,100,0.000007,0,3,3,0,3,3
23652611,,0,0.000534,100,0.000007,0,1,1,0,1,1
23596571,,0,0.000534,100,0.000007,0,1,1,0,1,1
23442799,,0,0.000534,100,0.000007,0,1,1,0,1,1
23433795,,0,0.007414,1,0.000007,0,3,3,0,3,3
23375745,,0,0.000534,100,0.000007,0,1,1,0,1,1
23268447,,0,0.000979,100,0.000007,0,5,5,0,5,5
23264631,,0,0.000534,100,0.000007,0,1,1,0,1,1
23255131,,0,0.001012,100,0.000007,0,4,4,0,4,4
23249736,,0,0.000931,100,0.000007,0,3,3,0,3,3
23233665,,0,0.000585,100,0.000007,0,3,3,0,3,3
23176708,,0,0.000534,100,0.000007,0,1,1,0,1,1
23151519,,0,0.000825,57,0.000007,0,2,2,0,2,2
22733822,,0,0.001007,100,0.000007,0,4,4,0,4,4
22649771,,0,0.000757,100,0.000007,0,2,2,0,2,2
22525276,,0,0.000971,1,0.000007,0,3,3,0,3,3
22402492,,0,0.001121,100,0.000007,0,4,4,0,4,4
22345514,,0,0.000886,100,0.000007,0,2,2,0,2,2
22244311,,0,0.000534,100,0.000007,0,1,1,0,1,1
22234878,,0,0.000534,100,0.000007,0,1,1,0,1,1
21858012,,0,0.000922,100,0.000007,0,3,3,0,3,3
21760879,,0,0.000534,100,0.000007,0,1,1,0,1,1
21706008,,0,0.000534,100,0.000007,0,1,1,0,1,1
21549309,,0,0.000886,100,0.000007,0,2,2,0,2,2
21394101,,0.001587,0.001189,100,0.000059,30,5,35,30,5,35
20948664,,0,0.000534,100,0.000007,0,1,1,0,1,1
20876283,,0,0.001109,100,0.000007,0,3,3,0,3,3
20805324,,0,0.000886,100,0.000007,0,2,2,0,2,2
20802485,,0,0.000886,100,0.000007,0,2,2,0,2,2
20729195,,0.00005,0.000534,176,0.00007,16,1,17,16,1,17
20700441,,0,0.000534,100,0.000007,0,1,1,0,1,1
20667736,,0,0.000534,100,0.000007,0,1,1,0,1,1
20622265,,0,0.001109,100,0.000007,0,3,3,0,3,3
20488183,,0,0.000534,100,0.000007,0,1,1,0,1,1
20385748,,0,0.000886,100,0.000007,0,2,2,0,2,2
20368419,,0,0.000534,100,0.000007,0,1,1,0,1,1
20112283,,0,0.000886,100,0.000007,0,2,2,0,2,2
19633697,,0,0.000534,100,0.000007,0,1,1,0,1,1
19616655,,0,0.000886,100,0.000007,0,2,2,0,2,2
19407812,,0,0.000534,100,0.000007,0,1,1,0,1,1
19059499,,0,0.000534,100,0.000007,0,1,1,0,1,1
19014481,,0,0.000534,100,0.000007,0,1,1,0,1,1
18728186,,0,0.000534,100,0.000007,0,1,1,0,1,1
18671832,,0,0.000534,100,0.000007,0,1,1,0,1,1
18006916,,0.00055,0,89,0.00001,9,0,9,9,0,9
18007146,,0.001865,0,5,0.000019,16,0,16,16,0,16
29992102,,0,0,293,0.000007,0,1,1,0,1,1
18007624,,0,0,293,0.000093,15,0,15,15,0,15
29547580,,0,0,293,0.000007,0,1,1,0,1,1
28959399,,0,0,293,0.000007,0,1,1,0,1,1
28243661,,0,0,293,0.000007,0,1,1,0,1,1
26189409,,0,0,293,0.000007,0,1,1,0,1,1
24039935,,0,0,293,0.000007,0,1,1,0,1,1
23294365,,0,0,293,0.000007,0,1,1,0,1,1
23162691,,0,0,293,0.000007,0,1,1,0,1,1
22949871,,0,0,293,0.000007,0,1,1,0,1,1
22872808,,0,0,293,0.000007,0,1,1,0,1,1
22164059,,0,0,293,0.000007,0,1,1,0,1,1
20839255,,0,0,293,0.000007,0,1,1,0,1,1
20534499,,0,0,293,0.000007,0,1,1,0,1,1
20527878,,0,0,293,0.000007,0,1,1,0,1,1
29731540,,0,0,5,0.000007,0,1,1,0,1,1
18022591,,0.000002,0,5,0.000058,10,0,10,10,0,10
25969745,,0,0,5,0.000007,0,1,1,0,1,1
24175062,,0,0,5,0.000007,0,1,1,0,1,1
24134832,,0,0,5,0.000007,0,1,1,0,1,1
23389423,,0,0,5,0.000007,0,1,1,0,1,1
23216922,,0,0,5,0.000007,0,1,1,0,1,1
21430960,,0,0,5,0.000007,0,1,1,0,1,1
20379614,,0,0,5,0.000007,0,1,1,0,1,1
29191918,,0.000001,0.001773,100,0.000009,1,6,7,1,6,7
24966330,,0,0.000388,140,0.000007,0,4,4,0,4,4
23417673,,0,0.000236,90,0.000007,0,2,2,0,2,2
28147341,,0,0.000071,247,0.000007,0,3,3,0,3,3
18026198,,0.000031,0,247,0.00007,13,0,13,13,0,13
26622997,,0,0.000001,247,0.000007,0,1,1,0,1,1
25268132,,0,0.000001,247,0.000007,0,2,2,0,2,2
25127392,,0,0.000001,247,0.000007,0,1,1,0,1,1
23792639,,0,0.000001,247,0.000007,0,1,1,0,1,1
23713868,,0,0.000001,247,0.000007,0,1,1,0,1,1
23533755,,0,0.000001,247,0.000007,0,1,1,0,1,1
22350019,,0,0.000001,247,0.000007,0,1,1,0,1,1
22274399,,0,0.000001,247,0.000007,0,1,1,0,1,1
20124450,,0,0.000001,247,0.000007,0,1,1,0,1,1
18974145,,0,0.000001,247,0.000007,0,1,1,0,1,1
18026853,,0.001698,0,5,0.000022,12,0,12,12,0,12
20238254,,0,0.000032,5,0.000007,0,1,1,0,1,1
30410591,,0,0.000004,231,0.000007,0,1,1,0,1,1
18026875,,0.000231,0,231,0.00009,22,0,22,22,0,22
30013442,,0,0.000004,231,0.000007,0,1,1,0,1,1
29181436,,0,0.000004,231,0.000007,0,1,1,0,1,1
28426730,,0,0.000004,231,0.000007,0,1,1,0,1,1
27814623,,0,0.000004,231,0.000007,0,1,1,0,1,1
24488925,,0,0.000004,231,0.000007,0,1,1,0,1,1
23506213,,0,0.000004,231,0.000007,0,1,1,0,1,1
21301048,,0,0.000004,231,0.000007,0,1,1,0,1,1
19956434,,0,0.000004,231,0.000007,0,1,1,0,1,1
19158992,,0,0.000004,231,0.000007,0,1,1,0,1,1
25567848,,0,0.000004,89,0.000007,0,1,1,0,1,1
24875776,,0,0.000004,89,0.000007,0,1,1,0,1,1
23340510,,0,0.000004,89,0.000007,0,1,1,0,1,1
22809343,,0,0.000004,89,0.000007,0,1,1,0,1,1
20841430,,0,0.000004,89,0.000007,0,1,1,0,1,1
19220451,,0,0.000004,89,0.000007,0,1,1,0,1,1
18030615,,0.001756,0,35,0.000101,28,0,28,28,0,28
29337876,,0,0.000033,35,0.000007,0,1,1,0,1,1
27540529,,0,0.000033,35,0.000007,0,1,1,0,1,1
26617869,,0,0.000033,35,0.000007,0,1,1,0,1,1
25544668,,0,0.000033,35,0.000007,0,1,1,0,1,1
25120765,,0,0.000033,35,0.000007,0,1,1,0,1,1
24662455,,0,0.000035,35,0.000007,0,2,2,0,2,2
24206539,,0,0.000309,90,0.000007,0,3,3,0,3,3
23028659,,0,0.000033,35,0.000007,0,1,1,0,1,1
22442669,,0,0.000033,35,0.000007,0,1,1,0,1,1
22007214,,0,0.000152,232,0.000007,0,3,3,0,3,3
21732131,,0,0.000033,35,0.000007,0,1,1,0,1,1
20655141,,0,0.000033,35,0.000007,0,1,1,0,1,1
20498644,,0,0.000033,35,0.000007,0,1,1,0,1,1
18034184,,0.012765,0,89,0.000258,122,0,122,122,0,122
28620301,,0,0.000243,89,0.000007,0,1,1,0,1,1
27899656,,0,0.000456,89,0.000007,0,2,2,0,2,2
27649163,,0,0.000243,89,0.000007,0,1,1,0,1,1
27050280,,0,0.000266,89,0.000007,0,2,2,0,2,2
26257769,,0.000465,0.0027,72,0.00002,5,12,17,5,12,17
25949096,,0,0.000243,89,0.000007,0,1,1,0,1,1
25729725,,0,0.000243,89,0.000007,0,1,1,0,1,1
23229895,,0,0.000243,89,0.000007,0,1,1,0,1,1
23046572,,0,0.000389,89,0.000007,0,2,2,0,2,2
22706633,,0,0.000243,89,0.000007,0,1,1,0,1,1
22403740,,0,0.00096,89,0.000007,0,4,4,0,4,4
22096235,,0,0.000243,89,0.000007,0,1,1,0,1,1
21761402,,0,0.00025,35,0.000007,0,3,3,0,3,3
21541295,,0,0.00032,89,0.000007,0,2,2,0,2,2
20726723,,0,0.000243,89,0.000007,0,1,1,0,1,1
20553883,,0,0.000246,176,0.000007,0,2,2,0,2,2
19562736,,0,0.000243,89,0.000007,0,1,1,0,1,1
18676834,,0,0.000243,89,0.000007,0,1,1,0,1,1
18035670,,0.000076,0,35,0.00006,11,0,11,11,0,11
29849809,,0,0.000001,35,0.000007,0,1,1,0,1,1
29285016,,0,0.000001,35,0.000007,0,1,1,0,1,1
29132012,,0,0.000001,35,0.000007,0,1,1,0,1,1
28352682,,0,0.000001,35,0.000007,0,1,1,0,1,1
23396986,,0,0.000001,35,0.000007,0,1,1,0,1,1
22996916,,0,0.000001,35,0.000007,0,1,1,0,1,1
21738817,,0,0.000001,35,0.000007,0,1,1,0,1,1
20565965,,0,0.000001,35,0.000007,0,1,1,0,1,1
18509313,,0,0.000058,140,0.000007,0,1,1,0,1,1
18037339,,0.000018,0,176,0.000142,29,0,29,29,0,29
29269611,,0,0,176,0.000007,0,1,1,0,1,1
29069812,,0,0,176,0.000007,0,1,1,0,1,1
28846109,,0,0,176,0.000007,0,1,1,0,1,1
27959887,,0,0,176,0.000007,0,1,1,0,1,1
27463724,,0,0,176,0.000007,0,1,1,0,1,1
26244938,,0,0,176,0.000007,0,1,1,0,1,1
25861638,,0,0,176,0.000007,0,1,1,0,1,1
24502354,,0,0,176,0.000007,0,1,1,0,1,1
23983432,,0,0,176,0.000007,0,1,1,0,1,1
23919723,,0,0.000031,176,0.000007,0,2,2,0,2,2
23019529,,0,0,176,0.000007,0,1,1,0,1,1
22400801,,0,0,176,0.000007,0,1,1,0,1,1
21773671,,0,0,176,0.000007,0,1,1,0,1,1
21635189,,0,0,176,0.000007,0,1,1,0,1,1
21440578,,0,0,176,0.000007,0,1,1,0,1,1
21113933,,0,0,176,0.000007,0,1,1,0,1,1
20833606,,0,0,176,0.000007,0,1,1,0,1,1
20577654,,0,0,176,0.000007,0,1,1,0,1,1
20214536,,0,0,176,0.000007,0,1,1,0,1,1
18040054,,0.000113,0,5,0.000011,5,0,5,5,0,5
29584547,,0,0.000146,89,0.000007,0,7,7,0,7,7
29085449,,0,0.000084,89,0.000007,0,1,1,0,1,1
28915487,,0,0.000372,89,0.000007,0,2,2,0,2,2
27777885,,0,0.000084,89,0.000007,0,1,1,0,1,1
27248471,,0,0.000084,89,0.000007,0,1,1,0,1,1
24940099,,0,0.000084,89,0.000007,0,1,1,0,1,1
30140169,,0,0.000016,89,0.000007,0,2,2,0,2,2
18045647,,0.000808,0,35,0.000083,22,0,22,22,0,22
29472521,,0,0.000015,35,0.000007,0,1,1,0,1,1
27999188,,0,0.000015,35,0.000007,0,1,1,0,1,1
26474458,,0,0.000345,35,0.000007,0,5,5,0,5,5
26124908,,0,0.000015,35,0.000007,0,1,1,0,1,1
25197398,,0,0.000015,35,0.000007,0,1,1,0,1,1
23991019,,0,0.000015,35,0.000007,0,1,1,0,1,1
23056641,,0,0.000015,35,0.000007,0,1,1,0,1,1
21655258,,0,0.000015,35,0.000007,0,1,1,0,1,1
21169259,,0,0.000033,35,0.000007,0,3,3,0,3,3
19369208,,0,0.000015,35,0.000007,0,1,1,0,1,1
18045956,,0.000879,0,90,0.000025,16,0,16,16,0,16
24913674,,0,0.000119,231,0.000007,0,2,2,0,2,2
24182359,,0,0.000018,100,0.000007,0,1,1,0,1,1
20456353,,0,0.000045,100,0.000007,0,2,2,0,2,2
30275857,,0,0.000061,35,0.000007,0,1,1,0,1,1
18049131,,0.003175,0,35,0.000099,33,0,33,33,0,33
30068707,,0,0.000061,35,0.000007,0,1,1,0,1,1
29796172,,0,0.00011,35,0.000007,0,2,2,0,2,2
27008698,,0,0.000061,35,0.000007,0,1,1,0,1,1
26930401,,0,0.000061,35,0.000007,0,1,1,0,1,1
25164970,,0,0.000061,35,0.000007,0,1,1,0,1,1
25135009,,0,0.000487,35,0.000007,0,2,2,0,2,2
23825439,,0,0.000078,35,0.000007,0,2,2,0,2,2
23133536,,0,0.000097,35,0.000007,0,2,2,0,2,2
22664488,,0,0.000061,35,0.000007,0,1,1,0,1,1
30142805,,0,0,5,0.000007,0,1,1,0,1,1
18050282,,0.000018,0,5,0.000045,9,0,9,9,0,9
25073168,,0,0,5,0.000007,0,1,1,0,1,1
24790657,,0,0,5,0.000007,0,1,1,0,1,1
21048906,,0,0,5,0.000007,0,1,1,0,1,1
20069109,,0,0,5,0.000007,0,1,1,0,1,1
18054868,,0.000231,0,5,0.000015,7,0,7,7,0,7
27073607,,0,0,163,0.000007,0,1,1,0,1,1
18055740,,0,0,163,0.000019,2,0,2,2,0,2
22679041,,0,0,163,0.000007,0,1,1,0,1,1
30102375,,0,0.000003,90,0.000007,0,1,1,0,1,1
18056170,,0.000136,0,90,0.00019,37,0,37,37,0,37
28798901,,0,0.000003,90,0.000007,0,1,1,0,1,1
28790173,,0,0.000003,90,0.000007,0,1,1,0,1,1
28637868,,0,0.000003,90,0.000007,0,1,1,0,1,1
28414767,,0,0.000003,90,0.000007,0,1,1,0,1,1
28231690,,0,0.000003,90,0.000007,0,1,1,0,1,1
28141864,,0,0.000003,90,0.000007,0,1,1,0,1,1
27764700,,0,0.000024,90,0.000007,0,4,4,0,4,4
26943573,,0,0.000003,90,0.000007,0,1,1,0,1,1
26314962,,0,0.000003,90,0.000007,0,1,1,0,1,1
25867965,,0,0.000003,90,0.000007,0,1,1,0,1,1
25830480,,0,0.000003,90,0.000007,0,1,1,0,1,1
25750985,,0,0.000003,90,0.000007,0,1,1,0,1,1
25472813,,0,0.000003,90,0.000007,0,1,1,0,1,1
23665903,,0,0.000019,90,0.000007,0,2,2,0,2,2
23516604,,0,0.000003,90,0.000007,0,1,1,0,1,1
23028944,,0,0.000034,90,0.000007,0,3,3,0,3,3
22920728,,0,0.000003,90,0.000007,0,1,1,0,1,1
22666083,,0,0.000003,90,0.000007,0,1,1,0,1,1
22322302,,0,0.000003,90,0.000007,0,1,1,0,1,1
22201738,,0,0.000019,90,0.000007,0,2,2,0,2,2
22139917,,0,0.000003,90,0.000007,0,1,1,0,1,1
21948791,,0,0.000003,90,0.000007,0,1,1,0,1,1
21935886,,0,0.000019,90,0.000007,0,2,2,0,2,2
21498545,,0,0.000003,90,0.000007,0,1,1,0,1,1
21480233,,0,0.000019,90,0.000007,0,2,2,0,2,2
21102524,,0,0.000003,90,0.000007,0,1,1,0,1,1
20724828,,0,0.000366,90,0.000007,0,2,2,0,2,2
20498646,,0,0.000003,90,0.000007,0,1,1,0,1,1
20370918,,0,0.000019,90,0.000007,0,2,2,0,2,2
20305372,,0,0.000003,90,0.000007,0,1,1,0,1,1
19487279,,0,0.000003,90,0.000007,0,1,1,0,1,1
19359363,,0,0.000003,90,0.000007,0,1,1,0,1,1
19106631,,0,0.000003,90,0.000007,0,1,1,0,1,1
18056440,,0.001003,0,231,0.000032,8,0,8,8,0,8
26716903,,0,0.000019,231,0.000007,0,1,1,0,1,1
26650179,,0,0.000019,231,0.000007,0,1,1,0,1,1
18056443,,0.001597,0,100,0.000047,21,0,21,21,0,21
25987188,,0,0.00003,100,0.000007,0,1,1,0,1,1
20399103,,0,0.00003,100,0.000007,0,1,1,0,1,1
29435134,,0,0,205,0.000007,0,1,1,0,1,1
18057054,,0.000008,0,205,0.000163,24,0,24,24,0,24
28919753,,0,0,205,0.000007,0,1,1,0,1,1
28713383,,0,0,205,0.000007,0,1,1,0,1,1
28327162,,0,0,205,0.000007,0,1,1,0,1,1
28031965,,0,0,205,0.000007,0,1,1,0,1,1
27822038,,0,0,205,0.000007,0,1,1,0,1,1
27536105,,0,0,205,0.000007,0,1,1,0,1,1
26730334,,0,0,205,0.000007,0,1,1,0,1,1
26269254,,0,0,205,0.000007,0,1,1,0,1,1
26170659,,0,0,205,0.000007,0,1,1,0,1,1
25928540,,0,0.000299,205,0.000007,0,2,2,0,2,2
25580814,,0,0.000012,205,0.000007,0,2,2,0,2,2
23936814,,0,0,205,0.000007,0,1,1,0,1,1
23678412,,0,0,205,0.000007,0,1,1,0,1,1
22300514,,0,0,205,0.000007,0,1,1,0,1,1
22097965,,0,0,205,0.000007,0,1,1,0,1,1
21980536,,0,0,205,0.000007,0,1,1,0,1,1
21931484,,0,0,205,0.000007,0,1,1,0,1,1
20729176,,0,0,205,0.000007,0,1,1,0,1,1
19761582,,0,0,205,0.000007,0,1,1,0,1,1
19726441,,0,0,205,0.000007,0,1,1,0,1,1
19379767,,0,0,205,0.000007,0,1,1,0,1,1
30214683,,0,0,164,0.000007,0,1,1,0,1,1
18057539,,0.000008,0,164,0.00008,13,0,13,13,0,13
28683102,,0,0,164,0.000007,0,1,1,0,1,1
26241945,,0,0,164,0.000007,0,1,1,0,1,1
26086731,,0,0,164,0.000007,0,1,1,0,1,1
25711535,,0,0,164,0.000007,0,1,1,0,1,1
25593682,,0,0,164,0.000007,0,1,1,0,1,1
25028963,,0,0,164,0.000007,0,1,1,0,1,1
23360296,,0,0,164,0.000007,0,1,1,0,1,1
22726603,,0,0,164,0.000007,0,1,1,0,1,1
22437534,,0,0,164,0.000007,0,1,1,0,1,1
20668670,,0,0,164,0.000007,0,1,1,0,1,1
20412586,,0,0,164,0.000007,0,1,1,0,1,1
26109102,,0,0.000002,165,0.000007,0,1,1,0,1,1
18058533,,0.000127,0,165,0.000015,2,0,2,2,0,2
18060491,,0.000206,0,89,0.000008,3,0,3,3,0,3
18061862,,0.00031,0,69,0.000008,2,0,2,2,0,2
18061863,,0.000018,0,231,0.000008,1,0,1,1,0,1
29988465,,0,0.00038,35,0.000007,0,2,2,0,2,2
29588397,,0,0.000364,35,0.000007,0,1,1,0,1,1
29540148,,0,0.000364,35,0.000007,0,1,1,0,1,1
29322925,,0,0.000364,35,0.000007,0,1,1,0,1,1
29263324,,0,0.000364,35,0.000007,0,1,1,0,1,1
29259101,,0,0.000364,35,0.000007,0,1,1,0,1,1
29056035,,0,0.000364,35,0.000007,0,1,1,0,1,1
28798471,,0,0.000364,35,0.000007,0,1,1,0,1,1
28679371,,0,0.002026,1,0.000007,0,10,10,0,10,10
28548055,,0,0.000364,35,0.000007,0,1,1,0,1,1
28539722,,0,0.000368,248,0.000007,0,2,2,0,2,2
28306514,,0,0.000364,35,0.000007,0,1,1,0,1,1
28240010,,0,0.000364,35,0.000007,0,1,1,0,1,1
27849608,,0,0.00059,5,0.000007,0,3,3,0,3,3
27398835,,0,0.000364,35,0.000007,0,1,1,0,1,1
27182557,,0,0.000364,35,0.000007,0,1,1,0,1,1
27029752,,0,0.005209,1,0.000007,0,6,6,0,6,6
26526198,,0,0.001154,35,0.000007,0,3,3,0,3,3
26497685,,0,0.000744,35,0.000007,0,3,3,0,3,3
26294099,,0,0.000364,35,0.000007,0,1,1,0,1,1
26105795,,0,0.000429,35,0.000007,0,2,2,0,2,2
25953087,,0,0.000364,35,0.000007,0,1,1,0,1,1
25829446,,0,0.000364,35,0.000007,0,1,1,0,1,1
25649019,,0,0.000364,35,0.000007,0,1,1,0,1,1
25454348,,0,0.000414,35,0.000007,0,2,2,0,2,2
25295225,,0,0.000364,35,0.000007,0,1,1,0,1,1
24840867,,0,0.000364,35,0.000007,0,1,1,0,1,1
24708766,,0,0.000364,35,0.000007,0,1,1,0,1,1
24625880,,0,0.000364,35,0.000007,0,1,1,0,1,1
23774212,,0,0.000364,35,0.000007,0,1,1,0,1,1
23514585,,0,0.000364,35,0.000007,0,1,1,0,1,1
23478237,,0,0.002732,1,0.000007,0,5,5,0,5,5
22932669,,0,0.000364,35,0.000007,0,1,1,0,1,1
22851869,,0,0.000364,35,0.000007,0,1,1,0,1,1
22689060,,0,0.000364,35,0.000007,0,1,1,0,1,1
22678116,,0,0.000364,35,0.000007,0,1,1,0,1,1
22623890,,0,0.000364,35,0.000007,0,1,1,0,1,1
22276040,,0.000036,0.000539,35,0.000012,2,2,4,2,2,4
22184110,,0,0.000364,35,0.000007,0,1,1,0,1,1
21949568,,0,0.000505,35,0.000007,0,2,2,0,2,2
21712446,,0,0.000623,35,0.000007,0,2,2,0,2,2
21646475,,0,0.000364,35,0.000007,0,1,1,0,1,1
21386875,,0,0.000364,35,0.000007,0,1,1,0,1,1
21266353,,0,0.000364,35,0.000007,0,1,1,0,1,1
20926450,,0,0.000364,35,0.000007,0,1,1,0,1,1
20889565,,0,0.000364,35,0.000007,0,1,1,0,1,1
20733054,,0,0.000364,35,0.000007,0,1,1,0,1,1
20551053,,0,0.000364,35,0.000007,0,1,1,0,1,1
19847259,,0,0.000364,35,0.000007,0,1,1,0,1,1
19825953,,0,0.000364,35,0.000007,0,1,1,0,1,1
19492080,,0,0.000364,35,0.000007,0,1,1,0,1,1
19200708,,0,0.000364,35,0.000007,0,1,1,0,1,1
19164512,,0,0.000364,35,0.000007,0,1,1,0,1,1
19164214,,0,0.000364,35,0.000007,0,1,1,0,1,1
18953692,,0,0.000364,35,0.000007,0,1,1,0,1,1
18767981,,0,0.000364,35,0.000007,0,1,1,0,1,1
30429459,,0,0.000027,24,0.000007,0,1,1,0,1,1
18068131,,0.001437,0,24,0.000618,119,0,119,119,0,119
30197514,,0,0.000027,24,0.000007,0,1,1,0,1,1
30191636,,0,0.000027,24,0.000007,0,1,1,0,1,1
30126203,,0,0.000054,35,0.000007,0,2,2,0,2,2
30052635,,0,0.000202,35,0.000007,0,2,2,0,2,2
29995568,,0,0.000027,24,0.000007,0,1,1,0,1,1
29950829,,0,0.000027,24,0.000007,0,1,1,0,1,1
29802332,,0,0.000027,24,0.000007,0,1,1,0,1,1
29752436,,0,0.000027,24,0.000007,0,1,1,0,1,1
29748662,,0,0.000027,24,0.000007,0,1,1,0,1,1
29743960,,0,0.000027,24,0.000007,0,1,1,0,1,1
29658576,,0,0.000027,24,0.000007,0,1,1,0,1,1
29507675,,0,0.000027,24,0.000007,0,1,1,0,1,1
29434713,,0,0.000027,24,0.000007,0,2,2,0,2,2
29412012,,0,0.000027,24,0.000007,0,1,1,0,1,1
29254147,,0,0.000027,24,0.000007,0,1,1,0,1,1
29157087,,0,0.000027,24,0.000007,0,1,1,0,1,1
28787019,,0,0.000027,24,0.000007,0,1,1,0,1,1
28766688,,0,0.000027,24,0.000007,0,1,1,0,1,1
28642838,,0,0.000027,24,0.000007,0,1,1,0,1,1
28632150,,0,0.000027,24,0.000007,0,1,1,0,1,1
28485104,,0,0.000027,24,0.000007,0,1,1,0,1,1
28287508,,0,0.000027,24,0.000007,0,1,1,0,1,1
27602962,,0,0.000027,24,0.000007,0,1,1,0,1,1
27550941,,0,0.000027,24,0.000007,0,1,1,0,1,1
27409838,,0,0.000054,24,0.000007,0,2,2,0,2,2
27270426,,0,0.000027,24,0.000007,0,1,1,0,1,1
27114800,,0,0.000027,24,0.000007,0,1,1,0,1,1
26993770,,0,0.000027,24,0.000007,0,1,1,0,1,1
26814148,,0,0.000027,24,0.000007,0,1,1,0,1,1
26460824,,0,0.000027,24,0.000007,0,1,1,0,1,1
26356821,,0,0.000027,24,0.000007,0,1,1,0,1,1
26329698,,0,0.000027,24,0.000007,0,1,1,0,1,1
26318424,,0,0.000027,24,0.000007,0,1,1,0,1,1
26309896,,0,0.000027,24,0.000007,0,1,1,0,1,1
26251569,,0,0.000027,24,0.000007,0,1,1,0,1,1
26191236,,0,0.000027,24,0.000007,0,1,1,0,1,1
26183396,,0,0.000027,24,0.000007,0,1,1,0,1,1
26086592,,0,0.000027,24,0.000007,0,1,1,0,1,1
26045664,,0,0.000027,24,0.000007,0,1,1,0,1,1
26015406,,0,0.000027,24,0.000007,0,1,1,0,1,1
25969761,,0,0.000027,24,0.000007,0,1,1,0,1,1
25902869,,0,0.000027,24,0.000007,0,1,1,0,1,1
25460502,,0,0.000027,24,0.000007,0,1,1,0,1,1
25378905,,0,0.000027,24,0.000007,0,1,1,0,1,1
25359780,,0,0.000027,24,0.000007,0,1,1,0,1,1
25170267,,0,0.000027,24,0.000007,0,1,1,0,1,1
24912879,,0,0.000027,24,0.000007,0,1,1,0,1,1
24755562,,0,0.000027,24,0.000007,0,1,1,0,1,1
24525428,,0,0.000027,24,0.000007,0,1,1,0,1,1
24447372,,0,0.000027,24,0.000007,0,1,1,0,1,1
24421846,,0,0.000027,24,0.000007,0,1,1,0,1,1
24312139,,0,0.000027,24,0.000007,0,1,1,0,1,1
24280026,,0,0.000027,24,0.000007,0,1,1,0,1,1
24106980,,0,0.000027,24,0.000007,0,1,1,0,1,1
23907120,,0,0.000027,24,0.000007,0,1,1,0,1,1
23879992,,0,0.000027,24,0.000007,0,1,1,0,1,1
23820395,,0,0.000027,24,0.000007,0,1,1,0,1,1
23720768,,0,0.000027,24,0.000007,0,1,1,0,1,1
23006423,,0,0.000028,24,0.000007,0,2,2,0,2,2
22910273,,0,0.000027,24,0.000007,0,1,1,0,1,1
22895534,,0,0.000027,24,0.000007,0,1,1,0,1,1
22741011,,0,0.000027,24,0.000007,0,1,1,0,1,1
22740869,,0,0.000027,24,0.000007,0,1,1,0,1,1
22480216,,0,0.00103,24,0.000007,0,2,2,0,2,2
22460125,,0,0.000027,24,0.000007,0,1,1,0,1,1
22433870,,0,0.000027,24,0.000007,0,1,1,0,1,1
22277092,,0,0.000027,24,0.000007,0,1,1,0,1,1
22179563,,0,0.000027,24,0.000007,0,1,1,0,1,1
22113255,,0,0.000027,24,0.000007,0,1,1,0,1,1
22044164,,0,0.000027,24,0.000007,0,1,1,0,1,1
21794078,,0,0.000027,24,0.000007,0,1,1,0,1,1
21647386,,0,0.000027,24,0.000007,0,1,1,0,1,1
21622897,,0,0.000027,24,0.000007,0,1,1,0,1,1
21556366,,0,0.000027,24,0.000007,0,1,1,0,1,1
21552288,,0,0.000027,24,0.000007,0,1,1,0,1,1
21540474,,0,0.000027,24,0.000007,0,1,1,0,1,1
21479552,,0,0.000027,24,0.000007,0,1,1,0,1,1
21434859,,0,0.000027,24,0.000007,0,1,1,0,1,1
21340479,,0,0.000027,24,0.000007,0,1,1,0,1,1
21314952,,0,0.000027,24,0.000007,0,1,1,0,1,1
21151855,,0,0.000027,24,0.000007,0,1,1,0,1,1
21070600,,0,0.000027,24,0.000007,0,1,1,0,1,1
21062914,,0,0.000027,24,0.000007,0,1,1,0,1,1
20885894,,0,0.000027,24,0.000007,0,1,1,0,1,1
20384997,,0,0.000027,24,0.000007,0,1,1,0,1,1
20028770,,0,0.000027,24,0.000007,0,1,1,0,1,1
19935801,,0,0.000027,24,0.000007,0,1,1,0,1,1
19900214,,0,0.000027,24,0.000007,0,1,1,0,1,1
19538464,,0,0.000027,24,0.000007,0,1,1,0,1,1
19334798,,0,0.000027,24,0.000007,0,1,1,0,1,1
19029405,,0,0.000027,24,0.000007,0,1,1,0,1,1
18574456,,0,0.000027,24,0.000007,0,1,1,0,1,1
18071313,,0.003061,0,35,0.00009,23,0,23,23,0,23
25906747,,0,0.000058,35,0.000007,0,1,1,0,1,1
25083859,,0,0.000859,1,0.000007,0,7,7,0,7,7
24870930,,0,0.000662,35,0.000007,0,5,5,0,5,5
22530150,,0,0.000065,41,0.000007,0,2,2,0,2,2
24705287,,0,0.000013,72,0.000007,0,1,1,0,1,1
24339742,,0,0.000142,72,0.000007,0,2,2,0,2,2
18071904,,0.000508,0,100,0.000021,6,0,6,6,0,6
23648290,,0,0.00001,100,0.000007,0,1,1,0,1,1
18074135,,0.000323,0,90,0.000015,4,0,4,4,0,4
29760829,,0,0.000271,5,0.000007,0,2,2,0,2,2
18076114,,0.000044,0,5,0.000023,7,0,7,7,0,7
22046851,,0,0.000001,5,0.000007,0,1,1,0,1,1
26596891,,0,0.000008,231,0.000007,0,2,2,0,2,2
18077083,,0.000426,0,231,0.000021,5,0,5,5,0,5
23274653,,0,0.000008,231,0.000007,0,1,1,0,1,1
29147232,,0,0,166,0.000007,0,1,1,0,1,1
18077995,,0,0,166,0.000037,5,0,5,5,0,5
28933069,,0,0,166,0.000007,0,1,1,0,1,1
28428649,,0,0,166,0.000007,0,1,1,0,1,1
24530008,,0,0,166,0.000007,0,1,1,0,1,1
22556115,,0,0,166,0.000007,0,1,1,0,1,1
18080788,,0.000001,0,5,0.000017,4,0,4,4,0,4
24708573,,0,0,5,0.000007,0,1,1,0,1,1
28270386,,0,0.000002,90,0.000007,0,1,1,0,1,1
18083712,,0.00011,0,90,0.000199,36,0,36,36,0,36
27426637,,0,0.000002,90,0.000007,0,1,1,0,1,1
27081257,,0,0.000002,90,0.000007,0,1,1,0,1,1
26639895,,0,0.000002,90,0.000007,0,1,1,0,1,1
26038116,,0,0.000002,90,0.000007,0,1,1,0,1,1
25485093,,0,0.000019,90,0.000007,0,2,2,0,2,2
24506073,,0,0.000002,90,0.000007,0,1,1,0,1,1
24281828,,0,0.000002,90,0.000007,0,1,1,0,1,1
24064359,,0,0.000002,90,0.000007,0,2,2,0,2,2
24027672,,0,0.000002,90,0.000007,0,1,1,0,1,1
23958744,,0,0.000002,90,0.000007,0,1,1,0,1,1
23880231,,0,0.000002,90,0.000007,0,1,1,0,1,1
23824607,,0,0.000002,90,0.000007,0,1,1,0,1,1
23796953,,0,0.000002,90,0.000007,0,1,1,0,1,1
23566437,,0,0.000002,90,0.000007,0,1,1,0,1,1
23482441,,0,0.000002,90,0.000007,0,1,1,0,1,1
23275522,,0,0.000002,90,0.000007,0,1,1,0,1,1
22576212,,0,0.000002,90,0.000007,0,1,1,0,1,1
22012553,,0,0.000002,90,0.000007,0,1,1,0,1,1
22002714,,0,0.000002,90,0.000007,0,1,1,0,1,1
21876756,,0,0.000002,90,0.000007,0,1,1,0,1,1
21372033,,0,0.000002,90,0.000007,0,1,1,0,1,1
21299883,,0,0.000002,90,0.000007,0,1,1,0,1,1
21084215,,0,0.000002,90,0.000007,0,1,1,0,1,1
20858737,,0,0.000002,90,0.000007,0,1,1,0,1,1
20530583,,0,0.000002,90,0.000007,0,1,1,0,1,1
19897661,,0,0.000002,90,0.000007,0,1,1,0,1,1
19241157,,0,0.000002,90,0.000007,0,1,1,0,1,1
18842581,,0,0.000002,90,0.000007,0,1,1,0,1,1
18792778,,0,0.000002,90,0.000007,0,1,1,0,1,1
18085035,,0.000122,0,231,0.000012,4,0,4,4,0,4
23243327,,0,0.000273,24,0.000007,0,2,2,0,2,2
18086271,,0.000269,0,89,0.000016,6,0,6,6,0,6
18086272,,0.001291,0,5,0.000079,16,0,16,16,0,16
23578854,,0,0.000108,231,0.000007,0,5,5,0,5,5
22977504,,0,0.000025,5,0.000007,0,1,1,0,1,1
20132413,,0,0.000025,5,0.000007,0,1,1,0,1,1
19522481,,0.000296,0.000139,35,0.000153,29,3,32,29,3,32
18086785,,0.000032,0,5,0.000008,1,0,1,1,0,1
23966160,,0,0.000073,100,0.000007,0,2,2,0,2,2
22298430,,0,0.000047,100,0.000007,0,1,1,0,1,1
22772036,,0,0,181,0.000007,0,1,1,0,1,1
18087620,,0,0,181,0.000014,2,0,2,2,0,2
18089818,,0.001252,0,100,0.000029,13,0,13,13,0,13
29109859,,0.000001,0.003141,1,0.00001,1,14,15,1,14,15
18090912,,0.001883,0,35,0.000043,9,0,9,9,0,9
19804603,,0,0.000036,35,0.000007,0,1,1,0,1,1
18092194,,0.000871,0,1,0.000007,1,0,1,1,0,1
28615812,,0,0.000005,167,0.000007,0,1,1,0,1,1
18093828,,0.000277,0,167,0.000089,15,0,15,15,0,15
28329223,,0,0.000005,167,0.000007,0,1,1,0,1,1
28210551,,0,0.000005,167,0.000007,0,1,1,0,1,1
27047785,,0,0.000005,167,0.000007,0,1,1,0,1,1
27018587,,0,0.000005,167,0.000007,0,1,1,0,1,1
26040252,,0,0.000005,167,0.000007,0,1,1,0,1,1
25133469,,0,0.000005,167,0.000007,0,1,1,0,1,1
24043394,,0,0.000005,167,0.000007,0,1,1,0,1,1
23346394,,0,0.000005,167,0.000007,0,1,1,0,1,1
22848803,,0,0.000005,167,0.000007,0,1,1,0,1,1
22323920,,0,0.000005,167,0.000007,0,1,1,0,1,1
22312528,,0,0.000005,167,0.000007,0,1,1,0,1,1
22065359,,0,0.000005,167,0.000007,0,1,1,0,1,1
18094398,,0.000041,0,69,0.000008,1,0,1,1,0,1
30093933,,0,0.000009,279,0.000007,0,1,1,0,1,1
18094410,,0.000451,0,279,0.000296,63,0,63,63,0,63
29854012,,0,0.000009,279,0.000007,0,1,1,0,1,1
29805663,,0,0.000009,279,0.000007,0,2,2,0,2,2
29587736,,0,0.000009,279,0.000007,0,2,2,0,2,2
29520382,,0,0.000009,279,0.000007,0,2,2,0,2,2
29038612,,0,0.000014,279,0.000007,0,3,3,0,3,3
28837258,,0,0.000009,279,0.000007,0,1,1,0,1,1
28358330,,0,0.000009,279,0.000007,0,1,1,0,1,1
28207521,,0,0.000009,279,0.000007,0,1,1,0,1,1
28108348,,0,0.000074,279,0.000007,0,4,4,0,4,4
28042331,,0,0.000009,279,0.000007,0,1,1,0,1,1
27915480,,0,0.000009,279,0.000007,0,2,2,0,2,2
27683459,,0,0.000009,279,0.000007,0,1,1,0,1,1
27578166,,0,0.00001,279,0.000007,0,3,3,0,3,3
27326410,,0,0.00001,279,0.000007,0,3,3,0,3,3
26989463,,0,0.000009,279,0.000007,0,1,1,0,1,1
26722292,,0,0.000009,279,0.000007,0,1,1,0,1,1
26713053,,0,0.000009,279,0.000007,0,1,1,0,1,1
26697877,,0,0.000024,279,0.000007,0,2,2,0,2,2
26579435,,0,0.000009,279,0.000007,0,1,1,0,1,1
26459268,,0,0.000009,279,0.000007,0,1,1,0,1,1
26332997,,0,0.000009,279,0.000007,0,1,1,0,1,1
26202601,,0,0.007783,24,0.000007,0,4,4,0,4,4
26151138,,0,0.000009,279,0.000007,0,1,1,0,1,1
25613404,,0,0.000009,279,0.000007,0,2,2,0,2,2
25612142,,0,0.000009,279,0.000007,0,1,1,0,1,1
25126184,,0,0.000009,279,0.000007,0,1,1,0,1,1
24941917,,0,0.000009,279,0.000007,0,1,1,0,1,1
24782114,,0,0.000009,279,0.000007,0,1,1,0,1,1
24732047,,0,0.000009,279,0.000007,0,1,1,0,1,1
23894057,,0,0.000009,279,0.000007,0,1,1,0,1,1
23762727,,0,0.000009,279,0.000007,0,1,1,0,1,1
23681012,,0,0.000064,279,0.000007,0,4,4,0,4,4
23599765,,0,0.000009,279,0.000007,0,1,1,0,1,1
23139773,,0,0.000009,279,0.000007,0,1,1,0,1,1
23056278,,0,0.000009,279,0.000007,0,1,1,0,1,1
22690083,,0,0.000009,279,0.000007,0,1,1,0,1,1
22529986,,0,0.000009,279,0.000007,0,1,1,0,1,1
22150312,,0,0.000009,279,0.000007,0,1,1,0,1,1
21969817,,0,0.000009,72,0.000007,0,2,2,0,2,2
21586619,,0,0.000009,279,0.000007,0,1,1,0,1,1
21373191,,0,0.000009,279,0.000007,0,1,1,0,1,1
20733951,,0,0.000009,279,0.000007,0,1,1,0,1,1
20116881,,0,0.000009,279,0.000007,0,1,1,0,1,1
19584734,,0,0.000009,279,0.000007,0,1,1,0,1,1
19007973,,0,0.000009,279,0.000007,0,1,1,0,1,1
18702824,,0,0.000009,279,0.000007,0,1,1,0,1,1
18094411,,0.001729,0,66,0.000051,11,0,11,11,0,11
25080362,,0,0.000059,66,0.000007,0,3,3,0,3,3
18094417,,0.002038,0,5,0.00003,17,0,17,17,0,17
25379013,,0,0.000039,5,0.000007,0,1,1,0,1,1
22586072,,0,0.000103,5,0.000007,0,2,2,0,2,2
18094425,,0.01406,0,24,0.000169,59,0,59,59,0,59
29342159,,0,0.000624,1,0.000007,0,7,7,0,7,7
27385216,,0,0.007961,69,0.000007,0,6,6,0,6,6
24748116,,0,0.000268,24,0.000007,0,1,1,0,1,1
22239432,,0,0.000268,24,0.000007,0,1,1,0,1,1
19293794,,0,0.000268,24,0.000007,0,1,1,0,1,1
18095152,,0.000082,0,100,0.000008,1,0,1,1,0,1
26275715,,0,0.000013,140,0.000007,0,1,1,0,1,1
18095154,,0.000705,0,140,0.000035,8,0,8,8,0,8
25478031,,0,0.000013,140,0.000007,0,1,1,0,1,1
24829845,,0,0.000013,140,0.000007,0,1,1,0,1,1
28637689,,0,0.000001,1,0.000007,0,1,1,0,1,1
18096210,,0.000072,0,1,0.000035,8,0,8,8,0,8
28499442,,0,0.000755,1,0.000007,0,3,3,0,3,3
28468520,,0,0.001146,1,0.000007,0,7,7,0,7,7
27245437,,0,0.000005,1,0.000007,0,2,2,0,2,2
27027241,,0,0.000001,1,0.000007,0,1,1,0,1,1
24403249,,0,0.000071,1,0.000007,0,2,2,0,2,2
18096529,,0.001227,0,5,0.000077,26,0,26,26,0,26
29658793,,0,0.000023,5,0.000007,0,1,1,0,1,1
29125335,,0,0.000023,5,0.000007,0,1,1,0,1,1
27966625,,0,0.000023,5,0.000007,0,1,1,0,1,1
27872484,,0,0.000023,5,0.000007,0,1,1,0,1,1
27358689,,0,0.000023,5,0.000007,0,1,1,0,1,1
26756416,,0,0.00004,5,0.000007,0,2,2,0,2,2
26309697,,0,0.000214,5,0.000007,0,3,3,0,3,3
25608004,,0,0.000758,35,0.000007,0,6,6,0,6,6
24702725,,0,0.000023,5,0.000007,0,1,1,0,1,1
23821326,,0,0.000191,5,0.000007,0,2,2,0,2,2
23494603,,0,0.000023,5,0.000007,0,1,1,0,1,1
18097605,,0.003421,0,89,0.000025,24,0,24,24,0,24
19243607,,0,0.000065,89,0.000007,0,1,1,0,1,1
18097771,,0.000007,0,5,0.000008,1,0,1,1,0,1
18098285,,0.0001,0,35,0.000009,1,0,1,1,0,1
18156967,,0.00524,0,69,0.0001,66,0,66,66,0,66
29248205,,0,0.000193,69,0.000007,0,5,5,0,5,5
28792442,,0,0.000141,69,0.000007,0,4,4,0,4,4
28541639,,0,0.00012,69,0.000007,0,2,2,0,2,2
23800114,,0,0.0001,69,0.000007,0,1,1,0,1,1
23638231,,0,0.000167,69,0.000007,0,2,2,0,2,2
22109660,,0,0.0001,69,0.000007,0,1,1,0,1,1
22080056,,0,0.0001,69,0.000007,0,1,1,0,1,1
19192945,,0,0.0001,69,0.000007,0,1,1,0,1,1
30455739,,0,0.000291,57,0.000007,0,1,1,0,1,1
18157161,,0.015254,0,57,0.001447,357,0,357,357,0,357
30319685,,0,0.000291,57,0.000007,0,1,1,0,1,1
30310080,,0,0.000291,57,0.000007,0,1,1,0,1,1
30261591,,0,0.000291,57,0.000007,0,2,2,0,2,2
30222157,,0,0.000291,57,0.000007,0,1,1,0,1,1
30142205,,0,0.000291,57,0.000007,0,1,1,0,1,1
30061907,,0,0.000291,57,0.000007,0,1,1,0,1,1
30013417,,0,0.000291,57,0.000007,0,1,1,0,1,1
29897835,,0,0.000291,57,0.000007,0,1,1,0,1,1
29867139,,0,0.000291,57,0.000007,0,1,1,0,1,1
29724862,,0,0.000291,57,0.000007,0,1,1,0,1,1
29712888,,0,0.000329,69,0.000007,0,3,3,0,3,3
29474887,,0,0.000291,57,0.000007,0,1,1,0,1,1
29468011,,0,0.000291,57,0.000007,0,1,1,0,1,1
29459678,,0,0.000291,57,0.000007,0,1,1,0,1,1
29445421,,0,0.000291,184,0.000007,0,2,2,0,2,2
29438517,,0,0.000291,57,0.000007,0,1,1,0,1,1
29339410,,0,0.000352,69,0.000007,0,3,3,0,3,3
29244158,,0,0.004359,1,0.000007,0,6,6,0,6,6
29222192,,0,0.000291,57,0.000007,0,1,1,0,1,1
29202710,,0,0.000291,57,0.000007,0,1,1,0,1,1
29129974,,0,0.000291,57,0.000007,0,1,1,0,1,1
29118134,,0,0.000291,57,0.000007,0,1,1,0,1,1
29117787,,0,0.000291,57,0.000007,0,1,1,0,1,1
29104487,,0,0.000318,57,0.000007,0,2,2,0,2,2
29100011,,0,0.000291,57,0.000007,0,1,1,0,1,1
29018935,,0,0.000291,57,0.000007,0,1,1,0,1,1
28973557,,0,0.000291,57,0.000007,0,1,1,0,1,1
28970727,,0,0.000291,57,0.000007,0,1,1,0,1,1
28912341,,0,0.000291,57,0.000007,0,1,1,0,1,1
28724960,,0,0.000291,57,0.000007,0,1,1,0,1,1
28649442,,0,0.000291,57,0.000007,0,1,1,0,1,1
28624204,,0,0.000291,57,0.000007,0,1,1,0,1,1
28515316,,0,0.000685,100,0.000007,0,6,6,0,6,6
28451577,,0,0.000291,57,0.000007,0,1,1,0,1,1
28451559,,0,0.000291,57,0.000007,0,1,1,0,1,1
28327192,,0,0.000689,57,0.000007,0,2,2,0,2,2
28303292,,0,0.000291,279,0.000007,0,2,2,0,2,2
28292918,,0,0.000291,57,0.000007,0,1,1,0,1,1
28210104,,0,0.000291,57,0.000007,0,2,2,0,2,2
28186989,,0,0.001551,205,0.000007,0,5,5,0,5,5
28151479,,0,0.000291,57,0.000007,0,1,1,0,1,1
28069693,,0,0.000291,57,0.000007,0,1,1,0,1,1
27998981,,0,0.000291,57,0.000007,0,1,1,0,1,1
27982097,,0,0.000303,176,0.000007,0,2,2,0,2,2
27956611,,0,0.000291,57,0.000007,0,1,1,0,1,1
27939942,,0,0.000291,57,0.000007,0,1,1,0,1,1
27899664,,0,0.000291,57,0.000007,0,1,1,0,1,1
27794044,,0,0.000295,57,0.000007,0,2,2,0,2,2
27734896,,0,0.000291,57,0.000007,0,1,1,0,1,1
27666928,,0,0.000569,57,0.000007,0,4,4,0,4,4
27630115,,0,0.000373,57,0.000007,0,2,2,0,2,2
27466318,,0,0.000291,57,0.000007,0,1,1,0,1,1
27380803,,0,0.000291,57,0.000007,0,1,1,0,1,1
27321180,,0,0.000291,57,0.000007,0,1,1,0,1,1
27317767,,0,0.000291,57,0.000007,0,2,2,0,2,2
27314256,,0,0.000291,57,0.000007,0,1,1,0,1,1
27096031,,0,0.007727,57,0.000007,0,2,2,0,2,2
27054339,,0,0.000349,57,0.000007,0,2,2,0,2,2
26975496,,0,0.000373,57,0.000007,0,2,2,0,2,2
26963119,,0,0.000291,57,0.000007,0,1,1,0,1,1
26940638,,0,0.000291,57,0.000007,0,1,1,0,1,1
26927085,,0,0.000291,57,0.000007,0,1,1,0,1,1
26809688,,0,0.000291,57,0.000007,0,1,1,0,1,1
26805733,,0,0.002697,1,0.000007,0,3,3,0,3,3
26790771,,0,0.001072,100,0.000007,0,5,5,0,5,5
26786405,,0,0.000349,57,0.000007,0,2,2,0,2,2
26668331,,0,0.000291,57,0.000007,0,1,1,0,1,1
26603896,,0,0.000579,57,0.000007,0,2,2,0,2,2
26564949,,0,0.000291,57,0.000007,0,1,1,0,1,1
26496802,,0,0.000291,57,0.000007,0,1,1,0,1,1
26458748,,0,0.000294,100,0.000007,0,2,2,0,2,2
26432018,,0,0.000291,57,0.000007,0,1,1,0,1,1
26382920,,0,0.01367,1,0.000007,0,4,4,0,4,4
26310312,,0,0.000497,176,0.000007,0,2,2,0,2,2
26290490,,0,0.000291,57,0.000007,0,1,1,0,1,1
26263968,,0,0.000291,57,0.000007,0,1,1,0,1,1
26208496,,0,0.000932,232,0.000007,0,4,4,0,4,4
26187634,,0,0.000291,57,0.000007,0,1,1,0,1,1
26165496,,0,0.000291,57,0.000007,0,1,1,0,1,1
26121039,,0,0.000291,57,0.000007,0,1,1,0,1,1
26120834,,0,0.000291,57,0.000007,0,1,1,0,1,1
26095650,,0,0.000291,57,0.000007,0,1,1,0,1,1
25985977,,0,0.000291,57,0.000007,0,1,1,0,1,1
25811180,,0,0.000291,57,0.000007,0,1,1,0,1,1
25804748,,0,0.000373,57,0.000007,0,2,2,0,2,2
25651211,,0,0.000291,57,0.000007,0,1,1,0,1,1
25642755,,0,0.000291,57,0.000007,0,1,1,0,1,1
25608779,,0,0.000375,57,0.000007,0,2,2,0,2,2
25535332,,0.000001,0.000361,232,0.00007,11,3,14,11,3,14
25530717,,0,0.000291,57,0.000007,0,1,1,0,1,1
25497837,,0,0.000291,57,0.000007,0,1,1,0,1,1
25489224,,0,0.000291,57,0.000007,0,1,1,0,1,1
25443110,,0,0.000291,57,0.000007,0,1,1,0,1,1
25337275,,0,0.000291,57,0.000007,0,1,1,0,1,1
25288669,,0,0.000291,57,0.000007,0,1,1,0,1,1
25258552,,0,0.000291,57,0.000007,0,1,1,0,1,1
25188820,,0,0.000291,57,0.000007,0,1,1,0,1,1
25155011,,0,0.000422,57,0.000007,0,2,2,0,2,2
25092825,,0,0.000291,57,0.000007,0,1,1,0,1,1
24982667,,0,0.000291,57,0.000007,0,1,1,0,1,1
24970148,,0,0.001333,1,0.000007,0,3,3,0,3,3
24876253,,0,0.000295,57,0.000007,0,2,2,0,2,2
24831807,,0,0.000291,57,0.000007,0,1,1,0,1,1
24732344,,0,0.000291,57,0.000007,0,1,1,0,1,1
24724620,,0,0.000291,57,0.000007,0,1,1,0,1,1
24691157,,0,0.000291,57,0.000007,0,1,1,0,1,1
24682826,,0,0.000384,57,0.000007,0,2,2,0,2,2
24678453,,0,0.000291,57,0.000007,0,1,1,0,1,1
24368780,,0,0.000291,57,0.000007,0,1,1,0,1,1
24285304,,0,0.000291,57,0.000007,0,1,1,0,1,1
24220101,,0,0.000396,100,0.000007,0,2,2,0,2,2
24187467,,0,0.000307,57,0.000007,0,3,3,0,3,3
24157870,,0,0.000367,57,0.000007,0,3,3,0,3,3
24137459,,0,0.000291,57,0.000007,0,1,1,0,1,1
24074304,,0,0.000291,57,0.000007,0,1,1,0,1,1
24072514,,0,0.000426,57,0.000007,0,5,5,0,5,5
24067363,,0,0.000291,57,0.000007,0,1,1,0,1,1
24053278,,0,0.000291,57,0.000007,0,1,1,0,1,1
23969025,,0,0.000291,57,0.000007,0,1,1,0,1,1
23956996,,0,0.000291,57,0.000007,0,1,1,0,1,1
23935532,,0,0.000381,100,0.000007,0,2,2,0,2,2
23874869,,0,0.000291,57,0.000007,0,1,1,0,1,1
23804754,,0,0.000291,57,0.000007,0,1,1,0,1,1
23722078,,0,0.000291,57,0.000007,0,1,1,0,1,1
23698583,,0,0.000291,57,0.000007,0,1,1,0,1,1
23650516,,0,0.000741,57,0.000007,0,2,2,0,2,2
23598277,,0,0.000662,57,0.000007,0,2,2,0,2,2
23586741,,0,0.000291,57,0.000007,0,1,1,0,1,1
23586618,,0,0.000291,57,0.000007,0,1,1,0,1,1
23505375,,0,0.000291,57,0.000007,0,1,1,0,1,1
23443654,,0,0.000579,57,0.000007,0,2,2,0,2,2
23422001,,0,0.00033,241,0.000007,0,2,2,0,2,2
23346549,,0,0.000291,57,0.000007,0,1,1,0,1,1
23273981,,0,0.000291,57,0.000007,0,1,1,0,1,1
23072634,,0,0.000291,57,0.000007,0,1,1,0,1,1
23050038,,0,0.000531,57,0.000007,0,2,2,0,2,2
23050036,,0,0.000291,57,0.000007,0,1,1,0,1,1
22977173,,0,0.000291,57,0.000007,0,1,1,0,1,1
22963364,,0,0.000291,57,0.000007,0,1,1,0,1,1
22941364,,0,0.000291,57,0.000007,0,1,1,0,1,1
22916124,,0,0.000292,176,0.000007,0,2,2,0,2,2
22784859,,0,0.000291,57,0.000007,0,1,1,0,1,1
22645179,,0,0.000291,57,0.000007,0,1,1,0,1,1
22384017,,0,0.000291,57,0.000007,0,1,1,0,1,1
22367034,,0,0.000291,57,0.000007,0,1,1,0,1,1
22289628,,0,0.000291,57,0.000007,0,2,2,0,2,2
22267500,,0,0.000291,57,0.000007,0,1,1,0,1,1
22194948,,0,0.000291,57,0.000007,0,1,1,0,1,1
22155509,,0,0.000291,57,0.000007,0,1,1,0,1,1
22102415,,0,0.000291,57,0.000007,0,1,1,0,1,1
21980922,,0,0.000291,57,0.000007,0,1,1,0,1,1
21756361,,0,0.000291,57,0.000007,0,1,1,0,1,1
21745450,,0,0.000337,176,0.000007,0,2,2,0,2,2
21734249,,0,0.000291,57,0.000007,0,1,1,0,1,1
21655087,,0,0.000291,57,0.000007,0,1,1,0,1,1
21653549,,0,0.000291,57,0.000007,0,1,1,0,1,1
21638519,,0,0.000291,57,0.000007,0,1,1,0,1,1
21637345,,0,0.000291,57,0.000007,0,1,1,0,1,1
21631241,,0,0.000291,57,0.000007,0,1,1,0,1,1
21406975,,0,0.000291,57,0.000007,0,1,1,0,1,1
21330323,,0.000015,0.000536,57,0.00002,3,2,5,3,2,5
21300576,,0,0.000291,57,0.000007,0,1,1,0,1,1
21278446,,0,0.000291,57,0.000007,0,1,1,0,1,1
21246735,,0,0.000291,57,0.000007,0,1,1,0,1,1
21245390,,0,0.000291,57,0.000007,0,1,1,0,1,1
21242538,,0,0.000291,57,0.000007,0,1,1,0,1,1
21126526,,0,0.000295,100,0.000007,0,2,2,0,2,2
21123655,,0,0.000291,57,0.000007,0,1,1,0,1,1
21081488,,0,0.000291,57,0.000007,0,1,1,0,1,1
21079684,,0,0.000428,57,0.000007,0,2,2,0,2,2
21051346,,0,0.000291,57,0.000007,0,1,1,0,1,1
20976268,,0,0.000291,57,0.000007,0,1,1,0,1,1
20949077,,0,0.000303,176,0.000007,0,2,2,0,2,2
20859824,,0,0.000291,57,0.000007,0,1,1,0,1,1
20834227,,0,0.000291,57,0.000007,0,1,1,0,1,1
20705237,,0,0.000514,57,0.000007,0,2,2,0,2,2
20704701,,0,0.000291,57,0.000007,0,1,1,0,1,1
20698792,,0,0.000291,57,0.000007,0,1,1,0,1,1
20674516,,0,0.000291,57,0.000007,0,1,1,0,1,1
20628356,,0,0.000291,57,0.000007,0,1,1,0,1,1
20573815,,0,0.000291,57,0.000007,0,1,1,0,1,1
20518659,,0,0.000291,57,0.000007,0,1,1,0,1,1
20491544,,0,0.000291,57,0.000007,0,1,1,0,1,1
20459736,,0,0.000291,57,0.000007,0,1,1,0,1,1
20447876,,0,0.000291,57,0.000007,0,1,1,0,1,1
20422182,,0,0.000291,57,0.000007,0,1,1,0,1,1
20356803,,0,0.000291,57,0.000007,0,1,1,0,1,1
20157117,,0,0.000291,57,0.000007,0,1,1,0,1,1
20142474,,0,0.000291,57,0.000007,0,1,1,0,1,1
20086180,,0,0.000291,57,0.000007,0,1,1,0,1,1
19995894,,0,0.000291,57,0.000007,0,1,1,0,1,1
19906707,,0,0.000291,57,0.000007,0,1,1,0,1,1
19858003,,0,0.000291,57,0.000007,0,1,1,0,1,1
19812186,,0,0.000291,57,0.000007,0,1,1,0,1,1
19798055,,0,0.000291,57,0.000007,0,1,1,0,1,1
19763170,,0,0.000291,57,0.000007,0,1,1,0,1,1
19699692,,0,0.000291,57,0.000007,0,1,1,0,1,1
19641624,,0,0.000291,57,0.000007,0,1,1,0,1,1
19593371,,0,0.000291,57,0.000007,0,1,1,0,1,1
19473887,,0,0.000291,57,0.000007,0,1,1,0,1,1
19433509,,0,0.000291,57,0.000007,0,1,1,0,1,1
19390600,,0,0.000291,57,0.000007,0,1,1,0,1,1
19339345,,0,0.000291,57,0.000007,0,1,1,0,1,1
19332842,,0,0.000291,57,0.000007,0,1,1,0,1,1
19282473,,0,0.000291,57,0.000007,0,1,1,0,1,1
19270723,,0,0.000291,57,0.000007,0,1,1,0,1,1
19264700,,0,0.000291,57,0.000007,0,1,1,0,1,1
19245836,,0,0.000291,57,0.000007,0,1,1,0,1,1
19187040,,0,0.000291,57,0.000007,0,1,1,0,1,1
19144100,,0,0.000291,57,0.000007,0,1,1,0,1,1
19057578,,0,0.000291,57,0.000007,0,1,1,0,1,1
19028508,,0,0.000291,57,0.000007,0,1,1,0,1,1
18978019,,0,0.000291,57,0.000007,0,1,1,0,1,1
18971280,,0,0.000291,57,0.000007,0,1,1,0,1,1
18755201,,0,0.000291,57,0.000007,0,1,1,0,1,1
18716619,,0,0.000291,57,0.000007,0,1,1,0,1,1
18701715,,0,0.000291,57,0.000007,0,1,1,0,1,1
18562670,,0,0.000291,57,0.000007,0,1,1,0,1,1
18502156,,0,0.000291,57,0.000007,0,1,1,0,1,1
18157792,,0.000732,0,140,0.000032,15,0,15,15,0,15
25666435,,0,0.00003,5,0.000007,0,3,3,0,3,3
21056691,,0,0.000014,140,0.000007,0,1,1,0,1,1
20829581,,0,0.000014,140,0.000007,0,1,1,0,1,1
23572190,,0,0.000094,100,0.000007,0,3,3,0,3,3
22386982,,0,0.000026,100,0.000007,0,1,1,0,1,1
22328899,,0,0.000026,100,0.000007,0,1,1,0,1,1
21482722,,0,0.000026,100,0.000007,0,1,1,0,1,1
20808434,,0,0.000026,100,0.000007,0,1,1,0,1,1
20232898,,0,0.000026,100,0.000007,0,1,1,0,1,1
19035846,,0,0.000026,100,0.000007,0,1,1,0,1,1
18665782,,0,0.000026,100,0.000007,0,1,1,0,1,1
18537560,,0,0.000026,100,0.000007,0,1,1,0,1,1
18159056,,0.008775,0,5,0.00018,117,0,117,117,0,117
29728083,,0,0.000172,35,0.000007,0,2,2,0,2,2
29330856,,0,0.00018,35,0.000007,0,2,2,0,2,2
28612595,,0,0.000167,5,0.000007,0,1,1,0,1,1
28334730,,0,0.000803,72,0.000007,0,6,6,0,6,6
27668986,,0,0.000167,5,0.000007,0,1,1,0,1,1
26606455,,0,0.000167,5,0.000007,0,1,1,0,1,1
26063477,,0,0.000167,5,0.000007,0,1,1,0,1,1
25327703,,0,0.000664,231,0.000007,0,5,5,0,5,5
25088804,,0,0.000167,5,0.000007,0,1,1,0,1,1
24829621,,0,0.000187,137,0.000007,0,4,4,0,4,4
24618999,,0,0.000167,5,0.000007,0,1,1,0,1,1
23475944,,0,0.000444,231,0.000007,0,3,3,0,3,3
22976474,,0,0.00039,231,0.000007,0,3,3,0,3,3
22731764,,0,0.00021,231,0.000007,0,2,2,0,2,2
22693450,,0,0.000167,5,0.000007,0,1,1,0,1,1
22412388,,0,0.000258,231,0.000007,0,2,2,0,2,2
22228098,,0,0.000258,231,0.000007,0,2,2,0,2,2
22109723,,0,0.000186,5,0.000007,0,2,2,0,2,2
21541012,,0,0.000167,5,0.000007,0,1,1,0,1,1
20512408,,0,0.000167,5,0.000007,0,1,1,0,1,1
20467577,,0,0.000167,5,0.000007,0,1,1,0,1,1
29716549,,0,0.007439,69,0.000007,0,2,2,0,2,2
18160048,,0.000142,0,69,0.000028,4,0,4,4,0,4
25035669,,0,0.000003,69,0.000007,0,1,1,0,1,1
21976153,,0,0.000003,69,0.000007,0,1,1,0,1,1
21068249,,0,0.000003,69,0.000007,0,1,1,0,1,1
29429988,,0,0.000163,100,0.000007,0,3,3,0,3,3
18162055,,0.000114,0,100,0.000022,7,0,7,7,0,7
19965871,,0,0.000002,100,0.000007,0,1,1,0,1,1
18163127,,0.000481,0,35,0.000015,4,0,4,4,0,4
18165631,,0.002162,0,1,0.000011,7,0,7,7,0,7
18165636,,0.033468,0,1,0.000208,86,0,86,86,0,86
28904804,,0,0.012258,1,0.000007,0,13,13,0,13,13
27892998,,0,0.000638,1,0.000007,0,1,1,0,1,1
25935153,,0,0.000638,1,0.000007,0,1,1,0,1,1
23819707,,0,0.000648,69,0.000007,0,2,2,0,2,2
21385444,,0,0.000879,24,0.000007,0,2,2,0,2,2
18165637,,0.000798,0,89,0.000011,8,0,8,8,0,8
18165638,,0.001097,0,5,0.000026,19,0,19,19,0,19
22585186,,0,0.000199,5,0.000007,0,6,6,0,6,6
18171422,,0.019072,0,35,0.000725,238,0,238,238,0,238
30175120,,0,0.001404,35,0.000007,0,3,3,0,3,3
29883487,,0,0.000433,35,0.000007,0,2,2,0,2,2
29848992,,0,0.000379,35,0.000007,0,2,2,0,2,2
29805678,,0,0.001366,35,0.000007,0,2,2,0,2,2
29725243,,0,0.000539,35,0.000007,0,2,2,0,2,2
29682102,,0,0.000364,35,0.000007,0,1,1,0,1,1
29382381,,0,0.000511,35,0.000007,0,3,3,0,3,3
29371635,,0,0.000364,35,0.000007,0,1,1,0,1,1
29271260,,0,0.000548,35,0.000007,0,4,4,0,4,4
29261141,,0,0.000364,35,0.000007,0,1,1,0,1,1
29249801,,0,0.000364,35,0.000007,0,1,1,0,1,1
29201457,,0,0.000364,35,0.000007,0,1,1,0,1,1
29137420,,0,0.000364,35,0.000007,0,1,1,0,1,1
29113223,,0,0.000593,35,0.000007,0,5,5,0,5,5
28240519,,0,0.008646,35,0.000007,0,9,9,0,9,9
27853516,,0,0.000364,35,0.000007,0,1,1,0,1,1
27790442,,0,0.000757,35,0.000007,0,4,4,0,4,4
27671774,,0,0.000483,35,0.000007,0,5,5,0,5,5
27648353,,0,0.00118,1,0.000007,0,8,8,0,8,8
27561848,,0,0.000364,35,0.000007,0,1,1,0,1,1
27545642,,0,0.000751,35,0.000007,0,3,3,0,3,3
27516850,,0,0.00079,35,0.000007,0,2,2,0,2,2
27491809,,0,0.000385,66,0.000007,0,3,3,0,3,3
27421134,,0,0.000364,35,0.000007,0,1,1,0,1,1
27374089,,0,0.000364,35,0.000007,0,1,1,0,1,1
27281609,,0,0.000726,35,0.000007,0,6,6,0,6,6
27259398,,0,0.000364,35,0.000007,0,1,1,0,1,1
27074028,,0,0.000371,35,0.000007,0,2,2,0,2,2
27061242,,0,0.000364,35,0.000007,0,1,1,0,1,1
27042297,,0,0.000364,35,0.000007,0,1,1,0,1,1
27027858,,0,0.000364,35,0.000007,0,1,1,0,1,1
26721633,,0,0.000364,35,0.000007,0,1,1,0,1,1
26633365,,0,0.001287,279,0.000007,0,16,16,0,16,16
26537449,,0,0.000912,35,0.000007,0,5,5,0,5,5
26436950,,0,0.000364,35,0.000007,0,1,1,0,1,1
26417156,,0,0.00079,35,0.000007,0,2,2,0,2,2
26279746,,0,0.000795,35,0.000007,0,4,4,0,4,4
26263881,,0,0.000364,35,0.000007,0,1,1,0,1,1
26250393,,0,0.000422,35,0.000007,0,3,3,0,3,3
26136950,,0,0.000554,35,0.000007,0,2,2,0,2,2
26074877,,0,0.000364,35,0.000007,0,1,1,0,1,1
26022247,,0,0.000464,35,0.000007,0,2,2,0,2,2
25849024,,0,0.000364,35,0.000007,0,1,1,0,1,1
25779666,,0,0.000401,35,0.000007,0,4,4,0,4,4
25751270,,0,0.000364,35,0.000007,0,1,1,0,1,1
25745517,,0,0.000442,35,0.000007,0,2,2,0,2,2
25714321,,0,0.000364,35,0.000007,0,1,1,0,1,1
25674397,,0,0.000364,35,0.000007,0,1,1,0,1,1
25648299,,0,0.000364,35,0.000007,0,1,1,0,1,1
25602521,,0,0.000659,35,0.000007,0,4,4,0,4,4
25550832,,0,0.000415,35,0.000007,0,3,3,0,3,3
25540645,,0,0.000539,35,0.000007,0,2,2,0,2,2
25502312,,0,0.000364,35,0.000007,0,1,1,0,1,1
25476151,,0,0.000399,35,0.000007,0,3,3,0,3,3
25299698,,0,0.000364,35,0.000007,0,1,1,0,1,1
24979213,,0,0.000364,35,0.000007,0,1,1,0,1,1
24964871,,0,0.000364,35,0.000007,0,1,1,0,1,1
24921915,,0,0.000364,35,0.000007,0,1,1,0,1,1
24914410,,0,0.000364,35,0.000007,0,1,1,0,1,1
24896091,,0,0.000464,35,0.000007,0,2,2,0,2,2
24853185,,0,0.000366,35,0.000007,0,2,2,0,2,2
24755883,,0,0.000394,5,0.000007,0,4,4,0,4,4
24489812,,0,0.00051,35,0.000007,0,2,2,0,2,2
24463442,,0,0.000364,35,0.000007,0,1,1,0,1,1
24427351,,0,0.000364,35,0.000007,0,1,1,0,1,1
24423920,,0,0.000719,1,0.000007,0,4,4,0,4,4
24340082,,0,0.000364,35,0.000007,0,1,1,0,1,1
24280702,,0,0.000364,35,0.000007,0,1,1,0,1,1
24205362,,0,0.000587,35,0.000007,0,3,3,0,3,3
24129232,,0,0.000364,35,0.000007,0,1,1,0,1,1
24020991,,0,0.000364,35,0.000007,0,1,1,0,1,1
23908594,,0,0.000364,35,0.000007,0,1,1,0,1,1
23776679,,0,0.000364,35,0.000007,0,1,1,0,1,1
23593544,,0,0.00054,35,0.000007,0,4,4,0,4,4
23579957,,0,0.000364,35,0.000007,0,1,1,0,1,1
23468873,,0,0.000364,35,0.000007,0,1,1,0,1,1
23322521,,0,0.000364,35,0.000007,0,1,1,0,1,1
23263825,,0,0.000364,35,0.000007,0,1,1,0,1,1
23260325,,0,0.000847,35,0.000007,0,3,3,0,3,3
22971289,,0,0.00079,35,0.000007,0,2,2,0,2,2
22906417,,0,0.000366,108,0.000007,0,2,2,0,2,2
22897944,,0,0.000364,35,0.000007,0,1,1,0,1,1
22878588,,0,0.000906,35,0.000007,0,4,4,0,4,4
22740874,,0,0.000364,35,0.000007,0,1,1,0,1,1
22355740,,0,0.000847,35,0.000007,0,3,3,0,3,3
22151962,,0,0.001367,48,0.000007,0,3,3,0,3,3
21917926,,0,0.000364,35,0.000007,0,1,1,0,1,1
21768359,,0,0.000909,35,0.000007,0,2,2,0,2,2
21725686,,0,0.011588,1,0.000007,0,5,5,0,5,5
21679465,,0,0.000364,35,0.000007,0,1,1,0,1,1
21665145,,0,0.000364,35,0.000007,0,1,1,0,1,1
21655754,,0,0.000385,35,0.000007,0,2,2,0,2,2
21600785,,0,0.000364,35,0.000007,0,1,1,0,1,1
21172088,,0,0.000364,35,0.000007,0,1,1,0,1,1
20948315,,0,0.000364,35,0.000007,0,1,1,0,1,1
20661408,,0,0.000373,35,0.000007,0,2,2,0,2,2
20602789,,0,0.000364,35,0.000007,0,1,1,0,1,1
19651985,,0,0.000364,35,0.000007,0,1,1,0,1,1
19615042,,0,0.000364,35,0.000007,0,1,1,0,1,1
19447249,,0,0.000364,35,0.000007,0,1,1,0,1,1
29069849,,0,0.000115,231,0.000007,0,2,2,0,2,2
18171601,,0.000006,0,231,0.000061,12,0,12,12,0,12
28948065,,0,0,231,0.000007,0,1,1,0,1,1
28039484,,0,0,231,0.000007,0,1,1,0,1,1
27195611,,0,0,231,0.000007,0,1,1,0,1,1
25649829,,0,0.000003,231,0.000007,0,2,2,0,2,2
25172294,,0,0,231,0.000007,0,1,1,0,1,1
23593187,,0,0,231,0.000007,0,1,1,0,1,1
23203097,,0,0.000003,231,0.000007,0,2,2,0,2,2
23125197,,0,0,231,0.000007,0,2,2,0,2,2
21119072,,0,0,231,0.000007,0,1,1,0,1,1
19755511,,0,0.000084,231,0.000007,0,2,2,0,2,2
28878133,,0,0.000055,57,0.000007,0,3,3,0,3,3
18171986,,0.000829,0,100,0.000035,10,0,10,10,0,10
22808167,,0,0.000016,100,0.000007,0,1,1,0,1,1
21367843,,0,0.000016,100,0.000007,0,1,1,0,1,1
21167036,,0,0.000016,100,0.000007,0,1,1,0,1,1
29682443,,0,0.000098,231,0.000007,0,2,2,0,2,2
18172190,,0.004065,0,231,0.000097,49,0,49,49,0,49
27484185,,0,0.000078,231,0.000007,0,2,2,0,2,2
26550343,,0,0.000078,231,0.000007,0,1,1,0,1,1
29670073,,0,0.000148,279,0.000007,0,3,3,0,3,3
27880743,,0,0.000002,279,0.000007,0,1,1,0,1,1
26587041,,0,0.000209,279,0.000007,0,3,3,0,3,3
26158424,,0,0.000055,279,0.000007,0,3,3,0,3,3
25927241,,0,0.000691,279,0.000007,0,4,4,0,4,4
25368379,,0,0.000036,279,0.000007,0,2,2,0,2,2
25218637,,0,0.000755,100,0.000007,0,5,5,0,5,5
23865079,,0,0.000002,279,0.000007,0,1,1,0,1,1
22649770,,0,0.000003,279,0.000007,0,2,2,0,2,2
22577550,,0,0.000003,279,0.000007,0,2,2,0,2,2
22389451,,0,0.000003,279,0.000007,0,2,2,0,2,2
19962312,,0,0.000002,279,0.000007,0,1,1,0,1,1
26762357,,0,0.000001,198,0.000007,0,1,1,0,1,1
25851469,,0,0.000076,198,0.000007,0,5,5,0,5,5
23298092,,0,0.000001,198,0.000007,0,1,1,0,1,1
20443480,,0,0.000001,198,0.000007,0,1,1,0,1,1
19594292,,0,0.000001,198,0.000007,0,1,1,0,1,1
19544793,,0,0.000001,198,0.000007,0,1,1,0,1,1
29338689,,0.000041,0.000383,205,0.000007,1,11,12,1,11,12
18175216,,0.000596,0,231,0.000015,14,0,14,14,0,14
18176857,,0.000813,0,89,0.000009,8,0,8,8,0,8
29081729,,0,0.000075,100,0.000007,0,1,1,0,1,1
27375660,,0,0.000075,100,0.000007,0,1,1,0,1,1
24744767,,0,0.000075,100,0.000007,0,1,1,0,1,1
18180225,,0.000164,0,5,0.000017,5,0,5,5,0,5
25177152,,0,0.000003,5,0.000007,0,1,1,0,1,1
26534921,,0,0.00014,231,0.000007,0,1,1,0,1,1
26215859,,0,0.00014,231,0.000007,0,1,1,0,1,1
25394171,,0,0.000159,231,0.000007,0,2,2,0,2,2
24331190,,0,0.00014,231,0.000007,0,1,1,0,1,1
22323072,,0,0.00014,231,0.000007,0,1,1,0,1,1
28265568,,0,0.000288,1,0.000007,0,2,2,0,2,2
27486019,,0.000134,0.002229,367,0.000013,4,7,11,4,7,11
27225637,,0,0.002464,89,0.000007,0,16,16,0,16,16
25101567,,0,0.000414,89,0.000007,0,4,4,0,4,4
23792811,,0,0.00025,89,0.000025,3,4,7,3,4,7
20569440,,0,0.000067,89,0.000007,0,1,1,0,1,1
23926436,,0,0,176,0.000007,0,1,1,0,1,1
18187356,,0.000004,0,176,0.000028,4,0,4,4,0,4
22970024,,0,0.000206,176,0.000007,0,2,2,0,2,2
20109191,,0,0,176,0.000007,0,1,1,0,1,1
19941649,,0,0,176,0.000007,0,1,1,0,1,1
30059519,,0,0.00015,90,0.000007,0,2,2,0,2,2
18187487,,0.000216,0,90,0.000075,17,0,17,17,0,17
29422060,,0,0.000007,90,0.000007,0,2,2,0,2,2
28950995,,0,0.000004,90,0.000007,0,1,1,0,1,1
28287102,,0,0.000004,90,0.000007,0,1,1,0,1,1
28165370,,0,0.000004,90,0.000007,0,1,1,0,1,1
26725847,,0,0.000004,90,0.000007,0,1,1,0,1,1
24586269,,0,0.000007,90,0.000007,0,2,2,0,2,2
23028742,,0,0.000004,90,0.000007,0,1,1,0,1,1
22090419,,0,0.000004,90,0.000007,0,1,1,0,1,1
22072620,,0,0.000004,90,0.000007,0,1,1,0,1,1
20068065,,0,0.000004,90,0.000007,0,1,1,0,1,1
25084233,,0,0,100,0.000007,0,1,1,0,1,1
18193204,,0.000016,0,100,0.000021,3,0,3,3,0,3
21064163,,0,0,100,0.000007,0,1,1,0,1,1
18195327,,0.002271,0,5,0.000046,31,0,31,31,0,31
26741657,,0,0.000182,5,0.000007,0,10,10,0,10,10
26717149,,0,0.000049,5,0.000007,0,2,2,0,2,2
26222764,,0,0.000049,5,0.000007,0,2,2,0,2,2
26217598,,0,0.00017,5,0.000007,0,2,2,0,2,2
24499499,,0,0.000145,5,0.000007,0,2,2,0,2,2
19523124,,0,0.000145,5,0.000007,0,1,1,0,1,1
19306394,,0,0.000175,140,0.000007,0,2,2,0,2,2
18197009,,0.000417,0,35,0.000019,5,0,5,5,0,5
24442642,,0,0.001541,90,0.000039,6,8,14,6,8,14
27571479,,0,0.000582,1,0.000007,0,4,4,0,4,4
26418880,,0,0.000034,232,0.000007,0,2,2,0,2,2
23131843,,0,0.000014,100,0.000007,0,1,1,0,1,1
22570620,,0,0.000014,100,0.000007,0,1,1,0,1,1
21205937,,0,0.000767,100,0.000007,0,3,3,0,3,3
20613981,,0,0.000014,100,0.000007,0,1,1,0,1,1
18200524,,0.000271,0,5,0.000017,7,0,7,7,0,7
24498615,,0,0.000011,5,0.000007,0,2,2,0,2,2
21955955,,0,0.00001,5,0.000007,0,3,3,0,3,3
29387450,,0,0.000017,231,0.000007,0,1,1,0,1,1
18204050,,0.00091,0,231,0.000164,28,0,28,28,0,28
29101517,,0,0.000017,231,0.000007,0,1,1,0,1,1
28687497,,0,0.00005,231,0.000007,0,4,4,0,4,4
28099932,,0,0.000021,231,0.000007,0,2,2,0,2,2
26293665,,0,0.000017,231,0.000007,0,1,1,0,1,1
24747200,,0,0.000027,231,0.000007,0,2,2,0,2,2
24315717,,0,0.000017,231,0.000007,0,1,1,0,1,1
22347533,,0,0.000023,231,0.000007,0,2,2,0,2,2
22174852,,0,0.000017,231,0.000007,0,1,1,0,1,1
21791579,,0,0.000017,231,0.000007,0,1,1,0,1,1
21224855,,0,0.000017,231,0.000007,0,1,1,0,1,1
20855472,,0,0.000017,231,0.000007,0,1,1,0,1,1
20705955,,0,0.000017,231,0.000007,0,1,1,0,1,1
20470418,,0,0.000017,231,0.000007,0,1,1,0,1,1
20233728,,0,0.000035,231,0.000007,0,2,2,0,2,2
20003265,,0.000612,0.000017,231,0.000069,15,1,16,15,1,16
19847790,,0,0.000017,231,0.000007,0,1,1,0,1,1
29069767,,0,0.000001,279,0.000007,0,1,1,0,1,1
18205041,,0.000027,0,279,0.000035,7,0,7,7,0,7
25202681,,0,0.000001,279,0.000007,0,1,1,0,1,1
24138789,,0,0.000008,89,0.000007,0,2,2,0,2,2
22916092,,0,0.000114,279,0.000007,0,2,2,0,2,2
21955238,,0,0.000001,279,0.000007,0,1,1,0,1,1
18205043,,0.000232,0,5,0.000018,6,0,6,6,0,6
28727822,,0,0.000408,279,0.000007,0,2,2,0,2,2
26557500,,0,0.031197,1,0.000007,0,20,20,0,20,20
26464562,,0,0.000373,1,0.000007,0,1,1,0,1,1
26099008,,0,0.000419,69,0.000007,0,2,2,0,2,2
23666104,,0,0.000373,1,0.000007,0,1,1,0,1,1
20943616,,0,0.007033,1,0.000007,0,2,2,0,2,2
19602459,,0,0.000373,1,0.000007,0,1,1,0,1,1
18208856,,0,0,151,0.000016,2,0,2,2,0,2
20648015,,0,0,151,0.000007,0,1,1,0,1,1
18214034,,0.000164,0,89,0.000007,1,0,1,1,0,1
18219587,,0.000115,0,5,0.000011,4,0,4,4,0,4
28143445,,0.000016,0.000359,100,0.000026,5,4,9,5,4,9
27455328,,0,0,100,0.000007,0,1,1,0,1,1
19725922,,0,0,100,0.000007,0,1,1,0,1,1
19114129,,0,0.000027,100,0.000007,0,2,2,0,2,2
18228134,,0.001125,0,89,0.00001,6,0,6,6,0,6
27081088,,0,0.000053,232,0.000007,0,3,3,0,3,3
25952684,,0,0,5,0.000007,0,1,1,0,1,1
29606612,,0,0.000881,35,0.000007,0,5,5,0,5,5
29603032,,0,0.000321,35,0.000007,0,1,1,0,1,1
29529015,,0,0.001122,35,0.000007,0,4,4,0,4,4
28300833,,0,0.000321,35,0.000007,0,1,1,0,1,1
27197152,,0,0.007757,35,0.000007,0,2,2,0,2,2
26311223,,0.00015,0.00084,35,0.00003,9,8,17,9,8,17
26193872,,0,0.000875,35,0.000007,0,3,3,0,3,3
25904215,,0,0.000661,35,0.000007,0,4,4,0,4,4
25686829,,0,0.000866,35,0.000007,0,2,2,0,2,2
25632947,,0,0.001242,35,0.000007,0,5,5,0,5,5
25506895,,0,0.001272,35,0.000007,0,4,4,0,4,4
25114585,,0,0.000866,35,0.000007,0,2,2,0,2,2
25083423,,0,0.00045,35,0.000007,0,4,4,0,4,4
24904174,,0,0.001302,35,0.000007,0,5,5,0,5,5
24887554,,0,0.000866,35,0.000007,0,2,2,0,2,2
24853420,,0,0.000566,35,0.000007,0,2,2,0,2,2
24722541,,0,0.000566,231,0.000021,3,2,5,3,2,5
24511467,,0,0.000727,35,0.000007,0,3,3,0,3,3
24212666,,0,0.000321,35,0.000007,0,1,1,0,1,1
24121664,,0,0.001136,35,0.000007,0,4,4,0,4,4
23638139,,0,0.000321,35,0.000007,0,1,1,0,1,1
23602409,,0,0.001111,35,0.000007,0,3,3,0,3,3
23300950,,0,0.000321,35,0.000007,0,1,1,0,1,1
23144633,,0,0.000321,35,0.000007,0,1,1,0,1,1
22977545,,0,0.000321,35,0.000007,0,1,1,0,1,1
22091428,,0,0.000321,35,0.000007,0,1,1,0,1,1
21965334,,0,0.001027,35,0.000007,0,3,3,0,3,3
21506923,,0,0.000866,35,0.000007,0,2,2,0,2,2
21480217,,0,0.000321,35,0.000007,0,1,1,0,1,1
21224357,,0,0.000321,35,0.000007,0,1,1,0,1,1
21106646,,0,0.000321,35,0.000007,0,1,1,0,1,1
21045151,,0,0.000321,35,0.000007,0,1,1,0,1,1
20889728,,0,0.000321,35,0.000007,0,1,1,0,1,1
20810647,,0,0.000321,35,0.000007,0,1,1,0,1,1
20730114,,0,0.000332,35,0.000007,0,2,2,0,2,2
20689821,,0,0.000321,35,0.000007,0,1,1,0,1,1
20660721,,0,0.000321,35,0.000007,0,1,1,0,1,1
20428807,,0,0.000321,35,0.000007,0,1,1,0,1,1
19898931,,0,0.000866,35,0.000007,0,2,2,0,2,2
19875048,,0,0.000321,35,0.000007,0,1,1,0,1,1
19667198,,0.000322,0.000399,35,0.000218,40,3,43,40,3,43
19458072,,0,0.000321,35,0.000007,0,1,1,0,1,1
19342456,,0,0.000321,35,0.000007,0,1,1,0,1,1
19249646,,0,0.000321,35,0.000007,0,1,1,0,1,1
18828879,,0.000033,0.000435,35,0.000086,11,2,13,11,2,13
18809245,,0,0.000321,35,0.000007,0,1,1,0,1,1
18556345,,0,0.000321,35,0.000007,0,1,1,0,1,1
18423071,,0,0.000321,35,0.000007,0,1,1,0,1,1
18235242,,0.000219,0,48,0.000035,9,0,9,9,0,9
20404480,,0,0.000004,48,0.000007,0,1,1,0,1,1
20090939,,0,0.000004,48,0.000007,0,1,1,0,1,1
20015385,,0,0.000004,48,0.000007,0,1,1,0,1,1
18240998,,0.000322,0,90,0.000021,7,0,7,7,0,7
29069768,,0,0.000008,279,0.000007,0,2,2,0,2,2
18242166,,0.000052,0,279,0.000014,3,0,3,3,0,3
23088560,,0,0.000009,279,0.000007,0,2,2,0,2,2
18243530,,0.000005,0,168,0.000013,3,0,3,3,0,3
18256760,,0.00095,0,89,0.000008,3,0,3,3,0,3
24317580,,0,0.004276,1,0.000007,0,7,7,0,7,7
18258506,,0.00062,0,100,0.000035,4,0,4,4,0,4
29483951,,0,0.000432,89,0.000007,0,2,2,0,2,2
28986566,,0,0.000389,279,0.000007,0,6,6,0,6,6
26264691,,0,0.00127,5,0.000007,0,4,4,0,4,4
25311333,,0.000012,0.000436,5,0.000029,6,6,12,6,6,12
22996101,,0,0.000378,5,0.000007,0,2,2,0,2,2
22986143,,0,0.001661,1,0.000007,0,5,5,0,5,5
22929033,,0,0.000977,5,0.000007,0,4,4,0,4,4
26911705,,0,0.00007,279,0.000007,0,2,2,0,2,2
26132880,,0,0.000033,279,0.000007,0,1,1,0,1,1
23935121,,0,0.000033,279,0.000007,0,1,1,0,1,1
23383130,,0,0.000033,279,0.000007,0,1,1,0,1,1
23054940,,0,0.000047,279,0.000007,0,3,3,0,3,3
22129206,,0.000169,0.000111,279,0.000034,8,5,13,8,5,13
20054818,,0,0.000033,279,0.000007,0,1,1,0,1,1
19454604,,0,0.000033,279,0.000007,0,1,1,0,1,1
19014416,,0,0.000033,279,0.000007,0,1,1,0,1,1
18628296,,0,0.000033,279,0.000007,0,1,1,0,1,1
18502416,,0,0.000056,279,0.000007,0,2,2,0,2,2
18269778,,0.002056,0,5,0.000016,14,0,14,14,0,14
24809009,,0.000273,0.000569,69,0.000007,1,6,7,1,6,7
29732009,,0,0.000012,5,0.000007,0,1,1,0,1,1
19696299,,0,0.000012,5,0.000007,0,1,1,0,1,1
18270812,,0.001106,0,100,0.000021,11,0,11,11,0,11
22682329,,0,0.000021,100,0.000007,0,1,1,0,1,1
18273839,,0.000803,0,140,0.000046,14,0,14,14,0,14
20544018,,0,0.000015,140,0.000007,0,1,1,0,1,1
18278587,,0.000053,0,89,0.000008,1,0,1,1,0,1
18279628,,0.000217,0,89,0.000009,3,0,3,3,0,3
18281469,,0.000213,0,265,0.000035,12,0,12,12,0,12
26514729,,0,0.000283,265,0.000007,0,4,4,0,4,4
24714417,,0,0.000094,265,0.000007,0,2,2,0,2,2
22943041,,0,0.001037,265,0.000007,0,3,3,0,3,3
21175350,,0,0.000004,265,0.000007,0,1,1,0,1,1
18281473,,0.005538,0,100,0.000056,27,0,27,27,0,27
26106605,,0,0.000168,231,0.000007,0,3,3,0,3,3
25520033,,0,0.000106,100,0.000007,0,1,1,0,1,1
24648952,,0,0.000106,100,0.000007,0,1,1,0,1,1
18283561,,0.000509,0,231,0.000009,3,0,3,3,0,3
29357906,,0,0.000056,35,0.000007,0,2,2,0,2,2
28695303,,0,0.00031,140,0.000007,0,11,11,0,11,11
18286383,,0.001217,0,89,0.000012,13,0,13,13,0,13
27994665,,0,0.000005,279,0.000007,0,2,2,0,2,2
18286531,,0.00009,0,279,0.000082,20,0,20,20,0,20
27956841,,0,0.000005,279,0.000007,0,2,2,0,2,2
26734575,,0,0.000002,279,0.000007,0,1,1,0,1,1
25931811,,0,0.00001,279,0.000007,0,2,2,0,2,2
25848215,,0,0.000005,279,0.000007,0,2,2,0,2,2
25565774,,0,0.000005,279,0.000007,0,2,2,0,2,2
25382980,,0,0.000005,279,0.000007,0,2,2,0,2,2
24661338,,0,0.000005,279,0.000007,0,2,2,0,2,2
23866665,,0,0.000002,279,0.000007,0,1,1,0,1,1
23577085,,0,0.000002,279,0.000007,0,1,1,0,1,1
21584264,,0,0.000002,279,0.000007,0,1,1,0,1,1
21507233,,0,0.000002,279,0.000007,0,1,1,0,1,1
21234301,,0,0.000002,279,0.000007,0,1,1,0,1,1
19568750,,0,0.000002,279,0.000007,0,1,1,0,1,1
18288416,,0.000202,0,231,0.000011,5,0,5,5,0,5
25961153,,0,0.000008,100,0.000007,0,1,1,0,1,1
18297415,,0.000164,0,5,0.000011,3,0,3,3,0,3
28018378,,0,0.000023,89,0.000007,0,1,1,0,1,1
27169102,,0,0.000027,89,0.000007,0,2,2,0,2,2
24482604,,0,0.000023,89,0.000007,0,1,1,0,1,1
22315563,,0,0.000023,89,0.000007,0,1,1,0,1,1
22008521,,0,0.000023,89,0.000007,0,1,1,0,1,1
21896204,,0,0.000023,89,0.000007,0,1,1,0,1,1
21704276,,0,0.000033,89,0.000007,0,3,3,0,3,3
21501492,,0,0.000023,89,0.000007,0,1,1,0,1,1
21264207,,0,0.000023,89,0.000007,0,1,1,0,1,1
19222838,,0,0.000023,89,0.000007,0,1,1,0,1,1
18495026,,0,0.000023,89,0.000007,0,1,1,0,1,1
18302019,,0.002608,0,100,0.000046,30,0,30,30,0,30
19635604,,0,0.000053,100,0.000007,0,2,2,0,2,2
18302307,,0.000151,0,5,0.000011,5,0,5,5,0,5
18306035,,0.001284,0,100,0.000013,10,0,10,10,0,10
18309013,,0.001443,0,5,0.000041,16,0,16,16,0,16
23144986,,0,0.00003,198,0.000007,0,2,2,0,2,2
21736390,,0,0.000028,5,0.000007,0,1,1,0,1,1
21333777,,0,0.000038,5,0.000007,0,2,2,0,2,2
20353441,,0,0.000028,5,0.000007,0,1,1,0,1,1
18311481,,0.000145,0,35,0.000027,8,0,8,8,0,8
23173568,,0,0.000003,35,0.000007,0,1,1,0,1,1
21761362,,0,0.000048,35,0.000007,0,3,3,0,3,3
18311584,,0.000088,0,89,0.000007,1,0,1,1,0,1
29795040,,0,0.007449,69,0.000007,0,2,2,0,2,2
18312450,,0.000675,0,69,0.000048,7,0,7,7,0,7
25682026,,0,0.000013,69,0.000007,0,1,1,0,1,1
30236079,,0,0.000803,35,0.000007,0,3,3,0,3,3
30119997,,0,0.000002,90,0.000007,0,1,1,0,1,1
30065164,,0,0.000002,90,0.000007,0,1,1,0,1,1
29562732,,0,0.000002,90,0.000007,0,1,1,0,1,1
29039799,,0,0.000002,90,0.000007,0,1,1,0,1,1
28418923,,0,0.000002,90,0.000007,0,1,1,0,1,1
27609747,,0,0.000098,90,0.000007,0,2,2,0,2,2
27451867,,0,0.000002,90,0.000007,0,1,1,0,1,1
27151233,,0,0.000002,90,0.000007,0,1,1,0,1,1
26063116,,0,0.000002,90,0.000007,0,1,1,0,1,1
25338206,,0,0.000002,90,0.000007,0,1,1,0,1,1
25337538,,0,0.000002,90,0.000007,0,1,1,0,1,1
25332705,,0,0.000017,90,0.000007,0,3,3,0,3,3
24972095,,0,0.000002,90,0.000007,0,1,1,0,1,1
24250465,,0,0.000002,90,0.000007,0,1,1,0,1,1
23994708,,0,0.000002,90,0.000007,0,1,1,0,1,1
23843889,,0,0.000002,90,0.000007,0,1,1,0,1,1
23800833,,0,0.000002,90,0.000007,0,1,1,0,1,1
23658110,,0,0.000037,90,0.000007,0,3,3,0,3,3
23566957,,0,0.000002,90,0.000007,0,1,1,0,1,1
23272910,,0,0.000002,90,0.000007,0,1,1,0,1,1
22905241,,0,0.000002,90,0.000007,0,1,1,0,1,1
22166800,,0,0.000002,90,0.000007,0,1,1,0,1,1
21948866,,0,0.000002,90,0.000007,0,1,1,0,1,1
21656528,,0,0.000002,90,0.000007,0,1,1,0,1,1
21599534,,0,0.000002,90,0.000007,0,1,1,0,1,1
21343904,,0,0.000002,90,0.000007,0,1,1,0,1,1
21295476,,0,0.000002,90,0.000007,0,1,1,0,1,1
20657428,,0,0.000002,90,0.000007,0,1,1,0,1,1
20160894,,0,0.000002,90,0.000007,0,1,1,0,1,1
19706731,,0,0.000002,90,0.000007,0,1,1,0,1,1
19663396,,0,0.000002,90,0.000007,0,1,1,0,1,1
19046068,,0,0.000002,90,0.000007,0,1,1,0,1,1
18603286,,0,0.000002,90,0.000007,0,1,1,0,1,1
30105215,,0,0.000003,24,0.000007,0,1,1,0,1,1
18314357,,0.00017,0,24,0.000038,8,0,8,8,0,8
24646602,,0,0.000003,24,0.000007,0,1,1,0,1,1
23937693,,0,0.000003,24,0.000007,0,1,1,0,1,1
23193497,,0,0.000003,24,0.000007,0,1,1,0,1,1
30376844,,0,0.000241,24,0.000007,0,1,1,0,1,1
18316546,,0.012649,0,24,0.000667,175,0,175,175,0,175
30316146,,0,0.000241,24,0.000007,0,1,1,0,1,1
30254462,,0,0.000241,24,0.000007,0,1,1,0,1,1
30250536,,0,0.000277,69,0.000007,0,2,2,0,2,2
30126243,,0,0.000241,24,0.000007,0,1,1,0,1,1
30094104,,0,0.000241,24,0.000007,0,1,1,0,1,1
30038702,,0,0.000241,24,0.000007,0,1,1,0,1,1
29914219,,0,0.000247,24,0.000007,0,2,2,0,2,2
29846043,,0,0.000241,24,0.000007,0,1,1,0,1,1
29556276,,0,0.000241,24,0.000007,0,1,1,0,1,1
29469087,,0,0.000241,24,0.000007,0,1,1,0,1,1
29399358,,0,0.000241,24,0.000007,0,1,1,0,1,1
29352124,,0,0.000241,24,0.000007,0,1,1,0,1,1
29301323,,0,0.000241,24,0.000007,0,1,1,0,1,1
29279851,,0,0.000254,69,0.000007,0,2,2,0,2,2
28949378,,0,0.000242,24,0.000007,0,2,2,0,2,2
28881609,,0,0.000293,24,0.000007,0,2,2,0,2,2
28817605,,0,0.000241,24,0.000007,0,1,1,0,1,1
28743242,,0,0.000256,24,0.000007,0,5,5,0,5,5
28717179,,0,0.000242,24,0.000007,0,3,3,0,3,3
28484215,,0,0.000241,24,0.000007,0,2,2,0,2,2
28381596,,0,0.000559,24,0.000007,0,2,2,0,2,2
28273813,,0,0.000259,2,0.000007,0,2,2,0,2,2
28260069,,0,0.000246,24,0.000007,0,2,2,0,2,2
28128193,,0,0.000241,24,0.000007,0,2,2,0,2,2
28076324,,0,0.000241,24,0.000007,0,1,1,0,1,1
28032496,,0,0.000241,24,0.000007,0,1,1,0,1,1
27906459,,0,0.000251,205,0.000007,0,2,2,0,2,2
27898657,,0,0.000241,24,0.000007,0,2,2,0,2,2
27877224,,0,0.000241,24,0.000007,0,1,1,0,1,1
27803105,,0,0.000241,24,0.000007,0,1,1,0,1,1
27774130,,0,0.000241,24,0.000007,0,2,2,0,2,2
27665847,,0,0.000241,24,0.000007,0,1,1,0,1,1
27618077,,0,0.000241,24,0.000007,0,1,1,0,1,1
27493131,,0,0.000241,24,0.000007,0,1,1,0,1,1
27445811,,0,0.000241,24,0.000007,0,1,1,0,1,1
27437217,,0,0.000241,24,0.000007,0,1,1,0,1,1
27373487,,0,0.000241,24,0.000007,0,1,1,0,1,1
27354763,,0,0.000241,24,0.000007,0,1,1,0,1,1
27193186,,0,0.000973,24,0.000007,0,2,2,0,2,2
27147577,,0,0.000241,24,0.000007,0,1,1,0,1,1
27057082,,0,0.000306,24,0.000007,0,3,3,0,3,3
27034809,,0,0.000241,24,0.000007,0,1,1,0,1,1
26579492,,0,0.018719,1,0.000007,0,12,12,0,12,12
26404387,,0,0.000273,1,0.000007,0,2,2,0,2,2
26353932,,0,0.000241,24,0.000007,0,1,1,0,1,1
26317794,,0,0.000241,24,0.000007,0,1,1,0,1,1
26156020,,0,0.000251,24,0.000007,0,2,2,0,2,2
25886033,,0,0.000574,69,0.000007,0,3,3,0,3,3
25834456,,0,0.000255,24,0.000007,0,2,2,0,2,2
25780441,,0,0.000241,24,0.000007,0,1,1,0,1,1
25605631,,0,0.000241,24,0.000007,0,1,1,0,1,1
25586538,,0,0.000241,24,0.000007,0,1,1,0,1,1
25548514,,0,0.000241,24,0.000007,0,1,1,0,1,1
25520562,,0,0.000241,24,0.000007,0,1,1,0,1,1
25356874,,0,0.000241,24,0.000007,0,1,1,0,1,1
25342990,,0,0.025531,1,0.000007,0,10,10,0,10,10
25234922,,0,0.000241,24,0.000007,0,1,1,0,1,1
25096996,,0,0.001429,24,0.000007,0,3,3,0,3,3
25003579,,0,0.000404,1,0.000007,0,3,3,0,3,3
24974076,,0,0.009008,1,0.000007,0,8,8,0,8,8
24927576,,0,0.000241,24,0.000007,0,1,1,0,1,1
24765178,,0,0.000241,24,0.000007,0,1,1,0,1,1
24603753,,0,0.000241,24,0.000007,0,1,1,0,1,1
24532723,,0,0.007677,24,0.000007,0,2,2,0,2,2
24520224,,0,0.000241,24,0.000007,0,1,1,0,1,1
24403503,,0,0.000241,24,0.000007,0,1,1,0,1,1
24273416,,0,0.000241,24,0.000007,0,1,1,0,1,1
24212636,,0,0.000241,24,0.000007,0,1,1,0,1,1
24144331,,0,0.000241,24,0.000007,0,1,1,0,1,1
24036273,,0,0.000241,24,0.000007,0,1,1,0,1,1
23956056,,0,0.000241,24,0.000007,0,1,1,0,1,1
23945238,,0,0.009706,24,0.000007,0,6,6,0,6,6
23719746,,0,0.000241,24,0.000007,0,1,1,0,1,1
23678002,,0,0.000241,24,0.000007,0,1,1,0,1,1
23585472,,0,0.000241,24,0.000007,0,1,1,0,1,1
23481186,,0,0.000241,24,0.000007,0,1,1,0,1,1
23458185,,0,0.000241,24,0.000007,0,1,1,0,1,1
23275151,,0,0.018115,1,0.000007,0,13,13,0,13,13
23213536,,0,0.000241,24,0.000007,0,1,1,0,1,1
23171216,,0,0.000241,24,0.000007,0,1,1,0,1,1
22928007,,0,0.000241,24,0.000007,0,1,1,0,1,1
22737591,,0,0.000241,24,0.000007,0,1,1,0,1,1
22659329,,0,0.001799,1,0.000007,0,5,5,0,5,5
22571463,,0,0.000241,24,0.000007,0,1,1,0,1,1
22547603,,0,0.000241,24,0.000007,0,1,1,0,1,1
22333583,,0,0.000364,24,0.000007,0,2,2,0,2,2
22328962,,0,0.000284,24,0.000007,0,2,2,0,2,2
22304828,,0,0.000241,24,0.000007,0,1,1,0,1,1
22276017,,0,0.000241,24,0.000007,0,1,1,0,1,1
22059911,,0,0.000241,24,0.000007,0,1,1,0,1,1
21969054,,0,0.000241,24,0.000007,0,1,1,0,1,1
21961533,,0,0.000241,24,0.000007,0,1,1,0,1,1
21826087,,0,0.000241,24,0.000007,0,1,1,0,1,1
21737503,,0,0.000241,24,0.000007,0,1,1,0,1,1
21696631,,0,0.000241,24,0.000007,0,1,1,0,1,1
21551262,,0,0.000241,24,0.000007,0,1,1,0,1,1
21467167,,0,0.000241,24,0.000007,0,1,1,0,1,1
21331278,,0,0.000241,24,0.000007,0,1,1,0,1,1
21209720,,0,0.000241,24,0.000007,0,1,1,0,1,1
21113238,,0,0.000241,24,0.000007,0,1,1,0,1,1
20871811,,0,0.000241,24,0.000007,0,1,1,0,1,1
20736180,,0,0.000241,24,0.000007,0,1,1,0,1,1
20674514,,0,0.000241,24,0.000007,0,1,1,0,1,1
20395447,,0,0.000353,1,0.000007,0,2,2,0,2,2
20178594,,0,0.000241,24,0.000007,0,1,1,0,1,1
19940136,,0,0.000241,24,0.000007,0,1,1,0,1,1
19932656,,0,0.000241,24,0.000007,0,1,1,0,1,1
19879424,,0,0.000241,24,0.000007,0,1,1,0,1,1
19853287,,0,0.000241,24,0.000007,0,1,1,0,1,1
19787780,,0,0.000241,24,0.000007,0,1,1,0,1,1
19652528,,0,0.000241,24,0.000007,0,1,1,0,1,1
19497997,,0,0.000241,24,0.000007,0,1,1,0,1,1
19470182,,0,0.000353,1,0.000007,0,2,2,0,2,2
18955167,,0,0.000241,24,0.000007,0,1,1,0,1,1
18504617,,0,0.000241,24,0.000007,0,1,1,0,1,1
29997781,,0,0.000017,100,0.000007,0,1,1,0,1,1
23906667,,0,0.000017,100,0.000007,0,1,1,0,1,1
21902286,,0,0.000017,100,0.000007,0,1,1,0,1,1
18691602,,0,0.000017,100,0.000007,0,1,1,0,1,1
30323354,,0,0.000388,89,0.000007,0,10,10,0,10,10
29727689,,0,0.00031,231,0.000007,0,6,6,0,6,6
29391886,,0,0.00009,231,0.000007,0,1,1,0,1,1
28919786,,0,0.00009,231,0.000007,0,1,1,0,1,1
27863437,,0,0.000093,231,0.000007,0,2,2,0,2,2
27848153,,0,0.001387,231,0.000007,0,9,9,0,9,9
27576376,,0,0.00009,231,0.000007,0,1,1,0,1,1
26421298,,0,0.00009,231,0.000007,0,1,1,0,1,1
26401662,,0,0.00009,231,0.000007,0,1,1,0,1,1
26364163,,0,0.000257,231,0.000007,0,3,3,0,3,3
26279618,,0,0.00009,231,0.000007,0,1,1,0,1,1
26070784,,0,0.000127,231,0.000007,0,3,3,0,3,3
25717406,,0,0.000357,231,0.000007,0,4,4,0,4,4
25255808,,0,0.000276,231,0.000007,0,2,2,0,2,2
25139936,,0,0.000093,231,0.000007,0,2,2,0,2,2
24895409,,0,0.000181,231,0.000007,0,4,4,0,4,4
24586528,,0,0.000096,72,0.000007,0,2,2,0,2,2
24551380,,0,0.000093,198,0.000007,0,2,2,0,2,2
24467842,,0,0.000353,231,0.000007,0,3,3,0,3,3
24454854,,0,0.000092,231,0.000007,0,2,2,0,2,2
24386390,,0,0.000272,231,0.000007,0,4,4,0,4,4
24218030,,0,0.00009,231,0.000007,0,1,1,0,1,1
24204614,,0,0.000106,205,0.000007,0,2,2,0,2,2
23776684,,0,0.000123,231,0.000007,0,2,2,0,2,2
23637977,,0,0.00009,231,0.000007,0,1,1,0,1,1
23563089,,0,0.00009,231,0.000007,0,1,1,0,1,1
23486537,,0,0.000137,231,0.000007,0,2,2,0,2,2
23411593,,0,0.000462,231,0.000007,0,2,2,0,2,2
23333936,,0,0.00009,231,0.000007,0,1,1,0,1,1
23221726,,0,0.00009,231,0.000007,0,1,1,0,1,1
22972951,,0,0.00009,231,0.000007,0,1,1,0,1,1
22970228,,0,0.00009,231,0.000007,0,1,1,0,1,1
22768030,,0.000232,0.000189,231,0.000019,5,4,9,5,4,9
22532573,,0,0.00009,231,0.000007,0,1,1,0,1,1
22363593,,0,0.00009,231,0.000007,0,1,1,0,1,1
22357627,,0,0.000276,231,0.000007,0,2,2,0,2,2
22303333,,0,0.00009,231,0.000007,0,1,1,0,1,1
22301832,,0,0.00009,231,0.000007,0,1,1,0,1,1
22276117,,0,0.000096,2,0.000007,0,3,3,0,3,3
22271044,,0,0.000129,231,0.000007,0,2,2,0,2,2
22151803,,0,0.00009,231,0.000007,0,1,1,0,1,1
22045194,,0,0.000281,231,0.000007,0,3,3,0,3,3
21852249,,0,0.000342,231,0.000007,0,4,4,0,4,4
21840856,,0,0.00009,231,0.000007,0,1,1,0,1,1
21825151,,0,0.000092,231,0.000007,0,2,2,0,2,2
21795501,,0,0.000276,231,0.000007,0,2,2,0,2,2
21791674,,0,0.00009,231,0.000007,0,1,1,0,1,1
21618606,,0,0.00009,231,0.000007,0,1,1,0,1,1
21390212,,0,0.00009,231,0.000007,0,1,1,0,1,1
21382839,,0,0.000093,231,0.000007,0,2,2,0,2,2
21211033,,0,0.00009,231,0.000007,0,1,1,0,1,1
20699374,,0,0.00009,231,0.000007,0,1,1,0,1,1
20585626,,0,0.000104,231,0.000007,0,3,3,0,3,3
20554749,,0,0.000266,231,0.000007,0,2,2,0,2,2
20526366,,0,0.00009,231,0.000007,0,1,1,0,1,1
20407466,,0,0.00009,231,0.000007,0,1,1,0,1,1
20368714,,0,0.00009,231,0.000007,0,1,1,0,1,1
20193855,,0,0.000252,231,0.000007,0,2,2,0,2,2
20085711,,0,0.00009,231,0.000007,0,1,1,0,1,1
20056641,,0,0.00009,231,0.000007,0,1,1,0,1,1
19789366,,0,0.00009,231,0.000007,0,1,1,0,1,1
19738052,,0,0.00009,231,0.000007,0,1,1,0,1,1
19696932,,0,0.00009,231,0.000007,0,1,1,0,1,1
19683667,,0,0.000119,231,0.000007,0,2,2,0,2,2
19639606,,0,0.00009,231,0.000007,0,1,1,0,1,1
19096721,,0,0.00009,231,0.000007,0,1,1,0,1,1
18327210,,0.000619,0,35,0.000018,5,0,5,5,0,5
21047379,,0,0.000023,35,0.000007,0,2,2,0,2,2
18327637,,0.001277,0,35,0.000128,26,0,26,26,0,26
28938563,,0,0.000024,35,0.000007,0,1,1,0,1,1
28157208,,0,0.000024,35,0.000007,0,1,1,0,1,1
26728598,,0,0.000116,35,0.000007,0,3,3,0,3,3
25885600,,0,0.000346,35,0.000007,0,3,3,0,3,3
25506891,,0,0.000481,35,0.000007,0,3,3,0,3,3
24330829,,0,0.000024,35,0.000007,0,1,1,0,1,1
22661590,,0,0.0001,35,0.000007,0,2,2,0,2,2
20543953,,0,0.000024,35,0.000007,0,1,1,0,1,1
18330910,,0.000355,0,35,0.000126,14,0,14,14,0,14
24304607,,0,0.000007,35,0.000007,0,1,1,0,1,1
24098474,,0,0.000007,35,0.000007,0,1,1,0,1,1
23825644,,0,0.000007,35,0.000007,0,1,1,0,1,1
20848651,,0,0.000007,35,0.000007,0,1,1,0,1,1
19040728,,0,0.000007,35,0.000007,0,1,1,0,1,1
29663716,,0,0.000022,89,0.000007,0,3,3,0,3,3
18334730,,0.00041,0,89,0.000014,6,0,6,6,0,6
22908982,,0,0.000024,89,0.000007,0,2,2,0,2,2
18339830,,0.000261,0,89,0.000055,10,0,10,10,0,10
27327020,,0,0.000183,89,0.000007,0,2,2,0,2,2
26689397,,0,0.000005,89,0.000007,0,1,1,0,1,1
25214560,,0,0.000005,89,0.000007,0,1,1,0,1,1
23925696,,0,0.000005,89,0.000007,0,1,1,0,1,1
23761272,,0,0.000005,89,0.000007,0,1,1,0,1,1
22665579,,0,0.000005,89,0.000007,0,1,1,0,1,1
21516319,,0,0.000005,89,0.000007,0,1,1,0,1,1
20406962,,0,0.000005,89,0.000007,0,1,1,0,1,1
18341356,,0.000017,0,90,0.000076,11,0,11,11,0,11
26340316,,0,0,90,0.000007,0,2,2,0,2,2
26114396,,0,0,90,0.000007,0,2,2,0,2,2
25586261,,0,0,90,0.000007,0,1,1,0,1,1
25494326,,0,0.000001,90,0.000007,0,3,3,0,3,3
23267180,,0,0.000001,90,0.000007,0,2,2,0,2,2
22938600,,0,0.000001,90,0.000007,0,2,2,0,2,2
18341607,,0.000241,0,5,0.000013,6,0,6,6,0,6
27708721,,0,0.00001,5,0.000007,0,2,2,0,2,2
28878359,,0,0.000502,69,0.000007,0,3,3,0,3,3
21704359,,0,0.000208,69,0.000007,0,2,2,0,2,2
18343102,,0.012843,0,1,0.000172,59,0,59,59,0,59
28260065,,0,0.000245,1,0.000007,0,1,1,0,1,1
27993965,,0.003485,0.018361,1,0.000016,11,11,22,11,11,22
27248664,,0,0.000245,1,0.000007,0,1,1,0,1,1
27064343,,0,0.000253,24,0.000007,0,2,2,0,2,2
25928429,,0,0.000255,176,0.000007,0,2,2,0,2,2
24561200,,0,0.000245,1,0.000007,0,1,1,0,1,1
23926104,,0,0.000245,1,0.000007,0,1,1,0,1,1
23894423,,0,0.000245,1,0.000007,0,1,1,0,1,1
22953243,,0,0.000245,1,0.000007,0,1,1,0,1,1
22438990,,0,0.006905,1,0.000007,0,2,2,0,2,2
22194930,,0,0.024655,1,0.000007,0,8,8,0,8,8
21656885,,0,0.000245,1,0.000007,0,1,1,0,1,1
21490922,,0,0.000245,1,0.000007,0,1,1,0,1,1
21323892,,0,0.000334,1,0.000007,0,2,2,0,2,2
21281788,,0,0.000245,1,0.000007,0,1,1,0,1,1
21048951,,0,0.000245,1,0.000007,0,1,1,0,1,1
20812782,,0,0.000245,1,0.000007,0,1,1,0,1,1
18343216,,0.000444,0,90,0.000024,9,0,9,9,0,9
18343512,,0.000003,0,241,0.000008,1,0,1,1,0,1
18343994,,0.000498,0,89,0.000009,5,0,5,5,0,5
26870783,,0,0.000176,5,0.000007,0,6,6,0,6,6
30240439,,0,0.000087,100,0.000007,0,2,2,0,2,2
18345034,,0.002072,0,100,0.000046,15,0,15,15,0,15
28317894,,0,0.00006,100,0.000007,0,2,2,0,2,2
23512667,,0,0.00004,100,0.000007,0,1,1,0,1,1
18347905,,0.00015,0,5,0.000017,7,0,7,7,0,7
28295040,,0,0.000176,5,0.000007,0,4,4,0,4,4
27433858,,0,0.000182,5,0.000007,0,7,7,0,7,7
24559780,,0,0.000056,5,0.000007,0,1,1,0,1,1
23650423,,0,0.000056,5,0.000007,0,1,1,0,1,1
22543916,,0,0.000056,5,0.000007,0,1,1,0,1,1
22216306,,0,0.000056,5,0.000007,0,1,1,0,1,1
18349291,,0.000448,0,5,0.000016,5,0,5,5,0,5
23635248,,0,0.000009,5,0.000007,0,1,1,0,1,1
29774201,,0,0.000394,140,0.000007,0,11,11,0,11,11
29373076,,0,0.000504,231,0.000007,0,7,7,0,7,7
27171545,,0,0.000317,231,0.000007,0,3,3,0,3,3
21212066,,0,0.000182,231,0.000007,0,1,1,0,1,1
18354082,,0.000077,0,48,0.000375,74,0,74,74,0,74
28954627,,0,0.000001,48,0.000007,0,1,1,0,1,1
28584628,,0,0.000001,48,0.000007,0,1,1,0,1,1
28217782,,0,0.000001,48,0.000007,0,1,1,0,1,1
27923835,,0,0.000001,48,0.000007,0,1,1,0,1,1
27659531,,0,0.000001,48,0.000007,0,1,1,0,1,1
27595989,,0,0.000001,48,0.000007,0,1,1,0,1,1
27499459,,0,0.000001,48,0.000007,0,1,1,0,1,1
27220886,,0,0.000001,48,0.000007,0,1,1,0,1,1
26918382,,0,0.000001,48,0.000007,0,1,1,0,1,1
26870892,,0,0.000001,48,0.000007,0,1,1,0,1,1
26719798,,0,0.000001,48,0.000007,0,1,1,0,1,1
26717964,,0,0.000001,48,0.000007,0,1,1,0,1,1
26624007,,0,0.000001,48,0.000007,0,1,1,0,1,1
26528478,,0,0.000037,48,0.000007,0,2,2,0,2,2
26448760,,0,0.000001,48,0.000007,0,1,1,0,1,1
26157390,,0,0.000001,48,0.000007,0,1,1,0,1,1
26106384,,0,0.000001,48,0.000007,0,1,1,0,1,1
26054620,,0,0.000001,48,0.000007,0,1,1,0,1,1
25767277,,0,0.000001,48,0.000007,0,1,1,0,1,1
25126569,,0,0.000001,48,0.000007,0,1,1,0,1,1
24806526,,0,0.000001,48,0.000007,0,1,1,0,1,1
24733940,,0,0.000237,48,0.000007,0,6,6,0,6,6
24708576,,0,0.000001,48,0.000007,0,1,1,0,1,1
24668563,,0,0.000001,48,0.000007,0,1,1,0,1,1
24614402,,0,0.000001,48,0.000007,0,1,1,0,1,1
24551108,,0,0.000001,48,0.000007,0,1,1,0,1,1
24361428,,0,0.000001,48,0.000007,0,1,1,0,1,1
24083250,,0,0.000001,48,0.000007,0,1,1,0,1,1
23964097,,0,0.000001,48,0.000007,0,1,1,0,1,1
23832678,,0,0.000001,48,0.000007,0,1,1,0,1,1
23612313,,0,0.000001,48,0.000007,0,1,1,0,1,1
23470717,,0,0.000001,48,0.000007,0,2,2,0,2,2
23457460,,0,0.000001,48,0.000007,0,1,1,0,1,1
23242178,,0,0.000001,48,0.000007,0,1,1,0,1,1
23166824,,0,0.000001,48,0.000007,0,1,1,0,1,1
22970268,,0,0.000001,48,0.000007,0,1,1,0,1,1
22809211,,0,0.000001,48,0.000007,0,1,1,0,1,1
22714418,,0,0.000001,48,0.000007,0,1,1,0,1,1
22666460,,0,0.000037,48,0.000007,0,2,2,0,2,2
22532518,,0,0.000001,48,0.000007,0,1,1,0,1,1
22372739,,0,0.000001,48,0.000007,0,1,1,0,1,1
22363817,,0,0.000001,48,0.000007,0,1,1,0,1,1
22216413,,0,0.000001,48,0.000007,0,1,1,0,1,1
21940500,,0,0.000001,48,0.000007,0,1,1,0,1,1
21887686,,0,0.000001,48,0.000007,0,1,1,0,1,1
21832148,,0,0.000001,48,0.000007,0,1,1,0,1,1
21696190,,0,0.000001,48,0.000007,0,1,1,0,1,1
21684248,,0,0.000001,48,0.000007,0,1,1,0,1,1
21680660,,0,0.000001,48,0.000007,0,1,1,0,1,1
21622263,,0,0.000001,48,0.000007,0,1,1,0,1,1
21571904,,0,0.000001,48,0.000007,0,1,1,0,1,1
21555367,,0,0.000001,48,0.000007,0,1,1,0,1,1
21322777,,0,0.000001,48,0.000007,0,1,1,0,1,1
20332234,,0,0.000001,48,0.000007,0,1,1,0,1,1
20008845,,0,0.000001,48,0.000007,0,1,1,0,1,1
19190671,,0,0.000001,48,0.000007,0,1,1,0,1,1
19160017,,0,0.000001,48,0.000007,0,1,1,0,1,1
18490190,,0,0.000001,48,0.000007,0,1,1,0,1,1
18354837,,0.000004,0,5,0.000008,1,0,1,1,0,1
27966449,,0,0.000168,231,0.000007,0,4,4,0,4,4
27486757,,0,0.000175,231,0.000007,0,3,3,0,3,3
27154171,,0,0.000178,265,0.000007,0,2,2,0,2,2
26239137,,0.000318,0.000299,231,0.000012,3,7,10,3,7,10
25529635,,0,0.000338,231,0.000007,0,3,3,0,3,3
24069142,,0,0.000162,231,0.000007,0,1,1,0,1,1
23270421,,0,0.000659,231,0.000007,0,6,6,0,6,6
23001124,,0,0.000162,231,0.000007,0,1,1,0,1,1
22993404,,0,0.000348,231,0.000007,0,2,2,0,2,2
22215421,,0,0.000174,231,0.000007,0,2,2,0,2,2
21844186,,0,0.001226,231,0.000007,0,8,8,0,8,8
20853316,,0,0.000185,231,0.000007,0,3,3,0,3,3
20406955,,0,0.000162,231,0.000007,0,1,1,0,1,1
20361209,,0,0.000162,231,0.000007,0,1,1,0,1,1
19925429,,0,0.000162,231,0.000007,0,1,1,0,1,1
19247306,,0,0.000162,231,0.000007,0,1,1,0,1,1
19210754,,0,0.000162,231,0.000007,0,1,1,0,1,1
18987618,,0,0.000162,231,0.000007,0,1,1,0,1,1
18358803,,0.000299,0,41,0.000019,3,0,3,3,0,3
18363094,,0.001648,0,89,0.000012,15,0,15,15,0,15
18366960,,0.001114,0,231,0.000016,6,0,6,6,0,6
22013391,,0,0.000021,231,0.000007,0,1,1,0,1,1
18368476,,0.000268,0,35,0.000017,3,0,3,3,0,3
27892679,,0,0.000005,35,0.000007,0,1,1,0,1,1
19181721,,0,0,169,0.000007,0,1,1,0,1,1
18372405,,0,0,169,0.000013,1,0,1,1,0,1
18373403,,0.000749,0,5,0.000033,21,0,21,21,0,21
23055100,,0,0.000014,5,0.000007,0,1,1,0,1,1
20799063,,0,0.000016,5,0.000007,0,2,2,0,2,2
27372834,,0,0.000175,5,0.000007,0,4,4,0,4,4
29868116,,0,0.000021,279,0.000007,0,1,1,0,1,1
29541161,,0,0.000021,279,0.000007,0,1,1,0,1,1
29176792,,0,0.000021,279,0.000007,0,1,1,0,1,1
29158257,,0,0.000021,279,0.000007,0,1,1,0,1,1
29149895,,0,0.000021,100,0.000007,0,2,2,0,2,2
29029385,,0,0.000021,279,0.000007,0,1,1,0,1,1
28934464,,0,0.000021,279,0.000007,0,1,1,0,1,1
27637145,,0,0.000021,279,0.000007,0,1,1,0,1,1
27378691,,0,0.000072,35,0.000007,0,2,2,0,2,2
26725650,,0,0.007457,279,0.000007,0,2,2,0,2,2
26553406,,0,0.000021,279,0.000007,0,1,1,0,1,1
26457678,,0,0.000021,279,0.000007,0,1,1,0,1,1
25166011,,0,0.000021,279,0.000007,0,1,1,0,1,1
24928762,,0,0.000021,279,0.000007,0,1,1,0,1,1
24552587,,0,0.000021,279,0.000007,0,1,1,0,1,1
24500429,,0,0.000021,279,0.000007,0,1,1,0,1,1
24242872,,0,0.000021,279,0.000007,0,1,1,0,1,1
23921639,,0,0.000021,279,0.000007,0,1,1,0,1,1
23853547,,0,0.000021,279,0.000007,0,1,1,0,1,1
23817049,,0,0.000021,279,0.000007,0,1,1,0,1,1
23793028,,0,0.000021,279,0.000007,0,1,1,0,1,1
23637611,,0,0.000021,279,0.000007,0,1,1,0,1,1
23540573,,0,0.000027,35,0.000007,0,2,2,0,2,2
23478442,,0,0.000021,279,0.000007,0,1,1,0,1,1
23222483,,0,0.000021,279,0.000007,0,1,1,0,1,1
22992452,,0,0.000021,279,0.000007,0,1,1,0,1,1
22668878,,0,0.000021,279,0.000007,0,1,1,0,1,1
22586273,,0,0.000021,279,0.000007,0,1,1,0,1,1
22586116,,0,0.000021,279,0.000007,0,1,1,0,1,1
22367191,,0,0.000021,279,0.000007,0,1,1,0,1,1
22215806,,0,0.000021,279,0.000007,0,1,1,0,1,1
22094989,,0,0.000021,279,0.000007,0,1,1,0,1,1
22000014,,0,0.000021,279,0.000007,0,1,1,0,1,1
21859475,,0,0.000021,279,0.000007,0,1,1,0,1,1
21847099,,0,0.000021,279,0.000007,0,1,1,0,1,1
21835917,,0,0.000021,279,0.000007,0,1,1,0,1,1
21700224,,0,0.000021,279,0.000007,0,1,1,0,1,1
21589992,,0,0.000021,279,0.000007,0,1,1,0,1,1
21460236,,0,0.000021,279,0.000007,0,1,1,0,1,1
21342762,,0,0.000021,279,0.000007,0,1,1,0,1,1
21326910,,0,0.000021,279,0.000007,0,1,1,0,1,1
21305702,,0,0.000021,279,0.000007,0,1,1,0,1,1
21245904,,0,0.000021,279,0.000007,0,1,1,0,1,1
21036187,,0,0.000021,279,0.000007,0,1,1,0,1,1
20610384,,0,0.000021,279,0.000007,0,1,1,0,1,1
20598523,,0,0.000021,279,0.000007,0,1,1,0,1,1
20592161,,0,0.000021,279,0.000007,0,1,1,0,1,1
19933151,,0,0.000021,279,0.000007,0,1,1,0,1,1
19933150,,0,0.000021,279,0.000007,0,1,1,0,1,1
19602510,,0,0.000021,279,0.000007,0,1,1,0,1,1
19487567,,0,0.000021,279,0.000007,0,1,1,0,1,1
19269325,,0,0.000021,279,0.000007,0,1,1,0,1,1
18936172,,0,0.000021,279,0.000007,0,1,1,0,1,1
18675948,,0,0.000021,279,0.000007,0,1,1,0,1,1
18375895,,0.004042,0,140,0.000053,34,0,34,34,0,34
18376380,,0.001839,0,1,0.00002,5,0,5,5,0,5
22144401,,0,0.000035,1,0.000007,0,1,1,0,1,1
19846354,,0,0.000035,1,0.000007,0,1,1,0,1,1
27721470,,0,0.000011,279,0.000007,0,1,1,0,1,1
19292896,,0,0.000011,279,0.000007,0,1,1,0,1,1
27093921,,0,0.000006,35,0.000007,0,1,1,0,1,1
18379596,,0.000289,0,35,0.000022,6,0,6,6,0,6
25519510,,0,0.000038,35,0.000007,0,2,2,0,2,2
18381935,,0.000559,0,1,0.000026,5,0,5,5,0,5
21150326,,0,0.000011,1,0.000007,0,1,1,0,1,1
18384426,,0.000806,0,231,0.00002,8,0,8,8,0,8
29434792,,0,0.000015,231,0.000007,0,1,1,0,1,1
25903059,,0,0.000223,231,0.000007,0,2,2,0,2,2
24338635,,0,0.000017,5,0.000007,0,2,2,0,2,2
23763537,,0,0.000017,5,0.000007,0,2,2,0,2,2
19129267,,0,0.000004,5,0.000007,0,1,1,0,1,1
30035173,,0,0.000505,1,0.000007,0,1,1,0,1,1
29959327,,0,0.001973,1,0.000007,0,4,4,0,4,4
29348461,,0,0.000505,1,0.000007,0,1,1,0,1,1
28596978,,0,0.000505,1,0.000007,0,1,1,0,1,1
28092680,,0,0.000505,1,0.000007,0,1,1,0,1,1
27917404,,0,0.000505,1,0.000007,0,1,1,0,1,1
27406233,,0,0.000505,1,0.000007,0,1,1,0,1,1
26608097,,0,0.000505,1,0.000007,0,1,1,0,1,1
26516187,,0,0.000505,1,0.000007,0,1,1,0,1,1
26237679,,0,0.000505,1,0.000007,0,1,1,0,1,1
25886061,,0,0.00098,1,0.000007,0,3,3,0,3,3
25733866,,0,0.001248,1,0.000007,0,4,4,0,4,4
25673854,,0,0.000505,1,0.000007,0,1,1,0,1,1
25604826,,0,0.000505,1,0.000007,0,1,1,0,1,1
25500906,,0,0.000505,1,0.000007,0,1,1,0,1,1
25331900,,0,0.000505,1,0.000007,0,1,1,0,1,1
25216638,,0,0.000505,1,0.000007,0,1,1,0,1,1
25193464,,0,0.000505,1,0.000007,0,1,1,0,1,1
25091469,,0,0.000505,1,0.000007,0,1,1,0,1,1
24952721,,0,0.000505,1,0.000007,0,1,1,0,1,1
24838331,,0,0.007221,1,0.000007,0,3,3,0,3,3
24632590,,0,0.007649,1,0.000007,0,4,4,0,4,4
24037788,,0,0.007941,69,0.000007,0,2,2,0,2,2
23824739,,0,0.000505,1,0.000007,0,1,1,0,1,1
23752180,,0,0.000592,35,0.000007,0,2,2,0,2,2
23744832,,0,0.000505,1,0.000007,0,1,1,0,1,1
22987154,,0,0.000505,1,0.000007,0,1,1,0,1,1
22683780,,0,0.000505,1,0.000007,0,1,1,0,1,1
22503772,,0,0.000505,1,0.000007,0,1,1,0,1,1
22403547,,0,0.000505,1,0.000007,0,1,1,0,1,1
21289309,,0,0.000505,1,0.000007,0,1,1,0,1,1
20427703,,0,0.000505,1,0.000007,0,1,1,0,1,1
20189989,,0,0.000505,1,0.000007,0,1,1,0,1,1
20179196,,0,0.000592,35,0.000007,0,2,2,0,2,2
20080862,,0,0.000505,1,0.000007,0,1,1,0,1,1
19951140,,0,0.000505,1,0.000007,0,1,1,0,1,1
19282972,,0,0.000505,1,0.000007,0,1,1,0,1,1
18927583,,0,0.000505,1,0.000007,0,1,1,0,1,1
30132047,,0,0.000004,90,0.000007,0,2,2,0,2,2
28148690,,0,0.000004,90,0.000007,0,1,1,0,1,1
28132885,,0,0.000004,90,0.000007,0,1,1,0,1,1
27723080,,0,0.000004,90,0.000007,0,2,2,0,2,2
27677719,,0,0.000007,241,0.000007,0,2,2,0,2,2
26759578,,0,0.000004,90,0.000007,0,1,1,0,1,1
26649142,,0,0.000049,90,0.000007,0,2,2,0,2,2
25554385,,0,0.000006,90,0.000007,0,2,2,0,2,2
25550834,,0,0.000007,90,0.000007,0,2,2,0,2,2
23525324,,0,0.000004,90,0.000007,0,1,1,0,1,1
23274117,,0,0.000004,241,0.000007,0,2,2,0,2,2
22536432,,0,0.000004,90,0.000007,0,1,1,0,1,1
22300613,,0,0.000004,90,0.000007,0,1,1,0,1,1
21176178,,0,0.000004,90,0.000007,0,2,2,0,2,2
21152017,,0,0.000004,90,0.000007,0,1,1,0,1,1
20972418,,0,0.000004,90,0.000007,0,1,1,0,1,1
20877680,,0,0.000004,90,0.000007,0,1,1,0,1,1
20622972,,0,0.000004,90,0.000007,0,1,1,0,1,1
20484550,,0,0.000004,90,0.000007,0,1,1,0,1,1
20392880,,0,0.000004,90,0.000007,0,1,1,0,1,1
20347861,,0,0.000004,90,0.000007,0,1,1,0,1,1
20173308,,0,0.000004,90,0.000007,0,1,1,0,1,1
18843590,,0,0.000004,90,0.000007,0,1,1,0,1,1
18793434,,0,0.000004,90,0.000007,0,1,1,0,1,1
18669593,,0,0.000004,90,0.000007,0,1,1,0,1,1
18392852,,0.000754,0,35,0.000008,2,0,2,2,0,2
26680231,,0,0.000007,35,0.000007,0,1,1,0,1,1
26349457,,0,0.000007,35,0.000007,0,1,1,0,1,1
22203785,,0,0.000007,35,0.000007,0,1,1,0,1,1
22046485,,0,0.00012,35,0.000007,0,2,2,0,2,2
20692200,,0,0.000007,35,0.000007,0,1,1,0,1,1
22900193,,0,0,89,0.000007,0,1,1,0,1,1
18400253,,0.006095,0,279,0.000092,41,0,41,41,0,41
24633084,,0,0.000116,279,0.000007,0,1,1,0,1,1
23472150,,0,0.007552,69,0.000007,0,2,2,0,2,2
22121480,,0,0.000116,279,0.000007,0,1,1,0,1,1
30309383,,0,0.000002,231,0.000007,0,2,2,0,2,2
23620777,,0,0.000006,231,0.000007,0,3,3,0,3,3
21808882,,0,0,231,0.000007,0,1,1,0,1,1
28903417,,0,0.000043,24,0.000007,0,1,1,0,1,1
26180747,,0.000012,0.000056,24,0.000008,1,2,3,1,2,3
23517622,,0.000015,0.000208,24,0.000042,8,4,12,8,4,12
21781349,,0,0.000084,279,0.000007,0,3,3,0,3,3
21545721,,0,0.000043,24,0.000007,0,1,1,0,1,1
21029414,,0,0.000043,24,0.000007,0,1,1,0,1,1
29099791,,0,0.000004,89,0.000007,0,1,1,0,1,1
18403564,,0.000232,0,89,0.000085,19,0,19,19,0,19
25932046,,0,0.000004,89,0.000007,0,1,1,0,1,1
23252704,,0,0.000004,89,0.000007,0,1,1,0,1,1
23226247,,0,0.000004,89,0.000007,0,1,1,0,1,1
22363772,,0,0.000004,89,0.000007,0,1,1,0,1,1
22194806,,0,0.000004,89,0.000007,0,1,1,0,1,1
21980484,,0,0.000074,89,0.000007,0,3,3,0,3,3
21354058,,0,0.000004,89,0.000007,0,1,1,0,1,1
19815609,,0,0.000004,89,0.000007,0,1,1,0,1,1
19644020,,0,0.000004,89,0.000007,0,1,1,0,1,1
19284587,,0,0.000004,89,0.000007,0,1,1,0,1,1
19196999,,0,0.000009,89,0.000007,0,2,2,0,2,2
25288324,,0,0.000075,66,0.000007,0,3,3,0,3,3
30224719,,0,0.000213,82,0.000007,0,3,3,0,3,3
18406820,,0.000007,0,82,0.000068,12,0,12,12,0,12
29246152,,0,0,82,0.000007,0,1,1,0,1,1
28466007,,0,0,82,0.000007,0,1,1,0,1,1
27218886,,0,0.000019,82,0.000007,0,3,3,0,3,3
26251919,,0,0,82,0.000007,0,1,1,0,1,1
25057307,,0,0,82,0.000007,0,1,1,0,1,1
22866102,,0,0,82,0.000007,0,1,1,0,1,1
21267453,,0,0,82,0.000007,0,1,1,0,1,1
20308691,,0,0,82,0.000007,0,1,1,0,1,1
18984578,,0,0,82,0.000007,0,1,1,0,1,1
10811891,,0,0,82,0.000007,0,1,1,0,1,1
18406868,,0.000481,0,35,0.000017,6,0,6,6,0,6
27378229,,0,0.000006,5,0.000007,0,1,1,0,1,1
18410217,,0.000161,0,5,0.000012,7,0,7,7,0,7
18413372,,0.003114,0,5,0.000022,23,0,23,23,0,23
18413374,,0.004459,0,5,0.000043,36,0,36,36,0,36
29522117,,0,0.001331,1,0.000007,0,3,3,0,3,3
28356425,,0.002995,0.012841,1,0.000011,7,20,27,7,20,27
28082821,,0,0.005932,1,0.000007,0,7,7,0,7,7
26929734,,0,0.014281,1,0.000007,0,13,13,0,13,13
25537512,,0,0.008619,69,0.000007,0,2,2,0,2,2
21939554,,0,0.001337,1,0.000007,0,3,3,0,3,3
20030863,,0,0.001335,1,0.000007,0,2,2,0,2,2
19805003,,0,0.008022,1,0.000007,0,4,4,0,4,4
18414782,,0.001938,0,100,0.000036,12,0,12,12,0,12
23327800,,0,0.00006,89,0.000007,0,2,2,0,2,2
18415014,,0.000294,0,89,0.000028,9,0,9,9,0,9
21335511,,0,0.000006,89,0.000007,0,1,1,0,1,1
20106900,,0,0.000006,89,0.000007,0,1,1,0,1,1
18416054,,0.000117,0,89,0.000008,2,0,2,2,0,2
18417966,,0,0,5,0.000016,2,0,2,2,0,2
21884369,,0,0,5,0.000007,0,1,1,0,1,1
30206212,,0,0.000112,1,0.000007,0,1,1,0,1,1
18418074,,0.005855,0,1,0.00017,53,0,53,53,0,53
29963152,,0,0.000112,1,0.000007,0,1,1,0,1,1
28935272,,0,0.000298,1,0.000007,0,2,2,0,2,2
28371273,,0,0.000112,1,0.000007,0,1,1,0,1,1
28367073,,0,0.00012,1,0.000007,0,2,2,0,2,2
27566247,,0,0.003528,1,0.000007,0,2,2,0,2,2
27478321,,0,0.000115,24,0.000007,0,3,3,0,3,3
27007906,,0,0.000112,1,0.000007,0,1,1,0,1,1
26966728,,0,0.000112,69,0.000007,0,2,2,0,2,2
26530471,,0,0.000843,1,0.000007,0,2,2,0,2,2
26205780,,0,0.000112,176,0.000007,0,2,2,0,2,2
25192075,,0,0.000112,1,0.000007,0,1,1,0,1,1
24345332,,0,0.000112,1,0.000007,0,1,1,0,1,1
23806108,,0,0.000112,1,0.000007,0,1,1,0,1,1
23554878,,0,0.000198,1,0.000007,0,2,2,0,2,2
23287530,,0,0.000112,1,0.000007,0,1,1,0,1,1
22724067,,0,0.000137,1,0.000007,0,3,3,0,3,3
22071691,,0,0.000112,1,0.000007,0,1,1,0,1,1
22032417,,0,0.000112,1,0.000007,0,1,1,0,1,1
21743489,,0,0.000112,1,0.000007,0,1,1,0,1,1
21364680,,0,0.000112,1,0.000007,0,1,1,0,1,1
20959455,,0,0.000112,1,0.000007,0,1,1,0,1,1
20947470,,0,0.000112,1,0.000007,0,1,1,0,1,1
20442315,,0,0.000112,1,0.000007,0,1,1,0,1,1
20368438,,0,0.000112,1,0.000007,0,1,1,0,1,1
29973277,,0,0.000038,140,0.000007,0,1,1,0,1,1
18424508,,0.001994,0,140,0.000077,38,0,38,38,0,38
29300302,,0,0.000074,140,0.000007,0,4,4,0,4,4
28013382,,0,0.000038,140,0.000007,0,2,2,0,2,2
27834932,,0,0.000048,140,0.000007,0,2,2,0,2,2
25757501,,0,0.000038,140,0.000007,0,1,1,0,1,1
25108461,,0,0.007474,69,0.000007,0,2,2,0,2,2
25066652,,0,0.000038,140,0.000007,0,1,1,0,1,1
24267658,,0,0.000038,140,0.000007,0,1,1,0,1,1
24090359,,0,0.000057,140,0.000007,0,2,2,0,2,2
23169495,,0,0.000071,140,0.000007,0,3,3,0,3,3
22855342,,0,0.00011,140,0.000007,0,2,2,0,2,2
22479503,,0,0.000039,66,0.000007,0,2,2,0,2,2
18429825,,0.000086,0,89,0.000007,1,0,1,1,0,1
18431737,,0.00176,0,89,0.000016,11,0,11,11,0,11
22665139,,0,0.000043,89,0.000007,0,2,2,0,2,2
22369572,,0,0.000005,231,0.000007,0,1,1,0,1,1
18434071,,0.000976,0,5,0.000009,3,0,3,3,0,3
18439106,,0.000874,0,89,0.000008,6,0,6,6,0,6
18439109,,0.000932,0,205,0.000011,4,0,4,4,0,4
28912690,,0,0.000142,100,0.000007,0,1,1,0,1,1
20637515,,0,0.000142,100,0.000007,0,1,1,0,1,1
27602752,,0,0.000016,100,0.000007,0,1,1,0,1,1
23050241,,0,0.00013,367,0.000007,0,3,3,0,3,3
22174650,,0,0.000016,100,0.000007,0,1,1,0,1,1
18445692,,0.001138,0,89,0.000043,16,0,16,16,0,16
24281110,,0,0.000022,89,0.000007,0,1,1,0,1,1
18446436,,0.002472,0,100,0.000032,22,0,22,22,0,22
26489409,,0,0.002059,100,0.000007,0,15,15,0,15,15
25503501,,0.003453,0.009153,205,0.000035,32,15,47,32,15,47
18446624,,0.000044,0,89,0.000013,3,0,3,3,0,3
25037667,,0,0.000001,5,0.000007,0,1,1,0,1,1
24454502,,0,0.000001,5,0.000007,0,1,1,0,1,1
23625025,,0,0.000001,5,0.000007,0,1,1,0,1,1
21496245,,0,0.000001,5,0.000007,0,1,1,0,1,1
19515245,,0,0.000001,5,0.000007,0,1,1,0,1,1
19423520,,0,0.000001,5,0.000007,0,1,1,0,1,1
18449940,,0.000022,0,5,0.000019,5,0,5,5,0,5
25977121,,0,0,5,0.000007,0,1,1,0,1,1
18451254,,0.003596,0,231,0.000085,24,0,24,24,0,24
26488006,,0.000055,0.000019,205,0.000071,13,2,15,13,2,15
18452857,,0,0,205,0.000049,3,0,3,3,0,3
23046018,,0,0,205,0.000007,0,1,1,0,1,1
20064244,,0,0,205,0.000007,0,1,1,0,1,1
24285302,,0,0,140,0.000007,0,1,1,0,1,1
18453091,,0.000004,0,140,0.000016,2,0,2,2,0,2
28863191,,0,0.000001,35,0.000007,0,1,1,0,1,1
18454046,,0.000062,0,35,0.000029,5,0,5,5,0,5
23181218,,0,0.000001,35,0.000007,0,1,1,0,1,1
22294330,,0,0.000001,35,0.000007,0,1,1,0,1,1
30211678,,0,0.000065,5,0.000007,0,1,1,0,1,1
18458280,,0.003384,0,5,0.000247,89,0,89,89,0,89
29768474,,0,0.000065,5,0.000007,0,1,1,0,1,1
29649266,,0,0.000065,5,0.000007,0,1,1,0,1,1
29616496,,0,0.000065,5,0.000007,0,1,1,0,1,1
29190656,,0,0.000065,5,0.000007,0,1,1,0,1,1
28582633,,0,0.000065,5,0.000007,0,1,1,0,1,1
28544159,,0,0.000065,5,0.000007,0,1,1,0,1,1
28217652,,0,0.000067,198,0.000007,0,2,2,0,2,2
27766710,,0,0.000065,5,0.000007,0,2,2,0,2,2
27482715,,0,0.000065,5,0.000007,0,1,1,0,1,1
27376457,,0,0.000065,5,0.000007,0,1,1,0,1,1
26984430,,0,0.000065,204,0.000007,0,2,2,0,2,2
26853508,,0,0.000065,5,0.000007,0,1,1,0,1,1
26571215,,0,0.000298,5,0.000007,0,8,8,0,8,8
26371145,,0,0.000065,5,0.000007,0,1,1,0,1,1
26181021,,0,0.000065,5,0.000007,0,1,1,0,1,1
26056841,,0,0.000065,5,0.000007,0,1,1,0,1,1
26002130,,0,0.000109,5,0.000007,0,4,4,0,4,4
25549209,,0,0.000065,5,0.000007,0,1,1,0,1,1
24958139,,0,0.000065,5,0.000007,0,1,1,0,1,1
24815363,,0,0.000065,5,0.000007,0,1,1,0,1,1
24787571,,0,0.000065,5,0.000007,0,1,1,0,1,1
24772216,,0,0.000065,5,0.000007,0,1,1,0,1,1
24743001,,0,0.000065,5,0.000007,0,1,1,0,1,1
24439327,,0,0.000065,5,0.000007,0,1,1,0,1,1
24390271,,0,0.000065,5,0.000007,0,1,1,0,1,1
23722972,,0,0.000065,5,0.000007,0,1,1,0,1,1
22853049,,0,0.000065,5,0.000007,0,1,1,0,1,1
22802387,,0,0.000065,5,0.000007,0,1,1,0,1,1
21962476,,0,0.000065,5,0.000007,0,1,1,0,1,1
21750294,,0,0.000065,5,0.000007,0,1,1,0,1,1
21658724,,0,0.000065,279,0.000007,0,2,2,0,2,2
19341448,,0,0.000065,5,0.000007,0,1,1,0,1,1
18459563,,0.00093,0,5,0.000008,2,0,2,2,0,2
29734696,,0,0.000085,35,0.000007,0,2,2,0,2,2
29666189,,0,0.000172,35,0.000007,0,2,2,0,2,2
26968831,,0,0.000125,35,0.000007,0,2,2,0,2,2
25597396,,0,0.000011,35,0.000007,0,1,1,0,1,1
24093054,,0,0.000011,35,0.000007,0,1,1,0,1,1
22796941,,0,0.000011,35,0.000007,0,1,1,0,1,1
22693526,,0,0.000125,35,0.000007,0,2,2,0,2,2
21934687,,0,0.000125,35,0.000007,0,2,2,0,2,2
21640330,,0,0.000011,35,0.000007,0,1,1,0,1,1
21317983,,0,0.000125,35,0.000007,0,2,2,0,2,2
20228222,,0,0.000011,35,0.000007,0,1,1,0,1,1
19048122,,0,0.000011,35,0.000007,0,1,1,0,1,1
18463975,,0.000118,0,231,0.000041,10,0,10,10,0,10
25379943,,0,0.000002,231,0.000007,0,1,1,0,1,1
25251416,,0,0.000002,231,0.000007,0,1,1,0,1,1
24860592,,0,0.000002,231,0.000007,0,1,1,0,1,1
21658281,,0,0.000002,231,0.000007,0,1,1,0,1,1
18465347,,0.000821,0,89,0.000021,8,0,8,8,0,8
18467728,,0.000932,0,5,0.000018,10,0,10,10,0,10
25532824,,0,0.000024,5,0.000007,0,3,3,0,3,3
18473729,,0.003558,0,1,0.000072,23,0,23,23,0,23
27170370,,0,0.000088,100,0.000007,0,2,2,0,2,2
22294094,,0,0.000068,1,0.000007,0,1,1,0,1,1
20221259,,0,0.000068,1,0.000007,0,1,1,0,1,1
26183163,,0,0.000004,100,0.000007,0,1,1,0,1,1
24316006,,0,0.000004,100,0.000007,0,1,1,0,1,1
19959677,,0,0.000004,100,0.000007,0,1,1,0,1,1
19937795,,0,0.000004,100,0.000007,0,1,1,0,1,1
18481164,,0.000276,0,5,0.00001,6,0,6,6,0,6
18481171,,0.000324,0,100,0.000011,6,0,6,6,0,6
18481196,,0.000204,0,140,0.000027,7,0,7,7,0,7
25963852,,0,0.000004,140,0.000007,0,1,1,0,1,1
24935963,,0,0.000004,140,0.000007,0,1,1,0,1,1
27399778,,0,0.000013,100,0.000007,0,1,1,0,1,1
24648348,,0,0.000337,1,0.000007,0,2,2,0,2,2
21852385,,0,0.000013,100,0.000007,0,1,1,0,1,1
23008246,,0,0.000008,5,0.000007,0,1,1,0,1,1
19587089,,0,0.000008,5,0.000007,0,1,1,0,1,1
18483852,,0.001551,0,100,0.000014,14,0,14,14,0,14
28866426,,0,0.000005,48,0.000007,0,1,1,0,1,1
27326762,,0,0.000005,48,0.000007,0,1,1,0,1,1
27273097,,0,0.000005,48,0.000007,0,1,1,0,1,1
27117253,,0,0.000005,48,0.000007,0,1,1,0,1,1
25923201,,0,0.000005,48,0.000007,0,1,1,0,1,1
25117432,,0,0.000005,48,0.000007,0,1,1,0,1,1
24858620,,0,0.000005,48,0.000007,0,1,1,0,1,1
24350810,,0,0.000005,48,0.000007,0,1,1,0,1,1
24206562,,0,0.000005,48,0.000007,0,1,1,0,1,1
24043826,,0,0.000005,48,0.000007,0,1,1,0,1,1
23220619,,0,0.000005,48,0.000007,0,1,1,0,1,1
23108542,,0,0.000005,48,0.000007,0,1,1,0,1,1
23056537,,0,0.000005,48,0.000007,0,1,1,0,1,1
22897824,,0,0.000005,48,0.000007,0,1,1,0,1,1
22843821,,0,0.000005,48,0.000007,0,1,1,0,1,1
22748121,,0,0.000005,48,0.000007,0,1,1,0,1,1
22593077,,0,0.000005,48,0.000007,0,1,1,0,1,1
22346764,,0,0.000005,48,0.000007,0,1,1,0,1,1
22312338,,0,0.000005,48,0.000007,0,1,1,0,1,1
22311661,,0,0.000005,48,0.000007,0,1,1,0,1,1
22300318,,0,0.000005,48,0.000007,0,1,1,0,1,1
22235275,,0,0.000005,48,0.000007,0,1,1,0,1,1
21993955,,0,0.000005,48,0.000007,0,1,1,0,1,1
21931637,,0,0.000005,48,0.000007,0,1,1,0,1,1
21917719,,0,0.000005,48,0.000007,0,1,1,0,1,1
21757242,,0,0.000005,48,0.000007,0,1,1,0,1,1
21752875,,0,0.000005,48,0.000007,0,1,1,0,1,1
21613983,,0,0.000005,48,0.000007,0,1,1,0,1,1
21594272,,0,0.000005,48,0.000007,0,1,1,0,1,1
21307269,,0,0.000005,48,0.000007,0,1,1,0,1,1
21158738,,0,0.000005,48,0.000007,0,1,1,0,1,1
21143896,,0,0.000005,48,0.000007,0,1,1,0,1,1
20962221,,0,0.000005,48,0.000007,0,1,1,0,1,1
20890967,,0,0.000005,48,0.000007,0,1,1,0,1,1
20687179,,0,0.000005,48,0.000007,0,1,1,0,1,1
20463853,,0,0.000005,48,0.000007,0,1,1,0,1,1
20406493,,0,0.000005,48,0.000007,0,1,1,0,1,1
20300102,,0,0.000005,48,0.000007,0,1,1,0,1,1
20233927,,0,0.000005,48,0.000007,0,1,1,0,1,1
20223837,,0,0.000005,48,0.000007,0,1,1,0,1,1
20061351,,0,0.000005,48,0.000007,0,1,1,0,1,1
19861414,,0,0.000005,48,0.000007,0,1,1,0,1,1
19738627,,0,0.000005,48,0.000007,0,1,1,0,1,1
19648136,,0,0.000005,48,0.000007,0,1,1,0,1,1
19562802,,0,0.000005,48,0.000007,0,1,1,0,1,1
19553465,,0,0.000005,48,0.000007,0,1,1,0,1,1
19401593,,0,0.000005,48,0.000007,0,1,1,0,1,1
19348631,,0,0.000005,48,0.000007,0,1,1,0,1,1
19155528,,0,0.000005,48,0.000007,0,1,1,0,1,1
19045817,,0,0.000005,48,0.000007,0,1,1,0,1,1
18987212,,0,0.000005,48,0.000007,0,1,1,0,1,1
18940806,,0,0.000005,48,0.000007,0,1,1,0,1,1
18815127,,0,0.000005,48,0.000007,0,1,1,0,1,1
18801434,,0,0.000005,48,0.000007,0,1,1,0,1,1
30425310,,0,0.000426,35,0.000007,0,1,1,0,1,1
18487574,,0.022358,0,35,0.000698,236,0,236,236,0,236
30367042,,0,0.000426,35,0.000007,0,1,1,0,1,1
30226569,,0,0.000426,35,0.000007,0,1,1,0,1,1
30190333,,0,0.000426,35,0.000007,0,1,1,0,1,1
30082886,,0,0.000546,35,0.000007,0,5,5,0,5,5
30050079,,0,0.00044,35,0.000007,0,2,2,0,2,2
29899425,,0,0.000448,35,0.000007,0,2,2,0,2,2
29774072,,0,0.000426,35,0.000007,0,1,1,0,1,1
29728441,,0,0.000426,35,0.000007,0,1,1,0,1,1
29101386,,0,0.000432,35,0.000007,0,2,2,0,2,2
29088851,,0,0.000456,35,0.000007,0,2,2,0,2,2
29084368,,0,0.000426,35,0.000007,0,1,1,0,1,1
29066500,,0,0.000426,35,0.000007,0,1,1,0,1,1
28926338,,0,0.000426,35,0.000007,0,1,1,0,1,1
28695396,,0,0.000426,35,0.000007,0,1,1,0,1,1
28629477,,0,0.000563,35,0.000007,0,4,4,0,4,4
28337968,,0,0.000426,35,0.000007,0,1,1,0,1,1
28292037,,0,0.001165,35,0.000007,0,3,3,0,3,3
28270406,,0,0.00054,35,0.000007,0,2,2,0,2,2
28069798,,0,0.000687,35,0.000007,0,3,3,0,3,3
28053956,,0,0.002741,1,0.000007,0,13,13,0,13,13
27920576,,0,0.000463,231,0.000007,0,3,3,0,3,3
27589846,,0,0.000566,35,0.000007,0,2,2,0,2,2
27569656,,0,0.000426,35,0.000007,0,1,1,0,1,1
27526321,,0,0.000443,35,0.000007,0,2,2,0,2,2
27433412,,0,0.000426,35,0.000007,0,1,1,0,1,1
27207651,,0,0.000426,35,0.000007,0,1,1,0,1,1
26992203,,0,0.000426,35,0.000007,0,1,1,0,1,1
26989346,,0,0.000426,35,0.000007,0,1,1,0,1,1
26942015,,0,0.000432,35,0.000007,0,2,2,0,2,2
26828520,,0,0.000426,35,0.000007,0,1,1,0,1,1
26797452,,0,0.000426,35,0.000007,0,1,1,0,1,1
26759242,,0,0.000792,35,0.000007,0,3,3,0,3,3
26657294,,0,0.000427,35,0.000007,0,2,2,0,2,2
26565916,,0,0.00054,35,0.000007,0,2,2,0,2,2
26561834,,0,0.000814,35,0.000007,0,3,3,0,3,3
26384399,,0,0.000426,35,0.000007,0,1,1,0,1,1
26273414,,0,0.000426,35,0.000007,0,1,1,0,1,1
26121317,,0,0.007862,35,0.000007,0,2,2,0,2,2
26070602,,0,0.000971,35,0.000007,0,2,2,0,2,2
26046791,,0,0.000426,35,0.000007,0,1,1,0,1,1
26041837,,0,0.000426,35,0.000007,0,1,1,0,1,1
25482942,,0,0.000426,35,0.000007,0,1,1,0,1,1
25445919,,0,0.00054,35,0.000007,0,2,2,0,2,2
25408768,,0,0.000426,35,0.000007,0,1,1,0,1,1
25124473,,0,0.000465,279,0.000007,0,3,3,0,3,3
25087729,,0,0.000426,35,0.000007,0,1,1,0,1,1
25065564,,0,0.000426,35,0.000007,0,1,1,0,1,1
25013435,,0,0.000504,35,0.000007,0,2,2,0,2,2
25012653,,0,0.000978,35,0.000007,0,3,3,0,3,3
24949432,,0,0.000426,35,0.000007,0,1,1,0,1,1
24883070,,0,0.000426,35,0.000007,0,1,1,0,1,1
24658685,,0,0.000426,35,0.000007,0,1,1,0,1,1
24525235,,0,0.000426,35,0.000007,0,1,1,0,1,1
24520177,,0,0.008407,35,0.000007,0,3,3,0,3,3
24223763,,0,0.000426,35,0.000007,0,1,1,0,1,1
24083491,,0,0.000436,35,0.000007,0,2,2,0,2,2
23856251,,0,0.000426,35,0.000007,0,1,1,0,1,1
23810431,,0,0.000426,35,0.000007,0,1,1,0,1,1
23113927,,0,0.000426,35,0.000007,0,1,1,0,1,1
22584435,,0,0.000426,35,0.000007,0,1,1,0,1,1
22555942,,0,0.000507,35,0.000007,0,2,2,0,2,2
22418702,,0,0.000426,35,0.000007,0,1,1,0,1,1
22172159,,0,0.000426,35,0.000007,0,1,1,0,1,1
21978456,,0,0.000685,35,0.000007,0,2,2,0,2,2
21969591,,0,0.001377,35,0.000007,0,4,4,0,4,4
21873240,,0,0.000426,35,0.000007,0,1,1,0,1,1
21871129,,0,0.000426,35,0.000007,0,1,1,0,1,1
21521526,,0,0.000426,35,0.000007,0,1,1,0,1,1
21496280,,0,0.000426,35,0.000007,0,1,1,0,1,1
21453503,,0,0.000426,35,0.000007,0,1,1,0,1,1
21345283,,0,0.001699,205,0.000007,0,3,3,0,3,3
20604919,,0,0.000616,35,0.000007,0,3,3,0,3,3
20603614,,0,0.000426,35,0.000007,0,1,1,0,1,1
20457354,,0,0.000426,35,0.000007,0,1,1,0,1,1
20228812,,0,0.000426,35,0.000007,0,1,1,0,1,1
20195492,,0,0.000426,35,0.000007,0,1,1,0,1,1
19853943,,0,0.000426,35,0.000007,0,1,1,0,1,1
19794912,,0,0.000426,35,0.000007,0,1,1,0,1,1
19491255,,0,0.000426,35,0.000007,0,1,1,0,1,1
18279542,,0,0.000426,35,0.000007,0,1,1,0,1,1
18489882,,0.00001,0,89,0.000008,1,0,1,1,0,1
18491400,,0.001432,0,1,0.000019,7,0,7,7,0,7
26692152,,0.000427,0.001482,176,0.000046,12,10,22,12,10,22
26618143,,0,0.000137,100,0.000007,0,3,3,0,3,3
30410870,,0,0.002246,100,0.000007,0,14,14,0,14,14
18493658,,0.000644,0,140,0.000039,10,0,10,10,0,10
29334187,,0,0.000012,140,0.000007,0,1,1,0,1,1
29158476,,0,0.000012,140,0.000007,0,1,1,0,1,1
28690601,,0,0.000012,140,0.000007,0,1,1,0,1,1
26492083,,0,0.000012,140,0.000007,0,1,1,0,1,1
19472338,,0,0.000012,140,0.000007,0,1,1,0,1,1
23717534,,0,0,170,0.000007,0,1,1,0,1,1
18497044,,0,0,170,0.000025,3,0,3,3,0,3
23369183,,0,0,170,0.000007,0,1,1,0,1,1
21713035,,0,0,170,0.000007,0,1,1,0,1,1
27171182,,0,0.000028,140,0.000007,0,1,1,0,1,1
20038569,,0,0.000028,140,0.000007,0,1,1,0,1,1
18500671,,0.000489,0,89,0.00003,7,0,7,7,0,7
24174545,,0,0.000012,89,0.000007,0,2,2,0,2,2
23812980,,0,0.000009,89,0.000007,0,1,1,0,1,1
21493780,,0,0.000012,89,0.000007,0,2,2,0,2,2
21487450,,0,0,171,0.000007,0,1,1,0,1,1
18500673,,0,0,171,0.000019,2,0,2,2,0,2
21212417,,0,0,171,0.000007,0,1,1,0,1,1
18501503,,0.000121,0,100,0.000009,1,0,1,1,0,1
30131069,,0,0.000039,69,0.000007,0,1,1,0,1,1
28976942,,0,0.000039,69,0.000007,0,1,1,0,1,1
26883919,,0,0.000202,69,0.000007,0,2,2,0,2,2
26861753,,0,0.007475,69,0.000007,0,2,2,0,2,2
24860781,,0,0.007585,69,0.000007,0,3,3,0,3,3
24220695,,0,0.000039,69,0.000007,0,1,1,0,1,1
20942967,,0,0.000039,69,0.000007,0,1,1,0,1,1
20689764,,0,0.000039,69,0.000007,0,1,1,0,1,1
19366455,,0,0.000039,69,0.000007,0,1,1,0,1,1
18508631,,0.001156,0,100,0.000055,19,0,19,19,0,19
21124763,,0,0.000022,100,0.000007,0,1,1,0,1,1
20021668,,0,0.000022,100,0.000007,0,1,1,0,1,1
19852836,,0,0.000022,100,0.000007,0,1,1,0,1,1
19596089,,0,0.000022,100,0.000007,0,1,1,0,1,1
18509731,,0.000366,0,5,0.000037,11,0,11,11,0,11
22773825,,0,0.000007,5,0.000007,0,1,1,0,1,1
22773824,,0,0.000007,5,0.000007,0,1,1,0,1,1
22549713,,0,0.000007,5,0.000007,0,1,1,0,1,1
21048442,,0,0.000056,5,0.000007,0,2,2,0,2,2
30211214,,0,0.000017,205,0.000007,0,3,3,0,3,3
18510707,,0.000018,0,205,0.000042,8,0,8,8,0,8
28264974,,0,0,205,0.000007,0,1,1,0,1,1
28162975,,0,0,205,0.000007,0,1,1,0,1,1
27990160,,0,0,205,0.000007,0,1,1,0,1,1
25608029,,0,0,205,0.000007,0,1,1,0,1,1
24846270,,0,0,205,0.000007,0,1,1,0,1,1
18512148,,0.001634,0,89,0.000016,17,0,17,17,0,17
28050010,,0,0.001436,205,0.000007,0,10,10,0,10,10
27759032,,0,0.000089,5,0.000007,0,1,1,0,1,1
26037256,,0.000036,0.000165,5,0.000007,1,9,10,1,9,10
25339628,,0,0.000575,231,0.000007,0,6,6,0,6,6
23468275,,0,0.009555,5,0.000007,0,8,8,0,8,8
23036231,,0.000016,0.000192,205,0.0001,16,2,18,16,2,18
18514188,,0.000014,0,89,0.000024,4,0,4,4,0,4
28003845,,0,0.000115,89,0.000007,0,2,2,0,2,2
25364470,,0,0,89,0.000007,0,1,1,0,1,1
19025644,,0,0,89,0.000007,0,1,1,0,1,1
18515440,,0.000326,0,35,0.000023,5,0,5,5,0,5
23584710,,0.000001,0.000006,35,0.000009,1,1,2,1,1,2
30089770,,0,0.000036,5,0.000007,0,2,2,0,2,2
18516672,,0.001831,0,5,0.000057,21,0,21,21,0,21
28032495,,0,0.000035,5,0.000007,0,1,1,0,1,1
27005707,,0,0.000035,5,0.000007,0,1,1,0,1,1
25425969,,0,0.000035,5,0.000007,0,1,1,0,1,1
24313963,,0,0.000035,5,0.000007,0,1,1,0,1,1
24254317,,0,0.000035,5,0.000007,0,1,1,0,1,1
29475906,,0,0.000002,90,0.000007,0,1,1,0,1,1
27993842,,0,0.000013,5,0.000007,0,3,3,0,3,3
26221482,,0,0.000002,90,0.000007,0,1,1,0,1,1
25990440,,0,0.000002,90,0.000007,0,1,1,0,1,1
26699800,,0,0.000009,100,0.000007,0,1,1,0,1,1
26945992,,0,0.000041,279,0.000007,0,2,2,0,2,2
26671626,,0.000087,0.00003,279,0.000034,7,1,8,7,1,8
26407953,,0,0.000038,279,0.000007,0,2,2,0,2,2
24675476,,0.000211,0.000121,90,0.00003,10,10,20,10,10,20
22765268,,0.000012,0.000147,279,0.000059,17,4,21,17,4,21
21837480,,0,0.000058,279,0.000007,0,5,5,0,5,5
24891760,,0,0.000013,231,0.000007,0,1,1,0,1,1
18528753,,0.000239,0,89,0.000027,7,0,7,7,0,7
23790024,,0,0.000005,89,0.000007,0,1,1,0,1,1
21777424,,0,0.000005,89,0.000007,0,1,1,0,1,1
18538349,,0.000026,0,279,0.000011,3,0,3,3,0,3
18538561,,0.001211,0,35,0.000093,25,0,25,25,0,25
29137314,,0,0.000023,35,0.000007,0,1,1,0,1,1
27965437,,0,0.000023,35,0.000007,0,1,1,0,1,1
27835577,,0,0.000023,35,0.000007,0,1,1,0,1,1
27301701,,0,0.000023,35,0.000007,0,1,1,0,1,1
26919034,,0,0.000023,35,0.000007,0,1,1,0,1,1
26451490,,0,0.00031,35,0.000007,0,2,2,0,2,2
25852491,,0,0.000023,35,0.000007,0,1,1,0,1,1
25155268,,0,0.000023,35,0.000007,0,1,1,0,1,1
20025767,,0,0.000023,35,0.000007,0,1,1,0,1,1
18542031,,0.000577,0,35,0.000018,5,0,5,5,0,5
27936036,,0,0.000001,231,0.000007,0,1,1,0,1,1
23826324,,0,0.000001,231,0.000007,0,1,1,0,1,1
23594316,,0,0.000001,231,0.000007,0,1,1,0,1,1
22496977,,0,0.000001,231,0.000007,0,1,1,0,1,1
22310978,,0,0.000001,231,0.000007,0,1,1,0,1,1
19161404,,0,0.000001,231,0.000007,0,1,1,0,1,1
28317869,,0,0.000009,231,0.000007,0,1,1,0,1,1
18543099,,0.00045,0,231,0.000028,5,0,5,5,0,5
25824098,,0,0.000009,231,0.000007,0,1,1,0,1,1
21454826,,0,0.000009,231,0.000007,0,2,2,0,2,2
30108227,,0,0.000017,1,0.000007,0,1,1,0,1,1
29264190,,0,0.000017,1,0.000007,0,1,1,0,1,1
29063235,,0,0.000049,1,0.000007,0,2,2,0,2,2
26384969,,0,0.000017,1,0.000007,0,1,1,0,1,1
22970055,,0,0.00004,5,0.000007,0,2,2,0,2,2
20631828,,0,0.000017,1,0.000007,0,1,1,0,1,1
19949546,,0,0.000017,1,0.000007,0,1,1,0,1,1
18544032,,0.009181,0,231,0.000125,83,0,83,83,0,83
28487897,,0,0.000175,231,0.000007,0,1,1,0,1,1
27884173,,0,0.000175,231,0.000007,0,1,1,0,1,1
26348951,,0,0.000508,5,0.000007,0,6,6,0,6,6
24205004,,0,0.000175,231,0.000007,0,1,1,0,1,1
23185313,,0,0.000182,231,0.000007,0,3,3,0,3,3
21431873,,0,0.001673,100,0.000007,0,10,10,0,10,10
19264984,,0,0.000175,231,0.000007,0,1,1,0,1,1
18544963,,0.001937,0,35,0.000574,18,0,18,18,0,18
24886710,,0,0.000044,35,0.000007,0,2,2,0,2,2
23056335,,0,0.000037,35,0.000007,0,1,1,0,1,1
21699721,,0,0.000037,35,0.000007,0,1,1,0,1,1
20395448,,0,0.000037,35,0.000007,0,1,1,0,1,1
20098578,,0,0.000037,35,0.000007,0,1,1,0,1,1
22509323,,0,0.000004,100,0.000007,0,1,1,0,1,1
21230005,,0,0.000004,100,0.000007,0,1,1,0,1,1
18546071,,0.000826,0,89,0.000014,12,0,12,12,0,12
28846697,,0,0.000026,1,0.000007,0,1,1,0,1,1
18547621,,0.001368,0,1,0.000077,20,0,20,20,0,20
28205552,,0,0.000026,1,0.000007,0,1,1,0,1,1
28112582,,0,0.000026,1,0.000007,0,1,1,0,1,1
28052650,,0,0.000295,1,0.000007,0,3,3,0,3,3
27655386,,0,0.000267,1,0.000007,0,4,4,0,4,4
26440065,,0,0.000137,1,0.000007,0,2,2,0,2,2
26408297,,0,0.001735,1,0.000007,0,3,3,0,3,3
25962155,,0,0.007933,1,0.000025,3,8,11,3,8,11
25542024,,0,0.000026,1,0.000007,0,1,1,0,1,1
25209969,,0,0.000141,1,0.000007,0,2,2,0,2,2
25031714,,0,0.000026,1,0.000007,0,1,1,0,1,1
24857111,,0,0.007731,1,0.000007,0,4,4,0,4,4
22247967,,0,0.000026,1,0.000007,0,1,1,0,1,1
21754983,,0,0.000026,1,0.000007,0,1,1,0,1,1
26334176,,0,0.000062,5,0.000007,0,2,2,0,2,2
18558292,,0.001351,0,89,0.000012,13,0,13,13,0,13
30239174,,0,0.0004,35,0.000007,0,3,3,0,3,3
29896224,,0,0.000113,35,0.000007,0,1,1,0,1,1
29843115,,0,0.000113,35,0.000007,0,1,1,0,1,1
29739401,,0,0.000113,35,0.000007,0,1,1,0,1,1
29423076,,0,0.000113,35,0.000007,0,1,1,0,1,1
29416873,,0,0.000113,35,0.000007,0,1,1,0,1,1
29416796,,0,0.000113,35,0.000007,0,1,1,0,1,1
29123254,,0,0.000113,35,0.000007,0,1,1,0,1,1
28791489,,0,0.000114,82,0.000007,0,3,3,0,3,3
28778177,,0,0.000244,35,0.000007,0,3,3,0,3,3
28760736,,0,0.000113,35,0.000007,0,1,1,0,1,1
28690650,,0,0.000658,35,0.000007,0,2,2,0,2,2
28615226,,0,0.000113,35,0.000007,0,1,1,0,1,1
28445439,,0,0.000115,35,0.000007,0,2,2,0,2,2
28418843,,0,0.000113,35,0.000007,0,1,1,0,1,1
28392805,,0,0.000113,35,0.000007,0,1,1,0,1,1
28240233,,0,0.000113,35,0.000007,0,1,1,0,1,1
28199964,,0,0.000113,35,0.000007,0,1,1,0,1,1
28102845,,0,0.000113,35,0.000007,0,1,1,0,1,1
27994520,,0,0.000113,35,0.000007,0,1,1,0,1,1
27698848,,0,0.000113,35,0.000007,0,1,1,0,1,1
27539549,,0,0.000178,35,0.000007,0,2,2,0,2,2
27446423,,0,0.000277,35,0.000007,0,2,2,0,2,2
27259361,,0,0.000113,35,0.000007,0,1,1,0,1,1
27157614,,0,0.000113,35,0.000007,0,1,1,0,1,1
27115469,,0,0.000113,35,0.000007,0,1,1,0,1,1
27009862,,0,0.000113,35,0.000007,0,1,1,0,1,1
26980748,,0,0.000113,35,0.000007,0,1,1,0,1,1
26757880,,0,0.000113,35,0.000007,0,1,1,0,1,1
26695635,,0,0.000658,35,0.000007,0,2,2,0,2,2
26692764,,0,0.000148,35,0.000007,0,5,5,0,5,5
26609237,,0,0.000113,35,0.000007,0,1,1,0,1,1
26597277,,0,0.000113,35,0.000007,0,1,1,0,1,1
26556856,,0,0.000113,35,0.000007,0,1,1,0,1,1
26507575,,0,0.001064,35,0.000007,0,4,4,0,4,4
26472974,,0,0.000658,35,0.000007,0,2,2,0,2,2
26460951,,0,0.000258,35,0.000007,0,3,3,0,3,3
26444008,,0,0.000304,35,0.000007,0,2,2,0,2,2
26405647,,0,0.000113,35,0.000007,0,1,1,0,1,1
26387542,,0,0.000147,35,0.000007,0,3,3,0,3,3
26005638,,0,0.000183,35,0.000007,0,3,3,0,3,3
25658419,,0,0.001362,279,0.000007,0,6,6,0,6,6
25624778,,0,0.000113,35,0.000007,0,1,1,0,1,1
25550951,,0,0.000113,35,0.000007,0,1,1,0,1,1
25541438,,0,0.000113,35,0.000007,0,1,1,0,1,1
25535895,,0,0.000277,35,0.000007,0,2,2,0,2,2
25184276,,0,0.000113,35,0.000007,0,1,1,0,1,1
25173099,,0,0.000113,35,0.000007,0,1,1,0,1,1
24754246,,0,0.000113,35,0.000007,0,1,1,0,1,1
24550748,,0,0.000464,35,0.000007,0,3,3,0,3,3
24462293,,0,0.001116,35,0.000007,0,2,2,0,2,2
24448237,,0,0.00022,35,0.000007,0,2,2,0,2,2
24376586,,0,0.000113,35,0.000007,0,1,1,0,1,1
24297178,,0,0.000113,35,0.000007,0,1,1,0,1,1
24281098,,0,0.000113,35,0.000007,0,1,1,0,1,1
24229464,,0,0.000113,35,0.000007,0,1,1,0,1,1
24167614,,0,0.000113,35,0.000007,0,1,1,0,1,1
23955388,,0,0.000113,35,0.000007,0,1,1,0,1,1
23787917,,0,0.000113,35,0.000007,0,1,1,0,1,1
23574782,,0,0.000145,35,0.000007,0,3,3,0,3,3
23543868,,0,0.000114,35,0.000007,0,2,2,0,2,2
23474754,,0,0.000113,35,0.000007,0,1,1,0,1,1
23436775,,0,0.000114,35,0.000007,0,2,2,0,2,2
23419168,,0,0.000113,35,0.000007,0,1,1,0,1,1
23408105,,0,0.000113,35,0.000007,0,1,1,0,1,1
23334326,,0,0.000113,35,0.000007,0,1,1,0,1,1
23095640,,0,0.000124,66,0.000007,0,2,2,0,2,2
23091114,,0,0.000113,35,0.000007,0,1,1,0,1,1
23049880,,0,0.000113,35,0.000007,0,1,1,0,1,1
23028444,,0,0.000113,35,0.000007,0,1,1,0,1,1
22821401,,0,0.000658,35,0.000007,0,2,2,0,2,2
22766277,,0,0.000888,35,0.000007,0,6,6,0,6,6
22762532,,0,0.000113,35,0.000007,0,1,1,0,1,1
22751729,,0,0.000658,35,0.000007,0,2,2,0,2,2
22692575,,0,0.000113,35,0.000007,0,1,1,0,1,1
22314500,,0,0.000113,35,0.000007,0,1,1,0,1,1
22140428,,0,0.000113,35,0.000007,0,1,1,0,1,1
22112299,,0,0.000113,35,0.000007,0,1,1,0,1,1
21878538,,0,0.000113,35,0.000007,0,1,1,0,1,1
21824412,,0,0.000113,35,0.000007,0,1,1,0,1,1
21633165,,0,0.000113,35,0.000007,0,1,1,0,1,1
21559013,,0,0.000113,35,0.000007,0,1,1,0,1,1
21334874,,0,0.000113,35,0.000007,0,1,1,0,1,1
21326853,,0,0.00012,35,0.000007,0,2,2,0,2,2
20691079,,0,0.000658,35,0.000007,0,2,2,0,2,2
20665103,,0,0.000658,35,0.000007,0,2,2,0,2,2
20395444,,0,0.000113,35,0.000007,0,1,1,0,1,1
20103682,,0,0.000658,35,0.000007,0,2,2,0,2,2
20093480,,0,0.000113,35,0.000007,0,1,1,0,1,1
20074564,,0,0.000113,35,0.000007,0,1,1,0,1,1
20028757,,0,0.000114,35,0.000007,0,2,2,0,2,2
19906290,,0,0.000113,35,0.000007,0,1,1,0,1,1
19902354,,0,0.000113,35,0.000007,0,1,1,0,1,1
19887604,,0,0.000113,35,0.000007,0,1,1,0,1,1
19829710,,0,0.000113,35,0.000007,0,1,1,0,1,1
19666525,,0,0.000113,35,0.000007,0,1,1,0,1,1
19555472,,0,0.000114,35,0.000007,0,2,2,0,2,2
19439026,,0,0.000113,35,0.000007,0,1,1,0,1,1
19249645,,0,0.000113,35,0.000007,0,1,1,0,1,1
30328366,,0,0.000011,231,0.000007,0,1,1,0,1,1
18559551,,0.000561,0,231,0.000297,38,0,38,38,0,38
29074537,,0,0.000011,231,0.000007,0,2,2,0,2,2
27894089,,0,0.000011,231,0.000007,0,1,1,0,1,1
27572852,,0,0.000011,231,0.000016,2,1,3,2,1,3
27387683,,0,0.000011,231,0.000007,0,1,1,0,1,1
27353503,,0,0.000011,231,0.000007,0,1,1,0,1,1
26966378,,0,0.000014,231,0.000007,0,2,2,0,2,2
25937885,,0,0.000011,231,0.000007,0,1,1,0,1,1
25372392,,0,0.000011,231,0.000007,0,1,1,0,1,1
25007247,,0,0.000011,231,0.000007,0,1,1,0,1,1
24810280,,0,0.000011,231,0.000007,0,1,1,0,1,1
23808649,,0,0.000011,231,0.000007,0,1,1,0,1,1
23560875,,0,0.000011,231,0.000007,0,1,1,0,1,1
23280628,,0,0.000011,231,0.000007,0,1,1,0,1,1
22586488,,0,0.000011,231,0.000007,0,1,1,0,1,1
22546560,,0,0.000011,231,0.000007,0,1,1,0,1,1
21536720,,0,0.000011,231,0.000007,0,1,1,0,1,1
21504893,,0,0.000011,231,0.000007,0,1,1,0,1,1
21368918,,0,0.000011,231,0.000007,0,1,1,0,1,1
20584322,,0,0.000011,231,0.000007,0,1,1,0,1,1
20505004,,0,0.000011,231,0.000007,0,1,1,0,1,1
20484145,,0,0.000011,231,0.000007,0,1,1,0,1,1
20053841,,0,0.000095,231,0.000007,0,2,2,0,2,2
19560733,,0,0.000011,231,0.000007,0,1,1,0,1,1
19543377,,0,0.000011,231,0.000007,0,1,1,0,1,1
19318434,,0,0.000011,231,0.000007,0,1,1,0,1,1
18984625,,0,0.000011,231,0.000007,0,1,1,0,1,1
18559571,,0.000943,0,5,0.000011,5,0,5,5,0,5
18559594,,0.008633,0,1,0.000052,23,0,23,23,0,23
25537514,,0.000983,0.012907,1,0.000106,18,13,31,18,13,31
28339036,,0,0.000054,35,0.000007,0,1,1,0,1,1
25309874,,0,0.000054,35,0.000007,0,1,1,0,1,1
29719511,,0,0.000006,279,0.000007,0,2,2,0,2,2
18566573,,0.000005,0,279,0.000045,8,0,8,8,0,8
25997695,,0,0,279,0.000007,0,1,1,0,1,1
25340495,,0,0,279,0.000007,0,1,1,0,1,1
23894420,,0,0,279,0.000007,0,1,1,0,1,1
22276165,,0,0,279,0.000007,0,1,1,0,1,1
20489138,,0,0,279,0.000007,0,1,1,0,1,1
18567944,,0.003067,0,279,0.000048,20,0,20,20,0,20
27351130,,0,0.000058,279,0.000007,0,1,1,0,1,1
25741388,,0,0.000058,279,0.000007,0,1,1,0,1,1
30308971,,0,0.000005,248,0.000007,0,1,1,0,1,1
18573080,,0.000254,0,248,0.001669,288,0,288,288,0,288
30304819,,0,0.000005,248,0.000007,0,1,1,0,1,1
30250773,,0,0.000005,248,0.000007,0,1,1,0,1,1
30244692,,0,0.000005,248,0.000007,0,1,1,0,1,1
30096183,,0,0.000005,248,0.000007,0,1,1,0,1,1
30002402,,0,0.000005,248,0.000007,0,1,1,0,1,1
29925017,,0,0.000005,248,0.000007,0,1,1,0,1,1
29897236,,0,0.000005,248,0.000007,0,1,1,0,1,1
29782835,,0,0.000005,248,0.000007,0,1,1,0,1,1
29780404,,0,0.000005,248,0.000007,0,1,1,0,1,1
29717210,,0,0.000005,248,0.000007,0,1,1,0,1,1
29709613,,0,0.000005,248,0.000007,0,1,1,0,1,1
29663334,,0,0.000005,248,0.000007,0,1,1,0,1,1
29472250,,0,0.000005,248,0.000007,0,1,1,0,1,1
29439243,,0,0.000005,248,0.000007,0,1,1,0,1,1
29410458,,0,0.000005,248,0.000007,0,1,1,0,1,1
29319301,,0,0.000005,248,0.000007,0,1,1,0,1,1
29234887,,0,0.000005,248,0.000007,0,1,1,0,1,1
29230295,,0,0.000005,248,0.000007,0,1,1,0,1,1
29227178,,0,0.000005,248,0.000007,0,1,1,0,1,1
29186753,,0,0.000005,248,0.000007,0,1,1,0,1,1
29136219,,0,0.000005,248,0.000007,0,1,1,0,1,1
29124793,,0,0.000005,248,0.000007,0,1,1,0,1,1
29049306,,0,0.000005,248,0.000007,0,1,1,0,1,1
28946939,,0,0.000005,248,0.000007,0,1,1,0,1,1
28934129,,0,0.000005,248,0.000007,0,1,1,0,1,1
28885015,,0,0.000005,248,0.000007,0,1,1,0,1,1
28877485,,0,0.000005,248,0.000007,0,1,1,0,1,1
28847960,,0,0.000005,248,0.000007,0,1,1,0,1,1
28765603,,0,0.000005,248,0.000007,0,1,1,0,1,1
28747709,,0,0.000005,248,0.000007,0,1,1,0,1,1
28640191,,0,0.000012,35,0.000007,0,2,2,0,2,2
28631009,,0,0.000005,248,0.000007,0,1,1,0,1,1
28516020,,0,0.000005,248,0.000007,0,1,1,0,1,1
28516015,,0,0.000005,248,0.000007,0,1,1,0,1,1
28516012,,0,0.000005,248,0.000007,0,1,1,0,1,1
28516010,,0,0.000005,248,0.000007,0,1,1,0,1,1
28516009,,0,0.000005,248,0.000007,0,1,1,0,1,1
28516008,,0,0.000005,248,0.000007,0,1,1,0,1,1
28504081,,0,0.000005,248,0.000007,0,1,1,0,1,1
28468959,,0,0.000005,248,0.000007,0,1,1,0,1,1
28430886,,0,0.000005,248,0.000007,0,1,1,0,1,1
28400444,,0,0.000005,248,0.000007,0,1,1,0,1,1
28398197,,0,0.000005,248,0.000007,0,1,1,0,1,1
28355271,,0,0.000005,248,0.000007,0,1,1,0,1,1
28337243,,0,0.000005,248,0.000007,0,1,1,0,1,1
28331777,,0,0.000005,248,0.000007,0,1,1,0,1,1
28285124,,0,0.000005,248,0.000007,0,1,1,0,1,1
28250616,,0,0.000005,248,0.000007,0,1,1,0,1,1
28250374,,0,0.000005,248,0.000007,0,1,1,0,1,1
28232900,,0,0.000005,248,0.000007,0,1,1,0,1,1
28232897,,0,0.000005,248,0.000007,0,1,1,0,1,1
28232895,,0,0.000005,248,0.000007,0,1,1,0,1,1
28232888,,0,0.000005,248,0.000007,0,1,1,0,1,1
28232884,,0,0.000005,248,0.000007,0,1,1,0,1,1
28211492,,0,0.000005,248,0.000007,0,1,1,0,1,1
28154522,,0,0.000005,248,0.000007,0,1,1,0,1,1
28076807,,0,0.000005,248,0.000007,0,1,1,0,1,1
28003858,,0,0.000005,248,0.000007,0,1,1,0,1,1
27957775,,0,0.000005,248,0.000007,0,1,1,0,1,1
27924951,,0,0.000005,248,0.000007,0,1,1,0,1,1
27911701,,0,0.000005,248,0.000007,0,1,1,0,1,1
27899601,,0,0.000005,248,0.000007,0,1,1,0,1,1
27890783,,0,0.000005,248,0.000007,0,1,1,0,1,1
27872189,,0,0.000005,248,0.000007,0,1,1,0,1,1
27867910,,0,0.000005,248,0.000007,0,1,1,0,1,1
27735058,,0,0.000005,248,0.000007,0,1,1,0,1,1
27668217,,0,0.000005,248,0.000007,0,1,1,0,1,1
27459240,,0,0.000005,248,0.000007,0,1,1,0,1,1
27453073,,0,0.000005,248,0.000007,0,1,1,0,1,1
27427556,,0,0.000005,248,0.000007,0,1,1,0,1,1
27427552,,0,0.000005,248,0.000007,0,1,1,0,1,1
27423136,,0,0.000005,248,0.000007,0,1,1,0,1,1
27418282,,0,0.000005,248,0.000007,0,1,1,0,1,1
27418281,,0,0.000005,248,0.000007,0,1,1,0,1,1
27364545,,0,0.000005,248,0.000007,0,1,1,0,1,1
27270343,,0,0.000005,248,0.000007,0,1,1,0,1,1
27030593,,0,0.000005,248,0.000007,0,1,1,0,1,1
27003913,,0,0.000005,248,0.000007,0,1,1,0,1,1
26904549,,0,0.000005,248,0.000007,0,1,1,0,1,1
26852120,,0,0.000005,248,0.000007,0,1,1,0,1,1
26723627,,0,0.000005,248,0.000007,0,1,1,0,1,1
26557146,,0,0.000005,248,0.000007,0,1,1,0,1,1
26512103,,0,0.000005,248,0.000007,0,1,1,0,1,1
26477939,,0,0.000005,248,0.000007,0,1,1,0,1,1
26431479,,0,0.000005,248,0.000007,0,1,1,0,1,1
26426014,,0,0.000005,248,0.000007,0,1,1,0,1,1
26417545,,0,0.000005,248,0.000007,0,1,1,0,1,1
26383250,,0,0.000005,248,0.000007,0,1,1,0,1,1
26322316,,0,0.000005,248,0.000007,0,1,1,0,1,1
26307973,,0,0.000005,248,0.000007,0,1,1,0,1,1
26303588,,0,0.000005,248,0.000007,0,1,1,0,1,1
26244744,,0,0.000005,248,0.000007,0,1,1,0,1,1
26231095,,0,0.000005,248,0.000007,0,1,1,0,1,1
26216991,,0,0.000005,248,0.000007,0,1,1,0,1,1
26198229,,0,0.000005,248,0.000007,0,1,1,0,1,1
26136744,,0,0.000005,248,0.000007,0,1,1,0,1,1
26090958,,0,0.000005,248,0.000007,0,1,1,0,1,1
26085105,,0,0.000005,248,0.000007,0,1,1,0,1,1
26047845,,0,0.000005,248,0.000007,0,1,1,0,1,1
25974317,,0,0.000005,248,0.000007,0,1,1,0,1,1
25968230,,0,0.000005,248,0.000007,0,1,1,0,1,1
25952623,,0,0.000005,248,0.000007,0,1,1,0,1,1
25919886,,0,0.000005,248,0.000007,0,1,1,0,1,1
25918405,,0,0.000005,248,0.000007,0,1,1,0,1,1
25897952,,0,0.000005,248,0.000007,0,1,1,0,1,1
25866658,,0,0.000005,248,0.000007,0,1,1,0,1,1
25752799,,0,0.000005,248,0.000007,0,1,1,0,1,1
25625937,,0,0.000005,248,0.000007,0,1,1,0,1,1
25612294,,0,0.000005,248,0.000007,0,1,1,0,1,1
25611056,,0,0.000005,248,0.000007,0,1,1,0,1,1
25514413,,0,0.000005,248,0.000007,0,1,1,0,1,1
25451784,,0,0.000005,248,0.000007,0,1,1,0,1,1
25424537,,0,0.000005,248,0.000007,0,1,1,0,1,1
25374899,,0,0.000005,248,0.000007,0,1,1,0,1,1
25345588,,0,0.000005,248,0.000007,0,1,1,0,1,1
25310726,,0,0.000005,248,0.000007,0,1,1,0,1,1
25289116,,0,0.000005,248,0.000007,0,1,1,0,1,1
25263011,,0,0.000005,248,0.000007,0,1,1,0,1,1
25126555,,0,0.000005,248,0.000007,0,1,1,0,1,1
25121643,,0,0.000005,248,0.000007,0,1,1,0,1,1
25099811,,0,0.000005,248,0.000007,0,1,1,0,1,1
25071818,,0,0.000005,248,0.000007,0,1,1,0,1,1
25057855,,0,0.000005,248,0.000007,0,1,1,0,1,1
25052089,,0,0.000005,248,0.000007,0,1,1,0,1,1
25031324,,0,0.000005,248,0.000007,0,1,1,0,1,1
24970204,,0,0.000005,248,0.000007,0,1,1,0,1,1
24970201,,0,0.000005,248,0.000007,0,1,1,0,1,1
24970129,,0,0.000005,248,0.000007,0,1,1,0,1,1
24901537,,0,0.000005,248,0.000007,0,1,1,0,1,1
24879155,,0,0.000005,248,0.000007,0,1,1,0,1,1
24773235,,0,0.000005,248,0.000007,0,1,1,0,1,1
24727949,,0,0.000005,248,0.000007,0,1,1,0,1,1
24706910,,0,0.000005,248,0.000007,0,1,1,0,1,1
24702702,,0,0.000005,248,0.000007,0,1,1,0,1,1
24657798,,0,0.000078,87,0.000007,0,3,3,0,3,3
24616561,,0,0.000005,248,0.000007,0,1,1,0,1,1
24607691,,0,0.000005,248,0.000007,0,1,1,0,1,1
24559171,,0,0.000005,248,0.000007,0,1,1,0,1,1
24497641,,0,0.000005,248,0.000007,0,1,1,0,1,1
24421312,,0,0.000005,248,0.000007,0,1,1,0,1,1
24358900,,0,0.000005,248,0.000007,0,1,1,0,1,1
24312701,,0,0.000005,248,0.000007,0,1,1,0,1,1
24278008,,0,0.000005,248,0.000007,0,1,1,0,1,1
24270586,,0,0.000005,248,0.000007,0,1,1,0,1,1
24263171,,0,0.000005,248,0.000007,0,1,1,0,1,1
24206529,,0,0.000005,248,0.000007,0,1,1,0,1,1
24174539,,0,0.000005,248,0.000007,0,1,1,0,1,1
24128940,,0,0.000005,248,0.000007,0,1,1,0,1,1
24115198,,0,0.000005,248,0.000007,0,1,1,0,1,1
24098099,,0,0.000005,248,0.000007,0,1,1,0,1,1
24086265,,0,0.000005,248,0.000007,0,1,1,0,1,1
24086122,,0,0.000005,248,0.000007,0,1,1,0,1,1
24048383,,0,0.000005,248,0.000007,0,1,1,0,1,1
24041422,,0,0.000005,248,0.000007,0,1,1,0,1,1
24020004,,0,0.00005,241,0.000007,0,2,2,0,2,2
24014171,,0,0.000005,248,0.000007,0,1,1,0,1,1
24010665,,0,0.000005,248,0.000007,0,1,1,0,1,1
23967011,,0,0.000005,248,0.000007,0,1,1,0,1,1
23885220,,0,0.000005,248,0.000007,0,1,1,0,1,1
23884631,,0,0.000005,248,0.000007,0,1,1,0,1,1
23815411,,0,0.000005,248,0.000007,0,1,1,0,1,1
23813793,,0,0.000005,248,0.000007,0,1,1,0,1,1
23783631,,0,0.000005,248,0.000007,0,1,1,0,1,1
23782691,,0,0.000005,248,0.000007,0,1,1,0,1,1
23780840,,0,0.000005,248,0.000007,0,1,1,0,1,1
23762018,,0,0.000005,248,0.000007,0,1,1,0,1,1
23738772,,0,0.000005,248,0.000007,0,1,1,0,1,1
23708362,,0,0.000005,248,0.000007,0,1,1,0,1,1
23648480,,0,0.000005,248,0.000007,0,1,1,0,1,1
23638354,,0,0.000005,248,0.000007,0,1,1,0,1,1
23620768,,0,0.000005,248,0.000007,0,1,1,0,1,1
23553817,,0,0.000005,248,0.000007,0,1,1,0,1,1
23522060,,0,0.000005,248,0.000007,0,1,1,0,1,1
23487787,,0,0.000005,248,0.000007,0,1,1,0,1,1
23418179,,0,0.000005,248,0.000007,0,1,1,0,1,1
23408995,,0,0.000005,248,0.000007,0,1,1,0,1,1
23352836,,0,0.000005,248,0.000007,0,1,1,0,1,1
23270511,,0,0.000005,248,0.000007,0,1,1,0,1,1
23255110,,0,0.000005,248,0.000007,0,1,1,0,1,1
23133622,,0,0.000005,248,0.000007,0,1,1,0,1,1
23099262,,0,0.000005,248,0.000007,0,1,1,0,1,1
23055912,,0,0.000005,248,0.000007,0,1,1,0,1,1
23027744,,0,0.000005,248,0.000007,0,1,1,0,1,1
22947936,,0,0.000005,248,0.000007,0,1,1,0,1,1
22917189,,0,0.000005,248,0.000007,0,1,1,0,1,1
22915588,,0,0.000005,248,0.000007,0,1,1,0,1,1
22853901,,0,0.000005,248,0.000007,0,1,1,0,1,1
22829148,,0,0.000005,248,0.000007,0,1,1,0,1,1
22820921,,0,0.000005,248,0.000007,0,1,1,0,1,1
22815918,,0,0.000005,248,0.000007,0,1,1,0,1,1
22769591,,0,0.000005,248,0.000007,0,1,1,0,1,1
22737237,,0,0.000005,248,0.000007,0,1,1,0,1,1
22721951,,0,0.000005,248,0.000007,0,1,1,0,1,1
22651963,,0,0.000005,248,0.000007,0,1,1,0,1,1
22573762,,0,0.000005,248,0.000007,0,1,1,0,1,1
22500193,,0,0.000005,248,0.000007,0,1,1,0,1,1
22496840,,0,0.000005,248,0.000007,0,1,1,0,1,1
22433123,,0,0.000005,248,0.000007,0,1,1,0,1,1
22416277,,0,0.000005,248,0.000007,0,1,1,0,1,1
22369681,,0,0.000005,248,0.000007,0,1,1,0,1,1
22353711,,0,0.000005,248,0.000007,0,1,1,0,1,1
22325280,,0,0.000005,248,0.000007,0,1,1,0,1,1
22253588,,0,0.000005,248,0.000007,0,1,1,0,1,1
22212342,,0,0.000005,248,0.000007,0,1,1,0,1,1
22208280,,0,0.000005,248,0.000007,0,1,1,0,1,1
22154231,,0,0.000005,248,0.000007,0,1,1,0,1,1
22125611,,0,0.000005,248,0.000007,0,1,1,0,1,1
22104965,,0,0.000005,248,0.000007,0,1,1,0,1,1
22102410,,0,0.000005,248,0.000007,0,1,1,0,1,1
22102240,,0,0.000005,248,0.000007,0,1,1,0,1,1
22080206,,0,0.000005,248,0.000007,0,1,1,0,1,1
22058156,,0,0.000005,248,0.000007,0,1,1,0,1,1
21969380,,0,0.000005,248,0.000007,0,1,1,0,1,1
21949740,,0,0.000005,248,0.000007,0,1,1,0,1,1
21859464,,0,0.000005,248,0.000007,0,1,1,0,1,1
21853134,,0,0.000005,248,0.000007,0,1,1,0,1,1
21840989,,0,0.000005,248,0.000007,0,1,1,0,1,1
21828333,,0,0.000005,248,0.000007,0,1,1,0,1,1
21748782,,0,0.000005,248,0.000007,0,1,1,0,1,1
21729349,,0,0.000005,248,0.000007,0,1,1,0,1,1
21686180,,0,0.000005,248,0.000007,0,1,1,0,1,1
21682902,,0,0.000005,248,0.000007,0,1,1,0,1,1
21614208,,0,0.000005,248,0.000007,0,1,1,0,1,1
21489988,,0,0.000005,248,0.000007,0,1,1,0,1,1
21445877,,0,0.000005,248,0.000007,0,1,1,0,1,1
21440543,,0,0.000005,248,0.000007,0,1,1,0,1,1
21398349,,0,0.000005,248,0.000007,0,1,1,0,1,1
21366926,,0,0.000005,248,0.000007,0,1,1,0,1,1
21357425,,0,0.000005,248,0.000007,0,1,1,0,1,1
21303706,,0,0.000005,248,0.000007,0,1,1,0,1,1
21285252,,0,0.000005,248,0.000007,0,1,1,0,1,1
21277815,,0,0.000005,248,0.000007,0,1,1,0,1,1
21245151,,0,0.000005,248,0.000007,0,1,1,0,1,1
21098297,,0,0.000005,248,0.000007,0,1,1,0,1,1
21044603,,0,0.000005,248,0.000007,0,1,1,0,1,1
21031501,,0,0.000005,248,0.000007,0,1,1,0,1,1
20862304,,0,0.000005,248,0.000007,0,1,1,0,1,1
20806220,,0,0.000005,248,0.000007,0,1,1,0,1,1
20682745,,0,0.000005,248,0.000007,0,1,1,0,1,1
20657662,,0,0.000005,248,0.000007,0,1,1,0,1,1
20653509,,0,0.000005,248,0.000007,0,1,1,0,1,1
20639465,,0,0.000005,248,0.000007,0,1,1,0,1,1
20598937,,0,0.000005,248,0.000007,0,1,1,0,1,1
20409339,,0,0.000005,248,0.000007,0,1,1,0,1,1
20398287,,0,0.000005,248,0.000007,0,1,1,0,1,1
20334672,,0,0.000005,248,0.000007,0,1,1,0,1,1
20195357,,0,0.000005,248,0.000007,0,1,1,0,1,1
20117254,,0,0.000005,248,0.000007,0,1,1,0,1,1
20097220,,0,0.000005,248,0.000007,0,1,1,0,1,1
20073511,,0,0.000005,248,0.000007,0,1,1,0,1,1
20064227,,0,0.000005,248,0.000007,0,1,1,0,1,1
20011072,,0,0.000005,248,0.000007,0,1,1,0,1,1
19923711,,0,0.000005,248,0.000007,0,1,1,0,1,1
19923193,,0,0.000005,248,0.000007,0,1,1,0,1,1
19847913,,0,0.000005,248,0.000007,0,1,1,0,1,1
19722269,,0,0.000005,248,0.000007,0,1,1,0,1,1
19641605,,0,0.000005,248,0.000007,0,1,1,0,1,1
19594884,,0,0.000005,248,0.000007,0,1,1,0,1,1
19585006,,0,0.000005,248,0.000007,0,1,1,0,1,1
19440375,,0,0.000005,248,0.000007,0,1,1,0,1,1
19432952,,0,0.000005,248,0.000007,0,1,1,0,1,1
19416527,,0,0.000005,248,0.000007,0,1,1,0,1,1
19412530,,0,0.000005,248,0.000007,0,1,1,0,1,1
19359579,,0,0.000005,248,0.000007,0,1,1,0,1,1
19351533,,0,0.000005,248,0.000007,0,1,1,0,1,1
19328209,,0,0.000005,248,0.000007,0,1,1,0,1,1
19215087,,0,0.000005,248,0.000007,0,1,1,0,1,1
19150359,,0,0.000005,248,0.000007,0,1,1,0,1,1
19106096,,0,0.000005,248,0.000007,0,1,1,0,1,1
18831774,,0,0.000005,248,0.000007,0,1,1,0,1,1
18779323,,0,0.000005,248,0.000007,0,1,1,0,1,1
18575892,,0.005948,0,5,0.000154,72,0,72,72,0,72
29780878,,0,0.000113,5,0.000007,0,1,1,0,1,1
29502166,,0,0.000113,5,0.000007,0,1,1,0,1,1
28721366,,0,0.00046,5,0.000007,0,2,2,0,2,2
28706762,,0.000052,0.003543,35,0.000021,4,4,8,4,4,8
28492532,,0,0.000113,5,0.000007,0,1,1,0,1,1
27608040,,0,0.000113,5,0.000007,0,1,1,0,1,1
26629502,,0,0.000155,5,0.000007,0,3,3,0,3,3
26573232,,0,0.000299,5,0.000007,0,2,2,0,2,2
26046002,,0,0.000276,231,0.000007,0,4,4,0,4,4
25395898,,0,0.000144,241,0.000007,0,4,4,0,4,4
25374621,,0,0.000113,5,0.000007,0,1,1,0,1,1
25148915,,0,0.000114,82,0.000007,0,3,3,0,3,3
25024025,,0,0.000113,5,0.000007,0,1,1,0,1,1
24614680,,0,0.000113,5,0.000007,0,1,1,0,1,1
24212780,,0,0.000125,5,0.000007,0,2,2,0,2,2
21188106,,0,0.000113,5,0.000007,0,1,1,0,1,1
18575951,,0.000032,0,5,0.00005,10,0,10,10,0,10
29878989,,0,0.000001,5,0.000007,0,2,2,0,2,2
29263966,,0,0.000599,5,0.000007,0,27,27,0,27,27
27965859,,0,0.000001,5,0.000007,0,1,1,0,1,1
26265622,,0,0.000001,5,0.000007,0,1,1,0,1,1
25525481,,0,0.000001,5,0.000007,0,1,1,0,1,1
25422034,,0,0.000001,5,0.000007,0,2,2,0,2,2
23730154,,0,0.000001,5,0.000007,0,1,1,0,1,1
22084645,,0,0.000001,5,0.000007,0,1,1,0,1,1
19864266,,0,0.000001,5,0.000007,0,1,1,0,1,1
29266472,,0,0.00093,89,0.000007,0,2,2,0,2,2
26258074,,0.001421,0.008923,1,0.000024,5,5,10,5,5,10
22771493,,0,0.000084,89,0.000007,0,1,1,0,1,1
30440001,,0,0.000012,100,0.000007,0,1,1,0,1,1
29699476,,0,0.000014,35,0.000007,0,1,1,0,1,1
27600230,,0,0.000014,35,0.000007,0,1,1,0,1,1
24324960,,0,0.000014,35,0.000007,0,1,1,0,1,1
22844451,,0,0.000014,35,0.000007,0,1,1,0,1,1
22262733,,0,0.00745,35,0.000007,0,2,2,0,2,2
22205940,,0,0.000014,35,0.000007,0,1,1,0,1,1
21078182,,0,0.000014,35,0.000007,0,1,1,0,1,1
20836040,,0,0.000014,35,0.000007,0,1,1,0,1,1
30209297,,0,0.000008,1,0.000007,0,1,1,0,1,1
30170832,,0,0.000008,1,0.000007,0,1,1,0,1,1
26784695,,0,0.000008,1,0.000007,0,1,1,0,1,1
23999093,,0,0.000008,1,0.000007,0,1,1,0,1,1
23982517,,0,0.000008,1,0.000007,0,1,1,0,1,1
23786772,,0,0.000008,1,0.000007,0,1,1,0,1,1
23376826,,0,0.000008,1,0.000007,0,1,1,0,1,1
23344961,,0,0.000008,1,0.000007,0,1,1,0,1,1
22375014,,0,0.000008,1,0.000007,0,1,1,0,1,1
21227924,,0,0.00007,1,0.000007,0,2,2,0,2,2
21123731,,0,0.000008,1,0.000007,0,1,1,0,1,1
20817775,,0,0.000008,1,0.000007,0,1,1,0,1,1
19854946,,0,0.000008,1,0.000007,0,1,1,0,1,1
19584232,,0,0.000008,1,0.000007,0,1,1,0,1,1
19557000,,0,0.000008,1,0.000007,0,1,1,0,1,1
19476377,,0,0.000008,1,0.000007,0,1,1,0,1,1
18591545,,0.063867,0,1,0.000574,185,0,185,185,0,185
30148072,,0,0.001218,1,0.000007,0,1,1,0,1,1
29385739,,0,0.00138,1,0.000007,0,3,3,0,3,3
29216365,,0,0.001447,1,0.000007,0,3,3,0,3,3
29057791,,0,0.004185,1,0.000007,0,15,15,0,15,15
28903334,,0,0.001329,1,0.000007,0,2,2,0,2,2
28800752,,0.000031,0.008844,1,0.000016,2,9,11,2,9,11
28736627,,0,0.003881,1,0.000007,0,7,7,0,7,7
28697345,,0,0.001557,1,0.000007,0,2,2,0,2,2
28657225,,0,0.009838,1,0.000007,0,4,4,0,4,4
28655785,,0,0.007792,1,0.000007,0,9,9,0,9,9
28566428,,0.001769,0.012205,1,0.000017,6,6,12,6,6,12
28454122,,0,0.018797,1,0.000007,0,11,11,0,11,11
28156017,,0,0.001218,1,0.000007,0,1,1,0,1,1
28042876,,0,0.001526,1,0.000007,0,3,3,0,3,3
27892797,,0,0.001668,1,0.000007,0,3,3,0,3,3
27819019,,0,0.010669,1,0.000007,0,5,5,0,5,5
27725894,,0,0.007068,1,0.000007,0,9,9,0,9,9
26784176,,0,0.003701,1,0.000007,0,7,7,0,7,7
26546619,,0.003413,0.005128,1,0.000029,15,16,31,15,16,31
26385075,,0,0.004104,205,0.000007,0,12,12,0,12,12
26203462,,0,0.00175,100,0.000007,0,5,5,0,5,5
25687908,,0,0.001218,1,0.000007,0,1,1,0,1,1
25113768,,0,0.001231,57,0.000007,0,2,2,0,2,2
24970481,,0,0.002101,1,0.000007,0,3,3,0,3,3
24895135,,0,0.008089,1,0.000007,0,4,4,0,4,4
24847648,,0,0.001218,1,0.000007,0,1,1,0,1,1
24462518,,0,0.001295,24,0.000007,0,3,3,0,3,3
24387334,,0,0.017303,1,0.000007,0,6,6,0,6,6
24273467,,0,0.001218,1,0.000007,0,1,1,0,1,1
23505488,,0,0.001218,1,0.000007,0,1,1,0,1,1
23396860,,0,0.004938,1,0.000007,0,6,6,0,6,6
23110144,,0,0.001279,1,0.000007,0,2,2,0,2,2
22334019,,0,0.001218,1,0.000007,0,1,1,0,1,1
20616055,,0,0.001218,1,0.000007,0,1,1,0,1,1
20068071,,0,0.001218,1,0.000007,0,1,1,0,1,1
20049736,,0,0.001218,1,0.000007,0,1,1,0,1,1
20041096,,0,0.00122,5,0.000007,0,2,2,0,2,2
19778856,,0,0.001218,1,0.000007,0,1,1,0,1,1
18591560,,0.007488,0,1,0.000047,23,0,23,23,0,23
22904615,,0,0.012519,1,0.000007,0,5,5,0,5,5
18591931,,0.002748,0,1,0.000031,10,0,10,10,0,10
25477754,,0,0.000052,1,0.000007,0,1,1,0,1,1
25249706,,0,0,172,0.000007,0,1,1,0,1,1
18592338,,0,0,172,0.000031,4,0,4,4,0,4
24753940,,0,0,172,0.000007,0,1,1,0,1,1
23867473,,0,0,172,0.000007,0,1,1,0,1,1
18845670,,0,0,172,0.000007,0,1,1,0,1,1
25206883,,0,0.000003,100,0.000007,0,1,1,0,1,1
25174607,,0,0.000003,100,0.000007,0,1,1,0,1,1
21159167,,0.000043,0.000005,176,0.000133,23,2,25,23,2,25
21148313,,0,0.000003,100,0.000007,0,1,1,0,1,1
18593983,,0.006929,0,69,0.001041,42,0,42,42,0,42
30229909,,0,0.000503,69,0.000007,0,4,4,0,4,4
30004845,,0,0.007914,69,0.000007,0,4,4,0,4,4
29434212,,0,0.007686,69,0.000007,0,4,4,0,4,4
29196616,,0,0.000132,69,0.000007,0,1,1,0,1,1
27899818,,0,0.006881,231,0.000007,0,4,4,0,4,4
27448656,,0,0.000132,69,0.000007,0,1,1,0,1,1
26717985,,0,0.007568,69,0.000007,0,2,2,0,2,2
25115793,,0,0.000132,69,0.000007,0,1,1,0,1,1
24511378,,0,0.007855,69,0.000007,0,3,3,0,3,3
24335142,,0,0.000201,69,0.000007,0,2,2,0,2,2
24070420,,0,0.007943,69,0.000007,0,5,5,0,5,5
23666744,,0,0.008814,69,0.000007,0,4,4,0,4,4
23360797,,0,0.007568,69,0.000007,0,2,2,0,2,2
29642553,,0,0.000046,1,0.000007,0,1,1,0,1,1
18594331,,0.002391,0,1,0.000018,6,0,6,6,0,6
20015198,,0,0.000103,24,0.000007,0,2,2,0,2,2
18594935,,0.000032,0,89,0.000008,1,0,1,1,0,1
28915574,,0,0.000106,35,0.000007,0,2,2,0,2,2
18596026,,0.001373,0,35,0.000061,15,0,15,15,0,15
27768723,,0,0.000489,35,0.000007,0,6,6,0,6,6
21345220,,0,0.000026,35,0.000007,0,1,1,0,1,1
19386118,,0,0.000026,35,0.000007,0,1,1,0,1,1
18947364,,0,0.000026,35,0.000007,0,1,1,0,1,1
18596599,,0.000153,0,35,0.000063,13,0,13,13,0,13
27629107,,0,0.000003,35,0.000007,0,1,1,0,1,1
25951746,,0,0.000099,35,0.000007,0,3,3,0,3,3
25694747,,0,0.000005,35,0.000007,0,2,2,0,2,2
24829853,,0,0.000006,35,0.000007,0,2,2,0,2,2
23939284,,0,0.000081,35,0.000007,0,2,2,0,2,2
23843856,,0,0.000003,35,0.000007,0,1,1,0,1,1
23734170,,0,0.000003,35,0.000007,0,1,1,0,1,1
23726216,,0,0.000003,35,0.000007,0,1,1,0,1,1
20371155,,0,0.000003,35,0.000007,0,1,1,0,1,1
19543987,,0,0.000003,35,0.000007,0,1,1,0,1,1
19356229,,0,0.000003,35,0.000007,0,1,1,0,1,1
30311421,,0,0.000018,35,0.000007,0,2,2,0,2,2
18600446,,0.00059,0,35,0.00006,19,0,19,19,0,19
29310602,,0,0.000068,35,0.000007,0,2,2,0,2,2
29088770,,0,0.000011,35,0.000007,0,1,1,0,1,1
28718896,,0,0.000011,35,0.000007,0,1,1,0,1,1
26036636,,0,0.000018,35,0.000007,0,2,2,0,2,2
23975314,,0,0.000011,35,0.000007,0,1,1,0,1,1
23144568,,0,0.000018,35,0.000007,0,2,2,0,2,2
21874112,,0,0.005316,1,0.000007,0,7,7,0,7,7
21673686,,0,0.000011,35,0.000007,0,1,1,0,1,1
25826596,,0,0,82,0.000007,0,1,1,0,1,1
18604583,,0.000001,0,82,0.000015,2,0,2,2,0,2
27417602,,0,0.000087,5,0.000007,0,3,3,0,3,3
18624259,,0.000002,0,5,0.000015,2,0,2,2,0,2
20512163,,0,0,5,0.000007,0,1,1,0,1,1
29416712,,0,0.000007,184,0.000007,0,1,1,0,1,1
27183917,,0,0.000007,184,0.000007,0,1,1,0,1,1
26994140,,0,0.000007,184,0.000007,0,1,1,0,1,1
26431163,,0,0.000007,184,0.000007,0,1,1,0,1,1
25300492,,0,0.000007,184,0.000007,0,1,1,0,1,1
24127627,,0,0.000007,184,0.000007,0,1,1,0,1,1
24082115,,0,0.000007,184,0.000007,0,1,1,0,1,1
23666059,,0,0.000012,184,0.000007,0,2,2,0,2,2
23531678,,0,0.000087,176,0.000007,0,3,3,0,3,3
23348929,,0,0.00007,184,0.000007,0,2,2,0,2,2
21493014,,0,0.000007,184,0.000007,0,1,1,0,1,1
20592017,,0,0.000007,184,0.000007,0,1,1,0,1,1
20100829,,0,0.000007,184,0.000007,0,1,1,0,1,1
19176879,,0,0.000007,184,0.000007,0,1,1,0,1,1
18630122,,0.000197,0,89,0.000008,2,0,2,2,0,2
18640791,,0.000001,0,231,0.000018,4,0,4,4,0,4
23412385,,0,0,231,0.000007,0,1,1,0,1,1
18642075,,0.001127,0,1,0.000038,11,0,11,11,0,11
29172272,,0,0.000089,279,0.000007,0,7,7,0,7,7
22664914,,0,0.000021,1,0.000007,0,1,1,0,1,1
18644251,,0.020025,0,1,0.000185,85,0,85,85,0,85
29322778,,0,0.003001,1,0.000007,0,5,5,0,5,5
27308588,,0,0.000458,100,0.000007,0,2,2,0,2,2
27026705,,0,0.000382,1,0.000007,0,1,1,0,1,1
27010858,,0,0.000382,1,0.000007,0,1,1,0,1,1
26934368,,0,0.000772,1,0.000007,0,2,2,0,2,2
25938539,,0,0.004833,1,0.000007,0,5,5,0,5,5
24797896,,0,0.000382,1,0.000007,0,1,1,0,1,1
23451157,,0,0.000616,1,0.000007,0,3,3,0,3,3
22993403,,0,0.017014,1,0.000007,0,8,8,0,8,8
22723370,,0,0.000789,1,0.000007,0,3,3,0,3,3
22641215,,0,0.000382,1,0.000007,0,1,1,0,1,1
22440008,,0,0.00928,1,0.000007,0,3,3,0,3,3
22363779,,0,0.000382,1,0.000007,0,1,1,0,1,1
22301131,,0,0.008105,69,0.000007,0,3,3,0,3,3
22246237,,0,0.001493,1,0.000007,0,3,3,0,3,3
21654808,,0,0.000382,1,0.000007,0,1,1,0,1,1
20807885,,0,0.000382,1,0.000007,0,1,1,0,1,1
20087352,,0,0.000382,1,0.000007,0,1,1,0,1,1
19828534,,0,0.000457,1,0.000007,0,2,2,0,2,2
19773449,,0,0.000382,1,0.000007,0,1,1,0,1,1
19439059,,0,0.000382,1,0.000007,0,1,1,0,1,1
27152840,,0,0.000058,89,0.00001,1,3,4,1,3,4
18646247,,0.000307,0,5,0.000014,9,0,9,9,0,9
29236593,,0.000144,0.001638,82,0.000013,4,13,17,4,13,17
18647256,,0.000969,0,5,0.000022,10,0,10,10,0,10
25841351,,0,0.000041,279,0.000007,0,2,2,0,2,2
25065733,,0,0.000038,279,0.000007,0,1,1,0,1,1
18649131,,0.023792,0,1,0.000149,77,0,77,77,0,77
29108309,,0,0.001706,1,0.000007,0,3,3,0,3,3
25234545,,0,0.001383,1,0.000007,0,4,4,0,4,4
25221631,,0,0.001506,1,0.000007,0,3,3,0,3,3
24077350,,0,0.011312,1,0.000007,0,6,6,0,6,6
22461984,,0,0.002212,1,0.000007,0,4,4,0,4,4
19969129,,0,0.000524,1,0.000007,0,2,2,0,2,2
23645553,,0,0.000001,89,0.000007,0,1,1,0,1,1
20204501,,0,0.000023,89,0.000007,0,2,2,0,2,2
18657973,,0.0006,0,89,0.00002,12,0,12,12,0,12
24718839,,0,0.000011,89,0.000007,0,1,1,0,1,1
30321140,,0,0.000022,72,0.000007,0,1,1,0,1,1
18660546,,0.001161,0,72,0.000388,94,0,94,94,0,94
30254431,,0,0.000022,72,0.000007,0,1,1,0,1,1
30149509,,0,0.000022,72,0.000007,0,1,1,0,1,1
29997453,,0,0.000022,72,0.000007,0,1,1,0,1,1
29643803,,0,0.000022,72,0.000007,0,1,1,0,1,1
29021573,,0,0.000022,72,0.000007,0,1,1,0,1,1
28950676,,0,0.000024,72,0.000007,0,2,2,0,2,2
28927067,,0,0.000108,72,0.000007,0,2,2,0,2,2
28803886,,0,0.000108,72,0.000007,0,2,2,0,2,2
28693226,,0,0.000696,72,0.000007,0,2,2,0,2,2
27911870,,0,0.000022,72,0.000007,0,1,1,0,1,1
27824903,,0,0.000027,72,0.000007,0,2,2,0,2,2
27339100,,0,0.000022,72,0.000007,0,1,1,0,1,1
26870188,,0,0.000046,72,0.000007,0,2,2,0,2,2
26697527,,0,0.000041,72,0.000007,0,2,2,0,2,2
26690224,,0,0.000022,72,0.000007,0,1,1,0,1,1
26608782,,0,0.000022,72,0.000007,0,1,1,0,1,1
26577090,,0,0.000025,72,0.000007,0,2,2,0,2,2
26458899,,0,0.000022,72,0.000007,0,1,1,0,1,1
26396533,,0,0.000041,72,0.000007,0,2,2,0,2,2
26384425,,0,0.000022,72,0.000007,0,2,2,0,2,2
26379361,,0,0.000022,72,0.000007,0,1,1,0,1,1
26347202,,0,0.000024,72,0.000007,0,2,2,0,2,2
26022377,,0,0.000022,72,0.000007,0,1,1,0,1,1
25983750,,0,0.000022,72,0.000007,0,1,1,0,1,1
25836258,,0,0.000022,72,0.000007,0,1,1,0,1,1
25658319,,0,0.000022,72,0.000007,0,1,1,0,1,1
25209759,,0,0.000022,72,0.000007,0,1,1,0,1,1
25176041,,0,0.000022,72,0.000007,0,2,2,0,2,2
24914331,,0,0.000022,72,0.000007,0,1,1,0,1,1
24909162,,0.000065,0.000098,231,0.00002,4,7,11,4,7,11
24627783,,0,0.000022,72,0.000007,0,1,1,0,1,1
24586483,,0,0.000024,72,0.000007,0,2,2,0,2,2
24413317,,0,0.000027,72,0.000007,0,3,3,0,3,3
24358114,,0,0.000022,72,0.000007,0,1,1,0,1,1
24281118,,0,0.000022,72,0.000007,0,1,1,0,1,1
24241281,,0,0.000025,72,0.000007,0,2,2,0,2,2
24206455,,0,0.001595,72,0.000007,0,10,10,0,10,10
24062209,,0,0.000042,72,0.000007,0,4,4,0,4,4
24039706,,0,0.000036,72,0.000007,0,4,4,0,4,4
24015375,,0,0.000022,72,0.000007,0,1,1,0,1,1
23807362,,0,0.000022,72,0.000007,0,1,1,0,1,1
23293655,,0,0.000049,72,0.000007,0,3,3,0,3,3
23180788,,0,0.007501,72,0.000007,0,4,4,0,4,4
23049969,,0,0.000022,72,0.000007,0,1,1,0,1,1
22912667,,0,0.000022,72,0.000007,0,1,1,0,1,1
22821565,,0,0.000037,72,0.000007,0,2,2,0,2,2
22719192,,0,0.000031,72,0.000007,0,3,3,0,3,3
22647358,,0,0.000046,72,0.000007,0,2,2,0,2,2
22363684,,0,0.000166,72,0.000007,0,6,6,0,6,6
22303453,,0,0.000046,72,0.000007,0,2,2,0,2,2
22253299,,0,0.000026,241,0.000007,0,3,3,0,3,3
22082760,,0,0.000025,72,0.000007,0,2,2,0,2,2
21865360,,0,0.000046,72,0.000007,0,2,2,0,2,2
21861697,,0,0.000027,72,0.000007,0,2,2,0,2,2
21744077,,0,0.000022,72,0.000007,0,1,1,0,1,1
21692980,,0,0.000027,72,0.000007,0,3,3,0,3,3
21637771,,0,0.000032,72,0.000007,0,4,4,0,4,4
21627860,,0,0.000046,72,0.000007,0,2,2,0,2,2
21586611,,0,0.000024,72,0.000007,0,2,2,0,2,2
21532845,,0,0.000024,72,0.000007,0,2,2,0,2,2
21354374,,0,0.000106,72,0.000007,0,7,7,0,7,7
21311629,,0,0.000022,72,0.000007,0,1,1,0,1,1
21154161,,0,0.000022,72,0.000007,0,1,1,0,1,1
20732906,,0,0.000022,72,0.000007,0,1,1,0,1,1
20653068,,0,0.000022,72,0.000007,0,1,1,0,1,1
20525168,,0,0.000022,72,0.000007,0,1,1,0,1,1
20495573,,0,0.000025,72,0.000007,0,2,2,0,2,2
20157527,,0,0.000022,72,0.000007,0,1,1,0,1,1
19955394,,0,0.000022,72,0.000007,0,1,1,0,1,1
19926640,,0,0.000033,72,0.000007,0,2,2,0,2,2
19903743,,0,0.000022,72,0.000007,0,1,1,0,1,1
19834118,,0,0.000022,72,0.000007,0,1,1,0,1,1
19664288,,0,0.000022,72,0.000007,0,1,1,0,1,1
19617315,,0,0.000022,72,0.000007,0,1,1,0,1,1
29693325,,0,0.000016,176,0.000007,0,1,1,0,1,1
26870219,,0,0.000643,176,0.000007,0,4,4,0,4,4
25548773,,0,0.000018,176,0.000007,0,2,2,0,2,2
25400145,,0,0.000016,24,0.000007,0,2,2,0,2,2
24344198,,0,0.000016,176,0.000007,0,1,1,0,1,1
23697381,,0,0.000016,176,0.000007,0,1,1,0,1,1
22184068,,0,0.000016,176,0.000007,0,1,1,0,1,1
22180494,,0,0.000016,176,0.000007,0,1,1,0,1,1
20421449,,0,0.000016,176,0.000007,0,1,1,0,1,1
20040599,,0,0.000016,176,0.000007,0,1,1,0,1,1
19763085,,0,0.000016,176,0.000007,0,1,1,0,1,1
18661230,,0.000035,0,5,0.00001,3,0,3,3,0,3
18663745,,0.000125,0,35,0.000013,5,0,5,5,0,5
26065921,,0,0.000019,35,0.000007,0,3,3,0,3,3
28545194,,0,0,5,0.000007,0,1,1,0,1,1
18663989,,0.000001,0,5,0.000025,4,0,4,4,0,4
22419899,,0,0.000047,5,0.000007,0,2,2,0,2,2
21936933,,0,0,5,0.000007,0,1,1,0,1,1
20677341,,0,0.00001,5,0.000007,0,2,2,0,2,2
18671886,,0.002409,0,1,0.000058,16,0,16,16,0,16
22355404,,0,0.000046,1,0.000007,0,1,1,0,1,1
20460476,,0,0.000046,1,0.000007,0,1,1,0,1,1
20003286,,0,0.000046,1,0.000007,0,1,1,0,1,1
19140237,,0,0.000046,1,0.000007,0,1,1,0,1,1
18672143,,0.000561,0,5,0.000011,5,0,5,5,0,5
30497519,,0,0.000014,140,0.000007,0,1,1,0,1,1
29921310,,0,0.000015,140,0.000007,0,2,2,0,2,2
29562686,,0,0.000014,140,0.000007,0,1,1,0,1,1
28549433,,0,0.000014,140,0.000007,0,1,1,0,1,1
28415643,,0,0.000014,140,0.000007,0,1,1,0,1,1
25787087,,0,0.000044,140,0.000007,0,2,2,0,2,2
25552498,,0,0.000014,140,0.000007,0,1,1,0,1,1
24742640,,0,0.000014,140,0.000007,0,1,1,0,1,1
24666776,,0,0.000014,140,0.000007,0,1,1,0,1,1
24607942,,0,0.000014,140,0.000007,0,1,1,0,1,1
24374353,,0,0.000014,140,0.000007,0,1,1,0,1,1
21909421,,0,0.000014,140,0.000007,0,1,1,0,1,1
21552398,,0,0.000014,140,0.000007,0,1,1,0,1,1
21400613,,0,0.000014,140,0.000007,0,1,1,0,1,1
21141906,,0,0.000014,140,0.000007,0,1,1,0,1,1
20160483,,0,0.000014,140,0.000007,0,1,1,0,1,1
19418574,,0,0.000014,140,0.000007,0,1,1,0,1,1
18679827,,0.0003,0,89,0.000013,5,0,5,5,0,5
18679828,,0.000354,0,89,0.000018,5,0,5,5,0,5
22818522,,0,0.000014,279,0.000007,0,3,3,0,3,3
18679829,,0.000002,0,5,0.000008,1,0,1,1,0,1
18680205,,0.001182,0,140,0.000026,14,0,14,14,0,14
25782689,,0,0.000085,140,0.000007,0,3,3,0,3,3
19863800,,0,0.000023,140,0.000007,0,1,1,0,1,1
30166929,,0,0.000063,35,0.000007,0,1,1,0,1,1
18682420,,0.003314,0,35,0.000041,13,0,13,13,0,13
29731666,,0,0.000139,35,0.000007,0,2,2,0,2,2
29207674,,0,0.000063,35,0.000007,0,1,1,0,1,1
18682421,,0.000979,0,35,0.000028,8,0,8,8,0,8
22926263,,0,0.000259,35,0.000007,0,3,3,0,3,3
18682896,,0.000011,0,69,0.000015,2,0,2,2,0,2
19188485,,0,0,69,0.000007,0,1,1,0,1,1
29710084,,0,0.000124,5,0.000007,0,3,3,0,3,3
30233647,,0,0.00012,140,0.000007,0,8,8,0,8,8
18693280,,0.000725,0,140,0.000066,27,0,27,27,0,27
30038698,,0,0.000014,140,0.000007,0,1,1,0,1,1
29760936,,0,0.000031,89,0.000007,0,4,4,0,4,4
29750258,,0,0.00027,140,0.000007,0,9,9,0,9,9
28878914,,0,0.000014,140,0.000007,0,1,1,0,1,1
28679633,,0,0.000014,140,0.000007,0,1,1,0,1,1
27993330,,0,0.001638,140,0.000007,0,2,2,0,2,2
27300758,,0,0.000038,205,0.000007,0,2,2,0,2,2
25741868,,0,0.000023,140,0.000007,0,2,2,0,2,2
24263461,,0,0.000033,140,0.000007,0,2,2,0,2,2
21179066,,0,0.000014,140,0.000007,0,1,1,0,1,1
18694767,,0.000557,0,35,0.000011,6,0,6,6,0,6
30458856,,0,0,279,0.000007,0,1,1,0,1,1
18695886,,0.00001,0,279,0.000038,7,0,7,7,0,7
28102848,,0,0,279,0.000007,0,1,1,0,1,1
26503475,,0,0.000079,69,0.000007,0,2,2,0,2,2
25978957,,0,0.000034,279,0.000007,0,2,2,0,2,2
24880141,,0,0,279,0.000007,0,1,1,0,1,1
21477379,,0,0,279,0.000007,0,1,1,0,1,1
18695986,,0.001009,0,100,0.000015,10,0,10,10,0,10
26716505,,0,0.000019,231,0.000007,0,2,2,0,2,2
18698041,,0.000862,0,66,0.000279,66,0,66,66,0,66
29552303,,0,0.000108,87,0.000007,0,3,3,0,3,3
29385707,,0,0.000016,66,0.000007,0,1,1,0,1,1
29146555,,0,0.000029,66,0.000007,0,3,3,0,3,3
29113424,,0,0.000016,66,0.000007,0,1,1,0,1,1
28861319,,0,0.000123,35,0.000007,0,3,3,0,3,3
28859612,,0,0.000016,66,0.000007,0,1,1,0,1,1
28824875,,0,0.000017,66,0.000007,0,2,2,0,2,2
28717726,,0,0.000016,66,0.000007,0,1,1,0,1,1
28703772,,0,0.000016,66,0.000007,0,1,1,0,1,1
28522883,,0,0.000016,66,0.000007,0,1,1,0,1,1
28350011,,0,0.000031,89,0.000007,0,3,3,0,3,3
27535957,,0,0.000016,66,0.000007,0,1,1,0,1,1
27133732,,0,0.000016,66,0.000007,0,1,1,0,1,1
27050076,,0,0.000016,66,0.000007,0,1,1,0,1,1
26871946,,0,0.000019,66,0.000007,0,2,2,0,2,2
26863572,,0,0.000025,66,0.000007,0,2,2,0,2,2
26437339,,0,0.000016,66,0.000007,0,1,1,0,1,1
26328009,,0,0.000025,66,0.000007,0,2,2,0,2,2
26276747,,0,0.000016,66,0.000007,0,1,1,0,1,1
26261608,,0,0.000016,66,0.000007,0,1,1,0,1,1
25611678,,0,0.000016,66,0.000007,0,1,1,0,1,1
25025959,,0,0.000016,66,0.000007,0,1,1,0,1,1
25000562,,0,0.000025,66,0.000007,0,2,2,0,2,2
24565577,,0,0.000016,66,0.000007,0,1,1,0,1,1
24525454,,0,0.000016,66,0.000007,0,1,1,0,1,1
24398390,,0,0.000016,66,0.000007,0,1,1,0,1,1
24192230,,0,0.00018,66,0.000007,0,2,2,0,2,2
23923078,,0,0.000016,66,0.000007,0,1,1,0,1,1
23907131,,0,0.000025,66,0.000007,0,2,2,0,2,2
23399685,,0,0.000016,66,0.000007,0,1,1,0,1,1
23028063,,0,0.000025,66,0.000007,0,2,2,0,2,2
22648069,,0,0.000025,66,0.000007,0,2,2,0,2,2
22500240,,0,0.000016,66,0.000007,0,1,1,0,1,1
22465878,,0,0.000025,66,0.000007,0,2,2,0,2,2
22370157,,0,0.000016,66,0.000007,0,1,1,0,1,1
22095450,,0,0.000019,66,0.000007,0,2,2,0,2,2
21763263,,0,0.000016,66,0.000007,0,1,1,0,1,1
21762635,,0,0.000025,66,0.000007,0,2,2,0,2,2
21511357,,0,0.000016,66,0.000007,0,1,1,0,1,1
21392396,,0,0.00002,66,0.000007,0,3,3,0,3,3
21389782,,0,0.000016,66,0.000007,0,1,1,0,1,1
21122099,,0,0.000016,66,0.000007,0,1,1,0,1,1
20501637,,0,0.000016,66,0.000007,0,1,1,0,1,1
20484043,,0,0.000016,66,0.000007,0,1,1,0,1,1
20332278,,0,0.000016,66,0.000007,0,1,1,0,1,1
19758455,,0,0.000016,66,0.000007,0,1,1,0,1,1
18831727,,0,0.000016,66,0.000007,0,1,1,0,1,1
18703154,,0.000001,0,87,0.000009,1,0,1,1,0,1
27529704,,0,0.000036,89,0.000007,0,1,1,0,1,1
19505912,,0,0.000047,231,0.000007,0,2,2,0,2,2
18704682,,0.010192,0,1,0.000061,34,0,34,34,0,34
21673680,,0,0.000194,1,0.000007,0,1,1,0,1,1
21126340,,0,0.000194,1,0.000007,0,1,1,0,1,1
27980658,,0,0.000003,231,0.000007,0,1,1,0,1,1
27112568,,0,0.000003,231,0.000007,0,1,1,0,1,1
26867108,,0,0.000003,231,0.000007,0,1,1,0,1,1
24358248,,0,0.000003,231,0.000007,0,1,1,0,1,1
23658731,,0,0.000003,231,0.000007,0,1,1,0,1,1
21871061,,0,0.000003,231,0.000007,0,1,1,0,1,1
20017999,,0,0.000003,231,0.000007,0,1,1,0,1,1
19736252,,0,0.000003,231,0.000007,0,1,1,0,1,1
18712473,,0.000162,0,140,0.00001,4,0,4,4,0,4
28093273,,0,0.000004,176,0.000007,0,1,1,0,1,1
18717684,,0.000203,0,176,0.000046,7,0,7,7,0,7
26782170,,0,0.000008,176,0.000007,0,2,2,0,2,2
23209436,,0,0.000004,176,0.000007,0,1,1,0,1,1
22441365,,0,0.000004,176,0.000007,0,1,1,0,1,1
21892948,,0,0.000004,176,0.000007,0,1,1,0,1,1
30143607,,0,0.000039,69,0.000007,0,1,1,0,1,1
22244658,,0,0.000039,69,0.000007,0,1,1,0,1,1
25232236,,0,0.001111,1,0.000007,0,6,6,0,6,6
24843234,,0,0,173,0.000007,0,1,1,0,1,1
18721655,,0,0,173,0.000025,3,0,3,3,0,3
24449056,,0,0,173,0.000007,0,1,1,0,1,1
19951937,,0,0,173,0.000007,0,1,1,0,1,1
28412732,,0,0.000012,35,0.000007,0,1,1,0,1,1
18723483,,0.000629,0,35,0.000058,10,0,10,10,0,10
22227828,,0,0.000012,35,0.000007,0,1,1,0,1,1
21408192,,0,0.000012,35,0.000007,0,1,1,0,1,1
21109931,,0,0.000012,35,0.000007,0,1,1,0,1,1
20920318,,0,0.000012,35,0.000007,0,1,1,0,1,1
19546037,,0,0.000012,35,0.000007,0,1,1,0,1,1
30323283,,0,0.000027,100,0.000007,0,1,1,0,1,1
18724063,,0.001421,0,100,0.000043,10,0,10,10,0,10
24275786,,0,0.000027,100,0.000007,0,1,1,0,1,1
20798280,,0,0.000027,100,0.000007,0,1,1,0,1,1
18726769,,0.000697,0,5,0.000057,17,0,17,17,0,17
29130150,,0,0.00002,5,0.000007,0,2,2,0,2,2
25259512,,0,0.000013,5,0.000007,0,1,1,0,1,1
24326463,,0,0.000013,5,0.000007,0,1,1,0,1,1
23885284,,0.000333,0.000243,140,0.000011,3,10,13,3,10,13
23093333,,0,0.000013,5,0.000007,0,1,1,0,1,1
21502420,,0,0.000013,5,0.000007,0,1,1,0,1,1
20724671,,0,0.000013,5,0.000007,0,1,1,0,1,1
18726775,,0,0.000013,5,0.000007,0,1,1,0,1,1
18752448,,0.000509,0,5,0.000021,8,0,8,8,0,8
21106486,,0,0.00014,35,0.000007,0,2,2,0,2,2
18758995,,0.000254,0,5,0.000011,4,0,4,4,0,4
21970596,,0,0.000625,5,0.000007,0,3,3,0,3,3
18759107,,0.000367,0,205,0.00002,11,0,11,11,0,11
28766213,,0,0.000869,205,0.000007,0,17,17,0,17,17
27747004,,0,0.000023,279,0.000007,0,2,2,0,2,2
26681312,,0.002114,0.001122,205,0.000038,32,8,40,32,8,40
18762988,,0.001176,0,205,0.000036,20,0,20,20,0,20
29803839,,0,0.000122,205,0.000007,0,4,4,0,4,4
26658419,,0,0.000302,205,0.000007,0,2,2,0,2,2
18763032,,0.000363,0,89,0.000008,2,0,2,2,0,2
30323717,,0,0,279,0.000007,0,1,1,0,1,1
30191958,,0,0,279,0.000007,0,1,1,0,1,1
29181107,,0,0,279,0.000007,0,1,1,0,1,1
29081695,,0,0,279,0.000007,0,1,1,0,1,1
28286564,,0,0,279,0.000007,0,1,1,0,1,1
28098226,,0,0,279,0.000007,0,1,1,0,1,1
27342569,,0,0,279,0.000007,0,1,1,0,1,1
26849232,,0,0,279,0.000007,0,1,1,0,1,1
26647078,,0,0,279,0.000007,0,1,1,0,1,1
26581161,,0,0,279,0.000007,0,1,1,0,1,1
25884493,,0,0,279,0.000007,0,1,1,0,1,1
25535373,,0,0,279,0.000007,0,1,1,0,1,1
25363021,,0,0,279,0.000007,0,1,1,0,1,1
25111513,,0,0,279,0.000007,0,1,1,0,1,1
24983365,,0,0,279,0.000007,0,1,1,0,1,1
24866770,,0,0,279,0.000007,0,1,1,0,1,1
24591579,,0,0,279,0.000007,0,1,1,0,1,1
24133212,,0,0,279,0.000007,0,1,1,0,1,1
23665563,,0,0,279,0.000007,0,1,1,0,1,1
23585276,,0,0,279,0.000007,0,1,1,0,1,1
23533635,,0,0,279,0.000007,0,1,1,0,1,1
22808273,,0,0,279,0.000007,0,1,1,0,1,1
22792300,,0,0.000019,279,0.000007,0,2,2,0,2,2
22709888,,0,0,279,0.000007,0,1,1,0,1,1
22373577,,0,0,279,0.000007,0,1,1,0,1,1
22147691,,0,0,279,0.000007,0,1,1,0,1,1
22130070,,0,0,279,0.000007,0,1,1,0,1,1
21729306,,0,0,279,0.000007,0,1,1,0,1,1
21687758,,0,0,279,0.000007,0,1,1,0,1,1
21636303,,0,0,279,0.000007,0,1,1,0,1,1
21558405,,0,0,279,0.000007,0,1,1,0,1,1
21460186,,0,0,279,0.000007,0,1,1,0,1,1
21376678,,0,0,279,0.000007,0,1,1,0,1,1
20465387,,0,0,279,0.000007,0,1,1,0,1,1
20459822,,0,0,279,0.000007,0,1,1,0,1,1
20231363,,0,0,279,0.000007,0,1,1,0,1,1
19305507,,0,0,279,0.000007,0,1,1,0,1,1
29212198,,0,0,69,0.000007,0,1,1,0,1,1
18776923,,0.00001,0,69,0.000069,11,0,11,11,0,11
28846078,,0,0,69,0.000007,0,1,1,0,1,1
27016417,,0,0,69,0.000007,0,1,1,0,1,1
25973748,,0,0,69,0.000007,0,1,1,0,1,1
24278747,,0,0,69,0.000007,0,1,1,0,1,1
23085757,,0,0,69,0.000007,0,1,1,0,1,1
22418436,,0,0,69,0.000007,0,1,1,0,1,1
21179554,,0,0,69,0.000007,0,1,1,0,1,1
20841352,,0,0,69,0.000007,0,1,1,0,1,1
20082722,,0,0,69,0.000007,0,1,1,0,1,1
28170472,,0,0.00006,89,0.000007,0,2,2,0,2,2
18779615,,0.025905,0,35,0.000219,125,0,125,125,0,125
30242094,,0,0.000859,35,0.000007,0,3,3,0,3,3
30007403,,0,0.006739,35,0.000007,0,26,26,0,26,26
29911111,,0,0.006921,35,0.000007,0,6,6,0,6,6
29479003,,0,0.000494,35,0.000007,0,1,1,0,1,1
29348858,,0,0.001677,35,0.000007,0,4,4,0,4,4
29112149,,0,0.000494,35,0.000007,0,1,1,0,1,1
27322324,,0,0.00055,35,0.00001,1,2,3,1,2,3
26447756,,0,0.001303,35,0.000007,0,4,4,0,4,4
25475740,,0.013605,0.010337,1,0.000097,35,10,45,35,10,45
25140293,,0,0.003797,35,0.000007,0,2,2,0,2,2
23983689,,0,0.013974,1,0.000007,0,6,6,0,6,6
21364029,,0,0.000494,35,0.000007,0,1,1,0,1,1
30179484,,0,0,174,0.000007,0,1,1,0,1,1
18782561,,0,0,174,0.000013,1,0,1,1,0,1
30464596,,0,0.000009,231,0.000007,0,1,1,0,1,1
25038754,,0,0.000108,231,0.000007,0,4,4,0,4,4
22539603,,0,0.000013,231,0.000007,0,2,2,0,2,2
18784433,,0.000232,0,279,0.000022,8,0,8,8,0,8
26683656,,0,0.000004,279,0.000007,0,1,1,0,1,1
25789956,,0,0.000015,279,0.000007,0,2,2,0,2,2
25729599,,0,0,151,0.000007,0,1,1,0,1,1
18785807,,0,0,151,0.000015,2,0,2,2,0,2
18787910,,0.001098,0,5,0.000026,16,0,16,16,0,16
22199990,,0,0.000021,5,0.000007,0,1,1,0,1,1
18790625,,0,0,175,0.000013,2,0,2,2,0,2
30161160,,0,0.000001,66,0.000007,0,1,1,0,1,1
18794105,,0.000063,0,66,0.00016,28,0,28,28,0,28
29637493,,0,0.000001,66,0.000007,0,1,1,0,1,1
27713292,,0,0.000001,66,0.000007,0,1,1,0,1,1
25114852,,0,0.000001,66,0.000007,0,1,1,0,1,1
24853369,,0,0.000001,66,0.000007,0,1,1,0,1,1
24697814,,0,0.000001,66,0.000007,0,1,1,0,1,1
24328412,,0,0.000001,66,0.000007,0,1,1,0,1,1
24098545,,0,0.000001,66,0.000007,0,1,1,0,1,1
23346096,,0,0.000373,66,0.000007,0,2,2,0,2,2
22553469,,0,0.000001,66,0.000007,0,1,1,0,1,1
22531359,,0,0.000001,66,0.000007,0,1,1,0,1,1
21880792,,0,0.000001,66,0.000007,0,1,1,0,1,1
21768473,,0,0.000001,66,0.000007,0,1,1,0,1,1
21709817,,0,0.000001,66,0.000007,0,1,1,0,1,1
21632461,,0,0.000001,66,0.000007,0,1,1,0,1,1
21421116,,0,0.000001,66,0.000007,0,1,1,0,1,1
21325141,,0,0.000001,66,0.000007,0,1,1,0,1,1
20731819,,0,0.000001,66,0.000007,0,1,1,0,1,1
20700120,,0,0.000001,66,0.000007,0,1,1,0,1,1
20565970,,0,0.000001,66,0.000007,0,1,1,0,1,1
20439629,,0,0.000001,66,0.000007,0,1,1,0,1,1
20120834,,0,0.000001,66,0.000007,0,1,1,0,1,1
19647203,,0,0.000001,66,0.000007,0,1,1,0,1,1
19421167,,0,0.000001,66,0.000007,0,1,1,0,1,1
19128430,,0,0.000001,66,0.000007,0,1,1,0,1,1
18796025,,0.000349,0,5,0.00001,3,0,3,3,0,3
28539822,,0,0.000001,176,0.000007,0,1,1,0,1,1
18796370,,0.000027,0,176,0.000044,10,0,10,10,0,10
24987982,,0,0.000001,176,0.000007,0,1,1,0,1,1
23726004,,0,0.000001,176,0.000007,0,1,1,0,1,1
21540473,,0,0.000208,176,0.000007,0,3,3,0,3,3
21317874,,0,0.000001,176,0.000007,0,1,1,0,1,1
18796517,,0,0,90,0.000193,33,0,33,33,0,33
29636868,,0,0,90,0.000007,0,1,1,0,1,1
29358568,,0,0,90,0.000007,0,1,1,0,1,1
29304010,,0,0,241,0.000007,0,2,2,0,2,2
28629129,,0,0,90,0.000007,0,1,1,0,1,1
28241420,,0,0,90,0.000007,0,1,1,0,1,1
27886135,,0,0,90,0.000007,0,1,1,0,1,1
27118978,,0,0,90,0.000007,0,1,1,0,1,1
27042131,,0,0,90,0.000007,0,1,1,0,1,1
26681936,,0,0,90,0.000007,0,1,1,0,1,1
26605099,,0,0,90,0.000007,0,1,1,0,1,1
26276750,,0,0,90,0.000007,0,1,1,0,1,1
26258775,,0,0,90,0.000007,0,1,1,0,1,1
25627999,,0,0,90,0.000007,0,1,1,0,1,1
25263312,,0,0,90,0.000007,0,1,1,0,1,1
25254044,,0,0,90,0.000007,0,1,1,0,1,1
24753886,,0,0,90,0.000007,0,1,1,0,1,1
24312387,,0,0,90,0.000007,0,1,1,0,1,1
23766879,,0,0,90,0.000007,0,1,1,0,1,1
23577225,,0,0,90,0.000007,0,1,1,0,1,1
23484100,,0,0,90,0.000007,0,1,1,0,1,1
23385720,,0,0,90,0.000007,0,1,1,0,1,1
23060856,,0,0,90,0.000007,0,1,1,0,1,1
22302614,,0,0,90,0.000007,0,1,1,0,1,1
22254060,,0,0,90,0.000007,0,1,1,0,1,1
22253990,,0,0,90,0.000007,0,1,1,0,1,1
21827449,,0,0,90,0.000007,0,1,1,0,1,1
21792336,,0,0,90,0.000007,0,1,1,0,1,1
21177797,,0,0,90,0.000007,0,1,1,0,1,1
20590611,,0,0,90,0.000007,0,1,1,0,1,1
20511398,,0,0,90,0.000007,0,1,1,0,1,1
18798010,,0.000271,0,35,0.000019,4,0,4,4,0,4
24062799,,0,0.000005,35,0.000007,0,1,1,0,1,1
18798071,,0.000089,0,35,0.000029,6,0,6,6,0,6
27563447,,0,0.000002,35,0.000007,0,1,1,0,1,1
25176561,,0,0.000013,35,0.000007,0,3,3,0,3,3
23663520,,0,0.000002,35,0.000007,0,1,1,0,1,1
22782554,,0,0.000002,35,0.000007,0,1,1,0,1,1
30427217,,0,0.000796,1,0.000007,0,4,4,0,4,4
18800822,,0.028593,0,1,0.000268,113,0,113,113,0,113
29996103,,0,0.000545,1,0.000007,0,1,1,0,1,1
29974335,,0,0.000614,1,0.000007,0,2,2,0,2,2
29685734,,0,0.000545,1,0.000007,0,1,1,0,1,1
29630818,,0,0.004528,1,0.000007,0,5,5,0,5,5
29572254,,0,0.000545,1,0.000007,0,1,1,0,1,1
29465803,,0,0.015251,1,0.000007,0,15,15,0,15,15
29247608,,0,0.000751,1,0.000007,0,2,2,0,2,2
28959974,,0,0.000943,1,0.000007,0,2,2,0,2,2
28934471,,0,0.001118,1,0.000007,0,2,2,0,2,2
28770827,,0,0.002245,1,0.000007,0,12,12,0,12,12
28587822,,0,0.000835,1,0.000007,0,3,3,0,3,3
28473593,,0,0.001107,1,0.000007,0,4,4,0,4,4
28158293,,0,0.000545,1,0.000007,0,1,1,0,1,1
28001384,,0,0.010739,1,0.000007,0,11,11,0,11,11
27926532,,0,0.007402,1,0.000007,0,4,4,0,4,4
27918558,,0,0.001351,1,0.000007,0,4,4,0,4,4
27177826,,0,0.000751,176,0.000007,0,2,2,0,2,2
26808835,,0,0.000782,1,0.000007,0,3,3,0,3,3
26730949,,0,0.000811,1,0.000007,0,3,3,0,3,3
26664581,,0,0.000545,1,0.000007,0,1,1,0,1,1
26493053,,0,0.000751,1,0.000007,0,2,2,0,2,2
26337803,,0,0.000751,1,0.000007,0,2,2,0,2,2
25984718,,0,0.014866,1,0.000007,0,11,11,0,11,11
25895168,,0,0.00385,1,0.000007,0,6,6,0,6,6
25584654,,0,0.009324,1,0.000007,0,4,4,0,4,4
25474690,,0,0.000662,100,0.000007,0,3,3,0,3,3
25355314,,0,0.000545,1,0.000007,0,1,1,0,1,1
25299683,,0,0.000545,1,0.000007,0,1,1,0,1,1
25257171,,0,0.000751,1,0.000007,0,2,2,0,2,2
25007066,,0,0.000545,1,0.000007,0,1,1,0,1,1
24970386,,0,0.000867,1,0.000007,0,3,3,0,3,3
24900770,,0,0.000845,1,0.000007,0,2,2,0,2,2
24705085,,0,0.000821,1,0.000007,0,3,3,0,3,3
24663433,,0,0.000545,1,0.000007,0,1,1,0,1,1
24552776,,0,0.000545,1,0.000007,0,1,1,0,1,1
24521039,,0,0.000545,1,0.000007,0,1,1,0,1,1
24503274,,0,0.004424,1,0.000007,0,6,6,0,6,6
23960025,,0,0.000545,1,0.000007,0,1,1,0,1,1
23870130,,0,0.000545,1,0.000007,0,1,1,0,1,1
23593370,,0,0.004049,1,0.000007,0,3,3,0,3,3
23422672,,0,0.004621,1,0.000007,0,6,6,0,6,6
23049934,,0,0.000545,1,0.000007,0,1,1,0,1,1
22768182,,0,0.000545,1,0.000007,0,1,1,0,1,1
22623791,,0,0.000545,1,0.000007,0,1,1,0,1,1
22556254,,0,0.001939,1,0.000007,0,2,2,0,2,2
21962084,,0,0.004509,1,0.000007,0,4,4,0,4,4
21956491,,0,0.007205,1,0.000007,0,2,2,0,2,2
21326243,,0,0.00728,1,0.000007,0,3,3,0,3,3
20844317,,0,0.000545,1,0.000007,0,1,1,0,1,1
20621183,,0,0.000545,1,0.000007,0,1,1,0,1,1
18804494,,0.001241,0,176,0.000028,12,0,12,12,0,12
24728176,,0,0.000094,176,0.000007,0,2,2,0,2,2
24728101,,0,0.000024,176,0.000007,0,1,1,0,1,1
18807164,,0.000021,0,5,0.000024,6,0,6,6,0,6
24141428,,0,0,5,0.000007,0,1,1,0,1,1
19787437,,0,0,5,0.000007,0,1,1,0,1,1
18807178,,0.000519,0,89,0.000009,6,0,6,6,0,6
21725499,,0,0.000096,5,0.000007,0,1,1,0,1,1
18813953,,0.000823,0,100,0.000024,8,0,8,8,0,8
26832928,,0,0.000016,100,0.000007,0,1,1,0,1,1
26543769,,0,0.000034,279,0.000007,0,5,5,0,5,5
26318587,,0,0.000016,100,0.000007,0,1,1,0,1,1
29330212,,0,0.000057,35,0.000007,0,1,1,0,1,1
18815879,,0.003011,0,35,0.000128,39,0,39,39,0,39
29137351,,0,0.000057,35,0.000007,0,1,1,0,1,1
28341962,,0,0.000221,35,0.000007,0,2,2,0,2,2
28040796,,0,0.000057,35,0.000007,0,1,1,0,1,1
27904534,,0,0.000057,35,0.000007,0,1,1,0,1,1
27313463,,0,0.000057,35,0.000007,0,1,1,0,1,1
26717372,,0,0.000161,35,0.000007,0,2,2,0,2,2
25666364,,0,0.000057,35,0.000007,0,1,1,0,1,1
25115342,,0,0.000079,35,0.000007,0,2,2,0,2,2
25041824,,0,0.000074,66,0.000007,0,2,2,0,2,2
25030022,,0,0.000057,35,0.000007,0,1,1,0,1,1
24966795,,0,0.000057,35,0.000007,0,1,1,0,1,1
23356903,,0,0.000057,35,0.000007,0,1,1,0,1,1
20585866,,0,0.000057,35,0.000007,0,1,1,0,1,1
19672267,,0,0.000057,35,0.000007,0,1,1,0,1,1
26340858,,0,0.000008,5,0.000007,0,3,3,0,3,3
18816317,,0,0,5,0.000007,0,1,1,0,1,1
25152582,,0,0.000002,205,0.000007,0,1,1,0,1,1
18818508,,0.000116,0,205,0.000021,6,0,6,6,0,6
18819001,,0.000799,0,89,0.000023,16,0,16,16,0,16
22333393,,0,0.000141,35,0.000007,0,2,2,0,2,2
21392410,,0,0.000031,231,0.000007,0,3,3,0,3,3
29158875,,0,0,177,0.000007,0,1,1,0,1,1
18819462,,0,0,177,0.000016,2,0,2,2,0,2
18819994,,0.001995,0,1,0.000021,7,0,7,7,0,7
22959031,,0,0.000038,1,0.000007,0,1,1,0,1,1
18821011,,0.000936,0,89,0.00001,9,0,9,9,0,9
18822852,,0.000063,0,89,0.000012,2,0,2,2,0,2
28928874,,0,0.000005,24,0.000007,0,5,5,0,5,5
18823676,,0.000228,0,24,0.00014,33,0,33,33,0,33
28870231,,0,0.000031,24,0.000007,0,4,4,0,4,4
27911857,,0,0.000004,24,0.000007,0,1,1,0,1,1
27284047,,0,0.000004,24,0.000007,0,1,1,0,1,1
27249003,,0,0.000004,24,0.000007,0,1,1,0,1,1
26714461,,0,0.000005,24,0.000007,0,2,2,0,2,2
26270652,,0,0.000005,24,0.000007,0,3,3,0,3,3
25960692,,0,0.000004,24,0.000007,0,1,1,0,1,1
25810011,,0,0.000004,24,0.000007,0,1,1,0,1,1
25236865,,0,0.000004,24,0.000007,0,1,1,0,1,1
24944510,,0,0.000004,24,0.000007,0,1,1,0,1,1
24353711,,0,0.000045,24,0.000007,0,5,5,0,5,5
23514287,,0,0.000055,24,0.000007,0,3,3,0,3,3
22509477,,0,0.000005,24,0.000007,0,2,2,0,2,2
22464282,,0,0.000006,24,0.000007,0,3,3,0,3,3
22248732,,0,0.000005,24,0.000007,0,2,2,0,2,2
22112610,,0,0.000005,24,0.000007,0,2,2,0,2,2
21118093,,0,0.000005,24,0.000007,0,2,2,0,2,2
20421821,,0,0.000004,24,0.000007,0,1,1,0,1,1
22802312,,0,0.000889,140,0.000007,0,4,4,0,4,4
24202442,,0,0.000001,35,0.000007,0,1,1,0,1,1
21102523,,0,0.000001,35,0.000007,0,1,1,0,1,1
20422001,,0,0.000001,35,0.000007,0,1,1,0,1,1
30239665,,0,0,279,0.000007,0,1,1,0,1,1
18829507,,0.000017,0,279,0.000206,40,0,40,40,0,40
30202514,,0,0,279,0.000007,0,1,1,0,1,1
29991989,,0,0,279,0.000007,0,1,1,0,1,1
29941787,,0,0,279,0.000007,0,1,1,0,1,1
29560115,,0,0,279,0.000007,0,1,1,0,1,1
29312555,,0,0,279,0.000007,0,1,1,0,1,1
29100425,,0,0,279,0.000007,0,1,1,0,1,1
28562620,,0,0,279,0.000007,0,1,1,0,1,1
28105078,,0,0,279,0.000007,0,1,1,0,1,1
27992600,,0,0,279,0.000007,0,1,1,0,1,1
27748927,,0,0,279,0.000007,0,1,1,0,1,1
27528034,,0,0,279,0.000007,0,1,1,0,1,1
27446456,,0,0,279,0.000007,0,1,1,0,1,1
26884993,,0,0,279,0.000007,0,1,1,0,1,1
26823831,,0,0,279,0.000007,0,1,1,0,1,1
26796959,,0,0,279,0.000007,0,1,1,0,1,1
26668499,,0,0,279,0.000007,0,1,1,0,1,1
26457012,,0,0,279,0.000007,0,1,1,0,1,1
26379360,,0,0.000004,279,0.000007,0,2,2,0,2,2
26269563,,0,0,279,0.000007,0,1,1,0,1,1
26176219,,0,0,279,0.000007,0,1,1,0,1,1
25961819,,0,0,279,0.000007,0,1,1,0,1,1
25954972,,0,0.000004,279,0.000007,0,2,2,0,2,2
25128828,,0,0.00002,279,0.000007,0,2,2,0,2,2
24807215,,0,0,279,0.000007,0,1,1,0,1,1
24265783,,0,0,279,0.000007,0,1,1,0,1,1
24128875,,0,0.000053,69,0.000007,0,2,2,0,2,2
23983680,,0,0,279,0.000007,0,1,1,0,1,1
23228105,,0,0,279,0.000007,0,1,1,0,1,1
20965966,,0,0,279,0.000007,0,1,1,0,1,1
20178103,,0,0,279,0.000007,0,1,1,0,1,1
20154727,,0,0,279,0.000007,0,1,1,0,1,1
18830124,,0.000182,0,69,0.000009,2,0,2,2,0,2
22848396,,0,0.000189,69,0.000007,0,3,3,0,3,3
18832051,,0.021908,0,1,0.000133,63,0,63,63,0,63
29038346,,0,0.007526,1,0.000007,0,5,5,0,5,5
28887051,,0,0.005607,1,0.000007,0,7,7,0,7,7
28453388,,0,0.003298,1,0.000007,0,7,7,0,7,7
27958275,,0,0.000609,1,0.000007,0,2,2,0,2,2
26643555,,0,0.000418,1,0.000007,0,1,1,0,1,1
23144700,,0,0.001736,1,0.000007,0,2,2,0,2,2
21716659,,0,0.000418,1,0.000007,0,1,1,0,1,1
21343400,,0.000007,0.007078,1,0.000016,2,2,4,2,2,4
19126568,,0,0.000418,1,0.000007,0,1,1,0,1,1
23468868,,0,0,66,0.000007,0,1,1,0,1,1
18832373,,0,0,66,0.000028,4,0,4,4,0,4
21586164,,0,0,66,0.000007,0,1,1,0,1,1
20081217,,0,0,66,0.000007,0,1,1,0,1,1
23936684,,0,0,178,0.000007,0,1,1,0,1,1
18833034,,0,0,178,0.000019,2,0,2,2,0,2
20429839,,0,0,178,0.000007,0,1,1,0,1,1
30429477,,0,0.000109,69,0.000007,0,2,2,0,2,2
18837894,,0.003553,0,1,0.000033,15,0,15,15,0,15
21595892,,0,0.000068,1,0.000007,0,1,1,0,1,1
20406928,,0,0.000068,1,0.000007,0,1,1,0,1,1
20017885,,0,0.006728,1,0.000007,0,2,2,0,2,2
27761027,,0,0.000014,89,0.000007,0,2,2,0,2,2
18841041,,0.000735,0,89,0.000018,8,0,8,8,0,8
21248166,,0,0.000014,89,0.000007,0,1,1,0,1,1
28243331,,0,0,176,0.000007,0,1,1,0,1,1
18842997,,0.000018,0,176,0.000025,5,0,5,5,0,5
25826662,,0,0.000006,89,0.000007,0,1,1,0,1,1
18844490,,0.000328,0,89,0.000015,3,0,3,3,0,3
28106826,,0,0.000002,279,0.000007,0,1,1,0,1,1
18848448,,0.00008,0,279,0.000146,24,0,24,24,0,24
27501963,,0,0.000002,279,0.000007,0,1,1,0,1,1
27302369,,0,0.000002,279,0.000007,0,1,1,0,1,1
26658612,,0,0.000002,279,0.000007,0,1,1,0,1,1
26528816,,0,0.000002,279,0.000007,0,1,1,0,1,1
26334567,,0,0.000002,279,0.000007,0,1,1,0,1,1
25668151,,0,0.000002,279,0.000007,0,1,1,0,1,1
25460919,,0,0.000002,279,0.000007,0,1,1,0,1,1
25301724,,0,0.000002,279,0.000007,0,1,1,0,1,1
24266894,,0,0.000002,279,0.000007,0,1,1,0,1,1
23740245,,0,0.000002,279,0.000007,0,1,1,0,1,1
23520519,,0,0.000002,279,0.000007,0,1,1,0,1,1
22787431,,0,0.000002,279,0.000007,0,1,1,0,1,1
22513088,,0,0.000002,279,0.000007,0,1,1,0,1,1
22277732,,0,0.000002,279,0.000007,0,1,1,0,1,1
22135120,,0,0.000002,279,0.000007,0,1,1,0,1,1
22052467,,0,0.000002,279,0.000007,0,1,1,0,1,1
22011079,,0,0.000002,279,0.000007,0,1,1,0,1,1
21311754,,0,0.000002,279,0.000007,0,1,1,0,1,1
20937854,,0,0.000002,279,0.000007,0,1,1,0,1,1
20591184,,0,0.000002,279,0.000007,0,1,1,0,1,1
20066091,,0,0.000002,279,0.000007,0,1,1,0,1,1
19384857,,0,0.000002,279,0.000007,0,1,1,0,1,1
30380732,,0,0.000058,241,0.000007,0,2,2,0,2,2
30356255,,0,0.000045,241,0.000007,0,1,1,0,1,1
29922443,,0,0.000045,241,0.000007,0,1,1,0,1,1
29867453,,0,0.000045,241,0.000007,0,2,2,0,2,2
29725214,,0,0.000045,241,0.000007,0,1,1,0,1,1
29707158,,0,0.000045,241,0.000007,0,1,1,0,1,1
29340027,,0,0.000045,241,0.000007,0,1,1,0,1,1
29312829,,0,0.000045,241,0.000007,0,1,1,0,1,1
28678839,,0,0.000045,241,0.000007,0,1,1,0,1,1
28634450,,0,0.000045,241,0.000007,0,1,1,0,1,1
28440450,,0,0.000045,241,0.000007,0,1,1,0,1,1
28162896,,0,0.000045,241,0.000007,0,1,1,0,1,1
27670594,,0,0.000045,241,0.000007,0,1,1,0,1,1
27346580,,0,0.000045,241,0.000007,0,1,1,0,1,1
27345396,,0,0.000045,241,0.000007,0,1,1,0,1,1
27242892,,0,0.000083,1,0.000007,0,2,2,0,2,2
27197174,,0,0.000045,241,0.000007,0,1,1,0,1,1
27117759,,0,0.000045,241,0.000007,0,1,1,0,1,1
27114721,,0,0.000045,241,0.000007,0,1,1,0,1,1
26992208,,0,0.000045,241,0.000007,0,1,1,0,1,1
26959057,,0,0.000045,241,0.000007,0,1,1,0,1,1
26834854,,0,0.000045,241,0.000007,0,1,1,0,1,1
26454069,,0,0.000045,241,0.000007,0,1,1,0,1,1
25995644,,0,0.000045,241,0.000007,0,1,1,0,1,1
25950477,,0,0.000045,241,0.000007,0,1,1,0,1,1
25922660,,0,0.000045,241,0.000007,0,1,1,0,1,1
25806530,,0,0.000045,241,0.000007,0,1,1,0,1,1
25804908,,0,0.000069,57,0.000007,0,2,2,0,2,2
25785061,,0,0.000045,241,0.000007,0,1,1,0,1,1
25785036,,0,0.000045,241,0.000007,0,1,1,0,1,1
25605016,,0,0.000045,241,0.000007,0,1,1,0,1,1
25591986,,0,0.000045,241,0.000007,0,1,1,0,1,1
25568452,,0,0.000045,241,0.000007,0,1,1,0,1,1
25469273,,0,0.000045,241,0.000007,0,1,1,0,1,1
25424328,,0,0.000045,241,0.000007,0,1,1,0,1,1
25380034,,0,0.000045,241,0.000007,0,1,1,0,1,1
25280219,,0,0.000045,241,0.000007,0,1,1,0,1,1
25275593,,0,0.000045,241,0.000007,0,1,1,0,1,1
25040736,,0,0.000045,241,0.000007,0,1,1,0,1,1
24962284,,0,0.000045,241,0.000007,0,1,1,0,1,1
24892674,,0,0.000045,241,0.000007,0,1,1,0,1,1
24709709,,0,0.000045,241,0.000007,0,1,1,0,1,1
24603648,,0,0.000045,241,0.000007,0,1,1,0,1,1
24496310,,0,0.000045,241,0.000007,0,1,1,0,1,1
24441046,,0,0.000045,241,0.000007,0,1,1,0,1,1
24307610,,0,0.000059,241,0.000007,0,4,4,0,4,4
24278473,,0,0.000045,241,0.000007,0,1,1,0,1,1
24163589,,0,0.000045,241,0.000007,0,1,1,0,1,1
24133372,,0,0.000045,241,0.000007,0,1,1,0,1,1
24127549,,0,0.000045,241,0.000007,0,1,1,0,1,1
24020005,,0,0.000223,89,0.000007,0,2,2,0,2,2
24009628,,0,0.000045,241,0.000007,0,1,1,0,1,1
23799088,,0,0.000045,241,0.000007,0,1,1,0,1,1
23604120,,0,0.000045,241,0.000007,0,1,1,0,1,1
23509217,,0,0.000045,241,0.000007,0,1,1,0,1,1
23454760,,0,0.000045,241,0.000007,0,1,1,0,1,1
23323102,,0,0.000045,241,0.000007,0,1,1,0,1,1
23159372,,0,0.000045,241,0.000007,0,1,1,0,1,1
23050959,,0,0.000051,184,0.000007,0,2,2,0,2,2
23032974,,0,0.000209,35,0.000007,0,2,2,0,2,2
23024800,,0,0.000045,241,0.000007,0,1,1,0,1,1
22919283,,0,0.000045,241,0.000007,0,1,1,0,1,1
22704201,,0,0.000045,241,0.000007,0,1,1,0,1,1
22655255,,0,0.000064,241,0.000007,0,2,2,0,2,2
22653216,,0,0.000045,241,0.000007,0,1,1,0,1,1
22340598,,0,0.000045,241,0.000007,0,1,1,0,1,1
22328271,,0,0.000045,241,0.000007,0,1,1,0,1,1
22203920,,0,0.000045,241,0.000007,0,1,1,0,1,1
22185448,,0,0.000045,241,0.000007,0,1,1,0,1,1
22180829,,0,0.000045,241,0.000007,0,1,1,0,1,1
22085655,,0,0.000045,241,0.000007,0,1,1,0,1,1
22022340,,0,0.000058,241,0.000007,0,3,3,0,3,3
21965330,,0,0.000045,241,0.000007,0,1,1,0,1,1
21941620,,0,0.000045,241,0.000007,0,1,1,0,1,1
21920899,,0,0.000045,241,0.000007,0,1,1,0,1,1
21912480,,0,0.000045,241,0.000007,0,1,1,0,1,1
21844871,,0,0.000045,241,0.000007,0,1,1,0,1,1
21698133,,0,0.000045,241,0.000007,0,1,1,0,1,1
21525818,,0,0.000045,241,0.000007,0,1,1,0,1,1
21258631,,0,0.000058,241,0.000007,0,2,2,0,2,2
20816089,,0,0.000045,241,0.000007,0,1,1,0,1,1
20680393,,0,0.000045,241,0.000007,0,1,1,0,1,1
20599773,,0,0.000045,241,0.000007,0,1,1,0,1,1
20450879,,0,0.000045,241,0.000007,0,1,1,0,1,1
20179424,,0,0.000045,241,0.000007,0,1,1,0,1,1
20157519,,0,0.000045,241,0.000007,0,1,1,0,1,1
20078221,,0,0.000045,241,0.000007,0,1,1,0,1,1
20025641,,0,0.000047,108,0.000007,0,2,2,0,2,2
19935698,,0,0.000045,241,0.000007,0,1,1,0,1,1
19717980,,0,0.000045,241,0.000007,0,1,1,0,1,1
19641587,,0,0.000045,241,0.000007,0,1,1,0,1,1
19470765,,0,0.000045,241,0.000007,0,1,1,0,1,1
19132007,,0,0.000045,241,0.000007,0,1,1,0,1,1
29593526,,0,0.000004,57,0.000007,0,1,1,0,1,1
29313067,,0,0.000004,57,0.000007,0,1,1,0,1,1
29190639,,0,0.000004,57,0.000007,0,1,1,0,1,1
28919751,,0,0.000004,57,0.000007,0,1,1,0,1,1
28864727,,0,0.000004,57,0.000007,0,1,1,0,1,1
28814980,,0,0.000071,57,0.000019,2,3,5,2,3,5
28506198,,0,0.000004,57,0.000007,0,1,1,0,1,1
27384589,,0,0.000004,57,0.000007,0,1,1,0,1,1
27226735,,0,0.00001,367,0.000007,0,2,2,0,2,2
27082124,,0,0.000004,57,0.000007,0,1,1,0,1,1
27078845,,0,0.000004,57,0.000007,0,1,1,0,1,1
26940009,,0,0.000004,57,0.000007,0,1,1,0,1,1
26441991,,0,0.000004,87,0.000007,0,2,2,0,2,2
25579435,,0,0.000004,57,0.000007,0,1,1,0,1,1
24968890,,0,0.000004,57,0.000007,0,1,1,0,1,1
24898083,,0,0.000004,57,0.000007,0,1,1,0,1,1
24893730,,0,0.000004,57,0.000007,0,1,1,0,1,1
24730655,,0,0.000031,57,0.000007,0,2,2,0,2,2
24304540,,0,0.000004,57,0.000007,0,1,1,0,1,1
23889282,,0,0.000004,57,0.000007,0,1,1,0,1,1
23770684,,0,0.000061,57,0.000007,0,2,2,0,2,2
23016853,,0,0.000004,57,0.000007,0,1,1,0,1,1
22900756,,0,0.000004,57,0.000007,0,1,1,0,1,1
22761917,,0,0.000004,57,0.000007,0,1,1,0,1,1
22639737,,0,0.000004,57,0.000007,0,1,1,0,1,1
22074700,,0,0.000004,57,0.000007,0,1,1,0,1,1
21900747,,0,0.000004,57,0.000007,0,1,1,0,1,1
21750224,,0,0.000004,57,0.000007,0,1,1,0,1,1
21725353,,0,0.000061,57,0.000007,0,2,2,0,2,2
21474579,,0,0.000004,57,0.000007,0,1,1,0,1,1
21293477,,0,0.000004,57,0.000007,0,1,1,0,1,1
20935673,,0,0.000004,57,0.000007,0,1,1,0,1,1
20682655,,0,0.000004,57,0.000007,0,1,1,0,1,1
20631069,,0,0.000004,57,0.000007,0,1,1,0,1,1
20233973,,0,0.000004,57,0.000007,0,1,1,0,1,1
20158568,,0,0.000004,57,0.000007,0,1,1,0,1,1
20065354,,0,0.000004,57,0.000007,0,1,1,0,1,1
29945225,,0,0.000056,5,0.000007,0,1,1,0,1,1
18853415,,0.002948,0,5,0.000075,30,0,30,30,0,30
25886583,,0,0.000086,5,0.000007,0,4,4,0,4,4
25674508,,0,0.000056,5,0.000007,0,1,1,0,1,1
24497926,,0,0.000056,5,0.000007,0,1,1,0,1,1
24194738,,0,0.000056,5,0.000007,0,1,1,0,1,1
23681255,,0,0.000237,279,0.000007,0,6,6,0,6,6
21333845,,0,0.000056,5,0.000007,0,1,1,0,1,1
20517309,,0,0.000056,5,0.000007,0,1,1,0,1,1
19465702,,0,0.000056,5,0.000007,0,1,1,0,1,1
18854964,,0.000172,0,35,0.00001,2,0,2,2,0,2
30239898,,0,0.000018,87,0.000007,0,1,1,0,1,1
29069864,,0,0.000018,87,0.000007,0,1,1,0,1,1
28744140,,0,0.000018,87,0.000007,0,1,1,0,1,1
28579392,,0,0.000018,87,0.000007,0,1,1,0,1,1
28480695,,0,0.000044,87,0.000007,0,2,2,0,2,2
28399911,,0,0.000024,87,0.000007,0,2,2,0,2,2
27892764,,0,0.000044,87,0.000007,0,2,2,0,2,2
27494858,,0,0.000018,87,0.000007,0,1,1,0,1,1
27184134,,0,0.000044,87,0.000007,0,2,2,0,2,2
27087578,,0,0.000276,231,0.000007,0,4,4,0,4,4
26792175,,0,0.000305,87,0.000007,0,2,2,0,2,2
26452386,,0,0.000018,87,0.000007,0,1,1,0,1,1
26261546,,0,0.000034,87,0.000007,0,2,2,0,2,2
26108419,,0,0.000024,87,0.000007,0,2,2,0,2,2
26021831,,0,0.000024,35,0.000007,0,2,2,0,2,2
25884680,,0,0.000018,87,0.000007,0,1,1,0,1,1
25339305,,0,0.000018,87,0.000007,0,1,1,0,1,1
25073112,,0,0.000018,87,0.000007,0,1,1,0,1,1
24316975,,0,0.000018,87,0.000007,0,1,1,0,1,1
24219008,,0,0.000083,100,0.000007,0,3,3,0,3,3
23801058,,0,0.000018,87,0.000007,0,1,1,0,1,1
22920668,,0,0.000018,87,0.000007,0,1,1,0,1,1
22828927,,0,0.000018,87,0.000007,0,1,1,0,1,1
22402364,,0,0.000018,87,0.000007,0,1,1,0,1,1
22307329,,0,0.000018,87,0.000007,0,1,1,0,1,1
22226054,,0,0.000044,87,0.000007,0,2,2,0,2,2
22081066,,0,0.000018,87,0.000007,0,1,1,0,1,1
21876152,,0,0.000018,87,0.000007,0,1,1,0,1,1
21245420,,0,0.000018,87,0.000007,0,1,1,0,1,1
20446291,,0,0.000018,87,0.000007,0,1,1,0,1,1
20426839,,0,0.000018,87,0.000007,0,1,1,0,1,1
19849814,,0,0.000018,87,0.000007,0,1,1,0,1,1
19785743,,0,0.000018,87,0.000007,0,1,1,0,1,1
25360893,,0,0.000012,100,0.000007,0,1,1,0,1,1
24411079,,0,0.001092,100,0.000007,0,4,4,0,4,4
18930998,,0.000508,0,231,0.000016,8,0,8,8,0,8
18932252,,0.000118,0,5,0.000012,4,0,4,4,0,4
26486089,,0,0.001031,1,0.000007,0,4,4,0,4,4
18940477,,0.000236,0,89,0.000008,3,0,3,3,0,3
18940747,,0.000027,0,69,0.000008,1,0,1,1,0,1
25610219,,0,0.000036,5,0.000007,0,2,2,0,2,2
18941396,,0.000096,0,5,0.000023,4,0,4,4,0,4
24415988,,0,0.000002,5,0.000007,0,1,1,0,1,1
19787727,,0,0.000002,5,0.000007,0,1,1,0,1,1
18946749,,0.001757,0,1,0.000045,7,0,7,7,0,7
18949432,,0.000031,0,1,0.000014,1,0,1,1,0,1
30147894,,0,0.000033,35,0.000007,0,1,1,0,1,1
28690651,,0,0.000033,35,0.000007,0,1,1,0,1,1
26680641,,0,0.000049,35,0.000007,0,3,3,0,3,3
26617766,,0,0.000033,35,0.000007,0,1,1,0,1,1
22293080,,0,0.000033,35,0.000007,0,1,1,0,1,1
22132735,,0,0.000033,35,0.000007,0,1,1,0,1,1
18951080,,0.000001,0,241,0.000016,2,0,2,2,0,2
19373864,,0,0,241,0.000007,0,1,1,0,1,1
27270698,,0,0.000015,140,0.000007,0,1,1,0,1,1
24195946,,0,0.000047,140,0.000007,0,4,4,0,4,4
23861362,,0,0.000036,140,0.000007,0,2,2,0,2,2
20683926,,0,0.000015,140,0.000007,0,1,1,0,1,1
28765196,,0,0.000067,140,0.000007,0,6,6,0,6,6
21839162,,0,0.000098,140,0.000007,0,3,3,0,3,3
21120944,,0,0.00003,140,0.000007,0,1,1,0,1,1
20052762,,0,0.00003,140,0.000007,0,1,1,0,1,1
26067913,,0,0.000002,108,0.000007,0,1,1,0,1,1
26018905,,0,0.000125,108,0.000007,0,2,2,0,2,2
25785604,,0,0.000002,108,0.000007,0,1,1,0,1,1
24927123,,0,0.000002,108,0.000007,0,1,1,0,1,1
23627734,,0,0.000002,108,0.000007,0,1,1,0,1,1
23474495,,0,0.000002,108,0.000007,0,1,1,0,1,1
23407796,,0,0.000002,108,0.000007,0,1,1,0,1,1
23321641,,0,0.000002,108,0.000007,0,1,1,0,1,1
23196055,,0,0.000002,108,0.000007,0,1,1,0,1,1
22543582,,0,0.000084,35,0.000007,0,3,3,0,3,3
21170260,,0,0.000061,69,0.000007,0,6,6,0,6,6
19580428,,0,0.000002,108,0.000007,0,1,1,0,1,1
18954285,,0.010747,0,100,0.000175,60,0,60,60,0,60
25470112,,0,0.000205,100,0.000007,0,1,1,0,1,1
25383966,,0,0.00021,72,0.000007,0,2,2,0,2,2
23344974,,0,0.000205,100,0.000007,0,1,1,0,1,1
21637299,,0,0.000205,100,0.000007,0,1,1,0,1,1
18955455,,0.046018,0,1,0.000224,109,0,109,109,0,109
29610388,,0,0.0134,1,0.000007,0,11,11,0,11,11
26724258,,0,0.00218,1,0.000007,0,4,4,0,4,4
26463438,,0,0.00181,1,0.000007,0,4,4,0,4,4
23378788,,0,0.011506,1,0.000007,0,6,6,0,6,6
23146216,,0.003178,0.008125,1,0.000036,19,8,27,19,8,27
22312486,,0,0.000878,1,0.000007,0,1,1,0,1,1
21724856,,0,0.001107,231,0.000007,0,3,3,0,3,3
18957670,,0.000219,0,2,0.000017,7,0,7,7,0,7
27879703,,0,0,179,0.000007,0,1,1,0,1,1
18968572,,0,0,179,0.000019,2,0,2,2,0,2
25057139,,0,0,179,0.000007,0,1,1,0,1,1
30015966,,0,0,180,0.000007,0,1,1,0,1,1
18972750,,0,0,180,0.000013,1,0,1,1,0,1
29689049,,0,0.000004,231,0.000007,0,1,1,0,1,1
18974064,,0.000231,0,231,0.000054,24,0,24,24,0,24
26296701,,0.000003,0.000388,205,0.000024,4,8,12,4,8,12
25298020,,0,0.000004,231,0.000007,0,1,1,0,1,1
23967281,,0,0.000004,231,0.000007,0,1,1,0,1,1
30183731,,0,0.00001,5,0.000007,0,1,1,0,1,1
25574277,,0,0.00003,5,0.000007,0,4,4,0,4,4
22115285,,0,0.00001,5,0.000007,0,1,1,0,1,1
30082272,,0,0.00009,35,0.000007,0,2,2,0,2,2
30018953,,0,0.000078,35,0.000007,0,1,1,0,1,1
29642589,,0,0.000078,35,0.000007,0,1,1,0,1,1
29616116,,0,0.000078,35,0.000007,0,1,1,0,1,1
29540699,,0,0.000081,35,0.000007,0,3,3,0,3,3
29413765,,0,0.000093,35,0.000007,0,2,2,0,2,2
29350308,,0,0.000078,35,0.000007,0,1,1,0,1,1
29164052,,0,0.000082,57,0.000007,0,2,2,0,2,2
29152453,,0,0.000079,35,0.000007,0,2,2,0,2,2
28887524,,0,0.000078,35,0.000007,0,1,1,0,1,1
28795052,,0,0.000188,35,0.000007,0,3,3,0,3,3
28685160,,0,0.000253,1,0.000007,0,3,3,0,3,3
28497041,,0,0.000135,35,0.000007,0,2,2,0,2,2
28105162,,0,0.000078,35,0.000007,0,1,1,0,1,1
27956838,,0,0.000147,35,0.000007,0,3,3,0,3,3
27923045,,0,0.000171,35,0.000007,0,3,3,0,3,3
27503504,,0,0.000079,35,0.000007,0,2,2,0,2,2
27007464,,0,0.000654,35,0.000007,0,7,7,0,7,7
26513016,,0,0.000206,35,0.000007,0,3,3,0,3,3
26469225,,0,0.000109,35,0.000007,0,4,4,0,4,4
26404901,,0,0.000078,35,0.000007,0,1,1,0,1,1
25969506,,0,0.000078,35,0.000007,0,1,1,0,1,1
25223380,,0,0.00037,72,0.000007,0,4,4,0,4,4
24853182,,0,0.000078,35,0.000007,0,1,1,0,1,1
24495414,,0,0.000078,35,0.000007,0,1,1,0,1,1
24227994,,0,0.000163,35,0.000007,0,2,2,0,2,2
23840429,,0,0.000078,35,0.000007,0,1,1,0,1,1
23543813,,0,0.000078,35,0.000007,0,1,1,0,1,1
23040260,,0,0.000078,35,0.000007,0,1,1,0,1,1
22289355,,0,0.000415,35,0.000007,0,3,3,0,3,3
22259098,,0,0.000078,35,0.000007,0,1,1,0,1,1
22006582,,0,0.000078,35,0.000007,0,1,1,0,1,1
21874118,,0,0.000078,35,0.000007,0,1,1,0,1,1
21842244,,0,0.000078,35,0.000007,0,1,1,0,1,1
21105030,,0,0.000078,35,0.000007,0,1,1,0,1,1
20406885,,0,0.000105,35,0.000007,0,2,2,0,2,2
19584257,,0,0.000208,35,0.000007,0,2,2,0,2,2
26982978,,0,0.000002,231,0.000007,0,1,1,0,1,1
18980973,,0.000113,0,231,0.000015,3,0,3,3,0,3
29416602,,0,0.000016,35,0.000007,0,1,1,0,1,1
28994305,,0,0.000016,35,0.000007,0,1,1,0,1,1
28607325,,0,0.000016,35,0.000007,0,1,1,0,1,1
27624071,,0,0.000016,35,0.000007,0,1,1,0,1,1
25503972,,0,0.000016,35,0.000007,0,2,2,0,2,2
25099186,,0,0.000016,35,0.000007,0,1,1,0,1,1
24579949,,0,0.000016,35,0.000007,0,1,1,0,1,1
24066089,,0,0.000016,35,0.000007,0,1,1,0,1,1
23358096,,0,0.000016,35,0.000007,0,1,1,0,1,1
23088658,,0,0.000016,35,0.000007,0,1,1,0,1,1
22051041,,0,0.000016,35,0.000007,0,1,1,0,1,1
21167174,,0,0.000016,35,0.000007,0,1,1,0,1,1
19654296,,0,0.000016,35,0.000007,0,1,1,0,1,1
27995427,,0,0.000354,5,0.000007,0,17,17,0,17,17
25129323,,0,0.000018,5,0.000007,0,1,1,0,1,1
24808804,,0,0.000018,5,0.000007,0,1,1,0,1,1
21921576,,0,0.000018,5,0.000007,0,1,1,0,1,1
18990759,,0.00248,0,5,0.000033,18,0,18,18,0,18
25233067,,0,0.000047,5,0.000007,0,1,1,0,1,1
23541823,,0,0.000064,69,0.000007,0,2,2,0,2,2
24386510,,0,0.000033,140,0.000007,0,1,1,0,1,1
18996907,,0.002708,0,5,0.000027,17,0,17,17,0,17
28723234,,0,0.000038,90,0.000007,0,1,1,0,1,1
25486197,,0.000221,0.000539,90,0.000018,7,19,26,7,19,26
24629067,,0.00019,0.000337,90,0.000009,2,12,14,2,12,14
23031817,,0,0.000038,90,0.000007,0,1,1,0,1,1
20689759,,0,0.000038,90,0.000007,0,1,1,0,1,1
18996136,,0,0.000038,90,0.000007,0,1,1,0,1,1
19000876,,0.000913,0,5,0.000018,7,0,7,7,0,7
26592944,,0,0.000017,5,0.000007,0,1,1,0,1,1
28880857,,0,0.000582,5,0.000013,1,8,9,1,8,9
25888346,,0,0.000018,5,0.000007,0,1,1,0,1,1
30226618,,0,0.000107,100,0.000007,0,2,2,0,2,2
28250390,,0,0.000004,100,0.000007,0,1,1,0,1,1
27232757,,0,0.000004,100,0.000007,0,1,1,0,1,1
24970821,,0,0.000004,100,0.000007,0,1,1,0,1,1
30237724,,0,0.000063,24,0.000007,0,6,6,0,6,6
29147418,,0,0.000039,24,0.000007,0,1,1,0,1,1
28927142,,0,0.000039,24,0.000007,0,1,1,0,1,1
28101226,,0,0.000104,24,0.000007,0,3,3,0,3,3
26639561,,0,0.000152,24,0.000007,0,4,4,0,4,4
25295525,,0,0.000039,24,0.000007,0,1,1,0,1,1
24948964,,0.000003,0.000596,24,0.000015,5,6,11,5,6,11
24817947,,0,0.000039,24,0.000007,0,1,1,0,1,1
24040438,,0,0.000039,24,0.000007,0,2,2,0,2,2
22722312,,0,0.000039,24,0.000007,0,1,1,0,1,1
22427797,,0,0.000039,24,0.000007,0,1,1,0,1,1
22425885,,0,0.000039,24,0.000007,0,1,1,0,1,1
20226083,,0,0.000039,24,0.000007,0,1,1,0,1,1
26430700,,0,0,87,0.000007,0,1,1,0,1,1
22496369,,0,0,87,0.000007,0,1,1,0,1,1
20938050,,0,0,87,0.000007,0,1,1,0,1,1
22767218,,0,0,100,0.000007,0,1,1,0,1,1
21143970,,0,0,100,0.000007,0,1,1,0,1,1
19008097,,0.006808,0,35,0.000226,83,0,83,83,0,83
30034942,,0,0.000204,35,0.000007,0,3,3,0,3,3
29053266,,0,0.0002,35,0.000007,0,2,2,0,2,2
28685080,,0,0.000284,35,0.000007,0,4,4,0,4,4
28423538,,0,0.000131,35,0.000007,0,3,3,0,3,3
28367238,,0,0.00013,35,0.000007,0,1,1,0,1,1
28243322,,0,0.000353,35,0.000007,0,2,2,0,2,2
28216624,,0,0.000311,35,0.000007,0,4,4,0,4,4
28038470,,0,0.00013,35,0.000007,0,1,1,0,1,1
27513518,,0,0.000304,35,0.000007,0,3,3,0,3,3
27310425,,0,0.000136,35,0.000007,0,2,2,0,2,2
27282478,,0,0.00013,35,0.000007,0,1,1,0,1,1
27255535,,0,0.000154,35,0.000007,0,3,3,0,3,3
26888313,,0,0.00013,35,0.000007,0,1,1,0,1,1
26607327,,0,0.00013,35,0.000007,0,1,1,0,1,1
26088362,,0,0.00013,35,0.000007,0,1,1,0,1,1
26039245,,0,0.000484,35,0.000007,0,4,4,0,4,4
25927362,,0,0.000132,35,0.000007,0,2,2,0,2,2
24747080,,0,0.00013,35,0.000007,0,1,1,0,1,1
24648755,,0,0.00013,35,0.000007,0,1,1,0,1,1
24533257,,0,0.00013,35,0.000007,0,1,1,0,1,1
23956109,,0,0.00013,35,0.000007,0,1,1,0,1,1
23376885,,0,0.000211,35,0.000007,0,2,2,0,2,2
22917779,,0,0.00013,35,0.000007,0,1,1,0,1,1
22266872,,0,0.00013,35,0.000007,0,1,1,0,1,1
21965336,,0,0.00365,35,0.000007,0,4,4,0,4,4
21423660,,0,0.000132,35,0.000007,0,2,2,0,2,2
21203526,,0,0.00013,35,0.000007,0,1,1,0,1,1
20940394,,0,0.00013,35,0.000007,0,1,1,0,1,1
20298150,,0,0.000208,35,0.000007,0,2,2,0,2,2
30231883,,0,0.000003,5,0.000007,0,2,2,0,2,2
19009954,,0.000014,0,279,0.00003,7,0,7,7,0,7
28830193,,0,0,279,0.000007,0,1,1,0,1,1
23596564,,0,0.000545,279,0.000007,0,2,2,0,2,2
20335428,,0,0,279,0.000007,0,1,1,0,1,1
19010876,,0.00168,0,5,0.000018,8,0,8,8,0,8
20379445,,0,0.000032,5,0.000007,0,1,1,0,1,1
29524558,,0,0.000094,57,0.000007,0,1,1,0,1,1
29080385,,0,0.000102,69,0.000007,0,2,2,0,2,2
28173629,,0,0.000158,279,0.000007,0,5,5,0,5,5
26396917,,0,0.000152,57,0.000007,0,3,3,0,3,3
25750543,,0,0.000094,57,0.000007,0,1,1,0,1,1
25592494,,0,0.000299,57,0.000007,0,5,5,0,5,5
25148458,,0,0.000099,57,0.000007,0,2,2,0,2,2
25117293,,0,0.000427,57,0.000007,0,3,3,0,3,3
24688780,,0,0.000094,57,0.000007,0,1,1,0,1,1
24614819,,0,0.000094,57,0.000007,0,1,1,0,1,1
21775534,,0,0.001434,57,0.000007,0,3,3,0,3,3
20215522,,0,0.000094,57,0.000007,0,1,1,0,1,1
19823031,,0,0.000094,57,0.000007,0,1,1,0,1,1
19010915,,0.0057,0,100,0.000134,43,0,43,43,0,43
28000892,,0,0.000109,100,0.000007,0,1,1,0,1,1
27121513,,0,0.000163,100,0.000007,0,3,3,0,3,3
26919188,,0,0.000133,100,0.000007,0,2,2,0,2,2
25549359,,0,0.000111,279,0.000007,0,2,2,0,2,2
24811392,,0,0.000157,100,0.000007,0,3,3,0,3,3
23383403,,0,0.000109,100,0.000007,0,1,1,0,1,1
22740904,,0,0.000109,100,0.000007,0,1,1,0,1,1
21874045,,0,0.000109,100,0.000007,0,1,1,0,1,1
20679434,,0,0.000109,100,0.000007,0,1,1,0,1,1
20454509,,0,0.00011,1,0.000007,0,2,2,0,2,2
19010922,,0.000835,0,90,0.000058,17,0,17,17,0,17
26540053,,0,0.000016,90,0.000007,0,1,1,0,1,1
26404389,,0,0.000016,90,0.000007,0,1,1,0,1,1
24658593,,0,0.000016,90,0.000007,0,1,1,0,1,1
20401169,,0,0.000016,90,0.000007,0,1,1,0,1,1
19011960,,0.000164,0,89,0.000007,1,0,1,1,0,1
19012246,,0.001312,0,35,0.00002,10,0,10,10,0,10
22439624,,0,0.000029,35,0.000007,0,3,3,0,3,3
19016350,,0.001603,0,1,0.000009,4,0,4,4,0,4
19016756,,0.001492,0,89,0.000022,13,0,13,13,0,13
24878887,,0,0.000028,89,0.000007,0,1,1,0,1,1
19018088,,0.000272,0,24,0.000082,14,0,14,14,0,14
23839039,,0,0.000005,24,0.000007,0,1,1,0,1,1
22205843,,0,0.000005,24,0.000007,0,1,1,0,1,1
21747690,,0,0.000005,24,0.000007,0,1,1,0,1,1
21342648,,0,0.000005,24,0.000007,0,1,1,0,1,1
22021765,,0,0.000119,1,0.000007,0,2,2,0,2,2
29185855,,0,0.000037,35,0.000007,0,2,2,0,2,2
19020749,,0.001397,0,35,0.000074,20,0,20,20,0,20
26381420,,0,0.000027,35,0.000007,0,1,1,0,1,1
25478227,,0,0.000133,35,0.000007,0,3,3,0,3,3
24489730,,0,0.000028,66,0.000007,0,2,2,0,2,2
24482686,,0,0.000027,35,0.000007,0,1,1,0,1,1
23830194,,0,0.000027,35,0.000007,0,1,1,0,1,1
22859737,,0,0.000266,35,0.000007,0,3,3,0,3,3
19752085,,0,0.000027,35,0.000007,0,1,1,0,1,1
19027287,,0.00184,0,5,0.000011,5,0,5,5,0,5
19027378,,0.000002,0,279,0.000009,1,0,1,1,0,1
28789452,,0,0.000334,176,0.000007,0,3,3,0,3,3
19034564,,0.002396,0,176,0.000089,25,0,25,25,0,25
28778862,,0,0.007482,176,0.000007,0,2,2,0,2,2
28032863,,0,0.000046,176,0.000007,0,1,1,0,1,1
27583352,,0,0.000046,176,0.000007,0,1,1,0,1,1
26115122,,0,0.000352,35,0.000007,0,3,3,0,3,3
25937999,,0,0.000252,176,0.000007,0,2,2,0,2,2
25881228,,0,0.000046,176,0.000007,0,1,1,0,1,1
25535897,,0,0.000046,176,0.000007,0,1,1,0,1,1
24040157,,0,0.000046,176,0.000007,0,1,1,0,1,1
23620807,,0,0.000252,176,0.000007,0,2,2,0,2,2
21611151,,0,0.000046,176,0.000007,0,1,1,0,1,1
20418918,,0,0.000046,176,0.000007,0,1,1,0,1,1
19961617,,0,0.000046,176,0.000007,0,1,1,0,1,1
28381301,,0,0.000005,35,0.000007,0,1,1,0,1,1
20140702,,0,0.000005,35,0.000007,0,1,1,0,1,1
29156754,,0,0.000089,24,0.000007,0,2,2,0,2,2
19035454,,0.004117,0,1,0.000059,26,0,26,26,0,26
26557761,,0,0.000079,1,0.000007,0,1,1,0,1,1
25650716,,0,0.000079,1,0.000007,0,1,1,0,1,1
25635866,,0,0.000315,57,0.000007,0,3,3,0,3,3
23426424,,0,0.000079,1,0.000007,0,1,1,0,1,1
23194409,,0,0.002832,1,0.000007,0,5,5,0,5,5
21689426,,0.000002,0.000346,24,0.000022,4,4,8,4,4,8
19035463,,0.002589,0,5,0.00002,18,0,18,18,0,18
26588231,,0,0.000049,5,0.000007,0,1,1,0,1,1
19036469,,0.000017,0,24,0.00012,27,0,27,27,0,27
28059154,,0,0,24,0.000007,0,1,1,0,1,1
27698852,,0,0,24,0.000007,0,1,1,0,1,1
27293996,,0,0.000001,24,0.000007,0,2,2,0,2,2
26715866,,0,0,24,0.000007,0,1,1,0,1,1
26244818,,0,0,24,0.000007,0,1,1,0,1,1
26176272,,0,0,24,0.000007,0,1,1,0,1,1
25853017,,0,0,24,0.000007,0,1,1,0,1,1
25268163,,0,0,24,0.000007,0,1,1,0,1,1
24648983,,0,0,24,0.000007,0,1,1,0,1,1
24634705,,0,0,24,0.000007,0,1,1,0,1,1
23841074,,0,0,24,0.000007,0,1,1,0,1,1
22969952,,0,0,24,0.000007,0,1,1,0,1,1
22360854,,0,0,24,0.000007,0,1,1,0,1,1
21206495,,0,0,24,0.000007,0,1,1,0,1,1
19042265,,0.0001,0,5,0.000011,5,0,5,5,0,5
19042271,,0.000904,0,5,0.000017,8,0,8,8,0,8
24169319,,0,0.000017,5,0.000007,0,1,1,0,1,1
19042494,,0.000572,0,5,0.00001,5,0,5,5,0,5
30109783,,0,0.000668,1,0.000007,0,3,3,0,3,3
30107176,,0,0.007484,69,0.000007,0,3,3,0,3,3
27725226,,0,0.000328,69,0.000007,0,3,3,0,3,3
26646991,,0,0.000046,69,0.000007,0,1,1,0,1,1
26043110,,0.0003,0.012504,69,0.000035,6,6,12,6,6,12
25889064,,0,0.000046,69,0.000007,0,1,1,0,1,1
25644622,,0.000149,0.007727,69,0.000029,5,4,9,5,4,9
21518781,,0,0.000046,69,0.000007,0,1,1,0,1,1
20107230,,0,0.000046,69,0.000007,0,1,1,0,1,1
20075210,,0,0.000046,69,0.000007,0,1,1,0,1,1
19826477,,0,0.000046,69,0.000007,0,1,1,0,1,1
19047897,,0.000194,0,66,0.000042,8,0,8,8,0,8
28372347,,0,0.000004,66,0.000007,0,1,1,0,1,1
28372344,,0,0.000004,66,0.000007,0,1,1,0,1,1
27713419,,0.000252,0.000009,66,0.000014,3,2,5,3,2,5
26806567,,0,0.000009,66,0.000007,0,2,2,0,2,2
25337263,,0,0.000004,66,0.000007,0,1,1,0,1,1
21847399,,0,0.000004,66,0.000007,0,1,1,0,1,1
24628780,,0,0.000001,108,0.000007,0,1,1,0,1,1
23071568,,0,0.000001,108,0.000007,0,1,1,0,1,1
22952764,,0,0.000001,108,0.000007,0,1,1,0,1,1
20639901,,0,0.000546,108,0.000007,0,2,2,0,2,2
29662612,,0,0.000035,108,0.000007,0,1,1,0,1,1
27382132,,0,0.000035,108,0.000007,0,1,1,0,1,1
27313208,,0,0.000035,108,0.000007,0,1,1,0,1,1
26851632,,0,0.000035,108,0.000007,0,1,1,0,1,1
25710373,,0,0.007767,69,0.000007,0,6,6,0,6,6
25106096,,0,0.007814,69,0.000007,0,6,6,0,6,6
25054200,,0,0.007758,108,0.000007,0,3,3,0,3,3
23372829,,0,0.000035,108,0.000007,0,1,1,0,1,1
22155606,,0,0.000035,108,0.000007,0,1,1,0,1,1
22118770,,0,0.000035,108,0.000007,0,1,1,0,1,1
21305617,,0,0.000035,108,0.000007,0,1,1,0,1,1
19881956,,0,0.000035,108,0.000007,0,1,1,0,1,1
28466845,,0,0.000011,72,0.000007,0,1,1,0,1,1
19048628,,0.000578,0,72,0.000072,17,0,17,17,0,17
26317116,,0,0.000051,72,0.000007,0,2,2,0,2,2
26052338,,0,0.000011,72,0.000007,0,1,1,0,1,1
24129674,,0,0.007489,72,0.000007,0,3,3,0,3,3
22970014,,0,0.000011,72,0.000007,0,1,1,0,1,1
22843621,,0,0.000011,72,0.000007,0,1,1,0,1,1
22347493,,0,0.000013,72,0.000007,0,2,2,0,2,2
22035854,,0,0.000011,72,0.000007,0,1,1,0,1,1
20483914,,0,0.000018,72,0.000007,0,2,2,0,2,2
19051115,,0.000063,0,5,0.00006,10,0,10,10,0,10
28586239,,0,0.000001,5,0.000007,0,1,1,0,1,1
26465749,,0,0.000001,5,0.000007,0,1,1,0,1,1
24489980,,0,0.000001,5,0.000007,0,1,1,0,1,1
24198795,,0,0.000001,5,0.000007,0,1,1,0,1,1
24179677,,0,0.000001,5,0.000007,0,1,1,0,1,1
24156468,,0,0.000001,5,0.000007,0,1,1,0,1,1
23943135,,0,0.000001,5,0.000007,0,1,1,0,1,1
21563723,,0,0.000001,5,0.000007,0,1,1,0,1,1
19053880,,0.002408,0,1,0.000023,10,0,10,10,0,10
23917378,,0,0.010122,1,0.000007,0,3,3,0,3,3
20610628,,0,0.001364,1,0.000007,0,2,2,0,2,2
19054005,,0.000021,0,100,0.000009,2,0,2,2,0,2
26714930,,0,0,265,0.000007,0,2,2,0,2,2
19059218,,0,0,265,0.000025,4,0,4,4,0,4
24675884,,0,0,265,0.000007,0,1,1,0,1,1
24574810,,0,0,265,0.000007,0,1,1,0,1,1
30190472,,0,0.00003,367,0.000007,0,2,2,0,2,2
19059936,,0.00035,0,367,0.000189,35,0,35,35,0,35
29945974,,0,0.000007,367,0.000007,0,1,1,0,1,1
29100463,,0,0.000007,367,0.000007,0,1,1,0,1,1
28362441,,0,0.000007,367,0.000007,0,1,1,0,1,1
28193767,,0,0.000007,367,0.000007,0,1,1,0,1,1
27604143,,0,0.000007,367,0.000007,0,1,1,0,1,1
27451124,,0,0.000301,367,0.000007,0,3,3,0,3,3
26912663,,0,0.000007,367,0.000007,0,1,1,0,1,1
26847058,,0,0.000007,367,0.000007,0,1,1,0,1,1
26771714,,0,0.000007,367,0.000007,0,1,1,0,1,1
26517694,,0,0.000007,367,0.000007,0,1,1,0,1,1
26164366,,0,0.000007,367,0.000007,0,1,1,0,1,1
26151044,,0,0.000007,367,0.000007,0,1,1,0,1,1
26138685,,0,0.000007,367,0.000007,0,1,1,0,1,1
26092122,,0,0.000007,367,0.000007,0,1,1,0,1,1
25968566,,0,0.000013,367,0.000007,0,2,2,0,2,2
25494638,,0,0.000007,367,0.000007,0,1,1,0,1,1
25402979,,0,0.000007,367,0.000007,0,1,1,0,1,1
25093175,,0,0.000007,367,0.000007,0,1,1,0,1,1
24923560,,0,0.000007,367,0.000007,0,1,1,0,1,1
24803933,,0,0.000212,367,0.000007,0,2,2,0,2,2
24688108,,0,0.000007,367,0.000007,0,1,1,0,1,1
24327604,,0,0.000007,367,0.000007,0,1,1,0,1,1
24216985,,0,0.000007,367,0.000007,0,1,1,0,1,1
23900284,,0,0.000007,367,0.000007,0,1,1,0,1,1
23645128,,0,0.000007,367,0.000007,0,1,1,0,1,1
23159737,,0,0.000007,367,0.000007,0,1,1,0,1,1
22972034,,0,0.000007,367,0.000007,0,1,1,0,1,1
22797064,,0,0.000007,367,0.000007,0,1,1,0,1,1
22028615,,0,0.000007,367,0.000007,0,1,1,0,1,1
19657360,,0,0.000007,367,0.000007,0,1,1,0,1,1
30382883,,0,0.013175,1,0.000007,0,17,17,0,17,17
19060844,,0.005035,0,69,0.000308,74,0,74,74,0,74
30103384,,0,0.000096,1,0.000007,0,2,2,0,2,2
30042343,,0,0.007532,69,0.000007,0,2,2,0,2,2
29855141,,0,0.001104,1,0.000007,1,10,11,1,10,11
29843806,,0,0.007532,69,0.000007,0,2,2,0,2,2
29487705,,0,0.000116,24,0.000007,0,2,2,0,2,2
29466768,,0,0.000135,1,0.000007,0,3,3,0,3,3
29342108,,0,0.000096,69,0.000007,0,1,1,0,1,1
29206214,,0,0.000651,1,0.000007,0,7,7,0,7,7
29049607,,0.000729,0.001436,1,0.000036,13,6,19,13,6,19
28949934,,0,0.000096,69,0.000007,0,1,1,0,1,1
28931370,,0,0.000122,69,0.000007,0,2,2,0,2,2
28928882,,0,0.000096,69,0.000007,0,1,1,0,1,1
28152503,,0,0.000096,69,0.000007,0,1,1,0,1,1
28028993,,0,0.00891,1,0.000007,0,8,8,0,8,8
27917296,,0,0.009466,69,0.000007,0,6,6,0,6,6
27632374,,0,0.000538,69,0.000007,0,3,3,0,3,3
27490802,,0,0.007532,69,0.000007,0,2,2,0,2,2
27188274,,0,0.000096,69,0.000007,0,1,1,0,1,1
27119094,,0,0.000096,69,0.000007,0,1,1,0,1,1
26625204,,0,0.007532,69,0.000007,0,2,2,0,2,2
26320060,,0,0.000096,69,0.000007,0,1,1,0,1,1
25992288,,0,0.000096,69,0.000007,0,1,1,0,1,1
25894333,,0,0.000096,69,0.000007,0,1,1,0,1,1
25365237,,0,0.000096,69,0.000007,0,1,1,0,1,1
25314936,,0,0.007532,69,0.000007,0,2,2,0,2,2
25101220,,0,0.000096,69,0.000007,0,1,1,0,1,1
24982872,,0,0.007667,69,0.000007,0,3,3,0,3,3
24936477,,0,0.000096,69,0.000007,0,1,1,0,1,1
24376535,,0,0.000096,69,0.000007,0,1,1,0,1,1
24124397,,0,0.000096,69,0.000007,0,1,1,0,1,1
24040191,,0,0.000096,69,0.000007,0,1,1,0,1,1
24027095,,0,0.000096,69,0.000007,0,1,1,0,1,1
23777306,,0,0.007532,69,0.000007,0,2,2,0,2,2
23763830,,0,0.000096,69,0.000007,0,1,1,0,1,1
23326565,,0,0.000096,69,0.000007,0,1,1,0,1,1
23094131,,0,0.000096,69,0.000007,0,1,1,0,1,1
22937178,,0,0.000096,69,0.000007,0,1,1,0,1,1
22906947,,0,0.000096,69,0.000007,0,1,1,0,1,1
22735379,,0,0.007532,69,0.000007,0,2,2,0,2,2
22369276,,0,0.000148,69,0.000007,0,2,2,0,2,2
22322968,,0,0.007938,69,0.000007,0,4,4,0,4,4
22123319,,0,0.000096,69,0.000007,0,1,1,0,1,1
22040834,,0,0.000096,69,0.000007,0,1,1,0,1,1
21917055,,0,0.000096,69,0.000007,0,1,1,0,1,1
21785280,,0,0.000096,69,0.000007,0,1,1,0,1,1
21785264,,0,0.000096,69,0.000007,0,1,1,0,1,1
21629244,,0,0.000096,69,0.000007,0,1,1,0,1,1
21079136,,0,0.000096,69,0.000007,0,1,1,0,1,1
20495537,,0,0.000096,69,0.000007,0,1,1,0,1,1
20356763,,0,0.000096,69,0.000007,0,1,1,0,1,1
19959212,,0,0.000096,69,0.000007,0,1,1,0,1,1
19861998,,0,0.000096,69,0.000007,0,1,1,0,1,1
19852858,,0,0.000096,69,0.000007,0,1,1,0,1,1
19808652,,0,0.000096,69,0.000007,0,1,1,0,1,1
26940446,,0,0.000005,5,0.000007,0,2,2,0,2,2
19061202,,0.000201,0,5,0.000012,5,0,5,5,0,5
19061860,,0.000575,0,100,0.000031,9,0,9,9,0,9
27983949,,0,0.000011,100,0.000007,0,1,1,0,1,1
24418822,,0,0.000011,100,0.000007,0,1,1,0,1,1
23682635,,0,0.000011,100,0.000007,0,1,1,0,1,1
19064115,,0,0,181,0.000011,2,0,2,2,0,2
21418175,,0,0.000003,231,0.000007,0,1,1,0,1,1
20142253,,0,0.000003,231,0.000007,0,1,1,0,1,1
20003308,,0,0.000003,231,0.000007,0,1,1,0,1,1
19064580,,0.000105,0,48,0.000015,5,0,5,5,0,5
28736628,,0,0.002439,205,0.000007,0,7,7,0,7,7
27114434,,0,0.000142,205,0.000007,0,1,1,0,1,1
26361402,,0,0.000142,205,0.000007,0,1,1,0,1,1
25278713,,0,0.000142,205,0.000007,0,1,1,0,1,1
21734801,,0,0.000157,205,0.000007,0,2,2,0,2,2
20856847,,0,0.000142,205,0.000007,0,1,1,0,1,1
19067158,,0.000803,0,100,0.000009,3,0,3,3,0,3
19067236,,0.000327,0,89,0.000007,1,0,1,1,0,1
19070627,,0.000069,0,140,0.000007,1,0,1,1,0,1
19071013,,0.000133,0,231,0.000023,10,0,10,10,0,10
27766138,,0,0.000003,231,0.000007,0,1,1,0,1,1
19072564,,0.000136,0,5,0.000008,2,0,2,2,0,2
26264211,,0,0.007485,1,0.000007,0,3,3,0,3,3
19072641,,0.000356,0,1,0.000015,5,0,5,5,0,5
21151709,,0,0.000041,1,0.000007,0,2,2,0,2,2
19073505,,0.000034,0,100,0.000013,2,0,2,2,0,2
23056559,,0,0.000001,100,0.000007,0,1,1,0,1,1
29515789,,0,0.000007,194,0.000013,1,3,4,1,3,4
19073510,,0,0,194,0.000017,2,0,2,2,0,2
25374893,,0,0,194,0.000007,0,1,1,0,1,1
29303984,,0,0.000022,24,0.000007,0,2,2,0,2,2
19073515,,0.001152,0,24,0.000031,12,0,12,12,0,12
20182546,,0,0.00002,100,0.000007,0,1,1,0,1,1
19074863,,0.007931,0,1,0.000049,29,0,29,29,0,29
25594068,,0,0.000681,1,0.000007,0,3,3,0,3,3
24833909,,0,0.006817,1,0.000007,0,3,3,0,3,3
24799665,,0,0.000681,1,0.000007,0,3,3,0,3,3
29299162,,0,0.000071,100,0.000007,0,1,1,0,1,1
27979857,,0,0.000071,100,0.000007,0,1,1,0,1,1
26023089,,0,0.000071,100,0.000007,0,1,1,0,1,1
25309720,,0,0.000071,100,0.000007,0,1,1,0,1,1
23900841,,0,0.000071,100,0.000007,0,1,1,0,1,1
22649774,,0,0.000296,100,0.000007,0,3,3,0,3,3
22410793,,0,0.000071,100,0.000007,0,1,1,0,1,1
22357635,,0,0.000071,100,0.000007,0,1,1,0,1,1
21778238,,0,0.000071,100,0.000007,0,1,1,0,1,1
21321111,,0,0.000071,100,0.000007,0,1,1,0,1,1
20531303,,0,0.000071,100,0.000007,0,1,1,0,1,1
20189988,,0,0.000071,100,0.000007,0,1,1,0,1,1
20043882,,0,0.000071,100,0.000007,0,1,1,0,1,1
29250191,,0,0,35,0.000007,0,1,1,0,1,1
28123843,,0,0.00007,35,0.000007,0,2,2,0,2,2
28002441,,0,0,35,0.000007,0,1,1,0,1,1
25902539,,0,0,35,0.000007,0,1,1,0,1,1
23658855,,0,0,35,0.000007,0,1,1,0,1,1
21446041,,0,0,35,0.000007,0,1,1,0,1,1
20672323,,0,0,35,0.000007,0,1,1,0,1,1
20162566,,0,0,35,0.000007,0,1,1,0,1,1
19075671,,0.000057,0,90,0.000014,3,0,3,3,0,3
22041030,,0,0.000001,90,0.000007,0,1,1,0,1,1
30071900,,0,0.00009,35,0.000007,0,2,2,0,2,2
29681498,,0,0.000036,35,0.000007,0,1,1,0,1,1
29669287,,0,0.000036,35,0.000007,0,1,1,0,1,1
29344151,,0,0.000053,35,0.000007,0,3,3,0,3,3
29285251,,0,0.000036,279,0.000007,0,2,2,0,2,2
29156731,,0,0.000048,35,0.000007,0,2,2,0,2,2
28741798,,0,0.000036,35,0.000007,0,1,1,0,1,1
28253895,,0,0.000038,35,0.000007,0,2,2,0,2,2
28241804,,0,0.000048,35,0.000007,0,2,2,0,2,2
28147276,,0,0.000048,35,0.000007,0,2,2,0,2,2
27938379,,0,0.000048,35,0.000007,0,2,2,0,2,2
27882937,,0,0.000036,35,0.000007,0,1,1,0,1,1
27113214,,0,0.000042,35,0.000007,0,2,2,0,2,2
27092879,,0,0.000047,35,0.000007,0,2,2,0,2,2
27049834,,0,0.000036,35,0.000007,0,1,1,0,1,1
26903164,,0,0.000036,35,0.000007,0,1,1,0,1,1
26868841,,0,0.000036,35,0.000007,0,1,1,0,1,1
26812882,,0,0.000036,35,0.000007,0,1,1,0,1,1
26701983,,0,0.000036,35,0.000007,0,1,1,0,1,1
26637281,,0,0.000036,35,0.000007,0,1,1,0,1,1
26580594,,0,0.000057,35,0.000007,0,3,3,0,3,3
26578851,,0,0.000036,35,0.000007,0,1,1,0,1,1
26191190,,0,0.000036,35,0.000007,0,1,1,0,1,1
26087699,,0,0.000046,35,0.000007,0,2,2,0,2,2
25901190,,0,0.000036,35,0.000007,0,1,1,0,1,1
25854924,,0,0.000036,35,0.000007,0,1,1,0,1,1
25549357,,0,0.000036,35,0.000007,0,1,1,0,1,1
25499219,,0,0.000036,35,0.000007,0,1,1,0,1,1
25047840,,0,0.000036,35,0.000007,0,1,1,0,1,1
25038756,,0,0.000073,35,0.000007,0,3,3,0,3,3
24900432,,0,0.000036,35,0.000007,0,1,1,0,1,1
24745014,,0,0.000047,35,0.000007,0,2,2,0,2,2
24738023,,0,0.000036,35,0.000007,0,1,1,0,1,1
24697523,,0,0.000038,35,0.000007,0,2,2,0,2,2
24587223,,0,0.000036,35,0.000007,0,1,1,0,1,1
24526064,,0,0.000048,35,0.000007,0,2,2,0,2,2
24516139,,0,0.000593,35,0.000007,0,3,3,0,3,3
24294976,,0,0.000073,69,0.000007,0,2,2,0,2,2
24266940,,0,0.000047,35,0.000007,0,2,2,0,2,2
23684884,,0,0.000047,35,0.000007,0,2,2,0,2,2
23589697,,0,0.000038,35,0.000007,0,2,2,0,2,2
23539298,,0,0.000036,35,0.000007,0,1,1,0,1,1
23402869,,0,0.000036,35,0.000007,0,1,1,0,1,1
23236167,,0,0.000036,35,0.000007,0,1,1,0,1,1
22807976,,0,0.000036,35,0.000007,0,1,1,0,1,1
22588878,,0,0.000036,35,0.000007,0,1,1,0,1,1
22187039,,0,0.000036,35,0.000007,0,1,1,0,1,1
22094936,,0,0.000036,35,0.000007,0,1,1,0,1,1
21903722,,0,0.000036,35,0.000007,0,1,1,0,1,1
21841772,,0,0.000036,35,0.000007,0,1,1,0,1,1
21614565,,0,0.000048,35,0.000007,0,2,2,0,2,2
21399615,,0.000069,0.000036,35,0.000161,27,1,28,27,1,28
21131960,,0,0.000036,35,0.000007,0,1,1,0,1,1
20974671,,0,0.000036,35,0.000007,0,1,1,0,1,1
20581058,,0,0.000036,35,0.000007,0,1,1,0,1,1
20084102,,0,0.000036,35,0.000007,0,1,1,0,1,1
22282583,,0,0.00001,231,0.000007,0,1,1,0,1,1
29564332,,0,0,182,0.000007,0,1,1,0,1,1
19083511,,0,0,182,0.000013,1,0,1,1,0,1
19087709,,0.000266,0,89,0.000008,3,0,3,3,0,3
29983986,,0,0.000119,5,0.000007,0,3,3,0,3,3
29674173,,0,0.000043,5,0.000007,0,1,1,0,1,1
28706996,,0,0.000043,5,0.000007,0,1,1,0,1,1
27570547,,0,0.000043,5,0.000007,0,1,1,0,1,1
27255336,,0,0.000043,5,0.000007,0,1,1,0,1,1
24648932,,0,0.000043,5,0.000007,0,1,1,0,1,1
24375389,,0,0.000093,279,0.000007,0,3,3,0,3,3
24049592,,0,0.000043,5,0.000007,0,1,1,0,1,1
23945250,,0,0.0001,5,0.000007,0,2,2,0,2,2
23805216,,0,0.000043,5,0.000007,0,1,1,0,1,1
23453263,,0,0.000043,5,0.000007,0,1,1,0,1,1
23109866,,0,0.0001,5,0.000007,0,2,2,0,2,2
23087162,,0,0.000043,5,0.000007,0,1,1,0,1,1
22899924,,0,0.000092,5,0.000007,0,4,4,0,4,4
22279410,,0,0.000043,5,0.000007,0,1,1,0,1,1
21739182,,0,0.000043,5,0.000007,0,1,1,0,1,1
21188101,,0,0.000043,5,0.000007,0,1,1,0,1,1
20584319,,0,0.000043,5,0.000007,0,1,1,0,1,1
20543960,,0,0.000043,5,0.000007,0,1,1,0,1,1
20464842,,0,0.000043,5,0.000007,0,1,1,0,1,1
19481061,,0,0.000043,5,0.000007,0,1,1,0,1,1
26051181,,0,0.000639,100,0.000007,0,2,2,0,2,2
19609319,,0,0.000404,100,0.000007,0,2,2,0,2,2
20174458,,0,0.000026,5,0.000007,0,1,1,0,1,1
27273296,,0,0,89,0.000007,0,1,1,0,1,1
20234390,,0,0,89,0.000007,0,1,1,0,1,1
27239398,,0,0,279,0.000007,0,1,1,0,1,1
19090504,,0,0,279,0.000015,2,0,2,2,0,2
19092441,,0.000006,0,5,0.00001,2,0,2,2,0,2
30152850,,0,0.000084,89,0.000007,0,1,1,0,1,1
27275820,,0,0.000132,2,0.000007,0,3,3,0,3,3
27221150,,0,0.000084,89,0.000007,0,1,1,0,1,1
27121310,,0,0.000084,89,0.000007,0,1,1,0,1,1
25613373,,0,0.000109,231,0.000007,0,3,3,0,3,3
25260874,,0,0.000084,89,0.000007,0,1,1,0,1,1
21504591,,0,0.000084,89,0.000007,0,1,1,0,1,1
21197657,,0,0.000084,89,0.000007,0,1,1,0,1,1
20697532,,0,0.000084,89,0.000007,0,1,1,0,1,1
25788325,,0,0.000002,231,0.000007,0,1,1,0,1,1
24772427,,0,0.000002,231,0.000007,0,1,1,0,1,1
24036287,,0,0.000002,231,0.000007,0,1,1,0,1,1
21853025,,0,0.000002,231,0.000007,0,1,1,0,1,1
20436964,,0,0.000002,231,0.000007,0,1,1,0,1,1
19525687,,0,0.000002,231,0.000007,0,1,1,0,1,1
29774312,,0,0.000069,5,0.000007,0,3,3,0,3,3
19102642,,0.000109,0,5,0.000017,6,0,6,6,0,6
27271599,,0,0.000009,5,0.000007,0,2,2,0,2,2
28918043,,0,0,24,0.000007,0,1,1,0,1,1
19102717,,0.000001,0,24,0.000072,13,0,13,13,0,13
27777878,,0,0,24,0.000007,0,1,1,0,1,1
27248474,,0,0,24,0.000007,0,3,3,0,3,3
22622284,,0,0.000009,24,0.000007,0,2,2,0,2,2
21893046,,0,0,24,0.000007,0,1,1,0,1,1
20677642,,0,0,24,0.000007,0,1,1,0,1,1
20180242,,0,0,24,0.000007,0,1,1,0,1,1
20088569,,0,0,24,0.000007,0,1,1,0,1,1
20088568,,0,0,24,0.000007,0,1,1,0,1,1
19899807,,0,0,24,0.000007,0,1,1,0,1,1
19654003,,0,0,24,0.000007,0,1,1,0,1,1
25722743,,0,0.001496,1,0.000007,0,3,3,0,3,3
19105530,,0.000015,0,89,0.000008,1,0,1,1,0,1
19109779,,0.000064,0,57,0.000015,3,0,3,3,0,3
20348940,,0,0.000001,57,0.000007,0,1,1,0,1,1
19109796,,0.000965,0,5,0.000016,18,0,18,18,0,18
25242499,,0,0.000055,5,0.000007,0,5,5,0,5,5
19110958,,0.000176,0,1,0.000007,1,0,1,1,0,1
19112076,,0.000661,0,5,0.000032,17,0,17,17,0,17
29372364,,0,0.00002,5,0.000007,0,4,4,0,4,4
25758988,,0,0.000127,5,0.000007,0,2,2,0,2,2
26309352,,0,0.000156,205,0.000007,0,4,4,0,4,4
19117025,,0.000451,0,205,0.000017,6,0,6,6,0,6
22957264,,0,0.000009,205,0.000007,0,1,1,0,1,1
19117993,,0.002125,0,367,0.000093,41,0,41,41,0,41
29159179,,0,0.000041,367,0.000007,0,1,1,0,1,1
19123044,,0.000111,0,89,0.000008,2,0,2,2,0,2
29333087,,0,0.000796,1,0.000007,0,6,6,0,6,6
19126406,,0.000243,0,137,0.000028,7,0,7,7,0,7
29221130,,0,0.000166,137,0.000007,0,3,3,0,3,3
19742137,,0,0.000005,137,0.000007,0,1,1,0,1,1
26964030,,0.000005,0.000373,89,0.000021,4,4,8,4,4,8
19127556,,0.000488,0,5,0.00001,4,0,4,4,0,4
30109001,,0,0,232,0.000007,0,1,1,0,1,1
28955753,,0,0,232,0.000007,0,1,1,0,1,1
28919339,,0,0,232,0.000007,0,1,1,0,1,1
27582553,,0,0,232,0.000007,0,1,1,0,1,1
26906637,,0,0,232,0.000007,0,1,1,0,1,1
25393473,,0,0,232,0.000007,0,1,1,0,1,1
25240701,,0,0,232,0.000007,0,1,1,0,1,1
23696909,,0,0,232,0.000007,0,1,1,0,1,1
22163192,,0,0,232,0.000007,0,1,1,0,1,1
26327999,,0,0.000006,89,0.000007,0,1,1,0,1,1
19129556,,0.000301,0,89,0.000029,7,0,7,7,0,7
24495621,,0,0.000006,89,0.000007,0,1,1,0,1,1
23696929,,0,0.000006,89,0.000007,0,1,1,0,1,1
30211123,,0,0.000035,35,0.000007,0,2,2,0,2,2
25595191,,0,0.00002,35,0.000007,0,1,1,0,1,1
25538133,,0,0.000035,35,0.000007,0,2,2,0,2,2
24505496,,0,0.000035,35,0.000007,0,2,2,0,2,2
24330518,,0,0.00002,35,0.000007,0,1,1,0,1,1
22574198,,0,0.00002,35,0.000007,0,1,1,0,1,1
21347750,,0,0.00002,35,0.000007,0,1,1,0,1,1
20629094,,0,0.00002,35,0.000007,0,1,1,0,1,1
19139771,,0.000354,0,89,0.000007,2,0,2,2,0,2
21224851,,0,0,183,0.000007,0,1,1,0,1,1
19140177,,0,0,183,0.000013,1,0,1,1,0,1
19140568,,0.000082,0,205,0.00001,1,0,1,1,0,1
19141130,,0.000906,0,5,0.000012,6,0,6,6,0,6
28273020,,0,0.000346,5,0.000007,0,1,1,0,1,1
24810653,,0,0.000346,5,0.000007,0,1,1,0,1,1
24253486,,0,0.000352,5,0.000007,0,2,2,0,2,2
23737686,,0,0.000509,69,0.000007,0,5,5,0,5,5
23634337,,0,0.000346,5,0.000007,0,1,1,0,1,1
23462925,,0,0.000346,5,0.000007,0,1,1,0,1,1
22461645,,0,0.000346,5,0.000007,0,1,1,0,1,1
19923253,,0,0.000346,5,0.000007,0,1,1,0,1,1
19733988,,0,0.000346,5,0.000007,0,1,1,0,1,1
30477559,,0,0.000007,176,0.000007,0,1,1,0,1,1
30231493,,0,0.000007,176,0.000007,0,1,1,0,1,1
30209170,,0,0.000007,176,0.000007,0,1,1,0,1,1
29861423,,0,0.000007,176,0.000007,0,1,1,0,1,1
29861419,,0,0.000007,176,0.000007,0,1,1,0,1,1
29805308,,0,0.000007,176,0.000007,0,1,1,0,1,1
29675003,,0,0.000007,176,0.000007,0,1,1,0,1,1
29137176,,0,0.000007,176,0.000007,0,1,1,0,1,1
29104494,,0,0.000007,176,0.000007,0,1,1,0,1,1
29089033,,0,0.000007,176,0.000007,0,1,1,0,1,1
29050362,,0,0.000007,176,0.000007,0,1,1,0,1,1
28990284,,0,0.000007,176,0.000007,0,1,1,0,1,1
28950226,,0,0.000007,176,0.000007,0,1,1,0,1,1
28769892,,0,0.000007,176,0.000007,0,1,1,0,1,1
28243335,,0,0.000007,176,0.000007,0,1,1,0,1,1
27873272,,0,0.000007,176,0.000007,0,1,1,0,1,1
27796281,,0,0.000007,176,0.000007,0,1,1,0,1,1
27374612,,0,0.000007,176,0.000007,0,1,1,0,1,1
27271654,,0,0.000007,176,0.000007,0,1,1,0,1,1
27068530,,0,0.000007,176,0.000007,0,1,1,0,1,1
26606652,,0,0.000007,176,0.000007,0,1,1,0,1,1
26428375,,0,0.000007,176,0.000007,0,1,1,0,1,1
26401047,,0,0.000007,176,0.000007,0,1,1,0,1,1
26311882,,0,0.000007,176,0.000007,0,1,1,0,1,1
26135619,,0,0.000007,176,0.000007,0,1,1,0,1,1
26070070,,0,0.000007,176,0.000007,0,1,1,0,1,1
25887170,,0,0.000042,176,0.000007,0,2,2,0,2,2
25785816,,0,0.000007,176,0.000007,0,1,1,0,1,1
25740983,,0,0.000007,176,0.000007,0,1,1,0,1,1
25676429,,0,0.000007,176,0.000007,0,1,1,0,1,1
25624489,,0,0.000007,176,0.000007,0,1,1,0,1,1
25590614,,0,0.000007,176,0.000007,0,1,1,0,1,1
25520514,,0,0.000007,176,0.000007,0,1,1,0,1,1
25367334,,0,0.000007,176,0.000007,0,1,1,0,1,1
25251730,,0,0.000007,176,0.000007,0,1,1,0,1,1
24899173,,0,0.000007,176,0.000007,0,1,1,0,1,1
24832229,,0,0.000007,176,0.000007,0,1,1,0,1,1
24586173,,0,0.000007,176,0.000007,0,1,1,0,1,1
24441309,,0,0.000007,176,0.000007,0,1,1,0,1,1
24257599,,0,0.000007,176,0.000007,0,1,1,0,1,1
24227849,,0,0.000007,176,0.000007,0,1,1,0,1,1
24198431,,0,0.000007,176,0.000007,0,1,1,0,1,1
24161012,,0,0.000007,176,0.000007,0,1,1,0,1,1
23997984,,0,0.000007,176,0.000007,0,1,1,0,1,1
23979421,,0,0.000007,176,0.000007,0,1,1,0,1,1
23936572,,0,0.000007,176,0.000007,0,1,1,0,1,1
23874201,,0,0.000007,176,0.000007,0,1,1,0,1,1
23834153,,0,0.000007,176,0.000007,0,1,1,0,1,1
23743127,,0,0.000007,176,0.000007,0,1,1,0,1,1
23678170,,0,0.000019,176,0.000007,0,2,2,0,2,2
23661700,,0,0.000007,176,0.000007,0,1,1,0,1,1
23590857,,0,0.000007,176,0.000007,0,1,1,0,1,1
23416678,,0,0.000007,176,0.000007,0,1,1,0,1,1
23166713,,0,0.000007,176,0.000007,0,1,1,0,1,1
22915808,,0,0.000007,176,0.000007,0,1,1,0,1,1
22911661,,0,0.000011,72,0.000007,0,2,2,0,2,2
22870299,,0,0.000007,176,0.000007,0,1,1,0,1,1
22715351,,0,0.000007,176,0.000007,0,1,1,0,1,1
22647604,,0,0.000007,176,0.000007,0,1,1,0,1,1
22473208,,0,0.000007,176,0.000007,0,1,1,0,1,1
22470142,,0,0.000007,176,0.000007,0,1,1,0,1,1
22291592,,0,0.000007,176,0.000007,0,1,1,0,1,1
22178394,,0,0.000007,176,0.000007,0,1,1,0,1,1
22013061,,0,0.000007,176,0.000007,0,1,1,0,1,1
21835261,,0,0.000007,176,0.000007,0,1,1,0,1,1
21752900,,0,0.000007,176,0.000007,0,1,1,0,1,1
21750102,,0,0.000007,176,0.000007,0,1,1,0,1,1
21737610,,0,0.000007,176,0.000007,0,1,1,0,1,1
21629246,,0,0.000007,176,0.000007,0,1,1,0,1,1
21559453,,0,0.000007,176,0.000007,0,1,1,0,1,1
21558790,,0,0.000007,176,0.000007,0,1,1,0,1,1
21333317,,0,0.000007,176,0.000007,0,1,1,0,1,1
21277611,,0,0.000007,176,0.000007,0,1,1,0,1,1
21152115,,0,0.000007,176,0.000007,0,1,1,0,1,1
21068248,,0,0.000007,176,0.000007,0,1,1,0,1,1
21062812,,0,0.000007,176,0.000007,0,1,1,0,1,1
21037422,,0,0.000007,176,0.000007,0,1,1,0,1,1
20950422,,0,0.000007,176,0.000007,0,1,1,0,1,1
20943311,,0,0.000007,176,0.000007,0,1,1,0,1,1
20862214,,0,0.000007,176,0.000007,0,1,1,0,1,1
20844043,,0,0.000007,176,0.000007,0,1,1,0,1,1
20719877,,0,0.000007,176,0.000007,0,1,1,0,1,1
20628498,,0,0.000007,176,0.000007,0,1,1,0,1,1
20532037,,0,0.000007,176,0.000007,0,1,1,0,1,1
20477536,,0,0.000007,176,0.000007,0,1,1,0,1,1
20219930,,0,0.000007,176,0.000007,0,1,1,0,1,1
19889779,,0,0.000007,176,0.000007,0,1,1,0,1,1
19881953,,0,0.000007,176,0.000007,0,1,1,0,1,1
19828316,,0,0.000007,176,0.000007,0,1,1,0,1,1
19680535,,0,0.000007,176,0.000007,0,1,1,0,1,1
19656888,,0,0.000007,176,0.000007,0,1,1,0,1,1
19451215,,0,0.000007,176,0.000007,0,1,1,0,1,1
19146767,,0.000053,0,2,0.000059,9,0,9,9,0,9
25274702,,0,0.000016,2,0.000007,0,4,4,0,4,4
19150941,,0.002569,0,24,0.000027,11,0,11,11,0,11
24670875,,0,0.000049,24,0.000007,0,1,1,0,1,1
29776342,,0,0.000044,279,0.000007,0,2,2,0,2,2
29562656,,0,0.000063,279,0.000007,0,6,6,0,6,6
28978057,,0,0.000134,279,0.000007,0,3,3,0,3,3
28955137,,0,0.000151,231,0.000007,0,6,6,0,6,6
28821281,,0,0.000036,279,0.000007,0,3,3,0,3,3
28296597,,0,0.000026,231,0.000007,0,1,1,0,1,1
28180025,,0,0.000026,231,0.000007,0,1,1,0,1,1
26744410,,0,0.000026,231,0.000007,0,1,1,0,1,1
25927974,,0,0.000026,231,0.000007,0,1,1,0,1,1
25739728,,0,0.000026,231,0.000007,0,1,1,0,1,1
25386189,,0,0.000026,231,0.000007,0,1,1,0,1,1
24288045,,0,0.000147,1,0.000007,0,5,5,0,5,5
22863985,,0,0.000054,279,0.000007,0,3,3,0,3,3
22531363,,0,0.000078,231,0.000007,0,3,3,0,3,3
22414247,,0,0.000031,279,0.000007,0,2,2,0,2,2
22166804,,0,0.000026,231,0.000007,0,1,1,0,1,1
21636973,,0,0.000078,231,0.000007,0,3,3,0,3,3
21386994,,0,0.000026,231,0.000007,0,1,1,0,1,1
20084101,,0,0.000026,231,0.000007,0,1,1,0,1,1
30383830,,0,0.000011,5,0.000007,0,1,1,0,1,1
19165595,,0.000603,0,5,0.00002,8,0,8,8,0,8
26029287,,0,0.000003,5,0.000007,0,2,2,0,2,2
19165605,,0.00016,0,5,0.000014,5,0,5,5,0,5
30207104,,0,0.001497,1,0.000007,0,5,5,0,5,5
19168207,,0.005418,0,1,0.000035,21,0,21,21,0,21
29049316,,0,0.000156,279,0.000007,0,4,4,0,4,4
19168584,,0.000069,0,279,0.000038,10,0,10,10,0,10
28781955,,0,0.000001,279,0.000007,0,1,1,0,1,1
25089541,,0,0.000003,279,0.000007,0,2,2,0,2,2
23097683,,0,0.000009,279,0.000007,0,2,2,0,2,2
22665489,,0,0.000001,279,0.000007,0,1,1,0,1,1
21453513,,0,0.000001,279,0.000007,0,1,1,0,1,1
28900615,,0,0,5,0.000007,0,1,1,0,1,1
19174575,,0.000007,0,279,0.000007,1,0,1,1,0,1
19176389,,0.001059,0,100,0.000113,29,0,29,29,0,29
27849008,,0,0.00002,100,0.000007,0,1,1,0,1,1
26835416,,0,0.00002,100,0.000007,0,1,1,0,1,1
26100984,,0,0.00002,100,0.000007,0,1,1,0,1,1
24478433,,0,0.00002,100,0.000007,0,1,1,0,1,1
23928698,,0,0.00002,100,0.000007,0,1,1,0,1,1
22771033,,0,0.00002,100,0.000007,0,1,1,0,1,1
22306998,,0,0.00002,100,0.000007,0,1,1,0,1,1
20863917,,0,0.00002,100,0.000007,0,1,1,0,1,1
20358275,,0,0.00002,100,0.000007,0,1,1,0,1,1
19176458,,0.001183,0,5,0.000048,22,0,22,22,0,22
27134963,,0,0.000023,5,0.000007,0,1,1,0,1,1
26429241,,0,0.000023,198,0.000007,0,2,2,0,2,2
25621015,,0,0.000023,5,0.000007,0,1,1,0,1,1
22894430,,0,0.000023,5,0.000007,0,1,1,0,1,1
19179552,,0.000569,0,140,0.000011,4,0,4,4,0,4
19180529,,0.000173,0,5,0.000041,14,0,14,14,0,14
26797683,,0,0.000003,5,0.000007,0,1,1,0,1,1
23575420,,0,0.000003,5,0.000007,0,1,1,0,1,1
21954081,,0,0.000004,5,0.000007,0,2,2,0,2,2
20640892,,0,0.000003,5,0.000007,0,1,1,0,1,1
19182824,,0.004205,0,1,0.000051,19,0,19,19,0,19
27494558,,0,0.00008,1,0.000007,0,1,1,0,1,1
26787475,,0,0.000083,1,0.000007,0,2,2,0,2,2
25054302,,0,0.016913,1,0.000007,0,7,7,0,7,7
24975604,,0,0.000381,1,0.000007,0,3,3,0,3,3
23629941,,0,0.000159,205,0.000007,0,6,6,0,6,6
21076181,,0,0.00674,1,0.000007,0,2,2,0,2,2
21037379,,0,0.00674,1,0.000007,0,2,2,0,2,2
20887197,,0,0.00008,1,0.000007,0,1,1,0,1,1
19184534,,0.000006,0,5,0.000011,2,0,2,2,0,2
29190807,,0,0,24,0.000007,0,1,1,0,1,1
19186082,,0.000002,0,24,0.000089,8,0,8,8,0,8
28455960,,0,0,24,0.000007,0,1,1,0,1,1
26980570,,0,0,24,0.000007,0,1,1,0,1,1
23737728,,0,0,24,0.000007,0,2,2,0,2,2
21029430,,0,0,24,0.000007,0,1,1,0,1,1
19908260,,0,0,24,0.000007,0,1,1,0,1,1
19783793,,0,0,24,0.000007,0,1,1,0,1,1
30382692,,0,0.001027,279,0.000007,0,3,3,0,3,3
19188176,,0.000239,0,279,0.000253,52,0,52,52,0,52
30337589,,0,0.000005,279,0.000007,0,1,1,0,1,1
29568401,,0,0.000005,279,0.000007,0,1,1,0,1,1
29453313,,0,0.000181,279,0.000007,0,2,2,0,2,2
29088906,,0,0.000028,279,0.000007,0,5,5,0,5,5
28979144,,0,0.000008,279,0.000007,0,2,2,0,2,2
28742791,,0,0.000005,279,0.000007,0,1,1,0,1,1
28450425,,0,0.01077,1,0.000007,0,11,11,0,11,11
28331435,,0,0.000013,279,0.000007,0,3,3,0,3,3
27998963,,0,0.000005,279,0.000007,0,1,1,0,1,1
27826530,,0,0.000013,279,0.000007,0,3,3,0,3,3
27481010,,0,0.000005,279,0.000007,0,1,1,0,1,1
27144060,,0,0.000005,279,0.000007,0,1,1,0,1,1
27056366,,0,0.000009,279,0.000007,0,2,2,0,2,2
26813233,,0,0.000005,279,0.000007,0,1,1,0,1,1
26779490,,0,0.000036,279,0.000007,0,2,2,0,2,2
26568685,,0,0.000005,279,0.000007,0,1,1,0,1,1
26178530,,0,0.000005,279,0.000007,0,1,1,0,1,1
26079252,,0,0.000005,279,0.000007,0,1,1,0,1,1
25897673,,0,0.000005,279,0.000007,0,1,1,0,1,1
25332962,,0,0.000005,279,0.000007,0,1,1,0,1,1
25123679,,0,0.000005,279,0.000007,0,1,1,0,1,1
24959284,,0,0.000015,279,0.000007,0,3,3,0,3,3
24699908,,0,0.000005,279,0.000007,0,1,1,0,1,1
24449238,,0,0.000005,279,0.000007,0,1,1,0,1,1
24281115,,0,0.000005,279,0.000007,0,1,1,0,1,1
24065096,,0,0.00001,279,0.000007,0,3,3,0,3,3
23845299,,0,0.000005,279,0.000007,0,1,1,0,1,1
23826219,,0,0.000005,279,0.000007,0,1,1,0,1,1
23825755,,0,0.000005,279,0.000007,0,1,1,0,1,1
23781285,,0,0.000005,279,0.000007,0,1,1,0,1,1
23509700,,0,0.000005,279,0.000007,0,1,1,0,1,1
23319339,,0,0.000005,279,0.000007,0,1,1,0,1,1
23311763,,0,0.000005,279,0.000007,0,1,1,0,1,1
23236420,,0,0.000005,279,0.000007,0,1,1,0,1,1
23199092,,0,0.000005,279,0.000007,0,1,1,0,1,1
22166803,,0,0.000005,279,0.000007,0,1,1,0,1,1
21869883,,0,0.000005,279,0.000007,0,1,1,0,1,1
21830905,,0,0.000005,279,0.000007,0,1,1,0,1,1
21765648,,0,0.000005,279,0.000007,0,1,1,0,1,1
21211028,,0,0.000005,279,0.000007,0,1,1,0,1,1
20389301,,0,0.000005,279,0.000007,0,1,1,0,1,1
20152526,,0,0.000005,279,0.000007,0,1,1,0,1,1
19902005,,0,0.000005,279,0.000007,0,1,1,0,1,1
19817551,,0,0.000005,279,0.000007,0,1,1,0,1,1
27262462,,0,0.000038,89,0.000007,0,1,1,0,1,1
23573233,,0,0.000038,89,0.000007,0,1,1,0,1,1
23292084,,0,0.000038,89,0.000007,0,1,1,0,1,1
22552941,,0,0.000038,89,0.000007,0,1,1,0,1,1
21844305,,0,0.000038,89,0.000007,0,1,1,0,1,1
19188703,,0.00112,0,184,0.000029,12,0,12,12,0,12
24489760,,0.000156,0.000095,184,0.000018,5,6,11,5,6,11
30061207,,0,0.000006,35,0.000007,0,1,1,0,1,1
19189213,,0.000312,0,35,0.000041,11,0,11,11,0,11
28521409,,0,0.000006,35,0.000007,0,1,1,0,1,1
25410484,,0,0.000037,35,0.000007,0,2,2,0,2,2
25394353,,0,0.000026,140,0.000007,0,4,4,0,4,4
25258321,,0,0.000006,35,0.000007,0,1,1,0,1,1
19190154,,0.001871,0,5,0.000046,29,0,29,29,0,29
26437725,,0,0.000036,5,0.000007,0,1,1,0,1,1
24753957,,0,0.000171,69,0.000007,0,5,5,0,5,5
20350205,,0,0.000036,5,0.000007,0,1,1,0,1,1
19190165,,0.000008,0,231,0.00001,2,0,2,2,0,2
30042356,,0,0.000061,90,0.000007,0,1,1,0,1,1
29203461,,0,0.001702,1,0.000007,0,8,8,0,8,8
27333046,,0,0.000084,90,0.000007,0,2,2,0,2,2
23425702,,0,0.000061,90,0.000007,0,1,1,0,1,1
21833082,,0,0.000258,69,0.000007,0,3,3,0,3,3
20738103,,0,0.000061,90,0.000007,0,1,1,0,1,1
19193551,,0,0,5,0.000009,1,0,1,1,0,1
19197168,,0.000223,0,5,0.000014,4,0,4,4,0,4
19197335,,0.00033,0,72,0.000026,12,0,12,12,0,12
27115840,,0,0.000006,72,0.000007,0,1,1,0,1,1
19203578,,0.018464,0,100,0.000675,272,0,272,272,0,272
29780501,,0,0.000352,100,0.000007,0,1,1,0,1,1
29765300,,0,0.000352,100,0.000007,0,1,1,0,1,1
29491882,,0,0.000382,100,0.000007,0,2,2,0,2,2
29255463,,0,0.000415,100,0.000007,0,3,3,0,3,3
29130934,,0,0.008897,69,0.000007,0,7,7,0,7,7
29029884,,0,0.000382,100,0.000007,0,2,2,0,2,2
28855246,,0,0.000405,100,0.000007,0,2,2,0,2,2
28825854,,0,0.000352,100,0.000007,0,1,1,0,1,1
28754805,,0,0.000399,100,0.000007,0,3,3,0,3,3
28603521,,0,0.000382,100,0.000007,0,2,2,0,2,2
28506460,,0,0.001751,100,0.000007,0,3,3,0,3,3
28445939,,0,0.000378,100,0.000007,0,2,2,0,2,2
28421088,,0,0.000352,100,0.000007,0,1,1,0,1,1
28386537,,0,0.000352,100,0.000007,0,1,1,0,1,1
28325877,,0,0.001009,100,0.000007,0,4,4,0,4,4
27857976,,0,0.000354,82,0.000007,0,2,2,0,2,2
27234244,,0,0.000352,100,0.000007,0,1,1,0,1,1
26994443,,0,0.000374,100,0.000007,0,2,2,0,2,2
26675234,,0,0.000421,100,0.000007,0,3,3,0,3,3
26625006,,0,0.000352,100,0.000007,0,1,1,0,1,1
26508657,,0,0.000382,100,0.000007,0,2,2,0,2,2
26474068,,0,0.000846,100,0.000007,0,3,3,0,3,3
26455503,,0,0.000484,100,0.000007,0,3,3,0,3,3
26017280,,0,0.000352,100,0.000007,0,1,1,0,1,1
25999347,,0,0.007965,100,0.000007,0,5,5,0,5,5
25714563,,0,0.000352,100,0.000007,0,1,1,0,1,1
25487737,,0,0.000553,41,0.000007,0,3,3,0,3,3
25312759,,0,0.000352,100,0.000007,0,1,1,0,1,1
25311508,,0,0.000352,100,0.000007,0,1,1,0,1,1
25151476,,0,0.000352,100,0.000007,0,1,1,0,1,1
24953653,,0,0.000352,100,0.000007,0,1,1,0,1,1
24714598,,0,0.000977,100,0.000007,0,4,4,0,4,4
24352470,,0,0.000352,100,0.000007,0,1,1,0,1,1
24332808,,0,0.000352,100,0.000007,0,1,1,0,1,1
23974106,,0.00029,0.001302,57,0.00008,18,2,20,18,2,20
23882282,,0,0.000352,100,0.000007,0,1,1,0,1,1
23760478,,0,0.002144,100,0.000007,0,3,3,0,3,3
23633913,,0,0.000352,100,0.000007,0,1,1,0,1,1
23438855,,0,0.000462,100,0.000007,0,3,3,0,3,3
23372718,,0,0.000353,100,0.000007,0,2,2,0,2,2
22367539,,0,0.000443,100,0.000007,0,2,2,0,2,2
22261722,,0,0.000499,100,0.000007,0,4,4,0,4,4
22240110,,0,0.000418,100,0.000007,0,3,3,0,3,3
22075984,,0,0.001821,100,0.000007,0,4,4,0,4,4
21896653,,0,0.000575,100,0.000007,0,2,2,0,2,2
21626679,,0,0.000388,100,0.000007,0,2,2,0,2,2
21502408,,0,0.000352,100,0.000007,0,1,1,0,1,1
20930510,,0,0.000352,100,0.000007,0,1,1,0,1,1
20661291,,0,0.000352,100,0.000007,0,1,1,0,1,1
20368362,,0,0.000352,100,0.000007,0,1,1,0,1,1
20223767,,0,0.000352,100,0.000007,0,1,1,0,1,1
30086788,,0,0.000238,205,0.000007,0,12,12,0,12,12
19205873,,0.000213,0,184,0.000043,15,0,15,15,0,15
26959889,,0,0.000004,184,0.000007,0,1,1,0,1,1
20808731,,0,0.000004,184,0.000007,0,1,1,0,1,1
19824023,,0,0.000004,184,0.000007,0,1,1,0,1,1
29886893,,0,0.000002,35,0.000007,0,1,1,0,1,1
19205878,,0.000112,0,35,0.000034,7,0,7,7,0,7
25388546,,0,0.000002,35,0.000007,0,1,1,0,1,1
24886289,,0,0.000002,35,0.000007,0,1,1,0,1,1
22140540,,0,0.000002,35,0.000007,0,1,1,0,1,1
19208614,,0.003953,0,1,0.000061,27,0,27,27,0,27
28978150,,0,0.001793,1,0.000007,0,6,6,0,6,6
24986089,,0,0.000237,1,0.000007,0,2,2,0,2,2
23193155,,0,0.000293,1,0.000007,0,2,2,0,2,2
22524618,,0,0.006735,1,0.000007,0,2,2,0,2,2
22454481,,0,0.000075,1,0.000007,0,1,1,0,1,1
21849329,,0,0.006794,1,0.000007,0,3,3,0,3,3
21130714,,0,0.000237,1,0.000007,0,2,2,0,2,2
20809131,,0,0.000237,1,0.000007,0,2,2,0,2,2
20550106,,0,0.000137,1,0.000007,0,2,2,0,2,2
20388209,,0,0.000075,1,0.000007,0,1,1,0,1,1
29201388,,0,0.000039,5,0.000007,0,1,1,0,1,1
26510161,,0,0.000039,5,0.000007,0,1,1,0,1,1
25411643,,0,0.000099,231,0.000007,0,4,4,0,4,4
24240626,,0,0.000039,5,0.000007,0,1,1,0,1,1
22328115,,0,0.000039,5,0.000007,0,1,1,0,1,1
22055988,,0,0.000039,5,0.000007,0,1,1,0,1,1
20604704,,0,0.000039,5,0.000007,0,1,1,0,1,1
24581549,,0,0.000005,89,0.000007,0,1,1,0,1,1
26668627,,0,0.000018,231,0.000007,0,2,2,0,2,2
19214744,,0.000197,0,231,0.000028,8,0,8,8,0,8
24205929,,0,0.000004,231,0.000007,0,1,1,0,1,1
23907125,,0,0.000004,231,0.000007,0,1,1,0,1,1
30428547,,0,0.000942,1,0.000007,0,36,36,0,36,36
28851761,,0,0.000111,5,0.000007,0,3,3,0,3,3
28594412,,0,0.000016,5,0.000007,0,2,2,0,2,2
27913496,,0,0.000112,5,0.000007,0,5,5,0,5,5
19215246,,0.000142,0,5,0.000028,7,0,7,7,0,7
28159847,,0,0.000003,5,0.000007,0,1,1,0,1,1
19215791,,0.001217,0,1,0.000015,5,0,5,5,0,5
21819622,,0,0.000023,1,0.000007,0,1,1,0,1,1
19219540,,0.000117,0,5,0.000007,1,0,1,1,0,1
26469401,,0,0.000024,89,0.000007,0,1,1,0,1,1
25969691,,0,0.000024,89,0.000007,0,1,1,0,1,1
21205865,,0,0.000029,89,0.000007,0,2,2,0,2,2
20644256,,0,0.000024,89,0.000007,0,1,1,0,1,1
20386565,,0.000202,0.000025,35,0.000071,13,2,15,13,2,15
26866883,,0,0.000032,231,0.000007,0,2,2,0,2,2
29390947,,0,0,185,0.000007,0,1,1,0,1,1
19232486,,0,0,185,0.000067,10,0,10,10,0,10
27028128,,0,0,185,0.000007,0,1,1,0,1,1
26304495,,0,0,185,0.000007,0,1,1,0,1,1
25960157,,0,0,185,0.000007,0,1,1,0,1,1
25735479,,0,0,185,0.000007,0,1,1,0,1,1
23507182,,0,0,185,0.000007,0,1,1,0,1,1
23497701,,0,0,185,0.000007,0,1,1,0,1,1
22378135,,0,0,185,0.000007,0,1,1,0,1,1
20477535,,0,0,185,0.000007,0,1,1,0,1,1
19861997,,0,0,185,0.000007,0,1,1,0,1,1
19237187,,0.002424,0,69,0.000077,36,0,36,36,0,36
28658790,,0,0.000046,69,0.000007,0,1,1,0,1,1
27807494,,0,0.000046,69,0.000007,0,1,1,0,1,1
22037646,,0,0.000046,69,0.000007,0,1,1,0,1,1
21996264,,0,0.000046,69,0.000007,0,1,1,0,1,1
19935705,,0,0.000127,69,0.000007,0,2,2,0,2,2
19238535,,0.000098,0,89,0.000011,3,0,3,3,0,3
30305646,,0,0.000001,5,0.000007,0,1,1,0,1,1
29658371,,0,0.000001,5,0.000007,0,1,1,0,1,1
28543179,,0,0.000001,5,0.000007,0,1,1,0,1,1
28138564,,0,0.000001,5,0.000007,0,1,1,0,1,1
27742740,,0,0.000001,5,0.000007,0,1,1,0,1,1
26905411,,0,0.000001,5,0.000007,0,1,1,0,1,1
26721774,,0,0.000001,5,0.000007,0,1,1,0,1,1
25918964,,0,0.000001,5,0.000007,0,1,1,0,1,1
25670930,,0,0.000001,5,0.000007,0,1,1,0,1,1
25423363,,0,0.000001,5,0.000007,0,1,1,0,1,1
25419472,,0,0.000001,5,0.000007,0,1,1,0,1,1
25096017,,0,0.000001,5,0.000007,0,1,1,0,1,1
25085266,,0,0.000001,5,0.000007,0,1,1,0,1,1
24708496,,0,0.000001,5,0.000007,0,1,1,0,1,1
24682224,,0,0.000001,5,0.000007,0,1,1,0,1,1
24641912,,0,0.000001,5,0.000007,0,1,1,0,1,1
23936266,,0,0.000001,5,0.000007,0,1,1,0,1,1
23657238,,0,0.000001,5,0.000007,0,1,1,0,1,1
23215885,,0,0.000001,5,0.000007,0,1,1,0,1,1
23168091,,0,0.000001,5,0.000007,0,1,1,0,1,1
22479307,,0,0.000001,5,0.000007,0,1,1,0,1,1
22411504,,0,0.000001,5,0.000007,0,1,1,0,1,1
21992406,,0,0.000001,5,0.000007,0,1,1,0,1,1
21709725,,0,0.000001,5,0.000007,0,1,1,0,1,1
21681434,,0,0.000001,5,0.000007,0,1,1,0,1,1
21493200,,0,0.000001,5,0.000007,0,1,1,0,1,1
21357376,,0,0.000001,5,0.000007,0,1,1,0,1,1
19917083,,0,0.000001,5,0.000007,0,1,1,0,1,1
19760636,,0,0.000001,5,0.000007,0,1,1,0,1,1
29485423,,0,0.000124,5,0.000007,0,1,1,0,1,1
28033448,,0,0.000379,205,0.000007,0,5,5,0,5,5
27939182,,0,0.000217,5,0.000007,0,4,4,0,4,4
26555145,,0,0.000212,5,0.000007,0,6,6,0,6,6
22616718,,0,0.000124,5,0.000007,0,1,1,0,1,1
22373165,,0,0.000124,5,0.000007,0,1,1,0,1,1
19244116,,0.000326,0,232,0.000024,9,0,9,9,0,9
27936167,,0.000023,0.000026,184,0.000011,2,5,7,2,5,7
25075970,,0,0.000006,232,0.000007,0,1,1,0,1,1
19246281,,0.000243,0,89,0.000008,3,0,3,3,0,3
19248143,,0.000331,0,5,0.000027,11,0,11,11,0,11
25114587,,0,0.000019,69,0.000007,0,3,3,0,3,3
21255714,,0,0.000006,5,0.000007,0,1,1,0,1,1
19248993,,0.000262,0,5,0.000019,12,0,12,12,0,12
21239023,,0,0.000024,5,0.000007,0,2,2,0,2,2
19249193,,0.003682,0,1,0.000012,7,0,7,7,0,7
19250199,,0.000073,0,82,0.000116,21,0,21,21,0,21
30360364,,0,0.000001,82,0.000007,0,1,1,0,1,1
29298894,,0,0.000001,82,0.000007,0,1,1,0,1,1
28337254,,0,0.000001,82,0.000007,0,1,1,0,1,1
28195993,,0,0.000001,82,0.000007,0,1,1,0,1,1
27067638,,0,0.000001,82,0.000007,0,1,1,0,1,1
26271515,,0,0.000001,82,0.000007,0,1,1,0,1,1
24855493,,0,0.000001,82,0.000007,0,1,1,0,1,1
24670307,,0,0.000001,82,0.000007,0,1,1,0,1,1
24599224,,0,0.000001,82,0.000007,0,1,1,0,1,1
24149917,,0,0.000001,82,0.000007,0,1,1,0,1,1
23340254,,0,0.000001,82,0.000007,0,1,1,0,1,1
23339407,,0,0.000001,82,0.000007,0,1,1,0,1,1
22108547,,0,0.000001,82,0.000007,0,1,1,0,1,1
21870130,,0,0.000001,82,0.000007,0,1,1,0,1,1
21693041,,0,0.000001,82,0.000007,0,1,1,0,1,1
21330404,,0,0.000004,100,0.000007,0,2,2,0,2,2
20635310,,0,0.000001,82,0.000007,0,1,1,0,1,1
20370681,,0,0.000001,82,0.000007,0,1,1,0,1,1
25505691,,0,0.000012,279,0.000007,0,1,1,0,1,1
21242333,,0,0.000012,279,0.000007,0,1,1,0,1,1
29937926,,0,0.000018,66,0.000007,0,1,1,0,1,1
29880483,,0,0.000018,66,0.000007,0,1,1,0,1,1
27799773,,0,0.000038,66,0.000007,0,2,2,0,2,2
27626691,,0,0.00165,1,0.000007,0,3,3,0,3,3
27318853,,0,0.000018,66,0.000007,0,1,1,0,1,1
26429296,,0,0.000018,66,0.000007,0,1,1,0,1,1
26328251,,0,0.000018,66,0.000007,0,1,1,0,1,1
25888380,,0,0.000018,66,0.000007,0,1,1,0,1,1
25337277,,0,0.000018,66,0.000007,0,1,1,0,1,1
24932267,,0,0.00002,66,0.000007,0,2,2,0,2,2
24579784,,0,0.000035,66,0.000007,0,3,3,0,3,3
24427336,,0,0.00002,66,0.000007,0,2,2,0,2,2
24151090,,0,0.000018,66,0.000007,0,1,1,0,1,1
23537287,,0,0.000019,48,0.000007,0,2,2,0,2,2
22561335,,0,0.001021,66,0.000007,0,2,2,0,2,2
22493625,,0,0.000018,66,0.000007,0,1,1,0,1,1
22153616,,0,0.000018,66,0.000007,0,1,1,0,1,1
20697084,,0,0.000018,66,0.000007,0,1,1,0,1,1
20667129,,0,0.000018,66,0.000007,0,1,1,0,1,1
19620488,,0,0.000018,66,0.000007,0,1,1,0,1,1
30102008,,0,0.000284,100,0.000007,0,3,3,0,3,3
30065170,,0,0.000292,100,0.000007,0,4,4,0,4,4
29735693,,0,0.000144,100,0.000007,0,1,1,0,1,1
23805179,,0,0.000144,100,0.000007,0,1,1,0,1,1
21189249,,0,0.000291,100,0.000007,0,2,2,0,2,2
19465892,,0,0.000144,100,0.000007,0,1,1,0,1,1
30052682,,0,0.000147,100,0.000007,0,1,1,0,1,1
29721073,,0,0.000147,100,0.000007,0,1,1,0,1,1
28377418,,0,0.000349,231,0.000007,0,4,4,0,4,4
28115406,,0,0.008142,231,0.000007,0,6,6,0,6,6
25416818,,0,0.000147,100,0.000007,0,1,1,0,1,1
24126142,,0,0.000147,100,0.000007,0,1,1,0,1,1
29383164,,0,0.000167,100,0.000007,0,2,2,0,2,2
27183383,,0,0.000173,35,0.000007,0,2,2,0,2,2
25713068,,0,0.000166,100,0.000007,0,1,1,0,1,1
24643254,,0,0.000166,100,0.000007,0,1,1,0,1,1
23511166,,0,0.000223,100,0.000007,0,2,2,0,2,2
23075493,,0,0.000166,100,0.000007,0,1,1,0,1,1
22956996,,0,0.000166,100,0.000007,0,1,1,0,1,1
21929787,,0,0.000166,100,0.000007,0,1,1,0,1,1
20810650,,0,0.000166,100,0.000007,0,1,1,0,1,1
29883441,,0,0.000002,5,0.000007,0,1,1,0,1,1
19263514,,0.000115,0,5,0.000023,6,0,6,6,0,6
20467480,,0,0.000002,5,0.000007,0,1,1,0,1,1
29355244,,0.000001,0.003268,100,0.00001,1,20,21,1,20,21
29207595,,0,0.001547,1,0.000007,0,4,4,0,4,4
28089683,,0,0.001254,100,0.000007,0,5,5,0,5,5
27429856,,0,0.000451,100,0.000007,0,1,1,0,1,1
25789554,,0,0.000451,100,0.000007,0,1,1,0,1,1
22839973,,0,0.007917,205,0.000007,0,3,3,0,3,3
21329877,,0,0.000451,100,0.000007,0,1,1,0,1,1
21252223,,0,0.001106,100,0.000007,0,2,2,0,2,2
21135251,,0.006052,0.000451,205,0.000422,74,1,75,74,1,75
20713705,,0,0.000451,100,0.000007,0,1,1,0,1,1
19269198,,0.000015,0,35,0.000038,2,0,2,2,0,2
19270496,,0.000959,0,100,0.00001,4,0,4,4,0,4
19273395,,0.000075,0,5,0.00001,4,0,4,4,0,4
19274767,,0.001388,0,100,0.000065,18,0,18,18,0,18
22465668,,0,0.000026,100,0.000007,0,1,1,0,1,1
21646054,,0,0.000026,100,0.000007,0,1,1,0,1,1
20565777,,0,0.000026,100,0.000007,0,1,1,0,1,1
19679553,,0,0.000026,100,0.000007,0,1,1,0,1,1
19562754,,0,0.000026,100,0.000007,0,1,1,0,1,1
19274769,,0.00036,0,176,0.000063,12,0,12,12,0,12
28100636,,0,0.000007,176,0.000007,0,1,1,0,1,1
25421435,,0,0.000007,176,0.000007,0,1,1,0,1,1
24824133,,0,0.000007,176,0.000007,0,1,1,0,1,1
24532022,,0,0.000007,176,0.000007,0,1,1,0,1,1
23628112,,0,0.000007,176,0.000007,0,1,1,0,1,1
23070519,,0,0.000007,176,0.000007,0,1,1,0,1,1
22956538,,0,0.000007,176,0.000007,0,1,1,0,1,1
20861312,,0,0.000007,176,0.000007,0,1,1,0,1,1
20546593,,0,0.00002,5,0.000007,0,1,1,0,1,1
19287209,,0.000458,0,176,0.000078,19,0,19,19,0,19
29606109,,0,0.000855,176,0.000007,0,2,2,0,2,2
28206966,,0,0.000009,176,0.000007,0,1,1,0,1,1
26332916,,0,0.000009,176,0.000007,0,1,1,0,1,1
26026052,,0,0.000591,176,0.000007,0,5,5,0,5,5
25988165,,0,0.000009,176,0.000007,0,1,1,0,1,1
23270946,,0,0.000009,176,0.000007,0,1,1,0,1,1
22860229,,0,0.000059,24,0.000007,0,2,2,0,2,2
22815765,,0,0.000009,176,0.000007,0,1,1,0,1,1
22567126,,0,0.000024,176,0.000007,0,2,2,0,2,2
22424773,,0,0.000009,176,0.000007,0,1,1,0,1,1
22362757,,0,0.000009,176,0.000007,0,1,1,0,1,1
20495366,,0,0.000009,176,0.000007,0,1,1,0,1,1
19287951,,0.00082,0,90,0.000024,9,0,9,9,0,9
22016779,,0,0.000016,90,0.000007,0,1,1,0,1,1
19287957,,0.000344,0,89,0.000008,4,0,4,4,0,4
19289372,,0.00092,0,24,0.000075,23,0,23,23,0,23
28105171,,0,0.000018,24,0.000007,0,1,1,0,1,1
26884885,,0,0.000018,24,0.000007,0,1,1,0,1,1
25268735,,0,0.000044,24,0.000007,0,3,3,0,3,3
25162786,,0,0.000018,24,0.000007,0,1,1,0,1,1
24353624,,0,0.000028,367,0.000007,0,2,2,0,2,2
23330005,,0,0.000048,24,0.000007,0,3,3,0,3,3
22848513,,0,0.000018,24,0.000007,0,1,1,0,1,1
29875927,,0,0.000599,35,0.000007,0,6,6,0,6,6
26849082,,0,0.000259,35,0.000007,0,5,5,0,5,5
26832993,,0,0.000191,35,0.000007,0,1,1,0,1,1
25436920,,0,0.001326,89,0.000007,0,7,7,0,7,7
30079300,,0,0.000451,1,0.000007,0,8,8,0,8,8
19307946,,0.001597,0,1,0.000017,11,0,11,11,0,11
26217111,,0,0.000101,5,0.000007,0,2,2,0,2,2
21673878,,0,0.000076,205,0.000007,0,2,2,0,2,2
25484922,,0,0.000008,5,0.000007,0,2,2,0,2,2
23077440,,0,0.000002,5,0.000007,0,1,1,0,1,1
22333900,,0,0.000002,5,0.000007,0,2,2,0,2,2
20714109,,0,0.000002,5,0.000007,0,1,1,0,1,1
20386454,,0,0.000002,5,0.000007,0,1,1,0,1,1
19318481,,0.01356,0,35,0.000339,137,0,137,137,0,137
30275855,,0,0.000259,35,0.000007,0,1,1,0,1,1
29588513,,0,0.000263,35,0.000007,0,2,2,0,2,2
29561695,,0,0.001262,35,0.000007,0,3,3,0,3,3
29373908,,0,0.000265,35,0.000007,0,3,3,0,3,3
29373071,,0,0.000259,35,0.000007,0,1,1,0,1,1
29256156,,0,0.000259,35,0.000007,0,1,1,0,1,1
29085483,,0,0.000592,35,0.000007,0,3,3,0,3,3
28989614,,0,0.000259,35,0.000007,0,1,1,0,1,1
28829761,,0,0.000259,35,0.000007,0,1,1,0,1,1
28721372,,0.000016,0.004744,35,0.00001,1,8,9,1,8,9
28720841,,0,0.000411,82,0.000007,0,4,4,0,4,4
28474673,,0,0.000259,35,0.000007,0,1,1,0,1,1
28451459,,0,0.000259,35,0.000007,0,1,1,0,1,1
27852327,,0,0.000285,35,0.000007,0,2,2,0,2,2
27400234,,0,0.000422,35,0.000007,0,2,2,0,2,2
26957540,,0,0.000259,35,0.000007,0,1,1,0,1,1
26712257,,0,0.000259,35,0.000007,0,1,1,0,1,1
26176330,,0,0.000308,35,0.000007,0,2,2,0,2,2
26084486,,0,0.000259,35,0.000007,0,1,1,0,1,1
25422911,,0,0.000259,35,0.000007,0,1,1,0,1,1
25249140,,0,0.000979,35,0.000007,0,3,3,0,3,3
24809783,,0,0.000259,35,0.000007,0,1,1,0,1,1
24724101,,0,0.000259,35,0.000007,0,1,1,0,1,1
24706169,,0,0.000259,35,0.000007,0,1,1,0,1,1
24693876,,0,0.000259,35,0.000007,0,1,1,0,1,1
24354805,,0,0.000406,35,0.000007,0,3,3,0,3,3
24348830,,0,0.000259,35,0.000007,0,1,1,0,1,1
23674084,,0,0.000259,35,0.000007,0,1,1,0,1,1
22866163,,0,0.000363,35,0.000007,0,2,2,0,2,2
22225836,,0,0.000259,35,0.000007,0,1,1,0,1,1
22087761,,0,0.000265,35,0.000007,0,2,2,0,2,2
21535870,,0,0.000422,35,0.000007,0,2,2,0,2,2
20431349,,0,0.000259,35,0.000007,0,1,1,0,1,1
19320659,,0.000444,0,89,0.000008,2,0,2,2,0,2
28970850,,0,0.000001,279,0.000007,0,1,1,0,1,1
19322611,,0.000039,0,279,0.000026,5,0,5,5,0,5
24346768,,0,0.000001,279,0.000007,0,1,1,0,1,1
23890400,,0,0.000001,279,0.000007,0,2,2,0,2,2
19322653,,0.000163,0,5,0.00001,3,0,3,3,0,3
22796560,,0,0.000016,89,0.000007,0,1,1,0,1,1
28881068,,0,0,186,0.000007,0,1,1,0,1,1
19332451,,0,0,186,0.000019,2,0,2,2,0,2
28280001,,0,0,186,0.000007,0,1,1,0,1,1
29973223,,0,0.000172,1,0.000007,0,3,3,0,3,3
19333003,,0.007699,0,24,0.000129,40,0,40,40,0,40
29098031,,0,0.000147,24,0.000007,0,2,2,0,2,2
28979138,,0,0.000147,24,0.000007,0,1,1,0,1,1
28259943,,0,0.000147,24,0.000007,0,1,1,0,1,1
23479461,,0,0.000147,24,0.000007,0,1,1,0,1,1
23446999,,0,0.000147,24,0.000007,0,1,1,0,1,1
23100393,,0,0.000147,24,0.000007,0,1,1,0,1,1
19333752,,0.001009,0,89,0.000013,10,0,10,10,0,10
21452712,,0,0.000004,5,0.000007,0,1,1,0,1,1
19336573,,0.010954,0,1,0.000159,43,0,43,43,0,43
29156679,,0,0.000209,1,0.000007,0,1,1,0,1,1
26558387,,0,0.000209,1,0.000007,0,1,1,0,1,1
22666537,,0,0.000209,1,0.000007,0,1,1,0,1,1
22628563,,0,0.000209,1,0.000007,0,1,1,0,1,1
21060778,,0,0.000209,1,0.000007,0,1,1,0,1,1
20205286,,0,0.000209,1,0.000007,0,1,1,0,1,1
27755135,,0,0.000017,89,0.000007,0,1,1,0,1,1
19340607,,0.003905,0,1,0.000028,17,0,17,17,0,17
19342888,,0.00056,0,100,0.000033,10,0,10,10,0,10
22186018,,0,0.000011,100,0.000007,0,1,1,0,1,1
19487454,,0,0.000011,100,0.000007,0,1,1,0,1,1
23915212,,0,0,187,0.000007,0,1,1,0,1,1
19346953,,0,0,187,0.000013,1,0,1,1,0,1
19347608,,0.000378,0,5,0.000016,11,0,11,11,0,11
25364449,,0,0.000005,66,0.000007,0,1,1,0,1,1
19350356,,0.000278,0,66,0.000021,4,0,4,4,0,4
22740803,,0,0.000005,66,0.000007,0,1,1,0,1,1
29158255,,0,0.000244,1,0.000007,0,1,1,0,1,1
26942876,,0,0.000244,1,0.000007,0,1,1,0,1,1
26218629,,0,0.00504,1,0.000007,0,4,4,0,4,4
25663855,,0,0.000244,1,0.000007,0,1,1,0,1,1
25229616,,0,0.00042,241,0.000007,0,3,3,0,3,3
24094812,,0,0.000244,1,0.000007,0,1,1,0,1,1
22954224,,0,0.002137,1,0.000007,0,3,3,0,3,3
23226513,,0,0.000006,35,0.000007,0,1,1,0,1,1
19948035,,0,0.000006,35,0.000007,0,1,1,0,1,1
19353265,,0.001033,0,89,0.000014,10,0,10,10,0,10
25419146,,0,0.000053,89,0.000007,0,2,2,0,2,2
28292084,,0,0,5,0.000007,0,1,1,0,1,1
19359128,,0.000016,0,5,0.000017,3,0,3,3,0,3
19360465,,0.000312,0,231,0.000063,21,0,21,21,0,21
24166930,,0,0.000006,231,0.000007,0,2,2,0,2,2
22905183,,0,0.000006,231,0.000007,0,1,1,0,1,1
20868222,,0,0.000006,231,0.000007,0,1,1,0,1,1
29483769,,0,0.000396,1,0.000007,0,3,3,0,3,3
19362586,,0.004681,0,1,0.000172,44,0,44,44,0,44
29073231,,0,0.001459,1,0.000007,0,4,4,0,4,4
27081507,,0,0.000089,1,0.000007,0,1,1,0,1,1
26921193,,0,0.00018,1,0.000007,0,2,2,0,2,2
26912654,,0,0.000089,1,0.000007,0,1,1,0,1,1
26507826,,0,0.000089,1,0.000007,0,1,1,0,1,1
25391369,,0,0.000089,1,0.000007,0,1,1,0,1,1
25356504,,0,0.000089,1,0.000007,0,1,1,0,1,1
25253464,,0,0.000089,1,0.000007,0,1,1,0,1,1
25114913,,0,0.000089,1,0.000007,0,1,1,0,1,1
25050564,,0,0.000089,1,0.000007,0,1,1,0,1,1
24588584,,0,0.000089,1,0.000007,0,1,1,0,1,1
24375466,,0,0.000089,1,0.000007,0,1,1,0,1,1
24086258,,0,0.000089,1,0.000007,0,1,1,0,1,1
23894640,,0,0.000389,1,0.000007,0,2,2,0,2,2
23549425,,0,0.000089,1,0.000007,0,1,1,0,1,1
23528286,,0,0.000089,1,0.000007,0,1,1,0,1,1
22882088,,0,0.000089,1,0.000007,0,1,1,0,1,1
22685374,,0,0.000089,1,0.000007,0,1,1,0,1,1
22198485,,0,0.000089,1,0.000007,0,1,1,0,1,1
21884784,,0,0.016545,1,0.000007,0,10,10,0,10,10
21368715,,0,0.006749,1,0.000007,0,2,2,0,2,2
21356345,,0,0.000089,1,0.000007,0,1,1,0,1,1
21330947,,0,0.000089,1,0.000007,0,1,1,0,1,1
20817730,,0,0.000089,1,0.000007,0,1,1,0,1,1
20804590,,0,0.000089,1,0.000007,0,1,1,0,1,1
20404327,,0,0.000089,1,0.000007,0,1,1,0,1,1
19362816,,0.000219,0,35,0.000009,2,0,2,2,0,2
19366906,,0.000017,0,35,0.000009,2,0,2,2,0,2
28168276,,0,0.000749,24,0.000007,0,2,2,0,2,2
25117068,,0,0.004071,1,0.000007,0,2,2,0,2,2
21468892,,0,0.000655,100,0.000007,0,1,1,0,1,1
20729858,,0,0.000655,100,0.000007,0,1,1,0,1,1
30463535,,0,0.000035,5,0.000007,0,1,1,0,1,1
19370414,,0.001853,0,5,0.000029,17,0,17,17,0,17
24060354,,0,0.000834,35,0.000007,0,4,4,0,4,4
19372557,,0.002439,0,1,0.000043,12,0,12,12,0,12
25305051,,0,0.000047,1,0.000007,0,1,1,0,1,1
24833306,,0,0.000047,1,0.000007,0,1,1,0,1,1
22306790,,0,0.000047,1,0.000007,0,1,1,0,1,1
20205872,,0,0.000047,1,0.000007,0,1,1,0,1,1
19372751,,0.001894,0,100,0.000085,35,0,35,35,0,35
26843106,,0,0.000036,100,0.000007,0,1,1,0,1,1
26521794,,0,0.000036,100,0.000007,0,1,1,0,1,1
24734031,,0,0.000434,100,0.000007,0,2,2,0,2,2
23469115,,0,0.000036,100,0.000007,0,1,1,0,1,1
22453339,,0,0.000036,100,0.000007,0,1,1,0,1,1
22308489,,0,0.000036,100,0.000007,0,1,1,0,1,1
21862875,,0,0.000036,100,0.000007,0,1,1,0,1,1
19375487,,0.000129,0,176,0.000086,6,0,6,6,0,6
21915368,,0.000134,0.000012,2,0.00003,5,2,7,5,2,7
19377795,,0.001218,0,89,0.000009,10,0,10,10,0,10
19380021,,0.001184,0,1,0.000012,5,0,5,5,0,5
25528264,,0,0.000039,69,0.000007,0,3,3,0,3,3
19381686,,0.000471,0,35,0.000007,1,0,1,1,0,1
29973640,,0,0.000101,231,0.000007,0,1,1,0,1,1
29189711,,0,0.000101,231,0.000007,0,1,1,0,1,1
28819025,,0,0.000101,231,0.000007,0,1,1,0,1,1
27014724,,0,0.00024,100,0.000007,0,4,4,0,4,4
26735576,,0,0.000286,1,0.000007,0,3,3,0,3,3
25938776,,0,0.000101,231,0.000007,0,1,1,0,1,1
25435281,,0,0.000116,137,0.000007,0,2,2,0,2,2
24754999,,0,0.000101,231,0.000007,0,1,1,0,1,1
24120666,,0,0.000101,231,0.000007,0,1,1,0,1,1
23181716,,0,0.000101,231,0.000007,0,1,1,0,1,1
22065898,,0,0.000101,231,0.000007,0,1,1,0,1,1
20122942,,0,0.000101,231,0.000007,0,1,1,0,1,1
29204512,,0,0.000305,5,0.000007,0,3,3,0,3,3
26657901,,0,0.000305,5,0.000007,0,3,3,0,3,3
26497752,,0,0.000162,69,0.000007,0,2,2,0,2,2
26179662,,0,0.000119,1,0.000007,0,1,1,0,1,1
25625843,,0,0.007677,69,0.000007,0,4,4,0,4,4
25058905,,0,0.000119,1,0.000007,0,1,1,0,1,1
24302632,,0,0.008411,1,0.000007,0,3,3,0,3,3
23301148,,0,0.000119,1,0.000007,0,1,1,0,1,1
21946537,,0,0.000119,1,0.000007,0,1,1,0,1,1
21526198,,0,0.000119,1,0.000007,0,1,1,0,1,1
20811322,,0,0.000119,1,0.000007,0,1,1,0,1,1
20420945,,0,0.000119,1,0.000007,0,1,1,0,1,1
24885465,,0,0.00015,1,0.000007,0,1,1,0,1,1
21224353,,0,0.000202,69,0.000007,0,2,2,0,2,2
30174791,,0,0.000081,69,0.000007,0,1,1,0,1,1
29889762,,0,0.000101,69,0.000007,0,2,2,0,2,2
27530463,,0,0.000081,69,0.000007,0,1,1,0,1,1
27127000,,0,0.000081,69,0.000007,0,1,1,0,1,1
24204986,,0,0.00012,69,0.000007,0,2,2,0,2,2
23585021,,0,0.000081,69,0.000007,0,1,1,0,1,1
22267287,,0,0.000081,69,0.000007,0,1,1,0,1,1
21643459,,0,0.000142,69,0.000007,0,3,3,0,3,3
27911851,,0,0.007478,231,0.000007,0,2,2,0,2,2
24740199,,0,0.000229,231,0.000007,0,2,2,0,2,2
24729980,,0,0.000384,231,0.000007,0,3,3,0,3,3
24653663,,0,0.000043,231,0.000007,0,1,1,0,1,1
23535648,,0,0.007824,231,0.000007,0,5,5,0,5,5
21447778,,0,0.000043,231,0.000007,0,1,1,0,1,1
20233418,,0,0.000043,231,0.000007,0,1,1,0,1,1
19383810,,0.005173,0,100,0.000051,42,0,42,42,0,42
30099541,,0,0.001169,205,0.000007,0,11,11,0,11,11
21952082,,0,0.000013,90,0.000007,0,1,1,0,1,1
21840986,,0,0.000013,90,0.000007,0,1,1,0,1,1
19390427,,0.004236,0,35,0.000047,20,0,20,20,0,20
27923595,,0,0.000287,35,0.000007,0,4,4,0,4,4
23566381,,0,0.001396,1,0.000007,0,4,4,0,4,4
19393826,,0.000088,0,89,0.000007,1,0,1,1,0,1
19398948,,0.001053,0,100,0.000056,9,0,9,9,0,9
29668600,,0,0.000003,279,0.000007,0,1,1,0,1,1
19399343,,0.000168,0,279,0.000051,14,0,14,14,0,14
29088902,,0,0.000003,279,0.000007,0,2,2,0,2,2
28144288,,0,0.00001,279,0.000007,0,2,2,0,2,2
27824946,,0,0.000006,279,0.000007,0,2,2,0,2,2
25285016,,0,0.000003,279,0.000007,0,1,1,0,1,1
24914365,,0,0.000003,279,0.000007,0,1,1,0,1,1
21891782,,0,0.000003,279,0.000007,0,1,1,0,1,1
19403657,,0.000947,0,100,0.000115,31,0,31,31,0,31
28608856,,0,0.000018,100,0.000007,0,1,1,0,1,1
28322231,,0,0.000021,100,0.000007,0,2,2,0,2,2
26607552,,0,0.000021,100,0.000007,0,2,2,0,2,2
26252244,,0,0.000018,100,0.000007,0,1,1,0,1,1
25245017,,0,0.000018,100,0.000007,0,1,1,0,1,1
24646670,,0,0.000018,100,0.000007,0,1,1,0,1,1
23751362,,0,0.000026,279,0.000007,0,2,2,0,2,2
23349620,,0,0.000018,100,0.000007,0,1,1,0,1,1
22114084,,0,0.000018,100,0.000007,0,1,1,0,1,1
21224845,,0,0.000018,100,0.000007,0,1,1,0,1,1
29644000,,0,0.000039,1,0.000007,0,1,1,0,1,1
29245943,,0,0.000069,1,0.000007,0,2,2,0,2,2
28888100,,0,0.00023,1,0.000007,0,2,2,0,2,2
27875297,,0,0.000039,1,0.000007,0,1,1,0,1,1
27550999,,0,0.000039,1,0.000007,0,1,1,0,1,1
27223080,,0,0.000039,1,0.000007,0,1,1,0,1,1
26312135,,0,0.000039,1,0.000007,0,1,1,0,1,1
25767374,,0,0.000039,1,0.000007,0,1,1,0,1,1
25686830,,0,0.000039,1,0.000007,0,1,1,0,1,1
25249630,,0,0.000439,1,0.000007,0,2,2,0,2,2
25216529,,0,0.000039,1,0.000007,0,1,1,0,1,1
25010037,,0,0.001636,1,0.000007,0,6,6,0,6,6
24737042,,0,0.000039,1,0.000007,0,1,1,0,1,1
24369536,,0,0.000039,1,0.000007,0,1,1,0,1,1
23560058,,0,0.000039,1,0.000007,0,1,1,0,1,1
23380594,,0,0.000039,1,0.000007,0,1,1,0,1,1
22869869,,0,0.000039,1,0.000007,0,1,1,0,1,1
22258035,,0,0.000039,1,0.000007,0,1,1,0,1,1
21613406,,0,0.000039,1,0.000007,0,1,1,0,1,1
21258400,,0,0.000039,1,0.000007,0,1,1,0,1,1
28652578,,0,0.000033,57,0.000007,0,2,2,0,2,2
19404735,,0.000139,0,57,0.000023,5,0,5,5,0,5
26901136,,0,0.000003,57,0.000007,0,1,1,0,1,1
26050521,,0,0.000003,57,0.000007,0,1,1,0,1,1
26757732,,0,0.000002,140,0.000007,0,1,1,0,1,1
19404736,,0.000126,0,140,0.000027,6,0,6,6,0,6
25393830,,0,0.000002,140,0.000007,0,1,1,0,1,1
20308327,,0,0.000002,140,0.000007,0,1,1,0,1,1
19405874,,0.000221,0,5,0.000009,4,0,4,4,0,4
19405875,,0.001305,0,231,0.000029,12,0,12,12,0,12
28646528,,0,0.002028,100,0.000013,1,11,12,1,11,12
23614619,,0,0.00012,231,0.000007,0,8,8,0,8,8
19405878,,0.000328,0,89,0.00002,6,0,6,6,0,6
20972631,,0,0.000006,89,0.000007,0,1,1,0,1,1
19408048,,0.000901,0,5,0.000012,9,0,9,9,0,9
19408071,,0.000332,0,35,0.000027,6,0,6,6,0,6
21681448,,0,0.000006,35,0.000007,0,1,1,0,1,1
30109178,,0,0.000078,24,0.000007,0,2,2,0,2,2
28260029,,0,0.000057,24,0.000007,0,1,1,0,1,1
28210107,,0,0.000057,24,0.000007,0,1,1,0,1,1
26459875,,0,0.000057,24,0.000007,0,1,1,0,1,1
26247735,,0,0.000057,24,0.000007,0,1,1,0,1,1
26186355,,0,0.000057,24,0.000007,0,1,1,0,1,1
25100284,,0,0.000057,24,0.000007,0,1,1,0,1,1
24874732,,0,0.000107,24,0.000007,0,2,2,0,2,2
24343361,,0,0.000057,24,0.000007,0,1,1,0,1,1
22940760,,0,0.000057,24,0.000007,0,1,1,0,1,1
21994417,,0,0.000057,24,0.000007,0,1,1,0,1,1
21252716,,0,0.000065,24,0.000007,0,2,2,0,2,2
28578437,,0,0.00001,69,0.000007,0,1,1,0,1,1
27764122,,0,0.00001,69,0.000007,0,1,1,0,1,1
26713052,,0,0.00001,69,0.000007,0,1,1,0,1,1
25699101,,0,0.000013,69,0.000007,0,2,2,0,2,2
23590973,,0,0.00001,69,0.000007,0,1,1,0,1,1
23502467,,0,0.00001,69,0.000007,0,1,1,0,1,1
22962406,,0,0.00001,69,0.000007,0,1,1,0,1,1
22247801,,0,0.00001,69,0.000007,0,1,1,0,1,1
21589862,,0,0.00001,69,0.000007,0,1,1,0,1,1
21570499,,0,0.00001,69,0.000007,0,1,1,0,1,1
21085651,,0,0.00001,69,0.000007,0,1,1,0,1,1
20381233,,0,0.000062,69,0.000007,0,2,2,0,2,2
19945742,,0,0.00001,69,0.000007,0,1,1,0,1,1
22063459,,0,0.000002,35,0.000007,0,1,1,0,1,1
29977557,,0,0.000003,89,0.000007,0,1,1,0,1,1
19427229,,0.000141,0,89,0.000063,21,0,21,21,0,21
29774322,,0,0.000003,89,0.000007,0,1,1,0,1,1
27742906,,0,0.000003,89,0.000007,0,1,1,0,1,1
26702755,,0,0.000003,89,0.000007,0,2,2,0,2,2
26376727,,0,0.000003,89,0.000007,0,1,1,0,1,1
25393370,,0,0.00007,35,0.000007,0,7,7,0,7,7
24319497,,0,0.000005,89,0.000007,0,2,2,0,2,2
21714875,,0,0.000003,89,0.000007,0,1,1,0,1,1
29299137,,0,0.000004,100,0.000007,0,1,1,0,1,1
28891965,,0,0.000005,100,0.000007,0,2,2,0,2,2
27687866,,0,0.000005,100,0.000007,0,2,2,0,2,2
27650066,,0,0.000017,100,0.000007,0,3,3,0,3,3
26617815,,0,0.000004,100,0.000007,0,1,1,0,1,1
20716942,,0,0.000004,100,0.000007,0,1,1,0,1,1
25642790,,0,0.000002,5,0.000007,0,1,1,0,1,1
19433978,,0.002386,0,205,0.000021,11,0,11,11,0,11
19434886,,0.000227,0,1,0.000008,1,0,1,1,0,1
28643020,,0,0.000002,35,0.000007,0,1,1,0,1,1
19434892,,0.0001,0,35,0.000049,10,0,10,10,0,10
27028856,,0,0.000005,35,0.000007,0,2,2,0,2,2
26770237,,0,0.000002,35,0.000007,0,1,1,0,1,1
25214704,,0,0.000002,35,0.000007,0,1,1,0,1,1
22491005,,0,0.000002,35,0.000007,0,1,1,0,1,1
21392398,,0,0.000002,35,0.000007,0,1,1,0,1,1
19440148,,0.000388,0,69,0.000017,8,0,8,8,0,8
21272867,,0,0.000025,69,0.000007,0,2,2,0,2,2
30159428,,0,0.000003,2,0.000007,0,1,1,0,1,1
27608009,,0,0.000008,2,0.000007,0,2,2,0,2,2
26883671,,0,0.000008,2,0.000007,0,2,2,0,2,2
26471143,,0,0.000003,2,0.000007,0,1,1,0,1,1
26448942,,0,0.000003,2,0.000007,0,1,1,0,1,1
24606538,,0,0.000003,2,0.000007,0,1,1,0,1,1
24155918,,0,0.000166,1,0.000007,0,3,3,0,3,3
23443164,,0,0.000003,2,0.000007,0,1,1,0,1,1
22427119,,0,0.000003,2,0.000007,0,1,1,0,1,1
22248054,,0,0.000008,2,0.000007,0,2,2,0,2,2
19826008,,0,0.000003,2,0.000007,0,1,1,0,1,1
21503269,,0,0,188,0.000007,0,1,1,0,1,1
19441445,,0,0,188,0.000013,1,0,1,1,0,1
19442054,,0.003509,0,24,0.000128,22,0,22,22,0,22
23205070,,0,0.000067,24,0.000007,0,1,1,0,1,1
22046189,,0.001323,0.000067,24,0.00002,4,1,5,4,1,5
20840811,,0,0.000067,24,0.000007,0,1,1,0,1,1
19442256,,0.001566,0,100,0.000021,11,0,11,11,0,11
28416734,,0,0.000011,90,0.000007,0,1,1,0,1,1
27729562,,0,0.000011,90,0.000007,0,1,1,0,1,1
23983688,,0,0.000011,90,0.000007,0,1,1,0,1,1
29965722,,0,0,189,0.000007,0,1,1,0,1,1
19450967,,0,0,189,0.000031,4,0,4,4,0,4
26785682,,0,0,189,0.000007,0,1,1,0,1,1
22163925,,0,0,189,0.000007,0,1,1,0,1,1
20873767,,0,0,189,0.000007,0,1,1,0,1,1
29241458,,0,0,24,0.000007,0,1,1,0,1,1
21315563,,0,0,24,0.000007,0,1,1,0,1,1
19452558,,0.001214,0,140,0.00002,6,0,6,6,0,6
19454451,,0.001817,0,89,0.000009,6,0,6,6,0,6
25535400,,0,0.000001,241,0.000007,0,5,5,0,5,5
19454503,,0.000015,0,241,0.000029,6,0,6,6,0,6
24040450,,0,0,241,0.000007,0,1,1,0,1,1
23999928,,0,0,241,0.000007,0,1,1,0,1,1
22077694,,0,0,241,0.000007,0,1,1,0,1,1
29263804,,0,0.000213,5,0.000007,0,3,3,0,3,3
24498597,,0,0.000012,5,0.000007,0,1,1,0,1,1
21514559,,0,0.000012,5,0.000007,0,1,1,0,1,1
19459037,,0.000045,0,5,0.00002,5,0,5,5,0,5
29270053,,0,0.000174,5,0.000007,0,2,2,0,2,2
23424256,,0,0.000001,5,0.000007,0,1,1,0,1,1
29323178,,0,0,5,0.000007,0,1,1,0,1,1
19460435,,0.000002,0,5,0.000016,2,0,2,2,0,2
30347002,,0,0.000018,5,0.000007,0,1,1,0,1,1
30214602,,0,0.000018,5,0.000007,0,1,1,0,1,1
30131927,,0,0.000018,5,0.000007,0,1,1,0,1,1
30123884,,0,0.000018,5,0.000007,0,1,1,0,1,1
30025533,,0,0.000018,5,0.000007,0,1,1,0,1,1
29721475,,0,0.000018,5,0.000007,0,1,1,0,1,1
29694620,,0,0.000018,5,0.000007,0,1,1,0,1,1
29336662,,0,0.000018,5,0.000007,0,1,1,0,1,1
29270058,,0,0.000067,184,0.000007,0,3,3,0,3,3
29264752,,0,0.000022,198,0.000007,0,2,2,0,2,2
29218996,,0,0.000018,5,0.000007,0,1,1,0,1,1
29203594,,0,0.000096,35,0.000007,0,2,2,0,2,2
29138205,,0,0.000018,5,0.000007,0,1,1,0,1,1
28903991,,0,0.000018,5,0.000007,0,1,1,0,1,1
28894168,,0,0.000034,5,0.000007,0,2,2,0,2,2
28702893,,0,0.000018,5,0.000007,0,1,1,0,1,1
28670139,,0,0.000023,5,0.000007,0,2,2,0,2,2
28652435,,0,0.000018,5,0.000007,0,1,1,0,1,1
28463969,,0,0.000018,5,0.000007,0,1,1,0,1,1
28432514,,0,0.00002,5,0.000007,0,2,2,0,2,2
28382099,,0,0.000018,5,0.000007,0,1,1,0,1,1
28331746,,0,0.000018,5,0.000007,0,1,1,0,1,1
28331706,,0,0.000018,5,0.000007,0,1,1,0,1,1
28331652,,0,0.000018,5,0.000007,0,1,1,0,1,1
28181113,,0,0.000018,5,0.000007,0,1,1,0,1,1
28144097,,0,0.000018,5,0.000007,0,1,1,0,1,1
28085947,,0,0.000074,35,0.000007,0,2,2,0,2,2
28032733,,0,0.00002,5,0.000007,0,2,2,0,2,2
28018557,,0,0.000018,5,0.000007,0,1,1,0,1,1
27889052,,0,0.000018,5,0.000007,0,1,1,0,1,1
27792934,,0,0.000018,5,0.000007,0,1,1,0,1,1
27782035,,0,0.000018,5,0.000007,0,1,1,0,1,1
27402505,,0,0.000018,5,0.000007,0,1,1,0,1,1
27294746,,0,0.000018,5,0.000007,0,1,1,0,1,1
27107570,,0,0.000018,5,0.000007,0,1,1,0,1,1
27103842,,0,0.000018,5,0.000007,0,1,1,0,1,1
27031236,,0,0.000018,5,0.000007,0,1,1,0,1,1
27023002,,0,0.000018,5,0.000007,0,1,1,0,1,1
26934127,,0,0.000018,5,0.000007,0,1,1,0,1,1
26925917,,0,0.000018,5,0.000007,0,1,1,0,1,1
26775907,,0,0.000018,5,0.000007,0,1,1,0,1,1
26739972,,0,0.000185,5,0.000007,0,2,2,0,2,2
26687192,,0,0.000018,5,0.000007,0,1,1,0,1,1
26622183,,0,0.000018,5,0.000007,0,1,1,0,1,1
26480944,,0,0.000018,5,0.000007,0,1,1,0,1,1
26251034,,0,0.000018,5,0.000007,0,1,1,0,1,1
26239242,,0,0.000018,5,0.000007,0,1,1,0,1,1
26210198,,0,0.000018,5,0.000007,0,1,1,0,1,1
26137435,,0,0.000018,5,0.000007,0,1,1,0,1,1
26107848,,0,0.000018,5,0.000007,0,1,1,0,1,1
26101247,,0,0.000018,5,0.000007,0,1,1,0,1,1
26036192,,0,0.000018,5,0.000007,0,1,1,0,1,1
26030770,,0,0.000018,5,0.000007,0,1,1,0,1,1
25999348,,0,0.000018,5,0.000007,0,1,1,0,1,1
25905842,,0,0.000018,5,0.000007,0,1,1,0,1,1
25848342,,0,0.00002,90,0.000007,0,2,2,0,2,2
25493246,,0,0.000094,5,0.000007,0,2,2,0,2,2
24976976,,0,0.000018,5,0.000007,0,1,1,0,1,1
24890659,,0,0.000018,5,0.000007,0,1,1,0,1,1
24707345,,0,0.000018,5,0.000007,0,1,1,0,1,1
24354443,,0,0.000018,5,0.000007,0,2,2,0,2,2
24162333,,0,0.000018,5,0.000007,0,1,1,0,1,1
24131591,,0,0.000193,35,0.000007,0,2,2,0,2,2
23825759,,0,0.000052,5,0.000007,0,4,4,0,4,4
23443036,,0,0.000018,5,0.000007,0,2,2,0,2,2
22941561,,0,0.000018,5,0.000007,0,1,1,0,1,1
22614158,,0,0.000018,5,0.000007,0,1,1,0,1,1
22520938,,0,0.000018,5,0.000007,0,1,1,0,1,1
22280212,,0,0.000018,5,0.000007,0,1,1,0,1,1
21576642,,0,0.000018,5,0.000007,0,1,1,0,1,1
21436065,,0,0.000018,5,0.000007,0,1,1,0,1,1
21193648,,0,0.000018,5,0.000007,0,1,1,0,1,1
21172092,,0,0.000018,5,0.000007,0,1,1,0,1,1
20811852,,0,0.000018,5,0.000007,0,1,1,0,1,1
20623416,,0,0.000018,5,0.000007,0,1,1,0,1,1
27313934,,0,0,89,0.000007,0,1,1,0,1,1
19461239,,0.000003,0,89,0.000028,4,0,4,4,0,4
27119653,,0,0,89,0.000007,0,1,1,0,1,1
23861977,,0,0,89,0.000007,0,1,1,0,1,1
19462222,,0.000114,0,5,0.000044,18,0,18,18,0,18
29460110,,0,0.000044,5,0.000007,0,4,4,0,4,4
24101877,,0,0.000002,5,0.000007,0,1,1,0,1,1
22781094,,0,0.000002,5,0.000007,0,1,1,0,1,1
21285887,,0,0.000002,5,0.000007,0,1,1,0,1,1
29731912,,0,0.000081,279,0.000007,0,2,2,0,2,2
19466541,,0.001004,0,279,0.000056,16,0,16,16,0,16
26833217,,0,0.000019,279,0.000007,0,1,1,0,1,1
21150880,,0,0.000019,279,0.000007,0,1,1,0,1,1
19469648,,0.00094,0,89,0.000021,4,0,4,4,0,4
26131834,,0,0.000018,89,0.000007,0,1,1,0,1,1
20372152,,0,0.000018,89,0.000007,0,1,1,0,1,1
26925970,,0,0.000012,140,0.000007,0,1,1,0,1,1
21345208,,0,0.000012,140,0.000007,0,1,1,0,1,1
21151513,,0,0.000012,140,0.000007,0,1,1,0,1,1
28710417,,0,0.000002,5,0.000007,0,1,1,0,1,1
19471658,,0.000094,0,5,0.000023,4,0,4,4,0,4
21278881,,0,0.000002,5,0.000007,0,1,1,0,1,1
28674494,,0,0.000019,69,0.000007,0,3,3,0,3,3
19478469,,0.000163,0,69,0.000021,5,0,5,5,0,5
24100628,,0,0.000006,69,0.000007,0,2,2,0,2,2
22513004,,0,0.000003,69,0.000007,0,1,1,0,1,1
19479365,,0.000501,0,5,0.000038,12,0,12,12,0,12
24916649,,0,0.00001,5,0.000007,0,1,1,0,1,1
24366860,,0,0.00001,5,0.000007,0,1,1,0,1,1
23813418,,0,0.00001,5,0.000007,0,1,1,0,1,1
22665955,,0,0.00001,5,0.000007,0,1,1,0,1,1
19482343,,0.000604,0,100,0.000028,10,0,10,10,0,10
27099318,,0,0.000012,100,0.000007,0,1,1,0,1,1
26309559,,0,0.000012,100,0.000007,0,1,1,0,1,1
29963112,,0,0.000051,231,0.000013,1,8,9,1,8,9
19484476,,0.000628,0,231,0.000017,10,0,10,10,0,10
29282095,,0,0,176,0.000007,0,1,1,0,1,1
19486340,,0.000008,0,176,0.000099,18,0,18,18,0,18
28808424,,0,0,176,0.000007,0,1,1,0,1,1
27977694,,0,0,176,0.000007,0,1,1,0,1,1
27513973,,0,0,176,0.000007,0,1,1,0,1,1
25924824,,0,0,176,0.000007,0,1,1,0,1,1
25478860,,0,0,176,0.000007,0,1,1,0,1,1
25283145,,0,0.000372,176,0.000007,0,2,2,0,2,2
24901304,,0,0.000005,176,0.000007,0,2,2,0,2,2
23102829,,0,0,176,0.000007,0,1,1,0,1,1
21980348,,0,0,176,0.000007,0,1,1,0,1,1
21075834,,0,0,176,0.000007,0,1,1,0,1,1
21035495,,0,0,176,0.000007,0,1,1,0,1,1
20574452,,0,0,176,0.000007,0,1,1,0,1,1
20515076,,0,0,176,0.000007,0,1,1,0,1,1
19479888,,0,0,176,0.000007,0,1,1,0,1,1
28419111,,0,0,90,0.000007,0,1,1,0,1,1
24937567,,0,0,90,0.000007,0,1,1,0,1,1
22923413,,0,0,90,0.000007,0,1,1,0,1,1
21634405,,0,0,90,0.000007,0,1,1,0,1,1
21364911,,0,0,90,0.000007,0,1,1,0,1,1
19489266,,0.000171,0,89,0.000008,2,0,2,2,0,2
19491284,,0.001182,0,89,0.000019,14,0,14,14,0,14
30487695,,0,0.000015,205,0.000007,0,1,1,0,1,1
19491823,,0.000796,0,205,0.000218,71,0,71,71,0,71
30069736,,0,0.000015,205,0.000007,0,1,1,0,1,1
29881603,,0,0.000072,205,0.000007,0,5,5,0,5,5
29863166,,0,0.000015,205,0.000007,0,1,1,0,1,1
29713680,,0,0.00003,205,0.000007,0,2,2,0,2,2
29463004,,0,0.000294,205,0.000007,0,2,2,0,2,2
28656024,,0,0.00003,205,0.000007,0,2,2,0,2,2
28337383,,0,0.000056,205,0.000007,0,3,3,0,3,3
28259593,,0,0.00003,205,0.000007,0,2,2,0,2,2
28139655,,0,0.000294,205,0.000007,0,2,2,0,2,2
28100995,,0,0.000015,205,0.000007,0,1,1,0,1,1
27995549,,0,0.000027,205,0.000007,0,2,2,0,2,2
27432539,,0,0.00003,205,0.000007,0,2,2,0,2,2
26879161,,0,0.00003,205,0.000007,0,2,2,0,2,2
26839647,,0,0.000015,205,0.000007,0,1,1,0,1,1
26240684,,0,0.000034,205,0.000007,0,3,3,0,3,3
25930097,,0,0.00003,205,0.000007,0,2,2,0,2,2
25759555,,0,0.000015,205,0.000007,0,2,2,0,2,2
25636698,,0,0.00003,205,0.000007,0,2,2,0,2,2
25619503,,0,0.00003,205,0.000007,0,2,2,0,2,2
25588761,,0,0.000015,205,0.000007,0,1,1,0,1,1
25506012,,0,0.000015,205,0.000007,0,1,1,0,1,1
25393849,,0,0.00003,205,0.000007,0,2,2,0,2,2
25393586,,0,0.00003,205,0.000007,0,2,2,0,2,2
25137018,,0,0.000015,205,0.000007,0,1,1,0,1,1
24924775,,0,0.00003,205,0.000007,0,2,2,0,2,2
24281082,,0,0.000015,205,0.000007,0,1,1,0,1,1
24272911,,0,0.000015,205,0.000007,0,1,1,0,1,1
24152948,,0,0.000036,205,0.000007,0,3,3,0,3,3
24058443,,0,0.00003,205,0.000007,0,2,2,0,2,2
23697990,,0,0.00003,205,0.000007,0,2,2,0,2,2
23359155,,0,0.00003,205,0.000007,0,2,2,0,2,2
23200980,,0,0.00003,205,0.000007,0,2,2,0,2,2
23049204,,0,0.000015,205,0.000007,0,1,1,0,1,1
22969187,,0,0.000015,205,0.000007,0,1,1,0,1,1
22929760,,0,0.00003,205,0.000007,0,2,2,0,2,2
22898638,,0,0.000015,205,0.000007,0,1,1,0,1,1
22859495,,0,0.00003,205,0.000007,0,2,2,0,2,2
21369801,,0,0.000015,205,0.000007,0,1,1,0,1,1
21304000,,0,0.000015,205,0.000007,0,1,1,0,1,1
21147870,,0,0.000015,205,0.000007,0,1,1,0,1,1
19492866,,0.000552,0,100,0.000046,5,0,5,5,0,5
19492878,,0.000491,0,35,0.000031,12,0,12,12,0,12
25400978,,0,0.000012,35,0.000007,0,2,2,0,2,2
22295212,,0,0.000009,35,0.000007,0,1,1,0,1,1
19493677,,0.000049,0,140,0.000008,2,0,2,2,0,2
30089478,,0,0.001149,1,0.000007,0,4,4,0,4,4
19499246,,0.002581,0,1,0.000031,15,0,15,15,0,15
29100380,,0,0.000049,1,0.000007,0,1,1,0,1,1
28541638,,0,0.013411,1,0.000007,0,17,17,0,17,17
24167664,,0,0.000049,1,0.000007,0,1,1,0,1,1
22355471,,0,0.000049,1,0.000007,0,1,1,0,1,1
29413421,,0,0.000035,279,0.000007,0,3,3,0,3,3
19503099,,0.000405,0,279,0.000136,33,0,33,33,0,33
29247038,,0,0.000035,279,0.000007,0,3,3,0,3,3
29104735,,0,0.000035,279,0.000007,0,3,3,0,3,3
27566570,,0,0.000008,279,0.000007,0,1,1,0,1,1
27433083,,0,0.000035,279,0.000007,0,3,3,0,3,3
26491255,,0,0.000023,279,0.000007,0,2,2,0,2,2
26442105,,0,0.000008,279,0.000007,0,1,1,0,1,1
26110029,,0,0.000108,279,0.000007,0,4,4,0,4,4
24711084,,0,0.000035,279,0.000007,0,3,3,0,3,3
24340050,,0,0.000008,279,0.000007,0,1,1,0,1,1
22695536,,0.000357,0.000029,279,0.000073,21,3,24,21,3,24
22076154,,0,0.000028,279,0.000007,0,2,2,0,2,2
19504183,,0.000176,0,100,0.000015,5,0,5,5,0,5
19504351,,0.000564,0,82,0.000041,8,0,8,8,0,8
29220501,,0,0.000011,82,0.000007,0,1,1,0,1,1
24629213,,0.000007,0.000011,82,0.000035,10,2,12,10,2,12
24743317,,0,0.000003,100,0.000007,0,1,1,0,1,1
22852086,,0,0.000003,100,0.000007,0,1,1,0,1,1
20864540,,0,0.000003,100,0.000007,0,1,1,0,1,1
19514464,,0.000014,0,184,0.000009,1,0,1,1,0,1
28698755,,0,0.000046,69,0.000007,0,3,3,0,3,3
19514598,,0.000002,0,69,0.000012,2,0,2,2,0,2
19517271,,0.000061,0,231,0.000022,5,0,5,5,0,5
23621985,,0,0.002596,1,0.000007,0,3,3,0,3,3
21799911,,0,0.000001,231,0.000007,0,1,1,0,1,1
21718492,,0,0.000012,100,0.000007,0,1,1,0,1,1
29377347,,0,0.000006,35,0.000007,0,1,1,0,1,1
29068423,,0,0.000365,1,0.000007,0,6,6,0,6,6
28109440,,0,0.000006,35,0.000007,0,1,1,0,1,1
27073180,,0,0.000006,35,0.000007,0,1,1,0,1,1
26722374,,0,0.000006,35,0.000007,0,1,1,0,1,1
26363641,,0,0.000006,35,0.000007,0,1,1,0,1,1
26330015,,0,0.000006,35,0.000007,0,1,1,0,1,1
26070530,,0,0.000181,35,0.000007,0,2,2,0,2,2
25761597,,0,0.000006,35,0.000007,0,1,1,0,1,1
25327667,,0,0.000006,35,0.000007,0,1,1,0,1,1
25134008,,0,0.000006,35,0.000007,0,1,1,0,1,1
24889823,,0,0.000006,35,0.000007,0,1,1,0,1,1
24629138,,0,0.000006,35,0.000007,0,1,1,0,1,1
24190977,,0,0.000006,35,0.000007,0,1,1,0,1,1
24105266,,0,0.000006,35,0.000007,0,1,1,0,1,1
23918816,,0,0.000006,35,0.000007,0,1,1,0,1,1
23879958,,0,0.000006,35,0.000007,0,1,1,0,1,1
22847692,,0,0.000006,35,0.000007,0,1,1,0,1,1
22106898,,0,0.000006,35,0.000007,0,1,1,0,1,1
21474793,,0,0.000006,35,0.000007,0,1,1,0,1,1
21224037,,0,0.000006,35,0.000007,0,1,1,0,1,1
20810163,,0,0.000006,35,0.000007,0,1,1,0,1,1
20736408,,0,0.000006,35,0.000007,0,1,1,0,1,1
20007246,,0,0.000006,35,0.000007,0,1,1,0,1,1
30060531,,0,0.000001,108,0.000007,0,1,1,0,1,1
19522736,,0.000067,0,108,0.000065,12,0,12,12,0,12
29299171,,0,0.000001,108,0.000007,0,1,1,0,1,1
28882945,,0,0.000001,108,0.000007,0,1,1,0,1,1
28422058,,0,0.000001,108,0.000007,0,1,1,0,1,1
25514412,,0,0.000001,108,0.000007,0,1,1,0,1,1
25496649,,0,0.000273,1,0.000007,0,4,4,0,4,4
23348932,,0,0.000001,108,0.000007,0,1,1,0,1,1
22245784,,0,0.000001,108,0.000007,0,1,1,0,1,1
22138747,,0,0.000001,108,0.000007,0,1,1,0,1,1
21605163,,0,0.000002,108,0.000007,0,2,2,0,2,2
19522853,,0.00035,0,279,0.000016,7,0,7,7,0,7
29675884,,0,0.000008,72,0.000007,0,3,3,0,3,3
28117658,,0,0.000014,231,0.000007,0,1,1,0,1,1
27270314,,0,0.000014,231,0.000007,0,1,1,0,1,1
22454259,,0,0.000006,5,0.000007,0,1,1,0,1,1
30199553,,0,0.000265,100,0.000007,0,4,4,0,4,4
27853380,,0,0.000098,35,0.000007,0,3,3,0,3,3
27798863,,0,0.000164,1,0.000007,0,4,4,0,4,4
27548161,,0,0.000138,35,0.000007,0,2,2,0,2,2
27498697,,0,0.000014,279,0.000007,0,3,3,0,3,3
27404381,,0,0.000018,35,0.000007,0,2,2,0,2,2
27375730,,0,0.000012,35,0.000007,0,1,1,0,1,1
27357940,,0,0.000388,35,0.000007,0,3,3,0,3,3
27345400,,0,0.000012,35,0.000007,0,1,1,0,1,1
27314054,,0,0.00003,35,0.000007,0,2,2,0,2,2
26927093,,0,0.000012,35,0.000007,0,1,1,0,1,1
25360516,,0,0.000116,35,0.000007,0,2,2,0,2,2
25275589,,0,0.000012,35,0.000007,0,1,1,0,1,1
24834064,,0,0.000012,35,0.000007,0,1,1,0,1,1
24534923,,0,0.000012,35,0.000007,0,1,1,0,1,1
24223915,,0,0.000012,35,0.000007,0,1,1,0,1,1
23762292,,0,0.000065,35,0.000007,0,3,3,0,3,3
22547109,,0,0.000012,35,0.000007,0,1,1,0,1,1
22495674,,0,0.000012,35,0.000007,0,1,1,0,1,1
22485142,,0,0.000259,35,0.000007,0,3,3,0,3,3
22290080,,0,0.000272,1,0.000007,0,3,3,0,3,3
22190050,,0,0.000012,35,0.000007,0,1,1,0,1,1
22128797,,0,0.000012,35,0.000007,0,1,1,0,1,1
22060274,,0,0.000012,35,0.000007,0,1,1,0,1,1
22031799,,0,0.000012,35,0.000007,0,1,1,0,1,1
21979956,,0,0.000012,35,0.000007,0,1,1,0,1,1
21955614,,0,0.000012,35,0.000007,0,1,1,0,1,1
21492444,,0,0.000012,35,0.000007,0,1,1,0,1,1
21367394,,0,0.000012,35,0.000007,0,1,1,0,1,1
20943808,,0,0.000012,35,0.000007,0,1,1,0,1,1
20712900,,0,0.000012,35,0.000007,0,1,1,0,1,1
29552116,,0,0,231,0.000007,0,1,1,0,1,1
19530225,,0,0,231,0.000058,9,0,9,9,0,9
28810604,,0,0,231,0.000007,0,1,1,0,1,1
27314680,,0,0,231,0.000007,0,1,1,0,1,1
26722276,,0,0,231,0.000007,0,1,1,0,1,1
25117811,,0,0,231,0.000007,0,1,1,0,1,1
23775190,,0,0,231,0.000007,0,1,1,0,1,1
23656780,,0,0,231,0.000007,0,1,1,0,1,1
23091307,,0,0,231,0.000007,0,1,1,0,1,1
19531582,,0.000081,0,2,0.000119,17,0,17,17,0,17
28053928,,0,0.000002,2,0.000007,0,1,1,0,1,1
24797475,,0,0.000002,2,0.000007,0,1,1,0,1,1
22719750,,0,0.000009,2,0.000007,0,2,2,0,2,2
22200029,,0.000005,0.000002,2,0.000015,2,1,3,2,1,3
20829015,,0,0.000002,2,0.000007,0,1,1,0,1,1
19536649,,0.000222,0,100,0.000044,9,0,9,9,0,9
22318908,,0,0.000004,100,0.000007,0,1,1,0,1,1
19541683,,0.001316,0,35,0.00003,8,0,8,8,0,8
22590439,,0,0.000025,35,0.000007,0,1,1,0,1,1
21383926,,0,0.000025,35,0.000007,0,1,1,0,1,1
29783980,,0,0.000076,35,0.000007,0,1,1,0,1,1
19542080,,0.003963,0,35,0.000034,20,0,20,20,0,20
24037648,,0,0,190,0.000007,0,1,1,0,1,1
19543094,,0,0,190,0.000013,1,0,1,1,0,1
19543244,,0.005282,0,69,0.000046,46,0,46,46,0,46
25272297,,0,0.000118,69,0.000007,0,2,2,0,2,2
24043493,,0,0.000152,69,0.000007,0,2,2,0,2,2
28759630,,0,0.000187,66,0.000007,0,2,2,0,2,2
28404885,,0,0.000001,66,0.000007,0,1,1,0,1,1
27732938,,0,0.000001,66,0.000007,0,1,1,0,1,1
23546553,,0,0.000001,66,0.000007,0,1,1,0,1,1
22231041,,0,0,191,0.000007,0,1,1,0,1,1
19545455,,0,0,191,0.000019,2,0,2,2,0,2
20707913,,0,0,191,0.000007,0,1,1,0,1,1
30255773,,0,0.000016,1,0.000007,0,1,1,0,1,1
19548140,,0.000832,0,1,0.000032,10,0,10,10,0,10
29195029,,0,0.00002,1,0.000007,0,2,2,0,2,2
26909656,,0,0.000016,1,0.000007,0,1,1,0,1,1
20465502,,0,0.000016,1,0.000007,0,1,1,0,1,1
19548527,,0,0,279,0.000016,2,0,2,2,0,2
25658358,,0,0,279,0.000007,0,1,1,0,1,1
19549808,,0.00016,0,5,0.000011,4,0,4,4,0,4
19551867,,0.001454,0,90,0.000027,13,0,13,13,0,13
25880007,,0,0.000231,1,0.000007,0,3,3,0,3,3
24212639,,0,0.000028,90,0.000007,0,1,1,0,1,1
19553058,,0.000029,0,5,0.000013,5,0,5,5,0,5
29783652,,0,0.000001,57,0.000007,0,1,1,0,1,1
28167969,,0,0.000001,57,0.000007,0,1,1,0,1,1
26940077,,0,0.000001,57,0.000007,0,1,1,0,1,1
25278026,,0,0.000001,57,0.000007,0,1,1,0,1,1
24499675,,0,0.000001,57,0.000007,0,1,1,0,1,1
23935510,,0,0.000001,57,0.000007,0,1,1,0,1,1
23762568,,0,0.000004,90,0.000013,1,2,3,1,2,3
22895066,,0,0.000003,57,0.000007,0,2,2,0,2,2
22174709,,0,0.000001,57,0.000007,0,1,1,0,1,1
22091411,,0,0.000001,57,0.000007,0,1,1,0,1,1
21804822,,0,0.000055,41,0.000007,0,4,4,0,4,4
21687637,,0,0.000001,57,0.000007,0,1,1,0,1,1
30470401,,0,0.00666,1,0.000007,0,1,1,0,1,1
19553641,,0.349256,0,1,0.004072,947,0,947,947,0,947
30345007,,0,0.007683,1,0.000007,0,3,3,0,3,3
30305041,,0,0.007817,1,0.000007,0,4,4,0,4,4
30221733,,0,0.00666,1,0.000007,0,1,1,0,1,1
30195072,,0,0.00777,1,0.000007,0,7,7,0,7,7
29938175,,0,0.006662,89,0.000007,0,2,2,0,2,2
29890363,,0,0.006793,1,0.000007,0,4,4,0,4,4
29599129,,0,0.01295,1,0.000007,0,5,5,0,5,5
29527010,,0,0.014297,1,0.000007,0,15,15,0,15,15
29503809,,0,0.007866,1,0.000007,0,5,5,0,5,5
29433539,,0,0.00666,1,0.000007,0,1,1,0,1,1
29416738,,0,0.006983,1,0.000007,0,3,3,0,3,3
29374194,,0,0.00666,1,0.000007,0,1,1,0,1,1
29313444,,0,0.025998,1,0.000007,0,20,20,0,20,20
29252124,,0,0.006784,1,0.000007,0,2,2,0,2,2
29203356,,0,0.00666,1,0.000007,0,1,1,0,1,1
29048555,,0,0.010076,1,0.000007,0,2,2,0,2,2
28890729,,0,0.00666,1,0.000007,0,1,1,0,1,1
28887371,,0,0.009359,1,0.000007,0,12,12,0,12,12
28844239,,0,0.00666,1,0.000007,0,1,1,0,1,1
28843361,,0,0.010228,1,0.000007,0,6,6,0,6,6
28837250,,0,0.013921,1,0.000007,0,7,7,0,7,7
28827325,,0,0.00688,1,0.000007,0,2,2,0,2,2
28804761,,0,0.00666,1,0.000007,0,1,1,0,1,1
28718810,,0,0.007038,100,0.000007,0,7,7,0,7,7
28704514,,0,0.00666,1,0.000007,0,1,1,0,1,1
28664098,,0,0.00666,1,0.000007,0,1,1,0,1,1
28649657,,0,0.010674,1,0.000007,0,3,3,0,3,3
28638489,,0,0.00666,1,0.000007,0,1,1,0,1,1
28463527,,0,0.00666,1,0.000007,0,1,1,0,1,1
28261638,,0,0.007622,1,0.000007,0,3,3,0,3,3
28125078,,0,0.008566,1,0.000007,0,5,5,0,5,5
28007839,,0,0.00666,1,0.000007,0,1,1,0,1,1
28007036,,0,0.014377,1,0.000007,0,3,3,0,3,3
27993796,,0,0.022817,1,0.000007,0,7,7,0,7,7
27870685,,0,0.006665,279,0.000007,0,2,2,0,2,2
27854278,,0,0.013379,1,0.000007,0,3,3,0,3,3
27841728,,0,0.0159,1,0.000007,0,9,9,0,9,9
27835915,,0,0.012201,1,0.000007,0,3,3,0,3,3
27825131,,0,0.006729,205,0.000007,0,2,2,0,2,2
27748023,,0,0.006676,205,0.000007,0,2,2,0,2,2
27747090,,0,0.009566,1,0.000007,0,3,3,0,3,3
27663592,,0,0.0174,1,0.000007,0,6,6,0,6,6
27659937,,0,0.007352,1,0.000007,0,3,3,0,3,3
27453043,,0,0.007228,1,0.000007,0,3,3,0,3,3
27438146,,0,0.006954,1,0.000007,0,3,3,0,3,3
27422301,,0,0.020657,1,0.000007,0,8,8,0,8,8
27417407,,0,0.0117,1,0.000007,0,3,3,0,3,3
27412393,,0,0.006738,1,0.000007,0,2,2,0,2,2
27331884,,0,0.017324,1,0.000007,0,6,6,0,6,6
27308472,,0,0.00666,1,0.000007,0,1,1,0,1,1
27231556,,0,0.00872,1,0.000007,0,2,2,0,2,2
27186080,,0,0.018963,1,0.000007,0,12,12,0,12,12
26992199,,0,0.009134,1,0.000007,0,4,4,0,4,4
26913066,,0,0.006759,1,0.000007,0,4,4,0,4,4
26842236,,0,0.008811,1,0.000007,0,6,6,0,6,6
26781748,,0,0.00666,1,0.000007,0,1,1,0,1,1
26774475,,0.004943,0.017287,1,0.000012,10,7,17,10,7,17
26723501,,0.012259,0.019371,1,0.000023,28,9,37,28,9,37
26586427,,0,0.007236,1,0.000007,0,3,3,0,3,3
26576131,,0,0.006685,69,0.000007,0,2,2,0,2,2
26507561,,0,0.00666,1,0.000007,0,1,1,0,1,1
26501324,,0,0.007031,1,0.000007,0,3,3,0,3,3
26244164,,0,0.00666,1,0.000007,0,1,1,0,1,1
26202950,,0,0.00666,1,0.000007,0,1,1,0,1,1
26186950,,0,0.006702,89,0.000007,0,2,2,0,2,2
26181065,,0,0.00666,1,0.000007,0,1,1,0,1,1
26169874,,0,0.013086,1,0.000007,0,6,6,0,6,6
26154128,,0,0.006775,205,0.000007,0,2,2,0,2,2
26134262,,0,0.014939,1,0.000007,0,6,6,0,6,6
26124641,,0,0.009049,1,0.000007,0,2,2,0,2,2
26095524,,0,0.006776,1,0.000007,0,2,2,0,2,2
26082895,,0,0.012555,1,0.000007,0,7,7,0,7,7
26000489,,0,0.008506,1,0.000007,0,3,3,0,3,3
25989980,,0,0.00666,1,0.000007,0,1,1,0,1,1
25987950,,0,0.007278,1,0.000007,0,5,5,0,5,5
25872896,,0,0.018802,1,0.000007,0,11,11,0,11,11
25841766,,0.000276,0.016581,1,0.000023,5,9,14,5,9,14
25714017,,0,0.006775,205,0.000007,0,2,2,0,2,2
25686825,,0,0.014041,1,0.000007,0,7,7,0,7,7
25642706,,0,0.00666,1,0.000007,0,1,1,0,1,1
25594039,,0,0.007001,1,0.000007,0,4,4,0,4,4
25516890,,0,0.00666,1,0.000007,0,1,1,0,1,1
25501596,,0,0.00666,1,0.000007,0,1,1,0,1,1
25495526,,0,0.015036,1,0.000007,0,5,5,0,5,5
25460932,,0,0.007276,1,0.000007,0,3,3,0,3,3
25400754,,0,0.006865,1,0.000007,0,2,2,0,2,2
25277503,,0,0.015439,1,0.000007,0,4,4,0,4,4
25253784,,0,0.00666,1,0.000007,0,1,1,0,1,1
25173886,,0,0.007486,1,0.000007,0,5,5,0,5,5
25099850,,0,0.007205,1,0.000007,0,5,5,0,5,5
24983367,,0,0.006816,1,0.000007,0,2,2,0,2,2
24970803,,0,0.008933,1,0.000007,0,8,8,0,8,8
24904826,,0,0.020813,1,0.000007,0,5,5,0,5,5
24837363,,0,0.008392,1,0.000007,0,4,4,0,4,4
24768039,,0,0.00666,1,0.000007,0,1,1,0,1,1
24764124,,0,0.01595,1,0.000007,0,5,5,0,5,5
24569467,,0,0.01222,1,0.000007,0,7,7,0,7,7
24569448,,0,0.00666,1,0.000007,0,1,1,0,1,1
24567448,,0,0.00666,1,0.000007,0,1,1,0,1,1
24383395,,0,0.006878,1,0.000007,0,2,2,0,2,2
24366412,,0,0.007706,1,0.000007,0,3,3,0,3,3
24305618,,0,0.006993,1,0.000007,0,2,2,0,2,2
24302865,,0,0.00666,1,0.000007,0,1,1,0,1,1
24265410,,0,0.016591,1,0.000007,0,5,5,0,5,5
24136009,,0,0.014788,1,0.000007,0,3,3,0,3,3
24025256,,0,0.009092,1,0.00001,1,3,4,1,3,4
23980094,,0,0.010076,1,0.000007,0,2,2,0,2,2
23979521,,0,0.00666,1,0.000007,0,1,1,0,1,1
23937415,,0,0.009756,1,0.000007,0,5,5,0,5,5
23908689,,0,0.00671,24,0.000007,0,2,2,0,2,2
23833311,,0,0.006844,1,0.000007,0,3,3,0,3,3
23762475,,0,0.006757,1,0.000007,0,3,3,0,3,3
23736035,,0,0.00666,1,0.000007,0,1,1,0,1,1
23611259,,0,0.00666,1,0.000007,0,1,1,0,1,1
23568489,,0,0.006744,1,0.000007,0,2,2,0,2,2
23565244,,0.007644,0.008629,1,0.000066,31,8,39,31,8,39
23537197,,0,0.006879,1,0.000007,0,3,3,0,3,3
23493582,,0,0.010099,1,0.000007,0,3,3,0,3,3
23458732,,0,0.006993,1,0.000007,0,2,2,0,2,2
23455378,,0,0.007353,1,0.000007,0,2,2,0,2,2
23405229,,0,0.008318,1,0.000007,0,5,5,0,5,5
23357756,,0,0.007231,1,0.000007,0,4,4,0,4,4
23326593,,0,0.00666,1,0.000007,0,1,1,0,1,1
23319768,,0,0.017512,1,0.000007,0,3,3,0,3,3
23293085,,0,0.010016,1,0.000007,0,3,3,0,3,3
23212109,,0,0.007766,1,0.000007,0,3,3,0,3,3
23168041,,0,0.00666,1,0.000007,0,1,1,0,1,1
23100628,,0,0.0069,1,0.000007,0,2,2,0,2,2
23002210,,0,0.007031,69,0.000007,0,2,2,0,2,2
22974395,,0,0.00666,1,0.000007,0,1,1,0,1,1
22966018,,0,0.00666,1,0.000007,0,1,1,0,1,1
22961983,,0,0.00666,1,0.000007,0,1,1,0,1,1
22961666,,0,0.008961,1,0.000007,0,3,3,0,3,3
22753594,,0,0.008735,1,0.000007,0,3,3,0,3,3
22752582,,0,0.00666,1,0.000007,0,1,1,0,1,1
22588155,,0,0.014117,24,0.000007,0,3,3,0,3,3
22585170,,0,0.00666,1,0.000007,0,1,1,0,1,1
22582261,,0,0.00666,1,0.000007,0,1,1,0,1,1
22430255,,0,0.00666,1,0.000007,0,1,1,0,1,1
22309939,,0,0.006809,35,0.000007,0,3,3,0,3,3
22301954,,0,0.00666,1,0.000007,0,1,1,0,1,1
22223246,,0,0.00666,1,0.000007,0,1,1,0,1,1
22198566,,0,0.008281,1,0.000007,0,4,4,0,4,4
21976407,,0,0.00666,1,0.000007,0,1,1,0,1,1
21949480,,0,0.00666,1,0.000007,0,1,1,0,1,1
21868756,,0,0.00666,1,0.000007,0,1,1,0,1,1
21799864,,0.0008,0.013125,69,0.000026,8,4,12,8,4,12
21789133,,0,0.00666,1,0.000007,0,1,1,0,1,1
21785441,,0,0.013981,1,0.000007,0,5,5,0,5,5
21738006,,0,0.00666,1,0.000007,0,1,1,0,1,1
21617845,,0,0.00666,1,0.000007,0,1,1,0,1,1
21602893,,0,0.00666,1,0.000007,0,1,1,0,1,1
21577233,,0,0.007998,1,0.000007,0,3,3,0,3,3
21573178,,0,0.008919,1,0.000007,0,3,3,0,3,3
21543341,,0,0.009963,1,0.000007,0,2,2,0,2,2
21533284,,0,0.00666,1,0.000007,0,1,1,0,1,1
21459330,,0,0.00666,1,0.000007,0,1,1,0,1,1
21459329,,0,0.00666,1,0.000007,0,1,1,0,1,1
21430069,,0,0.00666,1,0.000007,0,1,1,0,1,1
21385925,,0,0.010216,1,0.000007,0,3,3,0,3,3
21383688,,0,0.00666,1,0.000007,0,1,1,0,1,1
21345264,,0,0.010076,1,0.000007,0,2,2,0,2,2
21325706,,0,0.00666,1,0.000007,0,1,1,0,1,1
21300148,,0,0.00666,1,0.000007,0,1,1,0,1,1
21253797,,0.000447,0.00666,241,0.000115,24,1,25,24,1,25
21208854,,0,0.007998,1,0.000007,0,3,3,0,3,3
21124906,,0,0.00666,1,0.000007,0,1,1,0,1,1
21050422,,0,0.00666,1,0.000007,0,1,1,0,1,1
20978505,,0,0.00666,1,0.000007,0,1,1,0,1,1
20975063,,0,0.00666,1,0.000007,0,1,1,0,1,1
20847826,,0,0.00666,1,0.000007,0,1,1,0,1,1
20824066,,0,0.00666,1,0.000007,0,1,1,0,1,1
20724478,,0,0.00666,1,0.000007,0,1,1,0,1,1
20684510,,0,0.006701,1,0.000007,0,2,2,0,2,2
20670437,,0,0.00666,1,0.000007,0,1,1,0,1,1
20664586,,0,0.007662,1,0.000007,0,2,2,0,2,2
20546776,,0,0.00666,1,0.000007,0,1,1,0,1,1
20498387,,0,0.00666,1,0.000007,0,1,1,0,1,1
20406483,,0,0.00666,1,0.000007,0,1,1,0,1,1
20360265,,0,0.00666,1,0.000007,0,1,1,0,1,1
20357221,,0,0.00666,1,0.000007,0,1,1,0,1,1
20093466,,0,0.00666,1,0.000007,0,1,1,0,1,1
20068566,,0,0.00666,1,0.000007,0,1,1,0,1,1
20030873,,0,0.00666,1,0.000007,0,1,1,0,1,1
19933445,,0,0.00666,1,0.000007,0,1,1,0,1,1
29495398,,0,0.000007,184,0.000007,0,2,2,0,2,2
19559722,,0.000295,0,184,0.000081,17,0,17,17,0,17
28280523,,0,0.000006,184,0.000007,0,1,1,0,1,1
28061797,,0,0.000006,184,0.000007,0,1,1,0,1,1
27148534,,0,0.000006,184,0.000007,0,1,1,0,1,1
26590477,,0,0.000031,1,0.000007,0,2,2,0,2,2
24141489,,0,0.000006,184,0.000007,0,1,1,0,1,1
23533664,,0,0.000006,184,0.000007,0,1,1,0,1,1
22029423,,0,0.000006,184,0.000007,0,1,1,0,1,1
21318333,,0,0.000006,184,0.000007,0,1,1,0,1,1
20858887,,0,0.000006,184,0.000007,0,1,1,0,1,1
20714724,,0,0.000006,184,0.000007,0,1,1,0,1,1
30417127,,0,0.000001,192,0.000007,0,1,1,0,1,1
19561640,,0.000055,0,192,0.000107,18,0,18,18,0,18
28431583,,0,0.000001,192,0.000007,0,1,1,0,1,1
27365398,,0,0.000001,192,0.000007,0,1,1,0,1,1
27203743,,0,0.000001,192,0.000007,0,1,1,0,1,1
26893765,,0,0.000001,192,0.000007,0,1,1,0,1,1
26506518,,0,0.000001,192,0.000007,0,1,1,0,1,1
26339351,,0,0.000001,192,0.000007,0,1,1,0,1,1
25987131,,0,0.000001,192,0.000007,0,1,1,0,1,1
25662954,,0,0.000001,192,0.000007,0,1,1,0,1,1
24308844,,0,0.000001,192,0.000007,0,1,1,0,1,1
23799152,,0,0.000001,192,0.000007,0,1,1,0,1,1
23637288,,0,0.000001,192,0.000007,0,1,1,0,1,1
23573293,,0,0.000001,192,0.000007,0,1,1,0,1,1
22629406,,0,0.000001,192,0.000007,0,1,1,0,1,1
21795702,,0,0.000001,192,0.000007,0,1,1,0,1,1
20937913,,0,0.000001,192,0.000007,0,1,1,0,1,1
28534081,,0,0.000208,140,0.000007,0,7,7,0,7,7
23626751,,0,0.000038,140,0.000007,0,5,5,0,5,5
19564533,,0.007735,0,1,0.000037,26,0,26,26,0,26
27195161,,0,0.000378,1,0.000007,0,3,3,0,3,3
26220590,,0,0.001785,1,0.000007,0,3,3,0,3,3
20562110,,0,0.000003,100,0.000007,0,1,1,0,1,1
19574032,,0.001178,0,1,0.000016,3,0,3,3,0,3
21491423,,0,0.000022,1,0.000007,0,1,1,0,1,1
19574767,,0.00445,0,69,0.000028,16,0,16,16,0,16
30344242,,0,0.000709,87,0.000007,0,3,3,0,3,3
30233203,,0,0.000163,35,0.000007,0,1,1,0,1,1
30154364,,0,0.000172,279,0.000007,0,2,2,0,2,2
30093861,,0,0.000163,35,0.000007,0,1,1,0,1,1
30059005,,0,0.000163,35,0.000007,0,1,1,0,1,1
30049846,,0,0.000163,35,0.000007,0,1,1,0,1,1
30044991,,0,0.000163,35,0.000007,0,1,1,0,1,1
30037853,,0,0.000163,35,0.000007,0,2,2,0,2,2
30004628,,0,0.00019,35,0.000007,0,2,2,0,2,2
29997232,,0,0.000166,35,0.000007,0,2,2,0,2,2
29966356,,0,0.000163,35,0.000007,0,1,1,0,1,1
29901116,,0,0.000163,35,0.000007,0,1,1,0,1,1
29862012,,0,0.000168,35,0.000007,0,2,2,0,2,2
29805754,,0,0.000203,72,0.000007,0,2,2,0,2,2
29796177,,0,0.000163,35,0.000007,0,1,1,0,1,1
29642934,,0,0.000759,69,0.000007,0,4,4,0,4,4
29618087,,0,0.000163,35,0.000007,0,1,1,0,1,1
29577611,,0,0.000163,35,0.000007,0,1,1,0,1,1
29566741,,0,0.000195,35,0.000007,0,2,2,0,2,2
29541442,,0,0.000163,35,0.000007,0,1,1,0,1,1
29484537,,0,0.000163,35,0.000007,0,1,1,0,1,1
29473000,,0,0.000246,35,0.000007,0,4,4,0,4,4
29348886,,0,0.000163,35,0.000007,0,2,2,0,2,2
29263152,,0,0.000237,279,0.000007,0,3,3,0,3,3
29216867,,0,0.000163,35,0.000007,0,1,1,0,1,1
29108265,,0,0.000163,35,0.000007,0,1,1,0,1,1
28966727,,0,0.000237,35,0.000007,0,2,2,0,2,2
28915724,,0,0.000163,35,0.000007,0,1,1,0,1,1
28893315,,0,0.001524,1,0.000007,0,10,10,0,10,10
28870198,,0,0.000163,35,0.000007,0,1,1,0,1,1
28867761,,0,0.000169,35,0.000007,0,2,2,0,2,2
28768501,,0,0.000163,35,0.000007,0,1,1,0,1,1
28717596,,0,0.000163,35,0.000007,0,1,1,0,1,1
28697793,,0,0.000163,35,0.000007,0,1,1,0,1,1
28653662,,0,0.000163,35,0.000007,0,1,1,0,1,1
28653288,,0,0.000164,66,0.000007,0,2,2,0,2,2
28649649,,0,0.000375,35,0.000007,0,2,2,0,2,2
28604744,,0,0.000163,35,0.000007,0,1,1,0,1,1
28583138,,0,0.0003,279,0.000007,0,5,5,0,5,5
28580174,,0,0.000163,35,0.000007,0,1,1,0,1,1
28579119,,0,0.000163,35,0.000007,0,1,1,0,1,1
28537895,,0,0.000163,35,0.000007,0,1,1,0,1,1
28481734,,0,0.000163,35,0.000007,0,1,1,0,1,1
28441789,,0,0.000163,35,0.000007,0,1,1,0,1,1
28415766,,0,0.000163,35,0.000007,0,1,1,0,1,1
28415746,,0,0.000163,35,0.000007,0,1,1,0,1,1
28378835,,0,0.000163,35,0.000007,0,1,1,0,1,1
28302091,,0,0.000708,35,0.000007,0,2,2,0,2,2
28281569,,0,0.000163,35,0.000007,0,1,1,0,1,1
28246172,,0,0.000163,35,0.000007,0,1,1,0,1,1
28196852,,0,0.000163,35,0.000007,0,1,1,0,1,1
28181567,,0,0.000163,35,0.000007,0,1,1,0,1,1
28145100,,0,0.000203,72,0.000007,0,2,2,0,2,2
28101243,,0,0.000163,35,0.000007,0,1,1,0,1,1
28077797,,0,0.000354,35,0.000007,0,2,2,0,2,2
27991524,,0,0.000163,35,0.000007,0,1,1,0,1,1
27902967,,0,0.000354,35,0.000007,0,2,2,0,2,2
27835603,,0,0.000163,35,0.000007,0,1,1,0,1,1
27770373,,0,0.000163,35,0.000007,0,1,1,0,1,1
27720394,,0,0.000163,35,0.000007,0,1,1,0,1,1
27552144,,0,0.000376,69,0.000007,0,2,2,0,2,2
27191992,,0,0.000166,35,0.000007,0,3,3,0,3,3
27188202,,0,0.000163,35,0.000007,0,1,1,0,1,1
27167193,,0,0.000163,35,0.000007,0,1,1,0,1,1
27162534,,0,0.000175,279,0.000007,0,2,2,0,2,2
27147896,,0,0.00019,35,0.000007,0,2,2,0,2,2
27075696,,0,0.000163,35,0.000007,0,1,1,0,1,1
27043307,,0,0.000163,35,0.000007,0,1,1,0,1,1
27001172,,0,0.001015,35,0.000007,0,4,4,0,4,4
26955870,,0,0.000163,35,0.000007,0,1,1,0,1,1
26909599,,0,0.000187,35,0.000007,0,2,2,0,2,2
26908442,,0,0.000163,35,0.000007,0,1,1,0,1,1
26890638,,0,0.000163,35,0.000007,0,1,1,0,1,1
26775583,,0,0.000338,35,0.000007,0,2,2,0,2,2
26728511,,0,0.00019,35,0.000007,0,2,2,0,2,2
26672991,,0,0.00019,35,0.000007,0,2,2,0,2,2
26626150,,0,0.000163,35,0.000007,0,1,1,0,1,1
26585151,,0,0.000163,35,0.000007,0,1,1,0,1,1
26488758,,0,0.000163,35,0.000007,0,1,1,0,1,1
26462028,,0,0.000163,35,0.000007,0,1,1,0,1,1
26415882,,0,0.000163,35,0.000007,0,1,1,0,1,1
26407179,,0,0.000249,72,0.000007,0,2,2,0,2,2
26304457,,0,0.000163,35,0.000007,0,1,1,0,1,1
26289070,,0,0.000163,35,0.000007,0,1,1,0,1,1
26284587,,0,0.000165,35,0.000007,0,2,2,0,2,2
26248648,,0,0.007599,35,0.000007,0,2,2,0,2,2
26218882,,0,0.000163,35,0.000007,0,1,1,0,1,1
26141684,,0,0.000163,35,0.000007,0,1,1,0,1,1
26053433,,0,0.000163,35,0.000007,0,1,1,0,1,1
26029931,,0.000012,0.000351,231,0.000014,2,6,8,2,6,8
26018078,,0,0.000163,35,0.000007,0,1,1,0,1,1
25965826,,0,0.000163,35,0.000007,0,1,1,0,1,1
25892554,,0,0.000163,35,0.000007,0,1,1,0,1,1
25857299,,0,0.000165,35,0.000007,0,5,5,0,5,5
25849225,,0,0.000163,35,0.000007,0,1,1,0,1,1
25802360,,0,0.000163,35,0.000007,0,1,1,0,1,1
25772240,,0,0.00043,35,0.000007,0,3,3,0,3,3
25742314,,0,0.000163,35,0.000007,0,1,1,0,1,1
25611393,,0,0.000163,35,0.000007,0,1,1,0,1,1
25605249,,0,0.000163,35,0.000007,0,1,1,0,1,1
25587023,,0,0.000163,35,0.000007,0,1,1,0,1,1
25358638,,0,0.000163,35,0.000007,0,1,1,0,1,1
25328122,,0,0.000175,279,0.000007,0,2,2,0,2,2
25326397,,0,0.000163,35,0.000007,0,1,1,0,1,1
25305574,,0,0.000163,35,0.000007,0,1,1,0,1,1
25291178,,0,0.000163,35,0.000007,0,1,1,0,1,1
25289886,,0,0.000239,35,0.000007,0,2,2,0,2,2
25267010,,0,0.000163,35,0.000007,0,1,1,0,1,1
25239595,,0,0.000163,35,0.000007,0,1,1,0,1,1
25186909,,0.000596,0.000321,69,0.000044,10,3,13,10,3,13
25174328,,0,0.000163,35,0.000007,0,1,1,0,1,1
25171410,,0,0.000354,35,0.000007,0,2,2,0,2,2
25157401,,0,0.000163,35,0.000007,0,1,1,0,1,1
25155634,,0,0.000163,35,0.000007,0,1,1,0,1,1
24962430,,0,0.000163,35,0.000007,0,1,1,0,1,1
24958267,,0,0.000163,35,0.000007,0,1,1,0,1,1
24954506,,0,0.000163,35,0.000007,0,1,1,0,1,1
24946763,,0,0.000163,35,0.000007,0,1,1,0,1,1
24919544,,0,0.000213,279,0.000007,0,2,2,0,2,2
24885403,,0,0.000163,35,0.000007,0,1,1,0,1,1
24863845,,0,0.000163,35,0.000007,0,1,1,0,1,1
24833589,,0,0.000163,35,0.000007,0,1,1,0,1,1
24824754,,0,0.00022,35,0.000007,0,2,2,0,2,2
24786206,,0,0.000163,35,0.000007,0,1,1,0,1,1
24745479,,0,0.000163,35,0.000007,0,1,1,0,1,1
24705963,,0,0.000279,205,0.000007,0,2,2,0,2,2
24666643,,0,0.000163,35,0.000007,0,1,1,0,1,1
24662818,,0,0.000163,35,0.000007,0,1,1,0,1,1
24653776,,0,0.000163,35,0.000007,0,1,1,0,1,1
24637950,,0,0.000163,35,0.000007,0,1,1,0,1,1
24611152,,0,0.000163,35,0.000007,0,1,1,0,1,1
24526731,,0,0.000163,35,0.000007,0,1,1,0,1,1
24505115,,0,0.000163,35,0.000007,0,1,1,0,1,1
24469049,,0,0.000163,35,0.000007,0,1,1,0,1,1
24466196,,0,0.000163,35,0.000007,0,1,1,0,1,1
24444383,,0,0.00019,87,0.000007,0,2,2,0,2,2
24398324,,0,0.000163,35,0.000007,0,1,1,0,1,1
24394560,,0,0.000163,35,0.000007,0,1,1,0,1,1
24369447,,0,0.000163,35,0.000007,0,1,1,0,1,1
24265417,,0,0.000163,35,0.000007,0,1,1,0,1,1
24225062,,0,0.000163,35,0.000007,0,1,1,0,1,1
24143235,,0,0.000448,35,0.000007,0,4,4,0,4,4
24053318,,0,0.000163,35,0.000007,0,1,1,0,1,1
24045439,,0,0.000163,35,0.000007,0,1,1,0,1,1
23991038,,0,0.000239,35,0.000007,0,2,2,0,2,2
23964924,,0,0.000163,35,0.000007,0,1,1,0,1,1
23873028,,0,0.000165,35,0.000007,0,2,2,0,2,2
23810014,,0,0.000163,35,0.000007,0,1,1,0,1,1
23752191,,0,0.000203,72,0.000007,0,2,2,0,2,2
23620753,,0,0.000163,35,0.000007,0,1,1,0,1,1
23601657,,0.001402,0.000239,35,0.000192,47,2,49,47,2,49
23541576,,0,0.000163,35,0.000007,0,1,1,0,1,1
23456611,,0,0.000163,35,0.000007,0,1,1,0,1,1
23401122,,0,0.000163,35,0.000007,0,1,1,0,1,1
23383219,,0,0.000163,35,0.000007,0,1,1,0,1,1
23320987,,0,0.000163,35,0.000007,0,1,1,0,1,1
23144924,,0,0.000169,35,0.000007,0,2,2,0,2,2
23144858,,0,0.000163,35,0.000007,0,1,1,0,1,1
23105007,,0,0.000163,35,0.000007,0,1,1,0,1,1
23015261,,0,0.000163,35,0.000007,0,1,1,0,1,1
22988443,,0,0.000163,35,0.000007,0,1,1,0,1,1
22884683,,0,0.000163,35,0.000007,0,1,1,0,1,1
22878616,,0,0.000163,35,0.000007,0,1,1,0,1,1
22855487,,0,0.000163,35,0.000007,0,1,1,0,1,1
22570650,,0,0.000163,35,0.000007,0,1,1,0,1,1
22427027,,0,0.000239,35,0.000007,0,2,2,0,2,2
22412903,,0,0.000163,35,0.000007,0,1,1,0,1,1
22342187,,0,0.000163,35,0.000007,0,1,1,0,1,1
22174624,,0,0.000247,35,0.000007,0,4,4,0,4,4
22121396,,0,0.000239,35,0.000007,0,2,2,0,2,2
22096574,,0,0.000163,35,0.000007,0,1,1,0,1,1
22053001,,0,0.000163,35,0.000007,0,1,1,0,1,1
21924251,,0,0.000163,35,0.000007,0,1,1,0,1,1
21878914,,0,0.000163,35,0.000007,0,1,1,0,1,1
21831286,,0,0.000163,35,0.000007,0,1,1,0,1,1
21779479,,0,0.000163,35,0.000007,0,1,1,0,1,1
21666711,,0,0.000163,35,0.000007,0,1,1,0,1,1
21505458,,0,0.000163,35,0.000007,0,1,1,0,1,1
21397008,,0,0.000163,35,0.000007,0,1,1,0,1,1
21072210,,0,0.000163,35,0.000007,0,1,1,0,1,1
20840789,,0,0.000163,35,0.000007,0,1,1,0,1,1
20473941,,0,0.000163,35,0.000007,0,1,1,0,1,1
20307317,,0,0.000163,35,0.000007,0,1,1,0,1,1
20211985,,0,0.000163,35,0.000007,0,1,1,0,1,1
22499703,,0,0.000101,231,0.000007,0,3,3,0,3,3
27065666,,0,0.000003,89,0.000007,0,1,1,0,1,1
23634426,,0,0.000003,89,0.000007,0,1,1,0,1,1
22513288,,0,0.000735,35,0.000007,0,2,2,0,2,2
22423251,,0,0.000294,1,0.000007,0,2,2,0,2,2
30352569,,0,0.000076,35,0.000007,0,1,1,0,1,1
19593635,,0.003992,0,35,0.000423,99,0,99,99,0,99
30337563,,0,0.000076,35,0.000007,0,1,1,0,1,1
30092766,,0,0.000076,35,0.000007,0,1,1,0,1,1
30038419,,0,0.000076,35,0.000007,0,1,1,0,1,1
29963236,,0,0.000076,35,0.000007,0,1,1,0,1,1
29941867,,0,0.000091,35,0.000007,0,2,2,0,2,2
29753129,,0,0.001138,1,0.000007,0,16,16,0,16,16
29657291,,0,0.000091,89,0.000007,0,2,2,0,2,2
29581834,,0,0.000176,35,0.000007,0,2,2,0,2,2
29350274,,0,0.000076,35,0.000007,0,1,1,0,1,1
29182685,,0,0.000146,35,0.000007,0,3,3,0,3,3
29145865,,0,0.003602,100,0.000013,1,12,13,1,12,13
29113345,,0,0.000076,35,0.000007,0,1,1,0,1,1
28774312,,0,0.000076,35,0.000007,0,1,1,0,1,1
28721370,,0,0.000076,35,0.000007,0,1,1,0,1,1
28148288,,0,0.000076,35,0.000007,0,1,1,0,1,1
28145887,,0,0.000076,35,0.000007,0,1,1,0,1,1
27528224,,0,0.000076,35,0.000007,0,1,1,0,1,1
27216196,,0,0.000141,35,0.000007,0,2,2,0,2,2
26941323,,0,0.000076,35,0.000007,0,1,1,0,1,1
26931404,,0,0.000076,35,0.000007,0,1,1,0,1,1
26801902,,0,0.000076,35,0.000007,0,2,2,0,2,2
26522776,,0,0.000076,35,0.000007,0,1,1,0,1,1
26518340,,0,0.000076,35,0.000007,0,1,1,0,1,1
26317614,,0,0.000076,35,0.000007,0,1,1,0,1,1
26100015,,0,0.000076,35,0.000007,0,1,1,0,1,1
25774502,,0,0.000076,35,0.000007,0,1,1,0,1,1
25668816,,0,0.000076,35,0.000007,0,1,1,0,1,1
25613123,,0,0.000076,35,0.000007,0,1,1,0,1,1
25214461,,0,0.009626,35,0.000007,0,6,6,0,6,6
24911873,,0,0.000796,35,0.000007,0,3,3,0,3,3
24598028,,0,0.000076,35,0.000007,0,1,1,0,1,1
24265703,,0,0.000747,35,0.000007,0,3,3,0,3,3
23792638,,0,0.000076,35,0.000007,0,1,1,0,1,1
23636126,,0,0.000076,35,0.000007,0,1,1,0,1,1
23633491,,0,0.000076,35,0.000007,0,1,1,0,1,1
23284647,,0,0.000076,35,0.000007,0,1,1,0,1,1
22924132,,0,0.000076,35,0.000007,0,1,1,0,1,1
22892392,,0,0.000076,35,0.000007,0,1,1,0,1,1
22813746,,0,0.000621,35,0.000007,0,2,2,0,2,2
22728437,,0,0.000076,35,0.000007,0,1,1,0,1,1
22649765,,0,0.000076,35,0.000007,0,1,1,0,1,1
22522925,,0,0.000076,35,0.000007,0,1,1,0,1,1
22248929,,0,0.000076,35,0.000007,0,1,1,0,1,1
21756866,,0,0.000076,35,0.000007,0,1,1,0,1,1
21752278,,0,0.000076,35,0.000007,0,1,1,0,1,1
20714802,,0,0.000076,35,0.000007,0,1,1,0,1,1
20686366,,0,0.000076,35,0.000007,0,1,1,0,1,1
20594292,,0,0.000076,35,0.000007,0,1,1,0,1,1
20300523,,0,0.000076,35,0.000007,0,1,1,0,1,1
27121019,,0,0.000003,57,0.000007,0,1,1,0,1,1
19593673,,0.00014,0,57,0.000031,6,0,6,6,0,6
23255942,,0,0.000003,57,0.000007,0,1,1,0,1,1
21477311,,0,0.000003,57,0.000007,0,1,1,0,1,1
28628391,,0,0.00003,5,0.000007,0,1,1,0,1,1
26110993,,0,0.00003,5,0.000007,0,1,1,0,1,1
19594371,,0.000277,0,89,0.000008,3,0,3,3,0,3
30479839,,0,0.000177,231,0.000007,0,3,3,0,3,3
30248941,,0,0.000506,35,0.000007,0,6,6,0,6,6
30211078,,0,0.000146,35,0.000007,0,1,1,0,1,1
30112110,,0,0.000182,35,0.000007,0,3,3,0,3,3
30071865,,0,0.000337,35,0.000007,0,2,2,0,2,2
29985991,,0,0.000146,35,0.000007,0,1,1,0,1,1
29949609,,0,0.000246,35,0.000007,0,2,2,0,2,2
29849800,,0,0.000146,35,0.000007,0,1,1,0,1,1
29587339,,0,0.000146,35,0.000007,0,1,1,0,1,1
29520340,,0,0.003707,1,0.000007,0,5,5,0,5,5
29376027,,0,0.000146,35,0.000007,0,1,1,0,1,1
29348905,,0,0.000183,35,0.000007,0,2,2,0,2,2
29316250,,0,0.000146,35,0.000007,0,1,1,0,1,1
29093017,,0.000151,0.003195,1,0.00001,2,7,9,2,7,9
29085474,,0,0.000146,35,0.000007,0,1,1,0,1,1
28931883,,0,0.000146,35,0.000007,0,1,1,0,1,1
28886076,,0,0.000149,35,0.000007,0,2,2,0,2,2
28771473,,0,0.000153,35,0.000007,0,2,2,0,2,2
28670509,,0,0.000337,35,0.000007,0,2,2,0,2,2
28670454,,0,0.000343,35,0.000007,0,4,4,0,4,4
28670334,,0,0.000146,35,0.000007,0,1,1,0,1,1
28618162,,0,0.000146,35,0.000007,0,1,1,0,1,1
28560680,,0,0.000146,35,0.000007,0,1,1,0,1,1
28515445,,0,0.000401,35,0.000007,0,3,3,0,3,3
28486691,,0,0.000745,35,0.000007,0,2,2,0,2,2
28468300,,0,0.000146,35,0.000007,0,1,1,0,1,1
28423498,,0,0.000246,35,0.000007,0,2,2,0,2,2
28036090,,0,0.000146,35,0.000007,0,1,1,0,1,1
28030809,,0,0.000146,35,0.000007,0,1,1,0,1,1
27473585,,0,0.000152,35,0.000007,0,2,2,0,2,2
27317095,,0,0.000146,35,0.000007,0,1,1,0,1,1
27248175,,0,0.000146,35,0.000007,0,1,1,0,1,1
27230756,,0,0.000146,35,0.000007,0,1,1,0,1,1
27110769,,0,0.000146,35,0.000007,0,1,1,0,1,1
26921331,,0,0.000146,35,0.000007,0,1,1,0,1,1
26744352,,0,0.000246,35,0.000007,0,2,2,0,2,2
26657044,,0,0.000146,35,0.000007,0,1,1,0,1,1
26430873,,0,0.000146,35,0.000007,0,1,1,0,1,1
26420498,,0,0.000146,35,0.000007,0,1,1,0,1,1
26416415,,0,0.001232,35,0.000007,0,5,5,0,5,5
26372815,,0,0.000219,35,0.000007,0,3,3,0,3,3
26339424,,0,0.000242,35,0.000007,0,3,3,0,3,3
26327325,,0,0.000146,35,0.000007,0,1,1,0,1,1
26285240,,0,0.000146,35,0.000007,0,1,1,0,1,1
26238785,,0,0.000146,35,0.000007,0,1,1,0,1,1
26185453,,0,0.000146,35,0.000007,0,1,1,0,1,1
26084564,,0,0.000146,35,0.000007,0,1,1,0,1,1
26026368,,0,0.000385,232,0.000007,0,6,6,0,6,6
25824335,,0,0.007129,1,0.000007,0,6,6,0,6,6
25807360,,0,0.000203,35,0.000007,0,2,2,0,2,2
25784654,,0,0.000196,35,0.000007,0,2,2,0,2,2
25671299,,0,0.000262,35,0.000007,0,2,2,0,2,2
25527500,,0,0.000146,35,0.000007,0,1,1,0,1,1
25413873,,0,0.000337,35,0.000007,0,2,2,0,2,2
25381136,,0,0.000146,35,0.000007,0,1,1,0,1,1
25309872,,0,0.000146,35,0.000007,0,1,1,0,1,1
24810497,,0,0.000146,35,0.000007,0,1,1,0,1,1
24609850,,0,0.000146,35,0.000007,0,1,1,0,1,1
24562771,,0,0.000149,69,0.000007,0,2,2,0,2,2
24426237,,0,0.000146,35,0.000007,0,1,1,0,1,1
24260062,,0,0.000475,72,0.000007,0,3,3,0,3,3
23904830,,0,0.000149,5,0.000007,0,2,2,0,2,2
23642215,,0,0.000146,35,0.000007,0,1,1,0,1,1
23451089,,0,0.000146,35,0.000007,0,1,1,0,1,1
23395946,,0,0.000146,35,0.000007,0,1,1,0,1,1
23172894,,0,0.000171,35,0.000007,0,5,5,0,5,5
22994968,,0,0.000146,35,0.000007,0,1,1,0,1,1
22613095,,0,0.000146,35,0.000007,0,1,1,0,1,1
22496452,,0,0.000146,35,0.000007,0,1,1,0,1,1
22310242,,0,0.000146,35,0.000007,0,1,1,0,1,1
22210108,,0,0.000146,35,0.000007,0,1,1,0,1,1
21374085,,0,0.000153,35,0.000007,0,2,2,0,2,2
20200429,,0,0.000146,35,0.000007,0,1,1,0,1,1
25589526,,0,0,246,0.000007,0,2,2,0,2,2
19596949,,0.000005,0,246,0.000031,2,0,2,2,0,2
22523627,,0,0.000002,5,0.000007,0,1,1,0,1,1
25250324,,0,0.000101,1,0.000007,0,1,1,0,1,1
24583204,,0,0.000101,279,0.000007,0,2,2,0,2,2
19606050,,0.000977,0,5,0.00007,15,0,15,15,0,15
26195989,,0,0.00004,140,0.000007,0,2,2,0,2,2
26092435,,0.000412,0.000043,205,0.000017,4,3,7,4,3,7
19606053,,0.001012,0,1,0.000009,5,0,5,5,0,5
19615284,,0.000057,0,35,0.000009,1,0,1,1,0,1
21785733,,0,0.000014,69,0.000007,0,1,1,0,1,1
19616605,,0.003284,0,35,0.000036,13,0,13,13,0,13
27660465,,0,0.000063,35,0.000007,0,1,1,0,1,1
19617217,,0.00015,0,231,0.000022,9,0,9,9,0,9
24595411,,0,0.000011,231,0.000007,0,3,3,0,3,3
22041237,,0,0.000027,1,0.000007,0,1,1,0,1,1
19618461,,0.001428,0,1,0.000014,3,0,3,3,0,3
30232145,,0,0.000003,69,0.000007,0,1,1,0,1,1
19621450,,0.000144,0,69,0.000068,12,0,12,12,0,12
29951343,,0,0.000003,69,0.000007,0,1,1,0,1,1
29088233,,0,0.000051,5,0.000007,0,3,3,0,3,3
27042109,,0,0.000003,69,0.000007,0,1,1,0,1,1
26942101,,0,0.000003,69,0.000007,0,1,1,0,1,1
25886974,,0,0.000003,69,0.000007,0,1,1,0,1,1
24771926,,0,0.000003,69,0.000007,0,2,2,0,2,2
24658001,,0,0.000003,69,0.000007,0,1,1,0,1,1
24371683,,0,0.000003,69,0.000007,0,1,1,0,1,1
22315651,,0,0.000003,69,0.000007,0,1,1,0,1,1
21108439,,0,0.000003,69,0.000007,0,1,1,0,1,1
19622308,,0.000065,0,279,0.000028,2,0,2,2,0,2
29848352,,0,0.000003,66,0.000007,0,1,1,0,1,1
19622517,,0.000183,0,66,0.000056,10,0,10,10,0,10
29057879,,0,0.007439,66,0.000007,0,2,2,0,2,2
27909217,,0,0.000003,66,0.000007,0,1,1,0,1,1
27618020,,0,0.000003,66,0.000007,0,1,1,0,1,1
27457567,,0,0.000003,66,0.000007,0,1,1,0,1,1
27441287,,0,0.000003,66,0.000007,0,1,1,0,1,1
25663935,,0,0.000003,66,0.000007,0,1,1,0,1,1
24410765,,0,0.000003,66,0.000007,0,1,1,0,1,1
21493669,,0,0.000006,66,0.000007,0,2,2,0,2,2
30097599,,0,0.000009,90,0.000007,0,1,1,0,1,1
27484196,,0,0.000028,90,0.000007,0,2,2,0,2,2
27447608,,0,0.00001,90,0.000007,0,2,2,0,2,2
25542144,,0,0.000009,90,0.000007,0,1,1,0,1,1
24982671,,0,0.000009,90,0.000007,0,1,1,0,1,1
23391445,,0,0.000015,90,0.000007,0,3,3,0,3,3
23239747,,0,0.000009,90,0.000007,0,1,1,0,1,1
22031846,,0,0.000028,90,0.000007,0,2,2,0,2,2
19951255,,0,0.000009,90,0.000007,0,1,1,0,1,1
19623658,,0.000846,0,57,0.00003,10,0,10,10,0,10
25498965,,0,0.000016,57,0.000007,0,1,1,0,1,1
20661660,,0,0.000028,57,0.000007,0,2,2,0,2,2
19629752,,0.000465,0,89,0.000013,8,0,8,8,0,8
19632796,,0.00235,0,1,0.000049,14,0,14,14,0,14
27526942,,0,0.000045,1,0.000007,0,1,1,0,1,1
27392414,,0,0.000145,1,0.000007,0,2,2,0,2,2
26923594,,0,0.000045,1,0.000007,0,1,1,0,1,1
25689628,,0,0.000345,1,0.000007,0,2,2,0,2,2
29391900,,0,0,176,0.000007,0,1,1,0,1,1
19635209,,0,0,176,0.000028,4,0,4,4,0,4
26052865,,0,0.00001,176,0.000007,0,2,2,0,2,2
22783425,,0,0,176,0.000007,0,1,1,0,1,1
21623171,,0,0,176,0.000007,0,1,1,0,1,1
19635727,,0.000735,0,5,0.000032,14,0,14,14,0,14
22619739,,0,0.000014,5,0.000007,0,1,1,0,1,1
22234272,,0,0.000014,5,0.000007,0,1,1,0,1,1
30013653,,0,0.000052,69,0.000007,0,1,1,0,1,1
29542338,,0,0.000052,69,0.000007,0,1,1,0,1,1
28970963,,0,0.000052,69,0.000007,0,1,1,0,1,1
28796383,,0,0.000052,69,0.000007,0,1,1,0,1,1
28334332,,0,0.000052,69,0.000007,0,1,1,0,1,1
28245631,,0,0.000233,69,0.000007,0,6,6,0,6,6
28086243,,0,0.000167,69,0.000007,0,2,2,0,2,2
27899963,,0,0.000351,69,0.000007,0,2,2,0,2,2
27553370,,0,0.000052,69,0.000007,0,1,1,0,1,1
27515585,,0,0.000052,69,0.000007,0,1,1,0,1,1
27140846,,0,0.000052,69,0.000007,0,1,1,0,1,1
26552478,,0,0.000052,69,0.000007,0,1,1,0,1,1
26505642,,0,0.000052,69,0.000007,0,1,1,0,1,1
26032603,,0,0.000103,69,0.000007,0,2,2,0,2,2
25964255,,0,0.000092,69,0.000007,0,2,2,0,2,2
25674138,,0,0.000052,69,0.000007,0,1,1,0,1,1
25217774,,0,0.00056,69,0.000007,0,6,6,0,6,6
24253313,,0,0.000052,69,0.000007,0,1,1,0,1,1
24044637,,0,0.000052,69,0.000007,0,1,1,0,1,1
23880819,,0,0.000052,69,0.000007,0,1,1,0,1,1
22959913,,0,0.000052,69,0.000007,0,1,1,0,1,1
22810955,,0,0.000052,69,0.000007,0,1,1,0,1,1
22808426,,0,0.000052,69,0.000007,0,1,1,0,1,1
22750949,,0,0.000052,69,0.000007,0,1,1,0,1,1
22712526,,0,0.000052,69,0.000007,0,1,1,0,1,1
22301132,,0,0.007487,69,0.000007,0,2,2,0,2,2
22116537,,0,0.000052,69,0.000007,0,1,1,0,1,1
22089452,,0,0.000052,69,0.000007,0,1,1,0,1,1
22089449,,0,0.000052,69,0.000007,0,1,1,0,1,1
21949640,,0,0.007487,69,0.000007,0,2,2,0,2,2
21907916,,0,0.000052,69,0.000007,0,1,1,0,1,1
21705454,,0,0.000238,231,0.000007,0,2,2,0,2,2
20559444,,0,0.000052,69,0.000007,0,1,1,0,1,1
20042715,,0,0.000052,69,0.000007,0,1,1,0,1,1
19636701,,0.001316,0,1,0.000025,9,0,9,9,0,9
24621502,,0,0.000129,1,0.000007,0,2,2,0,2,2
22475046,,0,0.000025,1,0.000007,0,1,1,0,1,1
19638463,,0.000029,0,2,0.000047,14,0,14,14,0,14
25198518,,0,0.000007,176,0.000007,0,5,5,0,5,5
24512837,,0,0.000001,2,0.000007,0,1,1,0,1,1
23154078,,0,0.000001,2,0.000007,0,1,1,0,1,1
20923822,,0,0.000001,2,0.000007,0,1,1,0,1,1
27527855,,0,0.000005,90,0.000007,0,3,3,0,3,3
19640211,,0.000093,0,35,0.000021,6,0,6,6,0,6
29162038,,0,0.000077,198,0.000007,0,4,4,0,4,4
19641293,,0.000006,0,198,0.000023,5,0,5,5,0,5
21828075,,0,0,198,0.000007,0,1,1,0,1,1
21132113,,0,0,198,0.000007,0,1,1,0,1,1
23445948,,0,0.000015,184,0.000007,0,2,2,0,2,2
19644536,,0.003867,0,1,0.00001,7,0,7,7,0,7
21076535,,0,0.000014,279,0.000007,0,1,1,0,1,1
20300435,,0,0.000014,279,0.000007,0,1,1,0,1,1
19647219,,0.002095,0,1,0.000014,7,0,7,7,0,7
30510447,,0,0.000545,35,0.000007,0,1,1,0,1,1
19648928,,0.028584,0,35,0.001671,507,0,507,507,0,507
30413718,,0,0.000545,35,0.000007,0,1,1,0,1,1
30352679,,0,0.000951,35,0.000007,0,3,3,0,3,3
30242278,,0,0.000545,35,0.000007,0,1,1,0,1,1
30080881,,0,0.000545,35,0.000007,0,1,1,0,1,1
30042390,,0,0.000545,35,0.000007,0,1,1,0,1,1
30004288,,0,0.000793,35,0.000007,0,3,3,0,3,3
29880602,,0,0.00079,35,0.000007,0,2,2,0,2,2
29795293,,0,0.000553,35,0.000007,0,2,2,0,2,2
29764517,,0,0.000545,35,0.000007,0,1,1,0,1,1
29719832,,0,0.000545,35,0.000007,0,1,1,0,1,1
29694896,,0,0.000959,35,0.000007,0,4,4,0,4,4
29545915,,0,0.000548,35,0.000007,0,2,2,0,2,2
29523784,,0,0.00079,35,0.000007,0,2,2,0,2,2
29503088,,0,0.000705,35,0.000007,0,2,2,0,2,2
29439457,,0,0.000547,279,0.000007,0,2,2,0,2,2
29225342,,0,0.00079,35,0.000007,0,2,2,0,2,2
29176653,,0,0.000545,35,0.000007,0,1,1,0,1,1
29162812,,0,0.000545,35,0.000007,0,1,1,0,1,1
29120754,,0,0.000545,35,0.000007,0,1,1,0,1,1
28919264,,0,0.00079,35,0.000007,0,2,2,0,2,2
28881673,,0,0.000951,35,0.000007,0,4,4,0,4,4
28865492,,0,0.000556,35,0.000007,0,2,2,0,2,2
28707729,,0,0.000586,35,0.000007,0,2,2,0,2,2
28692043,,0,0.000545,66,0.000007,0,2,2,0,2,2
28530657,,0,0.000545,35,0.000007,0,1,1,0,1,1
28457887,,0,0.000594,35,0.000007,0,2,2,0,2,2
28329676,,0,0.000545,35,0.000007,0,1,1,0,1,1
28292846,,0,0.000545,35,0.000007,0,1,1,0,1,1
28273452,,0,0.000545,35,0.000007,0,1,1,0,1,1
28244491,,0,0.000545,35,0.000007,0,1,1,0,1,1
28244015,,0,0.000548,241,0.000007,0,2,2,0,2,2
28187288,,0,0.000951,35,0.000007,0,3,3,0,3,3
28148257,,0,0.00079,35,0.000007,0,2,2,0,2,2
28125611,,0,0.000545,35,0.000007,0,1,1,0,1,1
28100467,,0,0.000545,35,0.000007,0,1,1,0,1,1
28076334,,0,0.000545,35,0.000007,0,1,1,0,1,1
28066560,,0,0.000545,35,0.000007,0,1,1,0,1,1
28061785,,0,0.000545,35,0.000007,0,1,1,0,1,1
28009074,,0,0.000545,35,0.000007,0,1,1,0,1,1
27809866,,0,0.000548,35,0.000007,0,2,2,0,2,2
27808166,,0,0.000545,35,0.000007,0,1,1,0,1,1
27797378,,0,0.000545,35,0.000007,0,1,1,0,1,1
27756881,,0,0.000545,35,0.000007,0,1,1,0,1,1
27713176,,0,0.000545,35,0.000007,0,1,1,0,1,1
27655685,,0,0.000545,35,0.000007,0,1,1,0,1,1
27653681,,0,0.00079,35,0.000007,0,2,2,0,2,2
27638202,,0,0.001003,69,0.000007,0,9,9,0,9,9
27581495,,0,0.000545,35,0.000007,0,1,1,0,1,1
27558284,,0,0.000545,35,0.000007,0,1,1,0,1,1
27406316,,0,0.001339,35,0.000007,0,3,3,0,3,3
27330058,,0,0.000545,35,0.000007,0,1,1,0,1,1
27306423,,0,0.000792,35,0.000007,0,4,4,0,4,4
27256309,,0,0.000545,35,0.000007,0,1,1,0,1,1
27217783,,0,0.000952,35,0.000007,0,5,5,0,5,5
27114748,,0,0.000545,35,0.000007,0,1,1,0,1,1
27110512,,0,0.000951,35,0.000007,0,3,3,0,3,3
26941287,,0,0.000553,35,0.000007,0,2,2,0,2,2
26831618,,0,0.000545,35,0.000007,0,1,1,0,1,1
26686086,,0,0.000547,35,0.000007,0,2,2,0,2,2
26671411,,0,0.000545,35,0.000007,0,1,1,0,1,1
26661596,,0,0.000545,35,0.000007,0,1,1,0,1,1
26618344,,0,0.00079,35,0.000007,0,2,2,0,2,2
26564780,,0,0.000553,35,0.000007,0,2,2,0,2,2
26511661,,0,0.000545,35,0.000007,0,1,1,0,1,1
26460041,,0,0.000545,35,0.000007,0,1,1,0,1,1
26416748,,0,0.000545,35,0.000007,0,1,1,0,1,1
26365194,,0,0.000545,35,0.000007,0,1,1,0,1,1
26348644,,0,0.000545,35,0.000007,0,1,1,0,1,1
26340526,,0,0.001366,35,0.000007,0,4,4,0,4,4
26332018,,0,0.000545,35,0.000007,0,1,1,0,1,1
26331542,,0,0.000877,35,0.000007,0,3,3,0,3,3
26170972,,0,0.000951,35,0.000007,0,3,3,0,3,3
26106366,,0,0.000951,35,0.000007,0,3,3,0,3,3
26095608,,0,0.000837,69,0.000007,0,3,3,0,3,3
26080807,,0,0.000545,35,0.000007,0,1,1,0,1,1
26071498,,0,0.000545,35,0.000007,0,1,1,0,1,1
26005704,,0,0.00079,35,0.000007,0,2,2,0,2,2
25849559,,0,0.000756,35,0.000007,0,3,3,0,3,3
25748930,,0,0.000545,35,0.000007,0,1,1,0,1,1
25605792,,0,0.000545,35,0.000007,0,1,1,0,1,1
25601208,,0,0.00079,35,0.000007,0,2,2,0,2,2
25580105,,0,0.00079,35,0.000007,0,2,2,0,2,2
25564622,,0,0.000545,35,0.000007,0,1,1,0,1,1
25532760,,0,0.000545,35,0.000007,0,1,1,0,1,1
25527189,,0,0.000705,35,0.000007,0,2,2,0,2,2
25485586,,0,0.000974,69,0.000007,0,4,4,0,4,4
25473436,,0,0.000951,35,0.000007,0,3,3,0,3,3
25469301,,0,0.000545,35,0.000007,0,1,1,0,1,1
25415051,,0,0.000951,35,0.000007,0,3,3,0,3,3
25350852,,0,0.000706,87,0.000007,0,3,3,0,3,3
25260709,,0,0.000545,35,0.000007,0,1,1,0,1,1
25241899,,0,0.000545,35,0.000007,0,1,1,0,1,1
25148026,,0,0.000545,35,0.000007,0,1,1,0,1,1
25120546,,0,0.00079,35,0.000007,0,2,2,0,2,2
25117682,,0,0.000735,35,0.000007,0,3,3,0,3,3
25082814,,0,0.00079,35,0.000007,0,2,2,0,2,2
25080108,,0,0.00079,35,0.000007,0,2,2,0,2,2
25056120,,0,0.000552,90,0.000007,0,2,2,0,2,2
24938375,,0,0.000545,35,0.000007,0,1,1,0,1,1
24936466,,0,0.000545,35,0.000007,0,1,1,0,1,1
24936451,,0,0.000735,35,0.000007,0,3,3,0,3,3
24916766,,0,0.000545,35,0.000007,0,1,1,0,1,1
24910432,,0,0.000553,35,0.000007,0,2,2,0,2,2
24860642,,0,0.000545,35,0.000007,0,1,1,0,1,1
24853546,,0,0.0006,90,0.000007,0,3,3,0,3,3
24852022,,0,0.000545,35,0.000007,0,1,1,0,1,1
24821780,,0,0.000545,35,0.000007,0,1,1,0,1,1
24747439,,0,0.00079,35,0.000007,0,2,2,0,2,2
24713433,,0,0.000545,35,0.000007,0,1,1,0,1,1
24648416,,0,0.00079,35,0.000007,0,2,2,0,2,2
24558373,,0,0.000545,35,0.000007,0,1,1,0,1,1
24520039,,0,0.000792,35,0.000007,0,3,3,0,3,3
24497069,,0,0.000545,35,0.000007,0,1,1,0,1,1
24412575,,0,0.000705,35,0.000007,0,2,2,0,2,2
24375440,,0,0.000545,35,0.000007,0,1,1,0,1,1
24282295,,0,0.00079,35,0.000007,0,2,2,0,2,2
24212796,,0,0.000545,35,0.000007,0,1,1,0,1,1
24062582,,0,0.00079,35,0.000007,0,2,2,0,2,2
24052939,,0,0.000705,35,0.000007,0,2,2,0,2,2
24012543,,0,0.000545,35,0.000007,0,1,1,0,1,1
24002593,,0,0.000545,35,0.000007,0,1,1,0,1,1
23986719,,0,0.000951,35,0.000007,0,3,3,0,3,3
23983615,,0,0.000545,35,0.000007,0,1,1,0,1,1
23975155,,0,0.007981,35,0.000007,0,2,2,0,2,2
23966837,,0,0.000792,35,0.000007,0,3,3,0,3,3
23832666,,0,0.000545,35,0.000007,0,1,1,0,1,1
23825115,,0,0.000545,35,0.000007,0,1,1,0,1,1
23789091,,0,0.000545,35,0.000007,0,1,1,0,1,1
23768049,,0,0.00079,35,0.000007,0,2,2,0,2,2
23718190,,0,0.000951,35,0.000007,0,3,3,0,3,3
23716599,,0,0.000705,35,0.000007,0,2,2,0,2,2
23671811,,0,0.000545,35,0.000007,0,1,1,0,1,1
23593654,,0,0.000545,35,0.000007,0,1,1,0,1,1
23572509,,0,0.000631,72,0.000007,0,2,2,0,2,2
23547970,,0,0.00079,35,0.000007,0,2,2,0,2,2
23537295,,0,0.000705,35,0.000007,0,2,2,0,2,2
23535731,,0.008153,0.008296,231,0.000729,215,5,220,215,5,220
23487770,,0,0.000545,35,0.000007,0,1,1,0,1,1
23466563,,0,0.000545,35,0.000007,0,1,1,0,1,1
23370446,,0,0.000545,35,0.000007,0,1,1,0,1,1
23323144,,0,0.000735,35,0.000007,0,2,2,0,2,2
23300383,,0,0.00079,35,0.000007,0,2,2,0,2,2
23251482,,0,0.000545,35,0.000007,0,1,1,0,1,1
23224145,,0,0.000545,35,0.000007,0,1,1,0,1,1
23178496,,0,0.000545,35,0.000007,0,1,1,0,1,1
23129342,,0,0.000545,35,0.000007,0,1,1,0,1,1
23042145,,0,0.000545,35,0.000007,0,1,1,0,1,1
23027425,,0,0.00079,35,0.000007,0,2,2,0,2,2
23010075,,0,0.00079,35,0.000007,0,2,2,0,2,2
22977734,,0,0.000545,35,0.000007,0,1,1,0,1,1
22907433,,0,0.000951,35,0.000007,0,3,3,0,3,3
22903061,,0,0.00079,35,0.000007,0,2,2,0,2,2
22856431,,0,0.000545,35,0.000007,0,1,1,0,1,1
22844349,,0,0.000545,35,0.000007,0,1,1,0,1,1
22751119,,0,0.000545,35,0.000007,0,1,1,0,1,1
22704268,,0,0.000545,35,0.000007,0,1,1,0,1,1
22685420,,0,0.000545,35,0.000007,0,1,1,0,1,1
22666336,,0,0.000795,35,0.000007,0,3,3,0,3,3
22552289,,0,0.000951,35,0.000007,0,3,3,0,3,3
22548722,,0,0.000951,35,0.000007,0,3,3,0,3,3
22529742,,0,0.000545,35,0.000007,0,1,1,0,1,1
22523705,,0,0.000951,35,0.000007,0,3,3,0,3,3
22492965,,0,0.000545,35,0.000007,0,1,1,0,1,1
22464322,,0,0.000545,35,0.000007,0,1,1,0,1,1
22402315,,0,0.000545,35,0.000007,0,1,1,0,1,1
22385965,,0,0.000705,35,0.000007,0,2,2,0,2,2
22357481,,0,0.000951,35,0.000007,0,3,3,0,3,3
22340597,,0,0.00079,35,0.000007,0,2,2,0,2,2
22331423,,0,0.000545,35,0.000007,0,1,1,0,1,1
22308455,,0,0.000545,35,0.000007,0,1,1,0,1,1
22279417,,0,0.000554,111,0.000007,0,2,2,0,2,2
22188611,,0,0.000545,35,0.000007,0,1,1,0,1,1
22067349,,0,0.000576,24,0.000007,0,2,2,0,2,2
22031810,,0,0.000545,35,0.000007,0,1,1,0,1,1
22022528,,0,0.00079,35,0.000007,0,2,2,0,2,2
21996747,,0,0.000545,35,0.000007,0,1,1,0,1,1
21898857,,0,0.000545,35,0.000007,0,1,1,0,1,1
21867572,,0,0.00079,35,0.000007,0,2,2,0,2,2
21834968,,0,0.000545,35,0.000007,0,1,1,0,1,1
21828273,,0,0.000545,35,0.000007,0,1,1,0,1,1
21706029,,0,0.00079,35,0.000007,0,2,2,0,2,2
21635708,,0,0.000545,35,0.000007,0,1,1,0,1,1
21549327,,0,0.000545,35,0.000007,0,1,1,0,1,1
21533021,,0,0.000545,35,0.000007,0,1,1,0,1,1
21498687,,0,0.000545,35,0.000007,0,1,1,0,1,1
21458665,,0,0.00079,35,0.000007,0,2,2,0,2,2
21345245,,0,0.00079,35,0.000007,0,2,2,0,2,2
21176179,,0,0.000545,35,0.000007,0,1,1,0,1,1
21172068,,0.000004,0.000877,35,0.000009,1,3,4,1,3,4
21036680,,0,0.00089,35,0.000007,0,3,3,0,3,3
20976049,,0,0.000545,35,0.000007,0,1,1,0,1,1
20929874,,0,0.000545,35,0.000007,0,1,1,0,1,1
20926579,,0,0.000545,35,0.000007,0,1,1,0,1,1
20861186,,0,0.000545,35,0.000007,0,1,1,0,1,1
20831799,,0,0.000545,35,0.000007,0,1,1,0,1,1
20825628,,0,0.000545,35,0.000007,0,1,1,0,1,1
20824048,,0,0.000545,35,0.000007,0,1,1,0,1,1
20688584,,0,0.000545,35,0.000007,0,1,1,0,1,1
20610611,,0,0.000545,35,0.000007,0,1,1,0,1,1
20565980,,0,0.000545,35,0.000007,0,1,1,0,1,1
20533389,,0,0.000545,35,0.000007,0,1,1,0,1,1
20531305,,0,0.000545,35,0.000007,0,1,1,0,1,1
20530700,,0,0.000545,35,0.000007,0,1,1,0,1,1
20519331,,0,0.000545,35,0.000007,0,1,1,0,1,1
20484027,,0,0.000545,35,0.000007,0,1,1,0,1,1
20194747,,0,0.000545,35,0.000007,0,1,1,0,1,1
20056656,,0,0.000545,35,0.000007,0,1,1,0,1,1
20054865,,0,0.000545,35,0.000007,0,1,1,0,1,1
19649554,,0.001003,0,5,0.000014,10,0,10,10,0,10
19649703,,0.000289,0,184,0.000009,3,0,3,3,0,3
19649760,,0.000822,0,35,0.000011,6,0,6,6,0,6
19656164,,0.000983,0,89,0.00001,9,0,9,9,0,9
29860987,,0,0.000653,231,0.000007,0,10,10,0,10,10
25417853,,0,0.000083,231,0.000007,0,1,1,0,1,1
22726230,,0,0.000099,231,0.000007,0,2,2,0,2,2
22326833,,0,0.000083,231,0.000007,0,1,1,0,1,1
19657711,,0.000136,0,35,0.000032,7,0,7,7,0,7
26516322,,0,0.000003,35,0.000007,0,1,1,0,1,1
23798799,,0,0.000003,35,0.000007,0,1,1,0,1,1
22852765,,0,0.000003,35,0.000007,0,1,1,0,1,1
19657712,,0.000339,0,66,0.00002,4,0,4,4,0,4
24023754,,0,0.000006,66,0.000007,0,1,1,0,1,1
21658222,,0,0.00001,66,0.000007,0,2,2,0,2,2
19661091,,0.002332,0,5,0.000027,24,0,24,24,0,24
26603733,,0,0.000076,5,0.000007,0,2,2,0,2,2
19661094,,0.001246,0,231,0.000015,13,0,13,13,0,13
29393459,,0,0,193,0.000007,0,1,1,0,1,1
19666246,,0,0,193,0.000013,1,0,1,1,0,1
30158528,,0,0.000006,35,0.000007,0,1,1,0,1,1
28848997,,0,0.000006,35,0.000007,0,1,1,0,1,1
28394344,,0,0.000068,35,0.000007,0,3,3,0,3,3
28356139,,0,0.000006,35,0.000007,0,1,1,0,1,1
27863384,,0,0.000006,35,0.000007,0,1,1,0,1,1
25991909,,0,0.000006,35,0.000007,0,1,1,0,1,1
25757376,,0,0.000006,35,0.000007,0,1,1,0,1,1
25756394,,0,0.000006,35,0.000007,0,1,1,0,1,1
25482625,,0,0.000006,35,0.000007,0,1,1,0,1,1
25382732,,0,0.007442,35,0.000007,0,2,2,0,2,2
24581220,,0,0.000006,35,0.000007,0,1,1,0,1,1
24391875,,0,0.000006,35,0.000007,0,1,1,0,1,1
24244818,,0,0.000006,35,0.000007,0,1,1,0,1,1
23880940,,0,0.000006,35,0.000007,0,1,1,0,1,1
23771628,,0,0.000006,35,0.000007,0,1,1,0,1,1
23644657,,0,0.000006,35,0.000007,0,1,1,0,1,1
23458609,,0,0.000006,35,0.000007,0,1,1,0,1,1
23447672,,0,0.000006,35,0.000007,0,1,1,0,1,1
23249950,,0,0.000006,35,0.000007,0,1,1,0,1,1
23206234,,0,0.000006,35,0.000007,0,1,1,0,1,1
23153534,,0,0.000006,35,0.000007,0,1,1,0,1,1
22992590,,0,0.000006,35,0.000007,0,1,1,0,1,1
22957302,,0,0.000006,35,0.000007,0,1,1,0,1,1
22881459,,0,0.000006,35,0.000007,0,1,1,0,1,1
22796940,,0,0.000006,35,0.000007,0,1,1,0,1,1
22033038,,0,0.000006,35,0.000007,0,1,1,0,1,1
22028892,,0,0.000006,35,0.000007,0,1,1,0,1,1
21691718,,0,0.000006,35,0.000007,0,1,1,0,1,1
21653884,,0,0.000006,35,0.000007,0,1,1,0,1,1
21617693,,0,0.000006,35,0.000007,0,1,1,0,1,1
21494783,,0,0.000313,35,0.000007,0,2,2,0,2,2
21448580,,0,0.000006,35,0.000007,0,1,1,0,1,1
20467795,,0,0.000006,35,0.000007,0,1,1,0,1,1
20093003,,0,0.000006,35,0.000007,0,1,1,0,1,1
19669600,,0.000508,0,89,0.00001,7,0,7,7,0,7
19669874,,0.000357,0,5,0.00001,5,0,5,5,0,5
19671030,,0.000094,0,35,0.000013,3,0,3,3,0,3
26133775,,0,0.001464,1,0.000007,0,7,7,0,7,7
29759079,,0,0.000004,279,0.000007,0,1,1,0,1,1
19671858,,0.000215,0,279,0.000097,21,0,21,21,0,21
28445279,,0,0.000004,279,0.000007,0,1,1,0,1,1
25568669,,0,0.000004,279,0.000007,0,1,1,0,1,1
23016851,,0,0.000021,279,0.000007,0,3,3,0,3,3
22749965,,0,0.000004,279,0.000007,0,1,1,0,1,1
22655242,,0,0.000004,279,0.000007,0,1,1,0,1,1
22572881,,0,0.000004,279,0.000007,0,1,1,0,1,1
22244911,,0,0.000004,279,0.000007,0,1,1,0,1,1
21464868,,0,0.000004,279,0.000007,0,1,1,0,1,1
21439244,,0,0.000004,279,0.000007,0,1,1,0,1,1
21209038,,0,0.000004,279,0.000007,0,1,1,0,1,1
21140203,,0,0.000004,279,0.000007,0,1,1,0,1,1
20682317,,0,0.000004,279,0.000007,0,1,1,0,1,1
19672706,,0.000976,0,231,0.000044,16,0,16,16,0,16
26165253,,0,0.000019,231,0.000007,0,1,1,0,1,1
24598702,,0,0.000021,231,0.000007,0,2,2,0,2,2
24349304,,0,0.000019,231,0.000007,0,1,1,0,1,1
23687985,,0,0.000019,231,0.000007,0,1,1,0,1,1
19680614,,0.000511,0,5,0.000029,11,0,11,11,0,11
27444675,,0,0.00001,5,0.000007,0,1,1,0,1,1
24606758,,0,0.00001,5,0.000007,0,1,1,0,1,1
30045664,,0,0.000489,1,0.000007,0,2,2,0,2,2
29666673,,0,0.000074,1,0.000007,0,1,1,0,1,1
29029481,,0,0.000074,1,0.000007,0,1,1,0,1,1
28345297,,0,0.000489,1,0.000007,0,2,2,0,2,2
28174091,,0,0.001057,1,0.000007,0,5,5,0,5,5
25914884,,0,0.000202,1,0.000007,0,2,2,0,2,2
24013427,,0,0.001439,1,0.000007,0,3,3,0,3,3
23634250,,0,0.000489,1,0.000007,0,2,2,0,2,2
23620409,,0,0.000686,1,0.000007,0,3,3,0,3,3
20379221,,0,0.000074,1,0.000007,0,1,1,0,1,1
29117108,,0,0.000022,24,0.000007,0,2,2,0,2,2
19683826,,0.000415,0,24,0.00007,19,0,19,19,0,19
27258253,,0,0.000015,24,0.000007,0,3,3,0,3,3
26628979,,0,0.000008,24,0.000007,0,1,1,0,1,1
25082261,,0,0.000008,24,0.000007,0,1,1,0,1,1
24705847,,0,0.000012,24,0.000007,0,3,3,0,3,3
23125080,,0,0.000011,24,0.000007,0,2,2,0,2,2
22836512,,0,0.000008,24,0.000007,0,1,1,0,1,1
22740347,,0,0.000008,24,0.000007,0,1,1,0,1,1
20974125,,0,0.000008,24,0.000007,0,1,1,0,1,1
19688261,,0.004539,0,35,0.000191,53,0,53,53,0,53
29228547,,0,0.007522,35,0.000007,0,2,2,0,2,2
27384237,,0,0.004768,1,0.000007,0,7,7,0,7,7
27030425,,0,0.000087,35,0.000007,0,1,1,0,1,1
26465158,,0,0.000087,35,0.000007,0,1,1,0,1,1
26138921,,0,0.007522,35,0.000007,0,2,2,0,2,2
25888249,,0,0.000087,35,0.000007,0,1,1,0,1,1
24821582,,0,0.000087,35,0.000007,0,1,1,0,1,1
24480577,,0,0.000087,35,0.000007,0,1,1,0,1,1
24395524,,0,0.000646,66,0.000007,0,8,8,0,8,8
24385689,,0,0.000087,35,0.000007,0,1,1,0,1,1
23740772,,0,0.000122,35,0.000007,0,2,2,0,2,2
23382830,,0,0.00015,35,0.000007,0,2,2,0,2,2
22938721,,0,0.000281,35,0.000007,0,3,3,0,3,3
22183965,,0,0.000087,35,0.000007,0,1,1,0,1,1
21552290,,0,0.000087,35,0.000007,0,1,1,0,1,1
20799942,,0,0.000087,35,0.000007,0,1,1,0,1,1
20668064,,0,0.000087,35,0.000007,0,1,1,0,1,1
20581046,,0,0.000087,35,0.000007,0,1,1,0,1,1
20537188,,0,0.000087,35,0.000007,0,1,1,0,1,1
20516123,,0,0.000087,35,0.000007,0,1,1,0,1,1
21074729,,0,0.000001,205,0.000007,0,1,1,0,1,1
29940833,,0,0,35,0.000007,0,1,1,0,1,1
26792270,,0,0,35,0.000007,0,2,2,0,2,2
25262153,,0,0,35,0.000007,0,1,1,0,1,1
24918456,,0,0.000004,35,0.000007,0,2,2,0,2,2
24790574,,0,0,35,0.000007,0,1,1,0,1,1
24392115,,0,0,35,0.000007,0,1,1,0,1,1
23496976,,0,0,35,0.000007,0,1,1,0,1,1
22966958,,0,0,35,0.000007,0,1,1,0,1,1
21257608,,0,0,35,0.000007,0,1,1,0,1,1
21087509,,0,0,35,0.000007,0,1,1,0,1,1
20218737,,0,0,35,0.000007,0,1,1,0,1,1
26011589,,0,0.000001,35,0.000007,0,1,1,0,1,1
25955133,,0,0.000001,35,0.000007,0,1,1,0,1,1
25576084,,0,0.000001,35,0.000007,0,1,1,0,1,1
25501823,,0,0.000001,35,0.000007,0,1,1,0,1,1
24564251,,0,0.000001,35,0.000007,0,1,1,0,1,1
24099668,,0,0.000001,35,0.000007,0,1,1,0,1,1
23785404,,0,0.000001,35,0.000007,0,1,1,0,1,1
23243601,,0,0.000001,35,0.000007,0,1,1,0,1,1
22185785,,0,0.000001,35,0.000007,0,1,1,0,1,1
22108045,,0,0.000001,35,0.000007,0,1,1,0,1,1
19697632,,0.00105,0,1,0.000016,3,0,3,3,0,3
19702453,,0.000512,0,1,0.000009,2,0,2,2,0,2
19703879,,0.000457,0,5,0.000016,8,0,8,8,0,8
27463890,,0,0.000075,100,0.000007,0,2,2,0,2,2
23580141,,0,0.00035,100,0.000007,0,4,4,0,4,4
28570563,,0,0.000002,100,0.000007,0,1,1,0,1,1
22717603,,0,0.000002,100,0.000007,0,1,1,0,1,1
24820515,,0,0.000014,231,0.000007,0,1,1,0,1,1
21833626,,0,0.000014,231,0.000007,0,1,1,0,1,1
21656578,,0,0.000014,231,0.000007,0,1,1,0,1,1
29949923,,0,0.000001,279,0.000007,0,1,1,0,1,1
29849103,,0,0.000001,279,0.000007,0,1,1,0,1,1
28420336,,0,0.000001,279,0.000007,0,1,1,0,1,1
27539783,,0,0.000032,279,0.000007,0,2,2,0,2,2
25881543,,0,0.000001,279,0.000007,0,1,1,0,1,1
23094148,,0,0.000001,279,0.000007,0,1,1,0,1,1
25989018,,0,0,5,0.000007,0,1,1,0,1,1
25979570,,0,0,5,0.000007,0,1,1,0,1,1
25242395,,0,0,5,0.000007,0,1,1,0,1,1
22306115,,0,0,5,0.000007,0,1,1,0,1,1
21732332,,0,0,5,0.000007,0,1,1,0,1,1
19713245,,0.000453,0,5,0.000017,7,0,7,7,0,7
23277772,,0,0.000009,5,0.000007,0,1,1,0,1,1
19714462,,0.000256,0,89,0.000041,13,0,13,13,0,13
30127941,,0,0.000005,89,0.000007,0,1,1,0,1,1
28510302,,0,0.000006,89,0.000007,0,2,2,0,2,2
26415217,,0,0.000005,89,0.000007,0,1,1,0,1,1
25604861,,0,0.000005,89,0.000007,0,1,1,0,1,1
23418531,,0,0.000005,89,0.000007,0,1,1,0,1,1
28681140,,0,0.000032,89,0.000007,0,2,2,0,2,2
19714488,,0.00031,0,89,0.000017,8,0,8,8,0,8
22670089,,0,0.000032,89,0.000007,0,3,3,0,3,3
29658001,,0,0.000009,231,0.000007,0,1,1,0,1,1
29435987,,0,0.000009,231,0.000007,0,1,1,0,1,1
27779676,,0,0.000009,231,0.000007,0,1,1,0,1,1
25351418,,0,0.000009,231,0.000007,0,1,1,0,1,1
24015760,,0,0.000009,231,0.000007,0,1,1,0,1,1
22804960,,0,0.000009,231,0.000007,0,1,1,0,1,1
21297970,,0,0.000009,231,0.000007,0,1,1,0,1,1
25268752,,0,0,35,0.000007,0,1,1,0,1,1
19729830,,0.000204,0,279,0.000064,4,0,4,4,0,4
24111759,,0.000048,0.000004,35,0.000066,12,1,13,12,1,13
19733528,,0.001377,0,35,0.000026,12,0,12,12,0,12
25889602,,0,0.000015,5,0.000007,0,1,1,0,1,1
24926413,,0,0.000015,5,0.000007,0,1,1,0,1,1
22302620,,0,0.000019,5,0.000007,0,2,2,0,2,2
19736894,,0,0,194,0.000017,2,0,2,2,0,2
27019606,,0,0,194,0.000007,0,1,1,0,1,1
19737859,,0.000384,0,100,0.00001,6,0,6,6,0,6
19745748,,0.000005,0,5,0.000008,1,0,1,1,0,1
19745749,,0.000017,0,140,0.00002,3,0,3,3,0,3
21558142,,0,0,140,0.000007,0,1,1,0,1,1
20466091,,0,0,140,0.000007,0,1,1,0,1,1
27920888,,0,0.000003,89,0.000007,0,1,1,0,1,1
19747471,,0.000144,0,89,0.00002,4,0,4,4,0,4
20616362,,0,0.000003,89,0.000007,0,1,1,0,1,1
30271826,,0,0.000004,5,0.000007,0,1,1,0,1,1
25730718,,0,0.000004,5,0.000007,0,1,1,0,1,1
24246567,,0,0.000006,5,0.000007,0,2,2,0,2,2
19751997,,0.000457,0,5,0.000007,1,0,1,1,0,1
19752737,,0.001335,0,5,0.000036,18,0,18,18,0,18
29512940,,0,0.000025,5,0.000007,0,1,1,0,1,1
26965020,,0,0.000025,5,0.000007,0,1,1,0,1,1
26360918,,0,0.000145,5,0.000007,0,3,3,0,3,3
24707809,,0,0.000114,5,0.000007,0,2,2,0,2,2
24372085,,0,0.000025,5,0.000007,0,1,1,0,1,1
29446117,,0,0.000003,5,0.000007,0,2,2,0,2,2
19753503,,0.00005,0,5,0.000013,5,0,5,5,0,5
19753840,,0.000163,0,89,0.000009,3,0,3,3,0,3
29094265,,0,0.000004,100,0.000007,0,1,1,0,1,1
19756599,,0.000211,0,100,0.000024,7,0,7,7,0,7
25838973,,0,0.000027,100,0.000007,0,3,3,0,3,3
23778405,,0,0.000004,100,0.000007,0,1,1,0,1,1
25986045,,0,0,5,0.000007,0,1,1,0,1,1
21751189,,0,0,5,0.000007,0,1,1,0,1,1
20550845,,0,0,5,0.000007,0,1,1,0,1,1
19763692,,0.000276,0,5,0.000011,5,0,5,5,0,5
19763884,,0.0015,0,100,0.000022,14,0,14,14,0,14
28426320,,0,0.000002,2,0.000007,0,1,1,0,1,1
25595579,,0,0.000002,2,0.000007,0,1,1,0,1,1
24771338,,0,0.000002,2,0.000007,0,1,1,0,1,1
21856457,,0,0.000533,2,0.000043,6,2,8,6,2,8
19768886,,0.000017,0,5,0.000012,1,0,1,1,0,1
27147599,,0,0.000003,100,0.000007,0,1,1,0,1,1
26284487,,0,0.0001,140,0.000007,0,1,1,0,1,1
19775325,,0.000003,0,5,0.000014,2,0,2,2,0,2
22167623,,0,0,5,0.000007,0,1,1,0,1,1
19775328,,0.000167,0,5,0.000007,1,0,1,1,0,1
19775330,,0.001256,0,5,0.00002,8,0,8,8,0,8
25411644,,0,0.000024,5,0.000007,0,1,1,0,1,1
24551350,,0,0.000038,5,0.000007,0,2,2,0,2,2
19775331,,0.00132,0,5,0.000043,35,0,35,35,0,35
26478860,,0,0.000601,5,0.000007,0,2,2,0,2,2
23448722,,0,0.000025,5,0.000007,0,1,1,0,1,1
28298272,,0,0,89,0.000007,0,2,2,0,2,2
19775332,,0.000001,0,89,0.000021,4,0,4,4,0,4
22836509,,0,0,89,0.000007,0,1,1,0,1,1
22500092,,0,0.000003,89,0.000007,0,2,2,0,2,2
19775602,,0.004081,0,35,0.000196,65,0,65,65,0,65
29795369,,0,0.000088,35,0.000007,0,2,2,0,2,2
29719590,,0,0.000078,35,0.000007,0,1,1,0,1,1
29719435,,0,0.000078,35,0.000007,0,1,1,0,1,1
29229607,,0,0.000095,35,0.000007,0,6,6,0,6,6
29088795,,0,0.000275,35,0.000007,0,3,3,0,3,3
28382096,,0,0.000078,35,0.000007,0,1,1,0,1,1
27685443,,0,0.000172,35,0.000007,0,3,3,0,3,3
27564847,,0,0.000152,35,0.000007,0,2,2,0,2,2
27185638,,0,0.000084,35,0.000007,0,2,2,0,2,2
26785325,,0,0.000078,35,0.000007,0,1,1,0,1,1
26690867,,0,0.000333,35,0.000007,0,5,5,0,5,5
26627008,,0,0.000078,35,0.000007,0,1,1,0,1,1
26400174,,0,0.000084,35,0.000007,0,2,2,0,2,2
26325506,,0,0.000084,35,0.000007,0,2,2,0,2,2
26309405,,0,0.000331,1,0.000007,0,3,3,0,3,3
26150728,,0,0.000078,35,0.000007,0,1,1,0,1,1
25593995,,0,0.000078,35,0.000007,0,1,1,0,1,1
24753984,,0,0.000078,35,0.000007,0,1,1,0,1,1
24692691,,0,0.000078,35,0.000007,0,1,1,0,1,1
24130921,,0,0.000078,35,0.000007,0,1,1,0,1,1
23305429,,0,0.000078,35,0.000007,0,1,1,0,1,1
22941871,,0,0.000078,35,0.000007,0,1,1,0,1,1
22889054,,0,0.000078,35,0.000007,0,1,1,0,1,1
22807938,,0,0.000078,35,0.000007,0,1,1,0,1,1
22648714,,0,0.000078,35,0.000007,0,1,1,0,1,1
22581827,,0,0.000402,57,0.000007,0,4,4,0,4,4
22262832,,0,0.000078,35,0.000007,0,1,1,0,1,1
22093547,,0,0.000096,35,0.000007,0,2,2,0,2,2
21234300,,0,0.000078,35,0.000007,0,1,1,0,1,1
20630060,,0,0.000078,35,0.000007,0,1,1,0,1,1
27212895,,0,0,5,0.000007,0,1,1,0,1,1
25562140,,0,0.000003,5,0.000007,0,3,3,0,3,3
23445478,,0,0,5,0.000007,0,1,1,0,1,1
25114624,,0,0.000001,89,0.000007,0,2,2,0,2,2
19787003,,0.00003,0,89,0.000011,2,0,2,2,0,2
30364884,,0,0.000878,35,0.000007,0,2,2,0,2,2
19789974,,0.005379,0,35,0.000033,25,0,25,25,0,25
24884806,,0,0,195,0.000007,0,1,1,0,1,1
19794300,,0,0,195,0.000025,3,0,3,3,0,3
22750642,,0,0,195,0.000007,0,1,1,0,1,1
22619683,,0,0,195,0.000007,0,1,1,0,1,1
19795125,,0.000457,0,5,0.000007,1,0,1,1,0,1
29721172,,0,0.000002,35,0.000007,0,1,1,0,1,1
19795205,,0.000092,0,35,0.000134,26,0,26,26,0,26
29650022,,0,0.000002,35,0.000007,0,1,1,0,1,1
27302072,,0,0.000002,35,0.000007,0,1,1,0,1,1
27092875,,0,0.000002,35,0.000007,0,1,1,0,1,1
26771715,,0,0.000002,35,0.000007,0,1,1,0,1,1
26494317,,0,0.000002,35,0.000007,0,1,1,0,1,1
26366217,,0,0.000002,35,0.000007,0,1,1,0,1,1
26307032,,0,0.000002,35,0.000007,0,1,1,0,1,1
26244698,,0,0.000002,35,0.000007,0,1,1,0,1,1
26165304,,0,0.000002,35,0.000007,0,1,1,0,1,1
25788995,,0,0.000002,35,0.000007,0,1,1,0,1,1
25767773,,0,0.000032,35,0.000007,0,2,2,0,2,2
25134838,,0,0.000002,35,0.000007,0,1,1,0,1,1
24980814,,0,0.000002,35,0.000007,0,1,1,0,1,1
23527117,,0,0.000002,35,0.000007,0,1,1,0,1,1
22899882,,0,0.000006,35,0.000007,0,2,2,0,2,2
22593191,,0,0.000002,35,0.000007,0,1,1,0,1,1
22553175,,0,0.000002,35,0.000007,0,1,1,0,1,1
21695171,,0,0.000002,35,0.000007,0,1,1,0,1,1
21193018,,0,0.000002,35,0.000007,0,1,1,0,1,1
19796187,,0.000311,0,89,0.000016,5,0,5,5,0,5
22499693,,0,0.000006,89,0.000007,0,1,1,0,1,1
29782524,,0,0.000099,184,0.000007,0,8,8,0,8,8
27339908,,0,0.000029,184,0.000007,0,1,1,0,1,1
22661228,,0,0.000029,184,0.000007,0,1,1,0,1,1
21258621,,0,0.000029,184,0.000007,0,1,1,0,1,1
20811636,,0,0.000029,184,0.000007,0,1,1,0,1,1
29472816,,0,0.000026,69,0.000007,0,2,2,0,2,2
28459042,,0,0.000026,69,0.000007,0,1,1,0,1,1
27917453,,0,0.000026,69,0.000007,0,1,1,0,1,1
27036018,,0,0.008193,69,0.000007,0,3,3,0,3,3
26731723,,0,0.000122,69,0.000007,0,3,3,0,3,3
26260454,,0,0.000026,69,0.000007,0,1,1,0,1,1
26213923,,0,0.000169,69,0.000007,0,4,4,0,4,4
25894979,,0,0.000026,69,0.000007,0,1,1,0,1,1
24822185,,0,0.000116,69,0.000007,0,3,3,0,3,3
24373327,,0,0.000048,72,0.000007,0,2,2,0,2,2
23785667,,0,0.007462,69,0.000007,0,2,2,0,2,2
23526566,,0,0.000026,69,0.000007,0,1,1,0,1,1
23484144,,0,0.000026,69,0.000007,0,1,1,0,1,1
23237306,,0,0.000026,69,0.000007,0,1,1,0,1,1
22925189,,0,0.000068,69,0.000007,0,2,2,0,2,2
22580610,,0,0.000026,69,0.000007,0,1,1,0,1,1
22395642,,0,0.000026,69,0.000007,0,1,1,0,1,1
22085651,,0,0.000026,69,0.000007,0,1,1,0,1,1
21931508,,0,0.000026,69,0.000007,0,1,1,0,1,1
21323862,,0,0.000026,69,0.000007,0,1,1,0,1,1
20716115,,0,0.000026,69,0.000007,0,1,1,0,1,1
30385631,,0,0.000012,176,0.000007,0,1,1,0,1,1
30312361,,0,0.000012,176,0.000007,0,1,1,0,1,1
29895741,,0,0.000061,176,0.000007,0,5,5,0,5,5
29868498,,0,0.000012,176,0.000007,0,1,1,0,1,1
29848585,,0,0.000012,176,0.000007,0,1,1,0,1,1
29848583,,0,0.000012,176,0.000007,0,2,2,0,2,2
29630659,,0,0.000012,176,0.000007,0,1,1,0,1,1
29596642,,0,0.000043,100,0.000007,0,2,2,0,2,2
29494681,,0,0.000012,176,0.000007,0,1,1,0,1,1
29440569,,0.000001,0.000064,176,0.000014,2,3,5,2,3,5
29374145,,0,0.000102,100,0.000007,0,2,2,0,2,2
29362220,,0,0.000012,176,0.000007,0,1,1,0,1,1
29324878,,0,0.000012,176,0.000007,0,1,1,0,1,1
29287913,,0,0.000012,176,0.000007,0,1,1,0,1,1
29257060,,0,0.000025,247,0.000007,0,2,2,0,2,2
29190285,,0,0.000013,176,0.000007,0,2,2,0,2,2
29137231,,0,0.000012,176,0.000007,0,1,1,0,1,1
29073102,,0,0.000012,176,0.000007,0,1,1,0,1,1
28978708,,0,0.000012,176,0.000007,0,1,1,0,1,1
28968467,,0,0.000027,367,0.000007,0,2,2,0,2,2
28968443,,0,0.000012,176,0.000007,0,1,1,0,1,1
28950914,,0,0.000012,176,0.000007,0,1,1,0,1,1
28934154,,0,0.000029,90,0.000007,0,2,2,0,2,2
28925973,,0,0.000012,176,0.000007,0,1,1,0,1,1
28893940,,0,0.000012,176,0.000007,0,1,1,0,1,1
28792475,,0,0.000012,176,0.000007,0,1,1,0,1,1
28771189,,0,0.000012,176,0.000007,0,1,1,0,1,1
28732227,,0,0.000012,176,0.000007,0,1,1,0,1,1
28641314,,0,0.000012,176,0.000007,0,1,1,0,1,1
28430817,,0,0.000012,176,0.000007,0,1,1,0,1,1
28275188,,0,0.000012,176,0.000007,0,1,1,0,1,1
28118377,,0,0.000012,176,0.000007,0,1,1,0,1,1
27965149,,0,0.000012,176,0.000007,0,1,1,0,1,1
27918748,,0,0.000012,176,0.000007,0,1,1,0,1,1
27863967,,0,0.000012,176,0.000007,0,1,1,0,1,1
27826042,,0,0.000012,176,0.000007,0,1,1,0,1,1
27818212,,0,0.000012,176,0.000007,0,1,1,0,1,1
27764728,,0,0.000012,176,0.000007,0,1,1,0,1,1
27701460,,0,0.000012,176,0.000007,0,1,1,0,1,1
27617309,,0,0.000012,176,0.000007,0,1,1,0,1,1
27528123,,0,0.000012,176,0.000007,0,1,1,0,1,1
27512067,,0,0.000012,176,0.000007,0,1,1,0,1,1
27338449,,0,0.000012,176,0.000007,0,1,1,0,1,1
27310012,,0,0.000012,176,0.000007,0,1,1,0,1,1
27186429,,0,0.000012,176,0.000007,0,1,1,0,1,1
26765330,,0,0.000012,176,0.000007,0,1,1,0,1,1
26695634,,0,0.000012,176,0.000007,0,1,1,0,1,1
26522968,,0,0.000012,176,0.000007,0,1,1,0,1,1
26474276,,0,0.000082,176,0.000007,0,2,2,0,2,2
26470018,,0,0.000012,176,0.000007,0,1,1,0,1,1
26405826,,0,0.000012,176,0.000007,0,1,1,0,1,1
26398222,,0,0.000013,176,0.000007,0,2,2,0,2,2
26148509,,0,0.000012,176,0.000007,0,1,1,0,1,1
26132923,,0,0.000012,176,0.000007,0,1,1,0,1,1
26124202,,0,0.000012,176,0.000007,0,1,1,0,1,1
26022660,,0,0.000012,176,0.000007,0,1,1,0,1,1
26008695,,0,0.000013,176,0.000007,0,2,2,0,2,2
25830243,,0,0.000012,176,0.000007,0,1,1,0,1,1
25798290,,0,0.000012,176,0.000007,0,1,1,0,1,1
25717108,,0,0.000012,176,0.000007,0,1,1,0,1,1
25694599,,0,0.000012,176,0.000007,0,1,1,0,1,1
25673709,,0,0.000012,176,0.000007,0,1,1,0,1,1
25644715,,0,0.000012,176,0.000007,0,1,1,0,1,1
25572145,,0,0.000012,176,0.000007,0,1,1,0,1,1
25476789,,0,0.000068,100,0.000007,0,3,3,0,3,3
25444910,,0,0.000012,176,0.000007,0,1,1,0,1,1
25424787,,0,0.000012,176,0.000007,0,1,1,0,1,1
25410865,,0,0.000012,176,0.000007,0,1,1,0,1,1
25355892,,0,0.000012,176,0.000007,0,1,1,0,1,1
25340830,,0,0.000058,176,0.000007,0,2,2,0,2,2
25267065,,0,0.000012,176,0.000007,0,1,1,0,1,1
24966902,,0,0.000012,176,0.000007,0,1,1,0,1,1
24850735,,0,0.000158,100,0.000007,0,3,3,0,3,3
24832099,,0,0.000012,176,0.000007,0,1,1,0,1,1
24799566,,0,0.000012,176,0.000007,0,1,1,0,1,1
24629334,,0,0.000012,176,0.000007,0,1,1,0,1,1
24606699,,0,0.000012,176,0.000007,0,1,1,0,1,1
24370835,,0,0.000012,176,0.000007,0,1,1,0,1,1
24335308,,0,0.000012,176,0.000007,0,1,1,0,1,1
24278023,,0,0.000012,176,0.000007,0,1,1,0,1,1
24098381,,0,0.000012,176,0.000007,0,1,1,0,1,1
24029589,,0,0.000012,176,0.000007,0,1,1,0,1,1
24027328,,0,0.000012,176,0.000007,0,1,1,0,1,1
23986589,,0,0.000012,176,0.000007,0,1,1,0,1,1
23853576,,0,0.000012,176,0.000007,0,1,1,0,1,1
23849793,,0,0.000012,176,0.000007,0,1,1,0,1,1
23773282,,0,0.000012,176,0.000007,0,1,1,0,1,1
23760247,,0,0.000012,176,0.000007,0,1,1,0,1,1
23722886,,0,0.000012,176,0.000007,0,1,1,0,1,1
23685995,,0,0.000012,176,0.000007,0,1,1,0,1,1
23615820,,0,0.000012,176,0.000007,0,1,1,0,1,1
23593005,,0,0.000965,176,0.000007,0,2,2,0,2,2
23592994,,0,0.000012,176,0.000007,0,1,1,0,1,1
23468503,,0,0.000012,176,0.000007,0,1,1,0,1,1
23403708,,0,0.000012,176,0.000007,0,1,1,0,1,1
23217624,,0,0.000012,176,0.000007,0,1,1,0,1,1
23135710,,0,0.000015,176,0.000007,0,2,2,0,2,2
22754587,,0,0.000015,176,0.000007,0,2,2,0,2,2
22658985,,0,0.000012,176,0.000007,0,1,1,0,1,1
22536200,,0,0.000012,176,0.000007,0,1,1,0,1,1
22496235,,0,0.000012,176,0.000007,0,1,1,0,1,1
22402601,,0,0.000012,176,0.000007,0,1,1,0,1,1
22379085,,0,0.000012,176,0.000007,0,1,1,0,1,1
22306660,,0,0.000012,176,0.000007,0,1,1,0,1,1
22278251,,0,0.000012,176,0.000007,0,1,1,0,1,1
22240795,,0,0.000083,176,0.000007,0,3,3,0,3,3
21917957,,0,0.000012,176,0.000007,0,1,1,0,1,1
21734056,,0,0.000012,176,0.000007,0,1,1,0,1,1
21734054,,0,0.000012,176,0.000007,0,1,1,0,1,1
21734051,,0,0.000012,176,0.000007,0,1,1,0,1,1
21715473,,0,0.000012,176,0.000007,0,1,1,0,1,1
21680515,,0,0.000012,176,0.000007,0,1,1,0,1,1
21589897,,0,0.000012,176,0.000007,0,1,1,0,1,1
21450828,,0,0.000012,176,0.000007,0,1,1,0,1,1
21050765,,0,0.000012,176,0.000007,0,1,1,0,1,1
21047968,,0,0.000012,176,0.000007,0,1,1,0,1,1
20844047,,0,0.000012,176,0.000007,0,1,1,0,1,1
20219920,,0,0.000012,176,0.000007,0,1,1,0,1,1
19798553,,0.000001,0,5,0.000011,2,0,2,2,0,2
29850158,,0,0.000003,279,0.000007,0,1,1,0,1,1
29383109,,0,0.000003,279,0.000007,0,1,1,0,1,1
25953686,,0,0.000003,279,0.000007,0,1,1,0,1,1
25809865,,0,0.000003,279,0.000007,0,1,1,0,1,1
24368439,,0,0.000003,279,0.000007,0,1,1,0,1,1
23456194,,0,0.000003,279,0.000007,0,1,1,0,1,1
22892282,,0,0.000003,279,0.000007,0,1,1,0,1,1
20174572,,0,0.000003,279,0.000007,0,1,1,0,1,1
19800469,,0.000301,0,5,0.000012,9,0,9,9,0,9
29372030,,0,0.000002,231,0.000007,0,1,1,0,1,1
19802015,,0.000079,0,231,0.00006,11,0,11,11,0,11
27576165,,0,0.000002,231,0.000007,0,1,1,0,1,1
25695404,,0,0.000002,231,0.000007,0,1,1,0,1,1
25378396,,0,0.000002,231,0.000007,0,1,1,0,1,1
24217253,,0,0.000002,231,0.000007,0,2,2,0,2,2
22641000,,0,0.000002,231,0.000007,0,1,1,0,1,1
21939436,,0,0.000002,231,0.000007,0,1,1,0,1,1
21922250,,0,0.000002,231,0.000007,0,1,1,0,1,1
21209102,,0,0.000002,231,0.000007,0,1,1,0,1,1
19802692,,0.000289,0,5,0.000029,13,0,13,13,0,13
25806095,,0,0.000016,5,0.000007,0,3,3,0,3,3
25267503,,0,0.000006,5,0.000007,0,1,1,0,1,1
23092125,,0,0.000006,5,0.000007,0,1,1,0,1,1
19802895,,0.000811,0,35,0.000017,5,0,5,5,0,5
23447578,,0,0.000015,35,0.000007,0,1,1,0,1,1
19805903,,0.001081,0,89,0.000021,13,0,13,13,0,13
23542399,,0,0.000021,89,0.000007,0,1,1,0,1,1
29238067,,0,0.000154,279,0.000007,0,2,2,0,2,2
19808869,,0.007177,0,57,0.000248,66,0,66,66,0,66
28587121,,0,0.000137,57,0.000007,0,1,1,0,1,1
28498475,,0,0.000137,57,0.000007,0,1,1,0,1,1
28066633,,0,0.000137,57,0.000007,0,1,1,0,1,1
27637080,,0,0.000137,57,0.000007,0,1,1,0,1,1
27487130,,0,0.000166,1,0.000007,0,2,2,0,2,2
26993599,,0,0.000137,57,0.000007,0,1,1,0,1,1
26553138,,0,0.000137,57,0.000007,0,1,1,0,1,1
26528635,,0,0.000137,57,0.000007,0,1,1,0,1,1
26097593,,0,0.000137,57,0.000007,0,1,1,0,1,1
26097382,,0,0.000137,57,0.000007,0,1,1,0,1,1
25892134,,0,0.000137,57,0.000007,0,1,1,0,1,1
25341124,,0,0.000137,57,0.000007,0,1,1,0,1,1
25088162,,0,0.000137,57,0.000007,0,1,1,0,1,1
24817962,,0,0.000343,57,0.000007,0,2,2,0,2,2
24710660,,0,0.000137,57,0.000007,0,1,1,0,1,1
24098799,,0,0.000137,57,0.000007,0,1,1,0,1,1
24043947,,0,0.000137,57,0.000007,0,1,1,0,1,1
23826192,,0,0.000137,57,0.000007,0,1,1,0,1,1
23602933,,0,0.00284,176,0.000007,0,10,10,0,10,10
23141799,,0,0.000195,57,0.000007,0,2,2,0,2,2
22730535,,0,0.000137,57,0.000007,0,1,1,0,1,1
22585575,,0,0.000137,57,0.000007,0,1,1,0,1,1
22348039,,0,0.000137,57,0.000007,0,1,1,0,1,1
22270370,,0,0.000137,57,0.000007,0,1,1,0,1,1
22173583,,0,0.000137,57,0.000007,0,1,1,0,1,1
22138455,,0,0.000137,57,0.000007,0,1,1,0,1,1
21482692,,0,0.000137,57,0.000007,0,1,1,0,1,1
20873769,,0,0.000137,57,0.000007,0,1,1,0,1,1
20663232,,0,0.000137,57,0.000007,0,1,1,0,1,1
28724427,,0,0.000102,100,0.000007,0,2,2,0,2,2
28417445,,0,0.000006,100,0.000007,0,1,1,0,1,1
22831956,,0,0.000006,100,0.000007,0,1,1,0,1,1
22619526,,0,0.000197,100,0.000007,0,2,2,0,2,2
19813073,,0.000822,0,1,0.000009,4,0,4,4,0,4
19818997,,0.000002,0,69,0.000011,2,0,2,2,0,2
19820364,,0.0006,0,5,0.000009,5,0,5,5,0,5
19822672,,0,0,57,0.000127,21,0,21,21,0,21
28070119,,0,0,57,0.000007,0,1,1,0,1,1
27458533,,0,0,57,0.000007,0,1,1,0,1,1
27068951,,0,0,57,0.000007,0,1,1,0,1,1
27028858,,0,0,57,0.000007,0,1,1,0,1,1
26993773,,0,0,57,0.000007,0,1,1,0,1,1
25984893,,0,0,57,0.000007,0,1,1,0,1,1
25043814,,0,0,57,0.000007,0,1,1,0,1,1
24879152,,0,0,57,0.000007,0,1,1,0,1,1
24705354,,0,0,57,0.000007,0,1,1,0,1,1
24535825,,0,0,57,0.000007,0,1,1,0,1,1
24186066,,0,0,57,0.000007,0,1,1,0,1,1
22751498,,0,0,57,0.000007,0,1,1,0,1,1
22654911,,0,0,57,0.000007,0,1,1,0,1,1
21416260,,0,0,57,0.000007,0,1,1,0,1,1
21189453,,0,0,57,0.000007,0,1,1,0,1,1
20937771,,0,0,57,0.000007,0,1,1,0,1,1
20808283,,0,0,57,0.000007,0,1,1,0,1,1
20736167,,0,0,57,0.000007,0,1,1,0,1,1
20616007,,0,0,57,0.000007,0,1,1,0,1,1
30206202,,0,0.000002,35,0.000007,0,1,1,0,1,1
19828406,,0.000116,0,35,0.000059,10,0,10,10,0,10
29765225,,0,0.000002,35,0.000007,0,1,1,0,1,1
24359107,,0,0.000002,35,0.000007,0,1,1,0,1,1
22295247,,0,0.000002,35,0.000007,0,1,1,0,1,1
21959043,,0,0.000002,35,0.000007,0,1,1,0,1,1
21699723,,0,0.000002,35,0.000007,0,1,1,0,1,1
21301050,,0,0.000002,35,0.000007,0,1,1,0,1,1
20842031,,0,0.000002,35,0.000007,0,1,1,0,1,1
27819674,,0,0.00001,231,0.000007,0,2,2,0,2,2
19830809,,0.00014,0,231,0.000045,9,0,9,9,0,9
26889781,,0,0.000003,231,0.000007,0,1,1,0,1,1
24249968,,0,0.000003,231,0.000007,0,1,1,0,1,1
23034003,,0,0.000003,231,0.000007,0,1,1,0,1,1
22944598,,0,0.000003,231,0.000007,0,1,1,0,1,1
22773901,,0,0.000003,231,0.000007,0,1,1,0,1,1
29346616,,0,0.000005,5,0.000007,0,1,1,0,1,1
28327574,,0,0.000005,5,0.000007,0,1,1,0,1,1
28248624,,0,0.000009,5,0.000007,0,2,2,0,2,2
27618810,,0,0.000005,5,0.000007,0,1,1,0,1,1
25901453,,0,0.000005,5,0.000007,0,1,1,0,1,1
25842388,,0,0.000005,5,0.000007,0,1,1,0,1,1
25730634,,0,0.000005,5,0.000007,0,1,1,0,1,1
25398057,,0,0.000005,5,0.000007,0,1,1,0,1,1
25337828,,0,0.000005,5,0.000007,0,1,1,0,1,1
24690678,,0,0.000005,5,0.000007,0,1,1,0,1,1
24463396,,0,0.000005,5,0.000007,0,1,1,0,1,1
24177906,,0,0.000005,5,0.000007,0,1,1,0,1,1
22197261,,0,0.000005,5,0.000007,0,1,1,0,1,1
21562245,,0,0.000005,5,0.000007,0,1,1,0,1,1
21382509,,0,0.000005,5,0.000007,0,1,1,0,1,1
21067573,,0,0.000005,5,0.000007,0,1,1,0,1,1
20307808,,0,0.000005,5,0.000007,0,1,1,0,1,1
19846685,,0,0.000005,5,0.000007,0,1,1,0,1,1
26255629,,0,0.000018,69,0.000007,0,1,1,0,1,1
29287602,,0,0.000024,232,0.000007,0,2,2,0,2,2
27683112,,0,0.000133,1,0.000007,0,2,2,0,2,2
27093577,,0,0.000002,1,0.000007,0,1,1,0,1,1
26322164,,0,0.000011,205,0.000007,0,2,2,0,2,2
23474028,,0,0.000002,1,0.000007,0,1,1,0,1,1
23300565,,0,0.000137,100,0.000007,0,3,3,0,3,3
22871735,,0,0.000002,1,0.000007,0,1,1,0,1,1
21832239,,0,0.000002,1,0.000007,0,1,1,0,1,1
21603305,,0,0.000002,1,0.000007,0,1,1,0,1,1
21571946,,0,0.000002,1,0.000007,0,1,1,0,1,1
21339823,,0,0.000002,1,0.000007,0,1,1,0,1,1
21278894,,0,0.000002,1,0.000007,0,1,1,0,1,1
29188494,,0,0,72,0.000007,0,1,1,0,1,1
19837273,,0,0,72,0.000025,4,0,4,4,0,4
28710500,,0,0,72,0.000007,0,1,1,0,1,1
28442921,,0,0,72,0.000007,0,2,2,0,2,2
19839046,,0.001979,0,41,0.000027,13,0,13,13,0,13
21418556,,0,0.000038,41,0.000007,0,1,1,0,1,1
29453630,,0,0.003016,1,0.000007,0,14,14,0,14,14
19841329,,0.003859,0,5,0.000018,18,0,18,18,0,18
29278600,,0,0.00756,69,0.000007,0,3,3,0,3,3
30250825,,0,0.000015,279,0.000007,0,1,1,0,1,1
30250544,,0,0.000015,279,0.000007,0,1,1,0,1,1
29958137,,0,0.000015,279,0.000007,0,1,1,0,1,1
29951173,,0,0.000015,279,0.000007,0,1,1,0,1,1
29755694,,0,0.000015,279,0.000007,0,2,2,0,2,2
29483830,,0,0.000059,279,0.000007,0,2,2,0,2,2
29404474,,0,0.000015,279,0.000007,0,1,1,0,1,1
29234487,,0,0.000015,279,0.000007,0,1,1,0,1,1
29206939,,0,0.000015,279,0.000007,0,1,1,0,1,1
28751445,,0,0.000015,279,0.000007,0,1,1,0,1,1
28580171,,0,0.000015,279,0.000007,0,1,1,0,1,1
28531253,,0,0.000015,279,0.000007,0,1,1,0,1,1
28522603,,0,0.000015,279,0.000007,0,1,1,0,1,1
28413448,,0,0.000015,279,0.000007,0,1,1,0,1,1
28256094,,0,0.000015,279,0.000007,0,1,1,0,1,1
27943646,,0,0.000015,279,0.000007,0,1,1,0,1,1
27916872,,0,0.000015,279,0.000007,0,1,1,0,1,1
27884600,,0,0.000015,279,0.000007,0,1,1,0,1,1
27838634,,0,0.000231,279,0.000007,0,2,2,0,2,2
27835902,,0,0.000015,279,0.000007,0,1,1,0,1,1
27638386,,0,0.000015,279,0.000007,0,1,1,0,1,1
27391030,,0,0.000015,279,0.000007,0,1,1,0,1,1
26876212,,0,0.000015,279,0.000007,0,1,1,0,1,1
26747525,,0,0.000015,279,0.000007,0,1,1,0,1,1
26568543,,0,0.00002,265,0.000007,0,2,2,0,2,2
26247464,,0,0.000015,279,0.000007,0,2,2,0,2,2
26151406,,0,0.000294,279,0.000007,0,2,2,0,2,2
26101710,,0,0.000015,279,0.000007,0,1,1,0,1,1
26046389,,0,0.000031,265,0.000007,0,2,2,0,2,2
25401122,,0,0.000015,279,0.000007,0,1,1,0,1,1
25233932,,0,0.000015,279,0.000007,0,1,1,0,1,1
24525739,,0,0.000015,279,0.000007,0,1,1,0,1,1
24422024,,0,0.000015,279,0.000007,0,1,1,0,1,1
24292195,,0,0.007822,279,0.000007,0,3,3,0,3,3
24115017,,0,0.000015,279,0.000007,0,1,1,0,1,1
24055055,,0,0.000015,279,0.000007,0,1,1,0,1,1
24043463,,0,0.000015,279,0.000007,0,1,1,0,1,1
23999427,,0,0.000015,279,0.000007,0,1,1,0,1,1
23826135,,0,0.000015,279,0.000007,0,1,1,0,1,1
23651053,,0,0.000015,279,0.000007,0,1,1,0,1,1
23648546,,0,0.000015,279,0.000007,0,1,1,0,1,1
23591524,,0,0.000015,279,0.000007,0,1,1,0,1,1
23475202,,0,0.000015,279,0.000007,0,1,1,0,1,1
23408900,,0,0.000015,279,0.000007,0,1,1,0,1,1
23326666,,0,0.000015,279,0.000007,0,1,1,0,1,1
23320061,,0,0.000015,279,0.000007,0,1,1,0,1,1
23205135,,0,0.000015,279,0.000007,0,1,1,0,1,1
23000686,,0,0.000015,279,0.000007,0,1,1,0,1,1
22833868,,0,0.000015,279,0.000007,0,1,1,0,1,1
22710573,,0,0.000015,279,0.000007,0,1,1,0,1,1
22666248,,0,0.000015,279,0.000007,0,1,1,0,1,1
22641218,,0,0.000015,279,0.000007,0,1,1,0,1,1
22399565,,0,0.000015,279,0.000007,0,1,1,0,1,1
22253566,,0,0.000015,279,0.000007,0,1,1,0,1,1
22204491,,0,0.000019,48,0.000007,0,2,2,0,2,2
22103462,,0,0.000015,279,0.000007,0,1,1,0,1,1
22086849,,0,0.000015,279,0.000007,0,1,1,0,1,1
22037217,,0,0.000015,279,0.000007,0,1,1,0,1,1
22035839,,0,0.000015,279,0.000007,0,1,1,0,1,1
21955398,,0,0.000015,279,0.000007,0,1,1,0,1,1
21791112,,0,0.000015,279,0.000007,0,1,1,0,1,1
21619543,,0,0.000015,279,0.000007,0,1,1,0,1,1
21465466,,0,0.000015,279,0.000007,0,1,1,0,1,1
20941375,,0,0.000015,279,0.000007,0,1,1,0,1,1
20852387,,0,0.000015,279,0.000007,0,1,1,0,1,1
20837137,,0,0.000015,279,0.000007,0,1,1,0,1,1
20140084,,0,0.000015,279,0.000007,0,1,1,0,1,1
19841585,,0.004118,0,89,0.00008,49,0,49,49,0,49
29757403,,0,0.000179,140,0.000007,0,3,3,0,3,3
27244699,,0,0.000117,5,0.000007,0,3,3,0,3,3
26136358,,0,0.000079,89,0.000007,0,1,1,0,1,1
25601880,,0,0.000079,89,0.000007,0,1,1,0,1,1
25419387,,0,0.000079,89,0.000007,0,1,1,0,1,1
20359883,,0,0.000079,89,0.000007,0,1,1,0,1,1
30075530,,0,0.000027,231,0.000007,0,1,1,0,1,1
27483248,,0,0.00003,231,0.000007,0,2,2,0,2,2
27376028,,0,0.000027,231,0.000007,0,1,1,0,1,1
26217584,,0,0.000052,90,0.000007,0,3,3,0,3,3
21625632,,0,0.000103,231,0.000007,0,2,2,0,2,2
20663687,,0,0.000027,231,0.000007,0,1,1,0,1,1
20631049,,0,0.000027,231,0.000007,0,1,1,0,1,1
26544624,,0,0.000012,41,0.000007,0,1,1,0,1,1
19843683,,0.000615,0,41,0.000055,11,0,11,11,0,11
25860876,,0,0.000012,41,0.000007,0,1,1,0,1,1
24938534,,0,0.000012,41,0.000007,0,1,1,0,1,1
23533696,,0,0.000012,41,0.000007,0,2,2,0,2,2
22139612,,0,0.000018,41,0.000007,0,2,2,0,2,2
29660202,,0,0.000025,69,0.000007,0,1,1,0,1,1
26962117,,0,0.000025,69,0.000007,0,1,1,0,1,1
26806808,,0,0.000025,69,0.000007,0,1,1,0,1,1
24649216,,0,0.000025,69,0.000007,0,1,1,0,1,1
23708211,,0,0.000025,69,0.000007,0,1,1,0,1,1
22535157,,0,0.000025,69,0.000007,0,1,1,0,1,1
22351930,,0,0.000025,69,0.000007,0,1,1,0,1,1
21216937,,0,0.000025,69,0.000007,0,1,1,0,1,1
20713645,,0,0.000025,69,0.000007,0,1,1,0,1,1
19847796,,0.000108,0,72,0.000149,44,0,44,44,0,44
29946268,,0,0.000002,72,0.000007,0,1,1,0,1,1
29535537,,0,0.000002,72,0.000007,0,1,1,0,1,1
28978158,,0,0.000129,35,0.000007,0,7,7,0,7,7
27880723,,0,0.000015,72,0.000007,0,4,4,0,4,4
26886638,,0,0.000002,72,0.000007,0,1,1,0,1,1
26078942,,0,0.000002,72,0.000007,0,1,1,0,1,1
25815281,,0,0.000002,72,0.000007,0,1,1,0,1,1
25759599,,0,0.000063,72,0.000007,0,8,8,0,8,8
25606406,,0,0.00001,72,0.000007,0,3,3,0,3,3
25474430,,0,0.000002,72,0.000007,0,1,1,0,1,1
25433484,,0,0.000002,72,0.000007,0,1,1,0,1,1
24278149,,0,0.000014,72,0.000007,0,3,3,0,3,3
23691458,,0,0.000002,72,0.000007,0,1,1,0,1,1
23593385,,0,0.000002,72,0.000007,0,1,1,0,1,1
23586049,,0,0.000041,72,0.000007,0,5,5,0,5,5
23554757,,0,0.000002,72,0.000007,0,1,1,0,1,1
23236400,,0,0.000002,72,0.000007,0,1,1,0,1,1
23228090,,0,0.000005,72,0.000007,0,2,2,0,2,2
23226435,,0,0.000007,72,0.000007,0,2,2,0,2,2
22970328,,0,0.000002,72,0.000007,0,1,1,0,1,1
22969890,,0,0.000002,72,0.000007,0,1,1,0,1,1
22761899,,0,0.000002,72,0.000007,0,1,1,0,1,1
22408438,,0,0.000005,72,0.000007,0,2,2,0,2,2
21483822,,0,0.000002,72,0.000007,0,1,1,0,1,1
19851859,,0.000375,0,89,0.000026,7,0,7,7,0,7
28482874,,0,0.000007,89,0.000007,0,1,1,0,1,1
20740311,,0,0.000007,89,0.000007,0,1,1,0,1,1
27602762,,0,0.0004,231,0.000007,0,3,3,0,3,3
19856316,,0.000826,0,231,0.000033,14,0,14,14,0,14
19858367,,0.000017,0,5,0.000012,1,0,1,1,0,1
19858402,,0.006078,0,5,0.000068,57,0,57,57,0,57
26876921,,0,0.000116,5,0.000007,0,1,1,0,1,1
26259752,,0.00004,0.000365,5,0.000012,3,6,9,3,6,9
19859709,,0.000135,0,1,0.000007,1,0,1,1,0,1
30288002,,0,0.000006,35,0.000007,0,1,1,0,1,1
19861897,,0.000321,0,35,0.000064,15,0,15,15,0,15
24890385,,0,0.000006,35,0.000007,0,1,1,0,1,1
24748804,,0,0.000011,35,0.000007,0,2,2,0,2,2
23982433,,0,0.000006,35,0.000007,0,1,1,0,1,1
23184205,,0,0.000006,35,0.000007,0,1,1,0,1,1
22640628,,0,0.000006,35,0.000007,0,1,1,0,1,1
22330809,,0,0.000006,35,0.000007,0,1,1,0,1,1
21748247,,0,0.000006,35,0.000007,0,1,1,0,1,1
19863560,,0.002236,0,100,0.000019,16,0,16,16,0,16
21151400,,0,0.00011,5,0.000007,0,4,4,0,4,4
19864186,,0.000091,0,89,0.000008,1,0,1,1,0,1
19873981,,0.014816,0,1,0.000055,37,0,37,37,0,37
28303528,,0,0.002111,1,0.000007,0,3,3,0,3,3
28199696,,0,0.000423,1,0.000007,0,2,2,0,2,2
27211550,,0,0.001403,100,0.000007,0,6,6,0,6,6
25019525,,0,0.000283,1,0.000007,0,1,1,0,1,1
24814482,,0,0.007413,1,0.000007,0,5,5,0,5,5
19875889,,0.000874,0,140,0.000008,3,0,3,3,0,3
28905013,,0,0.000005,231,0.000007,0,1,1,0,1,1
25106495,,0,0.000005,231,0.000007,0,1,1,0,1,1
19877382,,0.000994,0,89,0.000016,8,0,8,8,0,8
19877752,,0.0002,0,89,0.000009,3,0,3,3,0,3
19882246,,0.002939,0,35,0.000053,25,0,25,25,0,25
29534550,,0,0.000139,72,0.000007,0,3,3,0,3,3
29344281,,0,0.000056,35,0.000007,0,1,1,0,1,1
23405208,,0,0.000056,35,0.000007,0,1,1,0,1,1
21189991,,0,0.000056,35,0.000007,0,1,1,0,1,1
19882674,,0.000342,0,69,0.000009,3,0,3,3,0,3
24681584,,0,0,196,0.000007,0,1,1,0,1,1
19882681,,0,0,196,0.000031,4,0,4,4,0,4
23393415,,0,0,196,0.000007,0,1,1,0,1,1
22690053,,0,0,196,0.000007,0,1,1,0,1,1
22529876,,0,0,196,0.000007,0,1,1,0,1,1
19885732,,0.00102,0,5,0.000021,16,0,16,16,0,16
19887602,,0.000479,0,35,0.000078,18,0,18,18,0,18
28437106,,0,0.000009,35,0.000007,0,1,1,0,1,1
28427240,,0,0.000065,35,0.000007,0,3,3,0,3,3
28101210,,0,0.000009,35,0.000007,0,1,1,0,1,1
27140416,,0,0.000009,35,0.000007,0,1,1,0,1,1
26943030,,0,0.000009,35,0.000007,0,1,1,0,1,1
26704980,,0,0.000009,35,0.000007,0,1,1,0,1,1
26308072,,0,0.000009,35,0.000007,0,1,1,0,1,1
26046368,,0,0.000009,35,0.000007,0,1,1,0,1,1
24587767,,0,0.000009,35,0.000007,0,1,1,0,1,1
24142993,,0,0.000009,35,0.000007,0,1,1,0,1,1
23240068,,0,0.000009,35,0.000007,0,1,1,0,1,1
30459395,,0,0.000011,5,0.000007,0,1,1,0,1,1
19887619,,0.000591,0,5,0.00009,26,0,26,26,0,26
30373614,,0,0.000011,5,0.000007,0,1,1,0,1,1
28081183,,0,0.000011,5,0.000007,0,1,1,0,1,1
27657059,,0,0.000093,24,0.000007,0,4,4,0,4,4
27649560,,0,0.000011,5,0.000007,0,1,1,0,1,1
27187374,,0,0.000087,5,0.000007,0,2,2,0,2,2
27162528,,0,0.000011,5,0.000007,0,1,1,0,1,1
27158822,,0,0.000096,279,0.000007,0,4,4,0,4,4
25992997,,0,0.000011,5,0.000007,0,1,1,0,1,1
25342884,,0,0.000011,5,0.000007,0,1,1,0,1,1
23574728,,0,0.000011,5,0.000007,0,1,1,0,1,1
22567358,,0,0.000011,5,0.000007,0,1,1,0,1,1
21047261,,0,0.000011,5,0.000007,0,1,1,0,1,1
29593646,,0,0.000059,90,0.000007,0,1,1,0,1,1
29433542,,0,0.000059,90,0.000007,0,1,1,0,1,1
28759294,,0,0.000083,100,0.000007,0,2,2,0,2,2
28721385,,0,0.000059,90,0.000007,0,1,1,0,1,1
27041579,,0,0.000059,90,0.000007,0,1,1,0,1,1
26862156,,0,0.000059,90,0.000007,0,1,1,0,1,1
24948399,,0,0.000059,90,0.000007,0,1,1,0,1,1
24645680,,0,0.000059,90,0.000007,0,1,1,0,1,1
24487689,,0,0.000059,90,0.000007,0,1,1,0,1,1
24441041,,0,0.000059,90,0.000007,0,1,1,0,1,1
23857583,,0,0.000059,90,0.000007,0,1,1,0,1,1
21885836,,0,0.000059,90,0.000007,0,1,1,0,1,1
21447808,,0,0.000059,90,0.000007,0,1,1,0,1,1
21167281,,0,0.000059,90,0.000007,0,1,1,0,1,1
20801081,,0,0.000059,90,0.000007,0,1,1,0,1,1
20427689,,0,0.000059,90,0.000007,0,1,1,0,1,1
27895396,,0,0.000066,1,0.000007,0,1,1,0,1,1
19890832,,0.003472,0,1,0.000064,20,0,20,20,0,20
26798436,,0,0.000066,1,0.000007,0,1,1,0,1,1
26770573,,0,0.000066,1,0.000007,0,1,1,0,1,1
25206265,,0,0.000066,1,0.000007,0,1,1,0,1,1
23137041,,0,0.000066,1,0.000007,0,1,1,0,1,1
23118224,,0,0.000066,1,0.000007,0,1,1,0,1,1
22606061,,0,0.000066,1,0.000007,0,1,1,0,1,1
20927778,,0,0.000066,1,0.000007,0,1,1,0,1,1
19892845,,0.000551,0,140,0.000017,8,0,8,8,0,8
19894111,,0.000348,0,89,0.000021,6,0,6,6,0,6
21457585,,0,0.000007,89,0.000007,0,1,1,0,1,1
23573514,,0,0,197,0.000007,0,1,1,0,1,1
19896723,,0,0,197,0.000019,2,0,2,2,0,2
22491465,,0,0,197,0.000007,0,1,1,0,1,1
19896837,,0.000122,0,279,0.000017,5,0,5,5,0,5
20847815,,0,0.000002,279,0.000007,0,1,1,0,1,1
19898224,,0.000909,0,69,0.000024,12,0,12,12,0,12
19899408,,0.000762,0,89,0.000009,8,0,8,8,0,8
29706765,,0,0,198,0.000007,0,1,1,0,1,1
29630755,,0,0,198,0.000007,0,1,1,0,1,1
29524207,,0,0.000004,5,0.000007,0,2,2,0,2,2
29140420,,0,0,198,0.000007,0,1,1,0,1,1
28477346,,0,0,198,0.000007,0,1,1,0,1,1
28121639,,0,0,198,0.000007,0,1,1,0,1,1
27729066,,0,0,198,0.000007,0,1,1,0,1,1
27692872,,0,0,198,0.000007,0,1,1,0,1,1
27197283,,0,0,198,0.000007,0,1,1,0,1,1
27133695,,0,0.000001,198,0.000007,0,2,2,0,2,2
27108300,,0,0,198,0.000007,0,1,1,0,1,1
27011312,,0,0,198,0.000007,0,1,1,0,1,1
26489749,,0,0,198,0.000007,0,1,1,0,1,1
25979021,,0,0,198,0.000007,0,1,1,0,1,1
25371447,,0,0,198,0.000007,0,1,1,0,1,1
25132995,,0,0,198,0.000007,0,1,1,0,1,1
24892933,,0,0,198,0.000007,0,1,1,0,1,1
23940080,,0,0,198,0.000007,0,1,1,0,1,1
23091737,,0,0,198,0.000007,0,1,1,0,1,1
22894415,,0,0,198,0.000007,0,1,1,0,1,1
22047360,,0,0,198,0.000007,0,1,1,0,1,1
22015449,,0,0,198,0.000007,0,1,1,0,1,1
21361206,,0,0,198,0.000007,0,1,1,0,1,1
21361169,,0,0,198,0.000007,0,1,1,0,1,1
20632587,,0,0,198,0.000007,0,1,1,0,1,1
22292799,,0,0.000044,90,0.000007,0,2,2,0,2,2
19904603,,0.000004,0,231,0.000008,1,0,1,1,0,1
19906413,,0.00145,0,89,0.00002,7,0,7,7,0,7
21755017,,0,0.000028,89,0.000007,0,1,1,0,1,1
21187389,,0,0.000028,89,0.000007,0,1,1,0,1,1
28401070,,0,0.000005,5,0.000007,0,1,1,0,1,1
19910890,,0.000266,0,5,0.000032,10,0,10,10,0,10
27468354,,0,0.00006,5,0.000007,0,5,5,0,5,5
22132064,,0,0.000005,5,0.000007,0,1,1,0,1,1
19912264,,0.000576,0,89,0.000008,4,0,4,4,0,4
27081256,,0.000033,0.00005,5,0.000007,1,3,4,1,3,4
19914552,,0.000001,0,5,0.000009,1,0,1,1,0,1
19916563,,0.001334,0,100,0.000031,11,0,11,11,0,11
26323038,,0,0.000025,100,0.000007,0,1,1,0,1,1
26184323,,0,0.000049,100,0.000007,0,2,2,0,2,2
23863878,,0,0.000025,100,0.000007,0,1,1,0,1,1
28700487,,0.000011,0.000054,279,0.00001,2,7,9,2,7,9
25922721,,0,0.000022,279,0.000007,0,3,3,0,3,3
22527105,,0,0.000011,279,0.000007,0,1,1,0,1,1
19926276,,0.008485,0,1,0.000062,33,0,33,33,0,33
25787974,,0,0.002897,1,0.000007,0,5,5,0,5,5
23178280,,0,0.000506,1,0.000007,0,2,2,0,2,2
23244462,,0,0,199,0.000007,0,1,1,0,1,1
19930416,,0,0,199,0.000013,1,0,1,1,0,1
19930417,,0.000094,0,89,0.000016,3,0,3,3,0,3
21356374,,0,0.000002,89,0.000007,0,1,1,0,1,1
19930977,,0.000106,0,198,0.000038,11,0,11,11,0,11
29330631,,0,0.000002,198,0.000007,0,2,2,0,2,2
28979745,,0,0.000014,5,0.000007,0,4,4,0,4,4
23701102,,0,0.000002,198,0.000007,0,1,1,0,1,1
22423895,,0,0.000002,198,0.000007,0,1,1,0,1,1
20882630,,0,0.000002,198,0.000007,0,1,1,0,1,1
29552217,,0,0.000016,100,0.000007,0,1,1,0,1,1
28123303,,0,0.000016,100,0.000007,0,1,1,0,1,1
27016342,,0,0.000016,100,0.000007,0,1,1,0,1,1
26387544,,0,0.000016,100,0.000007,0,1,1,0,1,1
25810013,,0,0.000016,100,0.000007,0,1,1,0,1,1
25683772,,0,0.000016,100,0.000007,0,1,1,0,1,1
25600676,,0,0.000016,100,0.000007,0,1,1,0,1,1
23764397,,0,0.000016,100,0.000007,0,1,1,0,1,1
23538752,,0,0.000016,100,0.000007,0,1,1,0,1,1
21896960,,0,0.000016,100,0.000007,0,1,1,0,1,1
19934756,,0.000919,0,1,0.000011,5,0,5,5,0,5
26928463,,0,0.001171,69,0.000007,0,3,3,0,3,3
19939726,,0.00324,0,1,0.000073,22,0,22,22,0,22
27389805,,0,0.000062,1,0.000007,0,1,1,0,1,1
24212655,,0,0.000062,1,0.000007,0,1,1,0,1,1
24212653,,0,0.000062,1,0.000007,0,1,1,0,1,1
21818667,,0,0.000062,1,0.000007,0,1,1,0,1,1
21706052,,0,0.000599,1,0.000007,0,2,2,0,2,2
21486746,,0,0.000062,1,0.000007,0,1,1,0,1,1
20714778,,0,0.000062,1,0.000007,0,1,1,0,1,1
20702830,,0,0.000062,1,0.000007,0,1,1,0,1,1
19940364,,0.000224,0,279,0.000063,18,0,18,18,0,18
28621677,,0,0.000004,279,0.000007,0,1,1,0,1,1
26764421,,0,0.000067,279,0.000007,0,4,4,0,4,4
23805242,,0,0.000004,279,0.000007,0,1,1,0,1,1
22615811,,0,0.000004,279,0.000007,0,1,1,0,1,1
21466438,,0,0.000004,279,0.000007,0,1,1,0,1,1
20696638,,0,0.000004,279,0.000007,0,1,1,0,1,1
19941162,,0.000984,0,205,0.000063,9,0,9,9,0,9
28118664,,0,0.000019,205,0.000007,0,1,1,0,1,1
21946566,,0,0.000019,205,0.000007,0,1,1,0,1,1
21267006,,0,0.000019,205,0.000007,0,1,1,0,1,1
29681946,,0,0.000085,100,0.000007,0,1,1,0,1,1
29594222,,0,0.000091,90,0.000007,0,2,2,0,2,2
29463647,,0,0.000565,100,0.000007,0,4,4,0,4,4
28560068,,0,0.000127,100,0.000007,0,3,3,0,3,3
26176175,,0,0.000134,100,0.000007,0,2,2,0,2,2
24204272,,0,0.000085,100,0.000007,0,1,1,0,1,1
22505581,,0,0.000085,100,0.000007,0,1,1,0,1,1
21857994,,0,0.000085,100,0.000007,0,1,1,0,1,1
20705614,,0,0.000085,100,0.000007,0,1,1,0,1,1
29983883,,0,0.00001,279,0.000007,0,2,2,0,2,2
19943104,,0.000414,0,279,0.000172,26,0,26,26,0,26
29899856,,0,0.00001,279,0.000007,0,2,2,0,2,2
29285183,,0,0.00001,279,0.000007,0,3,3,0,3,3
29157076,,0,0.00001,279,0.000007,0,2,2,0,2,2
29104258,,0,0.000033,241,0.000007,0,3,3,0,3,3
28881702,,0,0.00001,279,0.000007,0,3,3,0,3,3
28744404,,0,0.000008,279,0.000007,0,2,2,0,2,2
26426056,,0,0.000016,279,0.000007,0,2,2,0,2,2
26089541,,0,0.000008,279,0.000007,0,1,1,0,1,1
25757575,,0,0.00001,279,0.000007,0,2,2,0,2,2
24486181,,0,0.000008,279,0.000007,0,1,1,0,1,1
23161542,,0,0.00001,279,0.000007,0,2,2,0,2,2
22945642,,0,0.00001,279,0.000007,0,2,2,0,2,2
20517312,,0,0.000008,279,0.000007,0,1,1,0,1,1
19945279,,0.000056,0,5,0.00001,2,0,2,2,0,2
19945358,,0.001181,0,100,0.000016,9,0,9,9,0,9
19949853,,0.000354,0,89,0.000007,2,0,2,2,0,2
19950226,,0.000162,0,72,0.000158,40,0,40,40,0,40
29871690,,0,0.000012,279,0.000007,0,3,3,0,3,3
29445242,,0,0.000003,72,0.000007,0,1,1,0,1,1
29419695,,0,0.000003,72,0.000007,0,1,1,0,1,1
28985428,,0,0.000003,72,0.000007,0,1,1,0,1,1
28415619,,0,0.000003,72,0.000007,0,1,1,0,1,1
28150722,,0,0.000003,72,0.000007,0,1,1,0,1,1
27885248,,0,0.000003,72,0.000007,0,1,1,0,1,1
26993779,,0,0.000003,72,0.000007,0,1,1,0,1,1
26681688,,0,0.000003,72,0.000007,0,1,1,0,1,1
26261633,,0,0.000003,72,0.000007,0,1,1,0,1,1
25003827,,0,0.00003,72,0.000007,0,3,3,0,3,3
24854593,,0,0.000003,72,0.000007,0,1,1,0,1,1
24444095,,0,0.000003,72,0.000007,0,1,1,0,1,1
24401318,,0,0.000003,72,0.000007,0,1,1,0,1,1
23762318,,0,0.000003,72,0.000007,0,1,1,0,1,1
23526039,,0,0.000003,72,0.000007,0,1,1,0,1,1
22028396,,0,0.000003,72,0.000007,0,1,1,0,1,1
21647195,,0,0.000003,72,0.000007,0,1,1,0,1,1
21457569,,0,0.000003,72,0.000007,0,1,1,0,1,1
20935158,,0,0.000003,72,0.000007,0,1,1,0,1,1
19955925,,0.001258,0,1,0.000008,2,0,2,2,0,2
19958615,,0,0,279,0.000009,1,0,1,1,0,1
19959210,,0.000312,0,100,0.000016,6,0,6,6,0,6
23147994,,0,0.000063,100,0.000007,0,2,2,0,2,2
19960244,,0.007761,0,1,0.000087,35,0,35,35,0,35
24021380,,0,0.000148,1,0.000007,0,1,1,0,1,1
21306611,,0,0.000148,1,0.000007,0,1,1,0,1,1
20858232,,0,0.000148,1,0.000007,0,1,1,0,1,1
19966851,,0.000023,0,100,0.000017,4,0,4,4,0,4
26263974,,0,0,100,0.000007,0,1,1,0,1,1
19967274,,0.000568,0,89,0.000009,5,0,5,5,0,5
28943968,,0,0.000011,24,0.000007,0,2,2,0,2,2
22436573,,0,0.000006,24,0.000007,0,1,1,0,1,1
20809974,,0,0.000006,24,0.000007,0,1,1,0,1,1
26894976,,0,0,90,0.000007,0,1,1,0,1,1
22654469,,0,0,90,0.000007,0,1,1,0,1,1
29712909,,0,0.000015,35,0.000007,0,1,1,0,1,1
28902348,,0,0.000206,35,0.000007,0,2,2,0,2,2
28725177,,0,0.000015,35,0.000007,0,1,1,0,1,1
28576144,,0,0.000015,35,0.000007,0,1,1,0,1,1
28336923,,0,0.000015,35,0.000007,0,1,1,0,1,1
28223829,,0,0.000015,35,0.000007,0,1,1,0,1,1
28031533,,0,0.000015,35,0.000007,0,2,2,0,2,2
27783255,,0,0.000028,35,0.000007,0,2,2,0,2,2
27649746,,0,0.000015,35,0.000007,0,1,1,0,1,1
26684807,,0,0.000017,35,0.000007,0,2,2,0,2,2
26460955,,0,0.000015,35,0.000007,0,1,1,0,1,1
26344709,,0,0.000015,35,0.000007,0,1,1,0,1,1
25413624,,0,0.000015,35,0.000007,0,1,1,0,1,1
24648314,,0,0.000015,35,0.000007,0,1,1,0,1,1
24305877,,0,0.000206,35,0.000007,0,2,2,0,2,2
24192928,,0,0.000015,35,0.000007,0,1,1,0,1,1
23849371,,0,0.00004,35,0.000016,2,2,4,2,2,4
23845142,,0,0.000015,35,0.000007,0,1,1,0,1,1
23738074,,0,0.000015,35,0.000007,0,1,1,0,1,1
23341073,,0,0.000015,35,0.000007,0,1,1,0,1,1
23066438,,0,0.000015,35,0.000007,0,1,1,0,1,1
22422151,,0,0.000015,35,0.000007,0,1,1,0,1,1
22306028,,0,0.000015,35,0.000007,0,1,1,0,1,1
21677879,,0,0.000015,35,0.000007,0,1,1,0,1,1
21247385,,0,0.000015,35,0.000007,0,1,1,0,1,1
21169372,,0,0.000015,35,0.000007,0,1,1,0,1,1
21127736,,0,0.000015,35,0.000007,0,1,1,0,1,1
20709793,,0,0.000015,35,0.000007,0,1,1,0,1,1
30050761,,0,0,24,0.000007,0,1,1,0,1,1
19995647,,0.000021,0,24,0.000081,14,0,14,14,0,14
29582626,,0,0,24,0.000007,0,1,1,0,1,1
28785221,,0,0,24,0.000007,0,1,1,0,1,1
28210127,,0,0.000024,24,0.000007,0,2,2,0,2,2
25886269,,0,0,24,0.000007,0,1,1,0,1,1
24720724,,0,0,24,0.000007,0,1,1,0,1,1
23930206,,0,0,24,0.000007,0,1,1,0,1,1
23457672,,0,0,24,0.000007,0,1,1,0,1,1
21750167,,0,0,24,0.000007,0,1,1,0,1,1
21241464,,0,0,24,0.000007,0,1,1,0,1,1
21198542,,0,0,24,0.000007,0,1,1,0,1,1
20978399,,0,0,24,0.000007,0,1,1,0,1,1
19996025,,0.000062,0,72,0.000008,1,0,1,1,0,1
29962516,,0,0.000049,184,0.000007,0,1,1,0,1,1
29692923,,0,0.000049,184,0.000007,0,2,2,0,2,2
29416435,,0,0.000055,184,0.000007,0,4,4,0,4,4
29393227,,0,0.000049,184,0.000007,0,1,1,0,1,1
28841705,,0,0.000049,184,0.000007,0,1,1,0,1,1
27817040,,0,0.000066,184,0.000007,0,4,4,0,4,4
27200291,,0,0.000049,184,0.000007,0,1,1,0,1,1
26728489,,0,0.000049,184,0.000007,0,1,1,0,1,1
25906823,,0,0.000049,184,0.000007,0,1,1,0,1,1
25736492,,0,0.000049,184,0.000007,0,1,1,0,1,1
25729417,,0,0.000049,184,0.000007,0,2,2,0,2,2
25595540,,0,0.000049,184,0.000007,0,1,1,0,1,1
25191024,,0,0.000049,184,0.000007,0,1,1,0,1,1
24493387,,0,0.000049,184,0.000007,0,1,1,0,1,1
24453520,,0,0.000049,184,0.000007,0,1,1,0,1,1
24065114,,0.000056,0.000114,89,0.00001,3,3,6,3,3,6
23562954,,0,0.000055,184,0.000007,0,2,2,0,2,2
23443918,,0,0.000049,184,0.000007,0,1,1,0,1,1
23415997,,0,0.000049,184,0.000007,0,1,1,0,1,1
22771027,,0,0.000049,184,0.000007,0,1,1,0,1,1
21869459,,0,0.000049,184,0.000007,0,1,1,0,1,1
21573682,,0,0.000049,184,0.000007,0,1,1,0,1,1
21371704,,0,0.000049,184,0.000007,0,1,1,0,1,1
20876425,,0,0.000049,184,0.000007,0,1,1,0,1,1
27742670,,0.000011,0.000636,89,0.000028,5,7,12,5,7,12
25255803,,0,0.000136,5,0.000007,0,2,2,0,2,2
29983876,,0,0.000005,168,0.000007,0,1,1,0,1,1
26435754,,0,0.000005,168,0.000007,0,1,1,0,1,1
25426549,,0,0.000005,168,0.000007,0,1,1,0,1,1
24829459,,0,0.000033,168,0.000007,0,2,2,0,2,2
24699165,,0,0.000005,168,0.000007,0,1,1,0,1,1
24190968,,0,0.000005,168,0.000007,0,1,1,0,1,1
23897811,,0,0.000005,168,0.000007,0,1,1,0,1,1
22514348,,0,0.000005,168,0.000007,0,1,1,0,1,1
22009750,,0,0.000005,168,0.000007,0,1,1,0,1,1
21076392,,0,0.000015,168,0.000007,0,2,2,0,2,2
20534121,,0,0.000005,168,0.000007,0,1,1,0,1,1
23637769,,0,0.000012,100,0.000007,0,1,1,0,1,1
29367763,,0,0.000004,57,0.000007,0,2,2,0,2,2
19996304,,0.000028,0,57,0.000072,16,0,16,16,0,16
28341852,,0,0.000001,57,0.000007,0,1,1,0,1,1
25375782,,0,0.000001,57,0.000007,0,1,1,0,1,1
24729878,,0,0.000001,57,0.000007,0,1,1,0,1,1
24047897,,0,0.000239,57,0.000007,0,3,3,0,3,3
22577152,,0,0.000001,57,0.000007,0,1,1,0,1,1
22508985,,0,0.000001,57,0.000007,0,1,1,0,1,1
22272226,,0,0.000001,57,0.000007,0,1,1,0,1,1
21920360,,0,0.000001,57,0.000007,0,1,1,0,1,1
19996729,,0.000103,0,90,0.000043,8,0,8,8,0,8
25929909,,0,0.000002,90,0.000007,0,1,1,0,1,1
25045413,,0,0.000002,90,0.000007,0,1,1,0,1,1
24596658,,0,0.000002,90,0.000007,0,1,1,0,1,1
24374812,,0,0.000005,90,0.000007,0,2,2,0,2,2
23904847,,0,0.000002,90,0.000007,0,1,1,0,1,1
21120206,,0,0.000002,90,0.000007,0,1,1,0,1,1
20002453,,0.000146,0,35,0.000012,2,0,2,2,0,2
21317816,,0,0.000003,35,0.000007,0,2,2,0,2,2
30282933,,0,0.000465,100,0.000007,0,3,3,0,3,3
25538733,,0,0.000059,231,0.000007,0,2,2,0,2,2
23389043,,0,0.000045,231,0.000007,0,1,1,0,1,1
21799931,,0,0.000045,231,0.000007,0,1,1,0,1,1
21779455,,0,0.000045,231,0.000007,0,1,1,0,1,1
21363882,,0,0.000045,231,0.000007,0,1,1,0,1,1
29023530,,0,0.000012,231,0.000007,0,1,1,0,1,1
26452166,,0,0.000013,89,0.000007,0,2,2,0,2,2
24069272,,0,0.000012,231,0.000007,0,1,1,0,1,1
20332777,,0,0.000012,231,0.000007,0,1,1,0,1,1
30365520,,0,0.000013,176,0.000007,0,1,1,0,1,1
30337534,,0,0.000013,176,0.000007,0,1,1,0,1,1
30247807,,0,0.000013,176,0.000007,0,1,1,0,1,1
30089114,,0,0.000013,176,0.000007,0,1,1,0,1,1
30012561,,0,0.000013,176,0.000007,0,1,1,0,1,1
29569072,,0,0.000013,176,0.000007,0,1,1,0,1,1
29522205,,0,0.000013,176,0.000007,0,1,1,0,1,1
29432128,,0,0.000013,176,0.000007,0,1,1,0,1,1
28980861,,0,0.000013,176,0.000007,0,1,1,0,1,1
28928274,,0,0.000013,176,0.000007,0,1,1,0,1,1
28819127,,0,0.000013,176,0.000007,0,1,1,0,1,1
28816574,,0,0.000013,176,0.000007,0,1,1,0,1,1
27974707,,0,0.000013,176,0.000007,0,1,1,0,1,1
27794026,,0,0.000013,176,0.000007,0,1,1,0,1,1
27632168,,0,0.000013,176,0.000007,0,1,1,0,1,1
27401552,,0,0.000013,176,0.000007,0,2,2,0,2,2
27377247,,0,0.000013,176,0.000007,0,1,1,0,1,1
27052173,,0,0.000013,176,0.000007,0,1,1,0,1,1
26975376,,0,0.000013,176,0.000007,0,1,1,0,1,1
26960795,,0,0.000013,176,0.000007,0,1,1,0,1,1
26106139,,0,0.000219,176,0.000007,0,2,2,0,2,2
26106138,,0,0.000013,35,0.000007,0,2,2,0,2,2
25788983,,0,0.000013,176,0.000007,0,1,1,0,1,1
25298518,,0,0.000013,176,0.000007,0,1,1,0,1,1
25183013,,0,0.000013,176,0.000007,0,1,1,0,1,1
25128498,,0,0.000013,176,0.000007,0,1,1,0,1,1
24662969,,0,0.000013,176,0.000007,0,1,1,0,1,1
24483936,,0,0.000013,176,0.000007,0,1,1,0,1,1
24327602,,0,0.000013,176,0.000007,0,1,1,0,1,1
23300376,,0,0.000013,176,0.000007,0,1,1,0,1,1
23028377,,0,0.000013,176,0.000007,0,1,1,0,1,1
22973193,,0,0.000013,176,0.000007,0,2,2,0,2,2
22723125,,0,0.000013,176,0.000007,0,1,1,0,1,1
22445183,,0,0.000013,176,0.000007,0,1,1,0,1,1
22318235,,0,0.000013,176,0.000007,0,1,1,0,1,1
22016797,,0,0.000013,176,0.000007,0,1,1,0,1,1
21980305,,0,0.000013,176,0.000007,0,1,1,0,1,1
21664133,,0,0.000013,176,0.000007,0,1,1,0,1,1
21484447,,0,0.000031,176,0.000007,0,2,2,0,2,2
21070971,,0,0.000013,176,0.000007,0,1,1,0,1,1
21070970,,0,0.000013,176,0.000007,0,1,1,0,1,1
20160010,,0,0.000013,176,0.000007,0,1,1,0,1,1
23346221,,0,0,140,0.000007,0,1,1,0,1,1
20003447,,0,0,140,0.000028,4,0,4,4,0,4
22733267,,0,0,140,0.000007,0,1,1,0,1,1
22174377,,0,0,140,0.000007,0,1,1,0,1,1
26137537,,0,0,200,0.000007,0,1,1,0,1,1
20005213,,0,0,200,0.000025,3,0,3,3,0,3
23861794,,0,0,200,0.000007,0,1,1,0,1,1
22148260,,0,0,200,0.000007,0,1,1,0,1,1
29731640,,0,0.000303,35,0.000007,0,3,3,0,3,3
28522832,,0,0.000031,72,0.000007,0,2,2,0,2,2
21911497,,0,0.000028,100,0.000007,0,1,1,0,1,1
21536653,,0,0.000028,100,0.000007,0,1,1,0,1,1
20008623,,0.003112,0,5,0.000037,27,0,27,27,0,27
30237851,,0,0.001107,5,0.000007,0,10,10,0,10,10
21586496,,0,0.000061,5,0.000007,0,2,2,0,2,2
26909474,,0,0.003001,1,0.000007,0,7,7,0,7,7
20008634,,0.001614,0,1,0.000011,6,0,6,6,0,6
30498279,,0,0.001173,1,0.000007,0,12,12,0,12,12
20008645,,0.035112,0,1,0.000267,122,0,122,122,0,122
29721485,,0,0.001658,35,0.000007,0,4,4,0,4,4
29719582,,0,0.00161,1,0.000007,0,8,8,0,8,8
29238206,,0,0.001821,1,0.000007,0,5,5,0,5,5
28929039,,0,0.001088,1,0.000007,0,3,3,0,3,3
28700784,,0,0.00132,1,0.000007,0,6,6,0,6,6
28031932,,0,0.001671,1,0.000007,0,4,4,0,4,4
27583027,,0,0.007454,1,0.000007,0,6,6,0,6,6
27310713,,0.003659,0.001931,35,0.000213,76,3,79,76,3,79
27145269,,0,0.00069,1,0.000007,0,2,2,0,2,2
25928813,,0,0.004868,1,0.000007,0,6,6,0,6,6
25096233,,0,0.00067,1,0.000007,0,1,1,0,1,1
24948974,,0,0.00067,1,0.000007,0,1,1,0,1,1
24803900,,0,0.00067,1,0.000007,0,1,1,0,1,1
22662005,,0.001107,0.000874,1,0.000034,7,3,10,7,3,10
21709140,,0,0.005088,1,0.000007,0,3,3,0,3,3
29317520,,0,0.000041,100,0.000007,0,1,1,0,1,1
26628370,,0,0.000041,100,0.000007,0,1,1,0,1,1
26485718,,0,0.00008,100,0.000007,0,2,2,0,2,2
25016281,,0,0.000041,100,0.000007,0,1,1,0,1,1
23858098,,0,0.002616,100,0.000007,0,4,4,0,4,4
23109886,,0,0.000041,100,0.000007,0,1,1,0,1,1
22750893,,0,0.000004,5,0.000007,0,1,1,0,1,1
22515423,,0,0.000004,5,0.000007,0,1,1,0,1,1
21699725,,0,0.000004,5,0.000007,0,1,1,0,1,1
20014426,,0.000005,0,35,0.000009,1,0,1,1,0,1
30075142,,0,0.00028,100,0.000007,0,2,2,0,2,2
20016594,,0.011677,0,100,0.00059,171,0,171,171,0,171
29942033,,0,0.000223,100,0.000007,0,1,1,0,1,1
29855336,,0,0.000223,100,0.000007,0,1,1,0,1,1
29535729,,0,0.000271,100,0.000007,0,4,4,0,4,4
29484374,,0,0.00028,100,0.000007,0,2,2,0,2,2
29234018,,0,0.00062,100,0.000007,0,2,2,0,2,2
28330929,,0,0.000223,100,0.000007,0,1,1,0,1,1
27811911,,0,0.000223,100,0.000007,0,1,1,0,1,1
27618787,,0,0.000223,100,0.000007,0,1,1,0,1,1
27239040,,0,0.000223,100,0.000007,0,1,1,0,1,1
27237320,,0,0.000223,100,0.000007,0,1,1,0,1,1
27220963,,0,0.000231,90,0.000007,0,2,2,0,2,2
27185577,,0,0.000437,100,0.000007,0,2,2,0,2,2
27148359,,0,0.002561,100,0.000007,0,11,11,0,11,11
27128446,,0,0.000223,100,0.000007,0,1,1,0,1,1
26937035,,0,0.000223,100,0.000007,0,1,1,0,1,1
26927199,,0,0.000302,100,0.000007,0,3,3,0,3,3
26854664,,0,0.000223,100,0.000007,0,1,1,0,1,1
26787556,,0,0.000223,100,0.000007,0,1,1,0,1,1
26565033,,0,0.000223,100,0.000007,0,1,1,0,1,1
26563097,,0,0.000223,100,0.000007,0,1,1,0,1,1
26476082,,0,0.000223,100,0.000007,0,1,1,0,1,1
26253534,,0,0.000223,100,0.000007,0,1,1,0,1,1
26161387,,0,0.000241,100,0.000007,0,2,2,0,2,2
25819793,,0,0.000227,100,0.000007,0,2,2,0,2,2
25780724,,0,0.000223,100,0.000007,0,1,1,0,1,1
25772364,,0,0.000223,100,0.000007,0,1,1,0,1,1
25614517,,0,0.000223,100,0.000007,0,1,1,0,1,1
25569253,,0,0.000223,100,0.000007,0,1,1,0,1,1
25533185,,0,0.000494,100,0.000007,0,3,3,0,3,3
25527524,,0,0.000223,100,0.000007,0,1,1,0,1,1
25428262,,0,0.000254,100,0.000007,0,2,2,0,2,2
25410875,,0,0.000223,100,0.000007,0,1,1,0,1,1
25218447,,0,0.000223,100,0.000007,0,1,1,0,1,1
25054092,,0,0.000223,100,0.000007,0,1,1,0,1,1
24990965,,0,0.000829,100,0.000007,0,4,4,0,4,4
24926426,,0,0.000241,100,0.000007,0,2,2,0,2,2
24907272,,0,0.00028,100,0.000007,0,2,2,0,2,2
24874471,,0,0.007658,69,0.000007,0,2,2,0,2,2
24782567,,0,0.000223,100,0.000007,0,1,1,0,1,1
24753409,,0,0.000223,100,0.000007,0,1,1,0,1,1
24667376,,0,0.000496,35,0.000007,0,4,4,0,4,4
24362530,,0,0.000223,100,0.000007,0,1,1,0,1,1
24265825,,0,0.000223,100,0.000007,0,1,1,0,1,1
23673635,,0,0.000307,100,0.000007,0,2,2,0,2,2
23443663,,0,0.000223,100,0.000007,0,1,1,0,1,1
23328396,,0,0.000223,100,0.000007,0,1,1,0,1,1
23240041,,0,0.000223,100,0.000007,0,1,1,0,1,1
22825850,,0,0.000223,100,0.000007,0,1,1,0,1,1
22751435,,0,0.000223,100,0.000007,0,1,1,0,1,1
22740413,,0,0.000223,100,0.000007,0,1,1,0,1,1
22730331,,0,0.000325,100,0.000007,0,3,3,0,3,3
22506000,,0,0.000223,100,0.000007,0,1,1,0,1,1
22467880,,0,0.000223,100,0.000007,0,1,1,0,1,1
22435563,,0,0.000223,100,0.000007,0,1,1,0,1,1
22398289,,0,0.000223,100,0.000007,0,1,1,0,1,1
22355446,,0,0.000223,100,0.000007,0,1,1,0,1,1
22285753,,0,0.000223,100,0.000007,0,1,1,0,1,1
22134137,,0,0.000223,100,0.000007,0,1,1,0,1,1
21949651,,0,0.000223,100,0.000007,0,1,1,0,1,1
21892412,,0,0.000241,100,0.000007,0,2,2,0,2,2
21811412,,0,0.000223,100,0.000007,0,1,1,0,1,1
21779533,,0,0.000223,100,0.000007,0,1,1,0,1,1
21779164,,0,0.000223,100,0.000007,0,1,1,0,1,1
21777808,,0,0.000223,100,0.000007,0,1,1,0,1,1
21489773,,0,0.000223,100,0.000007,0,1,1,0,1,1
21187855,,0,0.000223,100,0.000007,0,1,1,0,1,1
21183956,,0,0.000223,100,0.000007,0,1,1,0,1,1
20798343,,0,0.000223,100,0.000007,0,1,1,0,1,1
20695451,,0,0.000223,100,0.000007,0,1,1,0,1,1
20596523,,0,0.00024,100,0.000007,0,2,2,0,2,2
20416113,,0,0.000223,100,0.000007,0,1,1,0,1,1
23103111,,0,0.000105,140,0.000007,0,2,2,0,2,2
20027114,,0.000153,0,5,0.000009,4,0,4,4,0,4
30297887,,0,0.001925,100,0.000007,0,2,2,0,2,2
29505847,,0,0.000531,100,0.000007,0,1,1,0,1,1
29427302,,0,0.000745,100,0.000007,0,2,2,0,2,2
29386061,,0,0.000531,100,0.000007,0,1,1,0,1,1
27503537,,0,0.000992,100,0.000007,0,6,6,0,6,6
26703751,,0,0.000531,100,0.000007,0,1,1,0,1,1
26658330,,0,0.000615,100,0.000007,0,2,2,0,2,2
26432751,,0,0.000608,100,0.000007,0,5,5,0,5,5
25593194,,0,0.000531,100,0.000007,0,1,1,0,1,1
25449133,,0,0.000531,100,0.000007,0,1,1,0,1,1
23730541,,0,0.000621,100,0.000007,0,2,2,0,2,2
23163351,,0,0.000669,140,0.000007,0,4,4,0,4,4
23151140,,0,0.001502,100,0.000007,0,3,3,0,3,3
22729469,,0,0.000531,100,0.000007,0,1,1,0,1,1
21118815,,0,0.000531,100,0.000007,0,1,1,0,1,1
20847938,,0,0.000531,100,0.000007,0,1,1,0,1,1
20571494,,0,0.000531,100,0.000007,0,1,1,0,1,1
29225997,,0,0.000058,5,0.000007,0,2,2,0,2,2
20030654,,0.000434,0,5,0.000019,8,0,8,8,0,8
29796160,,0,0,247,0.000007,0,1,1,0,1,1
20032382,,0,0,247,0.000025,4,0,4,4,0,4
25531179,,0,0,247,0.000007,0,1,1,0,1,1
25333414,,0,0.000014,247,0.000007,0,2,2,0,2,2
20033769,,0.002444,0,5,0.000015,13,0,13,13,0,13
30191019,,0,0.000002,100,0.000007,0,1,1,0,1,1
20035718,,0.00008,0,100,0.000041,8,0,8,8,0,8
29568237,,0,0.000002,100,0.000007,0,1,1,0,1,1
27733185,,0,0.000002,100,0.000007,0,1,1,0,1,1
23122428,,0,0.000002,100,0.000007,0,1,1,0,1,1
22278598,,0,0.000002,100,0.000007,0,1,1,0,1,1
25723869,,0,0.000005,100,0.000007,0,1,1,0,1,1
23759587,,0,0.000005,100,0.000007,0,1,1,0,1,1
21258211,,0,0.000005,100,0.000007,0,1,1,0,1,1
29670170,,0,0.000029,201,0.000007,0,1,1,0,1,1
20040518,,0.001502,0,201,0.000063,12,0,12,12,0,12
28768733,,0,0.000029,201,0.000007,0,1,1,0,1,1
28723232,,0,0.000029,201,0.000007,0,1,1,0,1,1
28240251,,0,0.000029,201,0.000007,0,1,1,0,1,1
25820252,,0,0.000029,201,0.000007,0,1,1,0,1,1
24821838,,0,0.000029,201,0.000007,0,1,1,0,1,1
24064794,,0,0.000029,201,0.000007,0,1,1,0,1,1
23166733,,0,0.000029,201,0.000007,0,1,1,0,1,1
21784501,,0,0.000029,201,0.000007,0,1,1,0,1,1
20041308,,0.000009,0,367,0.000009,2,0,2,2,0,2
24222860,,0,0,202,0.000007,0,1,1,0,1,1
20043088,,0,0,202,0.000019,2,0,2,2,0,2
22554381,,0,0,202,0.000007,0,1,1,0,1,1
26531824,,0,0,24,0.000007,0,1,1,0,1,1
20044377,,0.000002,0,24,0.000031,5,0,5,5,0,5
26316946,,0,0,24,0.000007,0,1,1,0,1,1
22977580,,0,0,24,0.000007,0,1,1,0,1,1
23442305,,0,0.000178,89,0.000007,0,2,2,0,2,2
20046159,,0.000003,0,89,0.000016,2,0,2,2,0,2
22262979,,0,0,89,0.000007,0,1,1,0,1,1
27538791,,0,0.000447,69,0.000007,0,3,3,0,3,3
30349406,,0,0.000001,24,0.000007,0,1,1,0,1,1
30333887,,0,0.000001,24,0.000007,0,1,1,0,1,1
30323681,,0,0.000001,24,0.000007,0,1,1,0,1,1
30313031,,0,0.000001,24,0.000007,0,1,1,0,1,1
29784675,,0,0.000001,24,0.000007,0,1,1,0,1,1
29568088,,0,0.000001,279,0.000007,0,2,2,0,2,2
29541242,,0,0.000001,24,0.000007,0,1,1,0,1,1
29137250,,0,0.000001,24,0.000007,0,1,1,0,1,1
28859099,,0,0.000001,24,0.000007,0,1,1,0,1,1
28588720,,0,0.000049,1,0.000007,0,2,2,0,2,2
28569418,,0,0.000001,24,0.000007,0,1,1,0,1,1
28507311,,0,0.000001,24,0.000007,0,1,1,0,1,1
28210123,,0,0.000001,24,0.000007,0,1,1,0,1,1
28210120,,0,0.000001,24,0.000007,0,1,1,0,1,1
28149564,,0,0.000001,24,0.000007,0,1,1,0,1,1
27730151,,0,0.000001,24,0.000007,0,1,1,0,1,1
27652206,,0,0.000001,24,0.000007,0,1,1,0,1,1
27499032,,0,0.000001,24,0.000007,0,1,1,0,1,1
27489122,,0,0.000001,24,0.000007,0,1,1,0,1,1
27456853,,0,0.000001,24,0.000007,0,1,1,0,1,1
27403196,,0,0.000001,24,0.000007,0,1,1,0,1,1
27247551,,0,0.000001,24,0.000007,0,1,1,0,1,1
26989074,,0,0.000001,24,0.000007,0,1,1,0,1,1
26959116,,0,0.000001,24,0.000007,0,1,1,0,1,1
26883469,,0,0.000001,24,0.000007,0,1,1,0,1,1
26870274,,0,0.000002,24,0.000007,0,2,2,0,2,2
26544726,,0,0.000001,24,0.000007,0,1,1,0,1,1
26318634,,0,0.000001,24,0.000007,0,1,1,0,1,1
26220992,,0,0.000001,24,0.000007,0,1,1,0,1,1
26191202,,0,0.000001,24,0.000007,0,1,1,0,1,1
26150729,,0,0.000001,24,0.000007,0,1,1,0,1,1
26088427,,0,0.000001,24,0.000007,0,1,1,0,1,1
26020124,,0,0.000001,24,0.000007,0,1,1,0,1,1
25888721,,0,0.000001,24,0.000007,0,1,1,0,1,1
25815777,,0,0.000001,24,0.000007,0,1,1,0,1,1
25657335,,0,0.000001,24,0.000007,0,1,1,0,1,1
25316614,,0,0.00001,247,0.000007,0,2,2,0,2,2
25089627,,0,0.000001,24,0.000007,0,1,1,0,1,1
25013503,,0,0.000001,24,0.000007,0,1,1,0,1,1
24792335,,0,0.000001,24,0.000007,0,1,1,0,1,1
24401732,,0,0.000049,1,0.000007,0,2,2,0,2,2
24321314,,0,0.000001,24,0.000007,0,1,1,0,1,1
24138815,,0,0.000001,24,0.000007,0,1,1,0,1,1
23881648,,0,0.000001,24,0.000007,0,1,1,0,1,1
23587187,,0,0.000001,24,0.000007,0,1,1,0,1,1
22891266,,0,0.000001,24,0.000007,0,1,1,0,1,1
22792123,,0,0.000001,24,0.000007,0,1,1,0,1,1
22068661,,0,0.000001,24,0.000007,0,1,1,0,1,1
21081657,,0,0.000001,24,0.000007,0,1,1,0,1,1
20884628,,0,0.000001,24,0.000007,0,1,1,0,1,1
20881640,,0,0.000001,24,0.000007,0,1,1,0,1,1
29741670,,0,0.000003,90,0.000007,0,1,1,0,1,1
29501589,,0,0.000003,90,0.000007,0,1,1,0,1,1
28527916,,0,0.000003,90,0.000007,0,1,1,0,1,1
28438148,,0,0.000003,90,0.000007,0,1,1,0,1,1
28327540,,0,0.000007,90,0.000007,0,2,2,0,2,2
27510461,,0,0.000003,90,0.000007,0,1,1,0,1,1
27037269,,0,0.000003,90,0.000007,0,1,1,0,1,1
26962057,,0,0.000003,90,0.000007,0,1,1,0,1,1
26688266,,0,0.000003,90,0.000007,0,1,1,0,1,1
26449855,,0,0.000003,90,0.000007,0,1,1,0,1,1
26006730,,0,0.000003,90,0.000007,0,1,1,0,1,1
25771535,,0,0.000003,90,0.000007,0,1,1,0,1,1
25760782,,0,0.000003,90,0.000007,0,1,1,0,1,1
25343777,,0,0.000003,90,0.000007,0,1,1,0,1,1
25272057,,0,0.000003,90,0.000007,0,1,1,0,1,1
24633137,,0,0.000003,90,0.000007,0,1,1,0,1,1
24531129,,0,0.000003,90,0.000007,0,1,1,0,1,1
24465620,,0,0.007439,90,0.000007,0,2,2,0,2,2
24376830,,0,0.000003,90,0.000007,0,1,1,0,1,1
24298354,,0,0.000003,90,0.000007,0,1,1,0,1,1
24169490,,0,0.000003,90,0.000007,0,1,1,0,1,1
23941782,,0,0.000003,90,0.000007,0,1,1,0,1,1
23894635,,0,0.000003,90,0.000007,0,1,1,0,1,1
23811327,,0,0.000003,90,0.000007,0,1,1,0,1,1
23687063,,0,0.000003,90,0.000007,0,1,1,0,1,1
23459232,,0,0.000003,90,0.000007,0,1,1,0,1,1
22991565,,0,0.000003,82,0.000007,0,2,2,0,2,2
22527162,,0,0.000003,90,0.000007,0,1,1,0,1,1
22472887,,0,0.000003,90,0.000007,0,1,1,0,1,1
22098917,,0,0.000003,90,0.000007,0,1,1,0,1,1
22011395,,0,0.000003,90,0.000007,0,1,1,0,1,1
21984483,,0,0.000003,90,0.000007,0,1,1,0,1,1
21377949,,0,0.000003,90,0.000007,0,1,1,0,1,1
21327468,,0,0.000003,90,0.000007,0,1,1,0,1,1
21071816,,0,0.000003,90,0.000007,0,1,1,0,1,1
20525538,,0,0.000003,90,0.000007,0,1,1,0,1,1
22937159,,0,0.000076,1,0.000007,0,2,2,0,2,2
30266800,,0,0.001318,1,0.000007,0,1,1,0,1,1
30200539,,0,0.002681,1,0.000007,0,7,7,0,7,7
29921876,,0,0.001318,1,0.000007,0,1,1,0,1,1
29527223,,0,0.001318,1,0.000007,0,1,1,0,1,1
29511362,,0,0.001318,1,0.000007,0,1,1,0,1,1
29274141,,0,0.005979,1,0.000007,0,19,19,0,19,19
29108454,,0,0.001318,1,0.000007,0,1,1,0,1,1
27899992,,0.000014,0.008812,69,0.000009,1,3,4,1,3,4
27160857,,0,0.001318,1,0.000007,0,1,1,0,1,1
26987799,,0,0.005431,1,0.000007,0,10,10,0,10,10
26936394,,0,0.003419,1,0.000007,0,5,5,0,5,5
26816739,,0,0.00143,89,0.000007,0,2,2,0,2,2
26544897,,0,0.001318,1,0.000007,0,1,1,0,1,1
26059434,,0,0.001318,1,0.000007,0,1,1,0,1,1
25946202,,0,0.001318,1,0.000007,0,1,1,0,1,1
25892236,,0,0.001464,1,0.000007,0,2,2,0,2,2
25887099,,0,0.008754,69,0.000007,0,2,2,0,2,2
25806236,,0,0.00134,24,0.000007,0,2,2,0,2,2
25763354,,0,0.001319,35,0.000007,0,2,2,0,2,2
25443274,,0,0.001428,232,0.000007,0,2,2,0,2,2
25143530,,0,0.001318,1,0.000007,0,1,1,0,1,1
24866151,,0,0.001917,1,0.000007,0,2,2,0,2,2
24349107,,0,0.001524,1,0.000007,0,2,2,0,2,2
24212927,,0,0.001318,1,0.000007,0,1,1,0,1,1
23740600,,0,0.001651,1,0.000007,0,2,2,0,2,2
23271352,,0,0.001656,1,0.000007,0,2,2,0,2,2
22184287,,0,0.008037,1,0.000007,0,3,3,0,3,3
22179663,,0,0.001569,1,0.000007,0,2,2,0,2,2
22040803,,0,0.001318,1,0.000007,0,1,1,0,1,1
21335596,,0,0.001318,1,0.000007,0,1,1,0,1,1
30477310,,0,0.000009,108,0.000007,0,2,2,0,2,2
20050373,,0.000062,0,108,0.000167,31,0,31,31,0,31
29844288,,0,0.000001,108,0.000007,0,1,1,0,1,1
29186898,,0,0.000001,108,0.000007,0,1,1,0,1,1
28966733,,0,0.000001,108,0.000007,0,1,1,0,1,1
28878191,,0,0.000001,108,0.000007,0,1,1,0,1,1
28706222,,0,0.000001,108,0.000007,0,1,1,0,1,1
28567065,,0,0.000001,108,0.000007,0,1,1,0,1,1
28151704,,0,0.000001,108,0.000007,0,1,1,0,1,1
27660402,,0,0.000001,108,0.000007,0,1,1,0,1,1
26962114,,0,0.000001,108,0.000007,0,1,1,0,1,1
26753996,,0,0.000001,108,0.000007,0,1,1,0,1,1
26292662,,0,0.000001,108,0.000007,0,1,1,0,1,1
25642238,,0,0.000001,108,0.000007,0,1,1,0,1,1
25587174,,0,0.000001,108,0.000007,0,1,1,0,1,1
25310649,,0,0.000001,108,0.000007,0,1,1,0,1,1
24668754,,0,0.000001,108,0.000007,0,1,1,0,1,1
23528889,,0,0.000001,108,0.000007,0,1,1,0,1,1
23002080,,0,0.000001,108,0.000007,0,1,1,0,1,1
22894052,,0,0.000001,108,0.000007,0,1,1,0,1,1
22652455,,0,0.000001,108,0.000007,0,1,1,0,1,1
22582905,,0,0.000001,108,0.000007,0,1,1,0,1,1
21778461,,0,0.000001,108,0.000007,0,1,1,0,1,1
21757639,,0,0.000001,108,0.000007,0,1,1,0,1,1
21358970,,0,0.000001,108,0.000007,0,1,1,0,1,1
20051368,,0.000197,0,41,0.000012,2,0,2,2,0,2
21311097,,0,0.00004,41,0.000007,0,2,2,0,2,2
27862655,,0,0.000228,41,0.000007,0,3,3,0,3,3
27682873,,0,0.000037,69,0.000007,0,1,1,0,1,1
26017022,,0,0.000037,69,0.000007,0,1,1,0,1,1
21411865,,0,0.000037,69,0.000007,0,1,1,0,1,1
20054644,,0.000413,0,231,0.000021,10,0,10,10,0,10
21423218,,0,0.000008,231,0.000007,0,1,1,0,1,1
20056647,,0.000039,0,279,0.000018,6,0,6,6,0,6
21505562,,0,0.000001,279,0.000007,0,1,1,0,1,1
20059483,,0.001288,0,5,0.000027,19,0,19,19,0,19
29687178,,0,0.000058,5,0.000007,0,4,4,0,4,4
20060929,,0.001253,0,100,0.000028,11,0,11,11,0,11
29801061,,0,0.000018,5,0.000007,0,1,1,0,1,1
28442450,,0,0.000035,5,0.000007,0,2,2,0,2,2
28191505,,0,0.000018,5,0.000007,0,1,1,0,1,1
26774790,,0,0.000018,5,0.000007,0,1,1,0,1,1
26660317,,0,0.000062,5,0.000007,0,3,3,0,3,3
25320901,,0,0.000018,5,0.000007,0,1,1,0,1,1
24080971,,0,0.000018,5,0.000007,0,1,1,0,1,1
20063075,,0.000341,0,41,0.000037,8,0,8,8,0,8
21316044,,0,0.000007,41,0.000007,0,1,1,0,1,1
25068892,,0,0.00005,100,0.000007,0,1,1,0,1,1
24234445,,0,0.00005,100,0.000007,0,1,1,0,1,1
23202967,,0,0.00005,100,0.000007,0,1,1,0,1,1
22252557,,0,0.00005,100,0.000007,0,1,1,0,1,1
28994273,,0,0,35,0.000007,0,1,1,0,1,1
22011321,,0,0,35,0.000007,0,1,1,0,1,1
20073617,,0.001101,0,35,0.000024,9,0,9,9,0,9
24457910,,0,0.00046,35,0.000007,0,6,6,0,6,6
26223632,,0,0.000018,100,0.000007,0,1,1,0,1,1
20074042,,0.000948,0,100,0.000052,16,0,16,16,0,16
24794401,,0,0.000124,100,0.000007,0,2,2,0,2,2
23750026,,0,0.000018,100,0.000007,0,1,1,0,1,1
22354964,,0,0.000018,100,0.000007,0,1,1,0,1,1
22188921,,0,0.000039,241,0.000007,0,2,2,0,2,2
27594091,,0,0.000008,279,0.000007,0,1,1,0,1,1
25057429,,0,0.000008,279,0.000007,0,1,1,0,1,1
24386364,,0,0.000008,279,0.000007,0,1,1,0,1,1
24285542,,0,0.000008,279,0.000007,0,1,1,0,1,1
22910912,,0,0.000008,279,0.000007,0,1,1,0,1,1
20077502,,0.00293,0,205,0.000054,21,0,21,21,0,21
26689995,,0,0.000056,205,0.000007,0,1,1,0,1,1
21045073,,0,0.000056,205,0.000007,0,1,1,0,1,1
29954406,,0,0.000042,69,0.000007,0,1,1,0,1,1
20083225,,0.002212,0,69,0.00023,50,0,50,50,0,50
29660014,,0,0.000042,69,0.000007,0,1,1,0,1,1
29416005,,0,0.000042,69,0.000007,0,1,1,0,1,1
29163713,,0,0.000042,69,0.000007,0,1,1,0,1,1
28693127,,0,0.000042,69,0.000007,0,1,1,0,1,1
28500171,,0,0.000042,69,0.000007,0,1,1,0,1,1
27835595,,0,0.000058,69,0.000007,0,2,2,0,2,2
26918603,,0,0.000042,69,0.000007,0,1,1,0,1,1
26917013,,0,0.000053,69,0.000007,0,2,2,0,2,2
26636340,,0,0.000042,69,0.000007,0,1,1,0,1,1
26576679,,0,0.000042,69,0.000007,0,1,1,0,1,1
26218285,,0,0.000042,69,0.000007,0,1,1,0,1,1
26152689,,0,0.000042,69,0.000007,0,1,1,0,1,1
25889892,,0,0.000042,69,0.000007,0,1,1,0,1,1
25361207,,0,0.000042,69,0.000007,0,1,1,0,1,1
25299770,,0,0.000042,69,0.000007,0,1,1,0,1,1
25150550,,0,0.000042,69,0.000007,0,1,1,0,1,1
24952592,,0,0.007478,69,0.000007,0,2,2,0,2,2
24659709,,0,0.007487,69,0.000007,0,3,3,0,3,3
24379986,,0,0.000042,69,0.000007,0,1,1,0,1,1
24205503,,0,0.000042,69,0.000007,0,1,1,0,1,1
24152442,,0,0.000042,69,0.000007,0,1,1,0,1,1
23902592,,0,0.000042,69,0.000007,0,1,1,0,1,1
23627607,,0,0.000042,69,0.000007,0,1,1,0,1,1
23509802,,0,0.000042,69,0.000007,0,1,1,0,1,1
23418673,,0,0.007478,69,0.000007,0,2,2,0,2,2
23394580,,0,0.000042,69,0.000007,0,1,1,0,1,1
23293749,,0,0.000042,69,0.000007,0,1,1,0,1,1
23187003,,0,0.000042,69,0.000007,0,1,1,0,1,1
23171809,,0,0.000042,69,0.000007,0,1,1,0,1,1
22246341,,0,0.000042,69,0.000007,0,1,1,0,1,1
22206861,,0,0.000042,69,0.000007,0,1,1,0,1,1
22139083,,0,0.000096,72,0.000007,0,5,5,0,5,5
22068836,,0,0.000042,69,0.000007,0,1,1,0,1,1
21459799,,0,0.000042,69,0.000007,0,1,1,0,1,1
20815877,,0,0.000042,69,0.000007,0,1,1,0,1,1
20385023,,0,0.000042,69,0.000007,0,1,1,0,1,1
27347153,,0,0.000156,100,0.000007,0,3,3,0,3,3
24942865,,0,0.000032,100,0.000007,0,1,1,0,1,1
20088375,,0.000027,0,89,0.000007,1,0,1,1,0,1
20090358,,0.000239,0,5,0.000014,7,0,7,7,0,7
21822532,,0,0,100,0.000007,0,1,1,0,1,1
20091130,,0.000227,0,5,0.000008,3,0,3,3,0,3
20093589,,0.000533,0,5,0.000009,3,0,3,3,0,3
26452028,,0,0,203,0.000007,0,1,1,0,1,1
20099501,,0,0,203,0.000025,3,0,3,3,0,3
25018782,,0,0,203,0.000007,0,1,1,0,1,1
24281168,,0,0,203,0.000007,0,1,1,0,1,1
30208633,,0,0.001002,1,0.000007,0,1,1,0,1,1
30023590,,0,0.001002,1,0.000007,0,1,1,0,1,1
30023384,,0,0.001002,1,0.000007,0,1,1,0,1,1
29666142,,0,0.001808,1,0.000007,0,3,3,0,3,3
29606978,,0,0.001002,1,0.000007,0,1,1,0,1,1
29483583,,0,0.001098,35,0.000007,0,2,2,0,2,2
29452344,,0,0.002539,1,0.000007,0,6,6,0,6,6
29416986,,0,0.001215,1,0.000007,0,3,3,0,3,3
29134191,,0,0.001289,1,0.000007,0,3,3,0,3,3
28690648,,0,0.001002,1,0.000007,0,1,1,0,1,1
28574440,,0,0.001027,1,0.000007,0,4,4,0,4,4
28550065,,0,0.001332,1,0.000007,0,5,5,0,5,5
28255083,,0,0.001098,35,0.000007,0,2,2,0,2,2
28234911,,0,0.001002,1,0.000007,0,1,1,0,1,1
28189497,,0,0.001009,35,0.000007,0,2,2,0,2,2
27466496,,0,0.001202,1,0.000007,0,2,2,0,2,2
26752929,,0,0.001002,1,0.000007,0,1,1,0,1,1
26668628,,0,0.001002,1,0.000007,0,1,1,0,1,1
26637438,,0,0.001119,1,0.000007,0,3,3,0,3,3
26623062,,0,0.001002,1,0.000007,0,1,1,0,1,1
26588055,,0,0.001019,1,0.000007,0,2,2,0,2,2
26448751,,0,0.001002,1,0.000007,0,1,1,0,1,1
26384511,,0,0.001002,1,0.000007,0,1,1,0,1,1
26338199,,0,0.001222,35,0.000007,0,3,3,0,3,3
26146406,,0,0.001002,1,0.000007,0,1,1,0,1,1
25906045,,0,0.001961,1,0.000007,0,5,5,0,5,5
25722303,,0,0.001002,1,0.000007,0,1,1,0,1,1
25473433,,0,0.010694,1,0.000007,0,4,4,0,4,4
25400420,,0,0.001052,35,0.000007,0,2,2,0,2,2
25101563,,0,0.001002,1,0.000007,0,1,1,0,1,1
25051221,,0,0.001002,1,0.000007,0,1,1,0,1,1
25047707,,0,0.001036,35,0.000007,0,2,2,0,2,2
24889266,,0,0.001002,1,0.000007,0,1,1,0,1,1
24580837,,0,0.001002,1,0.000007,0,1,1,0,1,1
24564888,,0,0.001002,1,0.000007,0,1,1,0,1,1
23935846,,0,0.001002,1,0.000007,0,1,1,0,1,1
23819027,,0,0.001002,1,0.000007,0,1,1,0,1,1
23717600,,0,0.004685,1,0.000007,0,6,6,0,6,6
23323153,,0,0.003392,1,0.000007,0,2,2,0,2,2
22551440,,0,0.001002,1,0.000007,0,1,1,0,1,1
22319589,,0,0.001002,1,0.000007,0,1,1,0,1,1
22263038,,0,0.001002,1,0.000007,0,1,1,0,1,1
21784954,,0,0.001002,1,0.000007,0,1,1,0,1,1
21499685,,0,0.001002,1,0.000007,0,1,1,0,1,1
21270108,,0,0.001002,1,0.000007,0,1,1,0,1,1
26858310,,0,0.000588,1,0.000007,0,4,4,0,4,4
26623722,,0,0.000234,35,0.000007,0,3,3,0,3,3
23401855,,0,0.000197,140,0.000007,0,2,2,0,2,2
28216130,,0,0.000015,100,0.000007,0,1,1,0,1,1
22863767,,0,0.000015,100,0.000007,0,1,1,0,1,1
21646684,,0,0.000015,100,0.000007,0,1,1,0,1,1
24736632,,0,0.00003,231,0.000007,0,1,1,0,1,1
22573477,,0,0.00003,231,0.000007,0,1,1,0,1,1
28167661,,0,0,100,0.000007,0,1,1,0,1,1
25346790,,0,0,100,0.000007,0,1,1,0,1,1
24302766,,0,0,100,0.000007,0,1,1,0,1,1
22988245,,0,0,100,0.000007,0,1,1,0,1,1
20110118,,0.000035,0,69,0.000008,1,0,1,1,0,1
27171242,,0,0.000014,231,0.000007,0,2,2,0,2,2
27037420,,0,0.000011,231,0.000007,0,1,1,0,1,1
26818920,,0,0.000011,231,0.000007,0,1,1,0,1,1
22553503,,0,0.000011,231,0.000007,0,1,1,0,1,1
20606732,,0,0.000011,231,0.000007,0,1,1,0,1,1
20113845,,0.002071,0,1,0.000008,5,0,5,5,0,5
28830847,,0,0,204,0.000007,0,1,1,0,1,1
20119729,,0.000002,0,204,0.000067,11,0,11,11,0,11
28331727,,0,0,204,0.000007,0,1,1,0,1,1
26564004,,0,0,204,0.000007,0,1,1,0,1,1
26291517,,0,0,204,0.000007,0,1,1,0,1,1
25499596,,0,0,204,0.000007,0,1,1,0,1,1
25320626,,0,0,204,0.000007,0,1,1,0,1,1
22590440,,0,0,204,0.000007,0,1,1,0,1,1
22268171,,0,0,204,0.000007,0,1,1,0,1,1
21943463,,0,0,204,0.000007,0,1,1,0,1,1
27624329,,0,0.000761,100,0.000007,0,6,6,0,6,6
29339439,,0,0.001562,1,0.000007,0,4,4,0,4,4
28376230,,0,0.000432,140,0.000007,0,3,3,0,3,3
27844328,,0,0.000551,1,0.000007,0,2,2,0,2,2
25520331,,0,0.000393,1,0.000007,0,1,1,0,1,1
24927542,,0,0.000393,1,0.000007,0,1,1,0,1,1
23023712,,0,0.000393,1,0.000007,0,1,1,0,1,1
22485171,,0,0.000393,1,0.000007,0,1,1,0,1,1
21765465,,0,0.000393,1,0.000007,0,1,1,0,1,1
29552152,,0,0.000008,57,0.000007,0,1,1,0,1,1
20127252,,0.000415,0,57,0.000081,19,0,19,19,0,19
27366950,,0,0.000008,57,0.000007,0,1,1,0,1,1
27329590,,0,0.000008,57,0.000007,0,1,1,0,1,1
25654471,,0,0.000008,57,0.000007,0,1,1,0,1,1
25515040,,0,0.000008,57,0.000007,0,1,1,0,1,1
24486376,,0,0.000008,57,0.000007,0,1,1,0,1,1
23342266,,0,0.000008,57,0.000007,0,1,1,0,1,1
21731707,,0,0.000008,57,0.000007,0,1,1,0,1,1
20644899,,0,0.000008,57,0.000007,0,1,1,0,1,1
20127978,,0.002301,0,205,0.000156,29,0,29,29,0,29
27272187,,0,0.000044,205,0.000007,0,1,1,0,1,1
26729329,,0,0.000044,205,0.000007,0,1,1,0,1,1
26664327,,0,0.000314,205,0.000007,0,2,2,0,2,2
26351634,,0,0.000044,205,0.000007,0,1,1,0,1,1
25658027,,0,0.000066,89,0.000007,0,2,2,0,2,2
24763289,,0.003684,0.00134,205,0.000115,62,5,67,62,5,67
24689082,,0,0.00044,89,0.000007,0,7,7,0,7,7
24623370,,0,0.000044,205,0.000007,0,1,1,0,1,1
24461215,,0,0.000044,205,0.000007,0,1,1,0,1,1
24307375,,0,0.000044,205,0.000007,0,1,1,0,1,1
23451214,,0,0.000044,205,0.000007,0,1,1,0,1,1
23349334,,0,0.000044,205,0.000007,0,1,1,0,1,1
23205160,,0,0.000044,205,0.000007,0,1,1,0,1,1
21917492,,0,0.000044,205,0.000007,0,1,1,0,1,1
21738440,,0,0.000044,205,0.000007,0,1,1,0,1,1
21078986,,0,0.000044,205,0.000007,0,1,1,0,1,1
30082317,,0,0.000017,100,0.000007,0,1,1,0,1,1
20129245,,0.000897,0,100,0.000098,13,0,13,13,0,13
28246447,,0,0.000032,100,0.000007,0,2,2,0,2,2
27839712,,0,0.000107,100,0.000007,0,2,2,0,2,2
25991664,,0,0.000017,100,0.000007,0,1,1,0,1,1
25236368,,0,0.000017,100,0.000007,0,1,1,0,1,1
23426136,,0,0.000017,100,0.000007,0,1,1,0,1,1
22942423,,0,0.000017,100,0.000007,0,1,1,0,1,1
20504299,,0,0.000017,100,0.000007,0,1,1,0,1,1
23876209,,0,0.000001,5,0.000007,0,1,1,0,1,1
29502324,,0,0.000005,198,0.000007,0,1,1,0,1,1
22267690,,0,0.000005,198,0.000007,0,1,1,0,1,1
20131996,,0.000935,0,35,0.000038,16,0,16,16,0,16
25887527,,0,0.000052,35,0.000007,0,2,2,0,2,2
25349073,,0,0.000052,35,0.000007,0,2,2,0,2,2
28853973,,0,0.00024,1,0.000007,0,1,1,0,1,1
28471727,,0,0.001763,1,0.000007,0,5,5,0,5,5
27118653,,0,0.000839,1,0.000007,0,2,2,0,2,2
25806282,,0,0.006981,1,0.000007,0,4,4,0,4,4
25533949,,0,0.00024,1,0.000007,0,1,1,0,1,1
24916104,,0.00361,0.000573,1,0.000071,24,2,26,24,2,26
23482742,,0,0.00024,1,0.000007,0,1,1,0,1,1
22863036,,0,0.00024,1,0.000007,0,1,1,0,1,1
20134318,,0.001079,0,5,0.00002,8,0,8,8,0,8
20969754,,0.000009,0.000021,35,0.00001,1,1,2,1,1,2
28132393,,0,0.000037,89,0.000007,0,2,2,0,2,2
20135348,,0.001081,0,89,0.000012,10,0,10,10,0,10
20135363,,0.000354,0,279,0.000009,3,0,3,3,0,3
24137416,,0,0,35,0.000007,0,1,1,0,1,1
20140280,,0.000002,0,35,0.000018,3,0,3,3,0,3
20140526,,0.000036,0,5,0.000017,4,0,4,4,0,4
28462346,,0,0.000001,5,0.000007,0,1,1,0,1,1
23977244,,0,0.000019,231,0.000007,0,1,1,0,1,1
21104130,,0,0.000035,35,0.000007,0,2,2,0,2,2
20149041,,0.000003,0,5,0.000008,1,0,1,1,0,1
29783719,,0,0.000137,35,0.000007,0,1,1,0,1,1
25375116,,0,0.000028,5,0.000007,0,2,2,0,2,2
20151938,,0.000349,0,89,0.000008,2,0,2,2,0,2
20153682,,0,0,89,0.000009,1,0,1,1,0,1
30139876,,0,0.000007,72,0.000007,0,1,1,0,1,1
26673699,,0,0.000007,72,0.000007,0,1,1,0,1,1
26657080,,0,0.000007,72,0.000007,0,1,1,0,1,1
26378077,,0,0.000007,72,0.000007,0,1,1,0,1,1
25732823,,0,0.000007,72,0.000007,0,1,1,0,1,1
25422592,,0,0.000007,72,0.000007,0,1,1,0,1,1
25362179,,0,0.000007,72,0.000007,0,1,1,0,1,1
25146318,,0,0.000007,72,0.000007,0,1,1,0,1,1
25053585,,0,0.000007,72,0.000007,0,1,1,0,1,1
24273392,,0,0.000007,72,0.000007,0,1,1,0,1,1
24019980,,0,0.000007,72,0.000007,0,1,1,0,1,1
23841676,,0,0.000007,72,0.000007,0,1,1,0,1,1
23588592,,0,0.000007,72,0.000007,0,1,1,0,1,1
23398316,,0,0.000007,72,0.000007,0,1,1,0,1,1
22553202,,0,0.000007,72,0.000007,0,1,1,0,1,1
22357324,,0,0.000007,72,0.000007,0,1,1,0,1,1
21738574,,0,0.000007,72,0.000007,0,1,1,0,1,1
21596782,,0,0.000007,72,0.000007,0,1,1,0,1,1
20162864,,0.000096,0,5,0.000007,1,0,1,1,0,1
30107443,,0,0.000007,57,0.000007,0,1,1,0,1,1
27283986,,0,0.000007,57,0.000007,0,1,1,0,1,1
24457012,,0,0.000007,57,0.000007,0,1,1,0,1,1
22748179,,0,0.000007,57,0.000007,0,1,1,0,1,1
22140550,,0,0.000007,57,0.000007,0,1,1,0,1,1
20164689,,0.0031,0,1,0.000037,22,0,22,22,0,22
26839262,,0,0.000059,1,0.000007,0,1,1,0,1,1
25091577,,0,0.000059,205,0.000007,0,3,3,0,3,3
27392074,,0,0.000047,1,0.000007,0,1,1,0,1,1
21315516,,0,0.000047,1,0.000007,0,1,1,0,1,1
30108703,,0,0.000096,35,0.000007,0,1,1,0,1,1
29728077,,0,0.000096,35,0.000007,0,1,1,0,1,1
29284000,,0,0.000096,35,0.000007,0,1,1,0,1,1
29262529,,0,0.000096,35,0.000007,0,1,1,0,1,1
29104508,,0,0.000096,35,0.000007,0,1,1,0,1,1
29039577,,0,0.000096,35,0.000007,0,1,1,0,1,1
28852599,,0,0.000096,35,0.000007,0,1,1,0,1,1
28828001,,0,0.000096,35,0.000007,0,1,1,0,1,1
28423492,,0,0.000102,35,0.000007,0,2,2,0,2,2
28415760,,0,0.000111,35,0.000007,0,2,2,0,2,2
28382189,,0.000021,0.002993,1,0.000021,4,11,15,4,11,15
27966988,,0,0.000096,35,0.000007,0,1,1,0,1,1
27830705,,0,0.000203,35,0.000007,0,3,3,0,3,3
27656689,,0,0.000145,35,0.000007,0,2,2,0,2,2
27601899,,0,0.000096,35,0.000007,0,1,1,0,1,1
27308546,,0,0.000096,35,0.000007,0,1,1,0,1,1
27177833,,0,0.000103,35,0.000007,0,2,2,0,2,2
27094684,,0,0.000096,35,0.000007,0,1,1,0,1,1
26049416,,0,0.000096,35,0.000007,0,1,1,0,1,1
25753991,,0,0.000096,35,0.000007,0,1,1,0,1,1
25729327,,0,0.000096,35,0.000007,0,1,1,0,1,1
25324980,,0,0.000527,35,0.000007,0,6,6,0,6,6
24623533,,0,0.000096,35,0.000007,0,1,1,0,1,1
24073010,,0,0.000096,35,0.000007,0,1,1,0,1,1
23341813,,0,0.000096,35,0.000007,0,1,1,0,1,1
21214929,,0,0.000096,35,0.000007,0,1,1,0,1,1
29246025,,0,0,72,0.000007,0,1,1,0,1,1
26852230,,0,0,72,0.000007,0,1,1,0,1,1
26207374,,0,0,72,0.000007,0,1,1,0,1,1
26191186,,0,0,72,0.000007,0,1,1,0,1,1
24795757,,0,0,72,0.000007,0,1,1,0,1,1
24603541,,0,0,72,0.000007,0,1,1,0,1,1
20460640,,0,0,72,0.000007,0,1,1,0,1,1
20167696,,0.000404,0,89,0.000013,3,0,3,3,0,3
29472318,,0.000034,0.002676,100,0.000008,1,15,16,1,15,16
24452144,,0,0.000058,100,0.000007,0,1,1,0,1,1
26835415,,0,0.000006,140,0.000007,0,1,1,0,1,1
26221613,,0,0.00001,5,0.000007,0,1,1,0,1,1
22697607,,0,0.00001,5,0.000007,0,1,1,0,1,1
22185954,,0,0.00001,5,0.000007,0,1,1,0,1,1
21435924,,0,0.00001,5,0.000007,0,1,1,0,1,1
20177704,,0.00026,0,35,0.000032,8,0,8,8,0,8
26028978,,0,0.000005,35,0.000007,0,1,1,0,1,1
24199600,,0,0.000077,69,0.000007,0,2,2,0,2,2
20180350,,0.000027,0,89,0.000007,1,0,1,1,0,1
20182723,,0.000869,0,89,0.000009,5,0,5,5,0,5
24780558,,0,0.000054,100,0.000007,0,1,1,0,1,1
24337968,,0,0.000054,100,0.000007,0,1,1,0,1,1
24114393,,0,0.000054,100,0.000007,0,1,1,0,1,1
23352893,,0,0.000054,100,0.000007,0,1,1,0,1,1
22300253,,0,0.000229,1,0.000007,0,2,2,0,2,2
22108520,,0,0.000054,100,0.000007,0,1,1,0,1,1
20189727,,0.00012,0,66,0.000015,3,0,3,3,0,3
26218176,,0,0.000002,66,0.000007,0,1,1,0,1,1
20193984,,0.000097,0,89,0.00008,26,0,26,26,0,26
28361071,,0,0.000002,89,0.000007,0,1,1,0,1,1
27195300,,0,0.000002,89,0.000007,0,1,1,0,1,1
26697229,,0,0.000002,89,0.000007,0,1,1,0,1,1
25994649,,0,0.000002,89,0.000007,0,2,2,0,2,2
25737181,,0,0.000002,89,0.000007,0,1,1,0,1,1
24790235,,0,0.000002,89,0.000007,0,1,1,0,1,1
24009939,,0,0.000002,89,0.000007,0,1,1,0,1,1
23825930,,0,0.000002,89,0.000007,0,2,2,0,2,2
20197250,,0.000338,0,35,0.000009,2,0,2,2,0,2
30241261,,0,0.000996,5,0.000007,0,4,4,0,4,4
20204502,,0.006278,0,5,0.000027,36,0,36,36,0,36
28363197,,0,0.000005,5,0.000007,0,1,1,0,1,1
22271582,,0,0.000005,5,0.000007,0,1,1,0,1,1
30498397,,0,0.00026,1,0.000007,0,2,2,0,2,2
28098760,,0,0.000132,1,0.000007,0,1,1,0,1,1
26089344,,0,0.000132,1,0.000007,0,1,1,0,1,1
25559688,,0,0.000132,1,0.000007,0,1,1,0,1,1
25520248,,0,0.000134,35,0.000007,0,2,2,0,2,2
20206018,,0.002056,0,5,0.00003,14,0,14,14,0,14
29070984,,0,0.000047,176,0.000007,0,2,2,0,2,2
25573176,,0,0.000039,5,0.000007,0,1,1,0,1,1
24385471,,0,0.000039,5,0.000007,0,1,1,0,1,1
30223503,,0,0.000017,231,0.000007,0,1,1,0,1,1
27330889,,0,0.000017,231,0.000007,0,1,1,0,1,1
24691403,,0,0.000017,231,0.000007,0,1,1,0,1,1
23144859,,0,0.000017,231,0.000007,0,1,1,0,1,1
23115197,,0,0.000017,231,0.000007,0,1,1,0,1,1
22135302,,0,0.000017,231,0.000007,0,1,1,0,1,1
21603310,,0,0.000017,231,0.000007,0,1,1,0,1,1
30036966,,0,0,82,0.000007,0,1,1,0,1,1
20206645,,0.000001,0,82,0.00006,11,0,11,11,0,11
28874165,,0,0,82,0.000007,0,1,1,0,1,1
26359731,,0,0,82,0.000007,0,1,1,0,1,1
26251594,,0,0,82,0.000007,0,1,1,0,1,1
25405629,,0,0,82,0.000007,0,1,1,0,1,1
25110461,,0,0,82,0.000007,0,1,1,0,1,1
24682220,,0,0,82,0.000007,0,1,1,0,1,1
30083055,,0,0.000065,35,0.000007,0,3,3,0,3,3
23762305,,0,0.000049,24,0.000007,0,2,2,0,2,2
20213081,,0.000141,0,100,0.000009,3,0,3,3,0,3
29880060,,0,0.000001,100,0.000007,0,1,1,0,1,1
30406031,,0,0.000039,35,0.000007,0,2,2,0,2,2
20215511,,0.002059,0,35,0.000146,37,0,37,37,0,37
29725006,,0,0.000039,35,0.000007,0,2,2,0,2,2
29559001,,0,0.000039,35,0.000007,0,1,1,0,1,1
29212240,,0,0.000062,35,0.000007,0,3,3,0,3,3
29127434,,0,0.000039,35,0.000007,0,1,1,0,1,1
28951988,,0,0.000039,35,0.000007,0,1,1,0,1,1
28500727,,0,0.000039,35,0.000007,0,1,1,0,1,1
27911230,,0,0.000039,35,0.000007,0,2,2,0,2,2
27631103,,0,0.000127,1,0.000007,0,4,4,0,4,4
27346896,,0,0.000039,35,0.000007,0,1,1,0,1,1
27270427,,0,0.000039,35,0.000007,0,1,1,0,1,1
27158366,,0.000003,0.000067,35,0.000042,8,3,11,8,3,11
27148567,,0,0.000061,35,0.000007,0,2,2,0,2,2
27037415,,0,0.000074,35,0.000007,0,2,2,0,2,2
27010857,,0,0.000039,35,0.000007,0,1,1,0,1,1
26919247,,0,0.000039,35,0.000007,0,2,2,0,2,2
26010572,,0,0.000039,35,0.000007,0,1,1,0,1,1
25864491,,0,0.000039,35,0.000007,0,1,1,0,1,1
24840027,,0,0.000039,35,0.000007,0,1,1,0,1,1
24836559,,0,0.000039,35,0.000007,0,1,1,0,1,1
24657164,,0,0.000039,35,0.000007,0,1,1,0,1,1
24564526,,0,0.000039,35,0.000007,0,1,1,0,1,1
22028794,,0,0.000039,35,0.000007,0,1,1,0,1,1
21189220,,0,0.000039,35,0.000007,0,1,1,0,1,1
29616091,,0,0.001512,1,0.000007,0,4,4,0,4,4
29594021,,0,0.001426,82,0.000007,0,7,7,0,7,7
27167109,,0,0.000126,89,0.000007,0,2,2,0,2,2
26493786,,0,0.000111,89,0.000007,0,1,1,0,1,1
23986348,,0,0.00039,1,0.000007,0,3,3,0,3,3
23569463,,0,0.000111,89,0.000007,0,1,1,0,1,1
22543676,,0,0.000185,89,0.000007,0,3,3,0,3,3
21173100,,0,0.000111,89,0.000007,0,1,1,0,1,1
20215541,,0.002327,0,140,0.000041,28,0,28,28,0,28
28863137,,0,0.000044,140,0.000007,0,1,1,0,1,1
22160217,,0,0.000044,140,0.000007,0,1,1,0,1,1
20216074,,0.009316,0,89,0.000105,69,0,69,69,0,69
30108647,,0,0.000178,89,0.000007,0,1,1,0,1,1
30034459,,0,0.00879,89,0.000007,0,3,3,0,3,3
27659691,,0,0.001148,90,0.000007,0,3,3,0,3,3
27321186,,0,0.000178,89,0.000007,0,1,1,0,1,1
26609257,,0,0.000254,89,0.000007,0,3,3,0,3,3
26499116,,0,0.000178,89,0.000007,0,1,1,0,1,1
25878508,,0,0.000178,89,0.000007,0,1,1,0,1,1
25382023,,0,0.000178,89,0.000007,0,1,1,0,1,1
22488458,,0,0.000178,89,0.000007,0,1,1,0,1,1
21854742,,0,0.000178,89,0.000007,0,1,1,0,1,1
20221693,,0.000071,0,89,0.000008,2,0,2,2,0,2
20222793,,0.000146,0,231,0.000009,3,0,3,3,0,3
27028324,,0,0.00016,69,0.000007,0,5,5,0,5,5
29381731,,0,0.000004,69,0.000007,0,2,2,0,2,2
24683040,,0,0,206,0.000007,0,1,1,0,1,1
20223008,,0,0,206,0.000019,2,0,2,2,0,2
21563143,,0,0,206,0.000007,0,1,1,0,1,1
20227277,,0.002167,0,1,0.000051,14,0,14,14,0,14
25548581,,0,0.000253,1,0.000007,0,2,2,0,2,2
21407218,,0,0.000041,1,0.000007,0,1,1,0,1,1
29086202,,0,0.000014,82,0.000007,0,1,1,0,1,1
28798234,,0,0.000014,82,0.000007,0,1,1,0,1,1
28589519,,0,0.000014,82,0.000007,0,1,1,0,1,1
27821816,,0,0.000014,82,0.000007,0,1,1,0,1,1
27414988,,0,0.000014,82,0.000007,0,1,1,0,1,1
27242268,,0,0.000014,82,0.000007,0,1,1,0,1,1
27015562,,0,0.000014,82,0.000007,0,1,1,0,1,1
26889975,,0,0.000014,82,0.000007,0,1,1,0,1,1
26629077,,0,0.000014,82,0.000007,0,1,1,0,1,1
26617774,,0,0.000014,82,0.000007,0,1,1,0,1,1
25955408,,0,0.000014,82,0.000007,0,1,1,0,1,1
25879294,,0,0.000014,82,0.000007,0,1,1,0,1,1
25639875,,0,0.000023,82,0.000007,0,2,2,0,2,2
25482944,,0,0.000014,82,0.000007,0,1,1,0,1,1
24554038,,0,0.000014,82,0.000007,0,1,1,0,1,1
23070475,,0,0.000014,82,0.000007,0,1,1,0,1,1
21839055,,0,0.000014,82,0.000007,0,1,1,0,1,1
21622715,,0,0.000014,82,0.000007,0,1,1,0,1,1
20232141,,0.002562,0,89,0.000038,32,0,32,32,0,32
29165356,,0.00024,0.000787,5,0.000011,4,15,19,4,15,19
22132062,,0,0.000049,89,0.000007,0,1,1,0,1,1
29963222,,0,0.000093,35,0.000007,0,2,2,0,2,2
29113360,,0,0.000018,1,0.000007,0,1,1,0,1,1
25711417,,0,0.000018,1,0.000007,0,1,1,0,1,1
24961659,,0,0.000018,1,0.000007,0,1,1,0,1,1
22967087,,0,0.007454,1,0.000007,0,2,2,0,2,2
29666278,,0,0.000134,100,0.000007,0,1,1,0,1,1
29483509,,0,0.000134,100,0.000007,0,1,1,0,1,1
29293652,,0,0.000134,100,0.000007,0,1,1,0,1,1
29228550,,0,0.000134,100,0.000007,0,1,1,0,1,1
29029505,,0,0.000134,100,0.000007,0,1,1,0,1,1
28992046,,0,0.000134,100,0.000007,0,1,1,0,1,1
28154181,,0,0.000134,100,0.000007,0,1,1,0,1,1
27448760,,0,0.000134,100,0.000007,0,1,1,0,1,1
27335169,,0,0.000191,100,0.000007,0,2,2,0,2,2
27098756,,0,0.002601,100,0.000007,0,7,7,0,7,7
26455393,,0,0.00024,100,0.000007,0,2,2,0,2,2
25969536,,0,0.000134,100,0.000007,0,1,1,0,1,1
25606592,,0,0.001087,100,0.000007,0,2,2,0,2,2
25471832,,0,0.000134,100,0.000007,0,1,1,0,1,1
24756567,,0,0.000134,100,0.000007,0,1,1,0,1,1
24724799,,0,0.000134,100,0.000007,0,1,1,0,1,1
24001775,,0,0.000219,100,0.000007,0,2,2,0,2,2
22773947,,0,0.000134,100,0.000007,0,1,1,0,1,1
22666630,,0,0.000134,100,0.000007,0,1,1,0,1,1
20589164,,0,0.000134,100,0.000007,0,1,1,0,1,1
28056967,,0,0.000004,5,0.000007,0,1,1,0,1,1
29228676,,0,0.000016,5,0.000007,0,1,1,0,1,1
20299317,,0.000085,0,5,0.000007,1,0,1,1,0,1
28957405,,0,0.000001,231,0.000007,0,1,1,0,1,1
27123284,,0,0.000001,231,0.000007,0,1,1,0,1,1
24814518,,0,0.000001,231,0.000007,0,1,1,0,1,1
24691479,,0,0.000001,231,0.000007,0,1,1,0,1,1
20300867,,0.000029,0,5,0.000019,3,0,3,3,0,3
24496296,,0,0.000001,5,0.000007,0,1,1,0,1,1
21358951,,0,0.000001,5,0.000007,0,1,1,0,1,1
20301425,,0.000418,0,69,0.000017,7,0,7,7,0,7
20302916,,0.000312,0,367,0.000146,28,0,28,28,0,28
29686406,,0,0.000006,367,0.000007,0,1,1,0,1,1
29541227,,0,0.000006,367,0.000007,0,1,1,0,1,1
29541175,,0,0.000006,367,0.000007,0,1,1,0,1,1
29351241,,0,0.000007,367,0.000007,0,2,2,0,2,2
29085440,,0,0.000006,367,0.000007,0,1,1,0,1,1
28781790,,0,0.000006,367,0.000007,0,1,1,0,1,1
28761052,,0,0.000006,367,0.000007,0,1,1,0,1,1
28537888,,0,0.000006,367,0.000007,0,1,1,0,1,1
28391358,,0,0.000006,367,0.000007,0,1,1,0,1,1
28060733,,0,0.000006,367,0.000007,0,1,1,0,1,1
26959880,,0,0.000025,367,0.000007,0,2,2,0,2,2
26881020,,0,0.000006,367,0.000007,0,1,1,0,1,1
26396186,,0,0.000006,367,0.000007,0,1,1,0,1,1
25615526,,0,0.000006,367,0.000007,0,1,1,0,1,1
25481052,,0,0.000025,367,0.000007,0,2,2,0,2,2
25326379,,0,0.000006,367,0.000007,0,1,1,0,1,1
23717208,,0,0.000006,367,0.000007,0,1,1,0,1,1
22510564,,0,0.000006,367,0.000007,0,1,1,0,1,1
22284438,,0,0.000006,367,0.000007,0,1,1,0,1,1
22065079,,0,0.000006,367,0.000007,0,1,1,0,1,1
21878121,,0,0.000006,367,0.000007,0,1,1,0,1,1
21678411,,0,0.000006,367,0.000007,0,1,1,0,1,1
21044962,,0,0.000006,367,0.000007,0,1,1,0,1,1
29434999,,0,0.000024,100,0.000007,0,2,2,0,2,2
27485544,,0,0.000024,100,0.000007,0,1,1,0,1,1
27109210,,0,0.000024,100,0.000007,0,1,1,0,1,1
25759396,,0,0.000024,100,0.000007,0,1,1,0,1,1
25689427,,0,0.000171,100,0.000007,0,3,3,0,3,3
24108109,,0,0.000024,100,0.000007,0,1,1,0,1,1
23388158,,0,0.000025,100,0.000007,0,2,2,0,2,2
23289018,,0,0.000025,100,0.000007,0,2,2,0,2,2
23153826,,0,0.000115,100,0.000007,0,3,3,0,3,3
22419889,,0,0.000025,100,0.000007,0,2,2,0,2,2
20306122,,0.00004,0,5,0.000015,5,0,5,5,0,5
24803884,,0,0.000001,5,0.000007,0,1,1,0,1,1
20306497,,0,0,231,0.000022,3,0,3,3,0,3
29023587,,0,0,231,0.000007,0,1,1,0,1,1
27187382,,0,0,231,0.000007,0,1,1,0,1,1
20309006,,0.000334,0,35,0.000141,32,0,32,32,0,32
30271519,,0,0.000006,35,0.000007,0,1,1,0,1,1
29899402,,0,0.000006,35,0.000007,0,1,1,0,1,1
29765119,,0,0.000006,35,0.000007,0,1,1,0,1,1
29353366,,0,0.000006,35,0.000007,0,1,1,0,1,1
28704710,,0,0.000006,35,0.000007,0,1,1,0,1,1
28581527,,0,0.000008,35,0.000007,0,2,2,0,2,2
27631393,,0,0.000006,35,0.000007,0,1,1,0,1,1
27347197,,0,0.000006,35,0.000007,0,1,1,0,1,1
27216179,,0,0.000006,35,0.000007,0,1,1,0,1,1
26483300,,0,0.000006,35,0.000007,0,1,1,0,1,1
25324974,,0,0.000006,35,0.000007,0,1,1,0,1,1
24940092,,0,0.000006,35,0.000007,0,1,1,0,1,1
24205108,,0,0.000006,35,0.000007,0,1,1,0,1,1
24143191,,0,0.000006,35,0.000007,0,1,1,0,1,1
23411686,,0,0.000012,35,0.000007,0,2,2,0,2,2
23144572,,0,0.000006,35,0.000007,0,1,1,0,1,1
22876144,,0,0.000006,35,0.000007,0,1,1,0,1,1
22514490,,0,0.000006,35,0.000007,0,1,1,0,1,1
21751195,,0,0.000014,5,0.000007,0,1,1,0,1,1
20331623,,0.000656,0,24,0.000084,21,0,21,21,0,21
28275299,,0,0.000013,24,0.000007,0,1,1,0,1,1
27382306,,0,0.000013,24,0.000007,0,1,1,0,1,1
25784996,,0,0.000013,24,0.000007,0,1,1,0,1,1
25452763,,0,0.000013,24,0.000007,0,2,2,0,2,2
25024628,,0,0.000013,24,0.000007,0,1,1,0,1,1
24465544,,0,0.000013,24,0.000007,0,1,1,0,1,1
23020798,,0,0.000013,24,0.000007,0,1,1,0,1,1
21659608,,0,0.000013,24,0.000007,0,1,1,0,1,1
21364592,,0,0.000013,24,0.000007,0,1,1,0,1,1
28615616,,0,0.000003,69,0.000007,0,1,1,0,1,1
28541641,,0,0.000003,69,0.000007,0,1,1,0,1,1
26091520,,0,0.000003,69,0.000007,0,1,1,0,1,1
25827135,,0,0.000031,69,0.000007,0,2,2,0,2,2
25501060,,0,0.000003,69,0.000007,0,1,1,0,1,1
22107356,,0,0.000003,69,0.000007,0,1,1,0,1,1
21737505,,0,0.000003,69,0.000007,0,1,1,0,1,1
28546430,,0,0.000063,100,0.000007,0,1,1,0,1,1
27638467,,0,0.000063,100,0.000007,0,1,1,0,1,1
25960410,,0,0.000063,100,0.000007,0,1,1,0,1,1
25758823,,0,0.000063,100,0.000007,0,1,1,0,1,1
25514756,,0,0.000063,100,0.000007,0,1,1,0,1,1
24043423,,0,0.000063,100,0.000007,0,1,1,0,1,1
22244764,,0,0.000063,100,0.000007,0,1,1,0,1,1
22038470,,0,0.000063,100,0.000007,0,1,1,0,1,1
22023491,,0,0.000063,100,0.000007,0,1,1,0,1,1
21440557,,0,0.000063,100,0.000007,0,1,1,0,1,1
21049000,,0,0.000063,100,0.000007,0,1,1,0,1,1
30479570,,0,0.000024,72,0.000007,0,1,1,0,1,1
30026843,,0,0.000024,72,0.000007,0,1,1,0,1,1
30018188,,0,0.000024,72,0.000007,0,1,1,0,1,1
29663347,,0,0.000024,72,0.000007,0,1,1,0,1,1
29643973,,0,0.000024,72,0.000007,0,2,2,0,2,2
29599514,,0,0.000024,72,0.000007,0,1,1,0,1,1
29240947,,0,0.000041,72,0.000007,0,3,3,0,3,3
29201231,,0,0.000024,72,0.000007,0,1,1,0,1,1
28704519,,0,0.000067,72,0.000007,0,3,3,0,3,3
28418884,,0,0.000024,72,0.000007,0,2,2,0,2,2
28415817,,0,0.000024,72,0.000007,0,1,1,0,1,1
28381371,,0,0.000024,72,0.000007,0,1,1,0,1,1
28149633,,0,0.000024,72,0.000007,0,1,1,0,1,1
27995954,,0,0.000024,72,0.000007,0,1,1,0,1,1
27991932,,0,0.000024,72,0.000007,0,1,1,0,1,1
27588484,,0,0.000024,72,0.000007,0,1,1,0,1,1
27405111,,0,0.000647,72,0.000007,0,7,7,0,7,7
27298257,,0,0.000039,140,0.000007,0,2,2,0,2,2
27235448,,0,0.000024,72,0.000007,0,1,1,0,1,1
27234654,,0,0.000024,72,0.000007,0,1,1,0,1,1
27215977,,0,0.000024,72,0.000007,0,1,1,0,1,1
27168023,,0,0.000024,72,0.000007,0,1,1,0,1,1
27144429,,0,0.000024,72,0.000007,0,1,1,0,1,1
27004216,,0,0.000041,72,0.000007,0,2,2,0,2,2
26630397,,0.000103,0.000026,72,0.000034,6,2,8,6,2,8
26496489,,0,0.000024,72,0.000007,0,1,1,0,1,1
26402252,,0,0.000024,72,0.000007,0,1,1,0,1,1
26372796,,0,0.000024,72,0.000007,0,1,1,0,1,1
26171202,,0,0.000024,72,0.000007,0,1,1,0,1,1
26090587,,0,0.000046,72,0.000007,0,2,2,0,2,2
26079486,,0,0.000024,72,0.000007,0,1,1,0,1,1
26045765,,0,0.000024,72,0.000007,0,1,1,0,1,1
26039359,,0,0.000024,72,0.000007,0,1,1,0,1,1
25629077,,0,0.000024,72,0.000007,0,1,1,0,1,1
25593996,,0,0.000024,72,0.000007,0,1,1,0,1,1
25369454,,0,0.000024,72,0.000007,0,1,1,0,1,1
25177719,,0,0.000024,72,0.000007,0,1,1,0,1,1
25106527,,0,0.000024,72,0.000007,0,1,1,0,1,1
24728992,,0,0.000024,72,0.000007,0,1,1,0,1,1
24676100,,0,0.000024,72,0.000007,0,1,1,0,1,1
24629096,,0,0.000024,72,0.000007,0,1,1,0,1,1
24627221,,0,0.000024,72,0.000007,0,1,1,0,1,1
24623178,,0,0.000024,72,0.000007,0,1,1,0,1,1
24567056,,0,0.000024,72,0.000007,0,1,1,0,1,1
24476575,,0,0.000024,72,0.000007,0,1,1,0,1,1
24416221,,0,0.000024,72,0.000007,0,1,1,0,1,1
24416147,,0,0.000024,72,0.000007,0,1,1,0,1,1
24286505,,0,0.000024,72,0.000007,0,1,1,0,1,1
24260422,,0,0.000024,72,0.000007,0,1,1,0,1,1
24163105,,0,0.000039,140,0.000007,0,2,2,0,2,2
23762306,,0,0.000024,72,0.000007,0,1,1,0,1,1
23472213,,0,0.000045,72,0.000007,0,2,2,0,2,2
23445815,,0,0.000024,72,0.000007,0,1,1,0,1,1
23032637,,0,0.000024,72,0.000007,0,1,1,0,1,1
23002430,,0,0.000024,72,0.000007,0,1,1,0,1,1
22964086,,0,0.000067,72,0.000007,0,3,3,0,3,3
22778704,,0,0.000047,231,0.000007,0,2,2,0,2,2
22772450,,0,0.000024,72,0.000007,0,1,1,0,1,1
22528868,,0,0.000348,72,0.000007,0,2,2,0,2,2
22363568,,0,0.000024,72,0.000007,0,1,1,0,1,1
22294845,,0,0.000024,72,0.000007,0,1,1,0,1,1
22276777,,0,0.000024,72,0.000007,0,1,1,0,1,1
22228303,,0,0.000024,72,0.000007,0,1,1,0,1,1
22194984,,0,0.000024,72,0.000007,0,1,1,0,1,1
22155605,,0,0.000059,2,0.000007,0,3,3,0,3,3
21822307,,0,0.000024,72,0.000007,0,1,1,0,1,1
21811665,,0,0.000024,72,0.000007,0,1,1,0,1,1
21693556,,0,0.000024,72,0.000007,0,1,1,0,1,1
21478897,,0,0.000024,72,0.000007,0,1,1,0,1,1
21197653,,0,0.000024,72,0.000007,0,1,1,0,1,1
21188194,,0,0.000024,72,0.000007,0,1,1,0,1,1
21160526,,0,0.000024,72,0.000007,0,1,1,0,1,1
21152117,,0,0.000024,72,0.000007,0,1,1,0,1,1
20948563,,0,0.000024,72,0.000007,0,1,1,0,1,1
20479774,,0,0.000024,72,0.000007,0,1,1,0,1,1
20478051,,0,0.000024,72,0.000007,0,1,1,0,1,1
23616726,,0,0,207,0.000007,0,1,1,0,1,1
20337906,,0,0,207,0.000013,1,0,1,1,0,1
29276780,,0,0.007659,279,0.000007,0,5,5,0,5,5
28918548,,0,0.000014,279,0.000007,0,4,4,0,4,4
28096648,,0.000142,0.000008,279,0.000028,4,1,5,4,1,5
27689338,,0,0.00001,279,0.000007,0,2,2,0,2,2
27494879,,0,0.000008,279,0.000007,0,1,1,0,1,1
25940551,,0,0.000008,279,0.000007,0,1,1,0,1,1
23444221,,0,0.000008,279,0.000007,0,1,1,0,1,1
22792345,,0,0.000008,279,0.000007,0,1,1,0,1,1
20822187,,0,0.000008,279,0.000007,0,1,1,0,1,1
20438634,,0,0.000008,279,0.000007,0,1,1,0,1,1
20345474,,0.000665,0,89,0.00001,7,0,7,7,0,7
20346647,,0.002068,0,100,0.000052,35,0,35,35,0,35
30038052,,0,0.000083,89,0.000007,0,3,3,0,3,3
29691986,,0,0.000093,205,0.000007,0,3,3,0,3,3
28488180,,0,0.000064,205,0.000007,0,2,2,0,2,2
27884168,,0,0.000064,205,0.000007,0,2,2,0,2,2
29707144,,0,0.000284,1,0.000007,0,6,6,0,6,6
20349280,,0.000312,0,1,0.000012,4,0,4,4,0,4
20351092,,0.006892,0,1,0.000198,66,0,66,66,0,66
29503196,,0,0.000207,1,0.000007,0,2,2,0,2,2
29390145,,0,0.000131,1,0.000007,0,1,1,0,1,1
29112893,,0,0.000283,69,0.000007,0,3,3,0,3,3
26440899,,0,0.000164,1,0.000007,0,2,2,0,2,2
25897074,,0,0.000146,57,0.000007,0,2,2,0,2,2
25061500,,0,0.000131,1,0.000007,0,1,1,0,1,1
24947262,,0,0.000285,1,0.000007,0,4,4,0,4,4
24897507,,0,0.000824,1,0.000007,0,2,2,0,2,2
23422862,,0,0.000131,1,0.000007,0,1,1,0,1,1
23222848,,0,0.000131,1,0.000007,0,1,1,0,1,1
22942676,,0,0.000131,1,0.000007,0,1,1,0,1,1
22427203,,0,0.000131,1,0.000007,0,1,1,0,1,1
21872963,,0,0.000131,1,0.000007,0,1,1,0,1,1
21081051,,0,0.000131,1,0.000007,0,1,1,0,1,1
20681454,,0,0.000131,1,0.000007,0,1,1,0,1,1
20662484,,0,0.000131,1,0.000007,0,1,1,0,1,1
29890994,,0,0.000015,100,0.000007,0,1,1,0,1,1
29769705,,0,0.000015,100,0.000007,0,1,1,0,1,1
29467282,,0,0.000022,100,0.000007,0,2,2,0,2,2
28819009,,0,0.000022,100,0.000007,0,2,2,0,2,2
28152074,,0,0.000015,100,0.000007,0,1,1,0,1,1
26876099,,0,0.000015,100,0.000007,0,1,1,0,1,1
26422168,,0,0.000015,100,0.000007,0,1,1,0,1,1
25681446,,0,0.000015,100,0.000007,0,1,1,0,1,1
24319055,,0,0.000015,100,0.000007,0,1,1,0,1,1
23545497,,0,0.000015,100,0.000007,0,1,1,0,1,1
22688816,,0,0.000015,100,0.000007,0,1,1,0,1,1
21135095,,0,0.000015,100,0.000007,0,1,1,0,1,1
20352487,,0.000152,0,1,0.000016,5,0,5,5,0,5
20353281,,0.000371,0,5,0.000007,1,0,1,1,0,1
20356671,,0.000193,0,100,0.000007,1,0,1,1,0,1
20358592,,0.000063,0,5,0.000009,4,0,4,4,0,4
20361264,,0.000032,0,279,0.000022,7,0,7,7,0,7
27100728,,0,0.00001,100,0.000007,0,1,1,0,1,1
30332653,,0,0.00007,176,0.000007,0,1,1,0,1,1
20364141,,0.003671,0,176,0.000186,58,0,58,58,0,58
30111590,,0,0.00007,176,0.000007,0,1,1,0,1,1
29805302,,0,0.00007,176,0.000007,0,1,1,0,1,1
29154753,,0,0.00007,176,0.000007,0,1,1,0,1,1
28774892,,0,0.00007,176,0.000007,0,2,2,0,2,2
28416635,,0,0.007506,176,0.000007,0,2,2,0,2,2
27355945,,0,0.00007,176,0.000007,0,1,1,0,1,1
27308411,,0,0.00007,176,0.000007,0,1,1,0,1,1
27258263,,0,0.000276,176,0.000007,0,2,2,0,2,2
27166259,,0,0.00007,176,0.000007,0,1,1,0,1,1
26829474,,0,0.00007,176,0.000007,0,1,1,0,1,1
26697838,,0,0.00007,176,0.000007,0,1,1,0,1,1
25925375,,0,0.00007,176,0.000007,0,1,1,0,1,1
25590964,,0,0.00007,176,0.000007,0,1,1,0,1,1
25466864,,0,0.00007,176,0.000007,0,1,1,0,1,1
25107667,,0,0.00007,176,0.000007,0,1,1,0,1,1
24844881,,0,0.000276,176,0.000007,0,2,2,0,2,2
24798733,,0,0.00007,176,0.000007,0,1,1,0,1,1
23682351,,0,0.00007,176,0.000007,0,1,1,0,1,1
21572256,,0,0.00007,176,0.000007,0,1,1,0,1,1
28779125,,0,0,87,0.000007,0,1,1,0,1,1
20364308,,0.000001,0,87,0.000028,5,0,5,5,0,5
24340053,,0,0,87,0.000007,0,1,1,0,1,1
26894298,,0,0.000112,5,0.000007,0,2,2,0,2,2
26796517,,0,0.000072,5,0.000007,0,2,2,0,2,2
26770245,,0,0.000072,5,0.000019,2,1,3,2,1,3
24646362,,0,0.000072,5,0.000007,0,1,1,0,1,1
22903686,,0,0.000072,5,0.000007,0,1,1,0,1,1
22827973,,0,0.000072,5,0.000007,0,1,1,0,1,1
22076478,,0,0.000072,5,0.000007,0,1,1,0,1,1
21593785,,0,0.000072,5,0.000007,0,1,1,0,1,1
20369283,,0.000069,0,279,0.000017,3,0,3,3,0,3
22898292,,0,0.000005,279,0.000007,0,2,2,0,2,2
22511896,,0,0.000001,279,0.000007,0,1,1,0,1,1
28356987,,0,0,208,0.000007,0,1,1,0,1,1
20369292,,0,0,208,0.000031,4,0,4,4,0,4
26069504,,0,0,208,0.000007,0,1,1,0,1,1
23797659,,0,0,208,0.000007,0,1,1,0,1,1
23770982,,0,0,208,0.000007,0,1,1,0,1,1
30123431,,0,0.00001,2,0.000007,0,1,1,0,1,1
20371364,,0.000507,0,2,0.000073,13,0,13,13,0,13
30082654,,0,0.00001,2,0.000007,0,1,1,0,1,1
29925788,,0,0.00001,2,0.000007,0,1,1,0,1,1
29462916,,0,0.00001,2,0.000007,0,1,1,0,1,1
25472599,,0,0.00001,2,0.000007,0,1,1,0,1,1
25069035,,0,0.000012,2,0.000007,0,2,2,0,2,2
22182453,,0,0.00001,2,0.000007,0,1,1,0,1,1
21964719,,0,0.00001,2,0.000007,0,1,1,0,1,1
20371688,,0.035144,0,1,0.000147,72,0,72,72,0,72
29618789,,0,0.00067,1,0.000007,0,1,1,0,1,1
28945304,,0,0.000671,381,0.000007,0,2,2,0,2,2
28670477,,0,0.000755,1,0.000007,0,2,2,0,2,2
28460465,,0,0.001207,1,0.000007,0,2,2,0,2,2
26812881,,0,0.000728,57,0.000007,0,2,2,0,2,2
26452665,,0,0.010057,1,0.000007,0,4,4,0,4,4
24603616,,0,0.001025,69,0.000007,0,2,2,0,2,2
23426401,,0,0.002908,1,0.000007,0,2,2,0,2,2
23056207,,0,0.00067,1,0.000007,0,1,1,0,1,1
20373018,,0.000231,0,89,0.000008,2,0,2,2,0,2
20373860,,0.000655,0,35,0.000018,5,0,5,5,0,5
23756861,,0,0.000033,1,0.000007,0,2,2,0,2,2
20376556,,0.004204,0,1,0.000032,21,0,21,21,0,21
22323919,,0,0.000189,232,0.000007,0,2,2,0,2,2
28724724,,0,0.000004,176,0.000007,0,1,1,0,1,1
23471416,,0,0.000004,176,0.000007,0,1,1,0,1,1
21738835,,0,0.000004,176,0.000007,0,1,1,0,1,1
20377375,,0.00028,0,5,0.000015,3,0,3,3,0,3
24989129,,0,0.000005,5,0.000007,0,1,1,0,1,1
27059031,,0,0.000044,5,0.000007,0,2,2,0,2,2
23447452,,0,0.000005,5,0.000007,0,1,1,0,1,1
28713671,,0,0,209,0.000007,0,1,1,0,1,1
20384635,,0,0,209,0.000019,2,0,2,2,0,2
24069507,,0,0,209,0.000007,0,1,1,0,1,1
20385443,,0.002133,0,1,0.000022,11,0,11,11,0,11
25104330,,0,0.000041,1,0.000007,0,1,1,0,1,1
21893212,,0,0.000199,1,0.000007,0,5,5,0,5,5
29426285,,0,0.000004,35,0.000007,0,1,1,0,1,1
29378509,,0,0.000004,35,0.000007,0,1,1,0,1,1
29250174,,0,0.000004,35,0.000007,0,1,1,0,1,1
27771128,,0,0.000004,35,0.000007,0,1,1,0,1,1
27325648,,0,0.000004,35,0.000007,0,1,1,0,1,1
26767013,,0,0.000004,35,0.000007,0,1,1,0,1,1
25381197,,0,0.000004,35,0.000007,0,1,1,0,1,1
23372686,,0,0.000004,35,0.000007,0,1,1,0,1,1
22138042,,0,0.000004,35,0.000007,0,1,1,0,1,1
26469352,,0,0.000005,89,0.000007,0,1,1,0,1,1
29662084,,0,0.000011,279,0.000007,0,1,1,0,1,1
29644006,,0,0.000036,35,0.000007,0,2,2,0,2,2
29113222,,0,0.000011,279,0.000007,0,1,1,0,1,1
29113202,,0,0.00009,35,0.000007,0,4,4,0,4,4
27641825,,0,0.000011,279,0.000007,0,1,1,0,1,1
27598218,,0,0.000011,279,0.000007,0,1,1,0,1,1
27588114,,0,0.000011,279,0.000007,0,1,1,0,1,1
27409175,,0,0.000011,279,0.000007,0,1,1,0,1,1
26953352,,0,0.000011,279,0.000007,0,1,1,0,1,1
26132924,,0,0.000011,279,0.000007,0,1,1,0,1,1
25999793,,0,0.000011,279,0.000007,0,1,1,0,1,1
25818365,,0,0.000011,279,0.000007,0,1,1,0,1,1
25010866,,0,0.000011,279,0.000007,0,1,1,0,1,1
24886209,,0,0.000011,279,0.000007,0,1,1,0,1,1
24633304,,0,0.000011,279,0.000007,0,1,1,0,1,1
24359585,,0,0.000011,279,0.000007,0,1,1,0,1,1
24332016,,0,0.000011,279,0.000007,0,1,1,0,1,1
23950971,,0,0.000011,279,0.000007,0,1,1,0,1,1
23716660,,0,0.000011,279,0.000007,0,1,1,0,1,1
23076135,,0,0.000011,279,0.000007,0,1,1,0,1,1
22945634,,0,0.000064,69,0.000007,0,2,2,0,2,2
22439757,,0,0.000011,279,0.000007,0,1,1,0,1,1
21957483,,0,0.000011,279,0.000007,0,1,1,0,1,1
21558411,,0,0.000011,279,0.000007,0,1,1,0,1,1
21345268,,0,0.000011,279,0.000007,0,1,1,0,1,1
20727230,,0,0.000011,279,0.000007,0,1,1,0,1,1
30090499,,0,0,57,0.000007,0,1,1,0,1,1
20393018,,0.000008,0,57,0.00007,11,0,11,11,0,11
29707146,,0,0,57,0.000007,0,1,1,0,1,1
29614833,,0,0,57,0.000007,0,1,1,0,1,1
29286219,,0,0,57,0.000007,0,1,1,0,1,1
29024409,,0,0,57,0.000007,0,1,1,0,1,1
26536350,,0,0,57,0.000007,0,1,1,0,1,1
26185519,,0,0,57,0.000007,0,1,1,0,1,1
25960633,,0,0,57,0.000007,0,1,1,0,1,1
22850871,,0,0,57,0.000007,0,1,1,0,1,1
22007260,,0,0,57,0.000007,0,1,1,0,1,1
20399636,,0.000687,0,231,0.000037,9,0,9,9,0,9
26517685,,0,0.000114,231,0.000007,0,3,3,0,3,3
23471748,,0,0.000013,231,0.000007,0,1,1,0,1,1
22948024,,0,0.000013,231,0.000007,0,1,1,0,1,1
20400477,,0.013004,0,100,0.000147,80,0,80,80,0,80
29259733,,0,0.000248,100,0.000007,0,1,1,0,1,1
28078268,,0,0.000248,100,0.000007,0,1,1,0,1,1
26177635,,0,0.000467,100,0.000007,0,2,2,0,2,2
24900729,,0,0.000248,100,0.000007,0,1,1,0,1,1
24349633,,0,0.000338,100,0.000007,0,2,2,0,2,2
24221193,,0,0.008585,100,0.000007,0,6,6,0,6,6
22930402,,0,0.000248,100,0.000007,0,1,1,0,1,1
21365542,,0,0.000248,100,0.000007,0,1,1,0,1,1
20404603,,0.001981,0,1,0.000042,14,0,14,14,0,14
26602448,,0,0.000038,1,0.000007,0,1,1,0,1,1
25479232,,0,0.000371,1,0.000007,0,2,2,0,2,2
23995751,,0,0.000038,1,0.000007,0,1,1,0,1,1
22490765,,0,0.000038,1,0.000007,0,1,1,0,1,1
20405170,,0.000506,0,24,0.000009,3,0,3,3,0,3
20406170,,0.001017,0,1,0.000027,7,0,7,7,0,7
22091407,,0,0.000019,1,0.000007,0,1,1,0,1,1
20406929,,0.117357,0,1,0.000418,238,0,238,238,0,238
30104763,,0,0.014206,1,0.000007,0,13,13,0,13,13
29925878,,0,0.003084,1,0.000007,0,2,2,0,2,2
29872498,,0,0.006353,1,0.000007,0,6,6,0,6,6
29535360,,0,0.016872,1,0.000007,0,8,8,0,8,8
28280605,,0,0.003084,1,0.000007,0,2,2,0,2,2
28280090,,0,0.012361,1,0.000007,0,9,9,0,9,9
28109627,,0,0.00739,1,0.000007,0,5,5,0,5,5
27993805,,0.000097,0.018531,1,0.000029,5,10,15,5,10,15
27215391,,0,0.022761,1,0.000007,0,24,24,0,24,24
27074572,,0.000673,0.010844,69,0.000282,56,7,63,56,7,63
26770382,,0,0.009674,69,0.000007,0,2,2,0,2,2
26344419,,0.000006,0.00405,1,0.000009,2,5,7,2,5,7
26314963,,0,0.002504,1,0.000007,0,3,3,0,3,3
24273649,,0,0.004298,1,0.000007,0,2,2,0,2,2
24109193,,0,0.009384,1,0.000007,0,5,5,0,5,5
23951333,,0,0.002238,1,0.000007,0,1,1,0,1,1
23344261,,0,0.009674,69,0.000007,0,2,2,0,2,2
21957230,,0,0.002238,1,0.000007,0,1,1,0,1,1
20406939,,0.009616,0,1,0.000037,20,0,20,20,0,20
24409352,,0,0.000183,1,0.000007,0,1,1,0,1,1
25959766,,0,0.000004,100,0.000007,0,1,1,0,1,1
25624349,,0,0.001018,265,0.000007,0,4,4,0,4,4
23823798,,0,0.000004,100,0.000007,0,1,1,0,1,1
23818097,,0,0.000004,100,0.000007,0,1,1,0,1,1
23554739,,0,0.000004,100,0.000007,0,1,1,0,1,1
23335992,,0,0.000004,100,0.000007,0,1,1,0,1,1
29456550,,0,0.000257,35,0.000007,0,3,3,0,3,3
29382728,,0,0.000008,232,0.000007,0,2,2,0,2,2
28835367,,0,0.000004,35,0.000007,0,1,1,0,1,1
28555173,,0,0.000244,35,0.000007,0,3,3,0,3,3
27533082,,0,0.000004,35,0.000007,0,1,1,0,1,1
27248495,,0,0.000004,35,0.000007,0,1,1,0,1,1
26672768,,0,0.000004,35,0.000007,0,1,1,0,1,1
26177827,,0,0.000004,35,0.000007,0,1,1,0,1,1
25739012,,0,0.000004,35,0.000007,0,1,1,0,1,1
23527225,,0,0.000004,35,0.000007,0,1,1,0,1,1
22971344,,0,0.00021,35,0.000007,0,2,2,0,2,2
22908277,,0,0.000004,35,0.000007,0,1,1,0,1,1
22673234,,0,0.000004,35,0.000007,0,1,1,0,1,1
22614020,,0,0.000954,35,0.000007,0,2,2,0,2,2
22090360,,0,0.000004,35,0.000007,0,1,1,0,1,1
21389785,,0,0.000004,35,0.000007,0,1,1,0,1,1
20409655,,0.000641,0,5,0.000008,3,0,3,3,0,3
30348886,,0,0.001727,5,0.000007,0,10,10,0,10,10
30238071,,0,0.00087,1,0.000007,0,6,6,0,6,6
20411314,,0.000006,0,5,0.000016,4,0,4,4,0,4
26715939,,0,0,5,0.000007,0,1,1,0,1,1
26578562,,0,0.000004,89,0.000007,0,1,1,0,1,1
20413709,,0.000202,0,89,0.000018,3,0,3,3,0,3
25294155,,0,0,231,0.000007,0,1,1,0,1,1
20417090,,0,0,231,0.000034,5,0,5,5,0,5
24747769,,0,0,231,0.000007,0,1,1,0,1,1
24565165,,0,0,231,0.000007,0,1,1,0,1,1
21934689,,0,0,231,0.000007,0,1,1,0,1,1
20417865,,0.000815,0,35,0.000013,2,0,2,2,0,2
30004685,,0,0.000039,231,0.000007,0,1,1,0,1,1
29805625,,0,0.000039,232,0.000007,0,2,2,0,2,2
28218735,,0,0.000039,231,0.000007,0,1,1,0,1,1
25208626,,0,0.000129,231,0.000007,0,2,2,0,2,2
24255707,,0,0.000039,231,0.000007,0,1,1,0,1,1
23675859,,0,0.000043,231,0.000007,0,2,2,0,2,2
22876301,,0,0.000039,231,0.000007,0,1,1,0,1,1
20422428,,0.000109,0,231,0.000007,1,0,1,1,0,1
20423312,,0.00012,0,57,0.000033,9,0,9,9,0,9
29770165,,0,0.001467,1,0.000007,0,6,6,0,6,6
26419938,,0,0.000002,57,0.000007,0,1,1,0,1,1
21963404,,0,0.000053,57,0.000007,0,2,2,0,2,2
21955044,,0,0.000002,57,0.000007,0,1,1,0,1,1
20427433,,0.003372,0,5,0.000319,111,0,111,111,0,111
30174762,,0,0.000065,5,0.000007,0,4,4,0,4,4
29667606,,0,0.000064,5,0.000007,0,1,1,0,1,1
29381683,,0,0.000064,5,0.000007,0,1,1,0,1,1
29333235,,0,0.000064,5,0.000007,0,1,1,0,1,1
29226849,,0,0.000067,198,0.000007,0,2,2,0,2,2
29218120,,0,0.000064,5,0.000007,0,1,1,0,1,1
28985925,,0,0.000064,5,0.000007,0,1,1,0,1,1
28726117,,0,0.000072,198,0.000007,0,3,3,0,3,3
28152151,,0,0.000064,5,0.000007,0,1,1,0,1,1
27852714,,0,0.000064,5,0.000007,0,1,1,0,1,1
27727457,,0,0.000069,5,0.000007,0,2,2,0,2,2
27647367,,0,0.000064,5,0.000007,0,1,1,0,1,1
27449059,,0,0.000111,5,0.000007,0,5,5,0,5,5
26886970,,0,0.000069,198,0.000007,0,3,3,0,3,3
26867042,,0,0.000064,5,0.000007,0,1,1,0,1,1
26808047,,0,0.000064,5,0.000007,0,1,1,0,1,1
26625899,,0,0.000064,5,0.000007,0,1,1,0,1,1
26554555,,0,0.000064,5,0.000007,0,1,1,0,1,1
26520712,,0,0.000064,5,0.000007,0,1,1,0,1,1
26475705,,0,0.000064,5,0.000007,0,1,1,0,1,1
26290416,,0,0.000064,5,0.000007,0,1,1,0,1,1
25984710,,0,0.000064,5,0.000007,0,1,1,0,1,1
25108368,,0,0.000064,5,0.000007,0,1,1,0,1,1
24957223,,0,0.000067,198,0.000007,0,2,2,0,2,2
24691501,,0,0.000335,205,0.000007,0,2,2,0,2,2
24664267,,0,0.000064,5,0.000007,0,1,1,0,1,1
23826274,,0,0.000064,5,0.000007,0,1,1,0,1,1
23748642,,0,0.000064,5,0.000007,0,1,1,0,1,1
23662114,,0,0.000064,5,0.000007,0,1,1,0,1,1
23614022,,0,0.000064,5,0.000007,0,1,1,0,1,1
22973408,,0,0.000064,5,0.000007,0,1,1,0,1,1
22815728,,0,0.000064,5,0.000007,0,1,1,0,1,1
22611381,,0,0.000064,5,0.000007,0,1,1,0,1,1
22579527,,0,0.000072,198,0.000007,0,3,3,0,3,3
22415479,,0,0.000064,5,0.000007,0,1,1,0,1,1
22360695,,0,0.000064,5,0.000007,0,1,1,0,1,1
22211175,,0,0.000064,5,0.000007,0,1,1,0,1,1
22173323,,0,0.000064,5,0.000007,0,1,1,0,1,1
21519892,,0,0.000064,5,0.000007,0,1,1,0,1,1
21406634,,0,0.000064,5,0.000007,0,1,1,0,1,1
21343930,,0,0.000064,5,0.000007,0,1,1,0,1,1
20428820,,0.000125,0,35,0.000009,2,0,2,2,0,2
20428881,,0.000717,0,5,0.000016,8,0,8,8,0,8
26946151,,0,0.000014,5,0.000007,0,1,1,0,1,1
26431164,,0,0.000015,90,0.000007,0,2,2,0,2,2
20429623,,0.000064,0,90,0.00002,4,0,4,4,0,4
21252250,,0,0.000001,90,0.000007,0,1,1,0,1,1
20429624,,0.000293,0,5,0.00001,4,0,4,4,0,4
30446652,,0,0.000068,35,0.000007,0,1,1,0,1,1
30139998,,0,0.000068,35,0.000007,0,1,1,0,1,1
30089167,,0,0.000168,35,0.000007,0,2,2,0,2,2
29378907,,0,0.000068,35,0.000007,0,1,1,0,1,1
29228597,,0,0.000068,35,0.000007,0,1,1,0,1,1
29052513,,0,0.000177,35,0.000007,0,2,2,0,2,2
28415765,,0,0.000068,35,0.000007,0,1,1,0,1,1
28079792,,0,0.000068,35,0.000007,0,1,1,0,1,1
28027945,,0,0.007504,35,0.000007,0,2,2,0,2,2
26917980,,0,0.000278,69,0.000007,0,3,3,0,3,3
25764003,,0,0.000196,35,0.000007,0,3,3,0,3,3
25752197,,0,0.00007,184,0.000007,0,2,2,0,2,2
25546409,,0,0.000068,35,0.000007,0,1,1,0,1,1
25011954,,0,0.000194,35,0.000007,0,2,2,0,2,2
24629097,,0,0.000068,35,0.000007,0,1,1,0,1,1
23840451,,0,0.000068,35,0.000007,0,1,1,0,1,1
23331017,,0,0.00007,35,0.000007,0,2,2,0,2,2
23062488,,0,0.000068,35,0.000007,0,1,1,0,1,1
22975378,,0,0.007504,35,0.000007,0,2,2,0,2,2
21288332,,0,0.000068,35,0.000007,0,1,1,0,1,1
20483673,,0,0.000244,35,0.000007,0,3,3,0,3,3
20436502,,0.001627,0,24,0.000023,14,0,14,14,0,14
27783163,,0,0.000183,35,0.000007,0,5,5,0,5,5
20437199,,0.000164,0,89,0.000013,3,0,3,3,0,3
20439215,,0.000072,0,5,0.000011,3,0,3,3,0,3
29162720,,0,0.000003,1,0.000007,0,1,1,0,1,1
20442314,,0.000183,0,1,0.000037,3,0,3,3,0,3
26864341,,0,0.000003,1,0.000007,0,1,1,0,1,1
27699033,,0,0.00004,69,0.000007,0,1,1,0,1,1
26889980,,0,0.00004,69,0.000007,0,1,1,0,1,1
25364036,,0,0.00004,69,0.000007,0,1,1,0,1,1
23390495,,0,0.00004,69,0.000007,0,1,1,0,1,1
29126396,,0.000035,0.000334,5,0.000007,1,6,7,1,6,7
28031860,,0.000039,0.000338,5,0.000012,3,5,8,3,5,8
27473440,,0.000246,0.00034,5,0.000012,6,6,12,6,6,12
22811951,,0,0.000004,5,0.000007,0,1,1,0,1,1
22675372,,0,0.000004,5,0.000007,0,1,1,0,1,1
20451485,,0.000698,0,89,0.000013,6,0,6,6,0,6
29124173,,0,0.000005,100,0.000007,0,1,1,0,1,1
20451671,,0.000257,0,100,0.000017,4,0,4,4,0,4
20452659,,0.000664,0,69,0.000013,5,0,5,5,0,5
27115569,,0,0.000067,69,0.000007,0,3,3,0,3,3
30345028,,0,0.001394,100,0.000007,0,1,1,0,1,1
29967538,,0,0.001427,100,0.000007,0,3,3,0,3,3
29709199,,0,0.002506,100,0.000007,0,9,9,0,9,9
29443023,,0,0.002853,1,0.000007,0,5,5,0,5,5
29414795,,0,0.002914,100,0.000007,0,13,13,0,13,13
29203878,,0,0.002179,100,0.000007,0,3,3,0,3,3
28582599,,0,0.002704,100,0.000007,0,4,4,0,4,4
28389531,,0,0.002431,1,0.000007,0,2,2,0,2,2
28255090,,0,0.00255,100,0.000007,0,9,9,0,9,9
28049724,,0,0.001824,100,0.000007,0,3,3,0,3,3
27974460,,0,0.001824,100,0.000007,0,3,3,0,3,3
27842255,,0,0.001684,100,0.000007,0,4,4,0,4,4
27641504,,0,0.002319,100,0.000007,0,3,3,0,3,3
27453047,,0,0.001746,100,0.000007,0,3,3,0,3,3
27165790,,0,0.002079,100,0.000007,0,4,4,0,4,4
26748828,,0,0.002906,1,0.000007,0,5,5,0,5,5
26544937,,0,0.002353,100,0.000007,0,4,4,0,4,4
26481584,,0,0.001674,205,0.000007,0,2,2,0,2,2
26442173,,0,0.001394,100,0.000007,0,1,1,0,1,1
26011542,,0,0.001394,100,0.000007,0,1,1,0,1,1
25941165,,0,0.002332,1,0.000007,0,6,6,0,6,6
25855810,,0,0.00156,100,0.000007,0,3,3,0,3,3
25820262,,0,0.001874,100,0.000007,0,3,3,0,3,3
25569305,,0,0.001792,100,0.000007,0,2,2,0,2,2
25264618,,0,0.001394,100,0.000007,0,1,1,0,1,1
25085909,,0,0.001897,100,0.000007,0,3,3,0,3,3
24953651,,0,0.001792,100,0.000007,0,2,2,0,2,2
24843002,,0,0.001394,100,0.000007,0,1,1,0,1,1
24721906,,0,0.001394,100,0.000007,0,1,1,0,1,1
24703952,,0,0.001792,100,0.000007,0,2,2,0,2,2
24658350,,0,0.001792,100,0.000007,0,2,2,0,2,2
24065984,,0,0.001418,57,0.000007,0,2,2,0,2,2
23852170,,0,0.001766,69,0.000007,0,2,2,0,2,2
23555296,,0,0.001484,100,0.000007,0,2,2,0,2,2
23473603,,0,0.001792,100,0.000007,0,2,2,0,2,2
23358416,,0,0.001394,100,0.000007,0,1,1,0,1,1
23290917,,0,0.001394,100,0.000007,0,1,1,0,1,1
23061048,,0,0.00144,184,0.000007,0,2,2,0,2,2
23032267,,0,0.001986,1,0.000007,0,4,4,0,4,4
22915756,,0,0.001394,100,0.000007,0,1,1,0,1,1
22909323,,0,0.001394,100,0.000007,0,1,1,0,1,1
22530743,,0,0.001646,100,0.000007,0,2,2,0,2,2
21852388,,0,0.001394,100,0.000007,0,1,1,0,1,1
28652417,,0,0.000003,69,0.000007,0,1,1,0,1,1
26956045,,0,0.000003,69,0.000007,0,1,1,0,1,1
23308059,,0,0.000022,69,0.000007,0,3,3,0,3,3
22830422,,0,0.000003,69,0.000007,0,1,1,0,1,1
22737227,,0,0.000003,69,0.000007,0,1,1,0,1,1
22241964,,0,0.000022,69,0.000007,0,3,3,0,3,3
21148749,,0,0.000003,69,0.000007,0,1,1,0,1,1
20660741,,0,0.000003,69,0.000007,0,1,1,0,1,1
28367072,,0,0,89,0.000007,0,1,1,0,1,1
20455200,,0,0,89,0.000046,7,0,7,7,0,7
26074999,,0,0,89,0.000007,0,1,1,0,1,1
26019795,,0,0,89,0.000007,0,2,2,0,2,2
25610485,,0,0,89,0.000007,0,1,1,0,1,1
25517919,,0,0,89,0.000007,0,1,1,0,1,1
25493642,,0,0,89,0.000007,0,1,1,0,1,1
23833708,,0,0,89,0.000007,0,1,1,0,1,1
20456937,,0.0016,0,140,0.000044,19,0,19,19,0,19
23532885,,0,0.000031,140,0.000007,0,1,1,0,1,1
22875147,,0,0.000031,140,0.000007,0,1,1,0,1,1
22550129,,0,0.007466,69,0.000007,0,2,2,0,2,2
21743786,,0,0.000031,140,0.000007,0,1,1,0,1,1
27153553,,0,0.000051,1,0.000007,0,1,1,0,1,1
21317450,,0,0.000051,1,0.000007,0,1,1,0,1,1
20459916,,0.000193,0,205,0.000008,2,0,2,2,0,2
20461453,,0.000167,0,231,0.000017,7,0,7,7,0,7
22567103,,0,0.000003,231,0.000007,0,1,1,0,1,1
20467918,,0.001226,0,24,0.000077,24,0,24,24,0,24
28056823,,0,0.000029,24,0.000007,0,6,6,0,6,6
26603430,,0,0.000051,24,0.000007,0,3,3,0,3,3
26379816,,0,0.000023,24,0.000007,0,1,1,0,1,1
26137163,,0,0.000038,24,0.000007,0,3,3,0,3,3
25667646,,0,0.000025,24,0.000007,0,2,2,0,2,2
24205040,,0,0.000024,24,0.000079,12,3,15,12,3,15
23840376,,0,0.000024,24,0.000007,0,2,2,0,2,2
21532835,,0,0.000023,24,0.000007,0,1,1,0,1,1
30334995,,0,0.00001,279,0.000007,0,1,1,0,1,1
20470789,,0.000542,0,279,0.000064,26,0,26,26,0,26
29844679,,0,0.00001,279,0.000007,0,1,1,0,1,1
29434855,,0,0.00001,279,0.000007,0,1,1,0,1,1
26559503,,0,0.000015,279,0.000007,0,2,2,0,2,2
26539452,,0,0.000014,279,0.000007,0,2,2,0,2,2
21660454,,0,0.00001,279,0.000007,0,1,1,0,1,1
23885909,,0,0,24,0.000007,0,1,1,0,1,1
20471486,,0.000003,0,24,0.000025,4,0,4,4,0,4
23874104,,0,0.00002,24,0.000007,0,2,2,0,2,2
23042104,,0,0,24,0.000007,0,1,1,0,1,1
28588698,,0,0.000033,90,0.000007,0,2,2,0,2,2
20471672,,0.000036,0,90,0.000026,5,0,5,5,0,5
21547102,,0,0.000001,90,0.000007,0,1,1,0,1,1
21518863,,0,0.000001,90,0.000007,0,1,1,0,1,1
20472656,,0.000169,0,72,0.000009,3,0,3,3,0,3
20472659,,0.0002,0,5,0.000008,3,0,3,3,0,3
20473602,,0.000152,0,5,0.000012,7,0,7,7,0,7
28050152,,0,0.000175,231,0.000007,0,4,4,0,4,4
28812991,,0,0.000272,1,0.000007,0,3,3,0,3,3
20485165,,0.002024,0,1,0.000025,8,0,8,8,0,8
20486827,,0.00042,0,24,0.000015,3,0,3,3,0,3
21645458,,0,0.000008,24,0.000007,0,1,1,0,1,1
20486992,,0.000385,0,279,0.000024,5,0,5,5,0,5
26622542,,0,0.000007,279,0.000007,0,1,1,0,1,1
24179489,,0,0.000007,279,0.000007,0,1,1,0,1,1
22871047,,0,0.000033,279,0.000007,0,2,2,0,2,2
28744397,,0,0.000007,1,0.000007,0,1,1,0,1,1
20487263,,0.000342,0,1,0.000015,4,0,4,4,0,4
20490651,,0.000455,0,66,0.000085,22,0,22,22,0,22
28808484,,0,0.000009,66,0.000007,0,1,1,0,1,1
28738967,,0,0.000009,66,0.000007,0,1,1,0,1,1
28583190,,0,0.000083,66,0.000007,0,2,2,0,2,2
26110820,,0,0.000009,66,0.000007,0,1,1,0,1,1
25084100,,0,0.000009,66,0.000007,0,1,1,0,1,1
24884830,,0,0.000009,66,0.000007,0,1,1,0,1,1
23979844,,0,0.000009,66,0.000007,0,1,1,0,1,1
22936184,,0,0.000009,66,0.000007,0,1,1,0,1,1
20490964,,0.000261,0,279,0.000034,17,0,17,17,0,17
29297603,,0,0.000023,279,0.000007,0,4,4,0,4,4
23320751,,0,0.000025,279,0.000007,0,2,2,0,2,2
22295218,,0,0.000005,279,0.000007,0,1,1,0,1,1
20491084,,0.000338,0,100,0.000015,3,0,3,3,0,3
21253447,,0,0.000006,100,0.000007,0,1,1,0,1,1
30426062,,0,0.001597,1,0.000007,0,5,5,0,5,5
20494261,,0.001176,0,1,0.000015,8,0,8,8,0,8
28853983,,0,0.00004,100,0.000007,0,2,2,0,2,2
28573382,,0,0.00004,82,0.000007,0,3,3,0,3,3
26339505,,0,0.000015,100,0.000007,0,1,1,0,1,1
24260231,,0,0.00007,265,0.000007,0,3,3,0,3,3
24081328,,0,0.00004,100,0.000007,0,2,2,0,2,2
22357623,,0,0.000015,100,0.000007,0,1,1,0,1,1
20498426,,0.000088,0,5,0.000007,1,0,1,1,0,1
20502973,,0.000182,0,89,0.000014,3,0,3,3,0,3
29891505,,0,0.000009,279,0.000007,0,1,1,0,1,1
23720607,,0,0.000009,279,0.000007,0,1,1,0,1,1
23658826,,0,0.000011,279,0.000007,0,2,2,0,2,2
20507347,,0.000345,0,89,0.000009,7,0,7,7,0,7
28758972,,0,0.000031,140,0.000007,0,4,4,0,4,4
22113256,,0,0.000028,140,0.000007,0,2,2,0,2,2
24723974,,0,0,210,0.000007,0,1,1,0,1,1
20512334,,0,0,210,0.000013,1,0,1,1,0,1
26248682,,0,0.000002,89,0.000007,0,1,1,0,1,1
20513533,,0.000081,0,89,0.000026,4,0,4,4,0,4
22952604,,0,0.000002,89,0.000007,0,1,1,0,1,1
21918226,,0,0.000002,89,0.000007,0,1,1,0,1,1
30410398,,0,0,211,0.000007,0,1,1,0,1,1
20514442,,0,0,211,0.000025,3,0,3,3,0,3
26989626,,0,0,211,0.000007,0,1,1,0,1,1
26142152,,0,0,211,0.000007,0,1,1,0,1,1
20514903,,0.000129,0,89,0.000007,1,0,1,1,0,1
29785012,,0,0.000207,140,0.000007,0,2,2,0,2,2
26972339,,0,0.000183,140,0.000007,0,1,1,0,1,1
25765346,,0,0.000183,140,0.000007,0,1,1,0,1,1
20519802,,0.000052,0,5,0.000014,3,0,3,3,0,3
27025271,,0,0.000005,176,0.000007,0,1,1,0,1,1
20521098,,0.000253,0,176,0.000015,4,0,4,4,0,4
20522429,,0.001015,0,140,0.000028,11,0,11,11,0,11
25589899,,0,0.000019,140,0.000007,0,1,1,0,1,1
23133393,,0,0.000019,140,0.000007,0,1,1,0,1,1
21847700,,0,0.000034,89,0.000007,0,1,1,0,1,1
20537530,,0.005357,0,5,0.000025,26,0,26,26,0,26
24260282,,0,0.000102,5,0.000007,0,3,3,0,3,3
21814535,,0,0.000119,69,0.000007,0,2,2,0,2,2
30275391,,0,0.0001,35,0.000007,0,1,1,0,1,1
30170605,,0,0.0001,35,0.000007,0,1,1,0,1,1
30142961,,0,0.0001,35,0.000007,0,1,1,0,1,1
29963127,,0,0.0001,35,0.000007,0,1,1,0,1,1
29290778,,0,0.000226,35,0.000007,0,3,3,0,3,3
29070803,,0,0.0001,35,0.000007,0,1,1,0,1,1
28800782,,0,0.0001,35,0.000007,0,1,1,0,1,1
28337281,,0,0.000291,35,0.000007,0,2,2,0,2,2
28299476,,0,0.000178,35,0.000007,0,4,4,0,4,4
28174679,,0,0.0001,35,0.000007,0,1,1,0,1,1
28103615,,0,0.0001,35,0.000007,0,1,1,0,1,1
27401941,,0,0.0001,35,0.000007,0,1,1,0,1,1
27169349,,0,0.00034,35,0.000007,0,3,3,0,3,3
27108696,,0,0.000316,90,0.000007,0,4,4,0,4,4
27049344,,0,0.0001,35,0.000007,0,1,1,0,1,1
26987503,,0,0.0001,35,0.000007,0,1,1,0,1,1
26637807,,0,0.000275,35,0.000007,0,2,2,0,2,2
26499490,,0,0.000411,1,0.000007,0,4,4,0,4,4
26468877,,0,0.0001,35,0.000007,0,1,1,0,1,1
26458489,,0,0.000104,35,0.000007,0,3,3,0,3,3
25884720,,0,0.000103,35,0.000007,0,2,2,0,2,2
25501339,,0,0.0001,35,0.000007,0,1,1,0,1,1
25072326,,0,0.0001,35,0.000007,0,1,1,0,1,1
24788655,,0,0.00015,35,0.000007,0,2,2,0,2,2
24725360,,0,0.000332,72,0.000007,0,5,5,0,5,5
24479446,,0,0.000524,72,0.000007,0,7,7,0,7,7
23878283,,0,0.0001,35,0.000007,0,1,1,0,1,1
23846322,,0,0.000187,90,0.000007,0,4,4,0,4,4
23601074,,0,0.000488,90,0.000007,0,5,5,0,5,5
23587222,,0,0.000304,35,0.000007,0,3,3,0,3,3
23479679,,0,0.000472,35,0.000007,0,2,2,0,2,2
23053642,,0,0.0001,35,0.000007,0,1,1,0,1,1
22779044,,0,0.000004,90,0.000007,0,2,2,0,2,2
29316957,,0,0.00044,231,0.000007,0,8,8,0,8,8
29137303,,0,0.000076,231,0.000007,0,1,1,0,1,1
28416762,,0,0.000261,231,0.000007,0,2,2,0,2,2
28280355,,0,0.000076,231,0.000007,0,1,1,0,1,1
28179588,,0,0.000076,231,0.000007,0,1,1,0,1,1
27742919,,0,0.00012,231,0.000007,0,2,2,0,2,2
27467053,,0,0.000824,231,0.000007,0,5,5,0,5,5
27143914,,0,0.000076,231,0.000007,0,1,1,0,1,1
26155287,,0,0.000076,231,0.000007,0,1,1,0,1,1
25586992,,0,0.000141,231,0.000007,0,2,2,0,2,2
25392194,,0,0.000232,231,0.000007,0,2,2,0,2,2
25352026,,0,0.000076,231,0.000007,0,1,1,0,1,1
25342391,,0,0.000076,231,0.000007,0,1,1,0,1,1
25258465,,0,0.000262,231,0.000007,0,2,2,0,2,2
25105660,,0,0.000076,231,0.000007,0,1,1,0,1,1
24466379,,0,0.000076,231,0.000007,0,1,1,0,1,1
24304664,,0,0.000076,231,0.000007,0,1,1,0,1,1
24292867,,0,0.000076,231,0.000007,0,1,1,0,1,1
24248812,,0,0.000296,231,0.000007,0,3,3,0,3,3
23935996,,0,0.000131,231,0.000007,0,2,2,0,2,2
23544014,,0,0.000076,231,0.000007,0,1,1,0,1,1
23535733,,0,0.000428,231,0.000007,0,4,4,0,4,4
22984585,,0,0.000076,231,0.000007,0,1,1,0,1,1
22806168,,0,0.000092,205,0.000007,0,2,2,0,2,2
21457555,,0,0.000076,231,0.000007,0,1,1,0,1,1
20543200,,0.000891,0,69,0.000112,25,0,25,25,0,25
30275673,,0,0.000041,5,0.000007,0,4,4,0,4,4
30158805,,0,0.000017,69,0.000007,0,1,1,0,1,1
29386951,,0,0.000017,69,0.000007,0,1,1,0,1,1
29201412,,0,0.000017,69,0.000007,0,1,1,0,1,1
28973123,,0,0.000017,69,0.000007,0,1,1,0,1,1
28725726,,0,0.000017,69,0.000007,0,1,1,0,1,1
27458579,,0,0.000017,69,0.000007,0,1,1,0,1,1
27317433,,0,0.000017,69,0.000007,0,1,1,0,1,1
26437728,,0,0.000017,69,0.000007,0,1,1,0,1,1
25645622,,0,0.000017,69,0.000007,0,1,1,0,1,1
25360241,,0,0.000017,69,0.000007,0,1,1,0,1,1
24937665,,0,0.000017,69,0.000007,0,1,1,0,1,1
24756106,,0,0.000017,69,0.000007,0,1,1,0,1,1
23983752,,0,0.000017,69,0.000007,0,1,1,0,1,1
23242907,,0,0.000017,69,0.000007,0,1,1,0,1,1
21499554,,0,0.000017,69,0.000007,0,1,1,0,1,1
20544271,,0.000115,0,231,0.000008,2,0,2,2,0,2
26052346,,0,0,176,0.000007,0,1,1,0,1,1
20546238,,0,0,176,0.000052,8,0,8,8,0,8
24465727,,0,0,176,0.000007,0,1,1,0,1,1
24159464,,0,0,176,0.000007,0,1,1,0,1,1
23690628,,0,0,176,0.000007,0,1,1,0,1,1
23597129,,0,0,176,0.000007,0,1,1,0,1,1
21304588,,0,0,176,0.000007,0,1,1,0,1,1
21188651,,0,0,176,0.000007,0,1,1,0,1,1
30056367,,0,0.008385,1,0.000007,0,3,3,0,3,3
29908887,,0,0.00865,69,0.000007,0,4,4,0,4,4
29871594,,0,0.000924,1,0.000007,0,1,1,0,1,1
29025907,,0,0.001072,1,0.000007,0,3,3,0,3,3
28966695,,0,0.008692,69,0.000007,0,4,4,0,4,4
28851888,,0,0.000992,69,0.000007,0,3,3,0,3,3
28416487,,0,0.001279,69,0.000007,0,2,2,0,2,2
28389631,,0,0.001059,1,0.000007,0,2,2,0,2,2
27926932,,0,0.000924,1,0.000007,0,1,1,0,1,1
27784327,,0,0.000924,1,0.000007,0,1,1,0,1,1
27486299,,0,0.000924,1,0.000007,0,1,1,0,1,1
27357673,,0,0.008647,69,0.000007,0,3,3,0,3,3
26099277,,0,0.008647,69,0.000007,0,3,3,0,3,3
26087191,,0,0.000935,69,0.000007,0,2,2,0,2,2
25344116,,0,0.001598,1,0.000007,0,2,2,0,2,2
25246945,,0,0.000924,1,0.000007,0,1,1,0,1,1
25061068,,0,0.008682,69,0.000007,0,3,3,0,3,3
24908656,,0,0.007909,1,0.000007,0,5,5,0,5,5
24700803,,0,0.008682,69,0.000007,0,3,3,0,3,3
24700801,,0,0.00836,69,0.000007,0,2,2,0,2,2
24037242,,0,0.009769,1,0.000007,0,6,6,0,6,6
23550061,,0,0.00836,69,0.000007,0,2,2,0,2,2
20549370,,0.000141,0,89,0.000015,3,0,3,3,0,3
24010029,,0,0.000003,89,0.000007,0,1,1,0,1,1
20551068,,0.023612,0,1,0.000129,66,0,66,66,0,66
29907568,,0,0.000656,1,0.000007,0,2,2,0,2,2
29805738,,0,0.00265,1,0.000007,0,11,11,0,11,11
26475688,,0,0.00045,1,0.000007,0,1,1,0,1,1
26091340,,0,0.001537,1,0.000007,0,6,6,0,6,6
25220464,,0,0.00045,1,0.000007,0,1,1,0,1,1
24688722,,0,0.00045,1,0.000007,0,1,1,0,1,1
24512128,,0,0.00045,1,0.000007,0,1,1,0,1,1
24504413,,0,0.000656,1,0.000007,0,2,2,0,2,2
23974101,,0,0.000462,184,0.000007,0,2,2,0,2,2
21870279,,0,0.00045,1,0.000007,0,1,1,0,1,1
29936137,,0,0,108,0.000007,0,1,1,0,1,1
20551151,,0.000001,0,108,0.000083,15,0,15,15,0,15
29196536,,0,0,108,0.000007,0,1,1,0,1,1
28177907,,0,0,108,0.000007,0,1,1,0,1,1
27476975,,0,0,108,0.000007,0,1,1,0,1,1
27103825,,0,0,108,0.000007,0,1,1,0,1,1
26617816,,0,0,108,0.000007,0,1,1,0,1,1
25855785,,0,0,108,0.000007,0,1,1,0,1,1
25625359,,0,0,108,0.000007,0,1,1,0,1,1
24875049,,0,0,108,0.000007,0,1,1,0,1,1
24764658,,0,0.000003,108,0.000007,0,2,2,0,2,2
23287986,,0,0,108,0.000007,0,1,1,0,1,1
22895178,,0,0,108,0.000007,0,1,1,0,1,1
30369891,,0,0.000014,5,0.000007,0,1,1,0,1,1
28926204,,0,0.000014,5,0.000007,0,1,1,0,1,1
28734560,,0,0.000014,5,0.000007,0,1,1,0,1,1
27178707,,0,0.000016,5,0.000007,0,2,2,0,2,2
26882339,,0,0.000014,5,0.000007,0,1,1,0,1,1
26324110,,0,0.000014,5,0.000007,0,1,1,0,1,1
26049537,,0,0.000014,5,0.000007,0,1,1,0,1,1
24246564,,0,0.000014,5,0.000007,0,1,1,0,1,1
23280399,,0,0.000014,5,0.000007,0,1,1,0,1,1
22247420,,0,0.000014,5,0.000007,0,1,1,0,1,1
27708693,,0,0,176,0.000007,0,1,1,0,1,1
20555000,,0.000004,0,176,0.000016,2,0,2,2,0,2
26837068,,0,0.000206,176,0.000007,0,2,2,0,2,2
20555082,,0.000542,0,89,0.000014,3,0,3,3,0,3
22649751,,0,0.00001,89,0.000007,0,1,1,0,1,1
30200265,,0,0.000128,69,0.000007,0,3,3,0,3,3
30190481,,0,0.000048,1,0.000007,0,1,1,0,1,1
29708513,,0,0.000048,1,0.000007,0,1,1,0,1,1
29633898,,0,0.000048,1,0.000007,0,1,1,0,1,1
28947962,,0,0.000048,1,0.000007,0,1,1,0,1,1
28880867,,0,0.000048,1,0.000007,0,1,1,0,1,1
26692909,,0,0.000048,1,0.000007,0,1,1,0,1,1
26550452,,0,0.000048,1,0.000007,0,1,1,0,1,1
26506390,,0,0.000048,1,0.000007,0,1,1,0,1,1
26366234,,0,0.000048,1,0.000007,0,1,1,0,1,1
26351843,,0,0.000163,1,0.000007,0,2,2,0,2,2
26190889,,0,0.000048,1,0.000007,0,1,1,0,1,1
25534978,,0,0.000048,1,0.000007,0,1,1,0,1,1
25337550,,0,0.007484,1,0.000007,0,2,2,0,2,2
25316809,,0,0.007484,1,0.000007,0,2,2,0,2,2
25077705,,0,0.000048,1,0.000007,0,1,1,0,1,1
25035395,,0,0.002108,1,0.000007,0,2,2,0,2,2
24535937,,0,0.000048,1,0.000007,0,1,1,0,1,1
24374023,,0,0.000051,69,0.000007,0,2,2,0,2,2
23370212,,0,0.000048,1,0.000007,0,1,1,0,1,1
23097673,,0,0.000048,1,0.000007,0,1,1,0,1,1
22761704,,0,0.000048,1,0.000007,0,1,1,0,1,1
22704344,,0,0.000056,1,0.000007,0,2,2,0,2,2
21908573,,0,0.000048,1,0.000007,0,1,1,0,1,1
20567018,,0.00026,0,5,0.000027,8,0,8,8,0,8
24033230,,0,0.000005,5,0.000007,0,1,1,0,1,1
23846343,,0,0.000005,5,0.000007,0,1,1,0,1,1
23681062,,0,0.000005,5,0.000007,0,2,2,0,2,2
20567141,,0.002417,0,69,0.000019,15,0,15,15,0,15
29974077,,0,0.000009,35,0.000007,0,2,2,0,2,2
28467443,,0,0.000164,35,0.000007,0,2,2,0,2,2
28133539,,0,0.000021,35,0.000007,0,2,2,0,2,2
28090171,,0,0.000011,35,0.000007,0,3,3,0,3,3
27881578,,0,0.000008,35,0.000007,0,1,1,0,1,1
27695480,,0,0.000008,35,0.000007,0,1,1,0,1,1
26997872,,0,0.000741,35,0.000007,0,3,3,0,3,3
26928812,,0,0.000008,35,0.000007,0,1,1,0,1,1
26752563,,0,0.000008,35,0.000007,0,1,1,0,1,1
25537728,,0,0.000008,35,0.000007,0,1,1,0,1,1
25296018,,0,0.000008,35,0.000007,0,1,1,0,1,1
24967588,,0,0.000027,35,0.000007,0,2,2,0,2,2
23601191,,0,0.000008,35,0.000007,0,1,1,0,1,1
23595559,,0,0.000008,35,0.000007,0,1,1,0,1,1
23304239,,0,0.000008,35,0.000007,0,1,1,0,1,1
21954337,,0,0.000008,35,0.000007,0,1,1,0,1,1
21423209,,0,0.000008,35,0.000007,0,1,1,0,1,1
20567915,,0.000351,0,89,0.000008,4,0,4,4,0,4
20567916,,0.000082,0,176,0.00002,5,0,5,5,0,5
27974698,,0,0.000002,176,0.000007,0,1,1,0,1,1
28498459,,0,0.001212,1,0.000007,0,4,4,0,4,4
20568893,,0.000221,0,1,0.000015,3,0,3,3,0,3
24801752,,0,0.000004,1,0.000007,0,1,1,0,1,1
20569256,,0.000821,0,89,0.000021,12,0,12,12,0,12
25243006,,0,0.000016,89,0.000007,0,1,1,0,1,1
20570322,,0.001105,0,1,0.000016,8,0,8,8,0,8
26090245,,0,0.000021,1,0.000007,0,1,1,0,1,1
20574927,,0.000249,0,100,0.000008,1,0,1,1,0,1
29180805,,0,0.000126,35,0.000007,0,1,1,0,1,1
29157313,,0,0.000126,35,0.000007,0,1,1,0,1,1
28473876,,0,0.000126,35,0.000007,0,1,1,0,1,1
28338617,,0,0.000126,35,0.000007,0,1,1,0,1,1
28300085,,0,0.000126,35,0.000007,0,1,1,0,1,1
26799285,,0,0.000126,35,0.000007,0,1,1,0,1,1
25987569,,0,0.000498,69,0.000007,0,2,2,0,2,2
25698970,,0,0.000126,35,0.000007,0,1,1,0,1,1
25669979,,0,0.000126,35,0.000007,0,1,1,0,1,1
25655188,,0,0.000126,35,0.000007,0,1,1,0,1,1
25546585,,0,0.000126,35,0.000007,0,1,1,0,1,1
24887297,,0,0.000132,72,0.000007,0,2,2,0,2,2
24194916,,0,0.000133,41,0.000007,0,2,2,0,2,2
23990412,,0,0.000126,35,0.000007,0,1,1,0,1,1
23562422,,0,0.000126,35,0.000007,0,1,1,0,1,1
23483937,,0.000053,0.000126,35,0.000031,5,1,6,5,1,6
23431153,,0,0.000128,35,0.000007,0,2,2,0,2,2
23319288,,0,0.000126,35,0.000007,0,1,1,0,1,1
22815890,,0,0.000126,35,0.000007,0,1,1,0,1,1
22363434,,0,0.000126,35,0.000007,0,1,1,0,1,1
21752925,,0,0.000126,35,0.000007,0,1,1,0,1,1
29751820,,0,0,66,0.000007,0,1,1,0,1,1
26497667,,0,0,66,0.000007,0,1,1,0,1,1
25803864,,0,0,66,0.000007,0,1,1,0,1,1
25261977,,0,0.000006,66,0.000007,0,2,2,0,2,2
24921917,,0,0.000082,66,0.000007,0,2,2,0,2,2
24886678,,0,0.000082,66,0.000007,0,2,2,0,2,2
24721622,,0,0,66,0.000007,0,1,1,0,1,1
22570511,,0,0,66,0.000007,0,1,1,0,1,1
20577821,,0.000781,0,35,0.000012,6,0,6,6,0,6
29234570,,0,0.000019,5,0.000007,0,1,1,0,1,1
20579712,,0.001014,0,5,0.0001,18,0,18,18,0,18
28979769,,0,0.000019,5,0.000007,0,1,1,0,1,1
28607282,,0,0.000019,5,0.000007,0,1,1,0,1,1
27231167,,0,0.000019,5,0.000007,0,1,1,0,1,1
26809202,,0,0.000019,5,0.000007,0,1,1,0,1,1
25848177,,0,0.000019,5,0.000007,0,1,1,0,1,1
25264529,,0,0.000019,5,0.000007,0,1,1,0,1,1
24960481,,0,0.000019,5,0.000007,0,1,1,0,1,1
24371418,,0,0.000019,5,0.000007,0,1,1,0,1,1
24307944,,0,0.000019,5,0.000007,0,1,1,0,1,1
23997959,,0,0.000019,5,0.000007,0,1,1,0,1,1
23318078,,0,0.000019,5,0.000007,0,1,1,0,1,1
23248446,,0,0.000019,5,0.000007,0,1,1,0,1,1
22448110,,0,0.000019,5,0.000007,0,1,1,0,1,1
22091357,,0,0.000019,5,0.000007,0,1,1,0,1,1
20582464,,0.005675,0,1,0.000062,21,0,21,21,0,21
24097821,,0,0.000108,1,0.000007,0,1,1,0,1,1
24008095,,0,0.007544,69,0.000007,0,2,2,0,2,2
21543509,,0,0.000108,1,0.000007,0,1,1,0,1,1
21518729,,0,0.000108,1,0.000007,0,1,1,0,1,1
21407225,,0,0.000108,1,0.000007,0,1,1,0,1,1
20582465,,0.000953,0,100,0.000022,12,0,12,12,0,12
29429991,,0,0.000058,57,0.000007,0,1,1,0,1,1
29228615,,0,0.000058,57,0.000007,0,1,1,0,1,1
28633670,,0,0.000058,57,0.000007,0,1,1,0,1,1
28489060,,0,0.000133,100,0.000007,0,4,4,0,4,4
28030834,,0.000023,0.000085,57,0.000013,2,2,4,2,2,4
27756180,,0,0.000058,57,0.000007,0,1,1,0,1,1
27599042,,0,0.000058,57,0.000007,0,1,1,0,1,1
26296641,,0,0.000058,57,0.000007,0,1,1,0,1,1
26113989,,0,0.000059,57,0.000007,0,2,2,0,2,2
25688158,,0,0.000058,57,0.000007,0,1,1,0,1,1
25284223,,0,0.000163,100,0.000007,0,4,4,0,4,4
25283841,,0,0.000265,57,0.000007,0,3,3,0,3,3
25275596,,0,0.000058,57,0.000007,0,1,1,0,1,1
25036040,,0,0.000058,57,0.000007,0,1,1,0,1,1
25026284,,0.000437,0.000058,247,0.000121,26,1,27,26,1,27
24989836,,0,0.000058,57,0.000007,0,1,1,0,1,1
24841903,,0,0.000058,57,0.000007,0,1,1,0,1,1
24163230,,0,0.000082,57,0.000007,0,2,2,0,2,2
23884428,,0,0.000058,57,0.000007,0,1,1,0,1,1
23546521,,0,0.000058,57,0.000007,0,1,1,0,1,1
23377825,,0,0.000058,57,0.000007,0,1,1,0,1,1
23361058,,0,0.000151,57,0.000007,0,3,3,0,3,3
23344649,,0,0.000058,57,0.000007,0,1,1,0,1,1
21188171,,0,0.000058,57,0.000007,0,1,1,0,1,1
20959420,,0,0.000058,57,0.000007,0,1,1,0,1,1
20587403,,0.002791,0,1,0.000021,11,0,11,11,0,11
26980749,,0,0.000389,90,0.000007,0,2,2,0,2,2
26897752,,0,0.000018,90,0.000007,0,1,1,0,1,1
26543331,,0,0.000018,90,0.000007,0,1,1,0,1,1
24748969,,0,0.000018,90,0.000007,0,1,1,0,1,1
24729812,,0,0.000018,90,0.000007,0,1,1,0,1,1
23680145,,0,0.000018,90,0.000007,0,1,1,0,1,1
23204113,,0,0.000018,90,0.000007,0,1,1,0,1,1
22747748,,0,0.000018,90,0.000007,0,1,1,0,1,1
22114869,,0,0.000018,90,0.000007,0,1,1,0,1,1
21607288,,0,0.000032,90,0.000007,0,2,2,0,2,2
21358984,,0,0.000018,90,0.000007,0,1,1,0,1,1
20593485,,0.002027,0,35,0.000141,32,0,32,32,0,32
29029636,,0,0.000039,35,0.000007,0,1,1,0,1,1
27542606,,0,0.000039,35,0.000007,0,1,1,0,1,1
26716838,,0,0.000039,35,0.000007,0,1,1,0,1,1
26207633,,0,0.000039,35,0.000007,0,1,1,0,1,1
26206152,,0,0.000039,35,0.000007,0,1,1,0,1,1
25382608,,0,0.000039,35,0.000007,0,1,1,0,1,1
24282417,,0,0.000039,35,0.000007,0,1,1,0,1,1
24029232,,0,0.000229,35,0.000007,0,2,2,0,2,2
23360712,,0,0.000039,35,0.000007,0,1,1,0,1,1
23339462,,0,0.000039,35,0.000007,0,1,1,0,1,1
23136189,,0,0.000039,35,0.000007,0,1,1,0,1,1
22823907,,0,0.000039,35,0.000007,0,1,1,0,1,1
22805332,,0,0.000039,35,0.000007,0,1,1,0,1,1
22678159,,0,0.000039,35,0.000007,0,1,1,0,1,1
22458912,,0,0.000039,35,0.000007,0,1,1,0,1,1
22366799,,0,0.000039,35,0.000007,0,1,1,0,1,1
22219018,,0,0.000039,35,0.000007,0,1,1,0,1,1
21162754,,0,0.000039,35,0.000007,0,1,1,0,1,1
20596889,,0.0005,0,89,0.000018,7,0,7,7,0,7
30405846,,0,0.000067,69,0.000007,0,1,1,0,1,1
29928489,,0,0.000137,69,0.000007,0,2,2,0,2,2
26643275,,0,0.007817,69,0.000007,0,4,4,0,4,4
23502471,,0,0.000067,69,0.000007,0,1,1,0,1,1
20597917,,0.001074,0,231,0.000032,16,0,16,16,0,16
25123297,,0,0.001167,231,0.000007,0,4,4,0,4,4
21804916,,0,0.00002,231,0.000007,0,1,1,0,1,1
20599945,,0.000983,0,90,0.000042,11,0,11,11,0,11
24349488,,0,0.000019,90,0.000007,0,1,1,0,1,1
23408996,,0,0.000019,90,0.000007,0,1,1,0,1,1
22430150,,0,0.000019,90,0.000007,0,1,1,0,1,1
20603439,,0.00206,0,24,0.000065,25,0,25,25,0,25
28717136,,0,0.000039,24,0.000007,0,1,1,0,1,1
26816830,,0,0.000039,24,0.000007,0,1,1,0,1,1
24586637,,0,0.000039,24,0.000007,0,1,1,0,1,1
24151392,,0,0.000039,24,0.000007,0,1,1,0,1,1
30056638,,0,0.000006,5,0.000007,0,2,2,0,2,2
20605594,,0.000015,0,5,0.000015,4,0,4,4,0,4
30036377,,0,0.008122,69,0.000007,0,3,3,0,3,3
29731958,,0,0.001891,1,0.000007,0,27,27,0,27,27
25183480,,0,0.000702,1,0.000007,0,2,2,0,2,2
21571862,,0,0.000674,1,0.000007,0,1,1,0,1,1
20608970,,0.001479,0,279,0.000038,19,0,19,19,0,19
26514439,,0,0.000028,279,0.000007,0,1,1,0,1,1
20608972,,0.002311,0,90,0.000056,25,0,25,25,0,25
26864624,,0,0.00025,176,0.000007,0,2,2,0,2,2
24422525,,0,0.000044,90,0.000007,0,1,1,0,1,1
24376786,,0,0.000044,90,0.000007,0,1,1,0,1,1
23765067,,0,0.000044,90,0.000007,0,1,1,0,1,1
21753182,,0,0.000044,90,0.000007,0,1,1,0,1,1
30400599,,0,0.00342,1,0.000007,0,2,2,0,2,2
20609467,,0.179136,0,1,0.000906,467,0,467,467,0,467
30240327,,0,0.003806,1,0.000007,0,8,8,0,8,8
29733524,,0,0.005432,1,0.000007,0,8,8,0,8,8
29528376,,0,0.003728,1,0.000007,0,3,3,0,3,3
29470805,,0,0.004439,35,0.000016,2,11,13,2,11,13
29348879,,0,0.00683,1,0.000007,0,4,4,0,4,4
29203914,,0,0.003416,1,0.000007,0,1,1,0,1,1
28974953,,0,0.00571,1,0.000007,0,3,3,0,3,3
28961844,,0,0.003679,1,0.000007,0,4,4,0,4,4
28851309,,0,0.003416,1,0.000007,0,1,1,0,1,1
28789376,,0,0.003521,1,0.000007,0,3,3,0,3,3
28653990,,0,0.006719,1,0.000007,0,2,2,0,2,2
28623955,,0,0.003594,1,0.000007,0,2,2,0,2,2
28611536,,0.000017,0.011276,35,0.000011,2,24,26,2,24,26
28122957,,0.000019,0.003451,1,0.000024,4,2,6,4,2,6
28089051,,0,0.016202,1,0.000007,0,6,6,0,6,6
27867600,,0,0.006719,1,0.000007,0,2,2,0,2,2
27824811,,0.001043,0.012767,1,0.000014,6,5,11,6,5,11
27626701,,0,0.003416,1,0.000007,0,1,1,0,1,1
27489289,,0,0.003416,1,0.000007,0,1,1,0,1,1
27314861,,0,0.003473,35,0.000007,0,2,2,0,2,2
27223428,,0,0.003591,35,0.000007,0,2,2,0,2,2
27190030,,0,0.003416,1,0.000007,0,1,1,0,1,1
26787237,,0,0.00403,35,0.000007,0,2,2,0,2,2
26469044,,0,0.007395,1,0.000007,0,4,4,0,4,4
26426684,,0.000032,0.018897,1,0.000033,9,10,19,9,10,19
26391154,,0,0.003416,1,0.000007,0,1,1,0,1,1
25856207,,0,0.006719,1,0.000007,0,2,2,0,2,2
25811737,,0,0.003578,1,0.000007,0,3,3,0,3,3
25505847,,0,0.003416,1,0.000007,0,1,1,0,1,1
25501559,,0,0.003416,1,0.000007,0,1,1,0,1,1
25056697,,0,0.003787,69,0.000007,0,2,2,0,2,2
24927325,,0,0.008282,1,0.000007,0,9,9,0,9,9
24826054,,0,0.006719,1,0.000007,0,2,2,0,2,2
24814483,,0,0.003528,1,0.000007,0,2,2,0,2,2
24648759,,0,0.005805,1,0.000007,0,2,2,0,2,2
24141602,,0,0.008086,1,0.000007,0,5,5,0,5,5
23788652,,0,0.006719,1,0.000007,0,2,2,0,2,2
23361057,,0,0.003416,1,0.000007,0,1,1,0,1,1
22655230,,0,0.006719,1,0.000007,0,2,2,0,2,2
22429313,,0,0.003416,1,0.000007,0,1,1,0,1,1
22410081,,0,0.009108,1,0.000007,0,3,3,0,3,3
20609468,,0.173216,0,1,0.000655,362,0,362,362,0,362
30271116,,0,0.012824,1,0.000007,0,18,18,0,18,18
29930804,,0,0.003509,176,0.000007,0,2,2,0,2,2
29678787,,0,0.003495,90,0.000007,0,3,3,0,3,3
29190901,,0,0.003303,1,0.000007,0,1,1,0,1,1
28336669,,0,0.003303,1,0.000007,0,1,1,0,1,1
28076755,,0,0.004276,1,0.000007,0,4,4,0,4,4
27793177,,0,0.003303,1,0.000007,0,1,1,0,1,1
26849263,,0,0.003303,1,0.000007,0,1,1,0,1,1
26456302,,0,0.01268,1,0.000007,0,7,7,0,7,7
25783201,,0,0.01465,1,0.000007,0,7,7,0,7,7
25638392,,0,0.003415,1,0.000007,0,2,2,0,2,2
24726141,,0,0.003549,1,0.000007,0,3,3,0,3,3
24314048,,0.000144,0.011066,69,0.00003,5,4,9,5,4,9
23742622,,0,0.005692,1,0.000007,0,2,2,0,2,2
23236348,,0,0.003303,1,0.000007,0,1,1,0,1,1
23022887,,0,0.005537,1,0.000007,0,3,3,0,3,3
22179821,,0,0.003303,1,0.000007,0,1,1,0,1,1
29651020,,0,0.000016,100,0.000007,0,1,1,0,1,1
28338320,,0,0.000016,100,0.000007,0,1,1,0,1,1
27758883,,0,0.000016,100,0.000007,0,1,1,0,1,1
26686581,,0,0.000016,100,0.000007,0,1,1,0,1,1
26020839,,0,0.000016,100,0.000007,0,1,1,0,1,1
25970731,,0,0.000016,100,0.000007,0,1,1,0,1,1
25951181,,0,0.000016,100,0.000007,0,1,1,0,1,1
25406853,,0,0.000016,100,0.000007,0,1,1,0,1,1
24921003,,0,0.000016,100,0.000007,0,1,1,0,1,1
24379414,,0,0.000016,100,0.000007,0,1,1,0,1,1
23656789,,0,0.000016,100,0.000007,0,1,1,0,1,1
23388725,,0,0.000016,100,0.000007,0,1,1,0,1,1
20614180,,0.004169,0,1,0.000024,16,0,16,16,0,16
30026820,,0,0.00027,205,0.000007,0,1,1,0,1,1
30020434,,0,0.00027,205,0.000007,0,1,1,0,1,1
29915322,,0,0.000759,1,0.000007,0,7,7,0,7,7
28526081,,0.000029,0.001176,205,0.000015,4,4,8,4,4,8
28051113,,0,0.001019,205,0.000007,0,14,14,0,14,14
27573169,,0,0.008673,205,0.000007,0,4,4,0,4,4
27418648,,0,0.001126,205,0.000007,0,2,2,0,2,2
27229674,,0,0.00027,205,0.000007,0,1,1,0,1,1
26847329,,0,0.001911,205,0.000007,0,3,3,0,3,3
26401056,,0,0.00027,205,0.000007,0,1,1,0,1,1
26146607,,0,0.00087,1,0.000007,0,4,4,0,4,4
26084827,,0,0.00027,205,0.000007,0,1,1,0,1,1
25565622,,0,0.000359,205,0.000007,0,2,2,0,2,2
25262649,,0,0.00027,205,0.000007,0,1,1,0,1,1
25255306,,0,0.00027,205,0.000007,0,1,1,0,1,1
25239263,,0,0.001126,205,0.000007,0,2,2,0,2,2
25167919,,0,0.007706,205,0.000007,0,2,2,0,2,2
24963352,,0,0.00027,205,0.000007,0,1,1,0,1,1
24947485,,0,0.00027,205,0.000007,0,1,1,0,1,1
24752294,,0,0.00027,205,0.000007,0,1,1,0,1,1
23942198,,0,0.00027,205,0.000007,0,1,1,0,1,1
23770805,,0,0.001126,205,0.000007,0,2,2,0,2,2
23559859,,0,0.000279,89,0.000007,0,2,2,0,2,2
23368785,,0,0.00027,205,0.000007,0,1,1,0,1,1
23148716,,0,0.00027,205,0.000007,0,1,1,0,1,1
22773737,,0,0.00027,205,0.000007,0,1,1,0,1,1
22647651,,0,0.00027,205,0.000007,0,1,1,0,1,1
22559009,,0,0.00027,205,0.000007,0,1,1,0,1,1
22526018,,0,0.00027,205,0.000007,0,1,1,0,1,1
22474122,,0,0.00027,205,0.000007,0,1,1,0,1,1
22177090,,0,0.00027,205,0.000007,0,1,1,0,1,1
22016077,,0,0.00027,205,0.000007,0,1,1,0,1,1
21917145,,0,0.00027,205,0.000007,0,1,1,0,1,1
21795084,,0,0.00027,205,0.000007,0,1,1,0,1,1
21704268,,0,0.00027,205,0.000007,0,1,1,0,1,1
21698376,,0,0.00027,205,0.000007,0,1,1,0,1,1
21493627,,0,0.00027,205,0.000007,0,1,1,0,1,1
21486468,,0,0.00027,205,0.000007,0,1,1,0,1,1
21270641,,0,0.00027,205,0.000007,0,1,1,0,1,1
20673864,,0,0.00027,205,0.000007,0,1,1,0,1,1
20617377,,0.000897,0,89,0.000012,13,0,13,13,0,13
29600234,,0,0.000053,69,0.000007,0,3,3,0,3,3
28706361,,0,0.000062,69,0.000007,0,4,4,0,4,4
26390206,,0,0.000206,69,0.000007,0,3,3,0,3,3
27588049,,0,0,279,0.000007,0,1,1,0,1,1
20620922,,0.00001,0,279,0.00004,7,0,7,7,0,7
26400412,,0,0,279,0.000007,0,1,1,0,1,1
24305978,,0,0,279,0.000007,0,1,1,0,1,1
23975301,,0,0,279,0.000007,0,1,1,0,1,1
20622893,,0.000117,0,90,0.00002,8,0,8,8,0,8
20623183,,0.000125,0,66,0.000053,14,0,14,14,0,14
29190668,,0,0.000002,66,0.000007,0,1,1,0,1,1
23885094,,0,0.000002,66,0.000007,0,1,1,0,1,1
23672670,,0,0.000002,66,0.000007,0,1,1,0,1,1
20623332,,0.000103,0,231,0.000011,5,0,5,5,0,5
20625126,,0.000285,0,198,0.000112,11,0,11,11,0,11
25965809,,0.000193,0.000005,5,0.000099,26,1,27,26,1,27
22222356,,0,0.000005,198,0.000007,0,1,1,0,1,1
20625817,,0.00054,0,5,0.00002,6,0,6,6,0,6
26084304,,0,0.00001,5,0.000007,0,1,1,0,1,1
24155757,,0,0.00001,5,0.000007,0,1,1,0,1,1
29127457,,0,0.000231,1,0.000007,0,1,1,0,1,1
28945288,,0,0.000423,1,0.000007,0,5,5,0,5,5
27233076,,0,0.000231,1,0.000007,0,1,1,0,1,1
26537256,,0,0.000231,1,0.000007,0,1,1,0,1,1
25053826,,0,0.000655,1,0.000007,0,5,5,0,5,5
25741592,,0,0.000057,100,0.000007,0,1,1,0,1,1
22402744,,0,0.000497,100,0.000007,0,4,4,0,4,4
20631078,,0.002771,0,100,0.000114,34,0,34,34,0,34
28977907,,0,0.000053,100,0.000007,0,1,1,0,1,1
27759030,,0,0.000053,100,0.000007,0,1,1,0,1,1
27528230,,0,0.000053,100,0.000007,0,1,1,0,1,1
27259994,,0,0.000053,100,0.000007,0,1,1,0,1,1
25355518,,0,0.000053,100,0.000007,0,1,1,0,1,1
24855649,,0,0.000053,100,0.000007,0,1,1,0,1,1
24778179,,0,0.000053,100,0.000007,0,1,1,0,1,1
24722987,,0,0.000056,100,0.000007,0,2,2,0,2,2
23563970,,0,0.000053,100,0.000007,0,1,1,0,1,1
21860393,,0,0.000053,100,0.000007,0,1,1,0,1,1
21493713,,0,0.000053,100,0.000007,0,1,1,0,1,1
21467234,,0,0.000053,100,0.000007,0,1,1,0,1,1
21193487,,0,0.000053,100,0.000007,0,1,1,0,1,1
30123446,,0,0.000013,279,0.000007,0,1,1,0,1,1
29487603,,0,0.000016,279,0.000007,0,2,2,0,2,2
27355345,,0,0.000019,35,0.000007,0,3,3,0,3,3
26537190,,0,0.000013,279,0.000007,0,1,1,0,1,1
25258701,,0,0.000026,279,0.000007,0,3,3,0,3,3
23895687,,0,0.000013,279,0.000007,0,1,1,0,1,1
23773911,,0,0.000013,279,0.000007,0,1,1,0,1,1
23731446,,0,0.000013,279,0.000007,0,1,1,0,1,1
22353664,,0,0.000013,279,0.000007,0,1,1,0,1,1
20632057,,0.000093,0,35,0.000049,13,0,13,13,0,13
29344276,,0,0.000002,35,0.000007,0,1,1,0,1,1
29180879,,0,0.000002,35,0.000007,0,2,2,0,2,2
28435404,,0,0.000079,35,0.000007,0,3,3,0,3,3
28069875,,0,0.000002,35,0.000007,0,1,1,0,1,1
27895868,,0,0.000003,35,0.000007,0,2,2,0,2,2
24470007,,0,0.000002,35,0.000007,0,1,1,0,1,1
22323914,,0,0.000002,35,0.000007,0,1,1,0,1,1
20632086,,0.000838,0,176,0.000027,14,0,14,14,0,14
20632911,,0.000028,0,69,0.00001,2,0,2,2,0,2
20634209,,0.001793,0,69,0.000082,38,0,38,38,0,38
29456620,,0,0.000034,69,0.000007,0,1,1,0,1,1
29363484,,0,0.000042,69,0.000007,0,2,2,0,2,2
28633381,,0,0.000506,231,0.000007,0,4,4,0,4,4
26825831,,0,0.000034,69,0.000007,0,1,1,0,1,1
26406934,,0,0.000034,69,0.000007,0,1,1,0,1,1
24825424,,0,0.000034,69,0.000007,0,1,1,0,1,1
24619509,,0,0.000149,69,0.000007,0,2,2,0,2,2
23328247,,0,0.000034,69,0.000007,0,1,1,0,1,1
22707710,,0,0.000034,69,0.000007,0,1,1,0,1,1
22174901,,0,0.000025,35,0.000007,0,1,1,0,1,1
20638108,,0.000148,0,89,0.000007,2,0,2,2,0,2
20638839,,0.001863,0,176,0.000041,14,0,14,14,0,14
24205301,,0,0.000036,176,0.000007,0,1,1,0,1,1
20638925,,0.000073,0,5,0.000007,1,0,1,1,0,1
29185118,,0,0.000037,5,0.000007,0,1,1,0,1,1
24847485,,0,0.00004,198,0.000007,0,2,2,0,2,2
20645701,,0.002094,0,1,0.000022,9,0,9,9,0,9
23723721,,0,0.007594,24,0.000007,0,3,3,0,3,3
21443800,,0,0.00004,1,0.000007,0,1,1,0,1,1
29275364,,0,0.000021,72,0.000007,0,1,1,0,1,1
28610418,,0,0.000043,72,0.000007,0,3,3,0,3,3
28006059,,0,0.000043,72,0.000007,0,2,2,0,2,2
27365541,,0,0.000021,72,0.000007,0,1,1,0,1,1
27274271,,0,0.000021,72,0.000007,0,1,1,0,1,1
26605296,,0,0.000021,72,0.000007,0,1,1,0,1,1
26392416,,0,0.000028,72,0.000007,0,3,3,0,3,3
25940428,,0,0.000291,231,0.000013,1,8,9,1,8,9
25633745,,0,0.000043,72,0.000007,0,2,2,0,2,2
25433809,,0,0.000051,72,0.000007,0,4,4,0,4,4
25361550,,0,0.000029,72,0.000007,0,3,3,0,3,3
25245095,,0,0.000107,72,0.000007,0,2,2,0,2,2
25210463,,0,0.000054,72,0.000007,0,5,5,0,5,5
25183481,,0,0.000054,72,0.000007,0,4,4,0,4,4
24935732,,0,0.000021,72,0.000007,0,1,1,0,1,1
24890702,,0,0.000047,72,0.000007,0,4,4,0,4,4
24732316,,0,0.000043,72,0.000007,0,3,3,0,3,3
24552817,,0,0.00006,72,0.000007,0,3,3,0,3,3
24353399,,0,0.000029,72,0.000007,0,2,2,0,2,2
23167843,,0,0.000054,72,0.000007,0,5,5,0,5,5
22679560,,0.000896,0.000051,72,0.000019,6,3,9,6,3,9
22536442,,0,0.007457,72,0.000007,0,2,2,0,2,2
22436609,,0.000026,0.000054,72,0.000048,17,4,21,17,4,21
22424228,,0,0.000021,72,0.000007,0,1,1,0,1,1
22307873,,0,0.000021,72,0.000007,0,1,1,0,1,1
22303394,,0,0.000021,72,0.000007,0,1,1,0,1,1
22297295,,0,0.000271,168,0.000007,0,7,7,0,7,7
22213511,,0,0.000021,72,0.000007,0,1,1,0,1,1
21994416,,0,0.000051,72,0.000007,0,3,3,0,3,3
21956427,,0,0.000021,72,0.000007,0,1,1,0,1,1
21636674,,0,0.000029,72,0.000007,0,2,2,0,2,2
21543894,,0,0.000043,72,0.000007,0,2,2,0,2,2
21514318,,0,0.000021,72,0.000007,0,1,1,0,1,1
21119596,,0,0.000021,72,0.000007,0,1,1,0,1,1
29855831,,0,0.000038,5,0.000007,0,3,3,0,3,3
29180900,,0,0.000035,5,0.000007,0,2,2,0,2,2
28985858,,0,0.000015,5,0.000007,0,2,2,0,2,2
28903158,,0,0.000035,5,0.00001,1,2,3,1,2,3
28766208,,0,0.000048,5,0.000007,0,4,4,0,4,4
28143474,,0,0.000071,5,0.000007,0,7,7,0,7,7
28058563,,0,0.000017,5,0.000007,0,2,2,0,2,2
28002555,,0,0.000089,5,0.000007,0,6,6,0,6,6
25930247,,0.000196,0.000084,5,0.000042,17,7,24,17,7,24
25719688,,0,0.000041,5,0.000007,0,3,3,0,3,3
29700278,,0,0.000001,247,0.000007,0,1,1,0,1,1
20651058,,0.000047,0,247,0.000073,14,0,14,14,0,14
28620148,,0,0.000001,247,0.000007,0,1,1,0,1,1
28467792,,0,0.000001,247,0.000007,0,1,1,0,1,1
27933271,,0,0.000001,247,0.000007,0,1,1,0,1,1
26497213,,0,0.000001,247,0.000007,0,1,1,0,1,1
26481147,,0,0.000025,247,0.000007,0,3,3,0,3,3
26415506,,0,0.000001,247,0.000007,0,1,1,0,1,1
23104988,,0,0.000001,247,0.000007,0,1,1,0,1,1
22253825,,0,0.000001,247,0.000007,0,1,1,0,1,1
22028624,,0,0.000001,247,0.000007,0,1,1,0,1,1
20651350,,0.000023,0,90,0.000034,8,0,8,8,0,8
26771440,,0,0,90,0.000007,0,1,1,0,1,1
25951989,,0,0,90,0.000007,0,1,1,0,1,1
25302172,,0,0.000004,90,0.000007,0,2,2,0,2,2
22200028,,0,0,90,0.000007,0,1,1,0,1,1
29568369,,0,0.000004,279,0.000007,0,1,1,0,1,1
29515366,,0,0.000004,279,0.000007,0,1,1,0,1,1
28784776,,0,0.000004,279,0.000007,0,1,1,0,1,1
28662101,,0,0.000004,279,0.000007,0,1,1,0,1,1
28611196,,0,0.000004,279,0.000007,0,1,1,0,1,1
28205096,,0,0.000004,279,0.000007,0,1,1,0,1,1
27871156,,0,0.000004,279,0.000007,0,1,1,0,1,1
27446920,,0,0.000004,279,0.000007,0,1,1,0,1,1
27050071,,0,0.000004,24,0.000007,0,2,2,0,2,2
26486083,,0,0.000004,279,0.000007,0,1,1,0,1,1
26399191,,0,0.000004,279,0.000007,0,1,1,0,1,1
26234182,,0,0.008154,279,0.000007,0,3,3,0,3,3
25494848,,0,0.000004,279,0.000007,0,1,1,0,1,1
25149542,,0,0.000004,279,0.000007,0,1,1,0,1,1
24222778,,0,0.000004,279,0.000007,0,1,1,0,1,1
23817622,,0,0.000004,279,0.000007,0,1,1,0,1,1
23533526,,0,0.000004,279,0.000007,0,1,1,0,1,1
23223118,,0,0.000004,279,0.000007,0,1,1,0,1,1
23028726,,0,0.000004,279,0.000007,0,1,1,0,1,1
22819556,,0,0.000004,279,0.000007,0,1,1,0,1,1
22493490,,0,0.000004,279,0.000007,0,1,1,0,1,1
22128155,,0,0.000004,279,0.000007,0,1,1,0,1,1
22053207,,0,0.000004,279,0.000007,0,1,1,0,1,1
21552421,,0,0.000004,279,0.000007,0,1,1,0,1,1
21339993,,0,0.000004,279,0.000007,0,1,1,0,1,1
20652397,,0.000161,0,231,0.000017,5,0,5,5,0,5
20652400,,0.000668,0,89,0.000018,12,0,12,12,0,12
26618902,,0,0.000013,89,0.000007,0,1,1,0,1,1
20653694,,0.001212,0,5,0.000012,11,0,11,11,0,11
29145805,,0,0.000081,1,0.000007,0,1,1,0,1,1
20656109,,0.004273,0,1,0.000037,13,0,13,13,0,13
24472302,,0,0.000081,1,0.000007,0,1,1,0,1,1
20658644,,0.001232,0,100,0.00002,11,0,11,11,0,11
21452897,,0,0.000023,100,0.000007,0,1,1,0,1,1
26259706,,0,0.00001,212,0.000007,0,1,1,0,1,1
20664511,,0.000526,0,212,0.000058,8,0,8,8,0,8
24895504,,0,0.00001,212,0.000007,0,1,1,0,1,1
23133804,,0,0.00001,212,0.000007,0,1,1,0,1,1
23083574,,0,0.00001,212,0.000007,0,1,1,0,1,1
22254178,,0,0.00001,212,0.000007,0,1,1,0,1,1
22016510,,0,0.00001,212,0.000007,0,1,1,0,1,1
21169406,,0,0.00001,212,0.000007,0,1,1,0,1,1
30186385,,0,0.000002,213,0.000007,0,1,1,0,1,1
20664703,,0.000122,0,213,0.000201,37,0,37,37,0,37
29868118,,0,0.000002,213,0.000007,0,1,1,0,1,1
29071030,,0,0.000002,213,0.000007,0,1,1,0,1,1
28573988,,0,0.000002,213,0.000007,0,1,1,0,1,1
28505181,,0,0.000002,213,0.000007,0,1,1,0,1,1
28211617,,0,0.000002,213,0.000007,0,1,1,0,1,1
28099942,,0,0.000002,213,0.000007,0,1,1,0,1,1
27799869,,0,0.000002,213,0.000007,0,1,1,0,1,1
27661116,,0,0.000002,213,0.000007,0,1,1,0,1,1
27308363,,0,0.000002,213,0.000007,0,1,1,0,1,1
27034707,,0,0.000002,213,0.000007,0,1,1,0,1,1
27013893,,0,0.000002,213,0.000007,0,1,1,0,1,1
26288838,,0,0.000024,213,0.000007,0,2,2,0,2,2
26143641,,0,0.000002,213,0.000007,0,1,1,0,1,1
25520758,,0,0.000019,213,0.000007,0,2,2,0,2,2
25232279,,0,0.000002,213,0.000007,0,1,1,0,1,1
25100735,,0,0.000002,213,0.000007,0,1,1,0,1,1
24433356,,0,0.000002,213,0.000007,0,1,1,0,1,1
24092970,,0,0.000002,213,0.000007,0,1,1,0,1,1
23998122,,0,0.000002,213,0.000007,0,1,1,0,1,1
23756868,,0,0.000002,213,0.000007,0,1,1,0,1,1
23400111,,0,0.000002,213,0.000007,0,1,1,0,1,1
23251571,,0,0.000002,213,0.000007,0,1,1,0,1,1
23233862,,0,0.000002,213,0.000007,0,1,1,0,1,1
23056178,,0,0.000002,213,0.000007,0,1,1,0,1,1
23015754,,0,0.000002,213,0.000007,0,1,1,0,1,1
22553621,,0,0.000002,213,0.000007,0,1,1,0,1,1
21840489,,0,0.000002,213,0.000007,0,1,1,0,1,1
21840479,,0,0.000002,213,0.000007,0,1,1,0,1,1
21649900,,0,0.000002,213,0.000007,0,1,1,0,1,1
21239885,,0,0.000002,213,0.000007,0,1,1,0,1,1
27152024,,0,0.008408,69,0.000007,0,3,3,0,3,3
26585234,,0,0.007898,69,0.000007,0,5,5,0,5,5
20668305,,0.000006,0,241,0.000111,29,0,29,29,0,29
29286617,,0,0,241,0.000007,0,1,1,0,1,1
29039788,,0,0,279,0.000007,0,2,2,0,2,2
28657580,,0,0,241,0.000007,0,1,1,0,1,1
28560383,,0,0,241,0.000007,0,2,2,0,2,2
28125975,,0,0,241,0.000007,0,1,1,0,1,1
27818231,,0,0,241,0.000007,0,1,1,0,1,1
27651838,,0,0.000031,241,0.000007,0,3,3,0,3,3
27198154,,0,0.000004,241,0.000007,0,3,3,0,3,3
27109021,,0,0,241,0.000007,0,1,1,0,1,1
26096795,,0,0,241,0.000007,0,1,1,0,1,1
25931004,,0,0,241,0.000007,0,2,2,0,2,2
25531313,,0,0,241,0.000007,0,1,1,0,1,1
25076909,,0,0,241,0.000007,0,1,1,0,1,1
24504368,,0,0,241,0.000007,0,1,1,0,1,1
24389535,,0,0,241,0.000007,0,2,2,0,2,2
23824838,,0,0,241,0.000007,0,2,2,0,2,2
23758475,,0,0,241,0.000007,0,4,4,0,4,4
22805767,,0,0.000087,241,0.000007,0,2,2,0,2,2
22212087,,0,0,241,0.000007,0,1,1,0,1,1
30272342,,0,0.000015,57,0.000007,0,1,1,0,1,1
20674189,,0.000776,0,57,0.000105,22,0,22,22,0,22
28751935,,0,0.000015,82,0.000007,0,2,2,0,2,2
26439697,,0,0.000015,57,0.000007,0,1,1,0,1,1
26331143,,0,0.000015,57,0.000007,0,1,1,0,1,1
25428911,,0,0.000015,57,0.000007,0,1,1,0,1,1
25202399,,0,0.000015,57,0.000007,0,1,1,0,1,1
25018881,,0,0.000015,57,0.000007,0,1,1,0,1,1
24886500,,0,0.000015,57,0.000007,0,1,1,0,1,1
24118792,,0,0.000015,57,0.000007,0,1,1,0,1,1
23800081,,0,0.000015,57,0.000007,0,1,1,0,1,1
23742011,,0,0.000015,57,0.000007,0,1,1,0,1,1
22919255,,0,0.000015,57,0.000007,0,1,1,0,1,1
22778557,,0,0.000015,57,0.000007,0,1,1,0,1,1
21965272,,0,0.000015,57,0.000007,0,1,1,0,1,1
29051491,,0,0.00079,100,0.000007,0,6,6,0,6,6
27377895,,0,0.000018,100,0.000007,0,1,1,0,1,1
26965855,,0,0.000022,35,0.000007,0,2,2,0,2,2
26595461,,0,0.00024,100,0.000007,0,3,3,0,3,3
25742788,,0,0.000237,100,0.000007,0,3,3,0,3,3
23159946,,0,0.000018,100,0.000007,0,1,1,0,1,1
21795845,,0,0.000018,100,0.000007,0,1,1,0,1,1
21098111,,0,0.000018,100,0.000007,0,1,1,0,1,1
29872578,,0,0.000001,48,0.000007,0,1,1,0,1,1
20676126,,0.000029,0,48,0.000041,9,0,9,9,0,9
29558872,,0,0.000001,48,0.000007,0,2,2,0,2,2
26372731,,0,0.000001,48,0.000007,0,1,1,0,1,1
21705665,,0,0.000001,48,0.000007,0,1,1,0,1,1
20676533,,0.000115,0,35,0.000017,5,0,5,5,0,5
22086531,,0,0.000002,35,0.000007,0,1,1,0,1,1
30410710,,0,0,214,0.000007,0,1,1,0,1,1
20676618,,0,0,214,0.000043,6,0,6,6,0,6
27262924,,0,0,214,0.000007,0,1,1,0,1,1
24056945,,0,0,214,0.000007,0,1,1,0,1,1
23790305,,0,0,214,0.000007,0,1,1,0,1,1
22863537,,0,0,214,0.000007,0,1,1,0,1,1
22319393,,0,0,214,0.000007,0,1,1,0,1,1
26316738,,0,0.000033,72,0.000007,0,3,3,0,3,3
29238349,,0,0,215,0.000007,0,1,1,0,1,1
20676758,,0,0,215,0.000031,4,0,4,4,0,4
24377825,,0,0,215,0.000007,0,1,1,0,1,1
24348482,,0,0,215,0.000007,0,1,1,0,1,1
23036050,,0,0,215,0.000007,0,1,1,0,1,1
30383794,,0,0.000004,2,0.000007,0,1,1,0,1,1
20679599,,0.000207,0,2,0.000119,23,0,23,23,0,23
30042310,,0,0.000004,2,0.000007,0,1,1,0,1,1
26757251,,0,0.000004,2,0.000007,0,1,1,0,1,1
25869015,,0,0.000004,2,0.000007,0,1,1,0,1,1
25665511,,0,0.000004,2,0.000007,0,1,1,0,1,1
25090024,,0,0.000004,2,0.000007,0,1,1,0,1,1
24586564,,0,0.000004,2,0.000007,0,1,1,0,1,1
23382116,,0,0.000004,2,0.000007,0,1,1,0,1,1
23248619,,0,0.000004,2,0.000007,0,1,1,0,1,1
23219378,,0,0.000004,2,0.000007,0,1,1,0,1,1
22937206,,0,0.000004,2,0.000007,0,1,1,0,1,1
22731909,,0,0.000004,2,0.000007,0,1,1,0,1,1
22321460,,0,0.000011,2,0.000007,0,2,2,0,2,2
22117530,,0,0.000004,2,0.000007,0,1,1,0,1,1
21421109,,0,0.000004,2,0.000007,0,1,1,0,1,1
21102338,,0,0.000004,2,0.000007,0,1,1,0,1,1
30286806,,0,0.000008,279,0.000007,0,1,1,0,1,1
28362264,,0,0.000008,279,0.000007,0,1,1,0,1,1
27513557,,0,0.000008,279,0.000007,0,1,1,0,1,1
27294960,,0,0.000008,279,0.000007,0,1,1,0,1,1
26250474,,0,0.000008,279,0.000007,0,1,1,0,1,1
26244061,,0,0.000078,279,0.000007,0,4,4,0,4,4
25120789,,0,0.000008,279,0.000007,0,1,1,0,1,1
24786600,,0,0.000008,279,0.000007,0,1,1,0,1,1
24137009,,0,0.000008,279,0.000007,0,1,1,0,1,1
24133654,,0,0.000008,279,0.000007,0,1,1,0,1,1
23730409,,0,0.000008,279,0.000007,0,1,1,0,1,1
22912915,,0,0.000008,279,0.000007,0,1,1,0,1,1
22509334,,0,0.000008,279,0.000007,0,1,1,0,1,1
22382075,,0,0.000008,279,0.000007,0,1,1,0,1,1
22371529,,0,0.000008,279,0.000007,0,1,1,0,1,1
22138693,,0,0.000008,279,0.000007,0,1,1,0,1,1
21994404,,0,0.000008,279,0.000007,0,1,1,0,1,1
21960343,,0,0.000008,279,0.000007,0,1,1,0,1,1
21669556,,0,0.000045,279,0.000007,0,2,2,0,2,2
20683152,,0.000873,0,89,0.00002,10,0,10,10,0,10
25175348,,0,0.000017,89,0.000007,0,1,1,0,1,1
25337220,,0,0.000005,35,0.000007,0,1,1,0,1,1
20683691,,0.000272,0,35,0.000028,6,0,6,6,0,6
24649232,,0,0.000005,35,0.000007,0,1,1,0,1,1
22973097,,0,0.000005,35,0.000007,0,1,1,0,1,1
24326628,,0,0.000049,1,0.000007,0,3,3,0,3,3
24204768,,0,0.000004,1,0.000007,0,1,1,0,1,1
24185039,,0,0.000004,1,0.000007,0,1,1,0,1,1
20694749,,0.00121,0,89,0.00001,7,0,7,7,0,7
27721718,,0,0,89,0.000007,0,2,2,0,2,2
29844464,,0,0.000006,100,0.000007,0,1,1,0,1,1
26218133,,0,0.000138,100,0.000007,0,4,4,0,4,4
20697805,,0.000538,0,231,0.000019,11,0,11,11,0,11
20697807,,0.000226,0,35,0.000076,12,0,12,12,0,12
28666416,,0,0.000004,35,0.000007,0,1,1,0,1,1
28659184,,0,0.000004,35,0.000007,0,1,1,0,1,1
28257124,,0,0.000004,35,0.000007,0,1,1,0,1,1
27705918,,0,0.000004,35,0.000007,0,1,1,0,1,1
25150834,,0,0.000004,35,0.000007,0,1,1,0,1,1
22957050,,0,0.000004,35,0.000007,0,1,1,0,1,1
22808075,,0,0.000004,35,0.000007,0,1,1,0,1,1
22123829,,0,0.000004,35,0.000007,0,1,1,0,1,1
21853079,,0,0.000004,35,0.000007,0,1,1,0,1,1
29636601,,0,0.002234,1,0.000007,0,2,2,0,2,2
20700108,,0.00911,0,1,0.000055,34,0,34,34,0,34
27345073,,0.000392,0.002954,1,0.000009,3,4,7,3,4,7
26295265,,0,0.001371,1,0.000007,0,6,6,0,6,6
25302173,,0,0.000765,1,0.000007,0,4,4,0,4,4
24200970,,0,0.000174,1,0.000007,0,1,1,0,1,1
20701084,,0.000493,0,176,0.000009,4,0,4,4,0,4
22902907,,0,0,216,0.000007,0,1,1,0,1,1
20704938,,0,0,216,0.000019,2,0,2,2,0,2
22588051,,0,0,216,0.000007,0,1,1,0,1,1
20711688,,0.000637,0,205,0.000011,5,0,5,5,0,5
20711702,,0.000281,0,231,0.000008,2,0,2,2,0,2
30453269,,0,0.000019,168,0.000007,0,1,1,0,1,1
20713529,,0.000995,0,168,0.000168,38,0,38,38,0,38
30322030,,0,0.000019,168,0.000007,0,1,1,0,1,1
30214626,,0,0.000019,168,0.000007,0,1,1,0,1,1
30196736,,0,0.000019,168,0.000007,0,1,1,0,1,1
29429989,,0,0.000071,168,0.000007,0,2,2,0,2,2
29300972,,0,0.000019,168,0.000007,0,1,1,0,1,1
28927264,,0,0.000019,168,0.000007,0,1,1,0,1,1
28874807,,0,0.000019,168,0.000007,0,1,1,0,1,1
28747658,,0,0.000019,168,0.000007,0,1,1,0,1,1
28671574,,0,0.000019,168,0.000007,0,1,1,0,1,1
28500181,,0,0.000019,168,0.000007,0,1,1,0,1,1
28404751,,0,0.000019,168,0.000007,0,1,1,0,1,1
28112326,,0,0.000019,168,0.000007,0,1,1,0,1,1
28003476,,0,0.000019,168,0.000007,0,1,1,0,1,1
27553022,,0,0.000019,168,0.000007,0,1,1,0,1,1
27347189,,0,0.000019,168,0.000007,0,1,1,0,1,1
27058426,,0,0.000019,168,0.000007,0,1,1,0,1,1
26602084,,0,0.000019,168,0.000007,0,1,1,0,1,1
25922180,,0,0.000019,168,0.000007,0,1,1,0,1,1
24648491,,0,0.000019,168,0.000007,0,1,1,0,1,1
24044516,,0,0.007455,168,0.000007,0,2,2,0,2,2
23879289,,0,0.000019,168,0.000007,0,1,1,0,1,1
23271972,,0,0.000019,168,0.000007,0,1,1,0,1,1
23202955,,0,0.000019,168,0.000007,0,1,1,0,1,1
20714815,,0.000002,0,5,0.000009,1,0,1,1,0,1
20715112,,0.001402,0,35,0.000018,7,0,7,7,0,7
30467536,,0,0.000014,90,0.000007,0,1,1,0,1,1
30235348,,0,0.000014,90,0.000007,0,1,1,0,1,1
30214301,,0,0.000014,90,0.000007,0,1,1,0,1,1
30126115,,0,0.000014,90,0.000007,0,1,1,0,1,1
29849900,,0,0.000014,90,0.000007,0,1,1,0,1,1
29715584,,0,0.000014,90,0.000007,0,1,1,0,1,1
29615913,,0,0.000014,90,0.000007,0,1,1,0,1,1
29548337,,0,0.000014,90,0.000007,0,1,1,0,1,1
29541389,,0,0.000014,90,0.000007,0,1,1,0,1,1
29426933,,0,0.000014,90,0.000007,0,1,1,0,1,1
29325444,,0,0.000014,90,0.000007,0,1,1,0,1,1
29286412,,0,0.000014,90,0.000007,0,1,1,0,1,1
29114178,,0,0.000014,90,0.000007,0,1,1,0,1,1
28981107,,0,0.000014,90,0.000007,0,1,1,0,1,1
28947945,,0,0.000014,90,0.000007,0,1,1,0,1,1
28947729,,0,0.000014,90,0.000007,0,1,1,0,1,1
28933405,,0,0.000014,90,0.000007,0,1,1,0,1,1
28876465,,0,0.000014,90,0.000007,0,1,1,0,1,1
28775778,,0,0.000033,90,0.000007,0,2,2,0,2,2
28769026,,0,0.000014,90,0.000007,0,1,1,0,1,1
28737489,,0,0.000014,90,0.000007,0,1,1,0,1,1
28627256,,0,0.000014,90,0.000007,0,1,1,0,1,1
28584285,,0,0.000014,90,0.000007,0,1,1,0,1,1
28503732,,0,0.000014,90,0.000007,0,1,1,0,1,1
28439094,,0,0.000014,90,0.000007,0,1,1,0,1,1
28432618,,0,0.000014,90,0.000007,0,1,1,0,1,1
28411557,,0,0.000014,90,0.000007,0,1,1,0,1,1
28402965,,0,0.000014,90,0.000007,0,1,1,0,1,1
28123580,,0,0.000014,90,0.000007,0,1,1,0,1,1
28119807,,0,0.000392,69,0.000007,0,3,3,0,3,3
28069826,,0,0.000014,90,0.000007,0,1,1,0,1,1
27911871,,0,0.000014,90,0.000007,0,1,1,0,1,1
27895803,,0,0.000014,90,0.000007,0,1,1,0,1,1
27657142,,0,0.000014,90,0.000007,0,1,1,0,1,1
27646154,,0,0.000014,90,0.000007,0,1,1,0,1,1
27450723,,0,0.000014,90,0.000007,0,1,1,0,1,1
27431913,,0,0.000014,90,0.000007,0,1,1,0,1,1
27187778,,0,0.000014,90,0.000007,0,1,1,0,1,1
27168162,,0,0.000014,90,0.000007,0,1,1,0,1,1
27167697,,0,0.000014,90,0.000007,0,1,1,0,1,1
27057281,,0,0.000014,90,0.000007,0,1,1,0,1,1
27029077,,0,0.000014,90,0.000007,0,1,1,0,1,1
26983373,,0,0.000014,90,0.000007,0,1,1,0,1,1
26801686,,0,0.000014,90,0.000007,0,1,1,0,1,1
26682014,,0,0.000033,90,0.000007,0,2,2,0,2,2
26682008,,0,0.000014,90,0.000007,0,1,1,0,1,1
26553038,,0,0.000014,90,0.000007,0,1,1,0,1,1
26546056,,0,0.000014,90,0.000007,0,1,1,0,1,1
26413252,,0,0.000014,90,0.000007,0,1,1,0,1,1
26394751,,0,0.000014,90,0.000007,0,1,1,0,1,1
26216984,,0,0.000014,90,0.000007,0,1,1,0,1,1
26113283,,0,0.000014,90,0.000007,0,1,1,0,1,1
26101703,,0,0.000014,90,0.000007,0,1,1,0,1,1
26008972,,0,0.000014,90,0.000007,0,1,1,0,1,1
25879528,,0,0.00005,90,0.000007,0,2,2,0,2,2
25705129,,0,0.000014,90,0.000007,0,1,1,0,1,1
25540678,,0,0.00005,90,0.000007,0,2,2,0,2,2
25498967,,0,0.000014,90,0.000007,0,1,1,0,1,1
25464273,,0,0.000018,90,0.000007,0,2,2,0,2,2
25338520,,0,0.000014,90,0.000007,0,1,1,0,1,1
25228990,,0,0.000014,90,0.000007,0,1,1,0,1,1
25004451,,0,0.000014,90,0.000007,0,1,1,0,1,1
24967005,,0,0.000014,90,0.000007,0,1,1,0,1,1
24791272,,0,0.000014,90,0.000007,0,1,1,0,1,1
24728830,,0,0.000014,90,0.000007,0,1,1,0,1,1
24613379,,0,0.000014,90,0.000007,0,1,1,0,1,1
24602443,,0,0.000014,90,0.000007,0,1,1,0,1,1
24252270,,0,0.000014,90,0.000007,0,1,1,0,1,1
24069504,,0,0.000014,90,0.000007,0,1,1,0,1,1
24040147,,0,0.000014,90,0.000007,0,1,1,0,1,1
23919090,,0,0.000014,90,0.000007,0,1,1,0,1,1
23833677,,0,0.000014,90,0.000007,0,1,1,0,1,1
23752353,,0,0.000014,90,0.000007,0,1,1,0,1,1
23736079,,0,0.000014,90,0.000007,0,1,1,0,1,1
23677378,,0,0.000014,90,0.000007,0,1,1,0,1,1
23437175,,0,0.000014,90,0.000007,0,1,1,0,1,1
23091543,,0,0.000014,90,0.000007,0,1,1,0,1,1
23029052,,0,0.000014,90,0.000007,0,1,1,0,1,1
22966038,,0,0.000029,241,0.000007,0,3,3,0,3,3
22792417,,0,0.000014,90,0.000007,0,1,1,0,1,1
22737670,,0,0.000014,90,0.000007,0,1,1,0,1,1
22700320,,0,0.000014,90,0.000007,0,1,1,0,1,1
22489661,,0,0.000022,35,0.000007,0,2,2,0,2,2
22471522,,0,0.000014,90,0.000007,0,1,1,0,1,1
22298651,,0,0.000014,90,0.000007,0,1,1,0,1,1
22215106,,0,0.000014,90,0.000007,0,1,1,0,1,1
22146344,,0,0.000014,90,0.000007,0,1,1,0,1,1
22064513,,0,0.000014,90,0.000007,0,1,1,0,1,1
22044621,,0,0.000014,90,0.000007,0,1,1,0,1,1
21926171,,0,0.000014,90,0.000007,0,1,1,0,1,1
21904647,,0,0.000014,90,0.000007,0,1,1,0,1,1
21700901,,0,0.000014,90,0.000007,0,1,1,0,1,1
21699736,,0,0.000014,90,0.000007,0,1,1,0,1,1
21638050,,0,0.000014,90,0.000007,0,1,1,0,1,1
21490130,,0,0.000014,90,0.000007,0,1,1,0,1,1
21396984,,0,0.000014,90,0.000007,0,1,1,0,1,1
21311213,,0,0.000014,90,0.000007,0,1,1,0,1,1
21150337,,0,0.000014,90,0.000007,0,1,1,0,1,1
20812785,,0,0.000014,90,0.000007,0,1,1,0,1,1
30364656,,0,0.000007,35,0.000007,0,1,1,0,1,1
30280186,,0,0.000007,35,0.000007,0,1,1,0,1,1
29142597,,0,0.000007,35,0.000007,0,1,1,0,1,1
28811643,,0,0.000007,35,0.000007,0,1,1,0,1,1
28810654,,0,0.000007,35,0.000007,0,1,1,0,1,1
28750683,,0,0.000007,35,0.000007,0,1,1,0,1,1
28667340,,0,0.000007,35,0.000007,0,1,1,0,1,1
28337107,,0,0.000007,35,0.000007,0,1,1,0,1,1
27943262,,0,0.000007,35,0.000007,0,1,1,0,1,1
27494872,,0,0.000007,35,0.000007,0,1,1,0,1,1
27118972,,0,0.000007,35,0.000007,0,1,1,0,1,1
27073477,,0,0.000007,35,0.000007,0,1,1,0,1,1
26900390,,0,0.000007,35,0.000007,0,1,1,0,1,1
26645049,,0,0.000007,35,0.000007,0,1,1,0,1,1
26352260,,0,0.000226,35,0.000007,0,2,2,0,2,2
25820259,,0,0.000133,35,0.000007,0,4,4,0,4,4
25767377,,0,0.000007,35,0.000007,0,1,1,0,1,1
25236463,,0,0.000007,35,0.000007,0,1,1,0,1,1
22847003,,0,0.000007,35,0.000007,0,1,1,0,1,1
22661637,,0,0.000007,35,0.000007,0,1,1,0,1,1
22580604,,0,0.000007,35,0.000007,0,1,1,0,1,1
22553414,,0,0.000057,35,0.000007,0,2,2,0,2,2
22526622,,0,0.000007,35,0.000007,0,1,1,0,1,1
22396620,,0,0.000007,35,0.000007,0,1,1,0,1,1
22298956,,0,0.000007,35,0.000007,0,1,1,0,1,1
22174609,,0,0.000007,35,0.000007,0,1,1,0,1,1
22158108,,0,0.000007,35,0.000007,0,1,1,0,1,1
27657058,,0,0,217,0.000007,0,1,1,0,1,1
20721735,,0,0,217,0.000013,1,0,1,1,0,1
26885046,,0,0.000001,89,0.000007,0,1,1,0,1,1
20721741,,0.000031,0,89,0.000019,2,0,2,2,0,2
20721742,,0.000002,0,367,0.00001,2,0,2,2,0,2
20721747,,0.000014,0,5,0.000008,2,0,2,2,0,2
20722102,,0.001007,0,69,0.00001,4,0,4,4,0,4
20722467,,0.000623,0,100,0.000009,5,0,5,5,0,5
28672878,,0,0,218,0.000007,0,1,1,0,1,1
27112211,,0,0,218,0.000007,0,1,1,0,1,1
26120938,,0,0,218,0.000007,0,1,1,0,1,1
25568314,,0,0,218,0.000007,0,1,1,0,1,1
24782989,,0,0,218,0.000007,0,1,1,0,1,1
24403231,,0,0,218,0.000007,0,1,1,0,1,1
22968430,,0,0,218,0.000007,0,1,1,0,1,1
22805760,,0,0,218,0.000007,0,1,1,0,1,1
21654676,,0,0,218,0.000007,0,1,1,0,1,1
20724228,,0.001651,0,100,0.000031,12,0,12,12,0,12
24675882,,0,0.000031,100,0.000007,0,1,1,0,1,1
22266878,,0,0.000031,100,0.000007,0,1,1,0,1,1
30400005,,0,0.000091,100,0.000007,0,1,1,0,1,1
20725033,,0.00477,0,100,0.000395,111,0,111,111,0,111
30266909,,0,0.000091,100,0.000007,0,1,1,0,1,1
30150323,,0,0.000091,100,0.000007,0,1,1,0,1,1
30044532,,0,0.000091,100,0.000007,0,1,1,0,1,1
29382726,,0,0.000091,100,0.000007,0,1,1,0,1,1
29061907,,0,0.000091,100,0.000007,0,1,1,0,1,1
28776570,,0,0.000091,100,0.000007,0,1,1,0,1,1
28721278,,0,0.000108,1,0.000007,0,2,2,0,2,2
28343629,,0,0.000091,100,0.000007,0,1,1,0,1,1
28123943,,0,0.000091,100,0.000007,0,1,1,0,1,1
28083634,,0,0.000091,100,0.000007,0,1,1,0,1,1
27526106,,0,0.000126,100,0.000007,0,2,2,0,2,2
27347330,,0,0.000091,100,0.000007,0,1,1,0,1,1
27182664,,0,0.000091,100,0.000007,0,1,1,0,1,1
27167337,,0,0.000091,100,0.000007,0,1,1,0,1,1
26918171,,0,0.000091,100,0.000007,0,1,1,0,1,1
26881969,,0,0.000091,100,0.000007,0,1,1,0,1,1
26752685,,0,0.000091,100,0.000007,0,1,1,0,1,1
26280532,,0,0.000371,100,0.000007,0,2,2,0,2,2
26148240,,0,0.00011,232,0.000007,0,2,2,0,2,2
25944111,,0,0.000091,100,0.000007,0,1,1,0,1,1
25872870,,0,0.000091,100,0.000007,0,1,1,0,1,1
25640675,,0,0.000091,100,0.000007,0,1,1,0,1,1
25623341,,0,0.000091,100,0.000007,0,1,1,0,1,1
25590432,,0,0.000091,100,0.000007,0,1,1,0,1,1
25431208,,0,0.000091,100,0.000007,0,1,1,0,1,1
25207809,,0,0.000092,367,0.000007,0,2,2,0,2,2
25007997,,0,0.000091,100,0.000007,0,1,1,0,1,1
24659992,,0,0.000095,100,0.000007,0,2,2,0,2,2
24403057,,0,0.000091,100,0.000007,0,1,1,0,1,1
24071738,,0,0.000091,100,0.000007,0,1,1,0,1,1
23955022,,0,0.000091,100,0.000007,0,1,1,0,1,1
23827681,,0,0.000091,100,0.000007,0,1,1,0,1,1
23746843,,0,0.000091,100,0.000007,0,1,1,0,1,1
23732909,,0,0.000091,100,0.000007,0,1,1,0,1,1
23656588,,0,0.000091,100,0.000007,0,1,1,0,1,1
23633953,,0,0.000091,100,0.000007,0,1,1,0,1,1
23603909,,0,0.000091,100,0.000007,0,1,1,0,1,1
23524849,,0,0.000091,100,0.000007,0,1,1,0,1,1
23287719,,0,0.000091,100,0.000007,0,1,1,0,1,1
23060792,,0,0.000091,100,0.000007,0,1,1,0,1,1
23059429,,0,0.000091,100,0.000007,0,1,1,0,1,1
22555600,,0,0.000091,100,0.000007,0,1,1,0,1,1
22542004,,0,0.000091,100,0.000007,0,1,1,0,1,1
22468085,,0,0.000091,100,0.000007,0,1,1,0,1,1
22435550,,0,0.000091,100,0.000007,0,1,1,0,1,1
22390971,,0,0.000091,100,0.000007,0,1,1,0,1,1
22124327,,0,0.000091,100,0.000007,0,1,1,0,1,1
22117220,,0,0.000091,100,0.000007,0,1,1,0,1,1
21734303,,0,0.000091,100,0.000007,0,1,1,0,1,1
21480003,,0,0.000091,100,0.000007,0,1,1,0,1,1
21360678,,0,0.000091,100,0.000007,0,1,1,0,1,1
21072060,,0,0.000091,100,0.000007,0,1,1,0,1,1
29983578,,0,0,219,0.000007,0,1,1,0,1,1
20727257,,0,0,219,0.000013,1,0,1,1,0,1
20727672,,0.000043,0,89,0.000007,1,0,1,1,0,1
29970806,,0,0,220,0.000007,0,1,1,0,1,1
20729053,,0,0,220,0.000019,2,0,2,2,0,2
26825114,,0,0,220,0.000007,0,1,1,0,1,1
27733644,,0,0.000001,176,0.000007,0,1,1,0,1,1
26198240,,0,0.000001,176,0.000007,0,1,1,0,1,1
24939845,,0,0.000001,176,0.000007,0,1,1,0,1,1
23880157,,0,0.000001,176,0.000007,0,1,1,0,1,1
23175371,,0,0.000001,176,0.000007,0,1,1,0,1,1
22106342,,0,0.000001,176,0.000007,0,1,1,0,1,1
21994756,,0,0.000001,176,0.000007,0,1,1,0,1,1
21119600,,0,0.000001,176,0.000007,0,1,1,0,1,1
20730485,,0.000024,0,89,0.000007,1,0,1,1,0,1
20730487,,0.000495,0,5,0.00005,15,0,15,15,0,15
29216920,,0,0.000012,5,0.000007,0,2,2,0,2,2
25838027,,0,0.000009,5,0.000007,0,1,1,0,1,1
25504309,,0,0.000009,5,0.000007,0,1,1,0,1,1
24141897,,0,0.000009,5,0.000007,0,1,1,0,1,1
22544643,,0,0.000009,5,0.000007,0,1,1,0,1,1
22488702,,0,0.000009,5,0.000007,0,1,1,0,1,1
20730959,,0.001314,0,100,0.000008,4,0,4,4,0,4
20733129,,0.007836,0,35,0.000057,41,0,41,41,0,41
26688676,,0,0.000228,137,0.000007,0,3,3,0,3,3
26334528,,0,0.000149,35,0.000007,0,1,1,0,1,1
20733351,,0.000972,0,69,0.000029,16,0,16,16,0,16
24762435,,0,0.000019,69,0.000007,0,1,1,0,1,1
30314564,,0,0.000023,5,0.000007,0,1,1,0,1,1
20733460,,0.001216,0,5,0.000059,20,0,20,20,0,20
28592582,,0,0.000023,5,0.000007,0,1,1,0,1,1
24970982,,0,0.000023,5,0.000007,0,1,1,0,1,1
23635745,,0,0.000048,5,0.000007,0,2,2,0,2,2
23344409,,0,0.000023,5,0.000007,0,1,1,0,1,1
20735307,,0.000444,0,35,0.000021,7,0,7,7,0,7
24876819,,0,0.000122,35,0.000007,0,4,4,0,4,4
21804917,,0,0.000008,35,0.000007,0,1,1,0,1,1
27814612,,0,0,5,0.000007,0,1,1,0,1,1
30111589,,0,0.001215,1,0.000007,0,4,4,0,4,4
27989676,,0,0.00009,69,0.000007,0,4,4,0,4,4
27702896,,0,0.000042,1,0.000007,0,1,1,0,1,1
23251390,,0,0.000042,1,0.000007,0,1,1,0,1,1
21070656,,0,0.000042,1,0.000007,0,1,1,0,1,1
20737206,,0.000058,0,140,0.000008,2,0,2,2,0,2
20797776,,0.001643,0,69,0.00002,10,0,10,10,0,10
23078675,,0,0.007467,69,0.000007,0,2,2,0,2,2
20797954,,0.000272,0,5,0.00001,6,0,6,6,0,6
30333478,,0,0.000212,1,0.000007,0,1,1,0,1,1
27449099,,0,0.000212,1,0.000007,0,1,1,0,1,1
25531448,,0,0.000418,1,0.000007,0,3,3,0,3,3
25023698,,0,0.000212,1,0.000007,0,1,1,0,1,1
23761858,,0,0.00043,1,0.000007,0,2,2,0,2,2
23319653,,0,0.000212,1,0.000007,0,1,1,0,1,1
22973058,,0,0.00043,1,0.000007,0,2,2,0,2,2
22843553,,0,0.000212,1,0.000007,0,1,1,0,1,1
22590557,,0,0.007711,35,0.000007,0,3,3,0,3,3
21270666,,0,0.000212,1,0.000007,0,1,1,0,1,1
20798986,,0.000001,0,82,0.000009,1,0,1,1,0,1
20804975,,0.012851,0,35,0.00058,237,0,237,237,0,237
30061105,,0,0.000405,35,0.000007,0,2,2,0,2,2
29853913,,0,0.000245,35,0.000007,0,1,1,0,1,1
29276153,,0,0.000245,35,0.000007,0,1,1,0,1,1
29158490,,0,0.000245,35,0.000007,0,1,1,0,1,1
29141951,,0,0.000245,35,0.000007,0,1,1,0,1,1
29070831,,0,0.000245,35,0.000007,0,1,1,0,1,1
28846079,,0,0.000245,35,0.000007,0,1,1,0,1,1
28813665,,0,0.000245,35,0.000007,0,1,1,0,1,1
28297567,,0,0.000245,35,0.000007,0,1,1,0,1,1
28081116,,0,0.000245,35,0.000007,0,1,1,0,1,1
28028012,,0,0.005649,1,0.000007,0,10,10,0,10,10
27314065,,0,0.000245,35,0.000007,0,1,1,0,1,1
27213496,,0,0.000245,35,0.000007,0,1,1,0,1,1
27190036,,0,0.000245,35,0.000007,0,1,1,0,1,1
26640140,,0,0.000245,35,0.000007,0,1,1,0,1,1
26628377,,0,0.000245,35,0.000007,0,1,1,0,1,1
26119728,,0,0.000245,35,0.000007,0,1,1,0,1,1
25961039,,0.000004,0.000353,35,0.000035,6,4,10,6,4,10
25688859,,0,0.000245,35,0.000007,0,1,1,0,1,1
25603931,,0,0.000245,35,0.000007,0,1,1,0,1,1
25524901,,0,0.000245,35,0.000007,0,1,1,0,1,1
25266665,,0,0.000245,35,0.000007,0,1,1,0,1,1
24952981,,0,0.000245,35,0.000007,0,1,1,0,1,1
24926024,,0,0.000245,35,0.000007,0,1,1,0,1,1
24613358,,0,0.000405,35,0.000007,0,2,2,0,2,2
24100291,,0,0.000245,35,0.000007,0,1,1,0,1,1
23828660,,0,0.000245,35,0.000007,0,1,1,0,1,1
23708122,,0,0.000245,35,0.000007,0,1,1,0,1,1
23304516,,0,0.000245,35,0.000007,0,1,1,0,1,1
23285109,,0,0.000245,35,0.000007,0,1,1,0,1,1
22653497,,0,0.000245,35,0.000007,0,1,1,0,1,1
21814287,,0,0.000245,35,0.000007,0,1,1,0,1,1
21693047,,0,0.000245,35,0.000007,0,1,1,0,1,1
30333936,,0,0.000007,35,0.000007,0,1,1,0,1,1
20805372,,0.000355,0,35,0.000038,15,0,15,15,0,15
29970031,,0,0.000007,35,0.000007,0,1,1,0,1,1
24209622,,0,0.000026,35,0.000007,0,2,2,0,2,2
28830551,,0,0.000009,1,0.000007,0,1,1,0,1,1
28423586,,0,0.000009,1,0.000007,0,1,1,0,1,1
23965899,,0,0.007445,1,0.000007,0,2,2,0,2,2
22655269,,0,0.000009,1,0.000007,0,1,1,0,1,1
22590594,,0,0.000009,1,0.000007,0,1,1,0,1,1
22430213,,0,0.000009,1,0.000007,0,1,1,0,1,1
21917857,,0,0.000009,1,0.000007,0,1,1,0,1,1
21779517,,0,0.000009,1,0.000007,0,1,1,0,1,1
20809262,,0.001605,0,205,0.000016,9,0,9,9,0,9
27539279,,0,0.000137,205,0.000007,0,2,2,0,2,2
28408616,,0,0.000132,231,0.000007,0,2,2,0,2,2
20809358,,0.000139,0,231,0.000039,9,0,9,9,0,9
28178648,,0,0.000017,231,0.000007,0,2,2,0,2,2
28029147,,0,0.000003,231,0.000007,0,1,1,0,1,1
24759887,,0,0.000015,231,0.000007,0,3,3,0,3,3
23614025,,0,0.000003,231,0.000007,0,1,1,0,1,1
23291271,,0,0.000003,231,0.000007,0,1,1,0,1,1
30003187,,0,0.000637,205,0.000007,0,4,4,0,4,4
28815200,,0,0.000614,5,0.000007,0,2,2,0,2,2
28004011,,0,0.000576,5,0.000007,0,1,1,0,1,1
27776531,,0,0.000646,5,0.000007,0,4,4,0,4,4
27665587,,0,0.000582,5,0.000007,0,2,2,0,2,2
26855909,,0,0.000619,5,0.00001,1,4,5,1,4,5
26759459,,0,0.000576,5,0.000007,0,1,1,0,1,1
25032987,,0,0.000576,5,0.000007,0,1,1,0,1,1
24807866,,0,0.000576,5,0.000007,0,1,1,0,1,1
24790252,,0,0.000576,5,0.000007,0,1,1,0,1,1
24212828,,0,0.000577,35,0.000007,0,2,2,0,2,2
24152546,,0,0.000591,5,0.000007,0,2,2,0,2,2
23722870,,0,0.000576,5,0.000007,0,1,1,0,1,1
23448725,,0,0.000636,5,0.000007,0,2,2,0,2,2
23415259,,0,0.000576,5,0.000034,5,1,6,5,1,6
23209467,,0,0.000624,5,0.000007,0,3,3,0,3,3
22556202,,0.000284,0.000576,5,0.000041,9,1,10,9,1,10
22193641,,0,0.000576,5,0.000007,0,1,1,0,1,1
21364852,,0,0.000576,5,0.000007,0,1,1,0,1,1
21307388,,0,0.000576,5,0.000007,0,1,1,0,1,1
20810544,,0.00024,0,72,0.000084,25,0,25,25,0,25
27794184,,0,0.000005,72,0.000007,0,1,1,0,1,1
25369070,,0,0.000108,72,0.000007,0,6,6,0,6,6
25047087,,0,0.000005,72,0.000007,0,1,1,0,1,1
23437296,,0,0.000005,72,0.000007,0,1,1,0,1,1
22768213,,0,0.000005,72,0.000007,0,1,1,0,1,1
28423715,,0,0.000011,35,0.000007,0,2,2,0,2,2
20811668,,0.00056,0,35,0.000011,3,0,3,3,0,3
25956270,,0,0.000016,35,0.000007,0,1,1,0,1,1
24647890,,0,0.000016,35,0.000007,0,1,1,0,1,1
24515648,,0,0.000016,35,0.000007,0,1,1,0,1,1
22083563,,0,0.000016,35,0.000007,0,1,1,0,1,1
20814958,,0.000062,0,100,0.000008,1,0,1,1,0,1
20815029,,0.000206,0,5,0.000007,1,0,1,1,0,1
20816575,,0.001375,0,35,0.000023,6,0,6,6,0,6
29387079,,0,0.00001,100,0.000007,0,2,2,0,2,2
28928753,,0,0.000004,100,0.000007,0,1,1,0,1,1
27253878,,0,0.000423,100,0.000007,0,5,5,0,5,5
27077850,,0,0.000004,100,0.000007,0,1,1,0,1,1
26320227,,0,0.000004,100,0.000007,0,1,1,0,1,1
24174542,,0,0.000004,100,0.000007,0,1,1,0,1,1
30356033,,0,0.000018,279,0.000007,0,3,3,0,3,3
26601824,,0,0.00001,279,0.000007,0,1,1,0,1,1
26454572,,0,0.00001,279,0.000007,0,1,1,0,1,1
25483087,,0,0.00001,279,0.000007,0,1,1,0,1,1
25263164,,0,0.000079,1,0.000007,0,3,3,0,3,3
24280726,,0,0.000061,279,0.000007,0,2,2,0,2,2
23426180,,0,0.000061,279,0.000007,0,2,2,0,2,2
27406232,,0,0.001044,2,0.000007,0,2,2,0,2,2
20818641,,0.000345,0,2,0.000045,10,0,10,10,0,10
26392323,,0,0.000007,2,0.000007,0,1,1,0,1,1
26274927,,0,0.007442,2,0.000007,0,2,2,0,2,2
26009644,,0,0.000007,2,0.000007,0,1,1,0,1,1
23539596,,0,0.000007,2,0.000007,0,1,1,0,1,1
23226057,,0,0.000007,2,0.000007,0,1,1,0,1,1
30140294,,0,0.000025,90,0.000007,0,1,1,0,1,1
20820192,,0.001327,0,90,0.000064,21,0,21,21,0,21
26883721,,0,0.000025,90,0.000007,0,1,1,0,1,1
26045998,,0.000006,0.000112,90,0.000016,3,11,14,3,11,14
24164112,,0,0.000025,90,0.000007,0,1,1,0,1,1
23249948,,0,0.000025,90,0.000007,0,1,1,0,1,1
22362755,,0,0.000025,90,0.000007,0,1,1,0,1,1
21845093,,0,0.000025,279,0.000007,0,2,2,0,2,2
28771247,,0,0,5,0.000007,0,1,1,0,1,1
20824443,,0.000004,0,5,0.000098,18,0,18,18,0,18
28733824,,0,0,5,0.000007,0,1,1,0,1,1
27848945,,0,0,5,0.000007,0,1,1,0,1,1
26860291,,0,0,5,0.000007,0,1,1,0,1,1
26847197,,0,0,5,0.000007,0,1,1,0,1,1
24954874,,0,0,5,0.000007,0,1,1,0,1,1
24642506,,0,0,5,0.000007,0,1,1,0,1,1
24634402,,0,0,5,0.000007,0,1,1,0,1,1
24371432,,0,0,5,0.000007,0,1,1,0,1,1
24236483,,0,0,5,0.000007,0,1,1,0,1,1
23722871,,0,0,5,0.000007,0,1,1,0,1,1
23055102,,0,0,5,0.000007,0,1,1,0,1,1
22241099,,0,0,5,0.000007,0,1,1,0,1,1
22022947,,0,0,5,0.000007,0,1,1,0,1,1
29545912,,0,0,221,0.000007,0,1,1,0,1,1
20825051,,0,0,221,0.000013,1,0,1,1,0,1
29138210,,0,0.001406,5,0.000007,0,14,14,0,14,14
29116655,,0,0.000008,5,0.000007,0,2,2,0,2,2
20832020,,0.005338,0,1,0.000108,36,0,36,36,0,36
27043631,,0,0.000185,1,0.000007,0,2,2,0,2,2
25989697,,0,0.000102,1,0.000007,0,1,1,0,1,1
25499642,,0,0.000102,1,0.000007,0,1,1,0,1,1
25379020,,0,0.000185,1,0.000007,0,2,2,0,2,2
25302298,,0,0.000102,1,0.000007,0,1,1,0,1,1
23148997,,0.002727,0.003265,1,0.000041,17,7,24,17,7,24
22240589,,0,0.000102,1,0.000007,0,1,1,0,1,1
22108516,,0,0.000102,1,0.000007,0,1,1,0,1,1
20834076,,0.000295,0,1,0.000008,1,0,1,1,0,1
20838878,,0.002191,0,89,0.000028,19,0,19,19,0,19
25273154,,0,0.000042,89,0.000007,0,1,1,0,1,1
21992183,,0,0.000042,89,0.000007,0,1,1,0,1,1
20839950,,0.000148,0,35,0.00002,5,0,5,5,0,5
23287882,,0,0.000003,35,0.000007,0,1,1,0,1,1
20840220,,0.000013,0,89,0.000007,1,0,1,1,0,1
24654775,,0,0.000057,5,0.000007,0,1,1,0,1,1
23596126,,0,0.000057,5,0.000007,0,1,1,0,1,1
21558387,,0,0.000057,5,0.000007,0,1,1,0,1,1
20840667,,0.001368,0,279,0.000029,10,0,10,10,0,10
27367901,,0,0.000026,279,0.000007,0,1,1,0,1,1
26597084,,0,0.000026,279,0.000007,0,1,1,0,1,1
29928440,,0,0,367,0.000007,0,1,1,0,1,1
20842456,,0.000008,0,367,0.000033,7,0,7,7,0,7
29376001,,0,0,367,0.000007,0,1,1,0,1,1
27499155,,0,0,367,0.000007,0,1,1,0,1,1
25687217,,0,0.000022,367,0.000007,0,2,2,0,2,2
20842729,,0.001996,0,35,0.000032,6,0,6,6,0,6
28206683,,0,0.000004,48,0.000007,0,1,1,0,1,1
20843837,,0.000184,0,48,0.000095,17,0,17,17,0,17
27761372,,0,0.000004,48,0.000007,0,1,1,0,1,1
26607387,,0,0.000004,48,0.000007,0,1,1,0,1,1
25962679,,0,0.000004,48,0.000007,0,1,1,0,1,1
25760261,,0,0.000004,48,0.000007,0,1,1,0,1,1
25757219,,0,0.000004,48,0.000007,0,1,1,0,1,1
25474446,,0,0.000004,48,0.000007,0,1,1,0,1,1
25313354,,0,0.000004,48,0.000007,0,1,1,0,1,1
25071016,,0,0.000004,48,0.000007,0,1,1,0,1,1
24556681,,0,0.000004,48,0.000007,0,1,1,0,1,1
23412907,,0,0.000004,48,0.000007,0,1,1,0,1,1
23328670,,0,0.000022,48,0.000007,0,2,2,0,2,2
23327798,,0,0.000004,48,0.000007,0,1,1,0,1,1
22200786,,0,0.00002,48,0.000007,0,2,2,0,2,2
21730980,,0,0.000004,48,0.000007,0,1,1,0,1,1
20844547,,0.000899,0,100,0.000009,3,0,3,3,0,3
25759621,,0,0.000005,82,0.000007,0,2,2,0,2,2
20847885,,0.000001,0,82,0.000032,5,0,5,5,0,5
22419896,,0,0,82,0.000007,0,1,1,0,1,1
20847882,,0,0,82,0.000007,0,2,2,0,2,2
20848184,,0.000421,0,231,0.000008,3,0,3,3,0,3
20850175,,0.000136,0,5,0.000011,2,0,2,2,0,2
30498278,,0,0.0008,231,0.000007,0,16,16,0,16,16
30301939,,0,0.000186,231,0.000007,0,1,1,0,1,1
30220946,,0,0.000186,231,0.000007,0,1,1,0,1,1
29670099,,0,0.000186,231,0.000007,0,1,1,0,1,1
29534738,,0,0.000241,5,0.000007,0,5,5,0,5,5
29531215,,0,0.00057,231,0.000007,0,5,5,0,5,5
29463814,,0.000003,0.000387,231,0.000015,2,3,5,2,3,5
29298117,,0,0.001253,1,0.000007,0,8,8,0,8,8
28957356,,0,0.000342,231,0.000007,0,2,2,0,2,2
28957321,,0,0.000253,231,0.000007,0,2,2,0,2,2
28757654,,0,0.000775,231,0.000007,0,6,6,0,6,6
28757652,,0,0.000342,231,0.000007,0,2,2,0,2,2
28472449,,0,0.000253,231,0.000007,0,2,2,0,2,2
28472234,,0,0.000188,35,0.000007,0,2,2,0,2,2
28362817,,0,0.000536,231,0.000007,0,5,5,0,5,5
28346442,,0,0.008305,231,0.000007,0,11,11,0,11,11
28171663,,0,0.000342,231,0.000007,0,2,2,0,2,2
27825120,,0,0.000186,231,0.000007,0,1,1,0,1,1
27814745,,0,0.000186,231,0.000007,0,1,1,0,1,1
27556229,,0,0.000342,231,0.000007,0,2,2,0,2,2
27432226,,0,0.000791,231,0.000007,0,5,5,0,5,5
27267999,,0,0.000317,231,0.000007,0,4,4,0,4,4
27245214,,0,0.000186,231,0.000007,0,1,1,0,1,1
27010503,,0,0.000373,231,0.000007,0,2,2,0,2,2
26472073,,0,0.000186,231,0.000007,0,1,1,0,1,1
26387951,,0,0.000186,231,0.000007,0,1,1,0,1,1
26306250,,0,0.000286,231,0.000007,0,3,3,0,3,3
25745020,,0,0.000342,231,0.000007,0,2,2,0,2,2
25575444,,0,0.000543,231,0.000007,0,5,5,0,5,5
24943594,,0,0.000342,231,0.000007,0,2,2,0,2,2
24852375,,0,0.000186,231,0.000007,0,1,1,0,1,1
24743323,,0,0.000196,89,0.000007,0,2,2,0,2,2
24228761,,0,0.000186,231,0.000007,0,1,1,0,1,1
22923054,,0,0.000186,231,0.000007,0,1,1,0,1,1
22859399,,0,0.000186,231,0.000007,0,1,1,0,1,1
22858414,,0,0.001223,231,0.000007,0,2,2,0,2,2
22585858,,0,0.000189,231,0.000007,0,2,2,0,2,2
22560090,,0,0.000189,231,0.000007,0,2,2,0,2,2
22037553,,0,0.000373,231,0.000007,0,2,2,0,2,2
21949822,,0,0.000373,231,0.000007,0,2,2,0,2,2
21931568,,0,0.000186,231,0.000007,0,1,1,0,1,1
21852243,,0,0.000186,231,0.000007,0,1,1,0,1,1
21816844,,0,0.00021,90,0.000007,0,2,2,0,2,2
30054336,,0,0.000486,231,0.000007,0,4,4,0,4,4
29207666,,0,0.007622,231,0.000007,0,2,2,0,2,2
28774272,,0,0.000186,231,0.000007,0,1,1,0,1,1
28283879,,0,0.000192,231,0.000007,0,2,2,0,2,2
28103614,,0,0.000782,231,0.000007,0,4,4,0,4,4
27420401,,0,0.000342,231,0.000007,0,2,2,0,2,2
26668583,,0,0.000186,231,0.000007,0,1,1,0,1,1
26477498,,0,0.000342,231,0.000007,0,2,2,0,2,2
26391404,,0,0.008089,231,0.000007,0,4,4,0,4,4
26298430,,0,0.000269,69,0.000007,0,3,3,0,3,3
26231222,,0,0.000186,231,0.000007,0,1,1,0,1,1
25368842,,0,0.000186,231,0.000007,0,1,1,0,1,1
25027329,,0,0.000342,231,0.000007,0,2,2,0,2,2
24886216,,0,0.000342,231,0.000007,0,2,2,0,2,2
24796549,,0,0.000196,89,0.000007,0,2,2,0,2,2
24681825,,0,0.000186,231,0.000007,0,1,1,0,1,1
24479488,,0,0.000342,231,0.000007,0,2,2,0,2,2
24148579,,0,0.000186,231,0.000007,0,1,1,0,1,1
24146310,,0,0.000186,231,0.000007,0,1,1,0,1,1
23917080,,0,0.007622,231,0.000007,0,2,2,0,2,2
23382860,,0,0.000962,231,0.000007,0,2,2,0,2,2
22891074,,0,0.000186,231,0.000007,0,1,1,0,1,1
22794196,,0,0.000186,231,0.000007,0,1,1,0,1,1
22302016,,0,0.000186,231,0.000007,0,1,1,0,1,1
22235325,,0,0.000186,231,0.000007,0,1,1,0,1,1
22142333,,0,0.000186,231,0.000007,0,1,1,0,1,1
21480392,,0,0.000186,231,0.000007,0,1,1,0,1,1
20852946,,0.000692,0,100,0.000013,11,0,11,11,0,11
20853044,,0.000039,0,5,0.000012,4,0,4,4,0,4
20853055,,0.000433,0,5,0.000059,21,0,21,21,0,21
28346808,,0,0.000008,5,0.000007,0,1,1,0,1,1
27298770,,0,0.000008,5,0.000007,0,1,1,0,1,1
24937691,,0,0.000039,5,0.000007,0,3,3,0,3,3
24376895,,0,0.000044,5,0.000007,0,4,4,0,4,4
22590534,,0,0.000009,5,0.000007,0,2,2,0,2,2
21944667,,0,0.000008,5,0.000007,0,1,1,0,1,1
30076369,,0,0.000021,205,0.000007,0,3,3,0,3,3
20858050,,0.000058,0,205,0.00001,2,0,2,2,0,2
28331669,,0,0.000338,100,0.000007,0,2,2,0,2,2
27480531,,0,0.000245,205,0.000007,0,2,2,0,2,2
27149063,,0,0.000537,231,0.000007,0,7,7,0,7,7
30100993,,0,0.00028,1,0.000007,0,4,4,0,4,4
29898809,,0,0.000408,35,0.000007,0,2,2,0,2,2
28819559,,0,0.000218,1,0.000007,0,1,1,0,1,1
27872098,,0,0.000218,1,0.000007,0,1,1,0,1,1
23644286,,0,0.000218,1,0.000007,0,1,1,0,1,1
23172919,,0,0.000218,1,0.000007,0,1,1,0,1,1
23072386,,0,0.000218,1,0.000007,0,1,1,0,1,1
22782065,,0,0.000218,1,0.000007,0,1,1,0,1,1
22241823,,0,0.000218,1,0.000007,0,1,1,0,1,1
21611668,,0,0,222,0.000007,0,1,1,0,1,1
20859573,,0,0,222,0.000013,1,0,1,1,0,1
20859677,,0.001631,0,89,0.000014,18,0,18,18,0,18
23114188,,0,0,223,0.000007,0,1,1,0,1,1
20860963,,0,0,223,0.000019,2,0,2,2,0,2
23091732,,0,0,223,0.000007,0,1,1,0,1,1
20862552,,0.002053,0,205,0.00002,7,0,7,7,0,7
23282040,,0,0.000058,205,0.000007,0,4,4,0,4,4
20871594,,0.000589,0,69,0.000014,7,0,7,7,0,7
26759384,,0,0.000315,69,0.000007,0,2,2,0,2,2
27616887,,0,0.000003,1,0.000007,0,1,1,0,1,1
20875401,,0.00018,0,1,0.000049,6,0,6,6,0,6
25594147,,0,0.000023,1,0.000007,0,2,2,0,2,2
23469123,,0,0.000003,1,0.000007,0,1,1,0,1,1
23396107,,0.00103,0.000003,1,0.000022,8,1,9,8,1,9
21839154,,0,0.000003,1,0.000007,0,1,1,0,1,1
20875877,,0.000279,0,231,0.000009,4,0,4,4,0,4
26198675,,0,0.000035,5,0.000007,0,2,2,0,2,2
30057517,,0,0.000015,205,0.000007,0,1,1,0,1,1
20876795,,0.000791,0,205,0.000191,63,0,63,63,0,63
27172251,,0,0.000015,205,0.000007,0,1,1,0,1,1
26993610,,0,0.000015,205,0.000007,0,1,1,0,1,1
26885135,,0,0.000015,205,0.000007,0,1,1,0,1,1
26605429,,0,0.000015,205,0.000007,0,1,1,0,1,1
26185370,,0,0.000015,205,0.000007,0,1,1,0,1,1
26003200,,0,0.000015,205,0.000007,0,1,1,0,1,1
25170201,,0,0.00013,205,0.000007,0,2,2,0,2,2
24987871,,0,0.000087,205,0.000007,0,2,2,0,2,2
24861243,,0,0.000015,205,0.000007,0,1,1,0,1,1
24379681,,0,0.000015,205,0.000007,0,1,1,0,1,1
23814611,,0,0.000015,205,0.000007,0,1,1,0,1,1
23791701,,0,0.000015,205,0.000007,0,1,1,0,1,1
23745160,,0,0.000015,205,0.000007,0,1,1,0,1,1
22114139,,0,0.000015,205,0.000007,0,1,1,0,1,1
21737887,,0,0.000015,205,0.000007,0,1,1,0,1,1
30402442,,0,0.00019,35,0.000007,0,1,1,0,1,1
20877296,,0.009986,0,35,0.000646,213,0,213,213,0,213
30386179,,0,0.000264,35,0.000007,0,2,2,0,2,2
30215698,,0,0.00019,35,0.000007,0,1,1,0,1,1
30140156,,0,0.00019,35,0.000007,0,1,1,0,1,1
30139970,,0,0.00019,35,0.000007,0,1,1,0,1,1
30123091,,0,0.00019,35,0.000007,0,2,2,0,2,2
30083277,,0,0.00019,35,0.000007,0,1,1,0,1,1
29910679,,0,0.000242,35,0.000007,0,4,4,0,4,4
29891947,,0,0.00019,35,0.000007,0,1,1,0,1,1
29736304,,0,0.00019,35,0.000007,0,1,1,0,1,1
29662002,,0,0.00019,35,0.000007,0,1,1,0,1,1
29535837,,0,0.00019,35,0.000007,0,1,1,0,1,1
29487338,,0,0.000255,35,0.000007,0,2,2,0,2,2
29480818,,0,0.00019,35,0.000007,0,1,1,0,1,1
29228721,,0,0.00019,35,0.000007,0,1,1,0,1,1
29138558,,0,0.00019,35,0.000007,0,1,1,0,1,1
29100362,,0,0.000218,35,0.000007,0,4,4,0,4,4
28978427,,0,0.00019,35,0.000007,0,1,1,0,1,1
28947780,,0,0.00019,35,0.000007,0,1,1,0,1,1
28794488,,0,0.00019,35,0.000007,0,1,1,0,1,1
28771222,,0,0.000193,35,0.000007,0,3,3,0,3,3
28721387,,0,0.000365,35,0.000007,0,2,2,0,2,2
28415735,,0,0.000268,35,0.000007,0,3,3,0,3,3
28383433,,0,0.00019,35,0.000007,0,1,1,0,1,1
28376104,,0,0.00019,35,0.000007,0,1,1,0,1,1
28331788,,0,0.00019,35,0.000007,0,1,1,0,1,1
28271309,,0,0.00019,35,0.000007,0,1,1,0,1,1
28202527,,0,0.00019,35,0.000007,0,1,1,0,1,1
28187446,,0,0.00026,35,0.000007,0,2,2,0,2,2
28069070,,0,0.00019,35,0.000007,0,1,1,0,1,1
28006062,,0,0.000203,35,0.000007,0,2,2,0,2,2
27902969,,0,0.00032,35,0.000007,0,3,3,0,3,3
27829223,,0,0.00019,35,0.000007,0,1,1,0,1,1
27713913,,0,0.00019,35,0.000007,0,1,1,0,1,1
27685159,,0,0.000207,35,0.000007,0,2,2,0,2,2
27655711,,0,0.00019,35,0.000007,0,1,1,0,1,1
27574783,,0,0.00019,35,0.000007,0,1,1,0,1,1
27542222,,0,0.00019,35,0.000007,0,1,1,0,1,1
27506933,,0,0.00019,35,0.000007,0,1,1,0,1,1
27486755,,0,0.00019,35,0.000007,0,1,1,0,1,1
27485121,,0,0.00019,35,0.000007,0,1,1,0,1,1
27465411,,0,0.000392,35,0.000007,0,3,3,0,3,3
27363012,,0,0.00024,35,0.000007,0,2,2,0,2,2
27302409,,0,0.00019,35,0.000007,0,1,1,0,1,1
27260686,,0,0.00019,35,0.000007,0,1,1,0,1,1
27111890,,0,0.00019,35,0.000007,0,1,1,0,1,1
27081325,,0,0.00019,35,0.000007,0,1,1,0,1,1
26871469,,0,0.00019,35,0.000007,0,1,1,0,1,1
26676609,,0,0.00019,35,0.000007,0,1,1,0,1,1
26472978,,0,0.000196,35,0.000007,0,2,2,0,2,2
26443806,,0,0.00024,35,0.000007,0,2,2,0,2,2
26431029,,0,0.00019,35,0.000007,0,1,1,0,1,1
26356563,,0,0.00019,35,0.000007,0,1,1,0,1,1
26343385,,0,0.00047,35,0.000007,0,2,2,0,2,2
26028030,,0,0.000217,35,0.000007,0,2,2,0,2,2
25904741,,0,0.00019,35,0.000007,0,1,1,0,1,1
25848863,,0,0.000365,35,0.000007,0,2,2,0,2,2
25848723,,0,0.00019,35,0.000007,0,1,1,0,1,1
25803821,,0,0.00019,35,0.000007,0,1,1,0,1,1
25801992,,0,0.00019,35,0.000007,0,1,1,0,1,1
25384218,,0,0.000214,35,0.000007,0,2,2,0,2,2
25114840,,0,0.000199,35,0.000007,0,2,2,0,2,2
25033833,,0,0.000294,35,0.000007,0,2,2,0,2,2
24863696,,0,0.001159,35,0.000007,0,6,6,0,6,6
24810303,,0,0.00019,35,0.000007,0,1,1,0,1,1
24729942,,0,0.00019,35,0.000007,0,1,1,0,1,1
24670641,,0,0.00019,35,0.000007,0,1,1,0,1,1
24590058,,0,0.00019,35,0.000007,0,1,1,0,1,1
24330704,,0,0.00019,35,0.000007,0,1,1,0,1,1
24202396,,0,0.00019,35,0.000007,0,1,1,0,1,1
24197660,,0,0.00019,35,0.000007,0,1,1,0,1,1
24172042,,0,0.000255,35,0.000007,0,2,2,0,2,2
23981787,,0,0.00019,35,0.000007,0,1,1,0,1,1
23799842,,0,0.000223,35,0.000007,0,3,3,0,3,3
23762409,,0,0.00019,35,0.000007,0,1,1,0,1,1
23637921,,0,0.00019,35,0.000007,0,1,1,0,1,1
23624818,,0,0.00019,35,0.000007,0,1,1,0,1,1
22784709,,0,0.000207,35,0.000007,0,2,2,0,2,2
22547075,,0,0.00023,72,0.000007,0,2,2,0,2,2
22509065,,0,0.00019,35,0.000007,0,1,1,0,1,1
22446183,,0,0.00019,35,0.000007,0,1,1,0,1,1
22420471,,0,0.00019,35,0.000007,0,1,1,0,1,1
22113133,,0,0.000214,90,0.000007,0,2,2,0,2,2
21980430,,0,0.00019,35,0.000007,0,1,1,0,1,1
27805002,,0,0.000003,231,0.000007,0,1,1,0,1,1
20877320,,0.000135,0,231,0.000069,17,0,17,17,0,17
26380267,,0,0.000025,231,0.000007,0,3,3,0,3,3
25191491,,0,0.000003,231,0.000007,0,1,1,0,1,1
24895547,,0,0.000025,231,0.000007,0,2,2,0,2,2
24685237,,0,0.000003,231,0.000007,0,1,1,0,1,1
24236125,,0,0.000025,231,0.000007,0,3,3,0,3,3
23752272,,0,0.000158,231,0.000007,0,2,2,0,2,2
22623973,,0,0.000025,231,0.000007,0,3,3,0,3,3
21744497,,0,0.000003,231,0.000007,0,1,1,0,1,1
21743057,,0,0.000003,231,0.000007,0,1,1,0,1,1
21284036,,0,0.000003,231,0.000007,0,1,1,0,1,1
28637796,,0,0.000207,231,0.000007,0,3,3,0,3,3
26069485,,0,0.000007,231,0.000007,0,1,1,0,1,1
26161048,,0,0,279,0.000007,0,1,1,0,1,1
25954033,,0,0,279,0.000007,0,1,1,0,1,1
23372687,,0,0,279,0.000007,0,1,1,0,1,1
23091415,,0,0,279,0.000007,0,1,1,0,1,1
20878461,,0.002955,0,100,0.000038,11,0,11,11,0,11
24009820,,0,0.000056,100,0.000013,1,1,2,1,1,2
20878484,,0.000182,0,35,0.00001,3,0,3,3,0,3
25516852,,0,0.000025,35,0.000007,0,3,3,0,3,3
20878485,,0.000012,0,5,0.00001,4,0,4,4,0,4
26205609,,0,0.000024,5,0.000007,0,8,8,0,8,8
30376841,,0,0.000002,198,0.000007,0,1,1,0,1,1
20881154,,0.000111,0,198,0.000271,52,0,52,52,0,52
30050764,,0,0.000002,198,0.000007,0,1,1,0,1,1
30007923,,0,0.000002,198,0.000007,0,1,1,0,1,1
29682740,,0,0.000002,198,0.000007,0,1,1,0,1,1
29389994,,0,0.000002,198,0.000007,0,1,1,0,1,1
29362249,,0,0.000002,198,0.000007,0,1,1,0,1,1
29325548,,0,0.000002,198,0.000007,0,2,2,0,2,2
29182649,,0,0.000002,198,0.000007,0,1,1,0,1,1
29073799,,0,0.000007,198,0.000007,0,2,2,0,2,2
28903742,,0,0.000002,198,0.000007,0,2,2,0,2,2
28812972,,0,0.000002,198,0.000007,0,1,1,0,1,1
28649642,,0,0.000119,5,0.000007,0,7,7,0,7,7
28483886,,0,0.000002,198,0.000007,0,1,1,0,1,1
28115822,,0,0.000002,198,0.000007,0,1,1,0,1,1
27687295,,0,0.000002,198,0.000007,0,2,2,0,2,2
27260952,,0,0.000002,198,0.000007,0,1,1,0,1,1
27221992,,0,0.000002,198,0.000007,0,1,1,0,1,1
26940533,,0,0.000002,198,0.000007,0,1,1,0,1,1
26498649,,0,0.000002,198,0.000007,0,1,1,0,1,1
26229741,,0,0.000002,198,0.000007,0,1,1,0,1,1
26089721,,0,0.000002,198,0.000007,0,3,3,0,3,3
26070253,,0,0.000002,198,0.000007,0,1,1,0,1,1
25869017,,0,0.000002,198,0.000007,0,1,1,0,1,1
25839968,,0,0.000002,198,0.000007,0,1,1,0,1,1
25729457,,0,0.000002,198,0.000007,0,1,1,0,1,1
25465497,,0,0.000002,198,0.000007,0,1,1,0,1,1
25382490,,0,0.000002,198,0.000007,0,1,1,0,1,1
25176023,,0,0.000002,198,0.000007,0,1,1,0,1,1
25138444,,0,0.000002,198,0.000007,0,1,1,0,1,1
24968183,,0,0.000002,198,0.000007,0,1,1,0,1,1
24713034,,0,0.000002,198,0.000007,0,1,1,0,1,1
24691609,,0,0.000005,198,0.000007,0,2,2,0,2,2
24652109,,0,0.000002,198,0.000007,0,1,1,0,1,1
24624970,,0,0.000002,198,0.000007,0,1,1,0,1,1
24404287,,0,0.000002,198,0.000007,0,1,1,0,1,1
24378846,,0,0.000002,198,0.000007,0,1,1,0,1,1
24094919,,0,0.000002,198,0.000007,0,1,1,0,1,1
24093428,,0,0.000002,198,0.000007,0,1,1,0,1,1
23905546,,0,0.000002,198,0.000007,0,1,1,0,1,1
23478883,,0,0.000002,198,0.000007,0,1,1,0,1,1
23453315,,0,0.000002,198,0.000007,0,1,1,0,1,1
23176071,,0,0.000002,198,0.000007,0,1,1,0,1,1
22544418,,0,0.000002,198,0.000007,0,1,1,0,1,1
22476985,,0,0.000002,198,0.000007,0,1,1,0,1,1
21986241,,0,0.000002,198,0.000007,0,1,1,0,1,1
21915765,,0,0.000002,198,0.000007,0,1,1,0,1,1
21813727,,0,0.000002,198,0.000007,0,1,1,0,1,1
30348217,,0,0.000054,279,0.000007,0,5,5,0,5,5
20882403,,0.000813,0,279,0.000066,30,0,30,30,0,30
30026822,,0,0.000022,279,0.000007,0,2,2,0,2,2
29473320,,0,0.000045,279,0.000007,0,3,3,0,3,3
28977860,,0,0.000015,279,0.000007,0,1,1,0,1,1
26013103,,0,0.000015,279,0.000007,0,1,1,0,1,1
28427157,,0,0.00012,69,0.000007,0,2,2,0,2,2
20887168,,0.000279,0,69,0.000012,2,0,2,2,0,2
20919953,,0.000088,0,89,0.000007,1,0,1,1,0,1
28439316,,0,0.000002,89,0.000007,0,1,1,0,1,1
27279791,,0,0.000002,89,0.000007,0,1,1,0,1,1
20920753,,0.000507,0,279,0.000099,22,0,22,22,0,22
27461049,,0,0.00001,279,0.000007,0,1,1,0,1,1
27175980,,0,0.00001,279,0.000007,0,1,1,0,1,1
25833781,,0,0.00001,279,0.000007,0,1,1,0,1,1
25616342,,0,0.00001,279,0.000007,0,1,1,0,1,1
25558448,,0,0.00001,279,0.000007,0,1,1,0,1,1
25550913,,0,0.00001,279,0.000007,0,1,1,0,1,1
24574767,,0,0.00001,279,0.000007,0,1,1,0,1,1
24500500,,0,0.00001,279,0.000007,0,1,1,0,1,1
24362576,,0,0.00001,279,0.000007,0,1,1,0,1,1
24114123,,0,0.00001,279,0.000007,0,1,1,0,1,1
23540689,,0,0.007445,279,0.000007,0,2,2,0,2,2
22432007,,0,0.00001,279,0.000007,0,1,1,0,1,1
22243995,,0,0.00001,279,0.000007,0,1,1,0,1,1
29700408,,0,0.000005,89,0.000007,0,1,1,0,1,1
29050249,,0,0.000005,89,0.000007,0,1,1,0,1,1
25849106,,0,0.000005,89,0.000007,0,1,1,0,1,1
25067988,,0,0.000005,89,0.000007,0,1,1,0,1,1
25562358,,0,0.000001,224,0.000007,0,1,1,0,1,1
20921464,,0.000034,0,224,0.000044,7,0,7,7,0,7
24928595,,0,0.000001,224,0.000007,0,1,1,0,1,1
23949153,,0,0.000001,224,0.000007,0,1,1,0,1,1
23519057,,0,0.000001,224,0.000007,0,1,1,0,1,1
21950596,,0,0.000001,224,0.000007,0,1,1,0,1,1
21222171,,0,0.000001,224,0.000007,0,1,1,0,1,1
20921896,,0.000534,0,5,0.000013,8,0,8,8,0,8
22611237,,0,0.000006,100,0.000007,0,1,1,0,1,1
29070988,,0,0.000148,1,0.000007,0,1,1,0,1,1
20937646,,0.00778,0,1,0.000038,23,0,23,23,0,23
20940401,,0.000109,0,137,0.000089,25,0,25,25,0,25
29156666,,0,0.000002,137,0.000007,0,1,1,0,1,1
28915622,,0,0.000002,137,0.000007,0,1,1,0,1,1
27688775,,0,0.000002,137,0.000007,0,1,1,0,1,1
27671334,,0,0.000271,137,0.000007,0,2,2,0,2,2
27014877,,0,0.000002,137,0.000007,0,1,1,0,1,1
24040302,,0,0.000002,137,0.000007,0,1,1,0,1,1
23308051,,0,0.000002,137,0.000007,0,1,1,0,1,1
22186791,,0,0.000002,137,0.000007,0,1,1,0,1,1
21984918,,0,0.000002,137,0.000007,0,1,1,0,1,1
20940403,,0.000308,0,90,0.000045,12,0,12,12,0,12
27494891,,0,0.000751,69,0.000007,0,3,3,0,3,3
23950211,,0,0.000006,90,0.000007,0,1,1,0,1,1
23720056,,0,0.007442,90,0.000007,0,2,2,0,2,2
23578204,,0,0.000006,90,0.000007,0,1,1,0,1,1
23251525,,0,0.000006,90,0.000007,0,1,1,0,1,1
22280969,,0,0.000006,90,0.000007,0,1,1,0,1,1
29963498,,0,0.000451,1,0.000007,0,6,6,0,6,6
20943632,,0.001225,0,35,0.000086,31,0,31,31,0,31
27935867,,0,0.00013,35,0.000007,0,2,2,0,2,2
27526109,,0,0.000023,35,0.000007,0,1,1,0,1,1
27452906,,0,0.000023,35,0.000007,0,1,1,0,1,1
26055977,,0,0.000023,35,0.000007,0,1,1,0,1,1
25758253,,0,0.000212,35,0.000007,0,3,3,0,3,3
25075253,,0,0.000023,35,0.000007,0,1,1,0,1,1
23784775,,0,0.000023,35,0.000007,0,1,1,0,1,1
22289780,,0,0.000023,35,0.000007,0,1,1,0,1,1
21904652,,0,0.000023,35,0.000007,0,1,1,0,1,1
20943638,,0.000103,0,89,0.00001,2,0,2,2,0,2
20944121,,0.001325,0,1,0.000014,7,0,7,7,0,7
20944665,,0.018604,0,69,0.00038,125,0,125,125,0,125
29949936,,0,0.000355,69,0.000007,0,1,1,0,1,1
29942794,,0,0.007791,69,0.000007,0,2,2,0,2,2
29934500,,0,0.000355,69,0.000007,0,1,1,0,1,1
29921232,,0,0.000355,69,0.000007,0,1,1,0,1,1
29900704,,0,0.000355,69,0.000007,0,1,1,0,1,1
29783665,,0,0.007812,5,0.000007,0,7,7,0,7,7
29774110,,0,0.000361,69,0.000007,0,2,2,0,2,2
29723215,,0,0.000355,265,0.000007,0,2,2,0,2,2
29712898,,0,0.00929,69,0.000007,0,5,5,0,5,5
29661159,,0,0.000581,69,0.000007,0,3,3,0,3,3
29618387,,0,0.000355,69,0.000007,0,1,1,0,1,1
29295532,,0,0.000355,69,0.000007,0,1,1,0,1,1
29218242,,0,0.000355,69,0.000007,0,1,1,0,1,1
29188658,,0,0.000355,69,0.000007,0,1,1,0,1,1
29147009,,0,0.000355,69,0.000007,0,1,1,0,1,1
29132324,,0,0.000355,69,0.000007,0,1,1,0,1,1
29041931,,0,0.000677,69,0.000007,0,2,2,0,2,2
28881798,,0,0.000355,69,0.000007,0,1,1,0,1,1
28881577,,0,0.007791,69,0.000007,0,2,2,0,2,2
28435289,,0,0.000355,69,0.000007,0,1,1,0,1,1
28198360,,0,0.000355,69,0.000007,0,1,1,0,1,1
28166758,,0,0.000355,69,0.000007,0,1,1,0,1,1
28154920,,0,0.002934,1,0.000007,0,5,5,0,5,5
27767180,,0,0.000355,69,0.000007,0,1,1,0,1,1
27689695,,0,0.00114,35,0.000007,0,4,4,0,4,4
27498762,,0,0.008138,69,0.000007,0,5,5,0,5,5
27095571,,0,0.000368,69,0.000007,0,2,2,0,2,2
27081703,,0,0.008113,69,0.000007,0,3,3,0,3,3
26877780,,0,0.011497,1,0.000007,0,5,5,0,5,5
26849037,,0,0.008569,69,0.000007,0,3,3,0,3,3
26663100,,0,0.000437,89,0.000007,0,3,3,0,3,3
26631459,,0,0.007799,69,0.000007,0,3,3,0,3,3
26575423,,0,0.000355,69,0.000007,0,1,1,0,1,1
26575166,,0,0.007791,69,0.000007,0,2,2,0,2,2
26546806,,0,0.008647,69,0.000007,0,3,3,0,3,3
26530441,,0,0.008113,69,0.000007,0,3,3,0,3,3
26497682,,0,0.000355,69,0.000007,0,1,1,0,1,1
26451959,,0,0.007791,69,0.000007,0,2,2,0,2,2
26299803,,0,0.000355,69,0.000007,0,1,1,0,1,1
26117268,,0,0.000355,69,0.000007,0,1,1,0,1,1
26115975,,0,0.000573,69,0.000007,0,2,2,0,2,2
26028975,,0,0.000355,69,0.000007,0,1,1,0,1,1
25556614,,0,0.007906,69,0.000007,0,3,3,0,3,3
25535366,,0,0.007911,231,0.000007,0,4,4,0,4,4
25460179,,0,0.0078,89,0.000007,0,3,3,0,3,3
25368431,,0,0.000477,69,0.000007,0,2,2,0,2,2
25293804,,0,0.001763,69,0.000007,0,3,3,0,3,3
25180593,,0,0.000355,69,0.000007,0,1,1,0,1,1
25134999,,0,0.00047,69,0.000007,0,2,2,0,2,2
24786638,,0,0.007791,69,0.000007,0,2,2,0,2,2
24516574,,0,0.000355,69,0.000007,0,1,1,0,1,1
24393131,,0,0.000407,69,0.000007,0,2,2,0,2,2
24218601,,0.006417,0.010307,1,0.000103,39,6,45,39,6,45
24094005,,0,0.000355,69,0.000007,0,1,1,0,1,1
23967324,,0,0.000355,69,0.000007,0,1,1,0,1,1
23839242,,0,0.007932,69,0.000007,0,3,3,0,3,3
23633034,,0,0.007912,1,0.000007,0,4,4,0,4,4
23599892,,0,0.000355,69,0.000007,0,1,1,0,1,1
23565736,,0,0.000355,69,0.000007,0,1,1,0,1,1
23528891,,0,0.007791,69,0.000007,0,2,2,0,2,2
23467088,,0,0.007897,69,0.000007,0,4,4,0,4,4
23408974,,0,0.007791,69,0.000007,0,2,2,0,2,2
23326605,,0,0.000377,89,0.000007,0,3,3,0,3,3
23134756,,0,0.007791,69,0.000007,0,2,2,0,2,2
22935582,,0,0.007791,69,0.000007,0,2,2,0,2,2
22733541,,0,0.007791,69,0.000007,0,2,2,0,2,2
22637570,,0,0.007794,35,0.000007,0,3,3,0,3,3
22514011,,0.001774,0.007822,69,0.000088,29,3,32,29,3,32
22412972,,0,0.000355,69,0.000007,0,1,1,0,1,1
22328975,,0,0.007791,69,0.000007,0,2,2,0,2,2
22306204,,0,0.007791,69,0.000007,0,2,2,0,2,2
22174824,,0,0.007791,69,0.000007,0,2,2,0,2,2
22131882,,0,0.000355,1,0.000007,0,2,2,0,2,2
22065722,,0,0.007791,69,0.000007,0,2,2,0,2,2
21931712,,0,0.007791,69,0.000007,0,2,2,0,2,2
20947401,,0.000001,0,90,0.000015,3,0,3,3,0,3
22033271,,0,0,90,0.000007,0,1,1,0,1,1
23818899,,0,0.000022,1,0.000007,0,1,1,0,1,1
20950396,,0.001697,0,89,0.000026,12,0,12,12,0,12
29072403,,0,0.000032,89,0.000007,0,1,1,0,1,1
28231427,,0,0.000032,89,0.000007,0,1,1,0,1,1
28070424,,0,0.00004,89,0.000007,0,2,2,0,2,2
28355294,,0,0,24,0.000007,0,1,1,0,1,1
20950730,,0,0,24,0.000027,4,0,4,4,0,4
27315793,,0,0,24,0.000007,0,1,1,0,1,1
25762627,,0,0,24,0.000007,0,4,4,0,4,4
22894137,,0,0,24,0.000007,0,1,1,0,1,1
20956982,,0.005732,0,232,0.000126,45,0,45,45,0,45
28356926,,0,0.000225,1,0.000007,0,4,4,0,4,4
27648364,,0,0.000109,232,0.000007,0,1,1,0,1,1
25739118,,0,0.000163,35,0.000007,0,3,3,0,3,3
24688162,,0,0.00013,232,0.000007,0,2,2,0,2,2
23454770,,0,0.000109,232,0.000007,0,1,1,0,1,1
23440080,,0,0.000109,232,0.000007,0,1,1,0,1,1
20960228,,0.000799,0,89,0.000014,7,0,7,7,0,7
29391828,,0,0.000039,5,0.000007,0,1,1,0,1,1
23416446,,0,0.000039,5,0.000007,0,1,1,0,1,1
20967475,,0.00047,0,100,0.000016,5,0,5,5,0,5
25689729,,0,0.000009,100,0.000007,0,1,1,0,1,1
20972632,,0.000062,0,5,0.000011,2,0,2,2,0,2
25431797,,0,0,184,0.000007,0,1,1,0,1,1
20972713,,0,0,184,0.000016,2,0,2,2,0,2
24170988,,0,0,184,0.000007,0,2,2,0,2,2
20973257,,0.001024,0,1,0.000028,8,0,8,8,0,8
23573132,,0,0.00002,1,0.000007,0,1,1,0,1,1
22927880,,0,0.00002,1,0.000007,0,1,1,0,1,1
20975359,,0.000262,0,5,0.000013,2,0,2,2,0,2
27951628,,0,0.000005,5,0.000007,0,1,1,0,1,1
28275416,,0,0.000002,35,0.000007,0,1,1,0,1,1
20975737,,0.000084,0,35,0.00005,10,0,10,10,0,10
28106782,,0,0.000352,35,0.000007,0,4,4,0,4,4
25080996,,0,0.000002,35,0.000007,0,1,1,0,1,1
24971884,,0,0.000002,35,0.000007,0,1,1,0,1,1
24970389,,0,0.000002,35,0.000007,0,1,1,0,1,1
24711706,,0,0.000002,35,0.000007,0,1,1,0,1,1
22900933,,0,0.000002,35,0.000007,0,1,1,0,1,1
29445177,,0,0.000075,231,0.000007,0,7,7,0,7,7
27999265,,0,0.000037,231,0.000007,0,1,1,0,1,1
27392129,,0,0.000037,231,0.000007,0,1,1,0,1,1
26927176,,0,0.000041,231,0.000007,0,2,2,0,2,2
24490656,,0,0.000037,279,0.000007,0,2,2,0,2,2
23943784,,0,0.000045,279,0.000007,0,2,2,0,2,2
23050052,,0,0.000038,231,0.000007,0,2,2,0,2,2
22570110,,0.000007,0.000037,279,0.000051,10,1,11,10,1,11
25061812,,0,0.000015,231,0.000007,0,1,1,0,1,1
22558117,,0,0.000015,231,0.000007,0,1,1,0,1,1
28259963,,0,0.000001,184,0.000007,0,1,1,0,1,1
20979543,,0.000054,0,184,0.000021,4,0,4,4,0,4
22722331,,0,0.000001,184,0.000007,0,1,1,0,1,1
28176935,,0,0.000296,5,0.000007,0,2,2,0,2,2
26401523,,0,0.000007,5,0.000007,0,1,1,0,1,1
24202698,,0,0.000007,5,0.000007,0,1,1,0,1,1
22138258,,0,0.000007,5,0.000007,0,1,1,0,1,1
21034216,,0.000774,0,5,0.000021,7,0,7,7,0,7
22558087,,0,0.000015,5,0.000007,0,1,1,0,1,1
29876237,,0,0.000001,89,0.000007,0,1,1,0,1,1
29039759,,0,0.000006,90,0.000007,0,1,1,0,1,1
21034812,,0.000292,0,90,0.000036,9,0,9,9,0,9
27215610,,0,0.000006,90,0.000007,0,1,1,0,1,1
26981185,,0,0.000006,90,0.000007,0,2,2,0,2,2
26520808,,0,0.000006,90,0.000007,0,1,1,0,1,1
30416649,,0,0.000209,72,0.000007,0,2,2,0,2,2
21034966,,0.010816,0,176,0.001164,297,0,297,297,0,297
30374743,,0,0.000229,176,0.000007,0,2,2,0,2,2
30323964,,0,0.000206,176,0.000007,0,1,1,0,1,1
30323901,,0,0.000206,176,0.000007,0,1,1,0,1,1
30315225,,0,0.000206,176,0.000007,0,1,1,0,1,1
30297842,,0,0.000434,1,0.000007,0,2,2,0,2,2
30265735,,0,0.000397,176,0.000007,0,2,2,0,2,2
30214601,,0,0.000206,176,0.000007,0,1,1,0,1,1
30126387,,0,0.000222,1,0.000007,0,4,4,0,4,4
30068368,,0,0.000206,176,0.000007,0,1,1,0,1,1
30022065,,0,0.000206,176,0.000007,0,1,1,0,1,1
30008911,,0,0.000206,176,0.000007,0,1,1,0,1,1
29974052,,0,0.000206,176,0.000007,0,1,1,0,1,1
29967761,,0,0.000206,176,0.000007,0,1,1,0,1,1
29954829,,0,0.000206,176,0.000007,0,1,1,0,1,1
29844863,,0,0.000292,41,0.000007,0,4,4,0,4,4
29773851,,0,0.000206,176,0.000007,0,1,1,0,1,1
29577351,,0,0.00022,35,0.000007,0,2,2,0,2,2
29568064,,0,0.000227,232,0.000007,0,2,2,0,2,2
29522130,,0,0.000211,176,0.000007,0,2,2,0,2,2
29472538,,0,0.000275,57,0.000007,0,3,3,0,3,3
29464074,,0,0.000206,176,0.000007,0,1,1,0,1,1
29396424,,0,0.000206,176,0.000007,0,1,1,0,1,1
29394294,,0,0.000206,176,0.000007,0,1,1,0,1,1
29383140,,0,0.000206,176,0.000007,0,1,1,0,1,1
29340034,,0,0.015429,1,0.000007,0,16,16,0,16,16
29262732,,0,0.000206,176,0.000007,0,1,1,0,1,1
29206223,,0,0.000206,176,0.000007,0,1,1,0,1,1
29186062,,0,0.000206,176,0.000007,0,1,1,0,1,1
28935922,,0,0.000206,176,0.000007,0,1,1,0,1,1
28927075,,0,0.000206,176,0.000007,0,1,1,0,1,1
28915668,,0,0.000206,176,0.000007,0,1,1,0,1,1
28894083,,0,0.000206,176,0.000007,0,1,1,0,1,1
28801307,,0,0.000273,90,0.000007,0,4,4,0,4,4
28698766,,0,0.000206,176,0.000007,0,1,1,0,1,1
28686074,,0,0.000253,241,0.000007,0,4,4,0,4,4
28606919,,0,0.000206,176,0.000007,0,1,1,0,1,1
28567384,,0,0.000382,176,0.000007,0,2,2,0,2,2
28566437,,0,0.000208,1,0.000007,0,2,2,0,2,2
28550769,,0,0.000206,176,0.000007,0,1,1,0,1,1
28356985,,0,0.000206,176,0.000007,0,1,1,0,1,1
28340172,,0,0.000206,176,0.000007,0,1,1,0,1,1
28282959,,0,0.000206,176,0.000007,0,1,1,0,1,1
28166748,,0,0.000303,35,0.000007,0,4,4,0,4,4
28125685,,0,0.000206,176,0.000007,0,1,1,0,1,1
28103177,,0,0.000206,176,0.000007,0,1,1,0,1,1
28099474,,0,0.000206,176,0.000007,0,1,1,0,1,1
28051860,,0,0.000206,176,0.000007,0,1,1,0,1,1
28042385,,0,0.000206,176,0.000007,0,1,1,0,1,1
28031537,,0,0.000206,176,0.000007,0,1,1,0,1,1
27965466,,0,0.000206,176,0.000007,0,1,1,0,1,1
27941826,,0,0.000206,176,0.000007,0,1,1,0,1,1
27935061,,0,0.000206,176,0.000007,0,1,1,0,1,1
27923354,,0,0.000206,176,0.000007,0,1,1,0,1,1
27803059,,0,0.000206,176,0.000007,0,1,1,0,1,1
27794029,,0,0.000206,176,0.000007,0,1,1,0,1,1
27775084,,0,0.000206,176,0.000007,0,1,1,0,1,1
27612029,,0,0.000206,176,0.000007,0,1,1,0,1,1
27493659,,0,0.000217,176,0.000007,0,2,2,0,2,2
27470212,,0,0.000206,176,0.000007,0,1,1,0,1,1
27464833,,0,0.000206,176,0.000007,0,1,1,0,1,1
27438145,,0,0.000206,176,0.000007,0,1,1,0,1,1
27398135,,0,0.000206,176,0.000007,0,1,1,0,1,1
27391441,,0,0.000206,176,0.000007,0,1,1,0,1,1
27350734,,0,0.000206,176,0.000007,0,1,1,0,1,1
27308547,,0,0.000206,176,0.000007,0,1,1,0,1,1
27160070,,0,0.000206,176,0.000007,0,1,1,0,1,1
27144067,,0,0.000206,176,0.000007,0,1,1,0,1,1
27135879,,0,0.000206,176,0.000007,0,1,1,0,1,1
26923777,,0,0.000206,176,0.000007,0,1,1,0,1,1
26844271,,0,0.000206,176,0.000007,0,1,1,0,1,1
26694467,,0,0.000206,176,0.000007,0,1,1,0,1,1
26694174,,0,0.000206,176,0.000007,0,1,1,0,1,1
26683224,,0,0.000218,1,0.000007,0,2,2,0,2,2
26657151,,0,0.000236,265,0.000007,0,2,2,0,2,2
26622535,,0,0.000206,176,0.000007,0,1,1,0,1,1
26512957,,0,0.000206,176,0.000007,0,1,1,0,1,1
26491069,,0,0.000206,176,0.000007,0,1,1,0,1,1
26471831,,0,0.000226,176,0.000007,0,2,2,0,2,2
26440151,,0,0.000206,176,0.000007,0,1,1,0,1,1
26437439,,0,0.000206,176,0.000007,0,1,1,0,1,1
26336104,,0,0.000206,176,0.000007,0,1,1,0,1,1
26303183,,0,0.000206,176,0.000007,0,1,1,0,1,1
26270677,,0,0.000206,176,0.000007,0,1,1,0,1,1
26247630,,0,0.000206,176,0.000007,0,1,1,0,1,1
26238391,,0,0.000486,176,0.000007,0,2,2,0,2,2
26225764,,0,0.000206,176,0.000007,0,1,1,0,1,1
26194823,,0,0.000206,176,0.000007,0,1,1,0,1,1
26147394,,0,0.000206,176,0.000007,0,1,1,0,1,1
26039276,,0,0.000206,176,0.000007,0,1,1,0,1,1
26027517,,0,0.000206,176,0.000007,0,1,1,0,1,1
26000719,,0,0.000206,176,0.000007,0,1,1,0,1,1
25787341,,0,0.000206,176,0.000007,0,1,1,0,1,1
25663895,,0,0.000207,24,0.000007,0,2,2,0,2,2
25641933,,0,0.000206,176,0.000007,0,1,1,0,1,1
25617051,,0,0.000328,100,0.000007,0,3,3,0,3,3
25609063,,0,0.000206,176,0.000007,0,1,1,0,1,1
25595672,,0,0.000206,176,0.000007,0,1,1,0,1,1
25568088,,0,0.000206,176,0.000007,0,1,1,0,1,1
25560806,,0,0.00872,1,0.000007,0,5,5,0,5,5
25544753,,0,0.000206,176,0.000007,0,1,1,0,1,1
25535901,,0,0.000206,176,0.000007,0,1,1,0,1,1
25483091,,0,0.000422,1,0.000007,0,3,3,0,3,3
25483066,,0,0.000206,176,0.000007,0,1,1,0,1,1
25468710,,0,0.000215,1,0.000007,0,3,3,0,3,3
25459351,,0,0.000397,176,0.000007,0,2,2,0,2,2
25429305,,0,0.000206,176,0.000007,0,1,1,0,1,1
25412311,,0,0.00021,176,0.000007,0,2,2,0,2,2
25349305,,0,0.000206,176,0.000007,0,1,1,0,1,1
25301733,,0,0.000206,176,0.000007,0,1,1,0,1,1
25269479,,0,0.000397,176,0.000007,0,2,2,0,2,2
25189701,,0,0.000206,176,0.000007,0,1,1,0,1,1
24848236,,0,0.001159,176,0.000007,0,2,2,0,2,2
24809299,,0,0.00029,1,0.000007,0,2,2,0,2,2
24762558,,0,0.000206,176,0.000007,0,1,1,0,1,1
24639502,,0,0.000206,176,0.000007,0,1,1,0,1,1
24634213,,0,0.000296,100,0.000007,0,2,2,0,2,2
24482479,,0,0.000206,176,0.000007,0,1,1,0,1,1
24348048,,0,0.000212,24,0.000007,0,3,3,0,3,3
24244353,,0,0.000206,176,0.000007,0,1,1,0,1,1
24157646,,0,0.000206,176,0.000007,0,1,1,0,1,1
24072747,,0,0.000253,176,0.000007,0,2,2,0,2,2
24040138,,0,0.000206,176,0.000007,0,1,1,0,1,1
24038466,,0,0.000206,176,0.000007,0,1,1,0,1,1
23907539,,0,0.000206,176,0.000007,0,1,1,0,1,1
23740993,,0,0.000206,176,0.000007,0,1,1,0,1,1
23646139,,0,0.000206,176,0.000007,0,1,1,0,1,1
23604484,,0,0.000206,176,0.000007,0,1,1,0,1,1
23594139,,0,0.000218,176,0.000007,0,2,2,0,2,2
23537585,,0,0.000206,176,0.000007,0,1,1,0,1,1
23470523,,0,0.000206,176,0.000007,0,1,1,0,1,1
23464371,,0,0.000206,176,0.000007,0,1,1,0,1,1
23369605,,0,0.000206,176,0.000007,0,1,1,0,1,1
23135916,,0,0.000206,176,0.000007,0,1,1,0,1,1
23082860,,0,0.000206,176,0.000007,0,1,1,0,1,1
23077619,,0,0.000206,176,0.000007,0,1,1,0,1,1
23034801,,0,0.000206,176,0.000007,0,1,1,0,1,1
23015717,,0,0.000206,176,0.000007,0,1,1,0,1,1
22986406,,0,0.000206,176,0.000007,0,1,1,0,1,1
22976441,,0,0.000206,176,0.000007,0,1,1,0,1,1
22973558,,0,0.000206,176,0.000007,0,1,1,0,1,1
22837195,,0,0.000206,176,0.000007,0,1,1,0,1,1
22801540,,0,0.000253,176,0.000007,0,2,2,0,2,2
22798379,,0.000189,0.00029,176,0.000162,31,5,36,31,5,36
22722496,,0,0.000206,176,0.000007,0,1,1,0,1,1
22705848,,0,0.000206,176,0.000007,0,1,1,0,1,1
22686412,,0,0.000206,176,0.000007,0,1,1,0,1,1
22607554,,0,0.000246,241,0.000007,0,2,2,0,2,2
22592563,,0,0.000206,176,0.000007,0,1,1,0,1,1
22499591,,0,0.000206,176,0.000007,0,1,1,0,1,1
22491012,,0,0.00053,176,0.000007,0,2,2,0,2,2
22490701,,0,0.000207,57,0.000007,0,2,2,0,2,2
22289037,,0,0.000206,176,0.000007,0,1,1,0,1,1
22189968,,0,0.000206,176,0.000007,0,1,1,0,1,1
22179778,,0,0.000206,176,0.000007,0,1,1,0,1,1
22069704,,0,0.000206,176,0.000007,0,1,1,0,1,1
22024163,,0,0.000206,176,0.000007,0,1,1,0,1,1
22023523,,0,0.000206,176,0.000007,0,1,1,0,1,1
21927823,,0,0.000206,176,0.000007,0,1,1,0,1,1
21851590,,0,0.000206,176,0.000007,0,1,1,0,1,1
21804456,,0,0.000206,176,0.000007,0,1,1,0,1,1
21680529,,0,0.000206,176,0.000007,0,1,1,0,1,1
21641805,,0,0.000206,176,0.000007,0,1,1,0,1,1
21368576,,0,0.000206,176,0.000007,0,1,1,0,1,1
21300797,,0,0.000206,176,0.000007,0,1,1,0,1,1
21245848,,0,0.000206,176,0.000007,0,1,1,0,1,1
21036739,,0.000029,0,57,0.000037,4,0,4,4,0,4
23916255,,0,0.000001,57,0.000007,0,1,1,0,1,1
23090115,,0,0.000001,57,0.000007,0,1,1,0,1,1
25898928,,0,0.000003,5,0.000007,0,1,1,0,1,1
25523111,,0,0.000003,5,0.000007,0,1,1,0,1,1
21042765,,0.000088,0,89,0.000007,1,0,1,1,0,1
21049572,,0.00019,0,89,0.000008,2,0,2,2,0,2
29515912,,0,0.000034,69,0.000007,0,2,2,0,2,2
28335812,,0,0.000052,279,0.000007,0,2,2,0,2,2
28054963,,0,0.000032,1,0.000007,0,1,1,0,1,1
24671036,,0,0.000032,1,0.000007,0,1,1,0,1,1
23459561,,0,0.000032,1,0.000007,0,1,1,0,1,1
22430805,,0,0.000033,231,0.000007,0,2,2,0,2,2
22355271,,0,0.000032,1,0.000007,0,1,1,0,1,1
22022943,,0,0.000032,1,0.000007,0,1,1,0,1,1
28545395,,0,0,140,0.000007,0,1,1,0,1,1
21057781,,0.000014,0,140,0.000027,4,0,4,4,0,4
27393343,,0,0,140,0.000007,0,1,1,0,1,1
23110848,,0,0,140,0.000007,0,1,1,0,1,1
21059584,,0.000007,0,5,0.000008,1,0,1,1,0,1
21060331,,0.005082,0,5,0.000033,24,0,24,24,0,24
21063910,,0.000334,0,89,0.000008,3,0,3,3,0,3
30356721,,0,0.000104,35,0.000007,0,1,1,0,1,1
29805613,,0,0.000104,35,0.000007,0,1,1,0,1,1
29594759,,0,0.000167,35,0.000007,0,3,3,0,3,3
29290975,,0,0.000104,35,0.000007,0,1,1,0,1,1
29207160,,0,0.000111,35,0.000007,0,2,2,0,2,2
28870060,,0,0.000104,35,0.000007,0,1,1,0,1,1
28713912,,0,0.000111,35,0.000007,0,2,2,0,2,2
28454376,,0,0.000104,35,0.000007,0,1,1,0,1,1
28356948,,0,0.000104,35,0.000007,0,1,1,0,1,1
28285077,,0,0.000104,35,0.000007,0,2,2,0,2,2
27274308,,0,0.000104,35,0.000007,0,1,1,0,1,1
26562785,,0,0.000104,35,0.000007,0,1,1,0,1,1
26472563,,0,0.00022,35,0.000007,0,3,3,0,3,3
26080617,,0,0.000104,35,0.000007,0,1,1,0,1,1
24396484,,0,0.000133,35,0.000007,0,3,3,0,3,3
24229009,,0,0.000104,35,0.000007,0,1,1,0,1,1
23755268,,0,0.000104,35,0.000007,0,1,1,0,1,1
23516601,,0,0.000104,35,0.000007,0,1,1,0,1,1
22918549,,0,0.000104,35,0.000007,0,1,1,0,1,1
21937717,,0,0.000104,35,0.000007,0,1,1,0,1,1
30370248,,0,0.000015,35,0.000007,0,1,1,0,1,1
30158849,,0,0.000015,35,0.000007,0,1,1,0,1,1
25488911,,0,0.000015,35,0.000007,0,1,1,0,1,1
24520212,,0,0.000015,35,0.000007,0,1,1,0,1,1
21069671,,0.001288,0,5,0.000122,70,0,70,70,0,70
29992582,,0,0.00007,5,0.000007,0,3,3,0,3,3
29659447,,0,0.00003,5,0.000007,0,3,3,0,3,3
28944955,,0,0.000153,5,0.000007,0,7,7,0,7,7
28810062,,0,0.000031,5,0.000007,0,2,2,0,2,2
27465657,,0,0.000032,5,0.000007,0,3,3,0,3,3
26675741,,0,0.000025,35,0.000007,0,2,2,0,2,2
26430649,,0,0.000025,5,0.000007,0,1,1,0,1,1
26257405,,0,0.000025,5,0.000007,0,1,1,0,1,1
24934585,,0.000047,0.000063,5,0.000021,4,4,8,4,4,8
24888802,,0,0.00008,5,0.000007,0,2,2,0,2,2
24164776,,0,0.000025,5,0.000007,0,1,1,0,1,1
23825743,,0,0.000025,5,0.000007,0,1,1,0,1,1
23448249,,0,0.000025,5,0.000007,0,1,1,0,1,1
21072753,,0.000743,0,5,0.000022,11,0,11,11,0,11
24294897,,0,0.000014,5,0.000007,0,1,1,0,1,1
30280102,,0,0.000046,184,0.000007,0,1,1,0,1,1
29727616,,0,0.000046,184,0.000007,0,1,1,0,1,1
28760773,,0,0.000046,184,0.000007,0,1,1,0,1,1
28357308,,0,0.000047,184,0.000007,0,2,2,0,2,2
28350373,,0,0.000047,184,0.000007,0,2,2,0,2,2
28090586,,0,0.00072,100,0.000007,0,3,3,0,3,3
27428329,,0,0.000046,184,0.000007,0,1,1,0,1,1
27322732,,0,0.000495,100,0.000007,0,3,3,0,3,3
27228173,,0,0.000046,184,0.000007,0,1,1,0,1,1
27116558,,0,0.000046,184,0.000007,0,1,1,0,1,1
26581520,,0,0.001106,100,0.000007,0,4,4,0,4,4
26572248,,0,0.000046,184,0.000007,0,1,1,0,1,1
26492073,,0,0.000046,184,0.000007,0,1,1,0,1,1
25922071,,0,0.000046,184,0.000007,0,1,1,0,1,1
25653166,,0,0.000046,184,0.000007,0,1,1,0,1,1
25572391,,0,0.000046,184,0.000007,0,1,1,0,1,1
25115914,,0,0.000047,100,0.000007,0,2,2,0,2,2
25040628,,0,0.000046,184,0.000007,0,1,1,0,1,1
24686846,,0,0.000046,184,0.000007,0,1,1,0,1,1
23874233,,0,0.000046,184,0.000007,0,1,1,0,1,1
23732473,,0,0.000097,184,0.000007,0,3,3,0,3,3
23726221,,0,0.000046,184,0.000007,0,1,1,0,1,1
23677619,,0,0.000046,184,0.000007,0,1,1,0,1,1
23638436,,0,0.000046,184,0.000007,0,1,1,0,1,1
23604115,,0,0.000046,184,0.000007,0,1,1,0,1,1
23604072,,0,0.000054,184,0.000007,0,2,2,0,2,2
23363843,,0,0.000046,184,0.000007,0,1,1,0,1,1
22964711,,0,0.000046,184,0.000007,0,1,1,0,1,1
22863775,,0,0.000046,184,0.000007,0,1,1,0,1,1
22705496,,0,0.000046,184,0.000007,0,1,1,0,1,1
22531781,,0,0.000046,184,0.000007,0,1,1,0,1,1
22415365,,0,0.000046,184,0.000007,0,1,1,0,1,1
30140703,,0,0.000047,5,0.000007,0,2,2,0,2,2
21079137,,0.002073,0,5,0.00003,25,0,25,25,0,25
30293721,,0,0.000008,2,0.000007,0,1,1,0,1,1
30039914,,0,0.000009,279,0.000007,0,2,2,0,2,2
29963942,,0,0.000119,100,0.000007,0,3,3,0,3,3
29907896,,0,0.000008,2,0.000007,0,1,1,0,1,1
29329290,,0,0.000008,2,0.000007,0,1,1,0,1,1
29085590,,0,0.000008,2,0.000007,0,1,1,0,1,1
28751906,,0,0.000008,2,0.000007,0,1,1,0,1,1
28504655,,0,0.000008,2,0.000007,0,1,1,0,1,1
27742779,,0,0.000008,2,0.000007,0,1,1,0,1,1
27341508,,0,0.000008,2,0.000007,0,1,1,0,1,1
27013114,,0,0.000008,2,0.000007,0,1,1,0,1,1
26869299,,0,0.000008,2,0.000007,0,1,1,0,1,1
26637526,,0,0.00042,2,0.000007,0,3,3,0,3,3
26598612,,0,0.000395,2,0.000007,0,2,2,0,2,2
26506311,,0,0.000008,2,0.000007,0,1,1,0,1,1
26408185,,0,0.000008,2,0.000007,0,1,1,0,1,1
25795304,,0,0.000008,2,0.000007,0,1,1,0,1,1
25611385,,0,0.000008,2,0.000007,0,1,1,0,1,1
25446517,,0,0.000008,2,0.000007,0,1,1,0,1,1
25421598,,0,0.000008,2,0.000007,0,1,1,0,1,1
25324213,,0,0.000008,2,0.000007,0,1,1,0,1,1
24950965,,0,0.000008,2,0.000007,0,1,1,0,1,1
24803422,,0,0.000008,2,0.000007,0,1,1,0,1,1
24643002,,0,0.000008,2,0.000007,0,1,1,0,1,1
24066034,,0,0.000008,2,0.000007,0,1,1,0,1,1
23990794,,0,0.000008,2,0.000007,0,1,1,0,1,1
23759310,,0,0.000008,2,0.000007,0,1,1,0,1,1
23599345,,0,0.000008,2,0.000007,0,1,1,0,1,1
23408896,,0,0.000008,2,0.000007,0,1,1,0,1,1
23152892,,0,0.000008,2,0.000007,0,1,1,0,1,1
22833670,,0,0.000008,2,0.000007,0,1,1,0,1,1
22776561,,0,0.000008,2,0.000007,0,1,1,0,1,1
22407170,,0,0.000008,2,0.000007,0,1,1,0,1,1
22164254,,0,0.000008,2,0.000007,0,1,1,0,1,1
22056784,,0,0.000008,2,0.000007,0,1,1,0,1,1
21750255,,0,0.000008,2,0.000007,0,1,1,0,1,1
29636998,,0,0.000026,35,0.000007,0,2,2,0,2,2
21080741,,0.000822,0,35,0.000069,21,0,21,21,0,21
29095272,,0,0.000072,35,0.000007,0,2,2,0,2,2
28415749,,0,0.000016,35,0.000007,0,1,1,0,1,1
28096961,,0,0.000016,35,0.000007,0,1,1,0,1,1
28036267,,0,0.000066,35,0.000007,0,3,3,0,3,3
25034439,,0,0.000016,35,0.000007,0,1,1,0,1,1
23606532,,0,0.000035,35,0.000007,0,2,2,0,2,2
23396885,,0,0.000024,35,0.000007,0,3,3,0,3,3
22514495,,0,0.000016,35,0.000007,0,1,1,0,1,1
22461912,,0,0.000016,35,0.000007,0,1,1,0,1,1
26991710,,0,0.000187,1,0.000007,0,1,1,0,1,1
30194076,,0,0.000011,176,0.000007,0,1,1,0,1,1
21088254,,0.0006,0,176,0.00011,28,0,28,28,0,28
29774099,,0,0.000011,176,0.000007,0,1,1,0,1,1
29734760,,0,0.000011,176,0.000007,0,1,1,0,1,1
29545557,,0,0.000011,176,0.000007,0,1,1,0,1,1
29429924,,0,0.000011,176,0.000007,0,1,1,0,1,1
29062040,,0,0.000011,176,0.000007,0,1,1,0,1,1
26542114,,0,0.000011,176,0.000007,0,1,1,0,1,1
26180928,,0,0.000011,176,0.000007,0,1,1,0,1,1
25361978,,0,0.000011,176,0.000007,0,1,1,0,1,1
25213707,,0,0.000011,176,0.000007,0,1,1,0,1,1
25009785,,0,0.000011,176,0.000007,0,1,1,0,1,1
24353313,,0,0.000011,176,0.000007,0,1,1,0,1,1
23818948,,0,0.000011,176,0.000007,0,1,1,0,1,1
21091619,,0.000073,0,5,0.000009,3,0,3,3,0,3
28778925,,0,0.000004,279,0.000007,0,2,2,0,2,2
25300428,,0,0,279,0.000007,0,1,1,0,1,1
21093374,,0.000218,0,5,0.000069,11,0,11,11,0,11
25510853,,0.001665,0.000046,5,0.000106,54,2,56,54,2,56
22380376,,0,0.000004,5,0.000007,0,1,1,0,1,1
21097693,,0.006458,0,1,0.000067,27,0,27,27,0,27
26483610,,0,0.000123,1,0.000007,0,1,1,0,1,1
26406370,,0,0.000129,1,0.000007,0,2,2,0,2,2
25374341,,0,0.000123,1,0.000007,0,1,1,0,1,1
24157811,,0,0.000239,205,0.000007,0,2,2,0,2,2
22252602,,0,0.000123,1,0.000007,0,1,1,0,1,1
21980368,,0,0.000123,1,0.000007,0,1,1,0,1,1
30344933,,0,0.000002,168,0.000007,0,1,1,0,1,1
21098706,,0.000123,0,168,0.000113,25,0,25,25,0,25
29212169,,0,0.000007,168,0.000007,0,2,2,0,2,2
28849204,,0,0.000002,168,0.000007,0,1,1,0,1,1
28235006,,0,0.000019,35,0.000007,0,3,3,0,3,3
28086219,,0,0.000002,168,0.000007,0,1,1,0,1,1
27381636,,0,0.000002,168,0.000007,0,1,1,0,1,1
27141080,,0,0.000002,168,0.000007,0,1,1,0,1,1
26905263,,0,0.000002,168,0.000007,0,1,1,0,1,1
25781201,,0,0.000002,168,0.000007,0,1,1,0,1,1
24434208,,0,0.000002,168,0.000007,0,1,1,0,1,1
24376747,,0,0.000002,168,0.000007,0,1,1,0,1,1
23536762,,0,0.000002,168,0.000007,0,1,1,0,1,1
22555459,,0,0.000002,168,0.000007,0,1,1,0,1,1
22154076,,0,0.000002,168,0.000007,0,1,1,0,1,1
29774255,,0,0.000054,5,0.000007,0,1,1,0,1,1
21098759,,0.002858,0,5,0.000034,21,0,21,21,0,21
24206792,,0,0.000054,5,0.000007,0,1,1,0,1,1
23593504,,0,0.000005,100,0.000007,0,1,1,0,1,1
23085539,,0,0.000118,100,0.000007,0,3,3,0,3,3
29540733,,0,0.000056,279,0.000007,0,2,2,0,2,2
28935892,,0,0.000051,279,0.000007,0,1,1,0,1,1
28532298,,0,0.000051,279,0.000007,0,1,1,0,1,1
27562971,,0,0.000051,279,0.000007,0,1,1,0,1,1
27308461,,0,0.00009,279,0.000007,0,3,3,0,3,3
27258652,,0,0.000056,279,0.000007,0,2,2,0,2,2
27150057,,0,0.000051,279,0.000007,0,1,1,0,1,1
26998074,,0,0.000055,231,0.000007,0,3,3,0,3,3
26109067,,0,0.000051,279,0.000007,0,1,1,0,1,1
25633289,,0,0.000051,279,0.000007,0,1,1,0,1,1
25170305,,0,0.000051,279,0.000007,0,1,1,0,1,1
24955216,,0,0.000059,279,0.000007,0,3,3,0,3,3
24953559,,0,0.000051,279,0.000007,0,1,1,0,1,1
23438473,,0,0.000051,279,0.000007,0,1,1,0,1,1
30349006,,0,0.000025,367,0.000007,0,4,4,0,4,4
26075789,,0,0.000001,100,0.000007,0,1,1,0,1,1
22065080,,0,0.000001,100,0.000007,0,1,1,0,1,1
21104783,,0.003459,0,1,0.00004,17,0,17,17,0,17
28165116,,0,0.000066,1,0.000007,0,1,1,0,1,1
29059325,,0,0.000307,100,0.000007,0,4,4,0,4,4
25969726,,0,0.000003,35,0.000007,0,1,1,0,1,1
24657168,,0,0.000003,35,0.000007,0,1,1,0,1,1
24599592,,0,0.000047,35,0.000007,0,2,2,0,2,2
23927072,,0,0.000003,35,0.000007,0,1,1,0,1,1
23667399,,0,0.000003,35,0.000007,0,1,1,0,1,1
22745232,,0,0.000003,35,0.000007,0,1,1,0,1,1
22641211,,0,0.000003,35,0.000007,0,1,1,0,1,1
22624715,,0,0.000003,35,0.000007,0,1,1,0,1,1
22206293,,0,0.000003,35,0.000007,0,1,1,0,1,1
21714929,,0,0.000003,35,0.000007,0,1,1,0,1,1
30105268,,0,0,151,0.000007,0,1,1,0,1,1
27197066,,0,0,151,0.000007,0,1,1,0,1,1
26862520,,0,0,151,0.000007,0,1,1,0,1,1
26693201,,0,0,151,0.000007,0,1,1,0,1,1
26039628,,0,0,151,0.000007,0,1,1,0,1,1
25885889,,0,0,151,0.000007,0,1,1,0,1,1
25484038,,0,0,151,0.000007,0,1,1,0,1,1
24879526,,0,0,151,0.000007,0,1,1,0,1,1
24641868,,0,0,151,0.000007,0,1,1,0,1,1
24324350,,0,0,151,0.000007,0,2,2,0,2,2
23128437,,0,0,151,0.000007,0,1,1,0,1,1
21113804,,0.000002,0,90,0.000021,4,0,4,4,0,4
24493200,,0,0,90,0.000007,0,1,1,0,1,1
22969851,,0,0,90,0.000007,0,1,1,0,1,1
29593351,,0,0.000012,5,0.000007,0,1,1,0,1,1
21114486,,0.000627,0,5,0.000025,10,0,10,10,0,10
22180182,,0,0.000012,5,0.000007,0,1,1,0,1,1
28639733,,0,0.000004,231,0.000007,0,1,1,0,1,1
24852296,,0,0.000004,231,0.000007,0,1,1,0,1,1
23591873,,0,0.000004,231,0.000007,0,1,1,0,1,1
21117951,,0.000454,0,5,0.00003,11,0,11,11,0,11
25337453,,0,0.000009,5,0.000007,0,1,1,0,1,1
23247719,,0,0.000009,5,0.000007,0,1,1,0,1,1
22270090,,0,0.000009,5,0.000007,0,1,1,0,1,1
27806348,,0,0.000076,1,0.000007,0,1,1,0,1,1
27022024,,0,0.000076,1,0.000007,0,1,1,0,1,1
29730597,,0,0.00011,231,0.000007,0,2,2,0,2,2
29384695,,0,0.000137,231,0.000007,0,2,2,0,2,2
28087757,,0,0.000105,231,0.000007,0,1,1,0,1,1
26648873,,0,0.000137,231,0.000007,0,2,2,0,2,2
26379965,,0,0.000105,231,0.000007,0,2,2,0,2,2
25428855,,0,0.000137,231,0.000007,0,2,2,0,2,2
25159867,,0,0.000119,231,0.000007,0,2,2,0,2,2
24921005,,0,0.000137,231,0.000007,0,2,2,0,2,2
24916440,,0,0.000105,231,0.000007,0,1,1,0,1,1
24344830,,0,0.000105,231,0.000007,0,1,1,0,1,1
23959679,,0,0.000105,231,0.000007,0,1,1,0,1,1
23589833,,0,0.000137,231,0.000007,0,2,2,0,2,2
23506864,,0,0.000137,231,0.000007,0,2,2,0,2,2
23071574,,0,0.000105,231,0.000007,0,1,1,0,1,1
22383045,,0,0.000105,231,0.000007,0,1,1,0,1,1
21119070,,0.000483,0,231,0.000014,5,0,5,5,0,5
21119368,,0.001568,0,5,0.000028,13,0,13,13,0,13
24170611,,0,0.000047,5,0.000007,0,2,2,0,2,2
23485770,,0,0.000091,5,0.000007,0,2,2,0,2,2
23171881,,0,0.00003,5,0.000007,0,1,1,0,1,1
21120943,,0.000641,0,367,0.000037,9,0,9,9,0,9
22648906,,0,0.000012,367,0.000007,0,1,1,0,1,1
30226534,,0,0.000196,35,0.000007,0,4,4,0,4,4
28811702,,0,0.000051,5,0.000007,0,1,1,0,1,1
27186285,,0.000001,0.000302,90,0.00002,3,16,19,3,16,19
23641362,,0,0.000065,69,0.000007,0,2,2,0,2,2
22980163,,0,0.000051,5,0.000007,0,1,1,0,1,1
22047175,,0,0.000051,5,0.000007,0,1,1,0,1,1
27468327,,0,0.000001,89,0.000007,0,1,1,0,1,1
21125072,,0.000031,0,89,0.000014,2,0,2,2,0,2
28957348,,0,0.000007,231,0.000007,0,1,1,0,1,1
21127985,,0.000378,0,231,0.000028,9,0,9,9,0,9
26191300,,0,0.000007,231,0.000007,0,1,1,0,1,1
23599224,,0,0.007443,231,0.000007,0,2,2,0,2,2
21131840,,0.001464,0,69,0.000043,20,0,20,20,0,20
28025670,,0,0.000028,69,0.000007,0,1,1,0,1,1
23887305,,0,0.000028,69,0.000007,0,1,1,0,1,1
21132007,,0.000481,0,111,0.000023,10,0,10,10,0,10
29487702,,0,0.000009,111,0.000007,0,1,1,0,1,1
21134653,,0.000213,0,5,0.000021,6,0,6,6,0,6
25565886,,0,0.000011,5,0.000007,0,2,2,0,2,2
21494432,,0,0.000004,5,0.000007,0,1,1,0,1,1
27899956,,0,0.000576,1,0.000021,3,4,7,3,4,7
30127946,,0,0.000115,205,0.000007,0,1,1,0,1,1
29733395,,0,0.000115,205,0.000007,0,1,1,0,1,1
29556579,,0,0.000136,205,0.000007,0,2,2,0,2,2
29382047,,0,0.000435,205,0.000007,0,3,3,0,3,3
29156578,,0,0.000579,205,0.000007,0,8,8,0,8,8
29137355,,0,0.001241,205,0.000007,0,3,3,0,3,3
28945830,,0,0.000115,205,0.000007,0,1,1,0,1,1
28903344,,0,0.000115,205,0.000007,0,1,1,0,1,1
28642461,,0,0.000492,205,0.000007,0,3,3,0,3,3
28118322,,0,0.000115,205,0.000007,0,1,1,0,1,1
27441498,,0,0.000115,205,0.000007,0,1,1,0,1,1
27359113,,0,0.000115,205,0.000007,0,1,1,0,1,1
27259561,,0,0.000115,205,0.000007,0,1,1,0,1,1
27124700,,0,0.000497,205,0.000007,0,4,4,0,4,4
26806338,,0,0.000487,205,0.000007,0,2,2,0,2,2
26416517,,0,0.000115,205,0.000007,0,1,1,0,1,1
26334103,,0,0.00853,1,0.000007,0,5,5,0,5,5
26171187,,0,0.000289,100,0.000007,0,3,3,0,3,3
26088171,,0,0.000115,205,0.000007,0,1,1,0,1,1
26020105,,0,0.000115,205,0.000007,0,1,1,0,1,1
25726050,,0,0.000335,205,0.000007,0,2,2,0,2,2
25557080,,0,0.000115,205,0.000007,0,1,1,0,1,1
25505613,,0,0.000115,205,0.000007,0,1,1,0,1,1
25441308,,0,0.000256,205,0.000007,0,2,2,0,2,2
25436122,,0,0.000256,205,0.000007,0,2,2,0,2,2
25233892,,0,0.008556,1,0.000007,0,4,4,0,4,4
24976720,,0,0.000115,205,0.000007,0,1,1,0,1,1
24634382,,0,0.000115,205,0.000007,0,1,1,0,1,1
24194913,,0,0.000115,205,0.000007,0,1,1,0,1,1
23300415,,0,0.000115,205,0.000007,0,1,1,0,1,1
22991414,,0,0.000115,205,0.000007,0,1,1,0,1,1
22759592,,0,0.000155,205,0.000007,0,2,2,0,2,2
22573550,,0,0.000115,205,0.000007,0,1,1,0,1,1
22508028,,0,0.000115,205,0.000007,0,1,1,0,1,1
22184402,,0,0.000115,205,0.000007,0,1,1,0,1,1
22125481,,0,0.000115,205,0.000007,0,1,1,0,1,1
21777178,,0,0.000115,205,0.000007,0,1,1,0,1,1
21673092,,0,0.000115,205,0.000007,0,1,1,0,1,1
21139507,,0.001769,0,5,0.000059,36,0,36,36,0,36
28700466,,0,0.000034,5,0.000007,0,1,1,0,1,1
28540564,,0,0.000034,205,0.000007,0,4,4,0,4,4
27840809,,0,0.000034,205,0.000007,0,3,3,0,3,3
25114851,,0,0.000041,5,0.000007,0,3,3,0,3,3
21415085,,0,0.000034,5,0.000007,0,1,1,0,1,1
21140206,,0.000002,0,90,0.000027,5,0,5,5,0,5
27942580,,0,0,90,0.000007,0,1,1,0,1,1
22423264,,0,0,90,0.000007,0,1,1,0,1,1
22058336,,0,0,90,0.000007,0,1,1,0,1,1
21146769,,0.002588,0,5,0.000082,48,0,48,48,0,48
29512060,,0,0.000049,5,0.000007,0,1,1,0,1,1
28879178,,0,0.000054,5,0.000007,0,2,2,0,2,2
26931736,,0,0.000095,5,0.000007,0,3,3,0,3,3
25304543,,0,0.000054,5,0.000007,0,2,2,0,2,2
23597396,,0,0.000049,5,0.000007,0,1,1,0,1,1
23322363,,0,0.000049,5,0.000007,0,1,1,0,1,1
22511017,,0,0.000049,5,0.000007,0,1,1,0,1,1
22481132,,0,0.000049,5,0.000007,0,1,1,0,1,1
21147198,,0.000123,0,100,0.000009,2,0,2,2,0,2
29215573,,0,0.000006,35,0.000007,0,1,1,0,1,1
21147766,,0.000311,0,35,0.000079,18,0,18,18,0,18
29063312,,0,0.00008,35,0.000007,0,2,2,0,2,2
28668095,,0,0.000006,35,0.000007,0,1,1,0,1,1
25884842,,0,0.000006,35,0.000007,0,1,1,0,1,1
25646150,,0,0.000009,35,0.000007,0,2,2,0,2,2
25469251,,0,0.000006,35,0.000007,0,1,1,0,1,1
24755200,,0,0.000006,35,0.000007,0,1,1,0,1,1
24274415,,0,0.000006,35,0.000007,0,1,1,0,1,1
22647582,,0,0.000006,35,0.000007,0,1,1,0,1,1
22216938,,0,0.000006,35,0.000007,0,1,1,0,1,1
22100615,,0,0.000006,35,0.000007,0,1,1,0,1,1
21156238,,0.00028,0,184,0.000009,4,0,4,4,0,4
21156252,,0.000007,0,205,0.000008,1,0,1,1,0,1
21157412,,0.0022,0,1,0.000021,11,0,11,11,0,11
25575562,,0,0.001104,1,0.000007,0,5,5,0,5,5
25477519,,0,0.000342,1,0.000007,0,2,2,0,2,2
29805561,,0,0.000027,24,0.000007,0,1,1,0,1,1
27487140,,0,0.000027,24,0.000007,0,1,1,0,1,1
27407097,,0,0.000027,24,0.000007,0,1,1,0,1,1
26998002,,0,0.000027,24,0.000007,0,1,1,0,1,1
24345495,,0,0.000027,24,0.000007,0,1,1,0,1,1
23737908,,0,0.000038,24,0.000007,0,2,2,0,2,2
29416614,,0,0.000001,176,0.000007,0,1,1,0,1,1
26690737,,0,0.000001,176,0.000007,0,1,1,0,1,1
26689911,,0,0.000001,176,0.000007,0,1,1,0,1,1
25544757,,0,0.000001,176,0.000007,0,1,1,0,1,1
25254091,,0,0.000001,176,0.000007,0,1,1,0,1,1
25141917,,0,0.000001,176,0.000007,0,1,1,0,1,1
25122124,,0,0.000001,176,0.000007,0,1,1,0,1,1
25111229,,0,0.000001,176,0.000007,0,1,1,0,1,1
24940987,,0,0.000001,176,0.000007,0,1,1,0,1,1
24722292,,0,0.000001,176,0.000007,0,1,1,0,1,1
24431405,,0,0.000001,176,0.000007,0,1,1,0,1,1
24087929,,0,0.000001,176,0.000007,0,1,1,0,1,1
23959774,,0,0.000001,176,0.000007,0,2,2,0,2,2
23593363,,0,0.000001,176,0.000007,0,1,1,0,1,1
23446998,,0,0.000001,176,0.000007,0,1,1,0,1,1
23395095,,0,0.000001,176,0.000007,0,1,1,0,1,1
22967941,,0,0.000001,176,0.000007,0,1,1,0,1,1
22871739,,0,0.000001,176,0.000007,0,1,1,0,1,1
22403555,,0,0.000001,176,0.000007,0,1,1,0,1,1
22235915,,0,0.000001,176,0.000007,0,1,1,0,1,1
21454801,,0,0.000001,176,0.000007,0,1,1,0,1,1
30103404,,0,0.00005,35,0.000007,0,1,1,0,1,1
29644001,,0,0.00005,35,0.000007,0,1,1,0,1,1
29281678,,0,0.000166,35,0.000007,0,3,3,0,3,3
29207959,,0,0.00005,35,0.000007,0,1,1,0,1,1
29100336,,0,0.000123,35,0.000007,0,2,2,0,2,2
29069785,,0,0.00005,35,0.000007,0,1,1,0,1,1
29048370,,0,0.00005,35,0.000007,0,1,1,0,1,1
28832545,,0,0.000051,35,0.000007,0,2,2,0,2,2
28586040,,0,0.000205,1,0.000007,0,4,4,0,4,4
28439493,,0,0.000106,35,0.000007,0,2,2,0,2,2
28389414,,0,0.00005,35,0.000007,0,1,1,0,1,1
28316688,,0,0.000106,35,0.000007,0,2,2,0,2,2
28032724,,0,0.00005,35,0.000007,0,1,1,0,1,1
28032721,,0,0.00005,35,0.000007,0,1,1,0,1,1
28018751,,0,0.00005,35,0.000007,0,1,1,0,1,1
27813494,,0,0.000211,35,0.000007,0,11,11,0,11,11
27558661,,0,0.00005,35,0.000007,0,1,1,0,1,1
27165605,,0,0.000112,35,0.000007,0,2,2,0,2,2
26792858,,0,0.00005,35,0.000007,0,1,1,0,1,1
26697378,,0,0.00005,35,0.000007,0,1,1,0,1,1
26508896,,0,0.00005,35,0.000007,0,1,1,0,1,1
26136077,,0,0.00005,35,0.000007,0,1,1,0,1,1
26078338,,0,0.00005,35,0.000007,0,1,1,0,1,1
26011941,,0,0.00005,35,0.000007,0,1,1,0,1,1
25883211,,0,0.00005,35,0.000007,0,1,1,0,1,1
25849487,,0,0.000065,35,0.000007,0,2,2,0,2,2
25762639,,0,0.00005,35,0.000007,0,1,1,0,1,1
25311085,,0,0.00005,35,0.000007,0,1,1,0,1,1
25281216,,0,0.000078,1,0.000007,0,2,2,0,2,2
25254965,,0,0.00005,35,0.000007,0,1,1,0,1,1
25200065,,0,0.00005,35,0.000007,0,1,1,0,1,1
24847251,,0.000103,0.00005,35,0.000008,1,1,2,1,1,2
24404125,,0,0.00005,35,0.000007,0,1,1,0,1,1
24138748,,0,0.000142,35,0.000007,0,4,4,0,4,4
24121494,,0,0.000056,35,0.000007,0,2,2,0,2,2
24075927,,0,0.00005,35,0.000007,0,1,1,0,1,1
24032759,,0,0.00005,35,0.000007,0,1,1,0,1,1
23689072,,0,0.00005,35,0.000007,0,1,1,0,1,1
23515360,,0,0.000056,35,0.000007,0,2,2,0,2,2
23515235,,0,0.000056,35,0.000007,0,2,2,0,2,2
23406016,,0,0.00005,35,0.000007,0,1,1,0,1,1
23318994,,0,0.00005,35,0.000007,0,1,1,0,1,1
23222717,,0,0.00005,35,0.000007,0,1,1,0,1,1
23076212,,0,0.00005,35,0.000007,0,1,1,0,1,1
23012449,,0,0.00005,35,0.000007,0,1,1,0,1,1
22813402,,0,0.00005,35,0.000007,0,1,1,0,1,1
22645147,,0,0.000081,35,0.000007,0,2,2,0,2,2
22496925,,0,0.00005,35,0.000007,0,1,1,0,1,1
22355336,,0,0.00005,35,0.000007,0,1,1,0,1,1
22309216,,0,0.00005,35,0.000007,0,1,1,0,1,1
22231744,,0,0.00005,35,0.000007,0,1,1,0,1,1
21860410,,0,0.00005,35,0.000007,0,1,1,0,1,1
21163763,,0.000008,0,35,0.000009,1,0,1,1,0,1
21165771,,0.000277,0,100,0.000012,7,0,7,7,0,7
21166701,,0.000893,0,35,0.000031,11,0,11,11,0,11
25057438,,0,0.000017,35,0.000007,0,1,1,0,1,1
22669131,,0,0.00011,231,0.000007,0,2,2,0,2,2
22306562,,0,0.000061,231,0.000007,0,1,1,0,1,1
26702771,,0,0.000015,69,0.000007,0,1,1,0,1,1
21170648,,0.000549,0,1,0.000018,8,0,8,8,0,8
24877082,,0,0.00001,1,0.000007,0,1,1,0,1,1
29522336,,0,0,176,0.000007,0,1,1,0,1,1
21173253,,0.000007,0,176,0.000061,10,0,10,10,0,10
29344647,,0,0,176,0.000007,0,1,1,0,1,1
28507307,,0,0,176,0.000007,0,1,1,0,1,1
25682865,,0,0,176,0.000007,0,1,1,0,1,1
24481420,,0,0,176,0.000007,0,1,1,0,1,1
22918237,,0,0,176,0.000007,0,1,1,0,1,1
21909124,,0,0,176,0.000007,0,1,1,0,1,1
21399233,,0,0,176,0.000007,0,1,1,0,1,1
29662653,,0,0.000005,35,0.000007,0,1,1,0,1,1
21178264,,0.000242,0,35,0.000053,10,0,10,10,0,10
29162134,,0,0.000005,35,0.000007,0,1,1,0,1,1
29085196,,0,0.000005,35,0.000007,0,1,1,0,1,1
27079872,,0,0.000005,35,0.000007,0,1,1,0,1,1
25881026,,0,0.000005,35,0.000007,0,1,1,0,1,1
24648999,,0,0.000005,35,0.000007,0,1,1,0,1,1
22778736,,0,0.000005,35,0.000007,0,1,1,0,1,1
21183737,,0.028178,0,1,0.000113,75,0,75,75,0,75
28594388,,0,0.000817,205,0.000007,0,2,2,0,2,2
26404129,,0,0.000628,5,0.000007,0,5,5,0,5,5
21184276,,0.000064,0,100,0.000008,1,0,1,1,0,1
28595417,,0,0,225,0.000007,0,1,1,0,1,1
21186053,,0,0,225,0.000031,4,0,4,4,0,4
28475158,,0,0,225,0.000007,0,1,1,0,1,1
27242391,,0,0,225,0.000007,0,1,1,0,1,1
22884654,,0,0,225,0.000007,0,1,1,0,1,1
21190077,,0.001062,0,89,0.00001,11,0,11,11,0,11
27621267,,0,0.000017,231,0.000007,0,1,1,0,1,1
24407515,,0,0.000076,72,0.000007,0,4,4,0,4,4
23939688,,0,0.000056,72,0.000007,0,2,2,0,2,2
23382970,,0,0.000017,231,0.000007,0,1,1,0,1,1
30487702,,0,0,279,0.000007,0,1,1,0,1,1
21194482,,0.000005,0,279,0.00014,23,0,23,23,0,23
30247804,,0,0,279,0.000007,0,1,1,0,1,1
28801683,,0,0,279,0.000007,0,1,1,0,1,1
28452111,,0,0,279,0.000007,0,2,2,0,2,2
28421114,,0,0,279,0.000007,0,1,1,0,1,1
27366746,,0,0,279,0.000007,0,1,1,0,1,1
26823082,,0,0,279,0.000007,0,1,1,0,1,1
26527314,,0,0,279,0.000007,0,1,1,0,1,1
25613731,,0,0,279,0.000007,0,1,1,0,1,1
25613727,,0,0,279,0.000007,0,1,1,0,1,1
25550866,,0,0,279,0.000007,0,1,1,0,1,1
24833939,,0,0,279,0.000007,0,1,1,0,1,1
24478419,,0,0,279,0.000007,0,1,1,0,1,1
24279398,,0,0,279,0.000007,0,1,1,0,1,1
24175221,,0,0,279,0.000007,0,1,1,0,1,1
23717425,,0,0,279,0.000007,0,1,1,0,1,1
23523954,,0,0,279,0.000007,0,1,1,0,1,1
22929309,,0,0,279,0.000007,0,1,1,0,1,1
30217012,,0,0.000324,1,0.000007,0,1,1,0,1,1
30097674,,0,0.000369,72,0.000007,0,3,3,0,3,3
30015905,,0,0.000324,1,0.000007,0,1,1,0,1,1
29911120,,0,0.000362,72,0.000007,0,2,2,0,2,2
28794468,,0,0.001314,72,0.000007,0,3,3,0,3,3
28637007,,0,0.000324,1,0.000007,0,1,1,0,1,1
28604753,,0,0.007854,72,0.000007,0,4,4,0,4,4
28432356,,0,0.000324,1,0.000007,0,1,1,0,1,1
28333152,,0,0.000324,1,0.000007,0,1,1,0,1,1
28259995,,0,0.000324,1,0.000007,0,1,1,0,1,1
27996004,,0,0.000362,72,0.000007,0,2,2,0,2,2
27648365,,0,0.000362,72,0.000007,0,2,2,0,2,2
27607577,,0,0.000324,1,0.000007,0,1,1,0,1,1
27530148,,0,0.000324,1,0.000007,0,1,1,0,1,1
26842497,,0,0.000324,1,0.000007,0,1,1,0,1,1
26438643,,0,0.00047,72,0.000007,0,3,3,0,3,3
26309161,,0,0.000324,1,0.000007,0,1,1,0,1,1
26273328,,0,0.000362,72,0.000007,0,2,2,0,2,2
26170234,,0,0.001284,72,0.000007,0,3,3,0,3,3
26160886,,0,0.000717,100,0.000007,0,3,3,0,3,3
26068950,,0,0.000324,1,0.000007,0,1,1,0,1,1
26056584,,0,0.000324,1,0.000007,0,1,1,0,1,1
25672759,,0,0.000324,1,0.000007,0,1,1,0,1,1
25611301,,0,0.000325,89,0.000007,0,2,2,0,2,2
25543122,,0,0.000362,72,0.000007,0,2,2,0,2,2
25263162,,0,0.000324,1,0.000007,0,1,1,0,1,1
25247294,,0,0.000324,1,0.000007,0,1,1,0,1,1
25031782,,0,0.000362,72,0.000007,0,2,2,0,2,2
25012722,,0,0.000324,1,0.000007,0,1,1,0,1,1
24884732,,0,0.000362,72,0.000007,0,2,2,0,2,2
24736782,,0,0.000324,1,0.000007,0,1,1,0,1,1
24629056,,0,0.000324,1,0.000007,0,1,1,0,1,1
24575749,,0,0.000324,1,0.000007,0,1,1,0,1,1
24476133,,0,0.000395,72,0.000007,0,3,3,0,3,3
24156637,,0,0.000338,72,0.000007,0,2,2,0,2,2
24056818,,0,0.000362,72,0.000007,0,2,2,0,2,2
23879367,,0,0.000554,72,0.000007,0,4,4,0,4,4
23807228,,0,0.000324,1,0.000007,0,1,1,0,1,1
23791529,,0,0.000324,1,0.000007,0,1,1,0,1,1
23724999,,0,0.000362,72,0.000007,0,2,2,0,2,2
23724168,,0,0.000324,1,0.000007,0,1,1,0,1,1
23720754,,0,0.000356,1,0.000007,0,2,2,0,2,2
23575763,,0,0.000505,72,0.000007,0,4,4,0,4,4
23569774,,0,0.000324,1,0.000007,0,1,1,0,1,1
23453900,,0,0.00044,265,0.000007,0,3,3,0,3,3
23447695,,0,0.000324,1,0.000007,0,1,1,0,1,1
23094087,,0,0.000362,72,0.000007,0,2,2,0,2,2
23006329,,0,0.000324,1,0.000007,0,1,1,0,1,1
23006324,,0,0.000324,1,0.000007,0,1,1,0,1,1
22570426,,0,0.000324,1,0.000007,0,1,1,0,1,1
22193543,,0,0.000324,1,0.000007,0,1,1,0,1,1
22045813,,0,0.000324,1,0.000007,0,1,1,0,1,1
22009679,,0,0.000324,1,0.000007,0,1,1,0,1,1
21741842,,0,0.000324,1,0.000007,0,1,1,0,1,1
21421565,,0,0.000324,1,0.000007,0,1,1,0,1,1
21196292,,0.00243,0,69,0.000046,12,0,12,12,0,12
26556866,,0,0.000046,69,0.000007,0,1,1,0,1,1
24478986,,0.000551,0.000288,69,0.000055,16,3,19,16,3,19
21196340,,0.003636,0,69,0.000033,26,0,26,26,0,26
22180401,,0,0.007505,69,0.000007,0,2,2,0,2,2
21203900,,0.002113,0,89,0.000011,7,0,7,7,0,7
29440639,,0,0.00004,100,0.000007,0,1,1,0,1,1
29339161,,0,0.00004,100,0.000007,0,1,1,0,1,1
28580310,,0,0.00004,100,0.000007,0,1,1,0,1,1
25925371,,0.000002,0.000047,24,0.000016,3,2,5,3,2,5
24660102,,0,0.00004,100,0.000007,0,1,1,0,1,1
24205017,,0,0.000084,100,0.000007,0,2,2,0,2,2
21209706,,0,0.00004,100,0.000007,0,1,1,0,1,1
21204612,,0,0,89,0.00001,1,0,1,1,0,1
21204799,,0.000659,0,89,0.00001,6,0,6,6,0,6
29566065,,0,0.000284,279,0.000007,0,3,3,0,3,3
28148541,,0,0.000584,1,0.000007,0,5,5,0,5,5
27161042,,0,0.000234,1,0.000007,0,1,1,0,1,1
26021697,,0,0.000886,1,0.000007,0,6,6,0,6,6
25523272,,0,0.00767,69,0.000007,0,2,2,0,2,2
22006825,,0,0.000234,1,0.000007,0,1,1,0,1,1
26539838,,0,0.00004,231,0.000007,0,2,2,0,2,2
21205738,,0.000056,0,231,0.000029,6,0,6,6,0,6
23489578,,0,0.000001,231,0.000007,0,1,1,0,1,1
23444110,,0,0.000001,231,0.000007,0,1,1,0,1,1
21205831,,0.018058,0,1,0.000146,56,0,56,56,0,56
29439493,,0,0.000344,1,0.000007,0,1,1,0,1,1
29249039,,0,0.005428,1,0.000007,0,15,15,0,15,15
27030083,,0,0.000677,1,0.000007,0,2,2,0,2,2
26219258,,0,0.000344,1,0.000007,0,1,1,0,1,1
25993177,,0,0.000783,1,0.000007,0,3,3,0,3,3
25961047,,0,0.000344,1,0.000007,0,1,1,0,1,1
25948104,,0,0.000344,1,0.000007,0,1,1,0,1,1
25606588,,0,0.000716,69,0.000007,0,2,2,0,2,2
25188510,,0,0.000344,1,0.000007,0,1,1,0,1,1
24730062,,0,0.000344,1,0.000007,0,1,1,0,1,1
24040001,,0,0.000344,1,0.000007,0,1,1,0,1,1
22693568,,0,0.000344,1,0.000007,0,1,1,0,1,1
22148468,,0,0.000344,1,0.000007,0,1,1,0,1,1
21753854,,0,0.000344,1,0.000007,0,1,1,0,1,1
21206239,,0.000412,0,5,0.00002,6,0,6,6,0,6
21212407,,0,0,90,0.000032,5,0,5,5,0,5
25505603,,0,0,90,0.000007,0,1,1,0,1,1
25450252,,0,0,90,0.000007,0,1,1,0,1,1
25433169,,0,0,90,0.000007,0,1,1,0,1,1
22249005,,0,0,90,0.000007,0,1,1,0,1,1
30272355,,0,0.000005,2,0.000007,0,1,1,0,1,1
30116729,,0,0.000005,279,0.000007,0,2,2,0,2,2
29692736,,0,0.000005,2,0.000007,0,1,1,0,1,1
29459759,,0,0.000005,2,0.000007,0,1,1,0,1,1
29371940,,0,0.000023,2,0.000007,0,2,2,0,2,2
29344104,,0,0.000005,2,0.000007,0,1,1,0,1,1
29187887,,0,0.000005,2,0.000007,0,1,1,0,1,1
29140524,,0,0.000005,2,0.000007,0,1,1,0,1,1
29123417,,0,0.000005,2,0.000007,0,1,1,0,1,1
28927137,,0,0.000005,2,0.000007,0,1,1,0,1,1
28837144,,0,0.000005,2,0.000007,0,1,1,0,1,1
28368292,,0,0.000005,2,0.000007,0,1,1,0,1,1
28248928,,0,0.000005,2,0.000007,0,1,1,0,1,1
28168162,,0,0.000005,2,0.000007,0,1,1,0,1,1
28123602,,0,0.000005,2,0.000007,0,1,1,0,1,1
27992373,,0,0.000005,2,0.000007,0,1,1,0,1,1
27880931,,0,0.000005,2,0.000007,0,1,1,0,1,1
27746907,,0,0.000005,2,0.000007,0,1,1,0,1,1
27620004,,0,0.000005,2,0.000007,0,1,1,0,1,1
27603915,,0,0.000075,2,0.000007,0,2,2,0,2,2
27322459,,0,0.000005,2,0.000007,0,1,1,0,1,1
27248326,,0,0.000005,2,0.000007,0,1,1,0,1,1
26586799,,0,0.000005,2,0.000007,0,1,1,0,1,1
26416877,,0,0.000005,2,0.000007,0,1,1,0,1,1
25566534,,0,0.000005,2,0.000007,0,1,1,0,1,1
25132800,,0,0.000005,2,0.000007,0,1,1,0,1,1
25130577,,0,0.000005,2,0.000007,0,1,1,0,1,1
24797913,,0,0.000005,2,0.000007,0,1,1,0,1,1
22611467,,0,0.000005,2,0.000007,0,1,1,0,1,1
21213370,,0.000506,0,89,0.000076,16,0,16,16,0,16
28693295,,0,0.00001,89,0.000007,0,1,1,0,1,1
27260798,,0,0.000217,89,0.000007,0,2,2,0,2,2
26264669,,0,0.00001,89,0.000007,0,1,1,0,1,1
25058480,,0,0.00001,89,0.000007,0,1,1,0,1,1
24392133,,0,0.00001,89,0.000007,0,1,1,0,1,1
23989647,,0,0.00001,89,0.000007,0,1,1,0,1,1
23342018,,0,0.000029,89,0.000007,0,2,2,0,2,2
23275252,,0,0.000029,89,0.000007,0,2,2,0,2,2
30083297,,0,0.000025,5,0.000007,0,1,1,0,1,1
21216453,,0.001306,0,5,0.000058,24,0,24,24,0,24
27801705,,0,0.000025,5,0.000007,0,1,1,0,1,1
26784536,,0,0.000025,5,0.000007,0,2,2,0,2,2
26203081,,0,0.000025,5,0.000007,0,1,1,0,1,1
23955492,,0,0.000025,5,0.000007,0,1,1,0,1,1
21216588,,0.000538,0,24,0.000026,8,0,8,8,0,8
27966655,,0,0.00001,24,0.000007,0,1,1,0,1,1
27785368,,0,0.000019,24,0.000007,0,4,4,0,4,4
21221768,,0.001528,0,5,0.000012,9,0,9,9,0,9
29772692,,0,0.000245,205,0.000007,0,3,3,0,3,3
27822431,,0,0.000045,5,0.000007,0,1,1,0,1,1
24573557,,0,0.000045,5,0.000007,0,1,1,0,1,1
23076269,,0,0.000142,140,0.000007,0,3,3,0,3,3
27895714,,0,0.000001,279,0.000007,0,2,2,0,2,2
21225233,,0.000008,0,279,0.000018,3,0,3,3,0,3
21929305,,0,0,279,0.000007,0,1,1,0,1,1
28979808,,0,0.000001,279,0.000007,0,2,2,0,2,2
28167242,,0,0.000001,279,0.000007,0,2,2,0,2,2
24018887,,0,0.000001,279,0.000007,0,1,1,0,1,1
23691160,,0,0.000001,279,0.000007,0,1,1,0,1,1
22458900,,0,0.000001,279,0.000007,0,1,1,0,1,1
21228333,,0.018749,0,1,0.000062,44,0,44,44,0,44
28314183,,0,0.000358,1,0.000007,0,1,1,0,1,1
27769273,,0,0.004098,1,0.000007,0,9,9,0,9,9
27025582,,0,0.000358,1,0.000007,0,1,1,0,1,1
30210925,,0,0.000627,35,0.000007,0,2,2,0,2,2
30183706,,0,0.000646,89,0.000007,0,2,2,0,2,2
30155754,,0,0.000614,35,0.000007,0,1,1,0,1,1
30035249,,0,0.000614,35,0.000007,0,1,1,0,1,1
27980912,,0,0.000764,1,0.000007,0,4,4,0,4,4
26713603,,0,0.000614,35,0.000007,0,1,1,0,1,1
23019151,,0,0.000673,35,0.000007,0,2,2,0,2,2
22825326,,0,0.000614,35,0.000007,0,1,1,0,1,1
30444875,,0,0.000022,24,0.000007,0,1,1,0,1,1
21233402,,0.001128,0,24,0.000491,92,0,92,92,0,92
30289575,,0,0.000022,24,0.000007,0,1,1,0,1,1
30172266,,0,0.000022,24,0.000007,0,1,1,0,1,1
29755953,,0,0.000022,24,0.000007,0,1,1,0,1,1
29581983,,0,0.000022,24,0.000007,0,1,1,0,1,1
29467863,,0,0.000022,24,0.000007,0,1,1,0,1,1
29383037,,0,0.000022,24,0.000007,0,1,1,0,1,1
29299405,,0,0.000022,24,0.000007,0,1,1,0,1,1
29246024,,0,0.000022,24,0.000007,0,1,1,0,1,1
29245913,,0,0.000022,24,0.000007,0,1,1,0,1,1
29232915,,0,0.000022,24,0.000007,0,1,1,0,1,1
28932544,,0,0.000022,24,0.000007,0,1,1,0,1,1
28915692,,0,0.000022,24,0.000007,0,1,1,0,1,1
28881618,,0,0.000022,24,0.000007,0,1,1,0,1,1
28871105,,0,0.000022,24,0.000007,0,1,1,0,1,1
28712979,,0,0.000022,24,0.000007,0,1,1,0,1,1
28625519,,0,0.000022,24,0.000007,0,1,1,0,1,1
28607578,,0,0.000022,24,0.000007,0,1,1,0,1,1
28521301,,0,0.000022,24,0.000007,0,1,1,0,1,1
28479857,,0,0.000039,24,0.000007,0,2,2,0,2,2
28454365,,0,0.000022,24,0.000007,0,1,1,0,1,1
28376152,,0,0.000022,24,0.000007,0,1,1,0,1,1
28210134,,0,0.000039,24,0.000007,0,2,2,0,2,2
27999211,,0,0.000022,24,0.000007,0,1,1,0,1,1
27875527,,0,0.000022,24,0.000007,0,1,1,0,1,1
27843640,,0,0.000022,24,0.000007,0,1,1,0,1,1
27843631,,0,0.000022,24,0.000007,0,1,1,0,1,1
27785061,,0,0.000022,24,0.000007,0,1,1,0,1,1
27726115,,0,0.000022,24,0.000007,0,1,1,0,1,1
27642065,,0,0.000022,24,0.000007,0,1,1,0,1,1
27640882,,0,0.000022,24,0.000007,0,1,1,0,1,1
27528792,,0,0.000022,24,0.000007,0,1,1,0,1,1
27418143,,0,0.000022,24,0.000007,0,1,1,0,1,1
27409166,,0,0.000022,24,0.000007,0,1,1,0,1,1
27382309,,0,0.000022,24,0.000007,0,1,1,0,1,1
27149220,,0,0.000022,24,0.000007,0,1,1,0,1,1
27073519,,0,0.000022,24,0.000007,0,1,1,0,1,1
27046167,,0,0.000022,24,0.000007,0,1,1,0,1,1
26629427,,0,0.000022,24,0.000007,0,1,1,0,1,1
26629426,,0,0.000022,24,0.000007,0,1,1,0,1,1
26599344,,0,0.000022,24,0.000007,0,1,1,0,1,1
26572169,,0,0.000022,24,0.000007,0,1,1,0,1,1
26366094,,0,0.000022,24,0.000007,0,1,1,0,1,1
26352389,,0,0.000022,24,0.000007,0,1,1,0,1,1
26015401,,0,0.000022,24,0.000007,0,1,1,0,1,1
25904052,,0,0.000022,24,0.000007,0,1,1,0,1,1
25886408,,0,0.000022,24,0.000007,0,1,1,0,1,1
25873177,,0,0.000022,24,0.000007,0,1,1,0,1,1
25806347,,0,0.000022,24,0.000007,0,1,1,0,1,1
25806291,,0,0.000022,24,0.000007,0,1,1,0,1,1
25806219,,0,0.000022,24,0.000007,0,1,1,0,1,1
25722667,,0,0.000022,24,0.000007,0,1,1,0,1,1
25532027,,0,0.000022,24,0.000007,0,1,1,0,1,1
25405807,,0,0.000022,24,0.000007,0,1,1,0,1,1
25302015,,0,0.000022,24,0.000007,0,1,1,0,1,1
25180058,,0,0.000022,24,0.000007,0,1,1,0,1,1
25103305,,0,0.000022,24,0.000007,0,1,1,0,1,1
25101246,,0,0.000022,24,0.000007,0,1,1,0,1,1
24885034,,0,0.000022,24,0.000007,0,1,1,0,1,1
24651011,,0,0.000022,24,0.000007,0,1,1,0,1,1
24623981,,0,0.000039,24,0.000007,0,2,2,0,2,2
24478319,,0,0.000022,24,0.000007,0,1,1,0,1,1
24453288,,0,0.000022,24,0.000007,0,1,1,0,1,1
24419417,,0,0.000022,24,0.000007,0,1,1,0,1,1
24369725,,0,0.000022,24,0.000007,0,1,1,0,1,1
23962910,,0,0.000022,24,0.000007,0,2,2,0,2,2
23908693,,0,0.000022,24,0.000007,0,1,1,0,1,1
23769347,,0,0.000022,24,0.000007,0,1,1,0,1,1
23575478,,0,0.000022,24,0.000007,0,1,1,0,1,1
23520442,,0,0.000022,24,0.000007,0,1,1,0,1,1
23493883,,0,0.000022,24,0.000007,0,1,1,0,1,1
23493804,,0,0.000022,24,0.000007,0,2,2,0,2,2
23401451,,0,0.000022,24,0.000007,0,1,1,0,1,1
23358468,,0,0.0001,24,0.000007,0,2,2,0,2,2
22970367,,0,0.000022,24,0.000007,0,1,1,0,1,1
22738201,,0,0.000022,24,0.000007,0,1,1,0,1,1
22666589,,0,0.000022,24,0.000007,0,1,1,0,1,1
22277784,,0,0.000022,24,0.000007,0,1,1,0,1,1
22189054,,0,0.000022,24,0.000007,0,1,1,0,1,1
22016476,,0,0.000022,24,0.000007,0,1,1,0,1,1
30206213,,0,0.000031,279,0.000007,0,1,1,0,1,1
28078713,,0,0.000031,279,0.000007,0,1,1,0,1,1
27893430,,0,0.000031,279,0.000007,0,1,1,0,1,1
26918392,,0,0.007467,279,0.000007,0,2,2,0,2,2
24327805,,0,0.000031,279,0.000007,0,1,1,0,1,1
29267289,,0,0.000016,1,0.000007,0,1,1,0,1,1
21244617,,0.000829,0,1,0.000022,5,0,5,5,0,5
28508593,,0,0.000047,231,0.000007,0,2,2,0,2,2
24470074,,0,0.000026,231,0.000007,0,2,2,0,2,2
24362839,,0,0.000026,231,0.000007,0,1,1,0,1,1
21283087,,0,0.000026,231,0.000007,0,1,1,0,1,1
29894694,,0,0.000002,100,0.000007,0,1,1,0,1,1
29659998,,0,0.000002,100,0.000007,0,1,1,0,1,1
25348716,,0,0.000002,100,0.000007,0,1,1,0,1,1
25159152,,0,0.000002,100,0.000007,0,1,1,0,1,1
24884657,,0,0.000002,100,0.000007,0,1,1,0,1,1
24577085,,0,0.000002,100,0.000007,0,1,1,0,1,1
24482237,,0,0.000002,100,0.000007,0,1,1,0,1,1
24332853,,0,0.000002,100,0.000007,0,1,1,0,1,1
22241471,,0,0.000002,100,0.000007,0,1,1,0,1,1
22095282,,0,0.000002,100,0.000007,0,1,1,0,1,1
21632823,,0,0.000002,100,0.000007,0,1,1,0,1,1
29159708,,0,0.000075,1,0.000007,0,5,5,0,5,5
21247402,,0.00011,0,35,0.000014,4,0,4,4,0,4
28418672,,0,0.000177,35,0.000007,0,2,2,0,2,2
27322460,,0,0.000003,5,0.000007,0,1,1,0,1,1
21253794,,0.000171,0,5,0.000026,6,0,6,6,0,6
23061769,,0,0.000003,5,0.000007,0,1,1,0,1,1
29922160,,0,0.000009,241,0.000007,0,1,1,0,1,1
29704526,,0,0.000009,241,0.000007,0,1,1,0,1,1
29434472,,0,0.00001,241,0.000007,0,3,3,0,3,3
29081880,,0,0.000009,241,0.000007,0,1,1,0,1,1
28877935,,0,0.000009,241,0.000007,0,1,1,0,1,1
28465354,,0,0.000009,241,0.000007,0,1,1,0,1,1
26678006,,0,0.000009,241,0.000007,0,1,1,0,1,1
25328014,,0,0.000009,241,0.000007,0,1,1,0,1,1
25013807,,0,0.000011,241,0.000007,0,2,2,0,2,2
24743778,,0,0.000009,241,0.000007,0,1,1,0,1,1
23404339,,0,0.000023,241,0.000007,0,2,2,0,2,2
23180655,,0,0.000009,241,0.000007,0,1,1,0,1,1
23071754,,0,0.000009,241,0.000007,0,1,1,0,1,1
22563386,,0,0.000009,241,0.000007,0,1,1,0,1,1
22216116,,0,0.000009,241,0.000007,0,1,1,0,1,1
22053058,,0,0.000009,241,0.000007,0,1,1,0,1,1
28782898,,0,0.000007,5,0.000007,0,1,1,0,1,1
21254855,,0.000343,0,5,0.000021,9,0,9,9,0,9
24569858,,0,0,5,0.000007,0,1,1,0,1,1
21255913,,0.000174,0,279,0.000283,62,0,62,62,0,62
29441349,,0,0.000006,279,0.000007,0,2,2,0,2,2
28753106,,0,0.000003,279,0.000007,0,1,1,0,1,1
28497891,,0,0.000003,279,0.000007,0,1,1,0,1,1
28422739,,0,0.000006,279,0.000007,0,3,3,0,3,3
28404957,,0,0.000003,279,0.000007,0,1,1,0,1,1
28036263,,0,0.000003,279,0.000007,0,1,1,0,1,1
27903892,,0,0.000003,279,0.000007,0,1,1,0,1,1
27826533,,0,0.000005,279,0.000007,0,2,2,0,2,2
27574449,,0,0.000003,279,0.000007,0,1,1,0,1,1
27534621,,0,0.000003,279,0.000007,0,1,1,0,1,1
27501331,,0,0.000003,279,0.000007,0,1,1,0,1,1
27302168,,0,0.000003,279,0.000007,0,1,1,0,1,1
27186511,,0,0.000003,279,0.000007,0,1,1,0,1,1
26958047,,0,0.000003,279,0.000007,0,1,1,0,1,1
26783378,,0,0.000003,279,0.000007,0,1,1,0,1,1
26468775,,0,0.000003,279,0.000007,0,1,1,0,1,1
26160836,,0,0.000003,279,0.000007,0,1,1,0,1,1
25964427,,0,0.000003,279,0.000007,0,1,1,0,1,1
25719802,,0,0.000003,279,0.000007,0,1,1,0,1,1
25676403,,0,0.000003,279,0.000007,0,1,1,0,1,1
25472429,,0,0.000003,279,0.000007,0,1,1,0,1,1
25130966,,0,0.000003,279,0.000007,0,1,1,0,1,1
24991542,,0,0.000003,279,0.000007,0,1,1,0,1,1
24796328,,0,0.000003,279,0.000007,0,1,1,0,1,1
24699858,,0,0.000003,279,0.000007,0,1,1,0,1,1
24480807,,0,0.000003,279,0.000007,0,1,1,0,1,1
24131472,,0,0.000003,279,0.000007,0,1,1,0,1,1
24086261,,0,0.000003,279,0.000007,0,1,1,0,1,1
23649439,,0,0.000003,279,0.000007,0,1,1,0,1,1
23359753,,0,0.000003,279,0.000007,0,1,1,0,1,1
23050586,,0,0.000003,279,0.000007,0,1,1,0,1,1
22970018,,0,0.000003,279,0.000007,0,1,1,0,1,1
22726460,,0,0.000003,279,0.000007,0,1,1,0,1,1
22696596,,0,0.000003,279,0.000007,0,1,1,0,1,1
22169480,,0,0.000003,279,0.000007,0,1,1,0,1,1
22139570,,0,0.000003,279,0.000007,0,1,1,0,1,1
21955618,,0,0.000003,279,0.000007,0,1,1,0,1,1
21262027,,0.000114,0,5,0.000007,1,0,1,1,0,1
24959302,,0,0.000057,35,0.000007,0,1,1,0,1,1
23662165,,0,0.001172,35,0.000007,0,2,2,0,2,2
24889689,,0,0.000027,5,0.000008,1,5,6,1,5,6
29435166,,0,0.000039,241,0.000007,0,1,1,0,1,1
28821559,,0,0.000528,1,0.000007,0,4,4,0,4,4
28718972,,0,0.000039,241,0.000007,0,1,1,0,1,1
27978864,,0,0.000039,241,0.000007,0,1,1,0,1,1
27385978,,0,0.000039,241,0.000007,0,1,1,0,1,1
27137757,,0,0.000039,241,0.000007,0,1,1,0,1,1
26498922,,0,0.000039,241,0.000007,0,1,1,0,1,1
25807077,,0,0.000039,241,0.000007,0,1,1,0,1,1
24436017,,0,0.000039,241,0.000007,0,1,1,0,1,1
24213122,,0,0.000039,241,0.000007,0,1,1,0,1,1
23898276,,0,0.000039,241,0.000007,0,1,1,0,1,1
23762417,,0,0.000039,241,0.000007,0,1,1,0,1,1
23544169,,0,0.000039,241,0.000007,0,1,1,0,1,1
23536185,,0,0.000039,241,0.000007,0,1,1,0,1,1
23169651,,0,0.000039,241,0.000007,0,1,1,0,1,1
22389691,,0,0.000039,241,0.000007,0,1,1,0,1,1
21903859,,0,0.000039,241,0.000007,0,1,1,0,1,1
21270524,,0.000152,0,72,0.000022,3,0,3,3,0,3
21271559,,0.000527,0,89,0.000019,8,0,8,8,0,8
26866629,,0,0.000127,1,0.000007,0,2,2,0,2,2
21277099,,0.000173,0,57,0.000037,8,0,8,8,0,8
28839000,,0,0.000003,57,0.000007,0,1,1,0,1,1
25513745,,0,0.000114,57,0.000007,0,3,3,0,3,3
23932191,,0,0.000003,57,0.000007,0,1,1,0,1,1
23414309,,0,0.000003,57,0.000007,0,1,1,0,1,1
23063601,,0,0.000003,57,0.000007,0,1,1,0,1,1
26079312,,0,0.007786,69,0.000007,0,3,3,0,3,3
28842672,,0,0.000208,1,0.000007,0,2,2,0,2,2
27879333,,0,0.00014,100,0.000007,0,1,1,0,1,1
24035451,,0,0.00014,100,0.000007,0,1,1,0,1,1
23341930,,0,0.00014,100,0.000007,0,1,1,0,1,1
21281038,,0.001206,0,1,0.000007,1,0,1,1,0,1
30224826,,0,0.000433,35,0.000007,0,7,7,0,7,7
28847951,,0,0.000021,100,0.000007,0,1,1,0,1,1
28584306,,0,0.000021,279,0.000007,0,2,2,0,2,2
27622508,,0,0.000021,100,0.000007,0,1,1,0,1,1
26017556,,0,0.000111,100,0.000007,0,2,2,0,2,2
23485561,,0,0.000021,100,0.000007,0,1,1,0,1,1
23066031,,0,0.000021,100,0.000007,0,1,1,0,1,1
29221203,,0,0.00002,279,0.000007,0,1,1,0,1,1
27685841,,0,0.00002,279,0.000007,0,1,1,0,1,1
25411563,,0,0.000036,35,0.000007,0,2,2,0,2,2
24498236,,0,0.00002,279,0.000007,0,1,1,0,1,1
22407753,,0,0.00002,279,0.000007,0,1,1,0,1,1
21285145,,0.001909,0,231,0.000057,20,0,20,20,0,20
30127527,,0,0.000036,231,0.000007,0,1,1,0,1,1
24427490,,0,0.000036,231,0.000007,0,1,1,0,1,1
23434150,,0,0.000036,231,0.000007,0,1,1,0,1,1
21285146,,0.00069,0,140,0.000019,14,0,14,14,0,14
21285147,,0.000101,0,35,0.000012,3,0,3,3,0,3
21285148,,0.000466,0,89,0.000015,5,0,5,5,0,5
21285150,,0.000037,0,5,0.000023,5,0,5,5,0,5
25630357,,0,0.000001,5,0.000007,0,1,1,0,1,1
24888639,,0,0.000001,5,0.000007,0,1,1,0,1,1
29016792,,0,0.000063,1,0.000007,0,2,2,0,2,2
21285153,,0.00255,0,1,0.000035,13,0,13,13,0,13
24838527,,0,0.001571,1,0.000007,0,3,3,0,3,3
22367434,,0,0.000065,48,0.000007,0,2,2,0,2,2
21926192,,0,0.000049,1,0.000007,0,1,1,0,1,1
21285154,,0.000364,0,5,0.000026,6,0,6,6,0,6
22378286,,0.000014,0.000007,5,0.000015,4,1,5,4,1,5
21285156,,0.001008,0,1,0.000016,6,0,6,6,0,6
27547810,,0,0.001611,1,0.000007,0,5,5,0,5,5
21286804,,0.000652,0,35,0.000019,9,0,9,9,0,9
30417012,,0,0.000015,24,0.000007,0,1,1,0,1,1
21287534,,0.000763,0,24,0.000049,15,0,15,15,0,15
30126369,,0,0.000037,24,0.000007,0,4,4,0,4,4
29732738,,0,0.000078,1,0.000007,0,5,5,0,5,5
29681762,,0,0.000015,24,0.000007,0,1,1,0,1,1
28794805,,0,0.00003,24,0.000007,0,2,2,0,2,2
26604682,,0,0.00003,24,0.000007,0,2,2,0,2,2
24371606,,0,0.00003,24,0.000013,1,2,3,1,2,3
24353725,,0,0.000015,24,0.000007,0,1,1,0,1,1
28789453,,0,0,24,0.000007,0,1,1,0,1,1
21289518,,0.000001,0,24,0.000026,4,0,4,4,0,4
28521419,,0,0,24,0.000007,0,1,1,0,1,1
26254278,,0,0,24,0.000007,0,1,1,0,1,1
21290972,,0.000342,0,5,0.000009,5,0,5,5,0,5
21294809,,0.00131,0,140,0.00001,7,0,7,7,0,7
21295267,,0.000092,0,100,0.000014,2,0,2,2,0,2
23414486,,0,0.000002,100,0.000007,0,1,1,0,1,1
29789636,,0,0.00016,35,0.000007,0,1,1,0,1,1
29158396,,0,0.00016,35,0.000007,0,1,1,0,1,1
28541307,,0,0.000373,35,0.000007,0,3,3,0,3,3
27914265,,0,0.00016,35,0.000007,0,1,1,0,1,1
27840647,,0,0.00016,35,0.000007,0,1,1,0,1,1
27036045,,0,0.00019,35,0.000007,0,2,2,0,2,2
26933820,,0,0.000202,35,0.000007,0,3,3,0,3,3
26797644,,0,0.000173,35,0.000007,0,5,5,0,5,5
25894653,,0,0.00016,35,0.000007,0,1,1,0,1,1
25784375,,0,0.00016,35,0.000007,0,1,1,0,1,1
25782066,,0,0.00016,35,0.000007,0,1,1,0,1,1
25652255,,0,0.00016,35,0.000007,0,1,1,0,1,1
25559951,,0,0.00016,35,0.000007,0,1,1,0,1,1
25486358,,0,0.00019,35,0.000007,0,2,2,0,2,2
23959857,,0,0.00016,35,0.000007,0,1,1,0,1,1
23686305,,0,0.00016,35,0.000007,0,1,1,0,1,1
23443123,,0,0.00016,35,0.000007,0,1,1,0,1,1
23300933,,0,0.00016,35,0.000007,0,1,1,0,1,1
22850877,,0,0.00016,35,0.000007,0,1,1,0,1,1
22388733,,0,0.00016,35,0.000007,0,1,1,0,1,1
29099748,,0,0.000001,24,0.000007,0,1,1,0,1,1
21296416,,0.000041,0,24,0.000046,9,0,9,9,0,9
27746743,,0,0.000001,24,0.000007,0,1,1,0,1,1
27450451,,0,0.000001,24,0.000007,0,2,2,0,2,2
26929638,,0,0.000001,24,0.000007,0,1,1,0,1,1
23856268,,0,0.000001,24,0.000007,0,1,1,0,1,1
23340319,,0,0.000001,24,0.000007,0,1,1,0,1,1
21305653,,0.001329,0,89,0.000046,18,0,18,18,0,18
28044414,,0,0.000025,89,0.000007,0,1,1,0,1,1
26868371,,0,0.000025,89,0.000007,0,1,1,0,1,1
23915099,,0,0.000025,89,0.000007,0,1,1,0,1,1
21898659,,0,0.000025,89,0.000007,0,1,1,0,1,1
21306899,,0.00081,0,5,0.000015,6,0,6,6,0,6
25232850,,0,0.000015,5,0.000007,0,1,1,0,1,1
27441654,,0,0.000001,100,0.000007,0,1,1,0,1,1
24821837,,0,0.000156,100,0.000007,0,2,2,0,2,2
24288565,,0,0,226,0.000007,0,1,1,0,1,1
21318380,,0,0,226,0.000013,1,0,1,1,0,1
28775738,,0,0.000002,35,0.000007,0,1,1,0,1,1
21318382,,0.000088,0,35,0.000024,5,0,5,5,0,5
28547653,,0,0.000002,35,0.000007,0,1,1,0,1,1
28980880,,0,0,227,0.000007,0,1,1,0,1,1
21319262,,0.000009,0,227,0.000039,6,0,6,6,0,6
26246470,,0,0,227,0.000007,0,1,1,0,1,1
25153720,,0,0,227,0.000007,0,1,1,0,1,1
24947164,,0,0,227,0.000007,0,1,1,0,1,1
21672191,,0,0,227,0.000007,0,1,1,0,1,1
21319511,,0.00214,0,1,0.000008,4,0,4,4,0,4
28536406,,0,0.000048,90,0.000007,0,2,2,0,2,2
23455493,,0,0.000031,100,0.000007,0,1,1,0,1,1
21324516,,0.016096,0,1,0.000106,68,0,68,68,0,68
29983579,,0,0.000709,1,0.000007,0,2,2,0,2,2
28947568,,0,0.000381,205,0.000007,0,3,3,0,3,3
27941069,,0,0.000307,1,0.000007,0,1,1,0,1,1
21327469,,0.000385,0,89,0.000008,5,0,5,5,0,5
21327470,,0.000845,0,89,0.000008,2,0,2,2,0,2
29163680,,0,0,57,0.000007,0,1,1,0,1,1
24758355,,0,0,57,0.000007,0,1,1,0,1,1
29348614,,0,0.000022,1,0.000007,0,1,1,0,1,1
21331759,,0.001145,0,1,0.000028,9,0,9,9,0,9
29499138,,0,0.000375,100,0.000007,0,3,3,0,3,3
28847822,,0,0.000747,100,0.000007,0,8,8,0,8,8
28560323,,0.000006,0.000704,100,0.000014,2,4,6,2,4,6
28101207,,0,0.000256,265,0.000007,0,2,2,0,2,2
27830758,,0,0.000252,100,0.000007,0,1,1,0,1,1
27308582,,0,0.000389,100,0.000007,0,7,7,0,7,7
26420434,,0,0.000252,100,0.000007,0,1,1,0,1,1
26203772,,0,0.000342,100,0.000007,0,2,2,0,2,2
23555316,,0,0.000252,100,0.000007,0,1,1,0,1,1
22720024,,0,0.000252,100,0.000007,0,1,1,0,1,1
21336547,,0.00055,0,35,0.000026,13,0,13,13,0,13
25606587,,0,0.000186,35,0.000007,0,2,2,0,2,2
29070975,,0,0.000217,1,0.000007,0,3,3,0,3,3
27818992,,0,0.000057,35,0.000007,0,1,1,0,1,1
27688708,,0,0.000077,35,0.000007,0,2,2,0,2,2
27034161,,0,0.000085,35,0.000007,0,2,2,0,2,2
23717195,,0,0.00778,69,0.000007,0,3,3,0,3,3
23420759,,0,0.000057,35,0.000007,0,1,1,0,1,1
27329727,,0,0.000018,35,0.000007,0,1,1,0,1,1
26305673,,0,0.000019,35,0.000007,0,2,2,0,2,2
26148881,,0,0.000018,35,0.000007,0,1,1,0,1,1
26070788,,0,0.000018,35,0.000007,0,2,2,0,2,2
21810252,,0,0.000018,35,0.000007,0,1,1,0,1,1
21337561,,0.000048,0,69,0.000019,3,0,3,3,0,3
22030751,,0,0.000001,69,0.000007,0,1,1,0,1,1
29716622,,0,0.000001,247,0.000007,0,1,1,0,1,1
21338495,,0.000029,0,247,0.000141,25,0,25,25,0,25
28106087,,0,0.000001,247,0.000007,0,1,1,0,1,1
27932484,,0,0.000229,247,0.000007,0,2,2,0,2,2
27661115,,0,0.000001,247,0.000007,0,1,1,0,1,1
27323823,,0,0.000608,247,0.000007,0,2,2,0,2,2
27121375,,0,0.000001,247,0.000007,0,1,1,0,1,1
26867804,,0,0.000001,247,0.000007,0,1,1,0,1,1
26252575,,0,0.000001,247,0.000007,0,1,1,0,1,1
26114388,,0,0.000001,247,0.000007,0,1,1,0,1,1
26070072,,0,0.000001,247,0.000007,0,1,1,0,1,1
25574081,,0,0.000001,247,0.000007,0,1,1,0,1,1
25460505,,0,0.000001,247,0.000007,0,1,1,0,1,1
24737860,,0,0.000001,247,0.000007,0,1,1,0,1,1
24737129,,0,0.000001,247,0.000007,0,1,1,0,1,1
24219888,,0,0.000001,247,0.000007,0,1,1,0,1,1
24136229,,0,0.000001,247,0.000007,0,1,1,0,1,1
23150761,,0,0.000001,247,0.000007,0,1,1,0,1,1
22825333,,0,0.000001,247,0.000007,0,1,1,0,1,1
22785205,,0,0.000001,247,0.000007,0,1,1,0,1,1
22476102,,0,0.000001,247,0.000007,0,1,1,0,1,1
22170099,,0,0.000001,247,0.000007,0,1,1,0,1,1
21557332,,0,0.000001,247,0.000007,0,1,1,0,1,1
25834501,,0,0,140,0.000007,0,1,1,0,1,1
23816286,,0,0,140,0.000007,0,1,1,0,1,1
21340756,,0.000018,0,89,0.000008,1,0,1,1,0,1
26772878,,0,0,1,0.000007,0,1,1,0,1,1
24615377,,0,0.000037,231,0.000007,0,3,3,0,3,3
29039473,,0,0.00001,205,0.000007,0,3,3,0,3,3
21344162,,0.000002,0,205,0.000031,6,0,6,6,0,6
26647881,,0,0,205,0.000007,0,1,1,0,1,1
26207919,,0,0,205,0.000007,0,1,1,0,1,1
25881029,,0,0,205,0.000007,0,1,1,0,1,1
30008902,,0,0,35,0.000007,0,1,1,0,1,1
21344163,,0.000005,0,35,0.000174,29,0,29,29,0,29
29434597,,0,0,35,0.000007,0,1,1,0,1,1
29358632,,0,0,35,0.000007,0,1,1,0,1,1
29329589,,0,0,35,0.000007,0,1,1,0,1,1
29088818,,0,0,35,0.000007,0,1,1,0,1,1
28987144,,0,0,35,0.000007,0,1,1,0,1,1
28555670,,0,0,35,0.000007,0,1,1,0,1,1
28380463,,0,0,35,0.000007,0,1,1,0,1,1
27149649,,0,0,35,0.000007,0,1,1,0,1,1
27143261,,0,0,35,0.000007,0,1,1,0,1,1
27013201,,0,0,35,0.000007,0,1,1,0,1,1
26879872,,0,0,35,0.000007,0,1,1,0,1,1
26854930,,0,0,35,0.000007,0,1,1,0,1,1
26576348,,0,0,35,0.000007,0,1,1,0,1,1
26316890,,0,0,35,0.000007,0,1,1,0,1,1
26168791,,0,0,35,0.000007,0,1,1,0,1,1
26003048,,0,0,35,0.000007,0,1,1,0,1,1
25691366,,0,0,35,0.000007,0,1,1,0,1,1
25688243,,0,0,35,0.000007,0,1,1,0,1,1
25296976,,0,0,35,0.000007,0,1,1,0,1,1
25110692,,0,0.000007,35,0.000007,0,2,2,0,2,2
24870448,,0,0,35,0.000007,0,1,1,0,1,1
24466366,,0,0,35,0.000007,0,1,1,0,1,1
24259307,,0,0,35,0.000007,0,1,1,0,1,1
23436918,,0,0,35,0.000007,0,1,1,0,1,1
22863617,,0,0,35,0.000007,0,1,1,0,1,1
22662317,,0,0,35,0.000007,0,1,1,0,1,1
21841813,,0,0,35,0.000007,0,1,1,0,1,1
21344236,,0.004628,0,100,0.000051,21,0,21,21,0,21
28817247,,0,0.000021,90,0.000007,0,1,1,0,1,1
25147792,,0,0.000048,100,0.000007,0,1,1,0,1,1
21346409,,0.000656,0,367,0.000109,26,0,26,26,0,26
28968963,,0,0.000013,367,0.000007,0,1,1,0,1,1
28655885,,0,0.000013,367,0.000007,0,1,1,0,1,1
28018136,,0,0.000013,367,0.000007,0,1,1,0,1,1
26679841,,0,0.000013,367,0.000007,0,1,1,0,1,1
26538285,,0,0.000013,367,0.000007,0,1,1,0,1,1
26458878,,0,0.000013,367,0.000007,0,1,1,0,1,1
26425649,,0,0.000013,367,0.000007,0,1,1,0,1,1
25605023,,0,0.000025,100,0.000007,0,2,2,0,2,2
24998928,,0,0.000013,367,0.000007,0,1,1,0,1,1
24902966,,0,0.000013,367,0.000007,0,1,1,0,1,1
23907130,,0,0.000013,367,0.000007,0,1,1,0,1,1
23733246,,0,0.000013,367,0.000007,0,1,1,0,1,1
23268355,,0,0.003535,1,0.000007,0,9,9,0,9,9
23142980,,0,0.000013,367,0.000007,0,1,1,0,1,1
22669911,,0,0.000013,367,0.000007,0,1,1,0,1,1
29949979,,0,0.007726,69,0.000007,0,3,3,0,3,3
24911777,,0,0.000003,69,0.000007,0,1,1,0,1,1
21348412,,0.000001,0,5,0.000016,2,0,2,2,0,2
24255678,,0,0,5,0.000007,0,1,1,0,1,1
27581552,,0,0.000041,69,0.000007,0,5,5,0,5,5
21349382,,0.000089,0,69,0.000012,4,0,4,4,0,4
29237686,,0,0.000069,5,0.000007,0,2,2,0,2,2
28374161,,0,0.000069,5,0.000007,0,2,2,0,2,2
28188191,,0,0.000266,5,0.000007,0,8,8,0,8,8
28095174,,0,0.00007,5,0.000007,0,2,2,0,2,2
26232339,,0,0.000061,5,0.000007,0,1,1,0,1,1
24554793,,0,0.000061,5,0.000007,0,1,1,0,1,1
24293399,,0,0.000065,5,0.000007,0,2,2,0,2,2
23293248,,0,0.000061,5,0.000007,0,1,1,0,1,1
23151590,,0,0.000061,5,0.000007,0,1,1,0,1,1
21358410,,0.000734,0,5,0.000024,11,0,11,11,0,11
28952070,,0,0.000017,5,0.000007,0,4,4,0,4,4
28695688,,0,0.000014,5,0.000007,0,1,1,0,1,1
22989118,,0,0.000016,5,0.000007,0,2,2,0,2,2
21360002,,0.000633,0,5,0.000018,9,0,9,9,0,9
25715268,,0,0.000012,5,0.000007,0,1,1,0,1,1
30018742,,0,0.000015,90,0.000007,0,1,1,0,1,1
21363924,,0.00081,0,90,0.000044,14,0,14,14,0,14
26681820,,0,0.000015,90,0.000007,0,1,1,0,1,1
24823795,,0,0.000015,90,0.000007,0,1,1,0,1,1
21614589,,0,0.00004,100,0.000007,0,1,1,0,1,1
21365619,,0.000745,0,5,0.000018,9,0,9,9,0,9
23272149,,0,0.000014,5,0.000007,0,1,1,0,1,1
21368065,,0.004761,0,1,0.00002,12,0,12,12,0,12
27809897,,0,0.000016,5,0.000007,0,1,1,0,1,1
27288376,,0,0,5,0.000007,0,1,1,0,1,1
21370312,,0.000003,0,5,0.000014,2,0,2,2,0,2
21371001,,0.00203,0,1,0.000011,4,0,4,4,0,4
29348462,,0,0,241,0.000007,0,1,1,0,1,1
28846663,,0,0,241,0.000007,0,1,1,0,1,1
28469413,,0,0.000015,241,0.000007,0,2,2,0,2,2
28427237,,0,0,241,0.000007,0,1,1,0,1,1
26718910,,0,0,241,0.000007,0,1,1,0,1,1
24659938,,0,0,241,0.000007,0,1,1,0,1,1
24505412,,0,0,241,0.000007,0,1,1,0,1,1
24486850,,0,0.000015,241,0.000007,0,2,2,0,2,2
24161784,,0,0,241,0.000007,0,1,1,0,1,1
23991044,,0,0,241,0.000007,0,1,1,0,1,1
23856074,,0,0.000015,241,0.000007,0,2,2,0,2,2
23800058,,0,0,241,0.000007,0,1,1,0,1,1
30464628,,0,0.000016,24,0.000007,0,2,2,0,2,2
21376569,,0.000825,0,24,0.000075,21,0,21,21,0,21
27234989,,0,0.000016,24,0.000007,0,1,1,0,1,1
27029031,,0.000073,0.000317,24,0.000032,5,3,8,5,3,8
25050069,,0,0.000016,24,0.000007,0,1,1,0,1,1
24755886,,0,0.000016,24,0.000007,0,1,1,0,1,1
24692084,,0,0.000036,24,0.000007,0,2,2,0,2,2
23056077,,0,0.000021,24,0.000007,0,2,2,0,2,2
21930687,,0,0.000016,24,0.000007,0,1,1,0,1,1
21378390,,0.001601,0,69,0.000013,4,0,4,4,0,4
29285021,,0,0,69,0.000007,0,1,1,0,1,1
21380501,,0.000018,0,69,0.000134,23,0,23,23,0,23
29285018,,0,0,69,0.000007,0,1,1,0,1,1
29028944,,0,0,69,0.000007,0,1,1,0,1,1
27350775,,0,0,69,0.000007,0,1,1,0,1,1
27231474,,0,0,69,0.000007,0,1,1,0,1,1
27231472,,0,0,69,0.000007,0,1,1,0,1,1
27034641,,0,0,69,0.000007,0,1,1,0,1,1
27034640,,0,0,69,0.000007,0,1,1,0,1,1
27034637,,0,0,69,0.000007,0,1,1,0,1,1
27034631,,0,0,69,0.000007,0,1,1,0,1,1
26649138,,0,0,69,0.000007,0,1,1,0,1,1
26489798,,0,0.000002,69,0.000007,0,2,2,0,2,2
26417338,,0,0,69,0.000007,0,1,1,0,1,1
26417333,,0,0,69,0.000007,0,1,1,0,1,1
26417274,,0,0,69,0.000007,0,1,1,0,1,1
26308216,,0,0,69,0.000007,0,1,1,0,1,1
25602258,,0,0,69,0.000007,0,1,1,0,1,1
24298280,,0,0,69,0.000007,0,1,1,0,1,1
23300716,,0,0,69,0.000007,0,1,1,0,1,1
23284801,,0,0,69,0.000007,0,1,1,0,1,1
23266392,,0,0,69,0.000007,0,1,1,0,1,1
30307272,,0,0.000001,184,0.000007,0,2,2,0,2,2
21382771,,0.000001,0,184,0.000011,2,0,2,2,0,2
28693231,,0,0.000004,279,0.000007,0,3,3,0,3,3
28866430,,0,0.007698,72,0.000007,0,6,6,0,6,6
26573509,,0,0.000047,72,0.000007,0,3,3,0,3,3
24727325,,0,0.00003,72,0.000007,0,2,2,0,2,2
29067051,,0,0.000006,35,0.000007,0,1,1,0,1,1
21388048,,0.000322,0,35,0.000065,19,0,19,19,0,19
27029067,,0,0.000006,35,0.000007,0,1,1,0,1,1
26269600,,0,0.000006,35,0.000007,0,1,1,0,1,1
25525387,,0,0.000006,35,0.000007,0,1,1,0,1,1
23984097,,0,0.000006,35,0.000007,0,1,1,0,1,1
21391735,,0.000153,0,72,0.000009,3,0,3,3,0,3
21392246,,0.002118,0,69,0.000015,12,0,12,12,0,12
30263904,,0,0.00003,100,0.000007,0,1,1,0,1,1
21841805,,0,0.00003,100,0.000007,0,1,1,0,1,1
25083463,,0,0.000024,90,0.000007,0,1,1,0,1,1
24638075,,0,0.000024,90,0.000007,0,1,1,0,1,1
28640095,,0,0.000001,35,0.000007,0,1,1,0,1,1
28046028,,0,0.000001,35,0.000007,0,1,1,0,1,1
28038472,,0,0.000001,35,0.000007,0,1,1,0,1,1
27589390,,0,0.000001,35,0.000007,0,1,1,0,1,1
27368476,,0,0.000001,35,0.000007,0,1,1,0,1,1
26783961,,0,0.000006,35,0.000007,0,2,2,0,2,2
26452129,,0,0.000001,35,0.000007,0,1,1,0,1,1
26309495,,0,0.000004,35,0.000007,0,2,2,0,2,2
24491801,,0,0.000001,35,0.000007,0,1,1,0,1,1
24367611,,0,0.000001,35,0.000007,0,1,1,0,1,1
23767668,,0,0.000001,35,0.000007,0,1,1,0,1,1
23759596,,0,0.000001,35,0.000007,0,1,1,0,1,1
23152497,,0,0.000001,35,0.000007,0,1,1,0,1,1
22080057,,0,0.000001,35,0.000007,0,1,1,0,1,1
21400086,,0.001355,0,35,0.000017,7,0,7,7,0,7
30305602,,0,0.000012,35,0.000007,0,1,1,0,1,1
30022044,,0,0.000012,35,0.000007,0,1,1,0,1,1
29416002,,0,0.000012,35,0.000007,0,1,1,0,1,1
29202777,,0,0.000012,35,0.000007,0,1,1,0,1,1
29042365,,0.000009,0.000636,1,0.000009,1,5,6,1,5,6
28758948,,0,0.000012,35,0.000007,0,1,1,0,1,1
28042497,,0,0.000013,82,0.000007,0,3,3,0,3,3
27499020,,0,0.000012,35,0.000007,0,1,1,0,1,1
26377323,,0,0.000012,35,0.000007,0,1,1,0,1,1
26305020,,0,0.000012,35,0.000007,0,1,1,0,1,1
26265454,,0,0.000012,35,0.000007,0,1,1,0,1,1
25973047,,0,0.000012,35,0.000007,0,1,1,0,1,1
24362326,,0,0.000012,35,0.000007,0,1,1,0,1,1
23964091,,0,0.000012,35,0.000007,0,1,1,0,1,1
23255093,,0,0.000012,35,0.000007,0,1,1,0,1,1
22809481,,0,0.000012,35,0.000007,0,1,1,0,1,1
28098859,,0,0.000012,72,0.000007,0,1,1,0,1,1
23038262,,0,0.000012,72,0.000007,0,1,1,0,1,1
21409391,,0.002309,0,100,0.000052,31,0,31,31,0,31
27230222,,0,0.000044,100,0.000007,0,1,1,0,1,1
22550237,,0,0.000044,100,0.000007,0,1,1,0,1,1
21409392,,0.009273,0,1,0.000048,32,0,32,32,0,32
29848327,,0,0.000279,35,0.000007,0,4,4,0,4,4
29725408,,0,0.000183,90,0.000007,0,2,2,0,2,2
28654422,,0,0.00038,1,0.000007,0,4,4,0,4,4
28118040,,0.000677,0.002341,1,0.000015,3,11,14,3,11,14
24994062,,0,0.000177,1,0.000007,0,1,1,0,1,1
23199152,,0,0.000177,1,0.000007,0,1,1,0,1,1
27260947,,0,0.000006,35,0.000007,0,2,2,0,2,2
21410345,,0.000198,0,35,0.000026,8,0,8,8,0,8
27223606,,0,0.000007,35,0.000007,0,2,2,0,2,2
23826254,,0,0.000004,35,0.000007,0,1,1,0,1,1
21410590,,0.000248,0,89,0.000007,1,0,1,1,0,1
21411127,,0.002868,0,5,0.000016,14,0,14,14,0,14
25729420,,0,0.000055,5,0.000007,0,1,1,0,1,1
21414716,,0.000405,0,100,0.000013,6,0,6,6,0,6
21421115,,0.000383,0,35,0.000033,9,0,9,9,0,9
25467313,,0,0.000007,35,0.000007,0,1,1,0,1,1
24498382,,0,0.000007,35,0.000007,0,1,1,0,1,1
22785202,,0,0.000014,35,0.000007,0,2,2,0,2,2
25424849,,0,0.000087,1,0.000007,0,2,2,0,2,2
25195882,,0,0.00091,1,0.000007,0,4,4,0,4,4
23703322,,0,0.000042,1,0.000007,0,1,1,0,1,1
21424371,,0.000002,0,5,0.00001,1,0,1,1,0,1
21425892,,0.000225,0,5,0.000009,2,0,2,2,0,2
21427553,,0.000343,0,35,0.000036,8,0,8,8,0,8
25147725,,0,0.000007,35,0.000007,0,1,1,0,1,1
24658335,,0,0.000609,35,0.000007,0,3,3,0,3,3
24413080,,0,0.000007,35,0.000007,0,2,2,0,2,2
23624904,,0,0.000007,35,0.000007,0,1,1,0,1,1
23326553,,0,0.000007,35,0.000007,0,1,1,0,1,1
28589610,,0,0,5,0.000007,0,1,1,0,1,1
21432710,,0.000002,0,5,0.000025,7,0,7,7,0,7
26677835,,0,0.000007,5,0.000007,0,4,4,0,4,4
24058877,,0,0.000009,5,0.000007,0,5,5,0,5,5
23322235,,0,0,5,0.000007,0,2,2,0,2,2
28535003,,0,0.000022,72,0.000007,0,1,1,0,1,1
28328959,,0,0.000022,72,0.000007,0,1,1,0,1,1
26056576,,0,0.000022,72,0.000007,0,1,1,0,1,1
25081901,,0,0.000022,72,0.000007,0,1,1,0,1,1
24186849,,0,0.000022,72,0.000007,0,1,1,0,1,1
22652795,,0,0.000022,72,0.000007,0,1,1,0,1,1
22384141,,0,0.000022,72,0.000007,0,1,1,0,1,1
22079056,,0,0.000109,72,0.000007,0,2,2,0,2,2
21869596,,0,0.000022,35,0.000007,0,2,2,0,2,2
25518016,,0,0.000016,69,0.000007,0,1,1,0,1,1
21935406,,0,0.000016,69,0.000007,0,1,1,0,1,1
21441093,,0.000279,0,1,0.000009,1,0,1,1,0,1
21441464,,0.004388,0,1,0.000152,48,0,48,48,0,48
28915641,,0,0.000084,1,0.000007,0,1,1,0,1,1
28756516,,0,0.000876,367,0.000013,1,4,5,1,4,5
28345844,,0,0.000092,176,0.000007,0,2,2,0,2,2
28261193,,0,0.000084,1,0.000007,0,1,1,0,1,1
28066052,,0,0.001412,1,0.000007,0,4,4,0,4,4
26732534,,0,0.000084,1,0.000007,0,1,1,0,1,1
26697402,,0,0.00013,176,0.000007,0,2,2,0,2,2
26636256,,0,0.007794,1,0.000007,0,3,3,0,3,3
25741641,,0,0.000084,1,0.000007,0,1,1,0,1,1
25337558,,0,0.000107,1,0.000007,0,2,2,0,2,2
24618719,,0,0.000084,1,0.000007,0,1,1,0,1,1
24535833,,0,0.000797,1,0.000007,0,2,2,0,2,2
23766531,,0,0.000084,1,0.000007,0,1,1,0,1,1
23708513,,0,0.000084,1,0.000007,0,1,1,0,1,1
23587921,,0,0.000084,1,0.000007,0,1,1,0,1,1
23372336,,0,0.000084,1,0.000007,0,1,1,0,1,1
22359579,,0,0.000084,1,0.000007,0,1,1,0,1,1
22237209,,0,0.000084,1,0.000007,0,1,1,0,1,1
22084197,,0,0.000084,1,0.000007,0,1,1,0,1,1
21444675,,0.00254,0,100,0.000039,15,0,15,15,0,15
26268226,,0,0.000048,100,0.000007,0,1,1,0,1,1
25567982,,0,0.000449,100,0.000007,0,2,2,0,2,2
25308513,,0,0.000048,100,0.000007,0,1,1,0,1,1
22246186,,0,0.000091,100,0.000007,0,2,2,0,2,2
29707895,,0,0,367,0.000007,0,1,1,0,1,1
21444680,,0.000014,0,367,0.000181,33,0,33,33,0,33
28924151,,0,0,367,0.000007,0,1,1,0,1,1
28223438,,0,0,367,0.000007,0,1,1,0,1,1
28138035,,0,0,367,0.000007,0,1,1,0,1,1
28103611,,0,0,367,0.000007,0,1,1,0,1,1
27507190,,0,0,367,0.000007,0,1,1,0,1,1
27175362,,0,0,367,0.000007,0,1,1,0,1,1
27172261,,0,0,367,0.000007,0,1,1,0,1,1
27167265,,0,0,367,0.000007,0,1,1,0,1,1
26988753,,0,0,367,0.000007,0,1,1,0,1,1
26734632,,0,0,367,0.000007,0,1,1,0,1,1
26397223,,0,0,367,0.000007,0,1,1,0,1,1
25653058,,0,0,367,0.000007,0,1,1,0,1,1
24938562,,0,0,367,0.000007,0,1,1,0,1,1
24563540,,0,0,367,0.000007,0,1,1,0,1,1
24480708,,0,0,367,0.000007,0,1,1,0,1,1
24403233,,0,0,367,0.000007,0,1,1,0,1,1
24169649,,0,0,367,0.000007,0,1,1,0,1,1
23826405,,0,0,367,0.000007,0,1,1,0,1,1
23226204,,0,0,367,0.000007,0,1,1,0,1,1
22977135,,0,0,367,0.000007,0,1,1,0,1,1
22808163,,0,0,367,0.000007,0,1,1,0,1,1
22733540,,0,0,367,0.000007,0,1,1,0,1,1
22227248,,0,0,367,0.000007,0,1,1,0,1,1
22207316,,0,0,367,0.000007,0,1,1,0,1,1
21876842,,0,0,367,0.000007,0,1,1,0,1,1
21773036,,0,0,367,0.000007,0,1,1,0,1,1
28522877,,0,0.000139,5,0.000007,0,4,4,0,4,4
26962096,,0,0.000098,5,0.000007,0,2,2,0,2,2
26757338,,0,0.000098,5,0.000007,0,2,2,0,2,2
22275726,,0,0.000091,5,0.000007,0,1,1,0,1,1
21445571,,0.00005,0,176,0.000008,2,0,2,2,0,2
28081714,,0,0.00008,140,0.000007,0,2,2,0,2,2
21455666,,0.00018,0,5,0.000019,5,0,5,5,0,5
25939896,,0,0.000246,5,0.000007,0,3,3,0,3,3
24940101,,0,0.000003,5,0.000007,0,1,1,0,1,1
21455766,,0.000564,0,90,0.000019,7,0,7,7,0,7
29975403,,0,0.000011,90,0.000007,0,1,1,0,1,1
28741383,,0,0.000329,5,0.000007,0,7,7,0,7,7
27029038,,0,0.000011,90,0.000007,0,2,2,0,2,2
25405734,,0,0,24,0.000007,0,2,2,0,2,2
21459711,,0.000004,0,24,0.000011,2,0,2,2,0,2
28743916,,0,0.00029,69,0.000007,0,2,2,0,2,2
28719611,,0,0.000003,69,0.000007,0,1,1,0,1,1
27438566,,0,0.000003,69,0.000007,0,1,1,0,1,1
26074400,,0,0.000003,69,0.000007,0,1,1,0,1,1
25344051,,0,0.000003,69,0.000007,0,1,1,0,1,1
22927430,,0,0.000003,69,0.000007,0,1,1,0,1,1
22505939,,0,0.000003,69,0.000007,0,1,1,0,1,1
21461995,,0.002056,0,89,0.00003,16,0,16,16,0,16
25493226,,0,0.000066,89,0.000007,0,2,2,0,2,2
29399147,,0,0.000004,72,0.000007,0,1,1,0,1,1
21463514,,0.000205,0,72,0.000153,26,0,26,26,0,26
28927157,,0,0.000004,72,0.000007,0,1,1,0,1,1
27746811,,0,0.000064,72,0.000007,0,3,3,0,3,3
27625395,,0,0.000004,72,0.000007,0,1,1,0,1,1
27083050,,0,0.000004,72,0.000007,0,1,1,0,1,1
26697428,,0,0.000216,72,0.000007,0,2,2,0,2,2
25893379,,0,0.000004,72,0.000007,0,1,1,0,1,1
25364765,,0,0.000004,72,0.000007,0,1,1,0,1,1
25358394,,0,0.000004,72,0.000007,0,1,1,0,1,1
24883265,,0,0.000004,72,0.000007,0,1,1,0,1,1
24800232,,0,0.000004,72,0.000007,0,1,1,0,1,1
24147011,,0,0.000004,72,0.000007,0,1,1,0,1,1
23597168,,0,0.000004,72,0.000007,0,1,1,0,1,1
23383180,,0,0.000004,72,0.000007,0,1,1,0,1,1
23236401,,0,0.000004,72,0.000007,0,1,1,0,1,1
23071155,,0,0.000004,72,0.000007,0,1,1,0,1,1
23066553,,0,0.00009,72,0.000007,0,2,2,0,2,2
22616882,,0,0.000004,72,0.000007,0,1,1,0,1,1
22435726,,0,0.000004,72,0.000007,0,1,1,0,1,1
30100074,,0,0.000122,5,0.000007,0,2,2,0,2,2
21464413,,0.001373,0,5,0.000184,67,0,67,67,0,67
29947001,,0,0.000026,5,0.000007,0,1,1,0,1,1
29926096,,0,0.000026,5,0.000007,0,1,1,0,1,1
29632347,,0,0.000026,5,0.000007,0,1,1,0,1,1
29051521,,0,0.000026,5,0.000007,0,1,1,0,1,1
28953717,,0,0.000026,5,0.000007,0,1,1,0,1,1
28586788,,0,0.000026,5,0.000007,0,1,1,0,1,1
28384687,,0,0.000031,5,0.000007,0,3,3,0,3,3
28332033,,0,0.000026,5,0.000007,0,1,1,0,1,1
27538810,,0,0.000026,5,0.000007,0,1,1,0,1,1
27528719,,0,0.000026,5,0.000007,0,1,1,0,1,1
27527714,,0,0.000026,5,0.000007,0,1,1,0,1,1
27411549,,0,0.000026,5,0.000007,0,1,1,0,1,1
26359133,,0,0.000026,5,0.000007,0,1,1,0,1,1
26202554,,0,0.000026,5,0.000007,0,1,1,0,1,1
26193963,,0,0.000026,5,0.000007,0,1,1,0,1,1
26020017,,0,0.000026,5,0.000007,0,1,1,0,1,1
26017588,,0,0.000033,5,0.000007,0,2,2,0,2,2
25301088,,0,0.000079,5,0.000007,0,5,5,0,5,5
24101577,,0,0.000026,5,0.000007,0,1,1,0,1,1
29157306,,0,0.000003,5,0.000007,0,1,1,0,1,1
29088794,,0,0.000003,5,0.000007,0,1,1,0,1,1
28465452,,0,0.000003,5,0.000007,0,1,1,0,1,1
28322974,,0,0.000012,5,0.000007,0,2,2,0,2,2
26799207,,0,0.000012,5,0.000007,0,2,2,0,2,2
25120790,,0,0.000003,5,0.000007,0,1,1,0,1,1
25071121,,0,0.000003,5,0.000007,0,1,1,0,1,1
24687377,,0,0.000003,5,0.000007,0,1,1,0,1,1
23396665,,0,0.000003,5,0.000007,0,1,1,0,1,1
27420050,,0,0.00002,100,0.000007,0,1,1,0,1,1
24451372,,0,0.00002,100,0.000007,0,1,1,0,1,1
24389248,,0,0.00002,100,0.000007,0,1,1,0,1,1
21468130,,0.017717,0,1,0.000666,43,0,43,43,0,43
29479514,,0,0.000338,1,0.000007,0,1,1,0,1,1
29458059,,0,0.000338,1,0.000007,0,1,1,0,1,1
29085668,,0,0.000338,1,0.000007,0,1,1,0,1,1
28993799,,0,0.000339,1,0.000007,0,2,2,0,2,2
28286604,,0,0.007889,69,0.000007,0,3,3,0,3,3
24264880,,0,0.000338,1,0.000007,0,1,1,0,1,1
22523707,,0,0.000338,1,0.000007,0,1,1,0,1,1
30382159,,0,0.000093,232,0.000007,0,3,3,0,3,3
30275851,,0,0.001237,1,0.000007,0,12,12,0,12,12
29435032,,0,0.00011,35,0.000007,0,3,3,0,3,3
29294105,,0,0.000086,72,0.000007,0,1,1,0,1,1
29088784,,0,0.000086,72,0.000007,0,1,1,0,1,1
29018797,,0,0.000086,72,0.000007,0,1,1,0,1,1
28560435,,0,0.000086,72,0.000007,0,1,1,0,1,1
28540980,,0,0.000086,72,0.000007,0,1,1,0,1,1
27186402,,0,0.000086,72,0.000007,0,1,1,0,1,1
27162538,,0,0.000086,72,0.000007,0,1,1,0,1,1
26859141,,0,0.000097,72,0.000007,0,2,2,0,2,2
26853522,,0,0.000105,72,0.000007,0,2,2,0,2,2
26723575,,0,0.000086,72,0.000007,0,1,1,0,1,1
26416693,,0,0.000086,72,0.000007,0,1,1,0,1,1
26075205,,0,0.000154,1,0.000007,0,3,3,0,3,3
26033453,,0,0.000086,72,0.000007,0,1,1,0,1,1
25849621,,0,0.000146,72,0.000007,0,4,4,0,4,4
25608619,,0,0.000086,72,0.000007,0,1,1,0,1,1
24980554,,0,0.000086,72,0.000007,0,1,1,0,1,1
24839931,,0,0.000086,72,0.000007,0,1,1,0,1,1
24653623,,0,0.000086,72,0.000007,0,1,1,0,1,1
24550252,,0,0.000086,72,0.000007,0,1,1,0,1,1
24498150,,0,0.000126,72,0.000007,0,2,2,0,2,2
24246224,,0,0.000086,72,0.000007,0,1,1,0,1,1
24145746,,0,0.000086,72,0.000007,0,1,1,0,1,1
23977446,,0,0.000086,72,0.000007,0,1,1,0,1,1
23024791,,0,0.000086,72,0.000007,0,1,1,0,1,1
22647359,,0,0.000173,72,0.000007,0,2,2,0,2,2
22113163,,0,0.000086,72,0.000007,0,1,1,0,1,1
21936947,,0,0.000086,72,0.000007,0,1,1,0,1,1
27579296,,0,0,1,0.000007,0,1,1,0,1,1
21475371,,0.000008,0,1,0.00002,3,0,3,3,0,3
27257317,,0,0,1,0.000007,0,1,1,0,1,1
22674438,,0,0,228,0.000007,0,1,1,0,1,1
21479380,,0,0,228,0.000013,1,0,1,1,0,1
21482494,,0.001095,0,1,0.000037,10,0,10,10,0,10
29675095,,0,0.000021,1,0.000007,0,1,1,0,1,1
26315998,,0,0,229,0.000007,0,1,1,0,1,1
21484799,,0,0,229,0.000019,2,0,2,2,0,2
23839018,,0,0,229,0.000007,0,1,1,0,1,1
27709282,,0,0.000157,1,0.000007,0,3,3,0,3,3
21485757,,0.001344,0,1,0.000035,13,0,13,13,0,13
27655223,,0,0.000026,1,0.000007,0,1,1,0,1,1
23640560,,0,0.000026,1,0.000007,0,1,1,0,1,1
22937212,,0,0.000201,1,0.000007,0,2,2,0,2,2
28521285,,0,0.002206,1,0.000007,0,4,4,0,4,4
22965149,,0,0.007705,69,0.000007,0,2,2,0,2,2
22228887,,0,0.000269,1,0.000007,0,1,1,0,1,1
24005135,,0,0.000059,5,0.000007,0,1,1,0,1,1
27215382,,0,0.000002,35,0.000007,0,1,1,0,1,1
30008828,,0,0.000002,279,0.000007,0,1,1,0,1,1
29620240,,0,0.000002,279,0.000007,0,1,1,0,1,1
29572246,,0,0.000002,279,0.000007,0,1,1,0,1,1
29268763,,0,0.000002,279,0.000007,0,1,1,0,1,1
28819546,,0,0.000002,279,0.000007,0,1,1,0,1,1
28587163,,0,0.000002,279,0.000007,0,2,2,0,2,2
28475037,,0,0.000002,279,0.000007,0,1,1,0,1,1
28160558,,0,0.000026,279,0.000007,0,2,2,0,2,2
28112929,,0,0.000002,279,0.000007,0,1,1,0,1,1
27780924,,0,0.000002,279,0.000007,0,1,1,0,1,1
27431502,,0,0.000002,279,0.000007,0,1,1,0,1,1
26884069,,0,0.000002,279,0.000007,0,1,1,0,1,1
26185536,,0,0.000002,279,0.000007,0,1,1,0,1,1
25960197,,0,0.000002,279,0.000007,0,1,1,0,1,1
23297342,,0,0.000002,279,0.000007,0,1,1,0,1,1
22760445,,0,0.000002,279,0.000007,0,1,1,0,1,1
22228713,,0,0.000002,279,0.000007,0,1,1,0,1,1
21497495,,0.000998,0,89,0.000026,19,0,19,19,0,19
21499684,,0.000167,0,5,0.000009,3,0,3,3,0,3
24255838,,0,0,230,0.000007,0,1,1,0,1,1
21503594,,0,0,230,0.000013,1,0,1,1,0,1
30018258,,0,0.000035,89,0.000007,0,1,1,0,1,1
23645318,,0,0.000035,89,0.000007,0,1,1,0,1,1
22281780,,0,0.000035,89,0.000007,0,1,1,0,1,1
26213591,,0,0,5,0.000007,0,1,1,0,1,1
21503821,,0,0,5,0.000019,2,0,2,2,0,2
24297247,,0.000027,0.000001,5,0.000014,2,2,4,2,2,4
29326802,,0,0.000032,205,0.000007,0,2,2,0,2,2
29158552,,0,0.000031,205,0.000007,0,1,1,0,1,1
28977983,,0,0.000031,205,0.000007,0,1,1,0,1,1
27683180,,0,0.000031,205,0.000007,0,1,1,0,1,1
27621308,,0,0.000035,205,0.000007,0,3,3,0,3,3
27485475,,0,0.000032,205,0.000007,0,2,2,0,2,2
27147571,,0,0.000031,205,0.000007,0,1,1,0,1,1
26932475,,0,0.000031,205,0.000007,0,1,1,0,1,1
26528881,,0,0.000031,205,0.000007,0,1,1,0,1,1
26237023,,0,0.000031,205,0.000007,0,1,1,0,1,1
26126599,,0,0.000031,205,0.000007,0,1,1,0,1,1
25993170,,0,0.002091,205,0.000007,0,2,2,0,2,2
25798291,,0,0.007502,205,0.000007,0,3,3,0,3,3
25736008,,0,0.000037,5,0.000007,0,3,3,0,3,3
25544748,,0,0.000031,205,0.000007,0,1,1,0,1,1
25487151,,0,0.000031,205,0.000007,0,1,1,0,1,1
25222080,,0,0.000031,205,0.000007,0,1,1,0,1,1
24931631,,0,0.000031,205,0.000007,0,1,1,0,1,1
24782121,,0,0.000031,205,0.000007,0,1,1,0,1,1
24507808,,0,0.000032,205,0.000007,0,2,2,0,2,2
24474533,,0,0.000318,205,0.000007,0,2,2,0,2,2
24304937,,0,0.000031,205,0.000007,0,1,1,0,1,1
24278696,,0,0.000031,205,0.000007,0,1,1,0,1,1
24030434,,0,0.000031,205,0.000007,0,1,1,0,1,1
24009227,,0,0.000031,205,0.000007,0,1,1,0,1,1
23645565,,0,0.000031,205,0.000007,0,1,1,0,1,1
23613682,,0,0.000031,205,0.000007,0,1,1,0,1,1
23595294,,0,0.000031,205,0.000007,0,1,1,0,1,1
23372575,,0,0.000031,205,0.000007,0,1,1,0,1,1
23318448,,0,0.000402,205,0.000007,0,2,2,0,2,2
23284693,,0,0.007467,205,0.000007,0,2,2,0,2,2
23200536,,0,0.000031,205,0.000007,0,1,1,0,1,1
23184638,,0,0.007518,205,0.000007,0,4,4,0,4,4
23178448,,0,0.000402,205,0.000007,0,2,2,0,2,2
23176617,,0,0.000031,205,0.000007,0,1,1,0,1,1
22938532,,0,0.000031,205,0.000007,0,1,1,0,1,1
22877769,,0,0.000032,205,0.000007,0,2,2,0,2,2
22858243,,0,0.007502,205,0.000007,0,3,3,0,3,3
22817890,,0,0.000031,205,0.000007,0,1,1,0,1,1
22666660,,0,0.000031,205,0.000007,0,1,1,0,1,1
22517761,,0,0.000031,205,0.000007,0,1,1,0,1,1
22422049,,0,0.000031,205,0.000007,0,1,1,0,1,1
22349821,,0,0.000031,205,0.000007,0,1,1,0,1,1
22312362,,0,0.000031,205,0.000007,0,1,1,0,1,1
22301133,,0,0.000031,205,0.000007,0,1,1,0,1,1
22294438,,0,0.000031,205,0.000007,0,1,1,0,1,1
22253119,,0,0.000031,205,0.000007,0,1,1,0,1,1
22158538,,0,0.000031,205,0.000007,0,1,1,0,1,1
22110895,,0,0.000031,205,0.000007,0,1,1,0,1,1
21505975,,0.000181,0,57,0.000011,2,0,2,2,0,2
28899199,,0,0.000134,100,0.000007,0,3,3,0,3,3
28443211,,0,0.00002,184,0.000007,0,1,1,0,1,1
25276377,,0,0.00002,184,0.000007,0,1,1,0,1,1
25225901,,0,0.00002,184,0.000007,0,1,1,0,1,1
23316333,,0,0.00002,184,0.000007,0,1,1,0,1,1
29343995,,0,0,279,0.000007,0,1,1,0,1,1
21514719,,0.000009,0,279,0.000065,14,0,14,14,0,14
28058098,,0,0,279,0.000007,0,1,1,0,1,1
27896277,,0,0,279,0.000007,0,1,1,0,1,1
27041931,,0,0,279,0.000007,0,1,1,0,1,1
26953528,,0,0,279,0.000007,0,1,1,0,1,1
24493828,,0,0,279,0.000007,0,1,1,0,1,1
22919375,,0,0,279,0.000007,0,1,1,0,1,1
21519019,,0.006936,0,1,0.000044,24,0,24,24,0,24
28382166,,0,0.000416,1,0.000007,0,4,4,0,4,4
24027583,,0,0.000132,1,0.000007,0,1,1,0,1,1
23251644,,0,0.000132,1,0.000007,0,1,1,0,1,1
23056218,,0,0.000132,1,0.000007,0,1,1,0,1,1
30097885,,0,0.000126,89,0.000007,0,2,2,0,2,2
21520156,,0.000035,0,89,0.000024,3,0,3,3,0,3
26005447,,0,0.000002,231,0.000007,0,1,1,0,1,1
24831820,,0,0.000002,231,0.000007,0,1,1,0,1,1
24098138,,0,0.000002,231,0.000007,0,1,1,0,1,1
23594489,,0,0.000002,231,0.000007,0,1,1,0,1,1
23343600,,0,0.000002,231,0.000007,0,1,1,0,1,1
30455586,,0,0.000071,69,0.000007,0,3,3,0,3,3
30336783,,0,0.00007,69,0.000007,0,1,1,0,1,1
30253737,,0,0.00007,69,0.000007,0,1,1,0,1,1
30243303,,0,0.00007,69,0.000007,0,1,1,0,1,1
30046596,,0,0.00007,69,0.000007,0,1,1,0,1,1
30023630,,0,0.00007,69,0.000007,0,1,1,0,1,1
29983902,,0,0.00007,69,0.000007,0,1,1,0,1,1
29963162,,0,0.00007,69,0.000007,0,1,1,0,1,1
29938002,,0,0.00007,69,0.000007,0,1,1,0,1,1
29928387,,0,0.00007,69,0.000007,0,1,1,0,1,1
29926841,,0,0.00007,69,0.000007,0,1,1,0,1,1
29891015,,0,0.00007,69,0.000007,0,1,1,0,1,1
29861613,,0,0.00007,69,0.000007,0,1,1,0,1,1
29844681,,0,0.00007,69,0.000007,0,1,1,0,1,1
29731973,,0,0.000806,35,0.000007,0,3,3,0,3,3
29577163,,0,0.000073,241,0.000007,0,2,2,0,2,2
29545902,,0,0.00007,69,0.000007,0,1,1,0,1,1
29502561,,0,0.000084,69,0.000007,0,2,2,0,2,2
29499737,,0,0.000381,69,0.000007,0,2,2,0,2,2
29435081,,0,0.00007,69,0.000007,0,1,1,0,1,1
29435063,,0,0.00007,69,0.000007,0,1,1,0,1,1
29254237,,0,0.000071,69,0.000007,0,2,2,0,2,2
29238081,,0,0.00007,69,0.000007,0,1,1,0,1,1
29142608,,0,0.00007,69,0.000007,0,1,1,0,1,1
28881822,,0,0.007506,69,0.000007,0,2,2,0,2,2
28808351,,0,0.00213,69,0.000007,0,2,2,0,2,2
28743369,,0,0.00007,69,0.000007,0,1,1,0,1,1
28729634,,0,0.00007,69,0.000007,0,1,1,0,1,1
28721179,,0,0.00007,69,0.000007,0,1,1,0,1,1
28713970,,0,0.00007,69,0.000007,0,1,1,0,1,1
28673005,,0,0.00007,69,0.000007,0,1,1,0,1,1
28646458,,0,0.00007,69,0.000007,0,1,1,0,1,1
28626404,,0,0.00007,69,0.000007,0,1,1,0,1,1
28587379,,0,0.00007,69,0.000007,0,1,1,0,1,1
28446239,,0,0.00213,69,0.000007,0,2,2,0,2,2
28395243,,0,0.000121,69,0.000007,0,2,2,0,2,2
28389671,,0,0.000083,69,0.000007,0,2,2,0,2,2
28382140,,0,0.00007,69,0.000007,0,1,1,0,1,1
28382135,,0,0.00007,69,0.000007,0,1,1,0,1,1
28290538,,0,0.00007,69,0.000007,0,1,1,0,1,1
28134933,,0,0.000539,69,0.000007,0,3,3,0,3,3
28039447,,0,0.007506,69,0.000007,0,2,2,0,2,2
28032864,,0,0.00007,69,0.000007,0,1,1,0,1,1
28013349,,0,0.00007,69,0.000007,0,1,1,0,1,1
27877873,,0,0.00007,69,0.000007,0,1,1,0,1,1
27832351,,0,0.00007,69,0.000007,0,1,1,0,1,1
27811362,,0,0.00007,69,0.000007,0,1,1,0,1,1
27743201,,0,0.00009,69,0.000007,0,2,2,0,2,2
27694900,,0,0.00007,69,0.000007,0,1,1,0,1,1
27651643,,0,0.00007,69,0.000007,0,1,1,0,1,1
27563880,,0,0.00007,69,0.000007,0,1,1,0,1,1
27561100,,0,0.00007,69,0.000007,0,1,1,0,1,1
27526962,,0,0.00007,69,0.000007,0,1,1,0,1,1
27521449,,0,0.00007,69,0.000007,0,1,1,0,1,1
27460076,,0,0.00007,69,0.000007,0,1,1,0,1,1
27446438,,0,0.00007,69,0.000007,0,1,1,0,1,1
27436510,,0,0.000081,69,0.000007,0,2,2,0,2,2
27419385,,0,0.007828,69,0.000007,0,3,3,0,3,3
27351218,,0,0.00007,69,0.000007,0,1,1,0,1,1
27351131,,0,0.00007,69,0.000007,0,1,1,0,1,1
27293459,,0,0.000074,24,0.000007,0,2,2,0,2,2
27253331,,0,0.00007,69,0.000007,0,1,1,0,1,1
27229159,,0,0.00007,69,0.000007,0,1,1,0,1,1
27186298,,0,0.00007,69,0.000007,0,1,1,0,1,1
27147900,,0,0.00007,69,0.000007,0,1,1,0,1,1
27143932,,0,0.00007,69,0.000007,0,1,1,0,1,1
26884841,,0,0.00007,69,0.000007,0,1,1,0,1,1
26816537,,0,0.00007,69,0.000007,0,1,1,0,1,1
26668153,,0,0.00007,69,0.000007,0,1,1,0,1,1
26622357,,0,0.00007,69,0.000007,0,1,1,0,1,1
26618703,,0,0.00007,69,0.000007,0,1,1,0,1,1
26573008,,0,0.007506,69,0.000007,0,2,2,0,2,2
26555399,,0,0.000073,69,0.000007,0,2,2,0,2,2
26539720,,0,0.00007,69,0.000007,0,1,1,0,1,1
26299671,,0,0.00007,69,0.000007,0,1,1,0,1,1
26284141,,0,0.00007,69,0.000007,0,1,1,0,1,1
26261517,,0,0.00007,69,0.000007,0,1,1,0,1,1
26181758,,0,0.00007,69,0.000007,0,1,1,0,1,1
26116117,,0,0.00007,69,0.000007,0,1,1,0,1,1
25989698,,0,0.00007,69,0.000007,0,1,1,0,1,1
25975261,,0,0.00007,69,0.000007,0,1,1,0,1,1
25947066,,0,0.00007,69,0.000007,0,1,1,0,1,1
25848273,,0,0.00007,69,0.000007,0,1,1,0,1,1
25732960,,0,0.00007,69,0.000007,0,1,1,0,1,1
25673532,,0,0.00007,69,0.000007,0,1,1,0,1,1
25600708,,0,0.00007,69,0.000007,0,1,1,0,1,1
25491408,,0,0.00007,69,0.000007,0,1,1,0,1,1
25469333,,0,0.00007,69,0.000007,0,1,1,0,1,1
25453960,,0,0.00007,69,0.000007,0,1,1,0,1,1
25237928,,0,0.00007,69,0.000007,0,1,1,0,1,1
25108232,,0,0.00007,69,0.000007,0,1,1,0,1,1
24901400,,0,0.00007,69,0.000007,0,1,1,0,1,1
24598933,,0,0.00007,69,0.000007,0,1,1,0,1,1
24244307,,0,0.00007,69,0.000007,0,1,1,0,1,1
24147897,,0,0.00007,69,0.000007,0,1,1,0,1,1
24061648,,0,0.007506,69,0.000007,0,2,2,0,2,2
23324344,,0,0.00007,69,0.000007,0,1,1,0,1,1
23300757,,0,0.007506,69,0.000007,0,2,2,0,2,2
22951414,,0,0.00007,69,0.000007,0,1,1,0,1,1
22807982,,0,0.00007,69,0.000007,0,1,1,0,1,1
22710075,,0,0.00007,69,0.000007,0,1,1,0,1,1
22178261,,0,0.00007,69,0.000007,0,1,1,0,1,1
21843904,,0,0.00007,69,0.000007,0,1,1,0,1,1
25583948,,0,0.000018,279,0.000007,0,2,2,0,2,2
23704282,,0,0.000018,1,0.000007,0,1,1,0,1,1
21523855,,0.000259,0,140,0.00003,11,0,11,11,0,11
25565867,,0,0.000005,140,0.000007,0,1,1,0,1,1
23499923,,0,0.000105,140,0.000007,0,2,2,0,2,2
30044300,,0,0.000007,35,0.000007,0,1,1,0,1,1
21524569,,0.000358,0,35,0.00009,24,0,24,24,0,24
26640591,,0,0.000007,35,0.000007,0,1,1,0,1,1
26259239,,0,0.000007,35,0.000007,0,1,1,0,1,1
25429076,,0,0.000007,35,0.000007,0,1,1,0,1,1
25341922,,0,0.000007,35,0.000007,0,1,1,0,1,1
24147804,,0,0.000007,35,0.000007,0,1,1,0,1,1
24025362,,0,0.000007,35,0.000007,0,1,1,0,1,1
23425150,,0,0.000007,35,0.000007,0,1,1,0,1,1
25674215,,0,0.000002,231,0.000007,0,1,1,0,1,1
21526426,,0.000125,0,231,0.000031,5,0,5,5,0,5
25351294,,0,0.000002,231,0.000007,0,1,1,0,1,1
23943797,,0,0.000002,231,0.000007,0,1,1,0,1,1
22689141,,0,0.000002,231,0.000007,0,1,1,0,1,1
21529986,,0.00017,0,24,0.000025,7,0,7,7,0,7
24328537,,0,0.000003,24,0.000007,0,1,1,0,1,1
24113009,,0,0.000015,24,0.000007,0,2,2,0,2,2
21531449,,0.000711,0,5,0.000012,6,0,6,6,0,6
30347895,,0,0.000013,90,0.000007,0,1,1,0,1,1
21531767,,0.000693,0,90,0.000042,16,0,16,16,0,16
27852068,,0,0.000013,90,0.000007,0,1,1,0,1,1
24333793,,0,0.000013,90,0.000007,0,1,1,0,1,1
22701760,,0,0.000017,100,0.000007,0,1,1,0,1,1
21533383,,0.000099,0,279,0.000008,1,0,1,1,0,1
21533530,,0.000042,0,231,0.000015,3,0,3,3,0,3
21537840,,0.000529,0,279,0.000024,11,0,11,11,0,11
21537932,,0.000481,0,231,0.000021,10,0,10,10,0,10
21545057,,0.000171,0,5,0.000009,2,0,2,2,0,2
21553119,,0.001848,0,89,0.000017,6,0,6,6,0,6
30226898,,0,0.000093,24,0.000007,0,1,1,0,1,1
30115874,,0,0.000098,24,0.000007,0,2,2,0,2,2
30085098,,0,0.000093,24,0.000007,0,1,1,0,1,1
30050799,,0,0.000093,24,0.000007,0,1,1,0,1,1
29353516,,0,0.000093,24,0.000007,0,1,1,0,1,1
29264624,,0,0.000093,24,0.000007,0,1,1,0,1,1
29038517,,0,0.000093,24,0.000007,0,1,1,0,1,1
28713771,,0,0.000093,24,0.000007,0,1,1,0,1,1
28580312,,0,0.000093,24,0.000007,0,1,1,0,1,1
28580311,,0,0.000093,24,0.000007,0,1,1,0,1,1
28449703,,0,0.000093,24,0.000007,0,1,1,0,1,1
28369628,,0,0.000093,24,0.000007,0,1,1,0,1,1
28223795,,0,0.000093,24,0.000007,0,1,1,0,1,1
27602767,,0,0.000126,24,0.000007,0,2,2,0,2,2
27552589,,0,0.000093,24,0.000007,0,1,1,0,1,1
27471606,,0,0.000093,24,0.000007,0,1,1,0,1,1
27229857,,0,0.000093,24,0.000007,0,1,1,0,1,1
26856858,,0,0.000093,24,0.000007,0,1,1,0,1,1
26722249,,0,0.000093,24,0.000007,0,1,1,0,1,1
26518763,,0,0.000093,24,0.000007,0,1,1,0,1,1
26238561,,0,0.000093,24,0.000007,0,1,1,0,1,1
25973681,,0,0.000093,24,0.000007,0,1,1,0,1,1
25811736,,0,0.000093,24,0.000007,0,1,1,0,1,1
25712125,,0,0.000093,24,0.000007,0,1,1,0,1,1
25635828,,0,0.000093,24,0.000007,0,1,1,0,1,1
25202410,,0,0.000093,24,0.000007,0,1,1,0,1,1
25144817,,0,0.000093,24,0.000007,0,1,1,0,1,1
25128695,,0,0.000382,24,0.000007,0,2,2,0,2,2
24547783,,0,0.000093,24,0.000007,0,1,1,0,1,1
24511912,,0,0.000093,24,0.000007,0,1,1,0,1,1
24498890,,0,0.000093,24,0.000007,0,1,1,0,1,1
24330859,,0,0.000093,24,0.000007,0,1,1,0,1,1
24214344,,0,0.000093,24,0.000007,0,1,1,0,1,1
23887651,,0,0.000118,24,0.000007,0,2,2,0,2,2
23448094,,0,0.000093,24,0.000007,0,1,1,0,1,1
23298120,,0,0.000093,24,0.000007,0,1,1,0,1,1
22830502,,0,0.000093,24,0.000007,0,1,1,0,1,1
21642535,,0,0.000093,24,0.000007,0,1,1,0,1,1
30487734,,0,0.000001,184,0.000007,0,1,1,0,1,1
30349858,,0,0.000001,184,0.000007,0,1,1,0,1,1
30124174,,0,0.000001,184,0.000007,0,1,1,0,1,1
30106031,,0,0.000001,184,0.000007,0,1,1,0,1,1
29951500,,0,0.000001,184,0.000007,0,1,1,0,1,1
29740579,,0,0.000001,184,0.000007,0,1,1,0,1,1
29686714,,0,0.000001,184,0.000007,0,1,1,0,1,1
29632371,,0,0.000001,184,0.000007,0,1,1,0,1,1
29599933,,0,0.000001,184,0.000007,0,1,1,0,1,1
29562543,,0,0.000001,184,0.000007,0,1,1,0,1,1
29504542,,0,0.000001,184,0.000007,0,1,1,0,1,1
29497704,,0,0.000001,184,0.000007,0,1,1,0,1,1
29432188,,0,0.000001,184,0.000007,0,1,1,0,1,1
29409358,,0,0.000001,184,0.000007,0,1,1,0,1,1
29163138,,0,0.000001,184,0.000007,0,1,1,0,1,1
29163128,,0,0.000001,184,0.000007,0,1,1,0,1,1
29103034,,0,0.000001,184,0.000007,0,1,1,0,1,1
29076399,,0,0.000001,184,0.000007,0,1,1,0,1,1
28984595,,0,0.000001,184,0.000007,0,1,1,0,1,1
28965825,,0,0.000001,184,0.000007,0,1,1,0,1,1
28893185,,0,0.000001,184,0.000007,0,1,1,0,1,1
28788094,,0,0.000001,184,0.000007,0,1,1,0,1,1
28731260,,0,0.000001,184,0.000007,0,1,1,0,1,1
28707482,,0,0.000001,184,0.000007,0,1,1,0,1,1
28683096,,0,0.000001,184,0.000007,0,1,1,0,1,1
28634550,,0,0.000001,184,0.000007,0,1,1,0,1,1
28612048,,0,0.000001,184,0.000007,0,1,1,0,1,1
28578785,,0,0.000001,184,0.000007,0,1,1,0,1,1
28338052,,0,0.000001,184,0.000007,0,1,1,0,1,1
28323826,,0,0.000001,184,0.000007,0,1,1,0,1,1
28106546,,0,0.000001,184,0.000007,0,1,1,0,1,1
28103298,,0,0.000001,184,0.000007,0,1,1,0,1,1
28094792,,0,0.000001,184,0.000007,0,1,1,0,1,1
27911290,,0,0.000001,184,0.000007,0,1,1,0,1,1
27909396,,0,0.000001,184,0.000007,0,1,1,0,1,1
27693548,,0,0.000001,184,0.000007,0,1,1,0,1,1
27410431,,0,0.000001,184,0.000007,0,1,1,0,1,1
27358067,,0,0.000001,184,0.000007,0,1,1,0,1,1
27358062,,0,0.000001,184,0.000007,0,1,1,0,1,1
27340842,,0,0.000001,184,0.000007,0,1,1,0,1,1
27330841,,0,0.000001,184,0.000007,0,1,1,0,1,1
27231129,,0,0.000001,184,0.000007,0,1,1,0,1,1
27106634,,0,0.000001,184,0.000007,0,1,1,0,1,1
27033053,,0,0.000001,184,0.000007,0,1,1,0,1,1
27013617,,0,0.000001,184,0.000007,0,1,1,0,1,1
26973105,,0,0.000001,184,0.000007,0,1,1,0,1,1
26972863,,0,0.000005,184,0.000007,0,2,2,0,2,2
26907805,,0,0.000001,184,0.000007,0,1,1,0,1,1
26888940,,0,0.000001,184,0.000007,0,1,1,0,1,1
26888450,,0,0.000001,184,0.000007,0,1,1,0,1,1
26719695,,0,0.000001,184,0.000007,0,1,1,0,1,1
26708713,,0,0.000001,184,0.000007,0,1,1,0,1,1
26603102,,0,0.000001,184,0.000007,0,1,1,0,1,1
26552581,,0,0.000001,184,0.000007,0,1,1,0,1,1
26519903,,0,0.000001,184,0.000007,0,1,1,0,1,1
26395440,,0,0.000001,184,0.000007,0,1,1,0,1,1
26312828,,0,0.000001,184,0.000007,0,1,1,0,1,1
26242991,,0,0.000001,184,0.000007,0,1,1,0,1,1
26052284,,0,0.000001,184,0.000007,0,1,1,0,1,1
25988462,,0,0.000001,184,0.000007,0,1,1,0,1,1
25904988,,0,0.000001,184,0.000007,0,1,1,0,1,1
25899298,,0,0.000001,184,0.000007,0,1,1,0,1,1
25766620,,0,0.000001,184,0.000007,0,1,1,0,1,1
25595891,,0,0.000001,184,0.000007,0,1,1,0,1,1
25419706,,0,0.000001,184,0.000007,0,1,1,0,1,1
25412207,,0,0.000001,184,0.000007,0,1,1,0,1,1
25391383,,0,0.000001,184,0.000007,0,1,1,0,1,1
25333069,,0,0.000022,140,0.000007,0,2,2,0,2,2
25313376,,0,0.000001,184,0.000007,0,1,1,0,1,1
25248508,,0,0.000001,184,0.000007,0,1,1,0,1,1
25155015,,0,0.000001,184,0.000007,0,1,1,0,1,1
24973118,,0,0.000001,184,0.000007,0,1,1,0,1,1
24946075,,0,0.000001,184,0.000007,0,1,1,0,1,1
24928124,,0,0.000001,184,0.000007,0,1,1,0,1,1
24786631,,0,0.000001,184,0.000007,0,1,1,0,1,1
24743338,,0,0.000001,184,0.000007,0,1,1,0,1,1
24652457,,0,0.000001,184,0.000007,0,1,1,0,1,1
24632849,,0,0.000001,184,0.000007,0,1,1,0,1,1
24495969,,0,0.000001,184,0.000007,0,1,1,0,1,1
24386372,,0,0.000001,184,0.000007,0,1,1,0,1,1
24274089,,0,0.000001,184,0.000007,0,1,1,0,1,1
24252346,,0,0.000001,184,0.000007,0,1,1,0,1,1
24194717,,0,0.000001,184,0.000007,0,1,1,0,1,1
24179610,,0,0.000001,184,0.000007,0,1,1,0,1,1
24162737,,0,0.000001,184,0.000007,0,1,1,0,1,1
24082824,,0,0.000001,184,0.000007,0,1,1,0,1,1
24037427,,0,0.000001,184,0.000007,0,1,1,0,1,1
24018724,,0,0.000001,184,0.000007,0,1,1,0,1,1
23476143,,0,0.000001,184,0.000007,0,1,1,0,1,1
23400708,,0,0.000001,184,0.000007,0,1,1,0,1,1
23230430,,0,0.000001,184,0.000007,0,1,1,0,1,1
23217737,,0,0.000001,184,0.000007,0,1,1,0,1,1
23126652,,0,0.000001,184,0.000007,0,1,1,0,1,1
22796871,,0,0.000001,184,0.000007,0,1,1,0,1,1
22721421,,0,0.000001,184,0.000007,0,1,1,0,1,1
22693679,,0,0.000001,184,0.000007,0,1,1,0,1,1
22552896,,0,0.000001,184,0.000007,0,1,1,0,1,1
22532859,,0,0.000001,184,0.000007,0,1,1,0,1,1
22529838,,0,0.000001,184,0.000007,0,1,1,0,1,1
22485117,,0,0.000001,184,0.000007,0,1,1,0,1,1
22430674,,0,0.000001,184,0.000007,0,1,1,0,1,1
22424230,,0,0.000001,184,0.000007,0,1,1,0,1,1
22312439,,0,0.000001,184,0.000007,0,1,1,0,1,1
22272623,,0,0.000001,184,0.000007,0,1,1,0,1,1
22228589,,0,0.000001,184,0.000007,0,1,1,0,1,1
22068907,,0,0.000001,184,0.000007,0,1,1,0,1,1
28288164,,0,0,5,0.000007,0,1,1,0,1,1
24696529,,0,0,5,0.000007,0,1,1,0,1,1
24138843,,0,0,5,0.000007,0,1,1,0,1,1
22773931,,0,0,5,0.000007,0,1,1,0,1,1
21557934,,0.000297,0,279,0.00001,3,0,3,3,0,3
21558506,,0.001026,0,5,0.000025,12,0,12,12,0,12
26325576,,0,0.00002,5,0.000007,0,1,1,0,1,1
21562711,,0.000151,0,231,0.00001,2,0,2,2,0,2
30094098,,0,0.000004,279,0.000007,0,1,1,0,1,1
21567085,,0.000187,0,279,0.000055,10,0,10,10,0,10
28710449,,0,0.000004,279,0.000007,0,1,1,0,1,1
26912061,,0,0.000004,279,0.000007,0,1,1,0,1,1
25997441,,0,0.000004,279,0.000007,0,1,1,0,1,1
25859283,,0,0.000004,279,0.000036,6,2,8,6,2,8
23204920,,0,0.000004,279,0.000007,0,1,1,0,1,1
21570850,,0.00009,0,1,0.000007,1,0,1,1,0,1
21570976,,0.0028,0,100,0.000025,18,0,18,18,0,18
28937603,,0,0.000055,82,0.000007,0,2,2,0,2,2
21572332,,0.00056,0,1,0.00001,4,0,4,4,0,4
22954683,,0,0.007439,69,0.000007,0,2,2,0,2,2
21574951,,0.000142,0,69,0.00001,1,0,1,1,0,1
21575453,,0,0,89,0.000019,3,0,3,3,0,3
29125836,,0,0,89,0.000007,0,1,1,0,1,1
21575522,,0.000155,0,24,0.000009,2,0,2,2,0,2
30319966,,0,0.001393,66,0.000007,0,4,4,0,4,4
29633598,,0,0.000333,1,0.000007,0,1,1,0,1,1
29593397,,0,0.000479,1,0.000007,0,2,2,0,2,2
29581876,,0,0.000559,1,0.000007,0,5,5,0,5,5
29100211,,0,0.000333,1,0.000007,0,1,1,0,1,1
28887309,,0,0.000333,1,0.000007,0,1,1,0,1,1
28753430,,0,0.000333,1,0.000007,0,1,1,0,1,1
28607007,,0,0.000333,1,0.000007,0,1,1,0,1,1
28515422,,0,0.000333,1,0.000007,0,1,1,0,1,1
28465491,,0,0.000333,1,0.000007,0,1,1,0,1,1
28344039,,0,0.000333,1,0.000007,0,1,1,0,1,1
28341589,,0,0.000333,1,0.000007,0,1,1,0,1,1
28264478,,0,0.000336,279,0.000007,0,2,2,0,2,2
27906189,,0,0.000333,1,0.000007,0,1,1,0,1,1
27727003,,0,0.004441,1,0.000007,0,8,8,0,8,8
27427904,,0,0.000333,1,0.000007,0,1,1,0,1,1
27336789,,0,0.00097,1,0.000007,0,3,3,0,3,3
27208692,,0,0.000333,1,0.000007,0,1,1,0,1,1
27183006,,0,0.000333,1,0.000007,0,1,1,0,1,1
27117272,,0,0.000333,1,0.000007,0,1,1,0,1,1
26944914,,0,0.00173,1,0.000007,0,9,9,0,9,9
26913293,,0,0.000333,1,0.000007,0,1,1,0,1,1
26854235,,0,0.000333,1,0.000007,0,1,1,0,1,1
26843823,,0,0.000333,1,0.000007,0,1,1,0,1,1
26746117,,0,0.000345,1,0.000007,0,2,2,0,2,2
26684754,,0,0.000479,1,0.000007,0,2,2,0,2,2
26571387,,0,0.000333,1,0.000007,0,1,1,0,1,1
26328007,,0,0.000333,1,0.000007,0,1,1,0,1,1
26258891,,0,0.000333,1,0.000007,0,1,1,0,1,1
26175416,,0,0.000333,1,0.000007,0,1,1,0,1,1
26140362,,0,0.000333,1,0.000007,0,1,1,0,1,1
26058078,,0,0.000333,1,0.000007,0,1,1,0,1,1
25964175,,0,0.000333,1,0.000007,0,1,1,0,1,1
25906745,,0,0.000333,90,0.000007,0,2,2,0,2,2
25896606,,0,0.001388,1,0.000007,0,2,2,0,2,2
25809148,,0,0.000333,1,0.000007,0,1,1,0,1,1
25420520,,0,0.000333,1,0.000007,0,1,1,0,1,1
25277175,,0,0.00068,89,0.000007,0,3,3,0,3,3
25203299,,0,0.000333,1,0.000007,0,1,1,0,1,1
25175909,,0,0.000333,1,0.000007,0,1,1,0,1,1
25043157,,0,0.000333,1,0.000007,0,1,1,0,1,1
24879454,,0,0.000333,1,0.000007,0,1,1,0,1,1
24855118,,0,0.000333,1,0.000007,0,1,1,0,1,1
24847116,,0,0.000378,1,0.000007,0,2,2,0,2,2
24840521,,0,0.000725,1,0.000007,0,2,2,0,2,2
24759590,,0,0.000333,1,0.000007,0,1,1,0,1,1
24739220,,0,0.000482,66,0.000007,0,3,3,0,3,3
24591637,,0,0.000333,1,0.000007,0,1,1,0,1,1
24504051,,0,0.000333,1,0.000007,0,1,1,0,1,1
24457600,,0,0.000333,1,0.000007,0,1,1,0,1,1
24450640,,0,0.000333,1,0.000007,0,1,1,0,1,1
24416574,,0,0.000333,1,0.000007,0,1,1,0,1,1
24249419,,0,0.000333,1,0.000007,0,1,1,0,1,1
24213111,,0,0.000333,1,0.000007,0,1,1,0,1,1
24186205,,0,0.000333,1,0.000007,0,1,1,0,1,1
24115221,,0,0.000333,1,0.000007,0,1,1,0,1,1
23921685,,0,0.000333,1,0.000007,0,1,1,0,1,1
23918819,,0,0.000333,1,0.000007,0,1,1,0,1,1
23908683,,0,0.000368,1,0.000007,0,2,2,0,2,2
23901346,,0,0.000333,1,0.000007,0,1,1,0,1,1
23806491,,0,0.000333,1,0.000007,0,1,1,0,1,1
23759327,,0,0.000333,1,0.000007,0,1,1,0,1,1
23661613,,0,0.000333,1,0.000007,0,1,1,0,1,1
23634237,,0,0.000336,66,0.000007,0,2,2,0,2,2
23589550,,0,0.000333,1,0.000007,0,1,1,0,1,1
23555854,,0,0.000333,1,0.000007,0,1,1,0,1,1
23555182,,0,0.000333,1,0.000007,0,1,1,0,1,1
23503423,,0,0.000336,66,0.000007,0,2,2,0,2,2
23447416,,0,0.000333,1,0.000007,0,1,1,0,1,1
23322116,,0,0.000333,1,0.000007,0,1,1,0,1,1
23257359,,0,0.000333,1,0.000007,0,1,1,0,1,1
23248095,,0,0.000333,1,0.000007,0,1,1,0,1,1
23105099,,0,0.000333,1,0.000007,0,1,1,0,1,1
23097625,,0,0.000338,1,0.000007,0,2,2,0,2,2
22918253,,0,0.000333,1,0.000007,0,1,1,0,1,1
22736790,,0,0.000333,1,0.000007,0,1,1,0,1,1
22705096,,0,0.000333,1,0.000007,0,1,1,0,1,1
22615383,,0,0.000333,1,0.000007,0,1,1,0,1,1
22461644,,0,0.000333,1,0.000007,0,1,1,0,1,1
22451619,,0,0.000333,1,0.000007,0,1,1,0,1,1
22425584,,0,0.000333,1,0.000007,0,1,1,0,1,1
22307624,,0,0.000333,1,0.000007,0,1,1,0,1,1
22140532,,0,0.000333,1,0.000007,0,1,1,0,1,1
22133722,,0,0.007769,1,0.000007,0,2,2,0,2,2
28210554,,0,0.000013,5,0.000007,0,3,3,0,3,3
21587115,,0.000179,0,5,0.00003,7,0,7,7,0,7
28066037,,0,0.000003,5,0.000007,0,1,1,0,1,1
26822880,,0,0.000003,5,0.000007,0,1,1,0,1,1
25289313,,0,0.000003,5,0.000007,0,1,1,0,1,1
21591024,,0.000362,0,72,0.000027,14,0,14,14,0,14
22218224,,0,0.000007,72,0.000007,0,1,1,0,1,1
29423075,,0,0.000055,231,0.000007,0,1,1,0,1,1
27542969,,0,0.000055,231,0.000007,0,1,1,0,1,1
22879957,,0,0.000055,231,0.000007,0,1,1,0,1,1
29320459,,0,0.000131,35,0.000007,0,2,2,0,2,2
22424533,,0,0.000062,1,0.000007,0,1,1,0,1,1
21598239,,0.00241,0,205,0.000039,21,0,21,21,0,21
26579537,,0,0.000065,205,0.000007,0,2,2,0,2,2
30405831,,0,0.000002,231,0.000007,0,1,1,0,1,1
21598251,,0.000116,0,231,0.000037,12,0,12,12,0,12
29333101,,0,0.000002,231,0.000007,0,2,2,0,2,2
29581979,,0,0.000016,48,0.000007,0,2,2,0,2,2
21600381,,0.000839,0,48,0.000081,17,0,17,17,0,17
28681171,,0,0.000016,48,0.000007,0,1,1,0,1,1
26339192,,0,0.000016,48,0.000007,0,1,1,0,1,1
25621076,,0,0.000016,48,0.000007,0,1,1,0,1,1
25104960,,0,0.000016,48,0.000007,0,1,1,0,1,1
24415983,,0,0.000016,48,0.000007,0,1,1,0,1,1
23443928,,0,0.000016,48,0.000007,0,1,1,0,1,1
22988350,,0,0.000016,48,0.000007,0,1,1,0,1,1
22764762,,0,0.000016,48,0.000007,0,1,1,0,1,1
22149876,,0,0.000016,48,0.000007,0,1,1,0,1,1
22149875,,0,0.000016,48,0.000007,0,1,1,0,1,1
27330315,,0,0.000014,89,0.000007,0,1,1,0,1,1
30287757,,0,0,279,0.000007,0,1,1,0,1,1
28594374,,0,0,279,0.000007,0,1,1,0,1,1
27790299,,0,0,279,0.000007,0,1,1,0,1,1
27190710,,0,0,279,0.000007,0,1,1,0,1,1
26183824,,0,0.000656,1,0.000007,0,3,3,0,3,3
26126692,,0,0,279,0.000007,0,1,1,0,1,1
25868853,,0,0,279,0.000007,0,1,1,0,1,1
25587342,,0,0,279,0.000007,0,1,1,0,1,1
25342887,,0,0,279,0.000007,0,1,1,0,1,1
23118416,,0,0,279,0.000007,0,1,1,0,1,1
21607582,,0.001011,0,1,0.000008,3,0,3,3,0,3
29069717,,0,0.000007,41,0.000007,0,1,1,0,1,1
26339652,,0,0.000007,41,0.000007,0,1,1,0,1,1
22559006,,0,0.000007,41,0.000007,0,1,1,0,1,1
21521513,,0,0.000007,41,0.000007,0,1,1,0,1,1
24286315,,0,0.000013,279,0.000007,0,1,1,0,1,1
27597289,,0,0.000002,5,0.000007,0,1,1,0,1,1
21612928,,0.00008,0,5,0.000013,2,0,2,2,0,2
21613821,,0.003232,0,205,0.000033,16,0,16,16,0,16
28293485,,0,0.000062,205,0.000007,0,1,1,0,1,1
25693729,,0,0.000085,205,0.000007,0,2,2,0,2,2
21614564,,0.002233,0,89,0.000019,22,0,22,22,0,22
21618216,,0.00075,0,72,0.000182,36,0,36,36,0,36
29904277,,0,0.000014,72,0.000007,0,1,1,0,1,1
29861413,,0,0.000017,72,0.000007,0,2,2,0,2,2
29657266,,0,0.000016,72,0.000007,0,2,2,0,2,2
29644076,,0,0.000014,72,0.000007,0,1,1,0,1,1
29568403,,0,0.000014,72,0.000007,0,1,1,0,1,1
29162923,,0,0.000014,72,0.000007,0,1,1,0,1,1
28239298,,0,0.000014,72,0.000007,0,1,1,0,1,1
28233878,,0,0.000014,72,0.000007,0,1,1,0,1,1
28008602,,0,0.000014,72,0.000007,0,1,1,0,1,1
26287405,,0,0.000014,72,0.000007,0,1,1,0,1,1
26270642,,0,0.000014,72,0.000007,0,1,1,0,1,1
26243143,,0,0.000014,72,0.000007,0,1,1,0,1,1
26214687,,0,0.000014,72,0.000007,0,1,1,0,1,1
26204513,,0,0.000014,72,0.000007,0,1,1,0,1,1
26098312,,0,0.000014,72,0.000007,0,1,1,0,1,1
25559952,,0,0.000014,72,0.000007,0,1,1,0,1,1
25221729,,0,0.000014,72,0.000007,0,1,1,0,1,1
24976726,,0,0.000014,72,0.000007,0,1,1,0,1,1
24250228,,0,0.000014,72,0.000007,0,2,2,0,2,2
23728460,,0,0.000014,72,0.000007,0,1,1,0,1,1
23722663,,0,0.000014,72,0.000007,0,1,1,0,1,1
23162647,,0,0.000014,72,0.000007,0,1,1,0,1,1
23154539,,0,0.000014,72,0.000007,0,1,1,0,1,1
22802949,,0,0.000014,72,0.000007,0,1,1,0,1,1
22713668,,0,0.000014,72,0.000007,0,1,1,0,1,1
21618343,,0.002896,0,100,0.000252,18,0,18,18,0,18
27829436,,0,0.000055,100,0.000007,0,1,1,0,1,1
21618645,,0.000541,0,231,0.00001,8,0,8,8,0,8
21625942,,0.000078,0,279,0.000012,3,0,3,3,0,3
30285798,,0,0.000009,205,0.000007,0,1,1,0,1,1
30247463,,0,0.000009,205,0.000007,0,1,1,0,1,1
30209760,,0,0.000009,205,0.000007,0,1,1,0,1,1
30064387,,0,0.000009,205,0.000007,0,1,1,0,1,1
29769289,,0,0.000009,205,0.000007,0,1,1,0,1,1
27906188,,0,0.000009,205,0.000007,0,1,1,0,1,1
27418931,,0,0.000009,205,0.000007,0,1,1,0,1,1
24213498,,0,0.000009,205,0.000007,0,1,1,0,1,1
23592398,,0,0.000009,205,0.000007,0,1,1,0,1,1
29267878,,0,0.00004,89,0.000007,0,1,1,0,1,1
28392579,,0,0.000045,5,0.000007,0,1,1,0,1,1
27183914,,0,0.000045,5,0.000007,0,1,1,0,1,1
21638052,,0.000881,0,140,0.000015,9,0,9,9,0,9
21643751,,0.000523,0,89,0.000019,8,0,8,8,0,8
23804261,,0,0.00001,89,0.000007,0,1,1,0,1,1
21653198,,0.002385,0,35,0.00004,23,0,23,23,0,23
23216985,,0.000002,0.000045,241,0.000009,1,1,2,1,1,2
25845383,,0,0.000013,5,0.000007,0,1,1,0,1,1
23363808,,0,0.000013,5,0.000007,0,1,1,0,1,1
30244975,,0,0.000005,137,0.000007,0,1,1,0,1,1
21655990,,0.000287,0,137,0.000428,76,0,76,76,0,76
30150001,,0,0.000005,137,0.000007,0,1,1,0,1,1
30108523,,0,0.000005,137,0.000007,0,1,1,0,1,1
29899823,,0,0.000005,137,0.000007,0,1,1,0,1,1
28952281,,0,0.000005,137,0.000007,0,1,1,0,1,1
28927103,,0,0.000005,137,0.000007,0,1,1,0,1,1
28776080,,0,0.000005,137,0.000007,0,1,1,0,1,1
28744157,,0,0.000006,137,0.000007,0,2,2,0,2,2
28692586,,0,0.000005,137,0.000007,0,1,1,0,1,1
28529619,,0,0.000005,137,0.000007,0,1,1,0,1,1
28490930,,0,0.000005,137,0.000007,0,1,1,0,1,1
28423712,,0,0.000005,137,0.000007,0,1,1,0,1,1
28185288,,0,0.000005,137,0.000007,0,1,1,0,1,1
27903152,,0,0.000005,137,0.000007,0,1,1,0,1,1
27760406,,0,0.000005,137,0.000007,0,1,1,0,1,1
27745917,,0,0.000005,137,0.000007,0,1,1,0,1,1
27721842,,0,0.000005,137,0.000007,0,1,1,0,1,1
27681864,,0,0.000005,137,0.000007,0,1,1,0,1,1
27658825,,0,0.000096,137,0.000007,0,2,2,0,2,2
27430256,,0,0.000005,137,0.000007,0,1,1,0,1,1
27388232,,0,0.000005,137,0.000007,0,1,1,0,1,1
27053250,,0,0.000005,137,0.000007,0,1,1,0,1,1
26976426,,0,0.000005,137,0.000007,0,1,1,0,1,1
26970131,,0,0.000005,137,0.000007,0,1,1,0,1,1
26794276,,0,0.000005,137,0.000007,0,1,1,0,1,1
26674961,,0,0.000005,137,0.000007,0,1,1,0,1,1
26558235,,0,0.000005,137,0.000007,0,1,1,0,1,1
26516917,,0,0.000005,137,0.000007,0,1,1,0,1,1
26405648,,0,0.000005,137,0.000007,0,1,1,0,1,1
26230693,,0,0.000005,137,0.000007,0,1,1,0,1,1
26111812,,0,0.000005,137,0.000007,0,1,1,0,1,1
25883966,,0,0.000005,137,0.000007,0,1,1,0,1,1
25866793,,0,0.000005,137,0.000007,0,1,1,0,1,1
25849721,,0,0.000005,137,0.000007,0,1,1,0,1,1
25815846,,0,0.000005,137,0.000007,0,1,1,0,1,1
25740979,,0,0.000005,137,0.000007,0,1,1,0,1,1
25685551,,0,0.000005,137,0.000007,0,1,1,0,1,1
25681088,,0,0.000005,137,0.000007,0,1,1,0,1,1
25679763,,0,0.000005,137,0.000007,0,1,1,0,1,1
25664181,,0,0.000005,137,0.000007,0,1,1,0,1,1
25551156,,0,0.000005,137,0.000007,0,1,1,0,1,1
25527624,,0,0.000005,137,0.000007,0,1,1,0,1,1
25417601,,0,0.000005,137,0.000007,0,1,1,0,1,1
25333032,,0,0.000005,137,0.000007,0,1,1,0,1,1
25253174,,0,0.000005,137,0.000007,0,1,1,0,1,1
25120382,,0,0.000005,137,0.000007,0,1,1,0,1,1
24843770,,0,0.000005,137,0.000007,0,1,1,0,1,1
24774412,,0,0.000005,137,0.000007,0,1,1,0,1,1
24605899,,0,0.000005,137,0.000007,0,1,1,0,1,1
24577086,,0,0.000005,137,0.000007,0,1,1,0,1,1
24527460,,0,0.000005,137,0.000007,0,1,1,0,1,1
24527434,,0,0.000005,137,0.000007,0,1,1,0,1,1
24465604,,0,0.000005,137,0.000007,0,1,1,0,1,1
24403860,,0,0.000005,137,0.000007,0,1,1,0,1,1
24215316,,0,0.000005,137,0.000007,0,1,1,0,1,1
23999444,,0,0.000005,137,0.000007,0,1,1,0,1,1
23880059,,0,0.000005,137,0.000007,0,1,1,0,1,1
23664839,,0,0.000017,5,0.000007,0,2,2,0,2,2
23633525,,0,0.000005,137,0.000007,0,1,1,0,1,1
23587167,,0,0.000005,137,0.000007,0,1,1,0,1,1
23580787,,0,0.000005,137,0.000007,0,1,1,0,1,1
23518927,,0,0.000039,137,0.000007,0,2,2,0,2,2
22701483,,0,0.000005,137,0.000007,0,1,1,0,1,1
22689798,,0,0.000005,137,0.000007,0,1,1,0,1,1
22645311,,0,0.000005,137,0.000007,0,1,1,0,1,1
22589237,,0,0.000005,137,0.000007,0,1,1,0,1,1
22544077,,0,0.000005,137,0.000007,0,1,1,0,1,1
22392043,,0,0.000005,137,0.000007,0,1,1,0,1,1
22361631,,0,0.000005,137,0.000007,0,1,1,0,1,1
22249159,,0,0.000005,137,0.000007,0,1,1,0,1,1
21661378,,0.000164,0,69,0.000099,17,0,17,17,0,17
29433529,,0,0.000003,69,0.000007,0,1,1,0,1,1
29344201,,0,0.000003,69,0.000007,0,1,1,0,1,1
28233344,,0,0.000003,69,0.000007,0,1,1,0,1,1
26788201,,0,0.000003,69,0.000007,0,1,1,0,1,1
26648741,,0,0.000003,69,0.000007,0,1,1,0,1,1
26272389,,0,0.000003,69,0.000007,0,1,1,0,1,1
26207909,,0,0.000003,69,0.000007,0,1,1,0,1,1
25027076,,0,0.000003,69,0.000007,0,1,1,0,1,1
24764665,,0,0.000003,69,0.000007,0,1,1,0,1,1
24350285,,0,0.000003,69,0.000007,0,1,1,0,1,1
24294176,,0,0.000003,69,0.000007,0,1,1,0,1,1
23849048,,0,0.000003,69,0.000007,0,1,1,0,1,1
23166525,,0,0.000003,69,0.000007,0,1,1,0,1,1
22152132,,0,0.000003,69,0.000007,0,1,1,0,1,1
21665305,,0.000051,0,89,0.00001,1,0,1,1,0,1
23363784,,0,0.000082,100,0.000007,0,1,1,0,1,1
23187809,,0,0.000082,100,0.000007,0,1,1,0,1,1
23159854,,0,0.000082,100,0.000007,0,1,1,0,1,1
26965072,,0,0.00001,265,0.000007,0,1,1,0,1,1
21666725,,0.000535,0,265,0.000054,11,0,11,11,0,11
26762111,,0,0.00001,265,0.000007,0,1,1,0,1,1
24884523,,0,0.00001,265,0.000007,0,1,1,0,1,1
24674326,,0,0.00001,265,0.000007,0,1,1,0,1,1
22248056,,0,0.00001,265,0.000007,0,1,1,0,1,1
22248053,,0,0.00001,265,0.000007,0,1,1,0,1,1
21993297,,0,0.00001,265,0.000007,0,1,1,0,1,1
21667031,,0,0,241,0.000019,4,0,4,4,0,4
24044611,,0,0,241,0.000007,0,1,1,0,1,1
26762333,,0,0.000017,279,0.000007,0,1,1,0,1,1
26096932,,0,0.000017,279,0.000007,0,1,1,0,1,1
23547709,,0,0.000017,279,0.000007,0,1,1,0,1,1
29934325,,0,0.00003,232,0.000007,0,2,2,0,2,2
29123948,,0,0.000008,279,0.000007,0,1,1,0,1,1
29089052,,0,0.000008,279,0.000007,0,1,1,0,1,1
28404599,,0,0.000008,279,0.000007,0,1,1,0,1,1
27935410,,0,0.000008,279,0.000007,0,1,1,0,1,1
27742014,,0,0.000008,279,0.000007,0,1,1,0,1,1
27634040,,0,0.000008,279,0.000007,0,1,1,0,1,1
26713744,,0,0.000008,279,0.000007,0,1,1,0,1,1
25961932,,0,0.000008,279,0.000007,0,1,1,0,1,1
25961449,,0,0.000008,279,0.000007,0,1,1,0,1,1
24722278,,0,0.000008,279,0.000007,0,1,1,0,1,1
24498222,,0,0.000008,279,0.000007,0,1,1,0,1,1
24382386,,0,0.000008,279,0.000007,0,1,1,0,1,1
24205000,,0,0.000008,279,0.000007,0,1,1,0,1,1
23935537,,0,0.000008,279,0.000007,0,1,1,0,1,1
22841757,,0,0.000008,279,0.000007,0,1,1,0,1,1
22751502,,0,0.000008,279,0.000007,0,1,1,0,1,1
22695393,,0,0.000008,279,0.000007,0,1,1,0,1,1
21670604,,0.000004,0,35,0.000014,4,0,4,4,0,4
23591196,,0,0,35,0.000007,0,3,3,0,3,3
21670699,,0.003397,0,69,0.000019,23,0,23,23,0,23
29533773,,0,0.000015,48,0.000007,0,1,1,0,1,1
28180305,,0,0.000015,48,0.000007,0,1,1,0,1,1
27496804,,0,0.000015,48,0.000007,0,1,1,0,1,1
27246972,,0,0.000015,48,0.000007,0,1,1,0,1,1
26322309,,0,0.000015,48,0.000007,0,1,1,0,1,1
24959711,,0,0.000015,48,0.000007,0,1,1,0,1,1
23593430,,0,0.000015,48,0.000007,0,1,1,0,1,1
22096502,,0,0.000015,48,0.000007,0,1,1,0,1,1
29989027,,0,0.000019,140,0.000007,0,1,1,0,1,1
29954149,,0,0.000019,140,0.000007,0,1,1,0,1,1
29680930,,0,0.000019,140,0.000007,0,1,1,0,1,1
29652675,,0,0.000019,140,0.000007,0,1,1,0,1,1
28445521,,0,0.000019,140,0.000007,0,1,1,0,1,1
27976734,,0,0.000019,140,0.000007,0,1,1,0,1,1
26761715,,0.000391,0.00007,140,0.000114,30,2,32,30,2,32
30014466,,0,0.000001,5,0.000007,0,1,1,0,1,1
21677381,,0.000057,0,5,0.000033,5,0,5,5,0,5
24511119,,0,0.000001,5,0.000007,0,1,1,0,1,1
23533291,,0,0.000001,5,0.000007,0,1,1,0,1,1
23349806,,0,0.000001,5,0.000007,0,1,1,0,1,1
21679271,,0.000004,0,35,0.000009,1,0,1,1,0,1
21681553,,0.00032,0,5,0.000009,4,0,4,4,0,4
30309355,,0,0.000005,279,0.000007,0,1,1,0,1,1
30262996,,0,0.000006,279,0.000007,0,2,2,0,2,2
30197752,,0,0.000005,279,0.000007,0,1,1,0,1,1
30013629,,0,0.000005,279,0.000007,0,1,1,0,1,1
29879296,,0,0.00001,279,0.000007,0,3,3,0,3,3
29725501,,0,0.000005,279,0.000007,0,1,1,0,1,1
29700119,,0,0.000008,279,0.000007,0,2,2,0,2,2
29568399,,0,0.000029,72,0.000007,0,3,3,0,3,3
27156192,,0,0.000006,279,0.000007,0,2,2,0,2,2
26933806,,0,0.000029,100,0.000007,0,2,2,0,2,2
21684708,,0.000083,0,5,0.00001,5,0,5,5,0,5
27387666,,0,0.000007,100,0.000007,0,1,1,0,1,1
23937906,,0,0.000221,100,0.000007,0,2,2,0,2,2
29033584,,0,0,24,0.000007,0,2,2,0,2,2
26791256,,0,0,24,0.000007,0,2,2,0,2,2
24228120,,0,0,24,0.000007,0,1,1,0,1,1
29322115,,0,0.000001,5,0.000007,0,1,1,0,1,1
28331508,,0,0.00001,89,0.000007,0,2,2,0,2,2
26115846,,0,0.000032,5,0.000007,0,2,2,0,2,2
21691706,,0.001003,0,35,0.000011,8,0,8,8,0,8
21691939,,0.000855,0,5,0.000018,15,0,15,15,0,15
29852491,,0,0.000021,5,0.000007,0,4,4,0,4,4
28717230,,0,0.000015,100,0.000007,0,1,1,0,1,1
21698754,,0.000189,0,24,0.000014,4,0,4,4,0,4
21700680,,0.00127,0,100,0.000057,13,0,13,13,0,13
29434932,,0,0.000024,100,0.000007,0,1,1,0,1,1
27819326,,0,0.000024,100,0.000007,0,1,1,0,1,1
27571066,,0,0.000029,279,0.000007,0,2,2,0,2,2
25393982,,0,0.000024,100,0.000007,0,1,1,0,1,1
24366067,,0,0.000024,100,0.000007,0,1,1,0,1,1
23226098,,0,0.000024,100,0.000007,0,1,1,0,1,1
22824624,,0,0.000024,100,0.000007,0,1,1,0,1,1
30287851,,0,0.000042,100,0.000007,0,1,1,0,1,1
30276254,,0,0.000123,1,0.000007,0,3,3,0,3,3
30012957,,0,0.000042,100,0.000007,0,1,1,0,1,1
29648791,,0,0.000042,100,0.000007,0,1,1,0,1,1
29637811,,0,0.000751,100,0.000007,0,4,4,0,4,4
28245431,,0,0.000042,100,0.000007,0,1,1,0,1,1
27602048,,0,0.000063,100,0.000007,0,2,2,0,2,2
27397692,,0,0.000042,100,0.000007,0,1,1,0,1,1
27350809,,0,0.000042,100,0.000007,0,1,1,0,1,1
27147057,,0,0.000124,100,0.000007,0,3,3,0,3,3
27010504,,0,0.000042,100,0.000007,0,1,1,0,1,1
26385091,,0,0.000042,100,0.000007,0,1,1,0,1,1
25645467,,0,0.000042,100,0.000007,0,1,1,0,1,1
25645366,,0,0.00044,100,0.000007,0,2,2,0,2,2
24753406,,0,0.0001,57,0.000007,0,4,4,0,4,4
24153156,,0,0.000042,100,0.000007,0,1,1,0,1,1
23853504,,0,0.000042,100,0.000007,0,1,1,0,1,1
23708517,,0,0.00046,100,0.000007,0,3,3,0,3,3
23498943,,0,0.000042,100,0.000007,0,1,1,0,1,1
22795640,,0,0.000042,100,0.000007,0,1,1,0,1,1
22669459,,0,0.000042,100,0.000007,0,1,1,0,1,1
22337151,,0,0.000042,100,0.000007,0,1,1,0,1,1
22024931,,0,0.000042,100,0.000007,0,1,1,0,1,1
21701879,,0.00064,0,231,0.000015,10,0,10,10,0,10
29194365,,0,0.000004,279,0.000007,0,1,1,0,1,1
28955914,,0,0.000004,279,0.000007,0,1,1,0,1,1
28157696,,0,0.000004,279,0.000007,0,1,1,0,1,1
28081154,,0,0.000004,279,0.000007,0,1,1,0,1,1
28035959,,0,0.000004,279,0.000007,0,1,1,0,1,1
27164914,,0,0.000004,279,0.000007,0,1,1,0,1,1
26414509,,0,0.000004,279,0.000007,0,1,1,0,1,1
24608342,,0,0.000004,279,0.000007,0,1,1,0,1,1
24358870,,0,0.000004,279,0.000007,0,1,1,0,1,1
24243690,,0,0.000004,279,0.000007,0,1,1,0,1,1
23682782,,0,0.000004,279,0.000007,0,1,1,0,1,1
22654481,,0,0.000004,279,0.000007,0,1,1,0,1,1
29954437,,0,0.000953,1,0.000007,0,10,10,0,10,10
29285242,,0,0.001637,1,0.000007,0,6,6,0,6,6
29020632,,0,0.000496,1,0.000007,0,2,2,0,2,2
28982940,,0,0.000415,1,0.000007,0,1,1,0,1,1
28008934,,0,0.000731,1,0.000007,0,3,3,0,3,3
27701148,,0,0.001256,1,0.000007,0,3,3,0,3,3
27149165,,0,0.000415,1,0.000007,0,1,1,0,1,1
27050151,,0,0.000415,1,0.000007,0,1,1,0,1,1
26881434,,0,0.000415,1,0.000007,0,1,1,0,1,1
26034127,,0,0.000415,1,0.000007,0,1,1,0,1,1
25864384,,0,0.000415,1,0.000007,0,1,1,0,1,1
25733019,,0,0.000415,1,0.000007,0,1,1,0,1,1
25633797,,0,0.000538,1,0.000007,0,2,2,0,2,2
24018379,,0,0.000415,1,0.000007,0,1,1,0,1,1
22795803,,0,0.000415,1,0.000007,0,1,1,0,1,1
22223105,,0,0.000415,1,0.000007,0,1,1,0,1,1
21945517,,0,0.000415,1,0.000007,0,1,1,0,1,1
21706479,,0.004142,0,1,0.000049,13,0,13,13,0,13
26096930,,0,0.000079,24,0.000007,0,2,2,0,2,2
24123619,,0,0.000079,1,0.000007,0,1,1,0,1,1
23254292,,0,0.000079,1,0.000007,0,1,1,0,1,1
30100999,,0,0.00002,82,0.000007,0,2,2,0,2,2
27036951,,0,0.000016,35,0.000007,0,2,2,0,2,2
21708517,,0.00102,0,184,0.000008,3,0,3,3,0,3
28415743,,0,0.000012,231,0.000007,0,1,1,0,1,1
26496499,,0,0.000012,231,0.000007,0,1,1,0,1,1
26035313,,0,0.000012,231,0.000007,0,1,1,0,1,1
26008967,,0,0.000012,231,0.000007,0,1,1,0,1,1
30061175,,0,0.001037,1,0.000007,0,1,1,0,1,1
29763622,,0,0.002207,1,0.000007,0,3,3,0,3,3
29093439,,0,0.002331,1,0.000007,0,3,3,0,3,3
28938635,,0,0.001077,205,0.000007,0,3,3,0,3,3
28921800,,0,0.0012,1,0.000007,0,3,3,0,3,3
26645892,,0,0.001037,1,0.000007,0,1,1,0,1,1
25928070,,0,0.001409,69,0.000007,0,2,2,0,2,2
24154874,,0,0.009332,1,0.000007,0,4,4,0,4,4
22317975,,0,0.000001,5,0.000007,0,1,1,0,1,1
29985128,,0,0.000076,1,0.000007,0,1,1,0,1,1
21715099,,0.003959,0,1,0.000048,17,0,17,17,0,17
24130504,,0,0.00016,1,0.000007,0,2,2,0,2,2
27256430,,0,0.000039,5,0.000007,0,1,1,0,1,1
24725756,,0,0.000058,5,0.000007,0,2,2,0,2,2
24504939,,0,0.00006,140,0.000007,0,2,2,0,2,2
28989247,,0,0.000095,1,0.000007,0,1,1,0,1,1
25705225,,0,0.000095,1,0.000007,0,1,1,0,1,1
25423885,,0,0.000095,1,0.000007,0,1,1,0,1,1
24259968,,0,0.000095,1,0.000007,0,1,1,0,1,1
23869254,,0,0.000095,1,0.000007,0,1,1,0,1,1
23642906,,0,0.000095,1,0.000007,0,1,1,0,1,1
30464498,,0,0.007436,69,0.000007,0,1,1,0,1,1
30422115,,0,0.007753,69,0.000007,0,2,2,0,2,2
30416686,,0,0.007487,69,0.000007,0,4,4,0,4,4
30412857,,0,0.008302,69,0.000007,0,3,3,0,3,3
30383866,,0,0.008168,69,0.000007,0,2,2,0,2,2
30375371,,0,0.007436,69,0.000007,0,1,1,0,1,1
30348959,,0,0.007452,69,0.000007,0,2,2,0,2,2
30338611,,0,0.007436,69,0.000007,0,1,1,0,1,1
30333487,,0,0.007436,69,0.000007,0,1,1,0,1,1
30305911,,0,0.007443,72,0.000007,0,2,2,0,2,2
30302867,,0,0.007436,69,0.000007,0,1,1,0,1,1
30297789,,0,0.008508,69,0.000007,0,3,3,0,3,3
30262850,,0,0.007436,69,0.000007,0,1,1,0,1,1
30261690,,0,0.007749,1,0.000007,0,4,4,0,4,4
30237504,,0,0.007436,69,0.000007,0,1,1,0,1,1
30231564,,0,0.011852,1,0.000007,0,7,7,0,7,7
30228934,,0,0.007436,69,0.000007,0,1,1,0,1,1
30216380,,0,0.007436,69,0.000007,0,1,1,0,1,1
30196236,,0,0.007436,69,0.000007,0,1,1,0,1,1
30182054,,0,0.007436,69,0.000007,0,1,1,0,1,1
30181917,,0,0.007439,69,0.000007,0,2,2,0,2,2
30181294,,0,0.007436,69,0.000007,0,1,1,0,1,1
30176911,,0,0.007436,69,0.000007,0,1,1,0,1,1
30154548,,0,0.007436,69,0.000007,0,1,1,0,1,1
30142790,,0,0.007436,69,0.000007,0,1,1,0,1,1
30131853,,0,0.007747,100,0.000007,0,3,3,0,3,3
30127274,,0,0.007436,69,0.000007,0,1,1,0,1,1
30093685,,0,0.007436,69,0.000007,0,1,1,0,1,1
30087267,,0,0.007594,69,0.000007,0,2,2,0,2,2
30084834,,0,0.007758,69,0.000007,0,2,2,0,2,2
30083023,,0,0.007436,69,0.000007,0,1,1,0,1,1
30061485,,0,0.007498,69,0.000007,0,4,4,0,4,4
30052649,,0,0.007436,69,0.000007,0,1,1,0,1,1
30051594,,0,0.007758,69,0.000007,0,2,2,0,2,2
30050594,,0,0.007436,69,0.000007,0,1,1,0,1,1
30050129,,0,0.007436,69,0.000007,0,1,1,0,1,1
30045908,,0,0.007436,69,0.000007,0,1,1,0,1,1
30038317,,0,0.007506,69,0.000007,0,3,3,0,3,3
30016392,,0,0.007436,69,0.000007,0,1,1,0,1,1
30001835,,0,0.007616,69,0.000007,0,3,3,0,3,3
29996888,,0,0.007928,69,0.000007,0,3,3,0,3,3
29988723,,0,0.007436,69,0.000007,0,1,1,0,1,1
29971090,,0,0.007436,69,0.000007,0,1,1,0,1,1
29969986,,0,0.007447,69,0.000007,0,2,2,0,2,2
29963073,,0,0.007439,279,0.000007,0,2,2,0,2,2
29946544,,0,0.007436,69,0.000007,0,1,1,0,1,1
29929545,,0,0.007436,69,0.000007,0,1,1,0,1,1
29927933,,0,0.007452,69,0.000007,0,2,2,0,2,2
29901154,,0,0.007436,69,0.000007,0,1,1,0,1,1
29899543,,0,0.007436,69,0.000007,0,1,1,0,1,1
29899393,,0,0.007784,69,0.000007,0,3,3,0,3,3
29897425,,0,0.007436,69,0.000007,0,1,1,0,1,1
29895694,,0,0.007436,69,0.000007,0,1,1,0,1,1
29880787,,0,0.007436,69,0.000007,0,1,1,0,1,1
29872707,,0,0.007723,69,0.000007,0,2,2,0,2,2
29853601,,0,0.007657,1,0.000007,0,3,3,0,3,3
29850653,,0,0.007436,69,0.000007,0,1,1,0,1,1
29795571,,0,0.007436,69,0.000007,0,1,1,0,1,1
29793804,,0,0.007468,69,0.000007,0,2,2,0,2,2
29780774,,0,0.007436,69,0.000007,0,1,1,0,1,1
29773902,,0,0.007758,69,0.000007,0,2,2,0,2,2
29765148,,0,0.007436,69,0.000007,0,1,1,0,1,1
29760516,,0,0.007436,69,0.000007,0,1,1,0,1,1
29760377,,0,0.008418,1,0.000007,0,4,4,0,4,4
29749503,,0,0.008094,69,0.000007,0,3,3,0,3,3
29716620,,0,0.007436,69,0.000007,0,1,1,0,1,1
29706454,,0,0.007436,69,0.000007,0,1,1,0,1,1
29703902,,0,0.007436,69,0.000007,0,1,1,0,1,1
29700304,,0,0.007436,69,0.000007,0,1,1,0,1,1
29688383,,0,0.007436,69,0.000007,0,1,1,0,1,1
29685880,,0,0.007468,69,0.000007,0,3,3,0,3,3
29684207,,0,0.007591,90,0.000007,0,4,4,0,4,4
29671397,,0,0.007436,69,0.000007,0,1,1,0,1,1
29664143,,0,0.007436,69,0.000007,0,1,1,0,1,1
29637793,,0,0.007436,69,0.000007,0,1,1,0,1,1
29633253,,0,0.008168,69,0.000007,0,2,2,0,2,2
29628467,,0,0.00748,231,0.000007,0,2,2,0,2,2
29628290,,0,0.007443,69,0.000007,0,2,2,0,2,2
29625055,,0,0.007436,69,0.000007,0,1,1,0,1,1
29625048,,0,0.007443,69,0.000007,0,2,2,0,2,2
29623421,,0,0.007456,69,0.000007,0,2,2,0,2,2
29622466,,0,0.007477,69,0.000007,0,2,2,0,2,2
29622464,,0,0.007549,69,0.000007,0,2,2,0,2,2
29620581,,0,0.007436,69,0.000007,0,1,1,0,1,1
29617659,,0,0.007436,69,0.000007,0,1,1,0,1,1
29599910,,0,0.007517,69,0.000007,0,7,7,0,7,7
29589561,,0,0.007436,69,0.000007,0,1,1,0,1,1
29584920,,0,0.009721,1,0.000007,0,8,8,0,8,8
29548784,,0,0.007436,69,0.000007,0,1,1,0,1,1
29548303,,0,0.007472,69,0.000007,0,2,2,0,2,2
29524322,,0,0.007436,69,0.000007,0,1,1,0,1,1
29515689,,0,0.007467,205,0.000007,0,2,2,0,2,2
29479082,,0,0.007436,69,0.000007,0,1,1,0,1,1
29462149,,0,0.007723,69,0.000007,0,2,2,0,2,2
29440484,,0,0.007436,69,0.000007,0,1,1,0,1,1
29440175,,0,0.007436,69,0.000007,0,1,1,0,1,1
29438696,,0,0.007436,69,0.000007,0,1,1,0,1,1
29435137,,0,0.008168,69,0.000007,0,2,2,0,2,2
29434898,,0,0.007436,69,0.000007,0,1,1,0,1,1
29434467,,0,0.010361,1,0.000007,0,6,6,0,6,6
29433427,,0,0.007436,69,0.000007,0,1,1,0,1,1
29423077,,0,0.007436,69,0.000007,0,1,1,0,1,1
29422776,,0,0.007436,69,0.000007,0,1,1,0,1,1
29416878,,0,0.007436,69,0.000007,0,1,1,0,1,1
29416824,,0,0.007436,69,0.000007,0,1,1,0,1,1
29416679,,0,0.007436,69,0.000007,0,1,1,0,1,1
29393731,,0,0.007579,69,0.000007,0,4,4,0,4,4
29383036,,0,0.007436,69,0.000007,0,1,1,0,1,1
29382369,,0,0.007506,35,0.000007,0,2,2,0,2,2
29376131,,0,0.007436,69,0.000007,0,1,1,0,1,1
29371993,,0,0.007436,69,0.000007,0,1,1,0,1,1
29358619,,0,0.007436,69,0.000007,0,1,1,0,1,1
29354116,,0,0.007436,69,0.000007,0,1,1,0,1,1
29351920,,0,0.008168,69,0.000007,0,2,2,0,2,2
29324546,,0,0.008193,69,0.000007,0,3,3,0,3,3
29321820,,0,0.007436,69,0.000007,0,1,1,0,1,1
29321816,,0,0.007436,69,0.000007,0,1,1,0,1,1
29301960,,0,0.007436,69,0.000007,0,1,1,0,1,1
29296220,,0,0.007524,69,0.000007,0,3,3,0,3,3
29296209,,0,0.007758,69,0.000007,0,2,2,0,2,2
29285388,,0,0.01068,1,0.000007,0,6,6,0,6,6
29266765,,0,0.007723,69,0.000007,0,2,2,0,2,2
29244808,,0,0.007436,69,0.000007,0,1,1,0,1,1
29221157,,0,0.007436,69,0.000007,0,1,1,0,1,1
29218871,,0,0.007758,69,0.000007,0,2,2,0,2,2
29216340,,0,0.007439,279,0.000007,0,2,2,0,2,2
29210986,,0,0.007442,100,0.000007,0,2,2,0,2,2
29198524,,0,0.007436,69,0.000007,0,1,1,0,1,1
29196464,,0,0.00818,69,0.000007,0,3,3,0,3,3
29195926,,0,0.007602,1,0.000007,0,3,3,0,3,3
29186515,,0,0.007436,69,0.000007,0,1,1,0,1,1
29184441,,0,0.007436,69,0.000007,0,1,1,0,1,1
29183400,,0,0.007436,69,0.000007,0,1,1,0,1,1
29180611,,0,0.009134,1,0.000007,0,5,5,0,5,5
29174566,,0,0.009314,1,0.000007,0,6,6,0,6,6
29162841,,0,0.007436,69,0.000007,0,1,1,0,1,1
29152081,,0,0.007436,69,0.000007,0,1,1,0,1,1
29150601,,0,0.007436,69,0.000007,0,1,1,0,1,1
29141914,,0,0.007436,69,0.000007,0,1,1,0,1,1
29126163,,0,0.007436,69,0.000007,0,1,1,0,1,1
29114401,,0,0.007436,69,0.000007,0,1,1,0,1,1
29113276,,0,0.007583,69,0.000007,0,5,5,0,5,5
29109301,,0,0.007487,205,0.000007,0,3,3,0,3,3
29104488,,0,0.007436,69,0.000007,0,1,1,0,1,1
29100075,,0,0.007436,69,0.000007,0,1,1,0,1,1
29093603,,0,0.007476,69,0.000007,0,2,2,0,2,2
29091960,,0,0.007436,69,0.000007,0,1,1,0,1,1
29066617,,0,0.007436,69,0.000007,0,1,1,0,1,1
29062170,,0,0.007436,69,0.000007,0,1,1,0,1,1
29059010,,0,0.007445,69,0.000007,0,2,2,0,2,2
29032074,,0,0.007436,69,0.000007,0,1,1,0,1,1
29020960,,0,0.007551,69,0.000007,0,2,2,0,2,2
28991261,,0,0.007436,69,0.000007,0,1,1,0,1,1
28984201,,0,0.007758,69,0.000007,0,2,2,0,2,2
28983483,,0,0.007436,69,0.000007,0,1,1,0,1,1
28981122,,0,0.007436,69,0.000007,0,1,1,0,1,1
28979802,,0,0.007542,72,0.000007,0,4,4,0,4,4
28969028,,0,0.007436,69,0.000007,0,1,1,0,1,1
28967908,,0,0.007436,69,0.000007,0,1,1,0,1,1
28950307,,0,0.007481,1,0.000007,0,2,2,0,2,2
28938536,,0,0.007723,69,0.000007,0,2,2,0,2,2
28927026,,0,0.007436,69,0.000007,0,1,1,0,1,1
28898201,,0,0.008237,1,0.000007,0,4,4,0,4,4
28893231,,0,0.008168,69,0.000007,0,2,2,0,2,2
28892043,,0,0.007436,69,0.000007,0,1,1,0,1,1
28884012,,0,0.007436,69,0.000007,0,1,1,0,1,1
28871116,,0,0.007436,69,0.000007,0,1,1,0,1,1
28866885,,0,0.009481,1,0.000007,0,8,8,0,8,8
28854921,,0,0.007436,69,0.000007,0,1,1,0,1,1
28852147,,0,0.007436,69,0.000007,0,1,1,0,1,1
28851311,,0,0.009592,1,0.000007,0,5,5,0,5,5
28848618,,0,0.007436,69,0.000007,0,1,1,0,1,1
28848242,,0,0.007622,1,0.000007,0,4,4,0,4,4
28842505,,0,0.007436,69,0.000007,0,1,1,0,1,1
28841418,,0,0.008171,66,0.000007,0,3,3,0,3,3
28838952,,0,0.007436,69,0.000007,0,1,1,0,1,1
28835735,,0,0.007436,69,0.000007,0,1,1,0,1,1
28811376,,0,0.007436,69,0.000007,0,1,1,0,1,1
28798885,,0,0.007436,69,0.000007,0,1,1,0,1,1
28778953,,0,0.009809,1,0.000007,0,4,4,0,4,4
28769043,,0,0.008168,69,0.000007,0,2,2,0,2,2
28768687,,0,0.008529,69,0.000007,0,4,4,0,4,4
28765560,,0,0.007436,69,0.000007,0,1,1,0,1,1
28762650,,0,0.007565,69,0.000007,0,3,3,0,3,3
28749468,,0,0.007436,69,0.000007,0,1,1,0,1,1
28747339,,0,0.007436,69,0.000007,0,1,1,0,1,1
28744021,,0,0.007436,69,0.000007,0,1,1,0,1,1
28736741,,0,0.008235,1,0.000007,0,4,4,0,4,4
28729955,,0,0.007436,69,0.000007,0,1,1,0,1,1
28728166,,0,0.007436,69,0.000007,0,1,1,0,1,1
28710496,,0,0.007458,69,0.000007,0,2,2,0,2,2
28708071,,0,0.007436,69,0.000007,0,1,1,0,1,1
28707979,,0,0.007436,69,0.000007,0,1,1,0,1,1
28698296,,0,0.007747,69,0.000007,0,2,2,0,2,2
28691013,,0,0.007758,69,0.000007,0,2,2,0,2,2
28665395,,0,0.007436,69,0.000007,0,1,1,0,1,1
28650955,,0,0.007529,69,0.000007,0,2,2,0,2,2
28648284,,0,0.007436,69,0.000007,0,1,1,0,1,1
28642588,,0,0.007441,265,0.000007,0,2,2,0,2,2
28641043,,0,0.007758,69,0.000007,0,2,2,0,2,2
28617578,,0,0.007436,69,0.000007,0,1,1,0,1,1
28615526,,0,0.007983,69,0.000007,0,4,4,0,4,4
28594898,,0,0.007467,1,0.000007,0,3,3,0,3,3
28587062,,0,0.007436,69,0.000007,0,1,1,0,1,1
28579319,,0,0.007436,69,0.000007,0,1,1,0,1,1
28578276,,0,0.007439,35,0.000007,0,2,2,0,2,2
28562334,,0,0.007758,69,0.000007,0,2,2,0,2,2
28560097,,0,0.007436,69,0.000007,0,1,1,0,1,1
28558767,,0,0.007546,69,0.000007,0,2,2,0,2,2
28554551,,0,0.007436,69,0.000007,0,1,1,0,1,1
28552950,,0,0.007501,35,0.000007,0,2,2,0,2,2
28520777,,0,0.007436,69,0.000007,0,1,1,0,1,1
28514312,,0,0.007495,69,0.000007,0,2,2,0,2,2
28498842,,0,0.007436,69,0.000007,0,1,1,0,1,1
28498246,,0,0.007436,69,0.000007,0,1,1,0,1,1
28491011,,0,0.007436,69,0.000007,0,1,1,0,1,1
28489927,,0,0.007436,69,0.000007,0,1,1,0,1,1
28469391,,0,0.007436,69,0.000007,0,1,1,0,1,1
28459819,,0,0.007436,69,0.000007,0,1,1,0,1,1
28439015,,0,0.007436,69,0.000007,0,1,1,0,1,1
28435450,,0,0.007453,265,0.000007,0,2,2,0,2,2
28433771,,0,0.007436,69,0.000007,0,1,1,0,1,1
28423358,,0,0.008168,69,0.000007,0,2,2,0,2,2
28415609,,0,0.007723,69,0.000007,0,2,2,0,2,2
28412735,,0,0.008168,69,0.000007,0,2,2,0,2,2
28392124,,0,0.007436,69,0.000007,0,1,1,0,1,1
28389666,,0,0.007436,69,0.000007,0,1,1,0,1,1
28367061,,0,0.007436,69,0.000007,0,1,1,0,1,1
28361684,,0,0.007436,69,0.000007,0,1,1,0,1,1
28359308,,0,0.007436,69,0.000007,0,1,1,0,1,1
28359078,,0,0.008721,69,0.000007,0,3,3,0,3,3
28356928,,0.000002,0.007473,69,0.00001,1,2,3,1,2,3
28355574,,0,0.007436,69,0.000007,0,1,1,0,1,1
28350786,,0,0.007446,168,0.000007,0,2,2,0,2,2
28346042,,0,0.007436,69,0.000007,0,1,1,0,1,1
28345024,,0,0.007436,69,0.000007,0,1,1,0,1,1
28334343,,0,0.007436,69,0.000007,0,1,1,0,1,1
28332630,,0,0.007436,69,0.000007,0,1,1,0,1,1
28320418,,0,0.008535,69,0.000007,0,10,10,0,10,10
28292439,,0,0.007448,69,0.000007,0,2,2,0,2,2
28292312,,0,0.007436,69,0.000007,0,1,1,0,1,1
28288142,,0,0.007436,69,0.000007,0,1,1,0,1,1
28283672,,0,0.007436,69,0.000007,0,1,1,0,1,1
28280730,,0,0.007436,69,0.000007,0,1,1,0,1,1
28278071,,0,0.007436,69,0.000007,0,1,1,0,1,1
28275576,,0,0.008581,69,0.000007,0,5,5,0,5,5
28255243,,0,0.007436,69,0.000007,0,1,1,0,1,1
28239216,,0,0.007436,69,0.000007,0,1,1,0,1,1
28234008,,0,0.007436,69,0.000007,0,1,1,0,1,1
28232483,,0,0.007436,69,0.000007,0,1,1,0,1,1
28223716,,0,0.007758,69,0.000007,0,2,2,0,2,2
28209595,,0,0.007622,69,0.000007,0,4,4,0,4,4
28206648,,0,0.007436,69,0.000007,0,1,1,0,1,1
28203520,,0,0.007436,69,0.000007,0,1,1,0,1,1
28202506,,0,0.007436,69,0.000007,0,1,1,0,1,1
28199976,,0,0.007436,69,0.000007,0,1,1,0,1,1
28198375,,0,0.008176,69,0.000007,0,3,3,0,3,3
28187738,,0,0.007436,69,0.000007,0,1,1,0,1,1
28179987,,0,0.007436,69,0.000007,0,1,1,0,1,1
28179590,,0,0.007436,69,0.000007,0,1,1,0,1,1
28178664,,0,0.007436,69,0.000007,0,1,1,0,1,1
28169314,,0,0.007436,69,0.000007,0,1,1,0,1,1
28159814,,0,0.007436,69,0.000007,0,1,1,0,1,1
28154416,,0,0.007793,1,0.000007,0,4,4,0,4,4
28148293,,0,0.007476,1,0.000007,0,3,3,0,3,3
28146434,,0,0.007436,69,0.000007,0,1,1,0,1,1
28142321,,0,0.007436,69,0.000007,0,1,1,0,1,1
28139702,,0,0.008416,69,0.000007,0,3,3,0,3,3
28138309,,0,0.007436,69,0.000007,0,1,1,0,1,1
28137908,,0,0.007436,69,0.000007,0,1,1,0,1,1
28123896,,0,0.007436,69,0.000007,0,1,1,0,1,1
28123539,,0,0.007439,69,0.000007,0,2,2,0,2,2
28122348,,0,0.007654,69,0.000007,0,2,2,0,2,2
28112728,,0,0.007723,69,0.000007,0,2,2,0,2,2
28111004,,0,0.00849,69,0.000007,0,3,3,0,3,3
28105908,,0,0.007436,69,0.000007,0,1,1,0,1,1
28105451,,0,0.007436,69,0.000007,0,1,1,0,1,1
28103826,,0,0.007436,69,0.000007,0,1,1,0,1,1
28100625,,0,0.007436,69,0.000007,0,1,1,0,1,1
28073171,,0,0.007436,69,0.000007,0,1,1,0,1,1
28070226,,0,0.007436,69,0.000007,0,1,1,0,1,1
28067895,,0,0.007436,69,0.000007,0,1,1,0,1,1
28061464,,0,0.007436,69,0.000007,0,1,1,0,1,1
28056026,,0,0.007436,69,0.000007,0,1,1,0,1,1
28055897,,0,0.007436,69,0.000007,0,1,1,0,1,1
28053089,,0,0.007436,69,0.000007,0,1,1,0,1,1
28040685,,0,0.007436,69,0.000007,0,1,1,0,1,1
28039463,,0,0.007436,69,0.000007,0,1,1,0,1,1
28038466,,0,0.007594,69,0.000007,0,2,2,0,2,2
28008168,,0,0.007436,69,0.000007,0,1,1,0,1,1
27999736,,0,0.007436,69,0.000007,0,1,1,0,1,1
27997533,,0,0.007456,69,0.000007,0,2,2,0,2,2
27982081,,0,0.007436,69,0.000007,0,1,1,0,1,1
27959635,,0,0.007436,69,0.000007,0,1,1,0,1,1
27956521,,0,0.007436,69,0.000007,0,1,1,0,1,1
27918551,,0,0.007436,69,0.000007,0,1,1,0,1,1
27908398,,0,0.007436,69,0.000007,0,1,1,0,1,1
27906134,,0,0.007436,69,0.000007,0,1,1,0,1,1
27904752,,0,0.008485,1,0.000007,0,5,5,0,5,5
27901492,,0,0.007436,69,0.000007,0,1,1,0,1,1
27900369,,0,0.007705,1,0.000007,0,3,3,0,3,3
27896993,,0,0.007436,69,0.000007,0,1,1,0,1,1
27892920,,0,0.007439,69,0.000007,0,2,2,0,2,2
27892457,,0,0.008168,69,0.000007,0,2,2,0,2,2
27875985,,0,0.007436,69,0.000007,0,1,1,0,1,1
27852253,,0,0.007436,69,0.000007,0,1,1,0,1,1
27849011,,0,0.007472,35,0.000007,0,3,3,0,3,3
27836980,,0,0.007436,69,0.000007,0,1,1,0,1,1
27835572,,0,0.007436,69,0.000007,0,1,1,0,1,1
27833898,,0,0.007758,69,0.000007,0,2,2,0,2,2
27833130,,0,0.008168,69,0.000007,0,2,2,0,2,2
27822512,,0,0.007436,69,0.000007,0,1,1,0,1,1
27821806,,0,0.007436,69,0.000007,0,1,1,0,1,1
27819677,,0,0.007436,69,0.000007,0,1,1,0,1,1
27819294,,0,0.007457,69,0.000007,0,2,2,0,2,2
27809878,,0,0.007436,69,0.000007,0,1,1,0,1,1
27801298,,0,0.007436,69,0.000007,0,1,1,0,1,1
27798635,,0,0.007436,69,0.000007,0,1,1,0,1,1
27791010,,0,0.007436,69,0.000007,0,1,1,0,1,1
27788220,,0,0.007436,69,0.000007,0,1,1,0,1,1
27788148,,0.000143,0.008612,69,0.000009,1,2,3,1,2,3
27777471,,0,0.007436,69,0.000007,0,1,1,0,1,1
27768182,,0.00017,0.009003,205,0.000041,13,10,23,13,10,23
27766744,,0,0.007436,69,0.000007,0,1,1,0,1,1
27765068,,0,0.008285,69,0.000007,0,4,4,0,4,4
27765019,,0,0.007436,69,0.000007,0,1,1,0,1,1
27734929,,0,0.007436,69,0.000007,0,1,1,0,1,1
27729437,,0,0.007758,69,0.000007,0,2,2,0,2,2
27720231,,0,0.007436,69,0.000007,0,1,1,0,1,1
27698843,,0,0.007436,69,0.000007,0,1,1,0,1,1
27697594,,0,0.007436,69,0.000007,0,1,1,0,1,1
27680505,,0,0.007436,69,0.000007,0,1,1,0,1,1
27677586,,0,0.008168,69,0.000007,0,2,2,0,2,2
27669434,,0,0.007436,69,0.000007,0,1,1,0,1,1
27667176,,0,0.007436,69,0.000007,0,1,1,0,1,1
27665539,,0,0.007758,69,0.000007,0,2,2,0,2,2
27661117,,0,0.007436,69,0.000007,0,1,1,0,1,1
27659538,,0,0.007436,69,0.000007,0,1,1,0,1,1
27659536,,0,0.008173,69,0.000007,0,3,3,0,3,3
27655714,,0,0.007436,69,0.000007,0,1,1,0,1,1
27655640,,0,0.008227,69,0.000007,0,3,3,0,3,3
27617642,,0,0.007436,69,0.000007,0,1,1,0,1,1
27617576,,0,0.007436,69,0.000007,0,1,1,0,1,1
27611952,,0,0.007436,69,0.000007,0,1,1,0,1,1
27593933,,0,0.007436,69,0.000007,0,1,1,0,1,1
27582547,,0,0.00829,69,0.000007,0,3,3,0,3,3
27570657,,0.000245,0.008286,1,0.000009,1,6,7,1,6,7
27569584,,0,0.007436,69,0.000007,0,1,1,0,1,1
27559151,,0,0.007448,1,0.000007,0,2,2,0,2,2
27558279,,0,0.007436,69,0.000007,0,1,1,0,1,1
27558154,,0,0.007558,69,0.000007,0,2,2,0,2,2
27536319,,0,0.007436,69,0.000007,0,1,1,0,1,1
27530686,,0,0.007436,69,0.000007,0,1,1,0,1,1
27527602,,0,0.007597,69,0.000007,0,2,2,0,2,2
27509055,,0,0.008168,69,0.000007,0,2,2,0,2,2
27499925,,0,0.007436,69,0.000007,0,1,1,0,1,1
27489349,,0,0.007436,69,0.000007,0,1,1,0,1,1
27485054,,0,0.007965,1,0.000007,0,3,3,0,3,3
27478503,,0,0.007436,69,0.000007,0,1,1,0,1,1
27458529,,0,0.007439,279,0.000007,0,2,2,0,2,2
27453446,,0,0.008447,69,0.000007,0,3,3,0,3,3
27452673,,0,0.007436,69,0.000007,0,1,1,0,1,1
27444372,,0,0.007451,69,0.000007,0,2,2,0,2,2
27422332,,0,0.007436,69,0.000007,0,1,1,0,1,1
27388124,,0,0.007436,69,0.000007,0,1,1,0,1,1
27381624,,0,0.007436,69,0.000007,0,1,1,0,1,1
27374141,,0,0.007436,69,0.000007,0,1,1,0,1,1
27358048,,0,0.007436,69,0.000007,0,1,1,0,1,1
27353327,,0,0.007436,69,0.000007,0,1,1,0,1,1
27343009,,0,0.009512,69,0.000007,0,3,3,0,3,3
27339942,,0,0.007436,69,0.000007,0,1,1,0,1,1
27329033,,0,0.007436,69,0.000007,0,1,1,0,1,1
27326311,,0,0.007436,69,0.000007,0,1,1,0,1,1
27325851,,0,0.007436,69,0.000007,0,1,1,0,1,1
27323405,,0,0.008168,69,0.000007,0,2,2,0,2,2
27322684,,0,0.008168,69,0.000007,0,2,2,0,2,2
27313331,,0,0.007436,69,0.000007,0,1,1,0,1,1
27308478,,0,0.007436,69,0.000007,0,1,1,0,1,1
27282150,,0,0.007436,69,0.000007,0,1,1,0,1,1
27275818,,0,0.007436,69,0.000007,0,1,1,0,1,1
27270322,,0,0.007436,69,0.000007,0,1,1,0,1,1
27253518,,0,0.007436,69,0.000007,0,1,1,0,1,1
27253175,,0,0.00788,69,0.000007,0,3,3,0,3,3
27239958,,0,0.00849,69,0.000007,0,3,3,0,3,3
27235858,,0,0.007481,69,0.000007,0,2,2,0,2,2
27231557,,0,0.007436,69,0.000007,0,1,1,0,1,1
27231484,,0,0.007501,69,0.000007,0,2,2,0,2,2
27231203,,0,0.007436,69,0.000007,0,1,1,0,1,1
27230211,,0,0.007654,69,0.000007,0,2,2,0,2,2
27225414,,0,0.007505,69,0.000007,0,2,2,0,2,2
27215396,,0,0.007758,69,0.000007,0,2,2,0,2,2
27200294,,0,0.011173,1,0.000007,0,7,7,0,7,7
27197945,,0,0.007436,69,0.000007,0,1,1,0,1,1
27170665,,0,0.007436,69,0.000007,0,1,1,0,1,1
27167110,,0,0.007436,69,0.000007,0,1,1,0,1,1
27159635,,0,0.007747,69,0.000007,0,2,2,0,2,2
27157619,,0,0.007436,69,0.000007,0,1,1,0,1,1
27156852,,0,0.007436,69,0.000007,0,1,1,0,1,1
27147568,,0,0.007436,69,0.000007,0,1,1,0,1,1
27147567,,0,0.011873,1,0.000007,0,4,4,0,4,4
27147225,,0,0.007436,69,0.000007,0,1,1,0,1,1
27141069,,0,0.007436,69,0.000007,0,1,1,0,1,1
27129169,,0,0.007436,69,0.000007,0,1,1,0,1,1
27129161,,0,0.007436,69,0.000007,0,1,1,0,1,1
27121307,,0,0.007436,69,0.000007,0,1,1,0,1,1
27119108,,0,0.007436,69,0.000007,0,1,1,0,1,1
27114889,,0,0.007436,69,0.000007,0,1,1,0,1,1
27105520,,0,0.007436,69,0.000007,0,1,1,0,1,1
27103885,,0,0.007436,69,0.000007,0,1,1,0,1,1
27102436,,0,0.007436,69,0.000007,0,1,1,0,1,1
27098033,,0,0.007436,69,0.000007,0,1,1,0,1,1
27096160,,0,0.007436,69,0.000007,0,1,1,0,1,1
27081328,,0,0.007511,1,0.000007,0,2,2,0,2,2
27081306,,0,0.007436,69,0.000007,0,1,1,0,1,1
27071721,,0,0.007542,69,0.000007,0,2,2,0,2,2
27065332,,0,0.007436,69,0.000007,0,1,1,0,1,1
27060149,,0,0.00956,69,0.000007,0,3,3,0,3,3
27053923,,0,0.007436,69,0.000007,0,1,1,0,1,1
27052356,,0,0.007436,69,0.000007,0,1,1,0,1,1
27048884,,0,0.007436,69,0.000007,0,1,1,0,1,1
27047702,,0,0.007436,69,0.000007,0,1,1,0,1,1
27041570,,0,0.007441,265,0.000007,0,2,2,0,2,2
27035433,,0,0.007436,69,0.000007,0,1,1,0,1,1
27034613,,0,0.008169,69,0.000007,0,3,3,0,3,3
27027433,,0,0.008278,69,0.000007,0,3,3,0,3,3
27026228,,0,0.007436,69,0.000007,0,1,1,0,1,1
27016308,,0,0.007436,69,0.000007,0,1,1,0,1,1
27016234,,0,0.007758,69,0.000007,0,2,2,0,2,2
27009938,,0,0.007436,69,0.000007,0,1,1,0,1,1
26992233,,0,0.007455,69,0.000007,0,2,2,0,2,2
26986515,,0,0.007436,69,0.000007,0,1,1,0,1,1
26974996,,0,0.007436,69,0.000007,0,1,1,0,1,1
26973247,,0,0.007436,69,0.000007,0,1,1,0,1,1
26968641,,0,0.007774,69,0.000007,0,3,3,0,3,3
26964623,,0,0.007973,69,0.000007,0,5,5,0,5,5
26959121,,0,0.007517,69,0.000007,0,3,3,0,3,3
26949157,,0,0.007436,69,0.000007,0,1,1,0,1,1
26943585,,0,0.007436,69,0.000007,0,1,1,0,1,1
26942886,,0,0.007617,69,0.000007,0,2,2,0,2,2
26937756,,0,0.007436,69,0.000007,0,1,1,0,1,1
26936395,,0,0.007807,69,0.000007,0,2,2,0,2,2
26918345,,0,0.007436,69,0.000007,0,1,1,0,1,1
26908019,,0,0.007436,69,0.000007,0,1,1,0,1,1
26893702,,0,0.007436,69,0.000007,0,1,1,0,1,1
26883286,,0,0.007535,69,0.000007,0,2,2,0,2,2
26871602,,0,0.007436,69,0.000007,0,1,1,0,1,1
26867771,,0,0.00748,69,0.000007,0,2,2,0,2,2
26863568,,0,0.007436,69,0.000007,0,1,1,0,1,1
26849781,,0,0.007436,69,0.000007,0,1,1,0,1,1
26832797,,0,0.007436,69,0.000007,0,1,1,0,1,1
26819345,,0,0.007436,69,0.000007,0,1,1,0,1,1
26818060,,0,0.007436,69,0.000007,0,1,1,0,1,1
26810393,,0,0.007436,69,0.000007,0,1,1,0,1,1
26785814,,0,0.007436,69,0.000007,0,1,1,0,1,1
26779402,,0,0.007436,69,0.000007,0,1,1,0,1,1
26775705,,0,0.007436,69,0.000007,0,1,1,0,1,1
26775699,,0,0.007436,69,0.000007,0,1,1,0,1,1
26755556,,0,0.007436,69,0.000007,0,1,1,0,1,1
26751490,,0,0.007857,69,0.000007,0,3,3,0,3,3
26748848,,0,0.007436,69,0.000007,0,1,1,0,1,1
26748214,,0,0.007792,69,0.000007,0,3,3,0,3,3
26738740,,0,0.007436,69,0.000007,0,1,1,0,1,1
26720345,,0,0.007436,69,0.000007,0,1,1,0,1,1
26719703,,0,0.00747,232,0.000007,0,3,3,0,3,3
26716409,,0,0.007436,69,0.000007,0,1,1,0,1,1
26715829,,0,0.007436,69,0.000007,0,1,1,0,1,1
26691761,,0,0.007436,69,0.000007,0,1,1,0,1,1
26682248,,0,0.007436,69,0.000007,0,1,1,0,1,1
26682011,,0,0.007452,69,0.000007,0,2,2,0,2,2
26673580,,0,0.007436,69,0.000007,0,1,1,0,1,1
26657155,,0,0.007436,69,0.000007,0,1,1,0,1,1
26657142,,0,0.007643,1,0.000007,0,2,2,0,2,2
26655797,,0,0.007436,69,0.000007,0,1,1,0,1,1
26646792,,0,0.008168,69,0.000007,0,2,2,0,2,2
26645725,,0,0.007436,69,0.000007,0,1,1,0,1,1
26640543,,0,0.007436,69,0.000007,0,1,1,0,1,1
26622942,,0,0.007436,69,0.000007,0,1,1,0,1,1
26622736,,0,0.007436,69,0.000007,0,1,1,0,1,1
26620706,,0,0.007515,69,0.000007,0,4,4,0,4,4
26617853,,0,0.007436,69,0.000007,0,1,1,0,1,1
26610547,,0,0.007436,69,0.000007,0,1,1,0,1,1
26602013,,0,0.007436,69,0.000007,0,1,1,0,1,1
26597175,,0,0.008004,1,0.000007,0,4,4,0,4,4
26586806,,0,0.007436,69,0.000007,0,1,1,0,1,1
26581809,,0,0.007436,69,0.000007,0,1,1,0,1,1
26580601,,0,0.009099,1,0.000007,0,3,3,0,3,3
26577046,,0,0.007436,69,0.000007,0,1,1,0,1,1
26573438,,0,0.007815,69,0.000007,0,3,3,0,3,3
26559525,,0,0.007439,176,0.000007,0,2,2,0,2,2
26556035,,0,0.007436,69,0.000007,0,1,1,0,1,1
26549805,,0,0.007758,69,0.000007,0,2,2,0,2,2
26546296,,0,0.007436,69,0.000007,0,1,1,0,1,1
26545823,,0,0.007436,69,0.000007,0,1,1,0,1,1
26523267,,0,0.007436,69,0.000007,0,1,1,0,1,1
26519468,,0,0.007719,137,0.000007,0,3,3,0,3,3
26516350,,0,0.007436,69,0.000007,0,1,1,0,1,1
26515818,,0,0.007436,69,0.000007,0,1,1,0,1,1
26515598,,0,0.007436,69,0.000007,0,1,1,0,1,1
26506417,,0,0.007436,69,0.000007,0,1,1,0,1,1
26494976,,0,0.007448,69,0.000007,0,2,2,0,2,2
26492273,,0,0.007436,69,0.000007,0,1,1,0,1,1
26490766,,0.000212,0.009434,69,0.00003,5,6,11,5,6,11
26486520,,0,0.007436,69,0.000007,0,1,1,0,1,1
26486086,,0,0.007758,69,0.000007,0,2,2,0,2,2
26485143,,0,0.007455,69,0.000007,0,2,2,0,2,2
26485003,,0,0.007436,69,0.000007,0,1,1,0,1,1
26482043,,0,0.007436,69,0.000007,0,1,1,0,1,1
26452130,,0,0.007436,69,0.000007,0,1,1,0,1,1
26428316,,0,0.007436,69,0.000007,0,1,1,0,1,1
26418900,,0,0.007436,69,0.000007,0,1,1,0,1,1
26416421,,0,0.007551,69,0.000007,0,2,2,0,2,2
26412982,,0,0.007436,69,0.000007,0,1,1,0,1,1
26411585,,0,0.007436,69,0.000007,0,1,1,0,1,1
26410082,,0,0.007812,35,0.000007,0,3,3,0,3,3
26406377,,0,0.007462,87,0.000007,0,2,2,0,2,2
26404381,,0,0.007436,69,0.000007,0,1,1,0,1,1
26383827,,0,0.007436,69,0.000007,0,1,1,0,1,1
26374197,,0,0.007436,69,0.000007,0,1,1,0,1,1
26362996,,0,0.008017,1,0.000007,0,3,3,0,3,3
26356327,,0,0.007436,69,0.000007,0,1,1,0,1,1
26350498,,0,0.007436,69,0.000007,0,1,1,0,1,1
26345285,,0,0.007436,69,0.000007,0,1,1,0,1,1
26343191,,0,0.007436,69,0.000007,0,1,1,0,1,1
26334131,,0,0.007436,69,0.000007,0,1,1,0,1,1
26329039,,0,0.007436,69,0.000007,0,1,1,0,1,1
26324360,,0,0.007436,69,0.000007,0,1,1,0,1,1
26321251,,0,0.007436,69,0.000007,0,1,1,0,1,1
26320869,,0,0.007436,69,0.000007,0,1,1,0,1,1
26319120,,0,0.007436,69,0.000007,0,1,1,0,1,1
26317392,,0,0.007723,69,0.000007,0,2,2,0,2,2
26308486,,0,0.007436,69,0.000007,0,1,1,0,1,1
26308346,,0,0.007436,69,0.000007,0,1,1,0,1,1
26306699,,0,0.007436,69,0.000007,0,1,1,0,1,1
26306234,,0,0.007457,69,0.000007,0,2,2,0,2,2
26299613,,0,0.007436,69,0.000007,0,1,1,0,1,1
26278998,,0,0.007436,69,0.000007,0,1,1,0,1,1
26270481,,0,0.007436,69,0.000007,0,1,1,0,1,1
26269749,,0,0.007436,69,0.000007,0,1,1,0,1,1
26260910,,0,0.007436,69,0.000007,0,1,1,0,1,1
26248031,,0,0.007436,69,0.000007,0,1,1,0,1,1
26243836,,0,0.00829,69,0.000007,0,3,3,0,3,3
26238185,,0,0.007436,69,0.000007,0,1,1,0,1,1
26227665,,0,0.008512,1,0.000007,0,4,4,0,4,4
26227489,,0,0.007436,69,0.000007,0,1,1,0,1,1
26224872,,0,0.007436,69,0.000007,0,1,1,0,1,1
26224579,,0,0.008214,69,0.000007,0,2,2,0,2,2
26224133,,0,0.007436,69,0.000007,0,1,1,0,1,1
26222067,,0,0.007436,69,0.000007,0,1,1,0,1,1
26217958,,0,0.007723,69,0.000007,0,2,2,0,2,2
26215675,,0,0.007436,69,0.000007,0,1,1,0,1,1
26204491,,0,0.007436,69,0.000007,0,1,1,0,1,1
26192918,,0,0.007807,69,0.000007,0,2,2,0,2,2
26191180,,0,0.007436,69,0.000007,0,1,1,0,1,1
26182352,,0,0.007436,69,0.000007,0,1,1,0,1,1
26181416,,0,0.007436,69,0.000007,0,1,1,0,1,1
26166714,,0,0.007436,69,0.000007,0,1,1,0,1,1
26159569,,0,0.007747,69,0.000007,0,2,2,0,2,2
26139413,,0,0.007436,69,0.000007,0,1,1,0,1,1
26132201,,0,0.007436,69,0.000007,0,1,1,0,1,1
26125594,,0,0.007723,69,0.000007,0,2,2,0,2,2
26119817,,0,0.007436,69,0.000007,0,1,1,0,1,1
26111056,,0,0.007723,69,0.000007,0,2,2,0,2,2
26110023,,0,0.007436,69,0.000007,0,1,1,0,1,1
26101093,,0,0.007436,69,0.000007,0,1,1,0,1,1
26099468,,0,0.007436,69,0.000007,0,1,1,0,1,1
26096019,,0,0.010083,1,0.000007,0,6,6,0,6,6
26055813,,0,0.007453,247,0.000007,0,3,3,0,3,3
26051713,,0,0.007436,69,0.000007,0,1,1,0,1,1
26047463,,0,0.007436,69,0.000007,0,1,1,0,1,1
26045783,,0,0.007436,69,0.000007,0,1,1,0,1,1
26039994,,0,0.007436,69,0.000007,0,1,1,0,1,1
26011384,,0,0.00906,69,0.000007,0,2,2,0,2,2
26000738,,0,0.007444,69,0.000007,0,2,2,0,2,2
25991672,,0,0.007436,69,0.000007,0,1,1,0,1,1
25977332,,0,0.007436,69,0.000007,0,1,1,0,1,1
25977291,,0,0.007436,69,0.000007,0,1,1,0,1,1
25972361,,0,0.007747,69,0.000007,0,2,2,0,2,2
25971410,,0,0.007804,69,0.000007,0,3,3,0,3,3
25968567,,0,0.007436,69,0.000007,0,1,1,0,1,1
25965947,,0,0.007436,69,0.000007,0,1,1,0,1,1
25964101,,0,0.007436,69,0.000007,0,1,1,0,1,1
25961669,,0,0.007723,69,0.000007,0,2,2,0,2,2
25960638,,0,0.007436,69,0.000007,0,1,1,0,1,1
25958397,,0,0.007439,72,0.000007,0,2,2,0,2,2
25958393,,0,0.007436,69,0.000007,0,1,1,0,1,1
25958320,,0,0.007436,69,0.000007,0,1,1,0,1,1
25950620,,0,0.008211,69,0.000007,0,2,2,0,2,2
25946318,,0,0.007436,69,0.000007,0,1,1,0,1,1
25944911,,0,0.007436,69,0.000007,0,1,1,0,1,1
25940761,,0,0.007436,69,0.000007,0,1,1,0,1,1
25936886,,0,0.007436,69,0.000007,0,1,1,0,1,1
25917195,,0,0.007436,69,0.000007,0,1,1,0,1,1
25907971,,0,0.007436,69,0.000007,0,1,1,0,1,1
25903787,,0,0.007436,69,0.000007,0,1,1,0,1,1
25890285,,0,0.007439,279,0.000007,0,2,2,0,2,2
25889361,,0,0.007436,69,0.000007,0,1,1,0,1,1
25887147,,0,0.007723,69,0.000007,0,2,2,0,2,2
25886003,,0,0.007436,69,0.000007,0,1,1,0,1,1
25884494,,0,0.008122,1,0.000007,0,3,3,0,3,3
25881093,,0,0.007436,69,0.000007,0,1,1,0,1,1
25878333,,0,0.007439,279,0.000007,0,2,2,0,2,2
25877329,,0,0.007436,69,0.000007,0,1,1,0,1,1
25875127,,0,0.007436,69,0.000007,0,1,1,0,1,1
25867001,,0,0.007436,69,0.000007,0,1,1,0,1,1
25861392,,0,0.007436,69,0.000007,0,1,1,0,1,1
25861213,,0,0.007436,69,0.000007,0,1,1,0,1,1
25860109,,0,0.007436,69,0.000007,0,1,1,0,1,1
25859819,,0,0.007723,69,0.000007,0,2,2,0,2,2
25855048,,0,0.007436,69,0.000007,0,1,1,0,1,1
25849741,,0,0.007436,69,0.000007,0,1,1,0,1,1
25831060,,0,0.007458,35,0.000007,0,2,2,0,2,2
25794154,,0,0.007807,69,0.000007,0,2,2,0,2,2
25779658,,0,0.007452,69,0.000007,0,2,2,0,2,2
25754234,,0,0.007436,69,0.000007,0,1,1,0,1,1
25754088,,0,0.007442,69,0.000007,0,2,2,0,2,2
25748058,,0,0.007758,69,0.000007,0,2,2,0,2,2
25733895,,0,0.007551,69,0.000007,0,2,2,0,2,2
25721614,,0,0.007436,69,0.000007,0,1,1,0,1,1
25708199,,0,0.007436,69,0.000007,0,1,1,0,1,1
25707771,,0,0.007436,69,0.000007,0,1,1,0,1,1
25691825,,0,0.008925,1,0.000007,0,3,3,0,3,3
25684390,,0,0.007436,69,0.000007,0,1,1,0,1,1
25671108,,0,0.007436,69,0.000007,0,1,1,0,1,1
25660948,,0,0.007473,72,0.000007,0,2,2,0,2,2
25658832,,0,0.007436,69,0.000007,0,1,1,0,1,1
25655233,,0,0.007436,69,0.000007,0,1,1,0,1,1
25653168,,0,0.007723,69,0.000007,0,2,2,0,2,2
25646015,,0,0.007436,69,0.000007,0,1,1,0,1,1
25640961,,0,0.007436,69,0.000007,0,1,1,0,1,1
25639871,,0,0.007436,69,0.000007,0,1,1,0,1,1
25633079,,0,0.007436,69,0.000007,0,1,1,0,1,1
25632305,,0,0.007436,69,0.000007,0,1,1,0,1,1
25628764,,0,0.007436,69,0.000007,0,1,1,0,1,1
25625193,,0,0.007436,69,0.000007,0,1,1,0,1,1
25611546,,0,0.007436,69,0.000007,0,1,1,0,1,1
25608759,,0,0.009092,69,0.000007,0,3,3,0,3,3
25594067,,0,0.007436,69,0.000007,0,1,1,0,1,1
25587357,,0,0.007436,69,0.000007,0,1,1,0,1,1
25580158,,0,0.007471,35,0.000007,0,2,2,0,2,2
25572314,,0,0.007436,69,0.000007,0,1,1,0,1,1
25560400,,0,0.007436,69,0.000007,0,1,1,0,1,1
25560085,,0,0.007436,69,0.000007,0,1,1,0,1,1
25556616,,0,0.008187,72,0.000007,0,3,3,0,3,3
25556613,,0,0.009034,69,0.000007,0,2,2,0,2,2
25553357,,0,0.007436,69,0.000007,0,1,1,0,1,1
25545504,,0,0.007436,69,0.000007,0,1,1,0,1,1
25545135,,0,0.007436,69,0.000007,0,1,1,0,1,1
25524384,,0,0.007436,69,0.000007,0,1,1,0,1,1
25519148,,0,0.007436,69,0.000007,0,1,1,0,1,1
25506199,,0,0.007436,69,0.000007,0,1,1,0,1,1
25501392,,0,0.007723,69,0.000007,0,2,2,0,2,2
25490527,,0,0.007526,100,0.000007,0,3,3,0,3,3
25490449,,0,0.007436,69,0.000007,0,1,1,0,1,1
25486864,,0,0.007436,69,0.000007,0,1,1,0,1,1
25474241,,0,0.007436,69,0.000007,0,1,1,0,1,1
25469243,,0,0.007436,69,0.000007,0,1,1,0,1,1
25456139,,0,0.007436,69,0.000007,0,1,1,0,1,1
25437919,,0,0.007436,69,0.000007,0,1,1,0,1,1
25426548,,0,0.007436,69,0.000007,0,1,1,0,1,1
25418856,,0,0.007436,69,0.000007,0,1,1,0,1,1
25416196,,0,0.007436,69,0.000007,0,1,1,0,1,1
25409689,,0,0.007436,69,0.000007,0,1,1,0,1,1
25406591,,0,0.007436,69,0.000007,0,1,1,0,1,1
25404506,,0,0.007436,69,0.000007,0,1,1,0,1,1
25394645,,0,0.007436,69,0.000007,0,1,1,0,1,1
25392690,,0,0.007436,69,0.000007,0,1,1,0,1,1
25390899,,0,0.007529,69,0.000007,0,2,2,0,2,2
25387393,,0,0.007579,69,0.000007,0,3,3,0,3,3
25385636,,0,0.007436,69,0.000007,0,1,1,0,1,1
25385265,,0,0.007436,69,0.000007,0,1,1,0,1,1
25383459,,0,0.007765,69,0.000007,0,3,3,0,3,3
25380171,,0,0.007758,69,0.000007,0,2,2,0,2,2
25378557,,0,0.007436,69,0.000007,0,1,1,0,1,1
25378332,,0,0.007436,69,0.000007,0,1,1,0,1,1
25374782,,0,0.007436,69,0.000007,0,1,1,0,1,1
25366565,,0,0.007436,69,0.000007,0,1,1,0,1,1
25356755,,0,0.007488,1,0.000007,0,3,3,0,3,3
25356737,,0,0.007436,69,0.000007,0,1,1,0,1,1
25340765,,0,0.00781,231,0.000007,0,3,3,0,3,3
25339994,,0,0.007473,72,0.000007,0,2,2,0,2,2
25335753,,0,0.007436,69,0.000007,0,1,1,0,1,1
25333261,,0,0.007784,72,0.000007,0,3,3,0,3,3
25331876,,0,0.007436,69,0.000007,0,1,1,0,1,1
25326813,,0,0.007436,69,0.000007,0,1,1,0,1,1
25319062,,0,0.007436,69,0.000007,0,1,1,0,1,1
25309732,,0,0.007436,69,0.000007,0,1,1,0,1,1
25295534,,0,0.007436,69,0.000007,0,1,1,0,1,1
25295252,,0,0.007436,69,0.000007,0,1,1,0,1,1
25294702,,0,0.007436,69,0.000007,0,1,1,0,1,1
25288881,,0,0.007436,69,0.000007,0,1,1,0,1,1
25285018,,0,0.007436,69,0.000007,0,1,1,0,1,1
25277212,,0,0.007436,69,0.000007,0,1,1,0,1,1
25269487,,0,0.007758,69,0.000007,0,2,2,0,2,2
25263569,,0,0.007436,69,0.000007,0,1,1,0,1,1
25253940,,0,0.007436,69,0.000007,0,1,1,0,1,1
25253082,,0,0.007436,69,0.000007,0,1,1,0,1,1
25252652,,0,0.007551,69,0.000007,0,2,2,0,2,2
25244152,,0,0.007436,69,0.000007,0,1,1,0,1,1
25236784,,0,0.007723,69,0.000007,0,2,2,0,2,2
25220599,,0,0.007436,69,0.000007,0,1,1,0,1,1
25204415,,0,0.007467,205,0.000007,0,2,2,0,2,2
25202135,,0,0.007436,69,0.000007,0,1,1,0,1,1
25201530,,0,0.007436,69,0.000007,0,1,1,0,1,1
25198155,,0,0.007436,69,0.000007,0,1,1,0,1,1
25194819,,0,0.007436,69,0.000007,0,1,1,0,1,1
25180175,,0,0.007436,69,0.000007,0,1,1,0,1,1
25177370,,0,0.007723,69,0.000007,0,2,2,0,2,2
25171249,,0,0.007436,69,0.000007,0,1,1,0,1,1
25169943,,0,0.007436,69,0.000007,0,1,1,0,1,1
25165489,,0,0.007436,69,0.000007,0,1,1,0,1,1
25161243,,0,0.007436,69,0.000007,0,1,1,0,1,1
25160522,,0,0.007436,69,0.000007,0,1,1,0,1,1
25158761,,0,0.007436,69,0.000007,0,1,1,0,1,1
25138050,,0,0.007436,69,0.000007,0,1,1,0,1,1
25133172,,0,0.007436,69,0.000007,0,1,1,0,1,1
25132267,,0,0.007436,69,0.000007,0,1,1,0,1,1
25124162,,0,0.009504,69,0.000007,0,3,3,0,3,3
25110883,,0,0.007436,69,0.000007,0,1,1,0,1,1
25109570,,0,0.007436,69,0.000007,0,1,1,0,1,1
25098269,,0,0.007436,69,0.000007,0,1,1,0,1,1
25088195,,0,0.007758,69,0.000007,0,2,2,0,2,2
25078979,,0,0.007747,69,0.000007,0,2,2,0,2,2
25072022,,0,0.007436,69,0.000007,0,1,1,0,1,1
25071824,,0,0.007723,69,0.000007,0,2,2,0,2,2
25068849,,0,0.007758,69,0.000007,0,2,2,0,2,2
25060187,,0,0.007654,69,0.000007,0,2,2,0,2,2
25047817,,0,0.007522,69,0.000007,0,2,2,0,2,2
25045437,,0,0.007436,69,0.000007,0,1,1,0,1,1
25043054,,0,0.007436,69,0.000007,0,1,1,0,1,1
25032869,,0,0.007436,69,0.000007,0,1,1,0,1,1
25025074,,0,0.007436,69,0.000007,0,1,1,0,1,1
25013169,,0,0.008149,69,0.000007,0,2,2,0,2,2
25010594,,0,0.007436,69,0.000007,0,1,1,0,1,1
25002826,,0,0.007436,69,0.000007,0,1,1,0,1,1
25001846,,0,0.008094,69,0.000007,0,3,3,0,3,3
24999802,,0,0.007436,69,0.000007,0,1,1,0,1,1
24994965,,0,0.007723,69,0.000007,0,2,2,0,2,2
24957074,,0,0.007436,69,0.000007,0,1,1,0,1,1
24955791,,0,0.007436,69,0.000007,0,1,1,0,1,1
24952901,,0,0.007436,69,0.000007,0,1,1,0,1,1
24936796,,0,0.007447,69,0.000007,0,2,2,0,2,2
24932685,,0,0.00744,24,0.000007,0,2,2,0,2,2
24932569,,0,0.007436,69,0.000007,0,1,1,0,1,1
24901363,,0,0.007436,69,0.000007,0,1,1,0,1,1
24899686,,0,0.007436,69,0.000007,0,1,1,0,1,1
24894155,,0,0.007436,69,0.000007,0,1,1,0,1,1
24886523,,0,0.007436,69,0.000007,0,1,1,0,1,1
24884706,,0,0.007436,69,0.000007,0,1,1,0,1,1
24884486,,0,0.007758,69,0.000007,0,2,2,0,2,2
24877083,,0,0.007448,69,0.000007,0,2,2,0,2,2
24874954,,0,0.007436,69,0.000007,0,1,1,0,1,1
24871328,,0,0.007436,69,0.000007,0,1,1,0,1,1
24865582,,0,0.007436,69,0.000007,0,1,1,0,1,1
24860780,,0,0.007527,5,0.000007,0,4,4,0,4,4
24831101,,0,0.007436,69,0.000007,0,1,1,0,1,1
24825857,,0.000376,0.007483,72,0.000061,15,4,19,15,4,19
24824601,,0,0.007436,69,0.000007,0,1,1,0,1,1
24800235,,0,0.007436,69,0.000007,0,1,1,0,1,1
24799088,,0,0.007436,69,0.000007,0,1,1,0,1,1
24796616,,0,0.007436,69,0.000007,0,1,1,0,1,1
24782321,,0,0.007436,69,0.000007,0,1,1,0,1,1
24774302,,0,0.007591,69,0.000007,0,2,2,0,2,2
24756370,,0,0.007436,69,0.000007,0,1,1,0,1,1
24743243,,0,0.007436,69,0.000007,0,1,1,0,1,1
24743184,,0,0.007468,69,0.000007,0,2,2,0,2,2
24737393,,0,0.007436,69,0.000007,0,1,1,0,1,1
24728075,,0,0.007436,69,0.000007,0,1,1,0,1,1
24719451,,0,0.007436,69,0.000007,0,1,1,0,1,1
24713437,,0,0.007436,69,0.000007,0,1,1,0,1,1
24710071,,0,0.007436,69,0.000007,0,1,1,0,1,1
24708222,,0,0.007436,69,0.000007,0,1,1,0,1,1
24704825,,0,0.007436,69,0.000007,0,1,1,0,1,1
24667251,,0,0.007436,69,0.000007,0,1,1,0,1,1
24665131,,0,0.007723,69,0.000007,0,2,2,0,2,2
24662513,,0,0.007564,1,0.000007,0,2,2,0,2,2
24661571,,0,0.007591,69,0.000007,0,2,2,0,2,2
24653979,,0,0.00752,69,0.000007,0,2,2,0,2,2
24651013,,0,0.007436,69,0.000007,0,1,1,0,1,1
24648345,,0,0.007436,69,0.000007,0,1,1,0,1,1
24622401,,0,0.007436,69,0.000007,0,1,1,0,1,1
24608573,,0,0.007436,69,0.000007,0,1,1,0,1,1
24604117,,0,0.007436,69,0.000007,0,1,1,0,1,1
24603336,,0,0.007436,69,0.000007,0,1,1,0,1,1
24597747,,0,0.007436,69,0.000007,0,1,1,0,1,1
24591819,,0,0.007479,35,0.000007,0,3,3,0,3,3
24587839,,0,0.007436,69,0.000007,0,1,1,0,1,1
24578576,,0,0.007436,69,0.000007,0,1,1,0,1,1
24565562,,0,0.007436,69,0.000007,0,1,1,0,1,1
24565034,,0,0.007723,69,0.000007,0,2,2,0,2,2
24564884,,0,0.007436,69,0.000007,0,1,1,0,1,1
24564449,,0,0.007436,69,0.000007,0,1,1,0,1,1
24563622,,0,0.007436,69,0.000007,0,1,1,0,1,1
24562574,,0,0.009496,69,0.000007,0,2,2,0,2,2
24553142,,0,0.007436,69,0.000007,0,1,1,0,1,1
24552141,,0,0.007807,69,0.000007,0,2,2,0,2,2
24521303,,0,0.007436,69,0.000007,0,1,1,0,1,1
24520092,,0,0.007436,69,0.000007,0,1,1,0,1,1
24504521,,0,0.007436,69,0.000007,0,1,1,0,1,1
24492837,,0,0.007436,69,0.000007,0,1,1,0,1,1
24489963,,0,0.007436,69,0.000007,0,1,1,0,1,1
24488081,,0,0.007436,69,0.000007,0,1,1,0,1,1
24479672,,0,0.008094,69,0.000007,0,3,3,0,3,3
24475911,,0,0.007436,69,0.000007,0,1,1,0,1,1
24466374,,0,0.007436,69,0.000007,0,1,1,0,1,1
24465231,,0,0.007436,69,0.000007,0,1,1,0,1,1
24464852,,0,0.007436,69,0.000007,0,1,1,0,1,1
24446311,,0,0.007436,69,0.000007,0,1,1,0,1,1
24434212,,0,0.007436,69,0.000007,0,1,1,0,1,1
24418928,,0,0.007436,69,0.000007,0,1,1,0,1,1
24394555,,0,0.007436,69,0.000007,0,1,1,0,1,1
24386507,,0,0.007483,100,0.000007,0,2,2,0,2,2
24385586,,0,0.007436,69,0.000007,0,1,1,0,1,1
24377086,,0,0.007436,69,0.000007,0,1,1,0,1,1
24374933,,0,0.007436,69,0.000007,0,1,1,0,1,1
24362534,,0,0.007436,69,0.000007,0,1,1,0,1,1
24338723,,0,0.007436,69,0.000007,0,1,1,0,1,1
24336498,,0,0.007436,69,0.000007,0,1,1,0,1,1
24336083,,0,0.007436,69,0.000007,0,1,1,0,1,1
24320616,,0,0.007436,69,0.000007,0,1,1,0,1,1
24297935,,0,0.007436,69,0.000007,0,1,1,0,1,1
24297540,,0,0.007436,69,0.000007,0,1,1,0,1,1
24267866,,0,0.007436,69,0.000007,0,1,1,0,1,1
24265805,,0,0.007436,69,0.000007,0,1,1,0,1,1
24264574,,0,0.007436,69,0.000007,0,1,1,0,1,1
24260186,,0,0.007436,69,0.000007,0,1,1,0,1,1
24250782,,0,0.007436,69,0.000007,0,1,1,0,1,1
24239753,,0,0.007436,69,0.000007,0,1,1,0,1,1
24223834,,0,0.007436,69,0.000007,0,1,1,0,1,1
24223042,,0,0.007436,69,0.000007,0,1,1,0,1,1
24218511,,0,0.007758,69,0.000007,0,2,2,0,2,2
24205039,,0,0.007436,69,0.000007,0,1,1,0,1,1
24201814,,0,0.007436,69,0.000007,0,1,1,0,1,1
24200849,,0,0.007436,69,0.000007,0,1,1,0,1,1
24195073,,0,0.007436,69,0.000007,0,1,1,0,1,1
24195060,,0,0.007436,69,0.000007,0,1,1,0,1,1
24187453,,0,0.008094,69,0.000007,0,3,3,0,3,3
24184755,,0,0.007436,69,0.000007,0,1,1,0,1,1
24178762,,0,0.007436,69,0.000007,0,1,1,0,1,1
24167589,,0,0.007436,69,0.000007,0,1,1,0,1,1
24161930,,0,0.007436,69,0.000007,0,1,1,0,1,1
24151539,,0,0.007436,69,0.000007,0,1,1,0,1,1
24136988,,0,0.007436,69,0.000007,0,1,1,0,1,1
24132290,,0,0.008925,1,0.000007,0,3,3,0,3,3
24130056,,0,0.007458,1,0.000007,0,2,2,0,2,2
24128673,,0,0.010611,1,0.000007,0,3,3,0,3,3
24121789,,0,0.007436,69,0.000007,0,1,1,0,1,1
24120991,,0,0.007436,69,0.000007,0,1,1,0,1,1
24120142,,0,0.007723,69,0.000007,0,2,2,0,2,2
24113773,,0,0.007758,69,0.000007,0,2,2,0,2,2
24103777,,0,0.007436,69,0.000007,0,1,1,0,1,1
24096364,,0,0.007436,69,0.000007,0,1,1,0,1,1
24092746,,0,0.007807,69,0.000007,0,2,2,0,2,2
24089029,,0,0.007436,69,0.000007,0,1,1,0,1,1
24086153,,0,0.007807,69,0.000007,0,2,2,0,2,2
24074954,,0,0.007436,69,0.000007,0,1,1,0,1,1
24071851,,0,0.007436,69,0.000007,0,1,1,0,1,1
24071850,,0,0.007436,69,0.000007,0,1,1,0,1,1
24071849,,0,0.007436,69,0.000007,0,1,1,0,1,1
24069583,,0,0.007436,69,0.000007,0,1,1,0,1,1
24068106,,0,0.007436,69,0.000007,0,1,1,0,1,1
24064421,,0,0.007436,69,0.000007,0,1,1,0,1,1
24063517,,0,0.007436,69,0.000007,0,1,1,0,1,1
24062525,,0,0.007436,69,0.000007,0,1,1,0,1,1
24055331,,0,0.007436,69,0.000007,0,1,1,0,1,1
24045973,,0,0.007473,72,0.000007,0,2,2,0,2,2
24045689,,0,0.007726,69,0.000007,0,3,3,0,3,3
24022702,,0,0.008094,69,0.000007,0,3,3,0,3,3
24009430,,0,0.007436,69,0.000007,0,1,1,0,1,1
24002999,,0,0.007436,69,0.000007,0,1,1,0,1,1
23983606,,0,0.007439,35,0.000007,0,2,2,0,2,2
23977046,,0,0.007436,69,0.000007,0,1,1,0,1,1
23962039,,0,0.007436,69,0.000007,0,1,1,0,1,1
23956306,,0,0.007436,69,0.000007,0,1,1,0,1,1
23954162,,0,0.007436,69,0.000007,0,1,1,0,1,1
23934967,,0,0.007436,69,0.000007,0,1,1,0,1,1
23922675,,0,0.007436,69,0.000007,0,1,1,0,1,1
23917454,,0,0.007758,69,0.000007,0,2,2,0,2,2
23916135,,0,0.007436,69,0.000007,0,1,1,0,1,1
23900136,,0,0.007436,69,0.000007,0,1,1,0,1,1
23892434,,0,0.007455,232,0.000007,0,2,2,0,2,2
23889749,,0,0.007436,69,0.000007,0,1,1,0,1,1
23885787,,0,0.007436,69,0.000007,0,1,1,0,1,1
23884416,,0,0.007436,69,0.000007,0,1,1,0,1,1
23872309,,0,0.007436,69,0.000007,0,1,1,0,1,1
23867710,,0,0.007436,69,0.000007,0,1,1,0,1,1
23846313,,0,0.007436,69,0.000007,0,1,1,0,1,1
23842645,,0,0.007436,69,0.000007,0,1,1,0,1,1
23840792,,0,0.007436,69,0.000007,0,1,1,0,1,1
23839233,,0,0.007436,69,0.000007,0,1,1,0,1,1
23825651,,0,0.007436,69,0.000007,0,1,1,0,1,1
23822816,,0,0.007436,69,0.000007,0,1,1,0,1,1
23820584,,0,0.007436,69,0.000007,0,1,1,0,1,1
23819556,,0,0.007436,69,0.000007,0,1,1,0,1,1
23818604,,0,0.007436,69,0.000007,0,1,1,0,1,1
23800698,,0,0.007436,69,0.000007,0,1,1,0,1,1
23793816,,0.000342,0.007463,232,0.000045,11,2,13,11,2,13
23792563,,0,0.007723,69,0.000007,0,2,2,0,2,2
23774303,,0,0.007436,69,0.000007,0,1,1,0,1,1
23772050,,0,0.007436,69,0.000007,0,1,1,0,1,1
23770567,,0,0.007807,69,0.000007,0,2,2,0,2,2
23761826,,0,0.007436,69,0.000007,0,1,1,0,1,1
23759589,,0,0.007436,69,0.000007,0,1,1,0,1,1
23755063,,0,0.007436,69,0.000007,0,1,1,0,1,1
23747483,,0,0.007436,69,0.000007,0,1,1,0,1,1
23743496,,0,0.007436,69,0.000007,0,1,1,0,1,1
23742247,,0,0.007436,69,0.000007,0,1,1,0,1,1
23738901,,0,0.007439,24,0.000007,0,2,2,0,2,2
23728290,,0,0.007436,69,0.000007,0,1,1,0,1,1
23723238,,0,0.007436,69,0.000007,0,1,1,0,1,1
23718799,,0,0.007436,69,0.000007,0,1,1,0,1,1
23716468,,0.00143,0.007689,232,0.000049,11,4,15,11,4,15
23706632,,0,0.007436,69,0.000007,0,1,1,0,1,1
23637631,,0,0.007436,69,0.000007,0,1,1,0,1,1
23636398,,0,0.007723,69,0.000007,0,2,2,0,2,2
23634261,,0,0.007439,66,0.000007,0,2,2,0,2,2
23633565,,0,0.007436,69,0.000007,0,1,1,0,1,1
23630663,,0,0.007436,69,0.000007,0,1,1,0,1,1
23613755,,0,0.007436,69,0.000007,0,1,1,0,1,1
23610446,,0,0.007436,69,0.000007,0,1,1,0,1,1
23610071,,0,0.007436,69,0.000007,0,1,1,0,1,1
23598999,,0,0.007436,69,0.000007,0,1,1,0,1,1
23595662,,0,0.007436,69,0.000007,0,1,1,0,1,1
23589546,,0,0.007436,69,0.000007,0,1,1,0,1,1
23589289,,0,0.007436,69,0.000007,0,1,1,0,1,1
23584089,,0,0.007436,69,0.000007,0,1,1,0,1,1
23577104,,0,0.007723,69,0.000007,0,2,2,0,2,2
23569385,,0,0.007436,69,0.000007,0,1,1,0,1,1
23569271,,0,0.007436,69,0.000007,0,1,1,0,1,1
23555212,,0,0.007436,69,0.000007,0,1,1,0,1,1
23550210,,0,0.007723,69,0.000007,0,2,2,0,2,2
23538338,,0,0.007436,69,0.000007,0,1,1,0,1,1
23528858,,0,0.007436,69,0.000007,0,1,1,0,1,1
23527012,,0,0.007436,69,0.000007,0,1,1,0,1,1
23525077,,0,0.007436,69,0.000007,0,1,1,0,1,1
23515433,,0,0.007436,69,0.000007,0,1,1,0,1,1
23504936,,0,0.007723,69,0.000007,0,2,2,0,2,2
23493187,,0,0.007436,69,0.000007,0,1,1,0,1,1
23482747,,0,0.007436,69,0.000007,0,1,1,0,1,1
23478441,,0,0.007455,232,0.000007,0,2,2,0,2,2
23476796,,0,0.007436,69,0.000007,0,1,1,0,1,1
23466868,,0,0.007436,69,0.000007,0,1,1,0,1,1
23454583,,0,0.007436,69,0.000007,0,1,1,0,1,1
23445765,,0,0.007436,69,0.000007,0,1,1,0,1,1
23443798,,0,0.007436,69,0.000007,0,1,1,0,1,1
23431203,,0,0.007723,69,0.000007,0,2,2,0,2,2
23430023,,0,0.007723,69,0.000007,0,2,2,0,2,2
23424119,,0,0.007436,69,0.000007,0,1,1,0,1,1
23410973,,0,0.008149,69,0.000007,0,2,2,0,2,2
23408683,,0,0.007436,69,0.000007,0,1,1,0,1,1
23406666,,0,0.007436,69,0.000007,0,1,1,0,1,1
23406336,,0,0.008094,69,0.000007,0,3,3,0,3,3
23396013,,0,0.007436,69,0.000007,0,1,1,0,1,1
23393606,,0,0.007436,69,0.000007,0,1,1,0,1,1
23393560,,0,0.007436,69,0.000007,0,1,1,0,1,1
23385974,,0,0.007436,69,0.000007,0,1,1,0,1,1
23383675,,0,0.007723,69,0.000007,0,2,2,0,2,2
23383610,,0,0.007436,69,0.000007,0,1,1,0,1,1
23382894,,0,0.007436,69,0.000007,0,1,1,0,1,1
23378270,,0,0.007436,69,0.000007,0,1,1,0,1,1
23377183,,0,0.007436,69,0.000007,0,1,1,0,1,1
23372550,,0,0.007807,69,0.000007,0,2,2,0,2,2
23359684,,0,0.007436,69,0.000007,0,1,1,0,1,1
23354438,,0,0.007436,69,0.000007,0,1,1,0,1,1
23340843,,0,0.007436,69,0.000007,0,1,1,0,1,1
23336014,,0,0.007436,69,0.000007,0,1,1,0,1,1
23324396,,0,0.007446,176,0.000007,0,2,2,0,2,2
23323831,,0,0.007436,69,0.000007,0,1,1,0,1,1
23318260,,0,0.007436,69,0.000007,0,1,1,0,1,1
23307060,,0,0.007436,69,0.000007,0,1,1,0,1,1
23303603,,0,0.007436,69,0.000007,0,1,1,0,1,1
23303602,,0,0.007436,69,0.000007,0,1,1,0,1,1
23301059,,0,0.007436,69,0.000007,0,1,1,0,1,1
23300411,,0,0.007436,69,0.000007,0,1,1,0,1,1
23287472,,0,0.007436,69,0.000007,0,1,1,0,1,1
23275034,,0,0.007436,69,0.000007,0,1,1,0,1,1
23274563,,0,0.007436,69,0.000007,0,1,1,0,1,1
23232571,,0,0.007436,69,0.000007,0,1,1,0,1,1
23232254,,0,0.007436,69,0.000007,0,1,1,0,1,1
23228031,,0,0.007436,69,0.000007,0,1,1,0,1,1
23221341,,0,0.007436,69,0.000007,0,1,1,0,1,1
23201680,,0,0.007436,69,0.000007,0,1,1,0,1,1
23200915,,0,0.007436,69,0.000007,0,1,1,0,1,1
23181723,,0,0.007723,69,0.000007,0,2,2,0,2,2
23178814,,0,0.007436,69,0.000007,0,1,1,0,1,1
23175120,,0,0.007436,69,0.000007,0,1,1,0,1,1
23162758,,0,0.007436,69,0.000007,0,1,1,0,1,1
23158523,,0,0.007436,69,0.000007,0,1,1,0,1,1
23145359,,0,0.007436,69,0.000007,0,1,1,0,1,1
23139805,,0,0.007436,69,0.000007,0,1,1,0,1,1
23132910,,0,0.007436,69,0.000007,0,1,1,0,1,1
23128226,,0,0.007436,69,0.000007,0,1,1,0,1,1
23124507,,0,0.007436,69,0.000007,0,1,1,0,1,1
23114871,,0,0.007436,69,0.000007,0,1,1,0,1,1
23109879,,0,0.007436,69,0.000007,0,1,1,0,1,1
23106814,,0,0.007723,69,0.000007,0,2,2,0,2,2
23105932,,0,0.007436,69,0.000007,0,1,1,0,1,1
23095324,,0,0.007436,69,0.000007,0,1,1,0,1,1
23074142,,0,0.007436,69,0.000007,0,1,1,0,1,1
23066107,,0,0.007436,69,0.000007,0,1,1,0,1,1
23055974,,0,0.007436,69,0.000007,0,1,1,0,1,1
23055531,,0,0.007436,69,0.000007,0,1,1,0,1,1
23046488,,0,0.007436,69,0.000007,0,1,1,0,1,1
23029477,,0,0.007436,69,0.000007,0,1,1,0,1,1
23028188,,0,0.007436,69,0.000007,0,1,1,0,1,1
23019585,,0,0.007436,69,0.000007,0,1,1,0,1,1
23014630,,0,0.007436,69,0.000007,0,1,1,0,1,1
23008289,,0,0.007436,69,0.000007,0,1,1,0,1,1
23006666,,0,0.007436,69,0.000007,0,1,1,0,1,1
22988449,,0,0.007436,69,0.000007,0,1,1,0,1,1
22980975,,0,0.007436,69,0.000007,0,1,1,0,1,1
22973298,,0,0.007436,69,0.000007,0,1,1,0,1,1
22970311,,0,0.007436,69,0.000007,0,1,1,0,1,1
22970210,,0,0.007436,69,0.000007,0,1,1,0,1,1
22962493,,0,0.007436,69,0.000007,0,1,1,0,1,1
22960745,,0,0.007723,69,0.000007,0,2,2,0,2,2
22942254,,0,0.007436,69,0.000007,0,1,1,0,1,1
22941188,,0,0.007436,69,0.000007,0,1,1,0,1,1
22930283,,0,0.007436,69,0.000007,0,1,1,0,1,1
22925884,,0,0.007436,69,0.000007,0,1,1,0,1,1
22923510,,0,0.007436,69,0.000007,0,1,1,0,1,1
22912392,,0,0.007436,69,0.000007,0,1,1,0,1,1
22908275,,0,0.007436,69,0.000007,0,1,1,0,1,1
22905095,,0,0.007436,69,0.000007,0,1,1,0,1,1
22904074,,0,0.007723,69,0.000007,0,2,2,0,2,2
22899649,,0,0.007436,69,0.000007,0,1,1,0,1,1
22896676,,0,0.007436,69,0.000007,0,1,1,0,1,1
22878650,,0,0.008292,69,0.000007,0,2,2,0,2,2
22864111,,0,0.007436,69,0.000007,0,1,1,0,1,1
22845482,,0,0.007436,69,0.000007,0,1,1,0,1,1
22839576,,0,0.007436,69,0.000007,0,1,1,0,1,1
22833495,,0,0.007436,69,0.000007,0,1,1,0,1,1
22817889,,0,0.007807,69,0.000007,0,2,2,0,2,2
22810696,,0,0.007723,69,0.000007,0,2,2,0,2,2
22797305,,0,0.007436,69,0.000007,0,1,1,0,1,1
22796942,,0,0.007436,69,0.000007,0,1,1,0,1,1
22789535,,0,0.007436,69,0.000007,0,1,1,0,1,1
22787427,,0,0.007436,69,0.000007,0,1,1,0,1,1
22779056,,0,0.007436,69,0.000007,0,1,1,0,1,1
22773520,,0,0.007436,69,0.000007,0,1,1,0,1,1
22764765,,0,0.007436,69,0.000007,0,1,1,0,1,1
22761580,,0,0.007436,69,0.000007,0,1,1,0,1,1
22751462,,0,0.007436,69,0.000007,0,1,1,0,1,1
22722839,,0,0.007436,69,0.000007,0,1,1,0,1,1
22710723,,0,0.007436,69,0.000007,0,1,1,0,1,1
22705797,,0,0.007436,69,0.000007,0,1,1,0,1,1
22687175,,0,0.007436,69,0.000007,0,1,1,0,1,1
22685209,,0,0.007436,69,0.000007,0,1,1,0,1,1
22666502,,0,0.007436,69,0.000007,0,1,1,0,1,1
22665440,,0,0.007436,69,0.000007,0,1,1,0,1,1
22644307,,0,0.007451,69,0.000007,0,2,2,0,2,2
22624712,,0,0.007436,69,0.000007,0,1,1,0,1,1
22609632,,0,0.007436,69,0.000007,0,1,1,0,1,1
22592801,,0,0.007436,69,0.000007,0,1,1,0,1,1
22590536,,0,0.007436,69,0.000007,0,1,1,0,1,1
22585163,,0,0.007436,69,0.000007,0,1,1,0,1,1
22580577,,0,0.007436,69,0.000007,0,1,1,0,1,1
22576175,,0,0.007436,69,0.000007,0,1,1,0,1,1
22570537,,0,0.007436,69,0.000007,0,1,1,0,1,1
22567123,,0,0.007436,69,0.000007,0,1,1,0,1,1
22555088,,0,0.007436,69,0.000007,0,1,1,0,1,1
22545051,,0,0.007436,69,0.000007,0,1,1,0,1,1
22544022,,0,0.007436,69,0.000007,0,1,1,0,1,1
22534183,,0,0.007436,69,0.000007,0,1,1,0,1,1
22532440,,0,0.007436,69,0.000007,0,1,1,0,1,1
22531637,,0,0.007436,69,0.000007,0,1,1,0,1,1
22516585,,0,0.007436,69,0.000007,0,1,1,0,1,1
22510765,,0,0.007436,69,0.000007,0,1,1,0,1,1
22495314,,0,0.007436,69,0.000007,0,1,1,0,1,1
22487539,,0,0.007436,69,0.000007,0,1,1,0,1,1
22479643,,0,0.007436,69,0.000007,0,1,1,0,1,1
22446384,,0,0.007436,69,0.000007,0,1,1,0,1,1
22443377,,0,0.007436,69,0.000007,0,1,1,0,1,1
22424236,,0,0.007436,69,0.000007,0,1,1,0,1,1
22422451,,0,0.007436,69,0.000007,0,1,1,0,1,1
22422403,,0,0.007436,69,0.000007,0,1,1,0,1,1
22421440,,0,0.007436,69,0.000007,0,1,1,0,1,1
22417201,,0,0.007436,69,0.000007,0,1,1,0,1,1
22409458,,0,0.007436,69,0.000007,0,1,1,0,1,1
22408643,,0,0.007436,69,0.000007,0,1,1,0,1,1
22397650,,0,0.007436,69,0.000007,0,1,1,0,1,1
22396495,,0,0.007436,69,0.000007,0,1,1,0,1,1
22391210,,0,0.007564,1,0.000007,0,2,2,0,2,2
22348002,,0,0.007436,69,0.000007,0,1,1,0,1,1
22333033,,0,0.007436,69,0.000007,0,1,1,0,1,1
22306135,,0,0.007436,69,0.000007,0,1,1,0,1,1
22293752,,0,0.007436,69,0.000007,0,1,1,0,1,1
22278382,,0,0.007436,69,0.000007,0,1,1,0,1,1
22260482,,0,0.007436,69,0.000007,0,1,1,0,1,1
22246208,,0,0.007436,69,0.000007,0,1,1,0,1,1
22242939,,0,0.007436,69,0.000007,0,1,1,0,1,1
22237701,,0,0.007436,69,0.000007,0,1,1,0,1,1
22236809,,0,0.007436,69,0.000007,0,1,1,0,1,1
22214849,,0,0.007436,69,0.000007,0,1,1,0,1,1
22194851,,0,0.007436,69,0.000007,0,1,1,0,1,1
22185227,,0,0.007436,69,0.000007,0,1,1,0,1,1
22174260,,0,0.007436,69,0.000007,0,1,1,0,1,1
22150006,,0,0.007436,69,0.000007,0,1,1,0,1,1
22144423,,0,0.007469,69,0.000007,0,2,2,0,2,2
22131877,,0,0.007436,69,0.000007,0,1,1,0,1,1
22102578,,0,0.007436,69,0.000007,0,1,1,0,1,1
22102435,,0,0.007436,69,0.000007,0,1,1,0,1,1
22101487,,0,0.007436,69,0.000007,0,1,1,0,1,1
22071625,,0,0.007436,69,0.000007,0,1,1,0,1,1
22053303,,0,0.007436,69,0.000007,0,1,1,0,1,1
22011170,,0,0.007436,69,0.000007,0,1,1,0,1,1
21985277,,0,0.007436,69,0.000007,0,1,1,0,1,1
21953469,,0,0.007436,69,0.000007,0,1,1,0,1,1
21892161,,0,0.007436,69,0.000007,0,1,1,0,1,1
21817115,,0,0.007436,69,0.000007,0,1,1,0,1,1
21803805,,0,0.007436,69,0.000007,0,1,1,0,1,1
21798893,,0,0.007436,69,0.000007,0,1,1,0,1,1
21772823,,0,0.007436,69,0.000007,0,1,1,0,1,1
21746896,,0,0.007436,69,0.000007,0,1,1,0,1,1
21721203,,0.000242,0,1,0.000007,1,0,1,1,0,1
21723046,,0.000101,0,66,0.000009,1,0,1,1,0,1
21725594,,0.000312,0,231,0.000025,7,0,7,7,0,7
26023803,,0,0.000006,231,0.000007,0,1,1,0,1,1
30133454,,0,0.000003,198,0.000007,0,1,1,0,1,1
21727289,,0.000137,0,198,0.00031,74,0,74,74,0,74
29978189,,0,0.000024,89,0.000007,0,3,3,0,3,3
29470402,,0,0.000003,198,0.000007,0,1,1,0,1,1
29440151,,0,0.000003,198,0.000007,0,1,1,0,1,1
29412375,,0,0.000003,198,0.000007,0,1,1,0,1,1
29166878,,0,0.000003,198,0.000007,0,1,1,0,1,1
28988175,,0,0.000008,5,0.000007,0,3,3,0,3,3
28943893,,0,0.000003,198,0.000007,0,1,1,0,1,1
28666001,,0,0.000003,198,0.000007,0,1,1,0,1,1
28577623,,0,0.000007,198,0.000007,0,2,2,0,2,2
28427083,,0,0.000003,198,0.000007,0,1,1,0,1,1
28161786,,0,0.000003,198,0.000007,0,1,1,0,1,1
27993168,,0,0.000003,198,0.000007,0,1,1,0,1,1
27478819,,0,0.000003,198,0.000007,0,1,1,0,1,1
27095854,,0,0.000014,5,0.000007,0,2,2,0,2,2
26916154,,0,0.000003,198,0.000007,0,1,1,0,1,1
26893548,,0,0.000003,198,0.000007,0,1,1,0,1,1
26835489,,0,0.000014,5,0.000007,0,2,2,0,2,2
26831305,,0,0.000003,198,0.000007,0,1,1,0,1,1
26799535,,0,0.000003,198,0.000007,0,1,1,0,1,1
26756606,,0,0.000047,198,0.000007,0,2,2,0,2,2
26676235,,0,0.000003,198,0.000007,0,1,1,0,1,1
26537645,,0,0.000005,198,0.000007,0,2,2,0,2,2
26502319,,0,0.000003,198,0.000007,0,1,1,0,1,1
26501844,,0,0.000003,198,0.000007,0,1,1,0,1,1
26335569,,0,0.000003,198,0.000007,0,1,1,0,1,1
25891052,,0,0.000003,198,0.000007,0,1,1,0,1,1
25884160,,0,0.000003,198,0.000007,0,1,1,0,1,1
25099904,,0,0.000003,198,0.000007,0,1,1,0,1,1
25018067,,0,0.000003,198,0.000007,0,1,1,0,1,1
24978923,,0,0.000003,198,0.000007,0,1,1,0,1,1
24872543,,0,0.000003,198,0.000007,0,1,1,0,1,1
24658691,,0,0.000003,198,0.000007,0,1,1,0,1,1
24512476,,0,0.000003,198,0.000007,0,1,1,0,1,1
24511273,,0,0.000003,198,0.000007,0,1,1,0,1,1
24498285,,0,0.000003,198,0.000007,0,1,1,0,1,1
24465808,,0,0.000003,198,0.000007,0,1,1,0,1,1
24410848,,0,0.000003,198,0.000007,0,1,1,0,1,1
23865000,,0,0.000003,198,0.000007,0,1,1,0,1,1
23718292,,0,0.000003,198,0.000007,0,1,1,0,1,1
23552817,,0,0.000003,198,0.000007,0,1,1,0,1,1
23360535,,0,0.000003,198,0.000007,0,1,1,0,1,1
23054621,,0,0.000003,198,0.000007,0,1,1,0,1,1
22547470,,0,0.000003,198,0.000007,0,1,1,0,1,1
21729660,,0.000017,0,89,0.000014,2,0,2,2,0,2
25348097,,0,0,89,0.000007,0,1,1,0,1,1
21733824,,0.001821,0,89,0.000061,23,0,23,23,0,23
27748280,,0,0.000035,89,0.000007,0,1,1,0,1,1
27183906,,0,0.000035,89,0.000007,0,1,1,0,1,1
23708103,,0,0.000257,89,0.000007,0,3,3,0,3,3
21734577,,0.0032,0,1,0.000013,7,0,7,7,0,7
21735045,,0.000633,0,140,0.000011,7,0,7,7,0,7
21742769,,0.003516,0,100,0.000036,21,0,21,21,0,21
29339537,,0,0.000459,69,0.000007,0,5,5,0,5,5
21744340,,0.001738,0,69,0.00002,10,0,10,10,0,10
22897899,,0,0.000033,69,0.000007,0,1,1,0,1,1
21751003,,0.00008,0,205,0.000012,4,0,4,4,0,4
21751198,,0.000552,0,367,0.00004,9,0,9,9,0,9
28562347,,0,0.000011,367,0.000007,0,1,1,0,1,1
27246611,,0,0.000011,367,0.000007,0,1,1,0,1,1
26045829,,0,0.000011,367,0.000007,0,1,1,0,1,1
23599786,,0,0.000011,367,0.000007,0,1,1,0,1,1
21756275,,0.000384,0,87,0.000057,14,0,14,14,0,14
27549370,,0,0.000007,87,0.000007,0,1,1,0,1,1
26826127,,0,0.000007,87,0.000007,0,1,1,0,1,1
26620705,,0,0.000007,87,0.000007,0,1,1,0,1,1
26616585,,0,0.000007,87,0.000007,0,1,1,0,1,1
23906714,,0,0.000007,87,0.000007,0,1,1,0,1,1
23760561,,0,0.000007,87,0.000007,0,1,1,0,1,1
23583689,,0,0.000007,87,0.000007,0,1,1,0,1,1
21761160,,0.001057,0,5,0.000021,15,0,15,15,0,15
21761396,,0.006386,0,1,0.00003,16,0,16,16,0,16
24727499,,0,0,90,0.000007,0,1,1,0,1,1
21762248,,0.000002,0,90,0.000029,4,0,4,4,0,4
22389292,,0,0,90,0.000007,0,1,1,0,1,1
26159425,,0,0.000002,5,0.000007,0,1,1,0,1,1
21764559,,0.000093,0,5,0.000025,4,0,4,4,0,4
22968964,,0,0.000002,5,0.000007,0,1,1,0,1,1
29546345,,0,0,24,0.000007,0,1,1,0,1,1
29278617,,0,0,24,0.000007,0,1,1,0,1,1
28954297,,0,0,24,0.000007,0,1,1,0,1,1
27732968,,0,0,24,0.000007,0,1,1,0,1,1
27325863,,0,0,24,0.000007,0,1,1,0,1,1
26710119,,0,0,24,0.000007,0,1,1,0,1,1
26269716,,0,0,24,0.000007,0,1,1,0,1,1
26203310,,0,0,24,0.000007,0,1,1,0,1,1
26138065,,0,0,24,0.000007,0,1,1,0,1,1
25535399,,0,0,24,0.000007,0,1,1,0,1,1
25422488,,0,0,24,0.000007,0,1,1,0,1,1
24706167,,0,0,24,0.000007,0,1,1,0,1,1
23999597,,0,0,24,0.000007,0,1,1,0,1,1
23556452,,0,0,24,0.000007,0,1,1,0,1,1
23500718,,0,0,24,0.000007,0,1,1,0,1,1
23197494,,0,0,24,0.000007,0,1,1,0,1,1
22851566,,0,0,24,0.000007,0,1,1,0,1,1
22718863,,0,0,24,0.000007,0,1,1,0,1,1
21769658,,0.002948,0,140,0.000022,23,0,23,23,0,23
30072910,,0,0,35,0.000007,0,1,1,0,1,1
21772120,,0.000001,0,35,0.000041,9,0,9,9,0,9
27655131,,0,0,35,0.000007,0,3,3,0,3,3
26327509,,0,0,35,0.000007,0,1,1,0,1,1
25785436,,0,0,35,0.000007,0,1,1,0,1,1
25261368,,0,0,35,0.000007,0,3,3,0,3,3
24225384,,0,0,35,0.000007,0,1,1,0,1,1
28331676,,0,0,241,0.000007,0,1,1,0,1,1
21773879,,0.000001,0,241,0.000037,7,0,7,7,0,7
27649411,,0,0,241,0.000007,0,1,1,0,1,1
24882437,,0,0,241,0.000007,0,1,1,0,1,1
24026303,,0,0,241,0.000007,0,1,1,0,1,1
30062004,,0,0.000003,100,0.000007,0,1,1,0,1,1
21775519,,0.000178,0,100,0.000047,11,0,11,11,0,11
29426014,,0,0.000003,100,0.000007,0,1,1,0,1,1
25918132,,0,0.000003,100,0.000007,0,1,1,0,1,1
23454897,,0,0.000003,100,0.000007,0,1,1,0,1,1
21777194,,0.002129,0,1,0.000049,15,0,15,15,0,15
26427042,,0,0.000041,1,0.000007,0,1,1,0,1,1
25286857,,0,0.000041,1,0.000007,0,1,1,0,1,1
24993014,,0,0.000707,1,0.000007,0,2,2,0,2,2
22954684,,0,0.000041,1,0.000007,0,1,1,0,1,1
21778320,,0.000639,0,69,0.00002,4,0,4,4,0,4
24648519,,0,0.000012,69,0.000007,0,1,1,0,1,1
21778326,,0.00147,0,100,0.000051,13,0,13,13,0,13
25614872,,0,0.000028,100,0.000007,0,1,1,0,1,1
24442639,,0,0.000028,100,0.000007,0,1,1,0,1,1
21778572,,0.000854,0,35,0.000052,17,0,17,17,0,17
28959637,,0,0.000016,35,0.000007,0,1,1,0,1,1
28246585,,0,0.000075,35,0.000007,0,3,3,0,3,3
23448448,,0,0.000016,35,0.000007,0,1,1,0,1,1
22751436,,0,0.000016,35,0.000007,0,1,1,0,1,1
29399416,,0,0.000013,35,0.000007,0,1,1,0,1,1
21778575,,0.000664,0,35,0.00004,9,0,9,9,0,9
25540596,,0,0.000013,35,0.000007,0,1,1,0,1,1
23840816,,0,0.000013,35,0.000007,0,1,1,0,1,1
29938198,,0,0.000027,35,0.000007,0,1,1,0,1,1
28442506,,0,0.000027,35,0.000007,0,1,1,0,1,1
24777111,,0,0.000083,35,0.000007,0,2,2,0,2,2
24406729,,0,0.000027,35,0.000007,0,1,1,0,1,1
30459529,,0,0.000027,87,0.000007,0,1,1,0,1,1
30181331,,0,0.000027,87,0.000007,0,1,1,0,1,1
30108112,,0,0.000027,87,0.000007,0,1,1,0,1,1
30053872,,0,0.000027,87,0.000007,0,1,1,0,1,1
29880033,,0,0.000027,87,0.000007,0,1,1,0,1,1
29562706,,0,0.000037,87,0.000007,0,2,2,0,2,2
29401653,,0,0.000027,87,0.000007,0,1,1,0,1,1
29246124,,0,0.000027,87,0.000007,0,1,1,0,1,1
29203640,,0,0.000027,87,0.000007,0,1,1,0,1,1
29089515,,0,0.000027,87,0.000007,0,1,1,0,1,1
29018241,,0,0.000034,279,0.000007,0,2,2,0,2,2
28951456,,0,0.000027,87,0.000007,0,1,1,0,1,1
28740573,,0,0.000027,87,0.000007,0,1,1,0,1,1
28415819,,0,0.000027,87,0.000007,0,1,1,0,1,1
28320393,,0,0.000027,87,0.000007,0,1,1,0,1,1
28281307,,0,0.000027,87,0.000007,0,1,1,0,1,1
28166223,,0,0.000027,87,0.000007,0,1,1,0,1,1
28045898,,0,0.000027,87,0.000007,0,1,1,0,1,1
27904771,,0,0.000027,87,0.000007,0,2,2,0,2,2
27435064,,0,0.000027,87,0.000007,0,1,1,0,1,1
27283899,,0,0.002492,35,0.000007,0,4,4,0,4,4
27200289,,0,0.000027,87,0.000007,0,1,1,0,1,1
27197167,,0,0.000027,87,0.000007,0,1,1,0,1,1
27168723,,0,0.000027,87,0.000007,0,1,1,0,1,1
27157613,,0,0.000027,87,0.000007,0,1,1,0,1,1
26679199,,0,0.000027,87,0.000007,0,1,1,0,1,1
26378038,,0,0.000027,87,0.000007,0,1,1,0,1,1
26356817,,0,0.000027,87,0.000007,0,1,1,0,1,1
26179105,,0,0.000027,87,0.000025,3,1,4,3,1,4
26132936,,0,0.000027,87,0.000007,0,1,1,0,1,1
25669969,,0,0.000027,87,0.000007,0,1,1,0,1,1
25593313,,0,0.00003,241,0.000007,0,2,2,0,2,2
25223915,,0,0.000027,87,0.000007,0,1,1,0,1,1
25057313,,0,0.000027,87,0.000007,0,1,1,0,1,1
24994904,,0,0.000027,87,0.000007,0,1,1,0,1,1
24765191,,0,0.000027,87,0.000007,0,1,1,0,1,1
24735615,,0,0.000027,87,0.000007,0,1,1,0,1,1
24550933,,0,0.000029,35,0.000007,0,2,2,0,2,2
23965903,,0,0.000027,87,0.000007,0,1,1,0,1,1
23874497,,0,0.000027,87,0.000007,0,1,1,0,1,1
23776131,,0,0.000027,87,0.000007,0,1,1,0,1,1
23704896,,0,0.000027,87,0.000007,0,1,1,0,1,1
23233819,,0,0.000027,87,0.000007,0,1,1,0,1,1
23019305,,0,0.000027,87,0.000007,0,1,1,0,1,1
22701509,,0,0.000027,87,0.000007,0,1,1,0,1,1
21575199,,0,0.000027,87,0.000007,0,1,1,0,1,1
21442024,,0,0.000027,87,0.000007,0,1,1,0,1,1
30020984,,0,0.000205,1,0.000007,0,1,1,0,1,1
30004803,,0,0.000205,1,0.000007,0,1,1,0,1,1
29410158,,0,0.001052,1,0.000007,0,2,2,0,2,2
29152079,,0,0.000263,1,0.000007,0,3,3,0,3,3
28686582,,0,0.00197,1,0.000007,0,5,5,0,5,5
28108511,,0,0.000641,1,0.000007,0,5,5,0,5,5
28031413,,0,0.00067,1,0.000007,0,4,4,0,4,4
26900125,,0,0.000247,1,0.000007,0,3,3,0,3,3
24386506,,0,0.000205,1,0.000007,0,1,1,0,1,1
23807292,,0,0.000205,1,0.000007,0,1,1,0,1,1
22472897,,0,0.000205,1,0.000007,0,1,1,0,1,1
21781528,,0.00017,0,24,0.000011,4,0,4,4,0,4
27644316,,0,0.000001,57,0.000007,0,1,1,0,1,1
21787748,,0.000052,0,57,0.000046,10,0,10,10,0,10
25947323,,0,0.000001,57,0.000007,0,1,1,0,1,1
24244594,,0,0.000001,57,0.000007,0,1,1,0,1,1
23772373,,0,0.000001,57,0.000007,0,1,1,0,1,1
21792861,,0.002144,0,5,0.000051,34,0,34,34,0,34
26140125,,0,0.000041,5,0.000007,0,1,1,0,1,1
25038531,,0,0.000041,5,0.000007,0,1,1,0,1,1
23943421,,0,0.000041,5,0.000007,0,1,1,0,1,1
30150917,,0,0,233,0.000007,0,1,1,0,1,1
21793996,,0,0,233,0.000019,2,0,2,2,0,2
24551687,,0,0,233,0.000007,0,1,1,0,1,1
21797732,,0.001624,0,5,0.000013,10,0,10,10,0,10
26568984,,0,0.000112,89,0.000007,0,3,3,0,3,3
25972356,,0,0.00006,100,0.000007,0,1,1,0,1,1
26573160,,0,0.000018,69,0.000007,0,2,2,0,2,2
23396049,,0,0.000015,69,0.000007,0,1,1,0,1,1
21804388,,0.001573,0,69,0.000013,10,0,10,10,0,10
21808774,,0.000014,0,35,0.000021,3,0,3,3,0,3
24997336,,0,0,35,0.000007,0,1,1,0,1,1
23635904,,0,0,35,0.000007,0,1,1,0,1,1
21809034,,0.000412,0,100,0.000017,6,0,6,6,0,6
26221168,,0,0.000008,100,0.000007,0,1,1,0,1,1
21811163,,0.00057,0,140,0.000054,25,0,25,25,0,25
30043523,,0,0.00006,140,0.000007,0,3,3,0,3,3
29681620,,0,0.000011,140,0.000007,0,1,1,0,1,1
28766224,,0.000088,0.000098,140,0.000008,3,5,8,3,5,8
27896972,,0,0.000193,205,0.000007,0,4,4,0,4,4
27011058,,0,0.000011,140,0.000007,0,1,1,0,1,1
26890453,,0,0.000011,140,0.000007,0,1,1,0,1,1
24195999,,0,0.000011,140,0.000007,0,1,1,0,1,1
21811815,,0.000522,0,89,0.000012,7,0,7,7,0,7
21815142,,0.000161,0,176,0.000034,8,0,8,8,0,8
25987900,,0,0.000003,176,0.000007,0,1,1,0,1,1
23341857,,0,0.000003,176,0.000007,0,1,1,0,1,1
30356061,,0,0.000001,57,0.000007,0,1,1,0,1,1
30216987,,0,0.000001,57,0.000007,0,1,1,0,1,1
30172386,,0,0.000001,57,0.000007,0,1,1,0,1,1
30140690,,0,0.000001,57,0.000007,0,1,1,0,1,1
29982790,,0,0.000001,57,0.000007,0,1,1,0,1,1
29668749,,0,0.000001,57,0.000007,0,2,2,0,2,2
29484452,,0,0.000001,57,0.000007,0,2,2,0,2,2
29126205,,0,0.000001,57,0.000007,0,1,1,0,1,1
28979292,,0,0.000001,57,0.000007,0,1,1,0,1,1
28977645,,0,0.000585,57,0.000007,0,3,3,0,3,3
28955846,,0,0.000001,57,0.000007,0,1,1,0,1,1
28680808,,0,0.000001,57,0.000007,0,1,1,0,1,1
28444308,,0,0.000001,57,0.000007,0,1,1,0,1,1
28389642,,0,0.000001,57,0.000007,0,1,1,0,1,1
28369510,,0,0.000001,57,0.000007,0,1,1,0,1,1
28208646,,0,0.000001,57,0.000007,0,1,1,0,1,1
28035244,,0,0.000001,57,0.000007,0,1,1,0,1,1
28005945,,0,0.000001,57,0.000007,0,1,1,0,1,1
27738453,,0,0.000001,57,0.000007,0,1,1,0,1,1
27669647,,0,0.000001,57,0.000007,0,1,1,0,1,1
27078685,,0,0.000001,57,0.000007,0,1,1,0,1,1
26978349,,0,0.000001,57,0.000007,0,1,1,0,1,1
26971574,,0,0.000001,57,0.000007,0,1,1,0,1,1
26695179,,0,0.000001,57,0.000007,0,1,1,0,1,1
26238519,,0,0.000001,57,0.000007,0,1,1,0,1,1
25685838,,0,0.000001,57,0.000007,0,1,1,0,1,1
25552531,,0,0.000001,57,0.000007,0,1,1,0,1,1
25409465,,0,0.000001,57,0.000007,0,1,1,0,1,1
25197373,,0,0.000001,57,0.000007,0,1,1,0,1,1
25026169,,0,0.000001,57,0.000007,0,1,1,0,1,1
24832107,,0,0.000001,57,0.000007,0,1,1,0,1,1
24740153,,0,0.000001,57,0.000007,0,1,1,0,1,1
24563617,,0,0.000001,57,0.000007,0,1,1,0,1,1
24408877,,0,0.000001,57,0.000007,0,1,1,0,1,1
24184271,,0,0.000001,57,0.000007,0,1,1,0,1,1
24153112,,0,0.000004,72,0.000007,0,2,2,0,2,2
23969416,,0,0.000001,57,0.000007,0,1,1,0,1,1
23882128,,0,0.000001,57,0.000007,0,1,1,0,1,1
23620297,,0,0.000001,57,0.000007,0,1,1,0,1,1
23616785,,0,0.000001,57,0.000007,0,1,1,0,1,1
23515654,,0,0.000001,57,0.000007,0,1,1,0,1,1
23255114,,0,0.000003,57,0.000007,0,2,2,0,2,2
22378781,,0,0.000001,57,0.000007,0,1,1,0,1,1
24012080,,0,0.00004,1,0.000007,0,1,1,0,1,1
30013182,,0,0.001557,1,0.000007,0,2,2,0,2,2
29326930,,0,0.000954,1,0.000007,0,2,2,0,2,2
28947502,,0,0.001523,1,0.000007,0,2,2,0,2,2
28515503,,0,0.001916,1,0.000007,0,5,5,0,5,5
27806302,,0,0.00095,1,0.000007,0,1,1,0,1,1
27264557,,0,0.001351,265,0.000007,0,6,6,0,6,6
27067600,,0,0.00095,1,0.000007,0,1,1,0,1,1
26990173,,0,0.001231,1,0.000007,0,2,2,0,2,2
26654227,,0,0.000962,1,0.000007,0,3,3,0,3,3
26539453,,0,0.00095,1,0.000007,0,1,1,0,1,1
26338418,,0,0.00095,1,0.000007,0,1,1,0,1,1
25753674,,0,0.00095,1,0.000007,0,1,1,0,1,1
25551153,,0,0.00095,1,0.000007,0,1,1,0,1,1
23355608,,0,0.00095,1,0.000007,0,1,1,0,1,1
22252118,,0,0.00095,1,0.000007,0,1,1,0,1,1
30157950,,0,0.000013,184,0.000007,0,1,1,0,1,1
30046139,,0,0.000013,184,0.000007,0,1,1,0,1,1
30008696,,0,0.000013,184,0.000007,0,1,1,0,1,1
29568694,,0,0.000013,184,0.000007,0,1,1,0,1,1
29416566,,0,0.000013,184,0.000007,0,1,1,0,1,1
28410238,,0,0.00002,184,0.000007,0,2,2,0,2,2
26998167,,0,0.000013,184,0.000007,0,1,1,0,1,1
25379018,,0,0.000014,184,0.000007,0,2,2,0,2,2
25279981,,0,0.000013,184,0.000007,0,1,1,0,1,1
24719895,,0,0.000013,184,0.000007,0,1,1,0,1,1
24498269,,0,0.000013,184,0.000007,0,1,1,0,1,1
23637804,,0,0.000013,184,0.000007,0,1,1,0,1,1
23273986,,0,0.000013,184,0.000007,0,1,1,0,1,1
22689985,,0,0.00002,184,0.000007,0,2,2,0,2,2
22626625,,0,0.000013,184,0.000007,0,1,1,0,1,1
22489017,,0,0.000013,184,0.000007,0,1,1,0,1,1
21833819,,0.000403,0,5,0.000014,3,0,3,3,0,3
26949274,,0,0.000008,5,0.000007,0,1,1,0,1,1
27270325,,0,0.000005,48,0.000007,0,1,1,0,1,1
24525918,,0,0.000005,48,0.000007,0,1,1,0,1,1
21835933,,0.010487,0,1,0.000048,21,0,21,21,0,21
26918222,,0.000897,0.0002,1,0.000007,1,1,2,1,1,2
23485623,,0,0.0002,246,0.000007,0,2,2,0,2,2
21839586,,0.000009,0,100,0.00001,1,0,1,1,0,1
21840613,,0.000537,0,41,0.00008,25,0,25,25,0,25
29997220,,0,0.00001,41,0.000007,0,1,1,0,1,1
29184082,,0,0.000012,41,0.000007,0,2,2,0,2,2
28894989,,0,0.00001,41,0.000007,0,1,1,0,1,1
28615324,,0,0.00001,41,0.000007,0,1,1,0,1,1
28075351,,0,0.00001,41,0.000007,0,1,1,0,1,1
26629316,,0,0.00001,41,0.000007,0,1,1,0,1,1
25482934,,0,0.00001,41,0.000007,0,1,1,0,1,1
23180966,,0,0.00001,41,0.000007,0,1,1,0,1,1
29065945,,0,0.000071,205,0.000007,0,2,2,0,2,2
28813559,,0,0.000014,5,0.000007,0,1,1,0,1,1
21847643,,0.00021,0,35,0.000009,3,0,3,3,0,3
21849300,,0.001123,0,69,0.000026,16,0,16,16,0,16
29962519,,0,0.000158,69,0.000007,0,9,9,0,9,9
25788825,,0,0.000021,69,0.000007,0,1,1,0,1,1
21850394,,0.000351,0,5,0.000009,7,0,7,7,0,7
21851340,,0.000035,0,367,0.00008,16,0,16,16,0,16
28988953,,0,0.000001,367,0.000007,0,1,1,0,1,1
28538147,,0,0.000001,367,0.000007,0,1,1,0,1,1
28338014,,0,0.000001,367,0.000007,0,1,1,0,1,1
25702870,,0,0.000001,367,0.000007,0,1,1,0,1,1
25489924,,0,0.000001,367,0.000007,0,1,1,0,1,1
25231079,,0,0.000001,367,0.000007,0,1,1,0,1,1
24752541,,0,0.000001,367,0.000007,0,1,1,0,1,1
24290882,,0,0.000001,367,0.000007,0,1,1,0,1,1
23953109,,0,0.000001,367,0.000007,0,1,1,0,1,1
23617878,,0,0.000001,367,0.000007,0,1,1,0,1,1
30361544,,0,0.000014,247,0.000007,0,1,1,0,1,1
30302273,,0,0.000014,247,0.000007,0,1,1,0,1,1
30240752,,0,0.000014,247,0.000007,0,1,1,0,1,1
30013179,,0,0.000014,247,0.000007,0,1,1,0,1,1
29558460,,0,0.000014,247,0.000007,0,1,1,0,1,1
29440645,,0,0.000014,247,0.000007,0,1,1,0,1,1
29352263,,0,0.000014,247,0.000007,0,1,1,0,1,1
29170395,,0,0.000014,247,0.000007,0,1,1,0,1,1
28661481,,0,0.000014,247,0.000007,0,1,1,0,1,1
28334734,,0,0.000014,247,0.000007,0,1,1,0,1,1
28208750,,0,0.000014,247,0.000007,0,1,1,0,1,1
28193315,,0,0.000014,247,0.000007,0,1,1,0,1,1
28117785,,0,0.000014,247,0.000007,0,1,1,0,1,1
27895316,,0,0.000014,247,0.000007,0,1,1,0,1,1
27768121,,0,0.000014,247,0.000007,0,1,1,0,1,1
27252396,,0,0.000014,247,0.000007,0,1,1,0,1,1
27161365,,0,0.000014,247,0.000007,0,1,1,0,1,1
27004936,,0,0.000014,247,0.000007,0,1,1,0,1,1
26958853,,0,0.000014,247,0.000007,0,1,1,0,1,1
26228485,,0,0.000014,247,0.000007,0,1,1,0,1,1
26159997,,0,0.000014,247,0.000007,0,1,1,0,1,1
25877892,,0,0.000385,247,0.000007,0,2,2,0,2,2
25621497,,0,0.000014,247,0.000007,0,1,1,0,1,1
25519840,,0,0.000014,247,0.000007,0,1,1,0,1,1
25380055,,0,0.000014,247,0.000007,0,1,1,0,1,1
25010984,,0,0.000014,247,0.000007,0,1,1,0,1,1
24658219,,0,0.000014,247,0.000007,0,1,1,0,1,1
24348754,,0,0.000014,247,0.000007,0,1,1,0,1,1
24213507,,0,0.000014,247,0.000007,0,1,1,0,1,1
24156017,,0,0.000014,247,0.000007,0,1,1,0,1,1
24067972,,0,0.000014,247,0.000007,0,1,1,0,1,1
23914348,,0,0.000014,247,0.000007,0,1,1,0,1,1
23709119,,0,0.000014,247,0.000007,0,1,1,0,1,1
23300120,,0,0.000014,247,0.000007,0,1,1,0,1,1
23255111,,0,0.000014,247,0.000007,0,1,1,0,1,1
23222436,,0,0.000022,247,0.000007,0,2,2,0,2,2
22804234,,0,0.000014,247,0.000007,0,1,1,0,1,1
22552812,,0,0.000014,247,0.000007,0,1,1,0,1,1
22214600,,0,0.000014,247,0.000007,0,1,1,0,1,1
29391899,,0,0,48,0.000007,0,1,1,0,1,1
21853936,,0.000004,0,48,0.000018,3,0,3,3,0,3
25559953,,0,0.00004,48,0.000007,0,2,2,0,2,2
28361707,,0,0,2,0.000007,0,1,1,0,1,1
28303033,,0,0,2,0.000007,0,1,1,0,1,1
27153555,,0,0,2,0.000007,0,1,1,0,1,1
25874603,,0,0,2,0.000007,0,1,1,0,1,1
24818247,,0,0,2,0.000007,0,1,1,0,1,1
22502949,,0,0,2,0.000007,0,1,1,0,1,1
26392712,,0,0,234,0.000007,0,1,1,0,1,1
21857521,,0,0,234,0.000019,2,0,2,2,0,2
24475102,,0,0,234,0.000007,0,1,1,0,1,1
29690864,,0,0,235,0.000007,0,1,1,0,1,1
21858416,,0,0,235,0.000019,2,0,2,2,0,2
25298546,,0,0,235,0.000007,0,1,1,0,1,1
27057370,,0,0,236,0.000007,0,1,1,0,1,1
21859355,,0,0,236,0.000013,1,0,1,1,0,1
21862407,,0.125303,0,1,0.0004,266,0,266,266,0,266
29374168,,0,0.002463,1,0.000007,0,2,2,0,2,2
29194564,,0,0.003236,1,0.000007,0,2,2,0,2,2
29142606,,0,0.002389,1,0.000007,0,1,1,0,1,1
28415695,,0,0.002389,1,0.000007,0,1,1,0,1,1
27870437,,0,0.002389,1,0.000007,0,1,1,0,1,1
27690302,,0,0.002463,1,0.000007,0,2,2,0,2,2
27686740,,0,0.00933,1,0.000007,0,11,11,0,11,11
27186439,,0,0.002389,1,0.000007,0,1,1,0,1,1
27051317,,0,0.002389,1,0.000007,0,1,1,0,1,1
27028851,,0,0.002389,1,0.000007,0,1,1,0,1,1
25848337,,0,0.002445,1,0.000007,0,2,2,0,2,2
25535693,,0,0.004576,1,0.000007,0,4,4,0,4,4
25230372,,0,0.004449,1,0.000007,0,2,2,0,2,2
24818173,,0,0.002531,35,0.000007,0,4,4,0,4,4
23715943,,0,0.002389,1,0.000007,0,1,1,0,1,1
23459506,,0,0.003504,1,0.000007,0,2,2,0,2,2
23346317,,0,0.004449,1,0.000007,0,2,2,0,2,2
22517119,,0,0.002389,1,0.000007,0,1,1,0,1,1
21862729,,0.000765,0,24,0.000061,22,0,22,22,0,22
29556278,,0,0.000015,24,0.000007,0,1,1,0,1,1
29163710,,0,0.000033,24,0.000007,0,5,5,0,5,5
28493978,,0,0.000017,82,0.000007,0,3,3,0,3,3
28454330,,0,0.000018,24,0.000007,0,3,3,0,3,3
25646628,,0,0.000191,100,0.000007,0,4,4,0,4,4
24707483,,0,0.000015,24,0.000007,0,1,1,0,1,1
30181811,,0,0.000019,232,0.000007,0,1,1,0,1,1
29658272,,0,0.00002,232,0.000007,0,2,2,0,2,2
29519818,,0,0.000019,232,0.000007,0,1,1,0,1,1
29499938,,0,0.000019,232,0.000007,0,1,1,0,1,1
29374057,,0,0.000019,232,0.000007,0,1,1,0,1,1
29295546,,0,0.000019,232,0.000007,0,1,1,0,1,1
29254210,,0,0.000019,232,0.000007,0,1,1,0,1,1
29118097,,0,0.000019,232,0.000007,0,1,1,0,1,1
29033132,,0,0.000019,232,0.000007,0,1,1,0,1,1
28925398,,0,0.000019,232,0.000007,0,1,1,0,1,1
28732278,,0,0.000019,232,0.000007,0,1,1,0,1,1
28648379,,0,0.000019,232,0.000007,0,1,1,0,1,1
28300603,,0,0.000019,232,0.000007,0,1,1,0,1,1
28140569,,0,0.00002,232,0.000007,0,2,2,0,2,2
28040451,,0,0.000019,232,0.000007,0,1,1,0,1,1
27918549,,0,0.000019,232,0.000007,0,1,1,0,1,1
27900362,,0,0.000019,232,0.000007,0,1,1,0,1,1
27821801,,0,0.000019,232,0.000007,0,1,1,0,1,1
27791197,,0,0.000042,232,0.000007,0,2,2,0,2,2
27506794,,0,0.000019,232,0.000007,0,1,1,0,1,1
27485036,,0,0.000019,232,0.000007,0,1,1,0,1,1
27249653,,0,0.000019,232,0.000007,0,1,1,0,1,1
27195677,,0,0.000019,232,0.000007,0,2,2,0,2,2
27158335,,0,0.000019,232,0.000007,0,1,1,0,1,1
27090638,,0,0.000019,232,0.000007,0,1,1,0,1,1
27048589,,0,0.000019,232,0.000007,0,1,1,0,1,1
26973248,,0,0.000019,232,0.000007,0,1,1,0,1,1
26846634,,0,0.000019,232,0.000007,0,1,1,0,1,1
26630263,,0,0.000019,232,0.000007,0,1,1,0,1,1
26593974,,0,0.000019,232,0.000007,0,1,1,0,1,1
26028666,,0,0.000019,232,0.000007,0,1,1,0,1,1
25980579,,0,0.000019,232,0.000007,0,1,1,0,1,1
25882842,,0,0.000019,232,0.000007,0,1,1,0,1,1
25850036,,0,0.000027,232,0.000007,0,2,2,0,2,2
25670854,,0,0.000019,232,0.000007,0,1,1,0,1,1
25654763,,0,0.000019,232,0.000007,0,1,1,0,1,1
25628956,,0,0.000019,232,0.000007,0,1,1,0,1,1
25482633,,0,0.000049,35,0.000007,0,2,2,0,2,2
25449262,,0,0.000019,232,0.000007,0,1,1,0,1,1
25400118,,0,0.000019,232,0.000007,0,1,1,0,1,1
25396681,,0,0.000019,232,0.000007,0,1,1,0,1,1
25355043,,0,0.000019,232,0.000007,0,1,1,0,1,1
25216516,,0,0.000019,232,0.000007,0,1,1,0,1,1
25196972,,0,0.000019,232,0.000007,0,1,1,0,1,1
25128494,,0,0.000019,232,0.000007,0,1,1,0,1,1
25117710,,0,0.000019,232,0.000007,0,1,1,0,1,1
25000203,,0,0.000019,232,0.000007,0,1,1,0,1,1
24875217,,0,0.000019,232,0.000007,0,1,1,0,1,1
24777531,,0,0.000019,232,0.000007,0,1,1,0,1,1
24706823,,0,0.000019,232,0.000007,0,1,1,0,1,1
24657926,,0,0.000019,232,0.000007,0,1,1,0,1,1
24569229,,0,0.000027,232,0.000007,0,2,2,0,2,2
24567357,,0,0.000019,232,0.000007,0,1,1,0,1,1
24466333,,0,0.000019,232,0.000007,0,1,1,0,1,1
24384571,,0,0.000019,232,0.000007,0,1,1,0,1,1
24074588,,0,0.000019,232,0.000007,0,1,1,0,1,1
24069563,,0,0.000019,232,0.000007,0,1,1,0,1,1
24015288,,0,0.000019,232,0.000007,0,1,1,0,1,1
23799367,,0,0.000019,232,0.000007,0,1,1,0,1,1
23669031,,0,0.000019,232,0.000007,0,1,1,0,1,1
23652010,,0,0.000019,232,0.000007,0,1,1,0,1,1
23528706,,0,0.000019,232,0.000007,0,1,1,0,1,1
23526763,,0,0.000019,232,0.000007,0,1,1,0,1,1
23478445,,0,0.000019,232,0.000007,0,1,1,0,1,1
23375009,,0,0.000019,232,0.000007,0,1,1,0,1,1
23301498,,0,0.000019,232,0.000007,0,1,1,0,1,1
23151137,,0,0.000019,232,0.000007,0,1,1,0,1,1
23136067,,0,0.000019,232,0.000007,0,1,1,0,1,1
23110050,,0,0.000019,232,0.000007,0,1,1,0,1,1
23085373,,0,0.000019,232,0.000007,0,1,1,0,1,1
22962057,,0,0.000019,232,0.000007,0,1,1,0,1,1
22836916,,0,0.000019,232,0.000007,0,1,1,0,1,1
22827778,,0,0.000019,232,0.000007,0,1,1,0,1,1
22811387,,0,0.000019,232,0.000007,0,1,1,0,1,1
22730341,,0,0.000019,232,0.000007,0,1,1,0,1,1
22710170,,0,0.000019,232,0.000007,0,1,1,0,1,1
22673504,,0,0.000019,232,0.000007,0,1,1,0,1,1
22649777,,0,0.000019,232,0.000007,0,1,1,0,1,1
22649776,,0,0.000019,232,0.000007,0,1,1,0,1,1
22375140,,0,0.000019,232,0.000007,0,1,1,0,1,1
22184113,,0,0.000019,232,0.000007,0,1,1,0,1,1
30473665,,0,0.000095,35,0.000007,0,2,2,0,2,2
27199756,,0,0.000022,35,0.000007,0,1,1,0,1,1
24834917,,0,0.000022,35,0.000007,0,1,1,0,1,1
22808264,,0,0.000022,35,0.000007,0,1,1,0,1,1
21863257,,0.000148,0,140,0.00001,5,0,5,5,0,5
21865136,,0,0,5,0.00001,1,0,1,1,0,1
30263026,,0,0,237,0.000007,0,1,1,0,1,1
21868518,,0,0,237,0.000019,2,0,2,2,0,2
30127925,,0,0,237,0.000007,0,1,1,0,1,1
21869484,,0.000001,0,89,0.000009,1,0,1,1,0,1
24741338,,0,0.000034,1,0.000007,0,1,1,0,1,1
21871984,,0.00022,0,5,0.00002,11,0,11,11,0,11
30069249,,0,0.000016,205,0.000007,0,1,1,0,1,1
29523840,,0,0.000016,205,0.000007,0,1,1,0,1,1
29492197,,0,0.000016,205,0.000007,0,1,1,0,1,1
29284497,,0,0.000016,205,0.000007,0,1,1,0,1,1
29099854,,0,0.000016,205,0.000007,0,1,1,0,1,1
28916820,,0,0.000016,205,0.000007,0,1,1,0,1,1
28740209,,0,0.000016,205,0.000007,0,1,1,0,1,1
28512778,,0,0.000016,205,0.000007,0,1,1,0,1,1
28510587,,0,0.000016,205,0.000007,0,1,1,0,1,1
28473627,,0,0.000016,205,0.000007,0,1,1,0,1,1
28358029,,0,0.000016,205,0.000007,0,1,1,0,1,1
28170284,,0,0.000016,205,0.000007,0,1,1,0,1,1
28154504,,0,0.000016,205,0.000007,0,1,1,0,1,1
28056976,,0,0.000016,205,0.000007,0,1,1,0,1,1
27076762,,0,0.000016,205,0.000007,0,1,1,0,1,1
26782991,,0,0.000016,205,0.000007,0,1,1,0,1,1
26746459,,0,0.000016,205,0.000007,0,1,1,0,1,1
26466382,,0,0.000016,205,0.000007,0,1,1,0,1,1
26207627,,0,0.000016,205,0.000007,0,1,1,0,1,1
26198599,,0,0.000016,205,0.000007,0,1,1,0,1,1
26149738,,0,0.000016,205,0.000007,0,1,1,0,1,1
26063326,,0,0.000016,205,0.000007,0,1,1,0,1,1
25941534,,0,0.000016,205,0.000007,0,1,1,0,1,1
25549360,,0,0.000016,205,0.000007,0,1,1,0,1,1
25495413,,0,0.000016,205,0.000007,0,1,1,0,1,1
25393026,,0,0.000016,205,0.000007,0,1,1,0,1,1
24963154,,0,0.000016,205,0.000007,0,1,1,0,1,1
24922540,,0,0.000016,205,0.000007,0,1,1,0,1,1
24913378,,0,0.000016,205,0.000007,0,1,1,0,1,1
24843659,,0,0.000016,205,0.000007,0,1,1,0,1,1
24651836,,0,0.000016,205,0.000007,0,1,1,0,1,1
24614931,,0,0.000016,205,0.000007,0,1,1,0,1,1
24600475,,0,0.000016,205,0.000007,0,1,1,0,1,1
24141362,,0,0.000016,205,0.000007,0,1,1,0,1,1
24092415,,0,0.000016,205,0.000007,0,1,1,0,1,1
24023808,,0,0.000016,205,0.000007,0,1,1,0,1,1
23990773,,0,0.000016,205,0.000007,0,1,1,0,1,1
23961719,,0,0.000016,205,0.000007,0,1,1,0,1,1
23613681,,0,0.000016,205,0.000007,0,1,1,0,1,1
23574466,,0,0.000016,205,0.000007,0,1,1,0,1,1
23566118,,0,0.000016,205,0.000007,0,1,1,0,1,1
23558482,,0,0.000016,205,0.000007,0,1,1,0,1,1
23455638,,0,0.000016,205,0.000007,0,1,1,0,1,1
23362995,,0,0.000016,205,0.000007,0,1,1,0,1,1
23138309,,0,0.000016,205,0.000007,0,1,1,0,1,1
23110055,,0,0.000016,205,0.000007,0,1,1,0,1,1
22776031,,0,0.000016,205,0.000007,0,1,1,0,1,1
22739348,,0,0.000016,205,0.000007,0,1,1,0,1,1
22532847,,0,0.000016,205,0.000007,0,1,1,0,1,1
22443201,,0,0.000016,205,0.000007,0,1,1,0,1,1
22295058,,0,0.000016,205,0.000007,0,1,1,0,1,1
22216843,,0,0.000016,205,0.000007,0,1,1,0,1,1
22177444,,0,0.000016,205,0.000007,0,1,1,0,1,1
23778472,,0,0,238,0.000007,0,1,1,0,1,1
21873780,,0,0,238,0.000013,1,0,1,1,0,1
21875255,,0.000061,0,231,0.00002,4,0,4,4,0,4
29290962,,0,0.000001,231,0.000007,0,1,1,0,1,1
24086515,,0,0.000001,231,0.000007,0,1,1,0,1,1
21875844,,0.000012,0,5,0.000019,4,0,4,4,0,4
23498890,,0,0,5,0.000007,0,1,1,0,1,1
26895954,,0,0.000039,1,0.000007,0,1,1,0,1,1
25628363,,0,0.000039,1,0.000007,0,1,1,0,1,1
25537422,,0,0.000039,1,0.000007,0,1,1,0,1,1
25130544,,0,0.000089,1,0.000007,0,2,2,0,2,2
24637958,,0,0.000039,1,0.000007,0,1,1,0,1,1
21876083,,0.001064,0,231,0.000042,27,0,27,27,0,27
28033443,,0.000494,0.000117,231,0.000013,9,3,12,9,3,12
28869606,,0,0.00001,176,0.000007,0,1,1,0,1,1
24025445,,0,0.000112,176,0.000007,0,3,3,0,3,3
23780887,,0,0.000954,1,0.000007,0,5,5,0,5,5
23318447,,0,0.00001,176,0.000007,0,1,1,0,1,1
23135524,,0,0.00001,176,0.000007,0,1,1,0,1,1
25580203,,0,0,239,0.000007,0,1,1,0,1,1
21882850,,0,0,239,0.000025,3,0,3,3,0,3
24455482,,0,0,239,0.000007,0,1,1,0,1,1
23361467,,0,0,239,0.000007,0,1,1,0,1,1
21884432,,0.003068,0,1,0.000012,7,0,7,7,0,7
26691012,,0,0.000115,1,0.000007,0,2,2,0,2,2
21885151,,0.000028,0,24,0.000034,6,0,6,6,0,6
27780929,,0,0.000001,24,0.000007,0,1,1,0,1,1
26097600,,0,0.000015,24,0.000007,0,3,3,0,3,3
25202391,,0,0.000001,24,0.000007,0,1,1,0,1,1
24940447,,0,0.000001,24,0.000007,0,1,1,0,1,1
24349760,,0,0.000001,24,0.000007,0,1,1,0,1,1
21885922,,0.000083,0,5,0.00001,4,0,4,4,0,4
21887486,,0.000027,0,89,0.00001,2,0,2,2,0,2
21893034,,0.000199,0,248,0.000091,25,0,25,25,0,25
30246013,,0,0.000004,248,0.000007,0,1,1,0,1,1
29333944,,0,0.000004,248,0.000007,0,1,1,0,1,1
29187213,,0,0.000062,248,0.000007,0,2,2,0,2,2
28694706,,0,0.000004,248,0.000007,0,1,1,0,1,1
28146073,,0,0.000004,248,0.000007,0,1,1,0,1,1
26944083,,0,0.000004,248,0.000007,0,1,1,0,1,1
26939613,,0,0.000005,248,0.000007,0,2,2,0,2,2
26861296,,0,0.000004,248,0.000007,0,1,1,0,1,1
25990727,,0,0.000004,248,0.000007,0,1,1,0,1,1
24285959,,0,0.000004,248,0.000007,0,1,1,0,1,1
23801760,,0,0.000004,248,0.000007,0,1,1,0,1,1
23766705,,0,0.000062,248,0.000007,0,2,2,0,2,2
21893388,,0.000568,0,5,0.000023,11,0,11,11,0,11
21895635,,0.001201,0,89,0.000009,11,0,11,11,0,11
21895638,,0.000134,0,5,0.000028,6,0,6,6,0,6
27413671,,0,0.000003,5,0.000007,0,1,1,0,1,1
27168716,,0,0.000003,5,0.000007,0,1,1,0,1,1
23776494,,0,0.000003,5,0.000007,0,1,1,0,1,1
21897273,,0.000942,0,1,0.00001,3,0,3,3,0,3
21898151,,0.000918,0,5,0.000013,6,0,6,6,0,6
26208166,,0,0.000021,5,0.000007,0,2,2,0,2,2
30241158,,0,0.000001,5,0.000007,0,1,1,0,1,1
21898384,,0.000058,0,5,0.000025,7,0,7,7,0,7
27536182,,0,0.000001,5,0.000007,0,1,1,0,1,1
25374458,,0,0.000151,1,0.000007,0,1,1,0,1,1
21900108,,0.001132,0,231,0.00001,3,0,3,3,0,3
30272267,,0,0.000001,89,0.000007,0,1,1,0,1,1
21901790,,0.000027,0,89,0.000044,7,0,7,7,0,7
29126123,,0,0.000001,89,0.000007,0,1,1,0,1,1
29106618,,0,0.000001,89,0.000007,0,1,1,0,1,1
28105195,,0,0.000001,89,0.000007,0,1,1,0,1,1
27347161,,0,0.000001,89,0.000007,0,1,1,0,1,1
26931283,,0,0.000001,89,0.000007,0,1,1,0,1,1
21908500,,0.005984,0,5,0.000033,35,0,35,35,0,35
30319327,,0,0.000293,5,0.000007,0,2,2,0,2,2
30423088,,0,0.000287,69,0.000007,0,1,1,0,1,1
30380422,,0,0.000304,265,0.000007,0,2,2,0,2,2
30287485,,0,0.000287,69,0.000007,0,1,1,0,1,1
30216655,,0,0.000287,69,0.000007,0,1,1,0,1,1
29980625,,0,0.000287,69,0.000007,0,1,1,0,1,1
29844865,,0,0.000287,69,0.000007,0,1,1,0,1,1
29805632,,0,0.000287,69,0.000007,0,1,1,0,1,1
29764369,,0,0.000287,69,0.000007,0,1,1,0,1,1
29738475,,0,0.000287,69,0.000007,0,1,1,0,1,1
29713020,,0,0.000458,231,0.000007,0,3,3,0,3,3
29616301,,0,0.000287,69,0.000007,0,1,1,0,1,1
29608663,,0,0.000287,69,0.000007,0,1,1,0,1,1
29556353,,0,0.000287,69,0.000007,0,1,1,0,1,1
29504910,,0,0.000287,69,0.000007,0,1,1,0,1,1
29479394,,0,0.000287,69,0.000007,0,1,1,0,1,1
29304754,,0,0.000287,69,0.000007,0,1,1,0,1,1
29295608,,0,0.000287,69,0.000007,0,1,1,0,1,1
29200198,,0,0.000287,69,0.000007,0,1,1,0,1,1
29186335,,0,0.000287,69,0.000007,0,1,1,0,1,1
29097710,,0,0.000287,69,0.000007,0,1,1,0,1,1
29065872,,0,0.000287,69,0.000007,0,1,1,0,1,1
28957656,,0,0.000287,69,0.000007,0,1,1,0,1,1
28922552,,0,0.000287,69,0.000007,0,1,1,0,1,1
28855549,,0,0.000287,69,0.000007,0,1,1,0,1,1
28692054,,0,0.000287,69,0.000007,0,1,1,0,1,1
28659971,,0,0.000871,69,0.000007,0,3,3,0,3,3
28398584,,0,0.000287,69,0.000007,0,1,1,0,1,1
28397780,,0,0.000287,69,0.000007,0,1,1,0,1,1
28333948,,0,0.0005,69,0.000007,0,2,2,0,2,2
28205554,,0,0.000334,100,0.000007,0,2,2,0,2,2
28178989,,0,0.000287,69,0.000007,0,1,1,0,1,1
28168295,,0,0.000287,69,0.000007,0,1,1,0,1,1
28149674,,0,0.000287,69,0.000007,0,1,1,0,1,1
28073370,,0,0.000287,69,0.000007,0,1,1,0,1,1
28067293,,0,0.000287,69,0.000007,0,1,1,0,1,1
28038320,,0,0.000287,69,0.000007,0,1,1,0,1,1
27986087,,0,0.000287,69,0.000007,0,1,1,0,1,1
27899621,,0,0.000287,69,0.000007,0,1,1,0,1,1
27899617,,0,0.000287,69,0.000007,0,1,1,0,1,1
27876821,,0,0.000287,69,0.000007,0,1,1,0,1,1
27808240,,0,0.000287,69,0.000007,0,1,1,0,1,1
27758891,,0,0.000287,69,0.000007,0,1,1,0,1,1
27740470,,0,0.000287,69,0.000007,0,1,1,0,1,1
27667792,,0,0.000287,69,0.000007,0,1,1,0,1,1
27587696,,0,0.000287,69,0.000007,0,1,1,0,1,1
27540270,,0,0.000287,69,0.000007,0,1,1,0,1,1
27484480,,0,0.000287,69,0.000007,0,1,1,0,1,1
27482531,,0,0.000287,69,0.000007,0,1,1,0,1,1
27421136,,0,0.000287,69,0.000007,0,1,1,0,1,1
27340651,,0,0.000287,69,0.000007,0,1,1,0,1,1
27270107,,0,0.000287,69,0.000007,0,1,1,0,1,1
27243824,,0,0.000287,69,0.000007,0,1,1,0,1,1
27153670,,0,0.000287,69,0.000007,0,1,1,0,1,1
27148394,,0,0.000287,69,0.000007,0,1,1,0,1,1
27135912,,0,0.000287,69,0.000007,0,1,1,0,1,1
27126562,,0,0.000287,69,0.000007,0,1,1,0,1,1
27105842,,0,0.000287,69,0.000007,0,1,1,0,1,1
27088724,,0,0.000287,69,0.000007,0,1,1,0,1,1
27026680,,0,0.000287,69,0.000007,0,1,1,0,1,1
26980320,,0,0.000287,69,0.000007,0,1,1,0,1,1
26963104,,0,0.000287,69,0.000007,0,1,1,0,1,1
26947078,,0,0.000287,69,0.000007,0,1,1,0,1,1
26870081,,0,0.001019,69,0.000007,0,2,2,0,2,2
26860319,,0,0.000287,69,0.000007,0,1,1,0,1,1
26837275,,0,0.000287,69,0.000007,0,1,1,0,1,1
26779250,,0,0.000287,69,0.000007,0,1,1,0,1,1
26683094,,0,0.000287,69,0.000007,0,2,2,0,2,2
26664652,,0,0.000287,69,0.000007,0,1,1,0,1,1
26645471,,0,0.000287,69,0.000007,0,1,1,0,1,1
26631547,,0,0.000287,69,0.000007,0,1,1,0,1,1
26379039,,0,0.000287,69,0.000007,0,1,1,0,1,1
26253137,,0,0.000289,35,0.000007,0,2,2,0,2,2
26212640,,0,0.000287,69,0.000007,0,1,1,0,1,1
26169172,,0,0.000287,69,0.000007,0,1,1,0,1,1
26167067,,0,0.000287,69,0.000007,0,1,1,0,1,1
26099165,,0,0.000287,69,0.000007,0,1,1,0,1,1
26072494,,0,0.000287,69,0.000007,0,1,1,0,1,1
25941339,,0,0.000287,69,0.000007,0,1,1,0,1,1
25926297,,0,0.000287,69,0.000007,0,1,1,0,1,1
25785493,,0,0.000287,69,0.000007,0,1,1,0,1,1
25691827,,0,0.000287,69,0.000007,0,1,1,0,1,1
25573922,,0,0.00038,69,0.000007,0,2,2,0,2,2
25417114,,0,0.000287,69,0.000007,0,1,1,0,1,1
25392681,,0,0.000287,69,0.000007,0,1,1,0,1,1
25348067,,0,0.000287,69,0.000007,0,1,1,0,1,1
25161255,,0,0.000287,69,0.000007,0,1,1,0,1,1
25135958,,0,0.000287,69,0.000007,0,1,1,0,1,1
25124859,,0,0.000287,69,0.000007,0,1,1,0,1,1
25086704,,0,0.000287,69,0.000007,0,1,1,0,1,1
25086664,,0,0.000287,69,0.000007,0,1,1,0,1,1
25057111,,0,0.000287,69,0.000007,0,1,1,0,1,1
24988079,,0,0.000287,69,0.000007,0,1,1,0,1,1
24932098,,0,0.000287,69,0.000007,0,1,1,0,1,1
24931984,,0,0.000287,69,0.000007,0,1,1,0,1,1
24913233,,0,0.000287,69,0.000007,0,1,1,0,1,1
24793136,,0,0.000287,69,0.000007,0,1,1,0,1,1
24675718,,0,0.000287,69,0.000007,0,1,1,0,1,1
24584084,,0,0.000287,69,0.000007,0,1,1,0,1,1
24491042,,0,0.000287,69,0.000007,0,1,1,0,1,1
24297863,,0,0.000287,69,0.000007,0,1,1,0,1,1
24297532,,0,0.000287,69,0.000007,0,1,1,0,1,1
24214964,,0,0.000662,69,0.000007,0,3,3,0,3,3
24096568,,0,0.000659,69,0.000007,0,3,3,0,3,3
24068901,,0,0.000287,69,0.000007,0,1,1,0,1,1
23986566,,0,0.000287,69,0.000007,0,1,1,0,1,1
23813010,,0,0.000287,69,0.000007,0,1,1,0,1,1
23796897,,0,0.002347,69,0.000007,0,2,2,0,2,2
23762457,,0,0.000287,69,0.000007,0,1,1,0,1,1
23353056,,0,0.000287,69,0.000007,0,1,1,0,1,1
23343428,,0,0.000287,69,0.000007,0,1,1,0,1,1
23255073,,0,0.000287,69,0.000007,0,1,1,0,1,1
23117078,,0,0.000287,69,0.000007,0,1,1,0,1,1
23111104,,0,0.000287,69,0.000007,0,1,1,0,1,1
23056458,,0,0.000287,69,0.000007,0,1,1,0,1,1
22290264,,0,0.000287,69,0.000007,0,1,1,0,1,1
30420728,,0,0.000008,100,0.000007,0,4,4,0,4,4
28923881,,0,0.000007,100,0.000007,0,1,1,0,1,1
27768589,,0,0.000007,231,0.000007,0,2,2,0,2,2
26793013,,0,0.000007,100,0.000007,0,1,1,0,1,1
23484022,,0,0.000007,100,0.000007,0,1,1,0,1,1
28465371,,0,0.000177,1,0.000007,0,2,2,0,2,2
21913063,,0.006079,0,1,0.000027,18,0,18,18,0,18
24510188,,0,0.000116,1,0.000007,0,1,1,0,1,1
21913283,,0.000662,0,5,0.000011,9,0,9,9,0,9
23226788,,0,0.000008,279,0.000007,0,1,1,0,1,1
26082923,,0,0.000003,2,0.000007,0,1,1,0,1,1
24369822,,0,0.000003,2,0.000007,0,1,1,0,1,1
22941641,,0,0.000003,2,0.000007,0,1,1,0,1,1
21916573,,0.002201,0,5,0.000015,12,0,12,12,0,12
26622596,,0,0.000045,1,0.000007,0,1,1,0,1,1
21916578,,0.002338,0,1,0.000035,12,0,12,12,0,12
25493570,,0,0.000759,35,0.000007,0,4,4,0,4,4
24558642,,0,0.000045,1,0.000007,0,1,1,0,1,1
23959886,,0,0.000045,1,0.000007,0,1,1,0,1,1
21918853,,0.000078,0,89,0.000007,1,0,1,1,0,1
21918854,,0.000569,0,89,0.000013,7,0,7,7,0,7
21919902,,0.000195,0,205,0.000012,4,0,4,4,0,4
29535250,,0,0.000004,5,0.000007,0,3,3,0,3,3
26147254,,0,0.000098,205,0.000007,0,3,3,0,3,3
30088263,,0,0.000014,100,0.000007,0,2,2,0,2,2
29362861,,0,0.000002,100,0.000007,0,1,1,0,1,1
27056890,,0,0.000002,100,0.000007,0,1,1,0,1,1
24733044,,0,0.000002,100,0.000007,0,1,1,0,1,1
23773213,,0,0.000002,100,0.000007,0,1,1,0,1,1
23425604,,0,0.000002,100,0.000007,0,1,1,0,1,1
23257780,,0,0.000042,279,0.000007,0,3,3,0,3,3
21920589,,0.003319,0,1,0.000028,17,0,17,17,0,17
21922196,,0.00543,0,1,0.000082,20,0,20,20,0,20
27811367,,0,0.000104,1,0.000007,0,1,1,0,1,1
22896814,,0,0.000299,1,0.000007,0,2,2,0,2,2
21922275,,0.000002,0,279,0.000022,4,0,4,4,0,4
25351351,,0,0,279,0.000007,0,1,1,0,1,1
24998474,,0,0,279,0.000007,0,1,1,0,1,1
21922593,,0.000631,0,140,0.000009,5,0,5,5,0,5
21925988,,0.000026,0,5,0.000007,1,0,1,1,0,1
21931031,,0.002,0,1,0.000016,4,0,4,4,0,4
28199325,,0,0.000129,89,0.000007,0,4,4,0,4,4
29527141,,0,0.000002,35,0.000007,0,1,1,0,1,1
21932769,,0.000124,0,35,0.000059,10,0,10,10,0,10
28910098,,0,0.000002,35,0.000007,0,1,1,0,1,1
26487484,,0,0.000002,35,0.000007,0,1,1,0,1,1
25097466,,0,0.000002,35,0.000007,0,1,1,0,1,1
24727329,,0,0.000002,35,0.000007,0,1,1,0,1,1
23799655,,0,0.000002,35,0.000007,0,1,1,0,1,1
23339100,,0,0.000002,35,0.000007,0,1,1,0,1,1
23022584,,0,0.000002,35,0.000007,0,1,1,0,1,1
26134508,,0,0.000014,241,0.000007,0,1,1,0,1,1
26122708,,0,0.000014,241,0.000007,0,1,1,0,1,1
26053096,,0,0.000189,241,0.000007,0,2,2,0,2,2
25897966,,0,0.000014,241,0.000007,0,1,1,0,1,1
25733817,,0,0.000014,241,0.000007,0,1,1,0,1,1
25364233,,0,0.000014,241,0.000007,0,1,1,0,1,1
24552536,,0,0.000014,241,0.000007,0,1,1,0,1,1
22810811,,0,0.000014,241,0.000007,0,1,1,0,1,1
22339499,,0,0.000014,241,0.000007,0,1,1,0,1,1
30416852,,0,0.000141,205,0.000007,0,1,1,0,1,1
30344961,,0,0.000141,205,0.000007,0,1,1,0,1,1
29731985,,0,0.002042,205,0.000007,0,9,9,0,9,9
28675654,,0,0.002998,205,0.000007,0,6,6,0,6,6
28440963,,0,0.000283,205,0.000007,0,3,3,0,3,3
27747081,,0,0.000141,205,0.000007,0,1,1,0,1,1
27708512,,0,0.002051,205,0.000007,0,4,4,0,4,4
27649047,,0,0.000305,205,0.000007,0,3,3,0,3,3
27498862,,0,0.000422,205,0.000007,0,3,3,0,3,3
27096032,,0,0.00042,205,0.000007,0,2,2,0,2,2
26681674,,0,0.00046,205,0.000007,0,3,3,0,3,3
25812653,,0,0.000298,205,0.000007,0,2,2,0,2,2
25743105,,0,0.000143,205,0.000007,0,2,2,0,2,2
24189460,,0,0.000316,205,0.000007,0,2,2,0,2,2
22493542,,0,0.000141,205,0.000007,0,1,1,0,1,1
27847402,,0,0,151,0.000007,0,1,1,0,1,1
21934177,,0,0,151,0.000016,2,0,2,2,0,2
25341132,,0,0.000021,5,0.000007,0,3,3,0,3,3
30091834,,0,0.000086,140,0.000007,0,1,1,0,1,1
29963231,,0,0.000086,140,0.000007,0,1,1,0,1,1
29280958,,0,0.000086,140,0.000007,0,1,1,0,1,1
28900507,,0,0.000171,265,0.000007,0,4,4,0,4,4
28562349,,0,0.000094,100,0.000007,0,2,2,0,2,2
28371892,,0,0.000086,140,0.000007,0,1,1,0,1,1
28154773,,0,0.000086,140,0.000007,0,1,1,0,1,1
27613834,,0,0.000108,140,0.000007,0,2,2,0,2,2
27187359,,0,0.000086,140,0.000007,0,1,1,0,1,1
26967056,,0,0.000086,140,0.000007,0,1,1,0,1,1
26355873,,0,0.000086,140,0.000007,0,1,1,0,1,1
25743773,,0,0.000089,279,0.000007,0,2,2,0,2,2
25616258,,0,0.000086,140,0.000007,0,1,1,0,1,1
25502838,,0,0.000086,140,0.000007,0,1,1,0,1,1
25482951,,0,0.000124,140,0.000007,0,2,2,0,2,2
25189739,,0,0.000086,140,0.000007,0,1,1,0,1,1
24996169,,0,0.000086,140,0.000007,0,1,1,0,1,1
24854560,,0,0.000086,140,0.000007,0,1,1,0,1,1
24348513,,0,0.000086,140,0.000007,0,1,1,0,1,1
24263100,,0,0.000086,140,0.000007,0,1,1,0,1,1
24261995,,0,0.000086,140,0.000007,0,1,1,0,1,1
24177167,,0,0.000086,140,0.000007,0,1,1,0,1,1
24073882,,0,0.000086,140,0.000007,0,1,1,0,1,1
23693020,,0,0.000086,140,0.000007,0,1,1,0,1,1
23666369,,0,0.000086,140,0.000007,0,1,1,0,1,1
23610125,,0,0.000086,140,0.000007,0,1,1,0,1,1
23527086,,0,0.000086,140,0.000007,0,1,1,0,1,1
23416982,,0,0.000086,140,0.000007,0,1,1,0,1,1
23329697,,0,0.000086,140,0.000007,0,1,1,0,1,1
23200854,,0,0.000086,140,0.000007,0,1,1,0,1,1
22771542,,0,0.000086,140,0.000007,0,1,1,0,1,1
21947588,,0.000629,0,5,0.000018,8,0,8,8,0,8
25114861,,0,0.000012,5,0.000007,0,1,1,0,1,1
21947752,,0.000851,0,100,0.00001,6,0,6,6,0,6
30429481,,0,0,100,0.000007,0,1,1,0,1,1
27834739,,0,0,100,0.000007,0,1,1,0,1,1
26147956,,0,0,100,0.000007,0,1,1,0,1,1
26092125,,0,0,100,0.000007,0,1,1,0,1,1
29509190,,0,0,90,0.000007,0,1,1,0,1,1
29259445,,0,0,90,0.000007,0,1,1,0,1,1
26137132,,0,0,90,0.000007,0,1,1,0,1,1
24390426,,0,0,90,0.000007,0,1,1,0,1,1
23704839,,0,0,90,0.000007,0,1,1,0,1,1
24999832,,0,0.000003,24,0.000007,0,1,1,0,1,1
23889986,,0,0.000003,24,0.000007,0,1,1,0,1,1
23586056,,0,0.000003,24,0.000007,0,1,1,0,1,1
27308329,,0,0.000161,100,0.000007,0,3,3,0,3,3
24615940,,0,0.000064,100,0.000007,0,1,1,0,1,1
21954532,,0.000011,0,89,0.000007,1,0,1,1,0,1
21954546,,0.000019,0,89,0.000014,2,0,2,2,0,2
23077390,,0,0,89,0.000007,0,1,1,0,1,1
29228613,,0,0.000003,89,0.000007,0,1,1,0,1,1
24978702,,0,0.000003,89,0.000007,0,1,1,0,1,1
23807164,,0,0.000003,89,0.000007,0,1,1,0,1,1
21962891,,0.000281,0,5,0.000009,3,0,3,3,0,3
30090449,,0,0.00003,265,0.000007,0,1,1,0,1,1
21963855,,0.001565,0,265,0.000172,49,0,49,49,0,49
29234490,,0,0.00003,265,0.000007,0,1,1,0,1,1
29187878,,0,0.00003,265,0.000007,0,1,1,0,1,1
28968438,,0,0.00003,265,0.000007,0,1,1,0,1,1
28607002,,0,0.00003,265,0.000007,0,1,1,0,1,1
28396830,,0,0.00003,265,0.000007,0,1,1,0,1,1
27991933,,0,0.00003,265,0.000007,0,1,1,0,1,1
27286446,,0,0.00003,265,0.000007,0,1,1,0,1,1
26930412,,0,0.00003,265,0.000007,0,1,1,0,1,1
26890070,,0,0.000063,265,0.000007,0,2,2,0,2,2
26843428,,0,0.00003,265,0.000007,0,2,2,0,2,2
26541825,,0,0.000047,265,0.000007,0,2,2,0,2,2
26540166,,0,0.00003,265,0.000007,0,1,1,0,1,1
26525771,,0,0.00003,265,0.000007,0,1,1,0,1,1
26448339,,0,0.00003,265,0.000007,0,1,1,0,1,1
25954815,,0,0.00003,265,0.000007,0,1,1,0,1,1
25573782,,0,0.00003,265,0.000007,0,1,1,0,1,1
25202122,,0,0.00003,265,0.000007,0,1,1,0,1,1
24728135,,0,0.000038,265,0.000007,0,2,2,0,2,2
24396276,,0,0.00003,265,0.000007,0,1,1,0,1,1
23836907,,0,0.00003,265,0.000007,0,1,1,0,1,1
23638118,,0,0.00003,265,0.000007,0,1,1,0,1,1
21965345,,0.000054,0,140,0.000017,5,0,5,5,0,5
23293577,,0,0.000001,140,0.000007,0,1,1,0,1,1
30424810,,0,0,176,0.000007,0,1,1,0,1,1
21965748,,0.000003,0,176,0.000051,9,0,9,9,0,9
30142809,,0,0,176,0.000007,0,1,1,0,1,1
28596947,,0,0,176,0.000007,0,1,1,0,1,1
28449496,,0,0.00003,176,0.000007,0,4,4,0,4,4
26376962,,0,0,176,0.000007,0,1,1,0,1,1
23824117,,0,0,176,0.000007,0,1,1,0,1,1
22608186,,0,0,176,0.000007,0,1,1,0,1,1
21967772,,0,0,5,0.000021,3,0,3,3,0,3
26645005,,0,0,5,0.000007,0,1,1,0,1,1
26645000,,0,0,5,0.000007,0,1,1,0,1,1
26288613,,0,0,205,0.000007,0,1,1,0,1,1
21975290,,0,0,205,0.000028,4,0,4,4,0,4
26109820,,0,0,205,0.000007,0,1,1,0,1,1
24278753,,0,0,205,0.000007,0,1,1,0,1,1
27247129,,0,0,168,0.000007,0,1,1,0,1,1
25737022,,0,0,168,0.000007,0,1,1,0,1,1
25390361,,0,0,168,0.000007,0,1,1,0,1,1
22482059,,0,0,168,0.000007,0,1,1,0,1,1
22296162,,0,0,168,0.000007,0,1,1,0,1,1
22116632,,0,0,168,0.000007,0,1,1,0,1,1
24215312,,0,0,176,0.000007,0,1,1,0,1,1
21978143,,0,0,176,0.000022,3,0,3,3,0,3
23401790,,0,0,176,0.000007,0,1,1,0,1,1
29597329,,0,0.000003,100,0.000007,0,1,1,0,1,1
21978643,,0.000176,0,100,0.000033,5,0,5,5,0,5
26207989,,0,0.000003,100,0.000007,0,1,1,0,1,1
24434877,,0,0.000003,100,0.000007,0,1,1,0,1,1
22415824,,0,0.000003,100,0.000007,0,1,1,0,1,1
21978880,,0.000323,0,279,0.000009,4,0,4,4,0,4
21982881,,0.000748,0,100,0.000021,8,0,8,8,0,8
27144584,,0,0.000054,100,0.000007,0,2,2,0,2,2
25982429,,0,0.000054,100,0.000007,0,2,2,0,2,2
25284315,,0,0.000063,100,0.000007,0,3,3,0,3,3
23297360,,0,0.000054,100,0.000007,0,2,2,0,2,2
21983489,,0.000707,0,35,0.000019,6,0,6,6,0,6
24403167,,0,0.000013,35,0.000007,0,1,1,0,1,1
23533406,,0,0.000046,35,0.000007,0,2,2,0,2,2
21986848,,0.000745,0,35,0.000092,29,0,29,29,0,29
30021161,,0,0.000014,35,0.000007,0,1,1,0,1,1
29483966,,0,0.000014,35,0.000007,0,1,1,0,1,1
29328369,,0,0.001007,1,0.000007,0,13,13,0,13,13
28887687,,0,0.000129,35,0.000007,0,7,7,0,7,7
28382094,,0,0.000014,35,0.000007,0,1,1,0,1,1
28166195,,0,0.000014,35,0.000007,0,1,1,0,1,1
26767845,,0,0.000189,35,0.000007,0,2,2,0,2,2
25852060,,0,0.000014,35,0.000007,0,1,1,0,1,1
25816016,,0,0.000189,35,0.000007,0,2,2,0,2,2
25068300,,0,0.000014,35,0.000007,0,1,1,0,1,1
24606732,,0,0.000189,35,0.000007,0,2,2,0,2,2
24303324,,0,0.000014,35,0.000007,0,1,1,0,1,1
23776241,,0,0.000189,35,0.000007,0,2,2,0,2,2
23505092,,0,0.000014,35,0.000007,0,1,1,0,1,1
29531804,,0,0.000184,41,0.000007,0,2,2,0,2,2
28678153,,0,0.000237,41,0.000007,0,2,2,0,2,2
27605192,,0,0.000182,41,0.000007,0,1,1,0,1,1
26657635,,0,0.000182,41,0.000007,0,1,1,0,1,1
26324937,,0,0.000182,41,0.000007,0,1,1,0,1,1
25170953,,0,0.000182,41,0.000007,0,1,1,0,1,1
25121484,,0,0.000182,41,0.000007,0,1,1,0,1,1
23764071,,0,0.000182,41,0.000007,0,1,1,0,1,1
23056640,,0,0.000182,41,0.000007,0,1,1,0,1,1
21988990,,0.000321,0,279,0.00001,2,0,2,2,0,2
29079795,,0,0.000007,89,0.000007,0,1,1,0,1,1
29584673,,0,0.000175,1,0.000007,0,1,1,0,1,1
29364834,,0,0.000175,1,0.000007,0,1,1,0,1,1
29088757,,0,0.000574,1,0.000007,0,4,4,0,4,4
28698968,,0,0.000175,1,0.000007,0,1,1,0,1,1
28550064,,0,0.000175,1,0.000007,0,1,1,0,1,1
27791205,,0,0.000187,100,0.000007,0,2,2,0,2,2
27741521,,0,0.000175,1,0.000007,0,1,1,0,1,1
27239108,,0,0.000175,1,0.000007,0,1,1,0,1,1
26675332,,0,0.000175,1,0.000007,0,1,1,0,1,1
25851173,,0,0.000264,1,0.000007,0,2,2,0,2,2
25575290,,0,0.000544,1,0.000007,0,3,3,0,3,3
25329542,,0,0.000175,1,0.000007,0,1,1,0,1,1
24900625,,0,0.000175,1,0.000007,0,1,1,0,1,1
24387284,,0,0.000226,35,0.000007,0,2,2,0,2,2
23631432,,0,0.000175,1,0.000007,0,1,1,0,1,1
23091559,,0,0.000175,1,0.000007,0,1,1,0,1,1
23049605,,0,0.000175,1,0.000007,0,1,1,0,1,1
22854955,,0,0.000175,1,0.000007,0,1,1,0,1,1
21989927,,0.001557,0,205,0.000019,13,0,13,13,0,13
30497376,,0,0.000103,140,0.000007,0,1,1,0,1,1
29187139,,0,0.000103,140,0.000007,0,1,1,0,1,1
26843426,,0,0.000103,140,0.000007,0,1,1,0,1,1
26467025,,0,0.000154,140,0.000007,0,2,2,0,2,2
25389437,,0,0.000103,140,0.000007,0,1,1,0,1,1
23774735,,0,0.000103,140,0.000007,0,1,1,0,1,1
30050867,,0,0.000189,205,0.000007,0,5,5,0,5,5
29926817,,0,0.0001,140,0.000007,0,1,1,0,1,1
28569743,,0,0.000157,140,0.000007,0,4,4,0,4,4
28511696,,0,0.000124,140,0.000007,0,2,2,0,2,2
28301460,,0,0.000121,140,0.000007,0,2,2,0,2,2
28157586,,0,0.0001,205,0.000007,0,2,2,0,2,2
27995669,,0,0.000151,140,0.000007,0,2,2,0,2,2
25642409,,0,0.000703,140,0.000007,0,6,6,0,6,6
23766521,,0,0.0001,140,0.000007,0,1,1,0,1,1
29765522,,0,0.002221,1,0.000007,0,3,3,0,3,3
28780755,,0,0.003396,1,0.000007,0,14,14,0,14,14
28472989,,0.000149,0.000714,279,0.000023,5,1,6,5,1,6
26239918,,0,0.000714,1,0.000007,0,1,1,0,1,1
25592572,,0,0.000714,1,0.000007,0,1,1,0,1,1
25494844,,0,0.000714,1,0.000007,0,1,1,0,1,1
23539755,,0,0.000714,1,0.000007,0,1,1,0,1,1
22676197,,0,0.000714,1,0.000007,0,1,1,0,1,1
22899921,,0,0,5,0.000007,0,1,1,0,1,1
30124168,,0,0.000009,184,0.000007,0,1,1,0,1,1
30059789,,0,0.000009,184,0.000007,0,1,1,0,1,1
29187632,,0,0.000009,184,0.000007,0,1,1,0,1,1
28403812,,0,0.000009,184,0.000007,0,1,1,0,1,1
25396304,,0,0.000009,184,0.000007,0,1,1,0,1,1
25324490,,0,0.000009,184,0.000007,0,1,1,0,1,1
24165220,,0,0.000009,184,0.000007,0,1,1,0,1,1
22933370,,0,0.000009,184,0.000007,0,1,1,0,1,1
22544168,,0,0.000009,184,0.000007,0,1,1,0,1,1
30510458,,0,0.000003,66,0.000007,0,1,1,0,1,1
29622675,,0,0.000003,66,0.000007,0,1,1,0,1,1
29312579,,0,0.000003,66,0.000007,0,1,1,0,1,1
27880722,,0,0.000003,66,0.000007,0,1,1,0,1,1
27861151,,0,0.000006,66,0.000007,0,2,2,0,2,2
27588475,,0,0.000003,66,0.000007,0,1,1,0,1,1
27278018,,0,0.000003,66,0.000007,0,1,1,0,1,1
26770299,,0,0.000003,66,0.000007,0,1,1,0,1,1
26293672,,0,0.000003,66,0.000007,0,1,1,0,1,1
26230842,,0,0.000003,66,0.000007,0,1,1,0,1,1
25825985,,0,0.000003,66,0.000007,0,1,1,0,1,1
24651706,,0,0.000003,66,0.000007,0,1,1,0,1,1
24415873,,0,0.000003,66,0.000007,0,1,1,0,1,1
23493267,,0,0.000003,66,0.000007,0,1,1,0,1,1
21995151,,0.000002,0,5,0.000009,1,0,1,1,0,1
29144383,,0,0,24,0.000007,0,1,1,0,1,1
21996087,,0.000022,0,24,0.000066,14,0,14,14,0,14
28927083,,0,0,24,0.000007,0,1,1,0,1,1
28677634,,0,0,24,0.000007,0,1,1,0,1,1
27920997,,0,0,24,0.000007,0,1,1,0,1,1
26775588,,0,0,24,0.000007,0,1,1,0,1,1
26617762,,0,0,24,0.000007,0,1,1,0,1,1
26104896,,0,0.000001,24,0.000007,0,4,4,0,4,4
24854562,,0,0,24,0.000007,0,1,1,0,1,1
24670792,,0,0,24,0.000007,0,1,1,0,1,1
21996731,,0.001176,0,231,0.00011,37,0,37,37,0,37
29449695,,0,0.000022,231,0.000007,0,1,1,0,1,1
29228705,,0,0.000031,231,0.000007,0,2,2,0,2,2
29137948,,0,0.000029,5,0.000007,0,3,3,0,3,3
28854163,,0,0.000022,231,0.000007,0,1,1,0,1,1
28607590,,0,0.000022,231,0.000007,0,1,1,0,1,1
28266149,,0,0.000022,231,0.000007,0,1,1,0,1,1
26650572,,0,0.000022,231,0.000007,0,1,1,0,1,1
25838990,,0,0.000022,231,0.000007,0,1,1,0,1,1
24446417,,0,0.000022,231,0.000007,0,1,1,0,1,1
23369128,,0,0.000022,231,0.000007,0,1,1,0,1,1
23133541,,0,0.000022,231,0.000007,0,1,1,0,1,1
29985428,,0,0.000011,184,0.000007,0,1,1,0,1,1
29097844,,0,0.000011,184,0.000007,0,1,1,0,1,1
27833854,,0,0.000011,184,0.000007,0,1,1,0,1,1
26389938,,0,0.000011,184,0.000007,0,1,1,0,1,1
25694603,,0,0.000011,184,0.000007,0,1,1,0,1,1
25419843,,0,0.000011,184,0.000007,0,1,1,0,1,1
24694011,,0,0.000011,184,0.000007,0,1,1,0,1,1
23938469,,0,0.00013,184,0.000007,0,2,2,0,2,2
22773875,,0,0.000011,184,0.000007,0,1,1,0,1,1
29922514,,0,0,240,0.000007,0,1,1,0,1,1
22001234,,0,0,240,0.000025,3,0,3,3,0,3
28067798,,0,0,240,0.000007,0,1,1,0,1,1
26675169,,0,0,240,0.000007,0,1,1,0,1,1
29140993,,0,0.000002,35,0.000007,0,1,1,0,1,1
22002566,,0.000094,0,35,0.000054,14,0,14,14,0,14
27781065,,0,0.000002,35,0.000007,0,1,1,0,1,1
27069548,,0,0.000002,35,0.000007,0,1,1,0,1,1
25004928,,0,0.000002,35,0.000007,0,1,1,0,1,1
27453286,,0,0,90,0.000007,0,1,1,0,1,1
22006184,,0.000006,0,90,0.000026,4,0,4,4,0,4
26893775,,0,0,90,0.000007,0,1,1,0,1,1
26502914,,0,0,90,0.000007,0,1,1,0,1,1
29973584,,0,0.001058,205,0.000007,0,3,3,0,3,3
29792936,,0,0.000856,1,0.000007,0,1,1,0,1,1
29707124,,0,0.000856,1,0.000007,0,1,1,0,1,1
29146522,,0,0.001019,205,0.000028,4,6,10,4,6,10
28640387,,0,0.000856,1,0.000007,0,1,1,0,1,1
28606096,,0,0.001354,1,0.000007,0,5,5,0,5,5
28188302,,0,0.000856,1,0.000007,0,1,1,0,1,1
27329137,,0,0.000856,1,0.000007,0,1,1,0,1,1
26807219,,0,0.001034,69,0.000007,0,3,3,0,3,3
26102509,,0,0.000856,1,0.000007,0,1,1,0,1,1
25581430,,0,0.000856,1,0.000007,0,1,1,0,1,1
23036137,,0,0.000856,205,0.000007,0,2,2,0,2,2
24454468,,0,0,89,0.000007,0,1,1,0,1,1
23015160,,0,0.000007,35,0.000007,0,1,1,0,1,1
28430867,,0,0.000052,35,0.000007,0,4,4,0,4,4
26448887,,0,0.000034,35,0.000007,0,1,1,0,1,1
26298547,,0,0.000091,35,0.000007,0,2,2,0,2,2
26207196,,0,0.000034,35,0.000007,0,1,1,0,1,1
25520916,,0,0.000034,35,0.000007,0,1,1,0,1,1
30038710,,0,0.000009,176,0.000007,0,1,1,0,1,1
22010575,,0.000466,0,176,0.000053,7,0,7,7,0,7
25880358,,0,0.000009,176,0.000007,0,1,1,0,1,1
29910834,,0,0.000008,279,0.000007,0,1,1,0,1,1
22011761,,0.000418,0,279,0.000019,4,0,4,4,0,4
30310315,,0,0.000568,1,0.000007,0,3,3,0,3,3
30185601,,0,0.000128,90,0.000007,0,2,2,0,2,2
30124983,,0,0.001667,100,0.000007,0,5,5,0,5,5
30122539,,0,0.000128,1,0.000007,0,1,1,0,1,1
30104286,,0,0.000877,1,0.000007,0,5,5,0,5,5
29997117,,0,0.000128,1,0.000007,0,1,1,0,1,1
29906450,,0,0.001438,1,0.000007,0,5,5,0,5,5
29474905,,0,0.000128,1,0.000007,0,1,1,0,1,1
29358035,,0,0.001023,1,0.000007,0,6,6,0,6,6
28807008,,0,0.000128,1,0.000007,0,1,1,0,1,1
28663792,,0,0.000128,1,0.000007,0,1,1,0,1,1
28615474,,0,0.000128,1,0.000007,0,1,1,0,1,1
28005463,,0,0.000128,1,0.000007,0,1,1,0,1,1
27479907,,0,0.000128,1,0.000007,0,1,1,0,1,1
27398404,,0,0.000128,1,0.000007,0,1,1,0,1,1
27382066,,0,0.000128,1,0.000007,0,1,1,0,1,1
26911346,,0,0.000128,1,0.000007,0,1,1,0,1,1
26886422,,0,0.000128,1,0.000007,0,1,1,0,1,1
26567509,,0,0.000128,1,0.000007,0,1,1,0,1,1
26544944,,0,0.00014,1,0.000007,0,2,2,0,2,2
26508632,,0,0.000128,1,0.000007,0,1,1,0,1,1
26499373,,0,0.000128,1,0.000007,0,1,1,0,1,1
26202968,,0,0.000128,1,0.000007,0,1,1,0,1,1
26098123,,0,0.000128,1,0.000007,0,1,1,0,1,1
25849141,,0,0.000128,1,0.000007,0,1,1,0,1,1
25625291,,0,0.000128,1,0.000007,0,1,1,0,1,1
25561469,,0,0.000269,1,0.000007,0,2,2,0,2,2
25429106,,0,0.000269,1,0.000007,0,2,2,0,2,2
25384976,,0,0.000428,1,0.000007,0,2,2,0,2,2
25180339,,0,0.000428,1,0.000007,0,2,2,0,2,2
25148027,,0,0.000128,1,0.000007,0,1,1,0,1,1
25004108,,0,0.000128,1,0.000007,0,1,1,0,1,1
24799695,,0,0.000128,1,0.000007,0,1,1,0,1,1
24752900,,0,0.000128,1,0.000007,0,1,1,0,1,1
24515107,,0,0.000128,1,0.000007,0,1,1,0,1,1
24478330,,0,0.000128,1,0.000007,0,1,1,0,1,1
24317512,,0,0.000128,1,0.000007,0,1,1,0,1,1
24204300,,0,0.000128,1,0.000007,0,1,1,0,1,1
24102143,,0,0.000128,1,0.000007,0,1,1,0,1,1
23919563,,0,0.000128,1,0.000007,0,1,1,0,1,1
23898190,,0,0.000128,1,0.000007,0,1,1,0,1,1
23644516,,0,0.000128,1,0.000007,0,1,1,0,1,1
23539624,,0,0.000128,1,0.000007,0,1,1,0,1,1
23275552,,0,0.000128,1,0.000007,0,1,1,0,1,1
23249733,,0,0.000128,1,0.000007,0,1,1,0,1,1
23028141,,0,0.000128,1,0.000007,0,1,1,0,1,1
22988298,,0,0.000128,1,0.000007,0,1,1,0,1,1
22959624,,0,0.000128,1,0.000007,0,1,1,0,1,1
22876198,,0,0.000128,1,0.000007,0,1,1,0,1,1
22876190,,0,0.000128,1,0.000007,0,1,1,0,1,1
22858677,,0,0.000128,1,0.000007,0,1,1,0,1,1
22672903,,0,0.000128,1,0.000007,0,1,1,0,1,1
22623531,,0,0.000128,1,0.000007,0,1,1,0,1,1
22571657,,0,0.000128,1,0.000007,0,1,1,0,1,1
22549466,,0,0.000128,1,0.000007,0,1,1,0,1,1
22547058,,0,0.000128,1,0.000007,0,1,1,0,1,1
22508988,,0,0.000128,1,0.000007,0,1,1,0,1,1
30189404,,0,0.000016,66,0.000007,0,1,1,0,1,1
22015727,,0.000851,0,66,0.000131,30,0,30,30,0,30
29610392,,0,0.000016,66,0.000007,0,1,1,0,1,1
29149504,,0,0.000229,66,0.000007,0,2,2,0,2,2
28894575,,0,0.000016,205,0.000007,0,2,2,0,2,2
28085142,,0,0.000016,66,0.000007,0,1,1,0,1,1
27583878,,0,0.000086,35,0.000007,0,3,3,0,3,3
27213588,,0,0.000016,66,0.000007,0,1,1,0,1,1
26592504,,0,0.000021,66,0.000007,0,2,2,0,2,2
26095796,,0,0.000016,66,0.000007,0,1,1,0,1,1
25951887,,0,0.000016,66,0.000007,0,1,1,0,1,1
25688711,,0,0.000024,66,0.000007,0,2,2,0,2,2
25531467,,0,0.000016,66,0.000007,0,1,1,0,1,1
24575017,,0,0.000016,66,0.000007,0,1,1,0,1,1
24520228,,0,0.000016,66,0.000007,0,1,1,0,1,1
24415964,,0,0.000016,66,0.000007,0,1,1,0,1,1
23398044,,0,0.000016,66,0.000007,0,1,1,0,1,1
23161775,,0,0.000016,66,0.000007,0,1,1,0,1,1
30123134,,0,0.000001,66,0.000007,0,1,1,0,1,1
27153572,,0,0.000001,66,0.000007,0,1,1,0,1,1
25353038,,0,0.000001,66,0.000007,0,1,1,0,1,1
22754312,,0,0.000001,66,0.000007,0,1,1,0,1,1
30061915,,0,0.000019,90,0.000007,0,1,1,0,1,1
22019631,,0.000989,0,90,0.000297,58,0,58,58,0,58
29805774,,0,0.000019,90,0.000007,0,2,2,0,2,2
29593949,,0,0.000019,90,0.000007,0,1,1,0,1,1
29152111,,0,0.000019,90,0.000007,0,1,1,0,1,1
28978056,,0,0.000019,90,0.000007,0,1,1,0,1,1
28968988,,0,0.000019,90,0.000007,0,1,1,0,1,1
28881806,,0,0.000019,90,0.000007,0,1,1,0,1,1
28881698,,0,0.000019,90,0.000007,0,1,1,0,1,1
28808415,,0,0.000019,90,0.000007,0,1,1,0,1,1
28445781,,0,0.000019,90,0.000007,0,1,1,0,1,1
28418604,,0,0.000019,90,0.000007,0,1,1,0,1,1
28282928,,0,0.000019,90,0.000007,0,1,1,0,1,1
28181536,,0,0.000019,90,0.000007,0,1,1,0,1,1
28038469,,0,0.000019,90,0.000007,0,1,1,0,1,1
27889642,,0,0.000019,90,0.000007,0,1,1,0,1,1
27845899,,0,0.000019,90,0.000007,0,1,1,0,1,1
27358026,,0,0.000019,90,0.000007,0,1,1,0,1,1
27247702,,0,0.000019,90,0.000007,0,1,1,0,1,1
27057282,,0,0.000019,90,0.000007,0,1,1,0,1,1
26919175,,0,0.000019,90,0.000007,0,1,1,0,1,1
26881012,,0,0.000019,90,0.000007,0,1,1,0,1,1
26609221,,0,0.000019,90,0.000007,0,1,1,0,1,1
26482294,,0,0.000019,90,0.000007,0,1,1,0,1,1
26339717,,0,0.000019,90,0.000007,0,1,1,0,1,1
26199344,,0,0.000019,90,0.000007,0,1,1,0,1,1
25210464,,0,0.000051,35,0.000007,0,2,2,0,2,2
25019059,,0,0.000019,90,0.000007,0,1,1,0,1,1
24948812,,0,0.000019,90,0.000007,0,1,1,0,1,1
24900837,,0,0.000019,90,0.000007,0,1,1,0,1,1
24649241,,0,0.000019,90,0.000007,0,1,1,0,1,1
24504121,,0,0.000019,90,0.000007,0,1,1,0,1,1
24434851,,0,0.000019,90,0.000007,0,1,1,0,1,1
24333692,,0,0.000019,90,0.000007,0,1,1,0,1,1
24232097,,0,0.000019,90,0.000007,0,1,1,0,1,1
23762486,,0,0.000019,90,0.000007,0,1,1,0,1,1
23708100,,0,0.000019,90,0.000007,0,1,1,0,1,1
23479453,,0,0.000019,90,0.000007,0,1,1,0,1,1
23458328,,0,0.000019,90,0.000007,0,1,1,0,1,1
23457492,,0,0.000019,90,0.000007,0,1,1,0,1,1
23382857,,0,0.000019,90,0.000007,0,1,1,0,1,1
23287470,,0,0.000019,90,0.000007,0,1,1,0,1,1
23174755,,0,0.000064,1,0.000007,0,2,2,0,2,2
22973555,,0,0.000019,90,0.000007,0,1,1,0,1,1
22761618,,0,0.000019,90,0.000007,0,1,1,0,1,1
22024613,,0.000236,0,35,0.000011,3,0,3,3,0,3
22025144,,0.001163,0,367,0.000018,6,0,6,6,0,6
22025145,,0.001497,0,1,0.00001,5,0,5,5,0,5
22032289,,0.000964,0,100,0.000014,10,0,10,10,0,10
29571074,,0,0.000001,205,0.000007,0,1,1,0,1,1
29497600,,0,0.000001,205,0.000007,0,1,1,0,1,1
26949921,,0,0.000001,205,0.000007,0,1,1,0,1,1
26442529,,0,0.000001,205,0.000007,0,1,1,0,1,1
26132974,,0,0.000001,205,0.000007,0,1,1,0,1,1
26079849,,0,0.000001,205,0.000007,0,1,1,0,1,1
25053845,,0,0.000001,205,0.000007,0,1,1,0,1,1
24929677,,0,0.000001,205,0.000007,0,1,1,0,1,1
24416132,,0,0.000001,205,0.000007,0,1,1,0,1,1
23174106,,0,0.00004,205,0.000007,0,2,2,0,2,2
22739340,,0,0.000001,205,0.000007,0,1,1,0,1,1
26870956,,0,0.000107,1,0.000007,0,1,1,0,1,1
24497971,,0,0.000107,1,0.000007,0,1,1,0,1,1
29997900,,0,0.000023,1,0.000007,0,1,1,0,1,1
22032838,,0.001212,0,1,0.000023,10,0,10,10,0,10
26057686,,0,0.000023,1,0.000007,0,1,1,0,1,1
22034289,,0.001329,0,89,0.000052,22,0,22,22,0,22
30084717,,0,0.000033,89,0.000007,0,3,3,0,3,3
29200893,,0,0.000025,89,0.000007,0,1,1,0,1,1
28514482,,0,0.000125,89,0.000007,0,4,4,0,4,4
28295287,,0,0.000028,89,0.000007,0,2,2,0,2,2
22740807,,0,0.000025,89,0.000007,0,1,1,0,1,1
22416954,,0,0.000025,89,0.000007,0,1,1,0,1,1
30154312,,0,0.000005,90,0.000007,0,1,1,0,1,1
29016359,,0,0.000005,90,0.000007,0,1,1,0,1,1
28501760,,0,0.000005,90,0.000007,0,1,1,0,1,1
27129249,,0,0.000005,90,0.000007,0,1,1,0,1,1
26220944,,0,0.000005,90,0.000007,0,1,1,0,1,1
25569105,,0,0.000402,90,0.000007,0,2,2,0,2,2
24723482,,0,0.000005,90,0.000007,0,1,1,0,1,1
23222412,,0,0.000005,90,0.000007,0,1,1,0,1,1
23103754,,0,0.000005,90,0.000007,0,1,1,0,1,1
30409114,,0,0.000003,205,0.000007,0,2,2,0,2,2
22042785,,0.000141,0,205,0.000144,28,0,28,28,0,28
30075727,,0,0.000003,205,0.000007,0,2,2,0,2,2
29666669,,0,0.000003,205,0.000007,0,1,1,0,1,1
29331883,,0,0.000003,205,0.000007,0,1,1,0,1,1
29259370,,0,0.00016,205,0.000013,2,2,4,2,2,4
29184698,,0,0.000003,205,0.000007,0,1,1,0,1,1
29158927,,0,0.000003,205,0.000007,0,1,1,0,1,1
29149259,,0,0.000003,205,0.000007,0,1,1,0,1,1
29109526,,0,0.000282,205,0.000007,0,2,2,0,2,2
28868479,,0,0.000003,205,0.000007,0,1,1,0,1,1
27857025,,0,0.000003,205,0.000007,0,1,1,0,1,1
27660464,,0,0.000003,205,0.000007,0,1,1,0,1,1
27374084,,0,0.000003,205,0.000007,0,1,1,0,1,1
27267993,,0,0.000368,205,0.000007,0,5,5,0,5,5
26937133,,0,0.000003,205,0.000007,0,1,1,0,1,1
26895632,,0,0.000003,205,0.000007,0,1,1,0,1,1
26683340,,0,0.000003,205,0.000007,0,1,1,0,1,1
26246707,,0,0.000003,205,0.000007,0,1,1,0,1,1
26137463,,0,0.000003,205,0.000007,0,1,1,0,1,1
25441307,,0,0.000003,205,0.000007,0,1,1,0,1,1
25425965,,0,0.000003,205,0.000007,0,1,1,0,1,1
25210238,,0,0.000003,205,0.000007,0,1,1,0,1,1
24558512,,0,0.000003,205,0.000007,0,1,1,0,1,1
23667367,,0,0.000003,205,0.000007,0,1,1,0,1,1
22043054,,0.00081,0,35,0.000033,13,0,13,13,0,13
29174433,,0,0.000089,35,0.000007,0,2,2,0,2,2
25932042,,0,0.000015,35,0.000007,0,1,1,0,1,1
22044372,,0.000024,0,100,0.000014,2,0,2,2,0,2
23430817,,0,0,100,0.000007,0,1,1,0,1,1
22044689,,0.003872,0,89,0.000012,19,0,19,19,0,19
29212225,,0,0.000042,100,0.000007,0,3,3,0,3,3
26108968,,0,0.00002,100,0.000007,0,1,1,0,1,1
24392146,,0,0.00002,100,0.000007,0,1,1,0,1,1
23804595,,0,0.00002,100,0.000007,0,1,1,0,1,1
23317481,,0,0.00002,100,0.000007,0,1,1,0,1,1
23266653,,0,0.00002,100,0.000007,0,1,1,0,1,1
30210668,,0,0.000025,24,0.000007,0,1,1,0,1,1
30295604,,0,0.000033,100,0.000007,0,1,1,0,1,1
30280495,,0,0.000003,5,0.000007,0,1,1,0,1,1
29514700,,0,0.00006,5,0.000007,0,5,5,0,5,5
26880251,,0,0.000003,5,0.000007,0,1,1,0,1,1
23167846,,0,0.000003,5,0.000007,0,1,1,0,1,1
30090425,,0,0.000009,72,0.000007,0,1,1,0,1,1
22048643,,0.000451,0,72,0.000123,24,0,24,24,0,24
30090394,,0,0.000009,72,0.000007,0,1,1,0,1,1
29731884,,0,0.000031,72,0.000007,0,4,4,0,4,4
28959535,,0,0.000034,72,0.000007,0,2,2,0,2,2
28811864,,0,0.000009,72,0.000007,0,2,2,0,2,2
27705921,,0,0.000009,72,0.000007,0,1,1,0,1,1
27234561,,0,0.000009,72,0.000007,0,1,1,0,1,1
27120793,,0,0.000031,72,0.000007,0,4,4,0,4,4
26250158,,0,0.000009,72,0.000007,0,1,1,0,1,1
25952770,,0,0.000009,72,0.000007,0,1,1,0,1,1
25539614,,0,0.000009,72,0.000007,0,1,1,0,1,1
25451924,,0,0.000012,231,0.000007,0,2,2,0,2,2
24380442,,0,0.000009,72,0.000007,0,1,1,0,1,1
23936320,,0,0.000009,72,0.000007,0,1,1,0,1,1
23863840,,0,0.000009,72,0.000007,0,1,1,0,1,1
23554459,,0,0.000009,72,0.000007,0,1,1,0,1,1
23387986,,0,0.000009,72,0.000007,0,1,1,0,1,1
29088455,,0,0.000063,35,0.000007,0,1,1,0,1,1
28249905,,0,0.000063,35,0.000007,0,1,1,0,1,1
28176176,,0,0.000063,35,0.000007,0,1,1,0,1,1
28036276,,0,0.000063,35,0.000007,0,1,1,0,1,1
26682266,,0,0.000063,35,0.000007,0,1,1,0,1,1
25687451,,0,0.000063,35,0.000007,0,1,1,0,1,1
25490892,,0,0.000063,35,0.000007,0,1,1,0,1,1
25236447,,0,0.000063,35,0.000007,0,1,1,0,1,1
24987059,,0,0.000063,35,0.000007,0,1,1,0,1,1
24598160,,0,0.000063,35,0.000007,0,1,1,0,1,1
24583822,,0,0.000385,69,0.000007,0,2,2,0,2,2
24077681,,0,0.000063,35,0.000007,0,1,1,0,1,1
22754379,,0,0.000063,35,0.000007,0,1,1,0,1,1
22048863,,0.000258,0,5,0.000011,4,0,4,4,0,4
27391408,,0,0.000001,100,0.000007,0,1,1,0,1,1
26799424,,0,0.000001,100,0.000007,0,1,1,0,1,1
25481874,,0,0.000001,100,0.000007,0,1,1,0,1,1
24946857,,0,0.000001,100,0.000007,0,1,1,0,1,1
24858105,,0,0.000001,100,0.000007,0,1,1,0,1,1
22052327,,0.00076,0,100,0.000011,8,0,8,8,0,8
26758370,,0.000056,0.000564,231,0.000008,2,9,11,2,9,11
25374456,,0,0.000032,231,0.000007,0,1,1,0,1,1
25170639,,0,0.000032,231,0.000007,0,1,1,0,1,1
24795638,,0,0.000032,231,0.000007,0,1,1,0,1,1
22057473,,0.000044,0,5,0.000018,5,0,5,5,0,5
26173963,,0,0.000001,5,0.000007,0,1,1,0,1,1
22058428,,0.00172,0,231,0.000021,20,0,20,20,0,20
22072316,,0.000029,0,89,0.00001,2,0,2,2,0,2
26072487,,0,0.000014,231,0.000007,0,1,1,0,1,1
24821702,,0,0.000014,231,0.000007,0,1,1,0,1,1
23940718,,0,0.000014,231,0.000007,0,1,1,0,1,1
22076253,,0.00031,0,5,0.000017,7,0,7,7,0,7
23050958,,0,0.000006,5,0.000007,0,1,1,0,1,1
22076508,,0.000662,0,279,0.000008,3,0,3,3,0,3
22078348,,0.000137,0,89,0.000009,2,0,2,2,0,2
22080962,,0.000042,0,5,0.000014,3,0,3,3,0,3
25630218,,0,0.000001,5,0.000007,0,1,1,0,1,1
26785864,,0,0,184,0.000007,0,1,1,0,1,1
22081245,,0.000001,0,184,0.000043,7,0,7,7,0,7
26307641,,0,0,184,0.000007,0,1,1,0,1,1
23526260,,0,0,184,0.000007,0,1,1,0,1,1
23303565,,0,0,184,0.000007,0,1,1,0,1,1
22188984,,0,0,184,0.000007,0,1,1,0,1,1
30416383,,0,0.000023,279,0.000007,0,3,3,0,3,3
29434778,,0,0.000022,35,0.000007,0,1,1,0,1,1
28752247,,0,0.000091,35,0.000007,0,2,2,0,2,2
28680803,,0,0.000022,35,0.000007,0,1,1,0,1,1
28649742,,0,0.000072,1,0.000007,0,3,3,0,3,3
27540428,,0,0.000022,35,0.000007,0,1,1,0,1,1
27308355,,0,0.000022,35,0.000007,0,1,1,0,1,1
26843843,,0,0.000022,35,0.000007,0,1,1,0,1,1
26754771,,0,0.000022,35,0.000007,0,1,1,0,1,1
26588862,,0,0.000022,35,0.000007,0,1,1,0,1,1
26203676,,0,0.000022,35,0.000007,0,1,1,0,1,1
26036431,,0,0.000022,35,0.000007,0,1,1,0,1,1
24375628,,0,0.000079,35,0.000007,0,2,2,0,2,2
24188960,,0,0.000022,35,0.000007,0,1,1,0,1,1
23960187,,0,0.000022,35,0.000007,0,1,1,0,1,1
23934254,,0,0.000022,35,0.000007,0,1,1,0,1,1
23667446,,0,0.000022,35,0.000007,0,1,1,0,1,1
23585768,,0,0.000022,35,0.000007,0,1,1,0,1,1
22083523,,0.000028,0,279,0.000011,2,0,2,2,0,2
29205518,,0,0.00009,1,0.000007,0,2,2,0,2,2
28512784,,0,0.000183,1,0.000007,0,2,2,0,2,2
27213178,,0,0.000057,1,0.000007,0,1,1,0,1,1
26497583,,0,0.002245,1,0.000007,0,10,10,0,10,10
25996669,,0,0.000057,1,0.000007,0,1,1,0,1,1
25493214,,0,0.000057,1,0.000007,0,1,1,0,1,1
29440214,,0,0,198,0.000007,0,1,1,0,1,1
22088897,,0,0,198,0.000054,9,0,9,9,0,9
28327125,,0,0.000004,198,0.000007,0,2,2,0,2,2
27882293,,0,0,198,0.000007,0,1,1,0,1,1
27561593,,0,0,198,0.000007,0,1,1,0,1,1
27405471,,0,0,198,0.000007,0,1,1,0,1,1
24330527,,0,0,198,0.000007,0,1,1,0,1,1
23674077,,0,0,198,0.000007,0,1,1,0,1,1
23300706,,0,0,198,0.000007,0,1,1,0,1,1
22091929,,0.000121,0,5,0.000009,3,0,3,3,0,3
22093627,,0.000082,0,24,0.00001,2,0,2,2,0,2
25813624,,0,0.000068,1,0.000007,0,1,1,0,1,1
25527123,,0,0.000068,1,0.000007,0,1,1,0,1,1
22983126,,0,0.000068,1,0.000007,0,1,1,0,1,1
22101651,,0.000529,0,66,0.000012,3,0,3,3,0,3
22103901,,0.000815,0,279,0.00001,4,0,4,4,0,4
22106552,,0.003191,0,1,0.000078,23,0,23,23,0,23
26166838,,0,0.000061,1,0.000007,0,1,1,0,1,1
24904222,,0,0.000754,1,0.000007,0,2,2,0,2,2
23620854,,0,0.000061,1,0.000007,0,1,1,0,1,1
23567907,,0,0.000061,1,0.000007,0,1,1,0,1,1
23123452,,0,0.000061,1,0.000007,0,1,1,0,1,1
22531498,,0,0.000061,1,0.000007,0,1,1,0,1,1
22275359,,0,0.000061,1,0.000007,0,1,1,0,1,1
29050306,,0,0.000035,231,0.000007,0,1,1,0,1,1
27698827,,0,0.000035,231,0.000007,0,1,1,0,1,1
27379207,,0,0.000035,231,0.000007,0,1,1,0,1,1
27197262,,0,0.000035,231,0.000007,0,1,1,0,1,1
24966934,,0,0.000035,231,0.000007,0,1,1,0,1,1
24959420,,0,0.000035,231,0.000007,0,1,1,0,1,1
22112320,,0.000014,0,279,0.000021,6,0,6,6,0,6
22403582,,0,0.000003,279,0.000007,0,2,2,0,2,2
22113258,,0.000128,0,5,0.000008,2,0,2,2,0,2
22114045,,0.000027,0,5,0.000007,1,0,1,1,0,1
28640831,,0,0.000251,1,0.000007,0,1,1,0,1,1
27245465,,0,0.000903,1,0.000007,0,3,3,0,3,3
26158445,,0,0.000251,1,0.000007,0,1,1,0,1,1
26146646,,0,0.000251,1,0.000007,0,1,1,0,1,1
25491146,,0,0.000251,1,0.000007,0,1,1,0,1,1
24331662,,0,0.000251,1,0.000007,0,1,1,0,1,1
23888040,,0,0.000251,1,0.000007,0,1,1,0,1,1
23359252,,0,0.000251,1,0.000007,0,1,1,0,1,1
22939387,,0,0.000251,1,0.000007,0,1,1,0,1,1
22115852,,0.002749,0,69,0.00008,32,0,32,32,0,32
28241454,,0,0.000093,231,0.000007,0,3,3,0,3,3
26973462,,0,0.000052,69,0.000007,0,1,1,0,1,1
26490736,,0,0.000052,69,0.000007,0,1,1,0,1,1
26181055,,0,0.000052,69,0.000007,0,1,1,0,1,1
26000332,,0,0.000052,69,0.000007,0,1,1,0,1,1
25822796,,0,0.000059,279,0.000007,0,2,2,0,2,2
24222856,,0,0.000052,69,0.000007,0,1,1,0,1,1
22116506,,0.000263,0,89,0.000009,3,0,3,3,0,3
29552326,,0,0.000031,35,0.000007,0,1,1,0,1,1
22120723,,0.00163,0,35,0.000074,24,0,24,24,0,24
29188479,,0,0.000047,35,0.000007,0,6,6,0,6,6
28474731,,0,0.000031,35,0.000007,0,1,1,0,1,1
27907090,,0,0.000031,35,0.000007,0,1,1,0,1,1
25962646,,0,0.000031,35,0.000007,0,1,1,0,1,1
23375642,,0,0.000031,35,0.000007,0,1,1,0,1,1
30341290,,0,0.000003,72,0.000007,0,2,2,0,2,2
22121227,,0.000161,0,72,0.000173,32,0,32,32,0,32
29945198,,0,0.000003,72,0.000007,0,1,1,0,1,1
29357316,,0,0.000003,72,0.000007,0,1,1,0,1,1
29141011,,0,0.000003,72,0.000007,0,1,1,0,1,1
28886750,,0,0.000003,72,0.000007,0,1,1,0,1,1
28717002,,0,0.000055,72,0.000007,0,2,2,0,2,2
27899586,,0,0.000003,72,0.000007,0,1,1,0,1,1
27252122,,0,0.000055,72,0.000007,0,2,2,0,2,2
27005429,,0,0.000003,72,0.000007,0,1,1,0,1,1
26621740,,0,0.000003,72,0.000007,0,1,1,0,1,1
26073986,,0,0.000003,72,0.000007,0,1,1,0,1,1
25918225,,0,0.000003,72,0.000007,0,1,1,0,1,1
25883153,,0,0.000003,72,0.000007,0,1,1,0,1,1
25378327,,0,0.000003,72,0.000007,0,1,1,0,1,1
25237741,,0,0.000375,72,0.000007,0,2,2,0,2,2
25233079,,0,0.000003,72,0.000007,0,1,1,0,1,1
25017067,,0,0.000003,72,0.000007,0,1,1,0,1,1
25003001,,0,0.000003,72,0.000007,0,1,1,0,1,1
24990962,,0,0.000003,72,0.000007,0,1,1,0,1,1
24988487,,0,0.000003,72,0.000007,0,1,1,0,1,1
24746923,,0,0.000003,72,0.000007,0,1,1,0,1,1
24637776,,0,0.000003,72,0.000007,0,1,1,0,1,1
24615916,,0,0.000376,69,0.000007,0,3,3,0,3,3
24561252,,0,0.000003,72,0.000007,0,1,1,0,1,1
24507716,,0,0.000003,72,0.000007,0,1,1,0,1,1
23637706,,0,0.000003,72,0.000007,0,1,1,0,1,1
23345620,,0,0.000003,72,0.000007,0,1,1,0,1,1
23275544,,0,0.000003,72,0.000007,0,1,1,0,1,1
23079308,,0,0.000003,72,0.000007,0,1,1,0,1,1
28810652,,0,0,241,0.000007,0,1,1,0,1,1
22126297,,0.000019,0,241,0.000043,14,0,14,14,0,14
25214829,,0,0,241,0.000007,0,1,1,0,1,1
22127115,,0.000949,0,89,0.000027,8,0,8,8,0,8
22128301,,0.017796,0,1,0.000095,45,0,45,45,0,45
29143801,,0,0.000339,1,0.000007,0,1,1,0,1,1
29142305,,0,0.000339,1,0.000007,0,1,1,0,1,1
26866698,,0,0.000518,1,0.000007,0,2,2,0,2,2
26536871,,0,0.000368,1,0.000007,0,2,2,0,2,2
26285766,,0,0.000339,1,0.000007,0,1,1,0,1,1
26196764,,0,0.000339,1,0.000007,0,1,1,0,1,1
23687621,,0,0.000339,1,0.000007,0,1,1,0,1,1
29197760,,0,0.000033,279,0.000007,0,5,5,0,5,5
22133571,,0.000393,0,231,0.000034,7,0,7,7,0,7
26586723,,0,0.000007,231,0.000007,0,1,1,0,1,1
24284076,,0,0.000007,231,0.000007,0,1,1,0,1,1
23819464,,0,0.000007,231,0.000007,0,1,1,0,1,1
23630056,,0,0.000007,231,0.000007,0,1,1,0,1,1
27829217,,0,0.000045,1,0.000007,0,1,1,0,1,1
27722032,,0,0.000598,1,0.000007,0,3,3,0,3,3
25025965,,0,0.000045,1,0.000007,0,1,1,0,1,1
24142626,,0,0.000045,1,0.000007,0,1,1,0,1,1
23414472,,0,0.000106,1,0.000007,0,2,2,0,2,2
22787433,,0,0.000045,1,0.000007,0,1,1,0,1,1
22135240,,0.000014,0,5,0.00001,4,0,4,4,0,4
23620766,,0,0.000002,35,0.000007,0,1,1,0,1,1
22135622,,0,0.000002,35,0.000007,0,1,1,0,1,1
23218882,,0,0.000002,231,0.000007,0,1,1,0,1,1
22837803,,0,0.000002,231,0.000007,0,1,1,0,1,1
29910195,,0,0.000023,69,0.000007,0,1,1,0,1,1
22137482,,0.001232,0,69,0.000059,12,0,12,12,0,12
28758939,,0,0.000023,69,0.000007,0,1,1,0,1,1
27377320,,0,0.000024,89,0.000007,0,2,2,0,2,2
25826225,,0,0.000242,69,0.000007,0,2,2,0,2,2
25416790,,0,0.000026,69,0.000007,0,2,2,0,2,2
25187815,,0,0.000023,69,0.000007,0,1,1,0,1,1
24803669,,0,0.000023,69,0.000007,0,1,1,0,1,1
23284662,,0,0.000023,69,0.000007,0,1,1,0,1,1
22732001,,0,0.000023,69,0.000007,0,1,1,0,1,1
22630332,,0,0.000023,69,0.000007,0,1,1,0,1,1
29653955,,0,0.000702,100,0.000007,0,4,4,0,4,4
27799366,,0,0.000033,100,0.000007,0,1,1,0,1,1
26527005,,0,0.000036,100,0.000007,0,2,2,0,2,2
25937285,,0,0.000033,100,0.000007,0,1,1,0,1,1
25826375,,0,0.000033,100,0.000007,0,1,1,0,1,1
25785348,,0,0.000033,100,0.000007,0,1,1,0,1,1
25686104,,0,0.000033,100,0.000007,0,1,1,0,1,1
24690175,,0,0.000033,100,0.000007,0,1,1,0,1,1
23893515,,0,0.000033,100,0.000007,0,1,1,0,1,1
23733845,,0,0.000033,100,0.000007,0,1,1,0,1,1
23562156,,0,0.000033,100,0.000007,0,1,1,0,1,1
23296659,,0,0.000033,100,0.000007,0,1,1,0,1,1
23180582,,0,0.000033,100,0.000007,0,1,1,0,1,1
22404905,,0,0.000033,100,0.000007,0,1,1,0,1,1
28289945,,0,0.001214,69,0.000007,0,3,3,0,3,3
27019658,,0,0.000935,1,0.000007,0,2,2,0,2,2
26574845,,0.000004,0.000736,1,0.000009,1,7,8,1,7,8
25832646,,0,0.000164,1,0.000007,0,2,2,0,2,2
22143498,,0.00022,0,1,0.000009,2,0,2,2,0,2
29054978,,0,0.000332,35,0.000007,0,2,2,0,2,2
25177261,,0,0.000525,5,0.000007,0,7,7,0,7,7
23917950,,0,0.001621,1,0.000007,0,3,3,0,3,3
23153126,,0,0.000329,231,0.000007,0,1,1,0,1,1
29479477,,0,0.000051,89,0.000009,1,2,3,1,2,3
27768684,,0,0.000048,140,0.000007,0,1,1,0,1,1
22145984,,0.006078,0,1,0.000021,16,0,16,16,0,16
25279352,,0,0.003886,1,0.000007,0,4,4,0,4,4
22147742,,0.004416,0,1,0.000027,20,0,20,20,0,20
30425475,,0,0.000003,232,0.000007,0,1,1,0,1,1
22147748,,0.000162,0,232,0.000312,57,0,57,57,0,57
30279659,,0,0.000003,232,0.000007,0,1,1,0,1,1
30135316,,0,0.000008,232,0.000007,0,2,2,0,2,2
30111719,,0,0.000003,232,0.000007,0,1,1,0,1,1
29898401,,0,0.000282,232,0.000007,0,2,2,0,2,2
29764490,,0,0.000003,232,0.000007,0,1,1,0,1,1
29383148,,0,0.000003,232,0.000007,0,1,1,0,1,1
29259746,,0,0.000003,232,0.000007,0,1,1,0,1,1
28778024,,0,0.000003,232,0.000007,0,1,1,0,1,1
28741367,,0,0.000003,232,0.000007,0,1,1,0,1,1
28704566,,0,0.000003,232,0.000007,0,1,1,0,1,1
28423594,,0,0.000003,232,0.000007,0,1,1,0,1,1
28332083,,0,0.000003,232,0.000007,0,1,1,0,1,1
28217276,,0,0.000003,232,0.000007,0,1,1,0,1,1
28149949,,0,0.000003,232,0.000007,0,1,1,0,1,1
28137923,,0,0.000003,232,0.000007,0,1,1,0,1,1
28007448,,0,0.000003,232,0.000007,0,1,1,0,1,1
27859136,,0,0.000003,232,0.000007,0,1,1,0,1,1
27752544,,0,0.000003,232,0.000007,0,1,1,0,1,1
27698790,,0,0.000003,232,0.000007,0,1,1,0,1,1
27603912,,0,0.000008,232,0.000007,0,2,2,0,2,2
27560187,,0,0.000003,232,0.000007,0,1,1,0,1,1
27440271,,0,0.000003,232,0.000007,0,1,1,0,1,1
27374091,,0,0.000008,232,0.000007,0,2,2,0,2,2
27320910,,0,0.000003,232,0.000007,0,1,1,0,1,1
27248663,,0,0.000003,232,0.000007,0,1,1,0,1,1
27072562,,0,0.000003,232,0.000007,0,1,1,0,1,1
27070712,,0,0.000876,232,0.000007,0,4,4,0,4,4
26983987,,0,0.000003,232,0.000007,0,1,1,0,1,1
26909338,,0,0.000003,232,0.000007,0,1,1,0,1,1
26818215,,0,0.000008,232,0.000007,0,2,2,0,2,2
26811177,,0,0.000008,232,0.000007,0,2,2,0,2,2
26603259,,0,0.000008,232,0.000007,0,2,2,0,2,2
26361820,,0,0.000003,232,0.000007,0,1,1,0,1,1
26328245,,0,0.000003,232,0.000007,0,1,1,0,1,1
26244007,,0,0.000003,232,0.000007,0,1,1,0,1,1
26094595,,0,0.000003,232,0.000007,0,1,1,0,1,1
26073310,,0,0.000003,232,0.000007,0,1,1,0,1,1
26010414,,0,0.000008,232,0.000007,0,2,2,0,2,2
25994202,,0,0.000008,232,0.000007,0,3,3,0,3,3
25679067,,0,0.000003,232,0.000007,0,1,1,0,1,1
25635223,,0,0.000003,232,0.000007,0,1,1,0,1,1
25532146,,0,0.000003,232,0.000007,0,1,1,0,1,1
25512461,,0,0.000003,232,0.000007,0,1,1,0,1,1
25254649,,0,0.000003,232,0.000007,0,1,1,0,1,1
25185097,,0,0.000003,232,0.000007,0,1,1,0,1,1
25071581,,0,0.000003,232,0.000007,0,1,1,0,1,1
24490034,,0,0.000003,232,0.000007,0,1,1,0,1,1
24409417,,0,0.000003,232,0.000007,0,1,1,0,1,1
24196959,,0,0.000003,232,0.000007,0,1,1,0,1,1
24109591,,0,0.000003,232,0.000007,0,1,1,0,1,1
23845143,,0,0.000003,232,0.000007,0,1,1,0,1,1
23772420,,0,0.000003,232,0.000007,0,1,1,0,1,1
23624217,,0,0.000003,232,0.000007,0,1,1,0,1,1
22959024,,0,0.000003,232,0.000007,0,1,1,0,1,1
22382881,,0,0.000003,232,0.000007,0,1,1,0,1,1
30126151,,0,0.000089,1,0.000007,0,2,2,0,2,2
30050509,,0,0.000084,100,0.000007,0,1,1,0,1,1
30006506,,0,0.000084,100,0.000007,0,1,1,0,1,1
29950424,,0,0.000084,100,0.000007,0,1,1,0,1,1
29949775,,0,0.000084,100,0.000007,0,1,1,0,1,1
29481689,,0,0.000084,100,0.000007,0,1,1,0,1,1
28894029,,0,0.000773,100,0.000007,0,3,3,0,3,3
28208741,,0,0.000098,100,0.000007,0,2,2,0,2,2
28157503,,0,0.000371,100,0.000007,0,3,3,0,3,3
28011904,,0,0.000084,100,0.000007,0,1,1,0,1,1
27407148,,0,0.000084,100,0.000007,0,1,1,0,1,1
27379156,,0,0.000084,100,0.000007,0,1,1,0,1,1
27152164,,0,0.000084,100,0.000007,0,1,1,0,1,1
27146073,,0,0.000202,100,0.000007,0,3,3,0,3,3
26861880,,0,0.000084,100,0.000007,0,1,1,0,1,1
26792895,,0,0.000084,100,0.000007,0,1,1,0,1,1
26443850,,0,0.000084,100,0.000007,0,1,1,0,1,1
26098514,,0,0.000098,100,0.000007,0,2,2,0,2,2
25743599,,0,0.000106,100,0.000007,0,2,2,0,2,2
25165823,,0,0.000084,100,0.000007,0,1,1,0,1,1
24695737,,0,0.000084,100,0.000007,0,1,1,0,1,1
24657165,,0,0.000299,100,0.000007,0,2,2,0,2,2
24626199,,0,0.000699,100,0.000007,0,3,3,0,3,3
24561255,,0,0.000084,100,0.000007,0,1,1,0,1,1
24473148,,0,0.000456,69,0.000007,0,2,2,0,2,2
24324458,,0,0.000084,100,0.000007,0,1,1,0,1,1
24043837,,0,0.000084,100,0.000007,0,1,1,0,1,1
23974109,,0,0.000084,100,0.000007,0,1,1,0,1,1
23907118,,0,0.000084,100,0.000007,0,1,1,0,1,1
23770697,,0,0.000084,100,0.000007,0,1,1,0,1,1
23731732,,0,0.000084,100,0.000007,0,1,1,0,1,1
23677613,,0,0.000084,100,0.000007,0,1,1,0,1,1
23577232,,0,0.000084,100,0.000007,0,1,1,0,1,1
23451891,,0,0.000084,100,0.000007,0,1,1,0,1,1
23395907,,0,0.000084,100,0.000007,0,1,1,0,1,1
23393192,,0,0.000084,100,0.000007,0,1,1,0,1,1
23319600,,0,0.000084,100,0.000007,0,1,1,0,1,1
23150590,,0,0.000084,100,0.000007,0,1,1,0,1,1
23034805,,0,0.000084,100,0.000007,0,1,1,0,1,1
23028185,,0,0.000084,100,0.000007,0,1,1,0,1,1
22921573,,0,0.000084,100,0.000007,0,1,1,0,1,1
22787159,,0,0.000084,100,0.000007,0,1,1,0,1,1
22704558,,0,0.000084,100,0.000007,0,1,1,0,1,1
22645136,,0,0.000084,100,0.000007,0,1,1,0,1,1
22542963,,0,0.000084,100,0.000007,0,1,1,0,1,1
22457066,,0,0.000084,100,0.000007,0,1,1,0,1,1
22382979,,0,0.000084,100,0.000007,0,1,1,0,1,1
22325348,,0,0.000084,100,0.000007,0,1,1,0,1,1
28454282,,0,0.000032,205,0.000007,0,1,1,0,1,1
22167321,,0.000992,0,72,0.000053,13,0,13,13,0,13
29311633,,0,0.000019,72,0.000007,0,1,1,0,1,1
26112171,,0,0.000019,72,0.000007,0,1,1,0,1,1
25858286,,0,0.000023,72,0.000007,0,2,2,0,2,2
25222202,,0,0.000019,72,0.000007,0,1,1,0,1,1
25220353,,0,0.000059,72,0.000007,0,2,2,0,2,2
24191129,,0,0.000019,72,0.000007,0,1,1,0,1,1
23427895,,0,0.000059,72,0.000007,0,2,2,0,2,2
30369945,,0,0.000013,1,0.000007,0,1,1,0,1,1
22168164,,0.000665,0,1,0.000022,5,0,5,5,0,5
26046674,,0,0.000013,1,0.000007,0,1,1,0,1,1
22170030,,0.000958,0,100,0.000018,8,0,8,8,0,8
22172717,,0.000841,0,1,0.000007,1,0,1,1,0,1
27977754,,0,0,97,0.000007,0,1,1,0,1,1
22179631,,0.000001,0,97,0.00002,3,0,3,3,0,3
25365429,,0,0,97,0.000007,0,1,1,0,1,1
22179695,,0.000021,0,89,0.000009,1,0,1,1,0,1
22180407,,0.002829,0,1,0.000019,9,0,9,9,0,9
22183581,,0.001673,0,69,0.000115,23,0,23,23,0,23
29909985,,0,0.001536,1,0.000007,0,9,9,0,9,9
28235197,,0,0.000422,69,0.000007,0,3,3,0,3,3
27543336,,0,0.000608,1,0.000007,0,6,6,0,6,6
26159513,,0,0.000032,69,0.000007,0,1,1,0,1,1
25640679,,0,0.000032,69,0.000007,0,1,1,0,1,1
25288879,,0,0.000032,69,0.000007,0,1,1,0,1,1
25155515,,0,0.000066,69,0.000007,0,2,2,0,2,2
25099679,,0,0.000032,69,0.000007,0,1,1,0,1,1
24981601,,0,0.000403,69,0.000007,0,2,2,0,2,2
24497845,,0,0.000032,69,0.000007,0,1,1,0,1,1
24009521,,0,0.000032,69,0.000007,0,1,1,0,1,1
23271978,,0,0.000066,69,0.000007,0,2,2,0,2,2
22692945,,0,0.000032,69,0.000007,0,1,1,0,1,1
22537039,,0,0.000032,69,0.000007,0,1,1,0,1,1
29848906,,0,0.000007,184,0.000007,0,1,1,0,1,1
29358667,,0,0.000007,184,0.000007,0,1,1,0,1,1
29267372,,0,0.000007,184,0.000007,0,1,1,0,1,1
29122578,,0,0.000007,184,0.000007,0,1,1,0,1,1
28827743,,0,0.000054,184,0.000007,0,2,2,0,2,2
28542097,,0,0.000032,184,0.000007,0,2,2,0,2,2
28436431,,0,0.000007,184,0.000007,0,1,1,0,1,1
27679477,,0,0.000055,205,0.000007,0,3,3,0,3,3
27144026,,0,0.000009,184,0.000007,0,2,2,0,2,2
26764141,,0,0.000007,184,0.000007,0,1,1,0,1,1
26620556,,0,0.000009,184,0.000007,0,2,2,0,2,2
25890248,,0,0.000007,184,0.000007,0,1,1,0,1,1
25824147,,0,0.000007,184,0.000007,0,1,1,0,1,1
24726884,,0,0.000007,184,0.000007,0,1,1,0,1,1
23977067,,0,0.000007,184,0.000007,0,1,1,0,1,1
23443128,,0,0.000007,184,0.000007,0,1,1,0,1,1
22870213,,0,0.000007,184,0.000007,0,1,1,0,1,1
26177092,,0,0.000018,41,0.000007,0,1,1,0,1,1
25249771,,0,0.000018,41,0.000007,0,1,1,0,1,1
22187320,,0.00541,0,205,0.000115,47,0,47,47,0,47
29594018,,0,0.000546,205,0.000007,0,8,8,0,8,8
27486767,,0,0.000103,205,0.000007,0,1,1,0,1,1
26925958,,0,0.000103,205,0.000007,0,1,1,0,1,1
26892651,,0,0.000259,205,0.000007,0,2,2,0,2,2
26114016,,0,0.000109,205,0.000007,0,2,2,0,2,2
22189434,,0.000093,0,5,0.000016,4,0,4,4,0,4
24921900,,0,0.000002,5,0.000007,0,1,1,0,1,1
28927112,,0,0,24,0.000007,0,1,1,0,1,1
22190288,,0.00001,0,24,0.000038,7,0,7,7,0,7
26125439,,0,0.000038,24,0.000007,0,3,3,0,3,3
24690410,,0,0,24,0.000007,0,1,1,0,1,1
24348097,,0,0,24,0.000007,0,1,1,0,1,1
23301673,,0,0,24,0.000007,0,1,1,0,1,1
30263352,,0,0.000018,90,0.000007,0,1,1,0,1,1
26042194,,0,0.000018,90,0.000007,0,1,1,0,1,1
24530186,,0,0.000018,90,0.000007,0,1,1,0,1,1
24378064,,0,0.000018,90,0.000007,0,1,1,0,1,1
23417440,,0,0.000018,90,0.000007,0,1,1,0,1,1
22193042,,0.007079,0,1,0.000044,29,0,29,29,0,29
29568817,,0,0.000135,1,0.000007,0,1,1,0,1,1
29135516,,0,0.000188,1,0.000007,0,4,4,0,4,4
26551621,,0,0.000181,69,0.000007,0,2,2,0,2,2
23893381,,0,0.000135,1,0.000007,0,1,1,0,1,1
30297739,,0,0.000953,72,0.000007,0,2,2,0,2,2
30159437,,0,0.000953,100,0.000007,0,1,1,0,1,1
30127940,,0,0.000953,100,0.000007,0,1,1,0,1,1
29890631,,0,0.000953,100,0.000007,0,1,1,0,1,1
29298432,,0,0.000984,100,0.000007,0,2,2,0,2,2
29038466,,0,0.002574,100,0.000007,0,6,6,0,6,6
28966806,,0,0.001165,69,0.000007,0,2,2,0,2,2
28956437,,0,0.001029,100,0.000007,0,2,2,0,2,2
28781235,,0,0.000953,100,0.000007,0,1,1,0,1,1
28714477,,0,0.000953,100,0.000007,0,1,1,0,1,1
28615672,,0,0.000953,100,0.000007,0,1,1,0,1,1
28370323,,0,0.000953,100,0.000007,0,1,1,0,1,1
27912056,,0,0.001004,72,0.000007,0,2,2,0,2,2
27829164,,0,0.000953,100,0.000007,0,1,1,0,1,1
27386569,,0.000015,0.000999,66,0.000099,17,2,19,17,2,19
27245308,,0,0.001045,100,0.000007,0,3,3,0,3,3
27236187,,0,0.000953,100,0.000007,0,1,1,0,1,1
27125728,,0,0.001167,100,0.000007,0,2,2,0,2,2
25938907,,0,0.000953,100,0.000007,0,1,1,0,1,1
25849366,,0,0.001029,100,0.000007,0,2,2,0,2,2
25800793,,0,0.000953,100,0.000007,0,1,1,0,1,1
25119862,,0,0.000953,100,0.000007,0,1,1,0,1,1
24784841,,0,0.000953,100,0.000007,0,1,1,0,1,1
24418621,,0,0.001167,100,0.000007,0,2,2,0,2,2
24207023,,0,0.000953,100,0.000007,0,1,1,0,1,1
24171864,,0,0.000953,100,0.000007,0,1,1,0,1,1
23706822,,0,0.000953,100,0.000007,0,1,1,0,1,1
23153487,,0,0.000953,100,0.000007,0,1,1,0,1,1
22704488,,0,0.000953,100,0.000007,0,1,1,0,1,1
27929383,,0,0,1,0.000007,0,1,1,0,1,1
22197612,,0.000003,0,1,0.000036,6,0,6,6,0,6
27698911,,0,0,1,0.000007,0,1,1,0,1,1
26556350,,0,0.000027,1,0.000007,0,2,2,0,2,2
25806279,,0,0,1,0.000007,0,1,1,0,1,1
24498372,,0,0,1,0.000007,0,1,1,0,1,1
22197621,,0.001211,0,279,0.000039,13,0,13,13,0,13
27279340,,0,0.000023,279,0.000007,0,1,1,0,1,1
27207652,,0,0.000023,279,0.000007,0,1,1,0,1,1
27167203,,0,0.000023,279,0.000007,0,1,1,0,1,1
27134816,,0,0.000023,279,0.000007,0,1,1,0,1,1
25960784,,0,0.000023,279,0.000007,0,2,2,0,2,2
22198256,,0.000405,0,231,0.00001,3,0,3,3,0,3
28934256,,0,0,2,0.000007,0,1,1,0,1,1
22203755,,0.058453,0,1,0.000179,115,0,115,115,0,115
30022641,,0,0.005055,1,0.000007,0,6,6,0,6,6
29270064,,0,0.007532,1,0.000007,0,8,8,0,8,8
28761723,,0,0.001115,1,0.000007,0,1,1,0,1,1
27655643,,0,0.002729,1,0.000007,0,3,3,0,3,3
27524910,,0,0.001115,1,0.000007,0,1,1,0,1,1
26052253,,0,0.001115,1,0.000007,0,1,1,0,1,1
25691154,,0,0.001115,1,0.000007,0,1,1,0,1,1
24658024,,0,0.001115,1,0.000007,0,1,1,0,1,1
23881990,,0,0.001115,1,0.000007,0,1,1,0,1,1
22203759,,0.002388,0,1,0.00001,5,0,5,5,0,5
29966290,,0,0.000004,279,0.000007,0,1,1,0,1,1
29445425,,0,0.000004,279,0.000007,0,1,1,0,1,1
28765789,,0,0.000004,279,0.000007,0,1,1,0,1,1
25484923,,0,0.000004,279,0.000007,0,1,1,0,1,1
25484853,,0,0.000004,279,0.000007,0,1,1,0,1,1
25379132,,0,0.000004,279,0.000007,0,1,1,0,1,1
23878188,,0,0.000006,232,0.000007,0,2,2,0,2,2
23209187,,0,0.000004,279,0.000007,0,1,1,0,1,1
22740325,,0,0.000004,279,0.000007,0,1,1,0,1,1
29589566,,0,0.000003,69,0.000007,0,1,1,0,1,1
28941788,,0,0.000003,69,0.000007,0,1,1,0,1,1
28649433,,0,0.000003,69,0.000007,0,1,1,0,1,1
28386558,,0,0.000003,69,0.000007,0,1,1,0,1,1
27797778,,0,0.000003,69,0.000007,0,1,1,0,1,1
26284649,,0,0.000003,69,0.000007,0,1,1,0,1,1
25984907,,0,0.000003,69,0.000007,0,1,1,0,1,1
25188415,,0,0.000003,69,0.000007,0,1,1,0,1,1
25148538,,0,0.000003,69,0.000007,0,1,1,0,1,1
25052024,,0,0.000003,69,0.000007,0,1,1,0,1,1
24551056,,0,0.000003,69,0.000007,0,1,1,0,1,1
23894653,,0,0.000003,69,0.000007,0,1,1,0,1,1
30458806,,0,0.00001,35,0.000007,0,1,1,0,1,1
30367681,,0,0.00001,35,0.000007,0,1,1,0,1,1
30214616,,0,0.00001,35,0.000007,0,1,1,0,1,1
30175285,,0,0.00001,35,0.000007,0,1,1,0,1,1
29941599,,0,0.00001,35,0.000007,0,1,1,0,1,1
29275295,,0,0.00001,35,0.000007,0,1,1,0,1,1
29093822,,0,0.000016,35,0.000007,0,2,2,0,2,2
28935018,,0,0.000018,279,0.000007,0,4,4,0,4,4
28923849,,0,0.000013,72,0.000007,0,2,2,0,2,2
28754964,,0,0.00001,35,0.000007,0,1,1,0,1,1
28717350,,0,0.00001,35,0.000007,0,1,1,0,1,1
28539434,,0,0.00001,35,0.000007,0,1,1,0,1,1
28423699,,0,0.00001,35,0.000007,0,1,1,0,1,1
28194967,,0,0.00001,35,0.000007,0,1,1,0,1,1
27845897,,0,0.00001,35,0.000007,0,1,1,0,1,1
27784786,,0,0.00001,35,0.000007,0,1,1,0,1,1
27652892,,0,0.00001,35,0.000007,0,1,1,0,1,1
27220480,,0,0.00001,72,0.000007,0,2,2,0,2,2
27183582,,0,0.00001,35,0.000007,0,1,1,0,1,1
27092491,,0,0.00001,35,0.000007,0,1,1,0,1,1
26993608,,0,0.00001,35,0.000007,0,1,1,0,1,1
26945048,,0,0.00001,35,0.000007,0,1,1,0,1,1
26869351,,0,0.00001,35,0.000007,0,1,1,0,1,1
26621846,,0,0.00001,35,0.000007,0,1,1,0,1,1
26484567,,0,0.00001,35,0.000007,0,1,1,0,1,1
26300989,,0,0.00001,35,0.000007,0,1,1,0,1,1
26110843,,0,0.00001,35,0.000007,0,1,1,0,1,1
25895025,,0,0.00001,35,0.000007,0,1,1,0,1,1
25295088,,0,0.00001,35,0.000007,0,1,1,0,1,1
25189741,,0,0.00001,35,0.000007,0,1,1,0,1,1
24564627,,0,0.00001,35,0.000007,0,1,1,0,1,1
24474760,,0,0.00001,35,0.000007,0,1,1,0,1,1
24229707,,0,0.00001,35,0.000007,0,1,1,0,1,1
23857401,,0,0.00001,35,0.000007,0,1,1,0,1,1
23826403,,0,0.00001,35,0.000007,0,1,1,0,1,1
29464864,,0,0.000012,24,0.000007,0,2,2,0,2,2
29088855,,0,0,231,0.000007,0,1,1,0,1,1
23706176,,0,0,231,0.000007,0,1,1,0,1,1
30442926,,0,0.000003,241,0.000007,0,1,1,0,1,1
22217331,,0.00017,0,241,0.000037,8,0,8,8,0,8
28149839,,0,0.000003,241,0.000007,0,1,1,0,1,1
25493176,,0,0.000003,241,0.000007,0,1,1,0,1,1
25232349,,0,0.000003,241,0.000007,0,1,1,0,1,1
22217648,,0.000296,0,89,0.000008,4,0,4,4,0,4
22218796,,0.000028,0,89,0.000007,1,0,1,1,0,1
30043858,,0,0.000012,69,0.000007,0,1,1,0,1,1
29733391,,0,0.000012,69,0.000007,0,1,1,0,1,1
29384431,,0,0.000013,69,0.000007,0,2,2,0,2,2
28847823,,0,0.000632,69,0.000007,0,4,4,0,4,4
28486105,,0,0.000345,100,0.000007,0,3,3,0,3,3
28294943,,0,0.000012,69,0.000007,0,1,1,0,1,1
28137313,,0,0.000012,69,0.000007,0,1,1,0,1,1
26692166,,0,0.000012,69,0.000007,0,1,1,0,1,1
26506153,,0,0.00003,69,0.000007,0,2,2,0,2,2
25593309,,0,0.000012,69,0.000007,0,1,1,0,1,1
25333848,,0,0.000012,69,0.000007,0,1,1,0,1,1
24550317,,0,0.000024,100,0.000007,0,2,2,0,2,2
24259318,,0,0.000012,69,0.000007,0,1,1,0,1,1
22226069,,0.000011,0,5,0.000008,1,0,1,1,0,1
28509438,,0,0,57,0.000007,0,1,1,0,1,1
28208617,,0,0,57,0.000007,0,1,1,0,1,1
27313498,,0,0,57,0.000007,0,1,1,0,1,1
25741219,,0,0,57,0.000007,0,1,1,0,1,1
25202376,,0,0,57,0.000007,0,1,1,0,1,1
22228432,,0.000249,0,100,0.000024,8,0,8,8,0,8
30038716,,0,0.000005,100,0.000007,0,1,1,0,1,1
29209407,,0,0.000005,100,0.000007,0,1,1,0,1,1
29309250,,0,0.000024,5,0.000007,0,1,1,0,1,1
26523133,,0,0.000024,5,0.000007,0,1,1,0,1,1
24084766,,0,0.000024,5,0.000007,0,1,1,0,1,1
23400601,,0,0.000024,5,0.000007,0,1,1,0,1,1
22234518,,0.001695,0,35,0.000063,26,0,26,26,0,26
29720215,,0,0.000035,35,0.000007,0,2,2,0,2,2
25268374,,0,0.000032,35,0.000007,0,1,1,0,1,1
24915158,,0,0.000032,35,0.000007,0,1,1,0,1,1
22237432,,0.000103,0,5,0.000012,4,0,4,4,0,4
22240989,,0.000476,0,5,0.000027,13,0,13,13,0,13
23559870,,0,0.000009,5,0.000007,0,1,1,0,1,1
30279538,,0,0.000023,140,0.000007,0,1,1,0,1,1
22245140,,0.001218,0,140,0.000023,5,0,5,5,0,5
28164103,,0,0.00003,140,0.000007,0,2,2,0,2,2
23603631,,0,0.000023,140,0.000007,0,1,1,0,1,1
29731887,,0,0.000003,198,0.000007,0,1,1,0,1,1
30285756,,0,0,69,0.000007,0,1,1,0,1,1
22249258,,0.000013,0,69,0.000054,9,0,9,9,0,9
29127306,,0,0,69,0.000007,0,1,1,0,1,1
27992601,,0,0,69,0.000007,0,1,1,0,1,1
27894075,,0,0,69,0.000007,0,1,1,0,1,1
26621851,,0,0,69,0.000007,0,1,1,0,1,1
26036842,,0,0,69,0.000007,0,2,2,0,2,2
24166501,,0,0,69,0.000007,0,1,1,0,1,1
23344024,,0,0,69,0.000007,0,1,1,0,1,1
22252303,,0.000039,0,69,0.000009,2,0,2,2,0,2
22252577,,0.00039,0,1,0.000012,3,0,3,3,0,3
27526105,,0,0.000087,1,0.000007,0,1,1,0,1,1
22257279,,0.000009,0,5,0.000013,4,0,4,4,0,4
22258036,,0.0003,0,241,0.000077,16,0,16,16,0,16
27449922,,0,0.000006,241,0.000007,0,1,1,0,1,1
27182052,,0,0.000006,241,0.000007,0,1,1,0,1,1
26877094,,0,0.000006,241,0.000007,0,1,1,0,1,1
26624883,,0,0.000006,241,0.000007,0,1,1,0,1,1
26496927,,0,0.000006,241,0.000007,0,1,1,0,1,1
26106142,,0,0.00002,241,0.000007,0,2,2,0,2,2
26097467,,0,0.000006,241,0.000007,0,1,1,0,1,1
26028543,,0,0.000006,241,0.000007,0,1,1,0,1,1
25207595,,0,0.000009,241,0.000007,0,2,2,0,2,2
24682663,,0,0.000006,241,0.000007,0,1,1,0,1,1
24433282,,0,0.000006,241,0.000007,0,1,1,0,1,1
22574217,,0,0.000006,241,0.000007,0,1,1,0,1,1
22260402,,0.000539,0,5,0.000015,7,0,7,7,0,7
23519779,,0,0.00001,5,0.000007,0,1,1,0,1,1
29327114,,0,0,1,0.000007,0,1,1,0,1,1
22262156,,0.000001,0,1,0.000016,2,0,2,2,0,2
25403235,,0,0.000028,1,0.000007,0,2,2,0,2,2
29725458,,0,0.00004,100,0.000007,0,1,1,0,1,1
29340049,,0,0.000049,247,0.000007,0,2,2,0,2,2
28702009,,0,0.000049,247,0.000007,0,2,2,0,2,2
27981892,,0,0.00004,100,0.000007,0,1,1,0,1,1
27347018,,0,0.000049,247,0.000007,0,2,2,0,2,2
26793706,,0,0.00004,100,0.000007,0,1,1,0,1,1
26573568,,0,0.000048,247,0.000007,0,2,2,0,2,2
26506250,,0,0.00004,100,0.000007,0,1,1,0,1,1
26308057,,0,0.00004,100,0.000007,0,1,1,0,1,1
25625798,,0,0.00004,100,0.000007,0,1,1,0,1,1
23588715,,0,0.00004,100,0.000007,0,1,1,0,1,1
29507222,,0,0,100,0.000007,0,1,1,0,1,1
27685622,,0,0,100,0.000007,0,1,1,0,1,1
27601470,,0,0,100,0.000007,0,1,1,0,1,1
27510035,,0,0,100,0.000007,0,1,1,0,1,1
26883906,,0,0,100,0.000007,0,1,1,0,1,1
26729173,,0,0,100,0.000007,0,1,1,0,1,1
26034658,,0,0,100,0.000007,0,1,1,0,1,1
24798867,,0,0,100,0.000007,0,1,1,0,1,1
24550490,,0,0,100,0.000007,0,1,1,0,1,1
23686610,,0,0,100,0.000007,0,1,1,0,1,1
22263793,,0.001255,0,1,0.000007,1,0,1,1,0,1
22264603,,0.010248,0,1,0.000051,32,0,32,32,0,32
26215801,,0,0.000217,1,0.000007,0,2,2,0,2,2
25659377,,0,0.000217,1,0.000007,0,2,2,0,2,2
22266096,,0.002837,0,1,0.000034,12,0,12,12,0,12
23038248,,0,0.000054,1,0.000007,0,1,1,0,1,1
22267503,,0.000019,0,100,0.000041,7,0,7,7,0,7
26088082,,0,0,100,0.000007,0,1,1,0,1,1
25189194,,0,0,100,0.000007,0,1,1,0,1,1
24023735,,0,0,100,0.000007,0,1,1,0,1,1
23965312,,0,0,100,0.000007,0,1,1,0,1,1
23082121,,0,0,100,0.000007,0,1,1,0,1,1
29805594,,0,0.00002,24,0.000007,0,1,1,0,1,1
22269178,,0.001062,0,24,0.00005,17,0,17,17,0,17
29534030,,0,0.00002,24,0.000007,0,1,1,0,1,1
29088286,,0,0.00002,24,0.000007,0,2,2,0,2,2
28927101,,0,0.000032,24,0.000007,0,2,2,0,2,2
24710309,,0,0.000071,24,0.000007,0,2,2,0,2,2
22270937,,0.000954,0,5,0.000013,9,0,9,9,0,9
22274317,,0.000078,0,5,0.000017,7,0,7,7,0,7
22274543,,0.001206,0,1,0.000007,1,0,1,1,0,1
22274678,,0.000348,0,1,0.000007,1,0,1,1,0,1
22274679,,0.000243,0,1,0.000007,1,0,1,1,0,1
30068487,,0,0.000775,1,0.000007,0,1,1,0,1,1
29780777,,0,0.001549,1,0.000007,0,2,2,0,2,2
29445866,,0,0.000775,1,0.000007,0,1,1,0,1,1
28978132,,0,0.002354,1,0.000007,0,7,7,0,7,7
27110476,,0,0.000775,1,0.000007,0,1,1,0,1,1
26228058,,0,0.000786,69,0.000007,0,2,2,0,2,2
23913208,,0,0.000775,1,0.000007,0,1,1,0,1,1
23904761,,0,0.000913,1,0.000007,0,3,3,0,3,3
29325566,,0,0,89,0.000007,0,1,1,0,1,1
26847433,,0,0,89,0.000007,0,1,1,0,1,1
29659167,,0,0.000142,1,0.000007,0,5,5,0,5,5
22277901,,0.000792,0,89,0.000014,10,0,10,10,0,10
30127874,,0,0,232,0.000007,0,1,1,0,1,1
29925812,,0,0,232,0.000007,0,1,1,0,1,1
29535262,,0,0,232,0.000007,0,1,1,0,1,1
29434697,,0,0,232,0.000007,0,1,1,0,1,1
29286139,,0,0,232,0.000007,0,1,1,0,1,1
28771075,,0,0,232,0.000007,0,1,1,0,1,1
28586067,,0,0,232,0.000007,0,1,1,0,1,1
28446188,,0,0,232,0.000007,0,1,1,0,1,1
28036296,,0,0,232,0.000007,0,1,1,0,1,1
27582552,,0,0,232,0.000007,0,1,1,0,1,1
27488872,,0,0,232,0.000007,0,1,1,0,1,1
26528041,,0,0,232,0.000007,0,1,1,0,1,1
26046466,,0,0,232,0.000007,0,1,1,0,1,1
25530715,,0,0,232,0.000007,0,1,1,0,1,1
24642627,,0,0,232,0.000007,0,1,1,0,1,1
23970935,,0,0,232,0.000007,0,1,1,0,1,1
23807222,,0,0,232,0.000007,0,1,1,0,1,1
23370395,,0,0,232,0.000007,0,1,1,0,1,1
23226679,,0,0,232,0.000007,0,1,1,0,1,1
23087899,,0,0,232,0.000007,0,1,1,0,1,1
23071715,,0,0,232,0.000007,0,1,1,0,1,1
22281755,,0.000001,0,24,0.000058,9,0,9,9,0,9
28849180,,0,0,24,0.000007,0,1,1,0,1,1
27670291,,0,0,24,0.000007,0,1,1,0,1,1
26909254,,0,0,24,0.000007,0,1,1,0,1,1
26045992,,0,0,24,0.000007,0,1,1,0,1,1
25849560,,0,0,24,0.000007,0,1,1,0,1,1
25625960,,0,0,24,0.000007,0,1,1,0,1,1
24649074,,0,0,24,0.000007,0,1,1,0,1,1
23399639,,0,0,24,0.000007,0,1,1,0,1,1
22282309,,0.003927,0,1,0.000048,24,0,24,24,0,24
27494775,,0,0.000075,1,0.000007,0,1,1,0,1,1
27447625,,0,0.001871,1,0.000007,0,4,4,0,4,4
23669443,,0,0.000075,1,0.000007,0,1,1,0,1,1
22490302,,0,0.000075,1,0.000007,0,1,1,0,1,1
29588585,,0,0.000003,111,0.000007,0,1,1,0,1,1
22284780,,0.000169,0,111,0.000132,24,0,24,24,0,24
28962252,,0,0.000003,111,0.000007,0,1,1,0,1,1
27904580,,0,0.000003,111,0.000007,0,1,1,0,1,1
27902752,,0,0.000003,111,0.000007,0,1,1,0,1,1
27801783,,0,0.000003,111,0.000007,0,1,1,0,1,1
27279694,,0,0.000003,111,0.000007,0,1,1,0,1,1
26573874,,0,0.000003,111,0.000007,0,1,1,0,1,1
25922567,,0,0.000003,111,0.000007,0,1,1,0,1,1
25277189,,0,0.000003,111,0.000007,0,1,1,0,1,1
25238045,,0,0.000003,111,0.000007,0,1,1,0,1,1
25175005,,0,0.000003,111,0.000007,0,1,1,0,1,1
24708375,,0,0.000003,111,0.000007,0,1,1,0,1,1
24439916,,0,0.000003,111,0.000007,0,1,1,0,1,1
24034629,,0,0.000003,111,0.000007,0,1,1,0,1,1
23988121,,0,0.000003,111,0.000007,0,1,1,0,1,1
23502466,,0,0.000003,111,0.000007,0,1,1,0,1,1
23205117,,0,0.000003,111,0.000007,0,1,1,0,1,1
23015779,,0,0.000003,111,0.000007,0,1,1,0,1,1
22577342,,0,0.000003,111,0.000007,0,1,1,0,1,1
22533866,,0,0.000003,111,0.000007,0,1,1,0,1,1
22290577,,0.000148,0,90,0.000038,8,0,8,8,0,8
28672837,,0,0.000003,90,0.000007,0,1,1,0,1,1
27727280,,0,0.000003,90,0.000007,0,1,1,0,1,1
27688890,,0,0.000003,90,0.000007,0,1,1,0,1,1
23971004,,0,0.000003,90,0.000007,0,1,1,0,1,1
22295308,,0.000022,0,5,0.000007,1,0,1,1,0,1
30275714,,0,0.000005,231,0.000007,0,1,1,0,1,1
25937855,,0,0.000005,231,0.000007,0,1,1,0,1,1
24834277,,0,0.000005,231,0.000007,0,1,1,0,1,1
22307791,,0.000109,0,231,0.000007,1,0,1,1,0,1
26747277,,0,0,100,0.000007,0,1,1,0,1,1
22311183,,0.000008,0,100,0.00002,3,0,3,3,0,3
26544852,,0,0,100,0.000007,0,1,1,0,1,1
22311583,,0.000211,0,231,0.000012,4,0,4,4,0,4
22313048,,0.000284,0,5,0.000012,4,0,4,4,0,4
25012948,,0,0.000007,5,0.000007,0,2,2,0,2,2
28327601,,0,0.000023,89,0.000007,0,2,2,0,2,2
28153719,,0,0.000019,89,0.000007,0,1,1,0,1,1
28139749,,0,0.000044,89,0.000007,0,4,4,0,4,4
27639558,,0,0.000019,89,0.000007,0,1,1,0,1,1
27476724,,0,0.000036,89,0.000007,0,2,2,0,2,2
27412732,,0,0.000073,231,0.000007,0,2,2,0,2,2
26909336,,0,0.000036,89,0.000007,0,2,2,0,2,2
26203276,,0,0.000019,89,0.000007,0,1,1,0,1,1
26203258,,0,0.000019,89,0.000007,0,1,1,0,1,1
25466287,,0,0.000036,89,0.000007,0,2,2,0,2,2
25307299,,0,0.000019,89,0.000007,0,1,1,0,1,1
24959384,,0,0.000019,89,0.000007,0,1,1,0,1,1
24705261,,0,0.000019,89,0.000007,0,1,1,0,1,1
23259501,,0,0.000019,89,0.000007,0,1,1,0,1,1
30423928,,0,0.00004,72,0.000007,0,1,1,0,1,1
22315424,,0.002076,0,72,0.000535,115,0,115,115,0,115
30344696,,0,0.00004,72,0.000007,0,1,1,0,1,1
30342533,,0,0.00004,72,0.000007,0,1,1,0,1,1
30115973,,0,0.000136,72,0.000007,0,4,4,0,4,4
30018566,,0,0.00004,232,0.000007,0,2,2,0,2,2
29928346,,0,0.00004,72,0.000007,0,1,1,0,1,1
29868122,,0,0.00004,72,0.000007,0,2,2,0,2,2
29854719,,0,0.00004,72,0.000007,0,1,1,0,1,1
29246496,,0,0.00004,72,0.000007,0,1,1,0,1,1
29068983,,0,0.00004,72,0.000007,0,1,1,0,1,1
28966883,,0,0.00004,72,0.000007,0,1,1,0,1,1
28827639,,0,0.00004,72,0.000007,0,1,1,0,1,1
28512126,,0,0.00005,72,0.000007,0,2,2,0,2,2
28402752,,0,0.00004,35,0.000007,0,2,2,0,2,2
28160548,,0,0.00004,72,0.000007,0,1,1,0,1,1
28106823,,0,0.00004,72,0.000007,0,1,1,0,1,1
28103887,,0,0.00004,72,0.000007,0,1,1,0,1,1
28005467,,0,0.00004,72,0.000007,0,1,1,0,1,1
27926533,,0,0.00004,72,0.000007,0,1,1,0,1,1
27897201,,0,0.00004,72,0.000007,0,1,1,0,1,1
27782067,,0,0.00004,72,0.000007,0,1,1,0,1,1
27721895,,0,0.00004,72,0.000007,0,1,1,0,1,1
27629831,,0,0.00004,72,0.000007,0,1,1,0,1,1
27608715,,0,0.00004,72,0.000007,0,1,1,0,1,1
27579604,,0,0.000042,72,0.000007,0,2,2,0,2,2
27551267,,0,0.00004,72,0.000007,0,1,1,0,1,1
27433802,,0,0.00004,72,0.000007,0,1,1,0,1,1
27374087,,0,0.00004,72,0.000007,0,1,1,0,1,1
27300436,,0,0.00004,72,0.000007,0,1,1,0,1,1
27293381,,0,0.00004,72,0.000007,0,1,1,0,1,1
27223464,,0,0.00004,72,0.000007,0,1,1,0,1,1
26989421,,0,0.00004,72,0.000007,0,1,1,0,1,1
26902536,,0,0.00004,72,0.000007,0,1,1,0,1,1
26821020,,0,0.00004,72,0.000007,0,1,1,0,1,1
26779312,,0,0.00004,72,0.000007,0,1,1,0,1,1
26629015,,0,0.00004,72,0.000007,0,1,1,0,1,1
26507842,,0,0.00004,72,0.000007,0,1,1,0,1,1
26473850,,0,0.00004,72,0.000007,0,1,1,0,1,1
26158897,,0,0.00004,72,0.000007,0,1,1,0,1,1
26146543,,0,0.00004,72,0.000007,0,1,1,0,1,1
26062749,,0,0.000068,1,0.000007,0,2,2,0,2,2
26052481,,0,0.000066,35,0.000007,0,2,2,0,2,2
26009703,,0,0.00004,72,0.000007,0,1,1,0,1,1
25960691,,0,0.00004,72,0.000007,0,1,1,0,1,1
25760330,,0,0.00004,72,0.000007,0,1,1,0,1,1
25722304,,0,0.00004,72,0.000007,0,1,1,0,1,1
25504437,,0,0.00004,72,0.000007,0,1,1,0,1,1
25491321,,0,0.00004,72,0.000007,0,1,1,0,1,1
25477749,,0,0.00004,72,0.000007,0,1,1,0,1,1
25426255,,0,0.000042,72,0.000007,0,2,2,0,2,2
25205039,,0,0.00004,72,0.000007,0,1,1,0,1,1
25174799,,0,0.00004,72,0.000007,0,1,1,0,1,1
25050175,,0,0.00004,72,0.000007,0,1,1,0,1,1
25046105,,0,0.00004,72,0.000007,0,1,1,0,1,1
24909053,,0,0.00004,72,0.000007,0,1,1,0,1,1
24811921,,0,0.00004,72,0.000007,0,1,1,0,1,1
24632820,,0,0.00004,72,0.000007,0,1,1,0,1,1
24599520,,0,0.00004,72,0.000007,0,1,1,0,1,1
24586608,,0,0.00004,72,0.000007,0,1,1,0,1,1
24358187,,0,0.00004,72,0.000007,0,1,1,0,1,1
24350289,,0,0.00004,72,0.000007,0,1,1,0,1,1
24330780,,0,0.000044,35,0.000007,0,2,2,0,2,2
24116077,,0,0.000042,72,0.000007,0,2,2,0,2,2
23957009,,0,0.00004,72,0.000007,0,1,1,0,1,1
23465882,,0,0.00004,72,0.000007,0,1,1,0,1,1
23405235,,0,0.00004,72,0.000007,0,1,1,0,1,1
23281739,,0,0.00004,72,0.000007,0,1,1,0,1,1
23200856,,0,0.00004,72,0.000007,0,1,1,0,1,1
23200134,,0,0.00004,72,0.000007,0,1,1,0,1,1
23060440,,0,0.00004,72,0.000007,0,1,1,0,1,1
22684369,,0,0.00004,72,0.000007,0,1,1,0,1,1
29581842,,0,0,24,0.000007,0,1,1,0,1,1
22317771,,0.000017,0,24,0.000032,6,0,6,6,0,6
25333008,,0,0,24,0.000007,0,1,1,0,1,1
23274197,,0,0,24,0.000007,0,1,1,0,1,1
28754778,,0,0.00019,5,0.000007,0,2,2,0,2,2
22320316,,0.000966,0,5,0.000014,8,0,8,8,0,8
22322863,,0.001965,0,72,0.000207,52,0,52,52,0,52
29736206,,0,0.000037,72,0.000007,0,1,1,0,1,1
29662624,,0,0.000037,72,0.000007,0,1,1,0,1,1
29275359,,0,0.000054,72,0.000007,0,4,4,0,4,4
29175021,,0,0.000037,72,0.000007,0,1,1,0,1,1
28894379,,0,0.000037,72,0.000007,0,1,1,0,1,1
28800130,,0,0.000037,72,0.000007,0,1,1,0,1,1
28670378,,0,0.000348,72,0.000007,0,2,2,0,2,2
28593022,,0,0.000037,72,0.000007,0,1,1,0,1,1
28412746,,0,0.000037,72,0.000007,0,2,2,0,2,2
28280352,,0,0.000037,72,0.000007,0,1,1,0,1,1
28223824,,0,0.000037,72,0.000007,0,1,1,0,1,1
27893429,,0,0.000044,72,0.000007,0,2,2,0,2,2
27081087,,0,0.000037,72,0.000007,0,1,1,0,1,1
26978735,,0,0.000037,72,0.000007,0,1,1,0,1,1
25996952,,0,0.000037,72,0.000007,0,1,1,0,1,1
25973950,,0,0.000037,72,0.000007,0,1,1,0,1,1
25838542,,0,0.000037,72,0.000007,0,1,1,0,1,1
25419428,,0,0.000037,72,0.000007,0,1,1,0,1,1
25115394,,0,0.000037,72,0.000007,0,1,1,0,1,1
24959422,,0,0.000037,72,0.000007,0,1,1,0,1,1
24371818,,0,0.000037,72,0.000007,0,1,1,0,1,1
24158791,,0,0.000213,72,0.000007,0,2,2,0,2,2
23791885,,0,0.000037,72,0.000007,0,1,1,0,1,1
23383207,,0,0.000037,72,0.000007,0,1,1,0,1,1
23226455,,0,0.000037,72,0.000007,0,1,1,0,1,1
28220107,,0,0.000008,279,0.000007,0,1,1,0,1,1
22328717,,0.000399,0,279,0.000075,11,0,11,11,0,11
27288728,,0,0.000008,279,0.000007,0,1,1,0,1,1
26442220,,0,0.000008,279,0.000037,5,1,6,5,1,6
23874775,,0,0.000008,279,0.000007,0,1,1,0,1,1
23717665,,0,0.000008,279,0.000007,0,1,1,0,1,1
22649234,,0,0.000008,279,0.000007,0,1,1,0,1,1
22330686,,0.002645,0,24,0.000101,32,0,32,32,0,32
29048354,,0,0.000265,24,0.000007,0,2,2,0,2,2
27813497,,0,0.000055,24,0.000007,0,5,5,0,5,5
27476972,,0,0.00005,24,0.000007,0,1,1,0,1,1
26416458,,0,0.00005,24,0.000007,0,1,1,0,1,1
26279685,,0,0.00005,24,0.000007,0,1,1,0,1,1
25788863,,0,0.00005,24,0.000007,0,1,1,0,1,1
25774168,,0,0.000051,24,0.000007,0,2,2,0,2,2
25467180,,0,0.00005,24,0.000007,0,1,1,0,1,1
25301183,,0,0.00005,24,0.000007,0,1,1,0,1,1
25233397,,0,0.000051,24,0.000007,0,2,2,0,2,2
24198199,,0,0.000069,24,0.000007,0,2,2,0,2,2
23599685,,0,0.00005,24,0.000007,0,1,1,0,1,1
29576630,,0.00039,0.000374,231,0.000008,3,8,11,3,8,11
29269955,,0,0.000492,231,0.000007,0,6,6,0,6,6
27764800,,0,0.000067,231,0.000007,0,1,1,0,1,1
26166840,,0,0.000067,231,0.000007,0,1,1,0,1,1
25227710,,0,0.000067,231,0.000007,0,1,1,0,1,1
24325915,,0,0.000266,231,0.000007,0,3,3,0,3,3
22922872,,0,0.000067,231,0.000007,0,1,1,0,1,1
22629346,,0,0.000067,231,0.000007,0,1,1,0,1,1
30126895,,0,0.000035,100,0.000007,0,1,1,0,1,1
30108253,,0,0.000035,100,0.000007,0,1,1,0,1,1
29675925,,0,0.000035,100,0.000007,0,1,1,0,1,1
29212307,,0,0.000035,100,0.000007,0,1,1,0,1,1
28416489,,0,0.000035,100,0.000007,0,1,1,0,1,1
28282941,,0,0.000035,100,0.000007,0,1,1,0,1,1
27404485,,0,0.000037,82,0.000007,0,3,3,0,3,3
27313980,,0,0.000035,100,0.000007,0,1,1,0,1,1
27216826,,0,0.000035,100,0.000007,0,1,1,0,1,1
27091842,,0,0.000035,100,0.000007,0,1,1,0,1,1
26697129,,0,0.000051,69,0.000007,0,2,2,0,2,2
26281945,,0,0.000035,100,0.000007,0,1,1,0,1,1
25775529,,0,0.000035,100,0.000007,0,1,1,0,1,1
25378586,,0,0.000035,100,0.000007,0,1,1,0,1,1
24681086,,0,0.000035,100,0.000007,0,1,1,0,1,1
24322982,,0,0.000035,100,0.000007,0,1,1,0,1,1
24315093,,0,0.000035,100,0.000007,0,1,1,0,1,1
24142871,,0,0.000035,100,0.000007,0,1,1,0,1,1
24127568,,0,0.000035,100,0.000007,0,1,1,0,1,1
23892546,,0,0.000035,100,0.000007,0,1,1,0,1,1
23434765,,0,0.000035,100,0.000007,0,1,1,0,1,1
23382044,,0,0.000035,100,0.000007,0,1,1,0,1,1
23272301,,0,0.000035,100,0.000007,0,1,1,0,1,1
23109674,,0,0.000035,100,0.000007,0,1,1,0,1,1
22904695,,0,0.000035,100,0.000007,0,1,1,0,1,1
22331715,,0,0,168,0.000016,2,0,2,2,0,2
23761840,,0,0,168,0.000007,0,1,1,0,1,1
28679691,,0,0.000094,35,0.000025,3,1,4,3,1,4
25733939,,0,0.000188,140,0.000007,0,3,3,0,3,3
23941275,,0,0.000094,35,0.000007,0,1,1,0,1,1
22335919,,0.000193,0,2,0.000038,9,0,9,9,0,9
27671528,,0,0.000004,2,0.000007,0,1,1,0,1,1
26286731,,0,0.000735,2,0.000007,0,2,2,0,2,2
25890200,,0,0.000026,2,0.000007,0,2,2,0,2,2
24448417,,0,0.000004,2,0.000007,0,1,1,0,1,1
23434901,,0,0.000004,2,0.000007,0,1,1,0,1,1
30206342,,0,0.000003,241,0.000007,0,1,1,0,1,1
22339411,,0.000162,0,241,0.000036,13,0,13,13,0,13
23710176,,0,0.000003,241,0.000007,0,1,1,0,1,1
30239884,,0,0.000004,231,0.000007,0,1,1,0,1,1
30107417,,0,0.000004,231,0.000007,0,1,1,0,1,1
30053106,,0,0.000004,231,0.000007,0,1,1,0,1,1
28900015,,0,0.000004,231,0.000007,0,1,1,0,1,1
28475600,,0,0.000004,231,0.000007,0,1,1,0,1,1
28429714,,0,0.000055,231,0.000007,0,2,2,0,2,2
28054200,,0,0.000004,231,0.000007,0,1,1,0,1,1
27308340,,0,0.000218,231,0.000007,0,2,2,0,2,2
27185885,,0,0.000004,231,0.000007,0,1,1,0,1,1
26809678,,0,0.000004,231,0.000007,0,1,1,0,1,1
25471935,,0,0.000004,231,0.000007,0,1,1,0,1,1
25303777,,0,0.000004,231,0.000007,0,1,1,0,1,1
25249618,,0,0.000004,231,0.000007,0,1,1,0,1,1
24440721,,0,0.000004,231,0.000007,0,1,1,0,1,1
23657261,,0,0.000004,231,0.000007,0,1,1,0,1,1
23161005,,0,0.000004,231,0.000007,0,1,1,0,1,1
22426534,,0,0.000004,231,0.000007,0,1,1,0,1,1
26957081,,0,0.000033,231,0.000007,0,1,1,0,1,1
26252280,,0,0.000033,231,0.000007,0,1,1,0,1,1
26073781,,0,0.000062,231,0.000007,0,3,3,0,3,3
25611573,,0,0.000033,231,0.000007,0,1,1,0,1,1
30132831,,0,0.000017,100,0.000007,0,2,2,0,2,2
29678897,,0,0.000015,100,0.000007,0,1,1,0,1,1
29117357,,0,0.000015,100,0.000007,0,1,1,0,1,1
28984200,,0,0.000015,100,0.000007,0,1,1,0,1,1
28667701,,0,0.000015,100,0.000007,0,1,1,0,1,1
28545128,,0,0.000015,100,0.000007,0,1,1,0,1,1
28073004,,0,0.000015,100,0.000007,0,1,1,0,1,1
26576010,,0,0.000015,100,0.000007,0,1,1,0,1,1
26539795,,0,0.000015,100,0.000007,0,1,1,0,1,1
26030754,,0,0.000015,100,0.000007,0,1,1,0,1,1
25637275,,0,0.000015,100,0.000007,0,1,1,0,1,1
25435109,,0,0.000015,100,0.000007,0,1,1,0,1,1
25331179,,0,0.000015,100,0.000007,0,1,1,0,1,1
25312269,,0,0.000015,100,0.000007,0,1,1,0,1,1
24204677,,0,0.000015,100,0.000007,0,1,1,0,1,1
23702928,,0,0.000015,100,0.000007,0,1,1,0,1,1
23533647,,0,0.000015,100,0.000007,0,1,1,0,1,1
22941191,,0,0.000015,100,0.000007,0,1,1,0,1,1
26549989,,0,0,242,0.000007,0,1,1,0,1,1
22350503,,0,0,242,0.000013,1,0,1,1,0,1
24204295,,0,0.000029,231,0.000007,0,1,1,0,1,1
22356477,,0.001741,0,231,0.000056,30,0,30,30,0,30
26600843,,0,0.000114,231,0.000007,0,3,3,0,3,3
25973277,,0,0.000033,231,0.000007,0,1,1,0,1,1
25036186,,0,0.000033,231,0.000007,0,1,1,0,1,1
24362817,,0,0.000033,231,0.000007,0,1,1,0,1,1
22357256,,0.003966,0,1,0.000015,12,0,12,12,0,12
27174732,,0,0.000096,100,0.000007,0,1,1,0,1,1
24758661,,0,0,5,0.000007,0,1,1,0,1,1
23249573,,0,0,5,0.000007,0,1,1,0,1,1
23136229,,0,0,5,0.000007,0,1,1,0,1,1
22359284,,0.000076,0,279,0.000058,16,0,16,16,0,16
29145283,,0,0.000001,279,0.000007,0,1,1,0,1,1
28027800,,0,0.000001,279,0.000007,0,1,1,0,1,1
24686037,,0,0.000001,279,0.000007,0,1,1,0,1,1
24495356,,0,0.000001,279,0.000007,0,1,1,0,1,1
24252868,,0,0.000001,279,0.000007,0,1,1,0,1,1
23885148,,0,0.000001,279,0.000007,0,1,1,0,1,1
28747748,,0,0.000036,72,0.000007,0,4,4,0,4,4
28358374,,0,0.000035,35,0.000007,0,1,1,0,1,1
25304685,,0,0.000035,35,0.000007,0,1,1,0,1,1
25149359,,0,0.000035,35,0.000007,0,1,1,0,1,1
24476156,,0,0.000035,35,0.000007,0,1,1,0,1,1
24082820,,0,0.000035,35,0.000007,0,1,1,0,1,1
22366370,,0.000246,0,89,0.000008,3,0,3,3,0,3
29282499,,0,0.000008,1,0.000007,0,1,1,0,1,1
26801919,,0,0.000008,1,0.000007,0,1,1,0,1,1
25549220,,0,0.000008,1,0.000007,0,1,1,0,1,1
24757057,,0,0.000008,1,0.000007,0,1,1,0,1,1
24742827,,0,0.000008,1,0.000007,0,1,1,0,1,1
23617947,,0,0.000008,1,0.000007,0,1,1,0,1,1
22593248,,0,0.000008,1,0.000007,0,1,1,0,1,1
22368299,,0.000979,0,205,0.000102,21,0,21,21,0,21
29544538,,0,0.000019,205,0.000007,0,1,1,0,1,1
29216274,,0,0.000301,205,0.000007,0,3,3,0,3,3
26827760,,0,0.000019,205,0.000007,0,1,1,0,1,1
26681309,,0,0.000019,205,0.000007,0,1,1,0,1,1
26498684,,0,0.000019,205,0.000007,0,1,1,0,1,1
25064638,,0,0.000019,205,0.000007,0,1,1,0,1,1
26269593,,0,0.000043,100,0.000007,0,1,1,0,1,1
22369616,,0,0.000043,100,0.000007,0,1,1,0,1,1
22370629,,0.000417,0,231,0.00001,4,0,4,4,0,4
22372521,,0.000178,0,69,0.000018,7,0,7,7,0,7
25658796,,0,0.000003,69,0.000007,0,1,1,0,1,1
23858317,,0,0.000004,69,0.000007,0,2,2,0,2,2
22375716,,0.000542,0,205,0.000012,6,0,6,6,0,6
28825044,,0,0.000061,24,0.000007,0,2,2,0,2,2
28614736,,0,0.000061,1,0.000007,0,1,1,0,1,1
28319085,,0,0.000342,1,0.000007,0,2,2,0,2,2
28110804,,0,0.000061,1,0.000007,0,1,1,0,1,1
26250694,,0,0.000061,1,0.000007,0,1,1,0,1,1
25681012,,0,0.000061,1,0.000007,0,1,1,0,1,1
25336895,,0,0.000061,1,0.000007,0,1,1,0,1,1
25188410,,0,0.000061,1,0.000007,0,1,1,0,1,1
24335147,,0,0.000061,1,0.000007,0,1,1,0,1,1
24329908,,0,0.000061,1,0.000007,0,1,1,0,1,1
27529075,,0,0,5,0.000007,0,1,1,0,1,1
22381151,,0.000214,0,5,0.00002,8,0,8,8,0,8
24392247,,0,0.000004,5,0.000007,0,1,1,0,1,1
29644338,,0,0,5,0.000007,0,1,1,0,1,1
22382769,,0,0,5,0.000028,4,0,4,4,0,4
28331696,,0,0,5,0.000007,0,1,1,0,1,1
26098457,,0,0,5,0.000007,0,1,1,0,1,1
25320616,,0,0.00003,89,0.000007,0,2,2,0,2,2
22384640,,0.00002,0,5,0.000009,1,0,1,1,0,1
22385509,,0.00124,0,1,0.000024,5,0,5,5,0,5
25888435,,0,0.000024,1,0.000007,0,1,1,0,1,1
25596746,,0,0.000024,1,0.000007,0,1,1,0,1,1
22392482,,0.000018,0,1,0.000009,1,0,1,1,0,1
29963110,,0,0.000005,35,0.000007,0,1,1,0,1,1
22392492,,0.000279,0,35,0.000066,13,0,13,13,0,13
28819437,,0,0.000005,35,0.000007,0,1,1,0,1,1
25245424,,0,0.000005,35,0.000007,0,1,1,0,1,1
24944556,,0,0.000005,35,0.000007,0,1,1,0,1,1
24415975,,0,0.000005,35,0.000007,0,1,1,0,1,1
23304479,,0,0.000005,35,0.000007,0,1,1,0,1,1
22868365,,0,0.000005,35,0.000007,0,1,1,0,1,1
22396004,,0.000326,0,5,0.000043,21,0,21,21,0,21
24120657,,0,0.000022,2,0.000007,0,1,1,0,1,1
24115572,,0,0.000022,2,0.000007,0,1,1,0,1,1
24062158,,0,0.000022,2,0.000007,0,1,1,0,1,1
23674237,,0,0.000022,2,0.000007,0,1,1,0,1,1
23469265,,0,0.000022,2,0.000007,0,1,1,0,1,1
29401310,,0,0,140,0.000007,0,1,1,0,1,1
27782803,,0,0,140,0.000007,0,1,1,0,1,1
24440487,,0,0,140,0.000007,0,1,1,0,1,1
24124870,,0,0,140,0.000007,0,1,1,0,1,1
23023002,,0,0,140,0.000007,0,1,1,0,1,1
22290436,,0,0,140,0.000007,0,1,1,0,1,1
22399190,,0.000137,0,89,0.000007,1,0,1,1,0,1
26715116,,0,0.000206,1,0.000007,0,1,1,0,1,1
26262644,,0,0.000237,1,0.000007,0,2,2,0,2,2
24416253,,0,0.000206,1,0.000007,0,1,1,0,1,1
23095674,,0,0.000206,1,0.000007,0,1,1,0,1,1
30082427,,0,0,243,0.000007,0,1,1,0,1,1
22401965,,0,0,243,0.000013,1,0,1,1,0,1
22402307,,0.000571,0,279,0.000053,17,0,17,17,0,17
27070141,,0,0.00002,231,0.000007,0,3,3,0,3,3
25666347,,0,0.000011,279,0.000007,0,1,1,0,1,1
25083072,,0,0.000011,279,0.000007,0,1,1,0,1,1
24283882,,0,0.000011,279,0.000007,0,1,1,0,1,1
23242116,,0,0.000011,279,0.000007,0,1,1,0,1,1
29466611,,0,0.000005,176,0.000007,0,1,1,0,1,1
22402442,,0.00028,0,176,0.000023,4,0,4,4,0,4
24950377,,0,0.000005,176,0.000007,0,1,1,0,1,1
28194204,,0,0.000014,5,0.000007,0,1,1,0,1,1
28182101,,0,0.000014,5,0.000007,0,1,1,0,1,1
27841266,,0,0.000014,5,0.000007,0,1,1,0,1,1
27104645,,0,0.000014,5,0.000007,0,1,1,0,1,1
26472973,,0,0.000034,72,0.000007,0,2,2,0,2,2
26255679,,0,0.000014,5,0.000007,0,1,1,0,1,1
23264680,,0,0.000014,5,0.000007,0,1,1,0,1,1
22406596,,0.000555,0,205,0.000011,3,0,3,3,0,3
23202913,,0,0.000013,241,0.000007,0,2,2,0,2,2
22406760,,0.009512,0,1,0.000044,29,0,29,29,0,29
24005329,,0,0.000338,1,0.000007,0,3,3,0,3,3
29489886,,0,0.00022,1,0.000007,0,1,1,0,1,1
28797244,,0,0.00022,1,0.000007,0,1,1,0,1,1
28256603,,0,0.003952,1,0.000007,0,7,7,0,7,7
28181505,,0,0.000883,1,0.000007,0,4,4,0,4,4
27449094,,0,0.00022,1,0.000007,0,1,1,0,1,1
24857884,,0,0.00022,1,0.000007,0,1,1,0,1,1
24681585,,0,0.000337,1,0.000007,0,2,2,0,2,2
24401183,,0,0.00022,1,0.000007,0,1,1,0,1,1
29137448,,0,0.000025,1,0.000007,0,1,1,0,1,1
22416063,,0.001308,0,1,0.00006,12,0,12,12,0,12
28509582,,0,0.000025,1,0.000007,0,1,1,0,1,1
28302530,,0,0.000025,1,0.000007,0,1,1,0,1,1
28250793,,0,0.000025,1,0.000007,0,1,1,0,1,1
27648351,,0,0.000025,1,0.000007,0,1,1,0,1,1
26603906,,0,0.000025,1,0.000007,0,1,1,0,1,1
24937672,,0,0.000025,1,0.000007,0,1,1,0,1,1
24129234,,0,0.000025,1,0.000007,0,1,1,0,1,1
30275707,,0,0.000115,69,0.000007,0,1,1,0,1,1
29920191,,0,0.000115,69,0.000007,0,1,1,0,1,1
29781764,,0,0.000115,69,0.000007,0,1,1,0,1,1
29635082,,0,0.000115,69,0.000007,0,1,1,0,1,1
29599904,,0,0.000847,69,0.000007,0,2,2,0,2,2
29401696,,0,0.000115,69,0.000007,0,2,2,0,2,2
29039544,,0,0.000115,69,0.000007,0,1,1,0,1,1
28926101,,0,0.00017,1,0.000007,0,4,4,0,4,4
28912895,,0,0.000115,69,0.000007,0,1,1,0,1,1
28859117,,0,0.000115,69,0.000007,0,1,1,0,1,1
28670489,,0,0.000115,69,0.000007,0,1,1,0,1,1
28038455,,0,0.000115,69,0.000007,0,1,1,0,1,1
27469435,,0,0.000115,69,0.000007,0,1,1,0,1,1
27329838,,0,0.000115,69,0.000007,0,1,1,0,1,1
27233943,,0,0.000115,69,0.000007,0,1,1,0,1,1
27216148,,0,0.000115,69,0.000007,0,1,1,0,1,1
26986722,,0,0.000115,69,0.000007,0,1,1,0,1,1
26848771,,0,0.000115,69,0.000007,0,1,1,0,1,1
26674120,,0,0.000155,69,0.000007,0,2,2,0,2,2
26396916,,0,0.000115,69,0.000007,0,1,1,0,1,1
26395996,,0,0.000115,69,0.000007,0,1,1,0,1,1
26061565,,0,0.000115,69,0.000007,0,1,1,0,1,1
26053184,,0,0.000115,69,0.000007,0,1,1,0,1,1
25695953,,0,0.000115,69,0.000007,0,1,1,0,1,1
25582599,,0,0.000115,69,0.000007,0,1,1,0,1,1
25493219,,0,0.000115,69,0.000007,0,1,1,0,1,1
25406946,,0,0.000115,69,0.000007,0,1,1,0,1,1
25319391,,0,0.000115,69,0.000007,0,1,1,0,1,1
25193855,,0,0.000115,69,0.000007,0,1,1,0,1,1
25136588,,0,0.000115,69,0.000007,0,1,1,0,1,1
25061503,,0,0.000115,69,0.000007,0,1,1,0,1,1
24952704,,0,0.000115,69,0.000007,0,1,1,0,1,1
24872845,,0,0.000115,69,0.000007,0,1,1,0,1,1
24795781,,0,0.000119,24,0.000007,0,2,2,0,2,2
24603862,,0,0.000115,69,0.000007,0,1,1,0,1,1
24533079,,0,0.000115,69,0.000007,0,1,1,0,1,1
24001041,,0,0.000115,69,0.000007,0,1,1,0,1,1
23875075,,0,0.000115,69,0.000007,0,1,1,0,1,1
23819061,,0,0.000118,69,0.000007,0,2,2,0,2,2
23460878,,0,0.000115,69,0.000007,0,1,1,0,1,1
22420687,,0.00043,0,100,0.000008,3,0,3,3,0,3
22425348,,0.000329,0,90,0.00001,2,0,2,2,0,2
22425665,,0.001561,0,89,0.000017,19,0,19,19,0,19
22425915,,0.000597,0,24,0.000066,20,0,20,20,0,20
27467507,,0,0.000011,24,0.000007,0,1,1,0,1,1
26716514,,0,0.000011,24,0.000007,0,1,1,0,1,1
24647522,,0,0.000011,24,0.000007,0,1,1,0,1,1
29133890,,0,0.000008,89,0.000007,0,1,1,0,1,1
22426013,,0.000443,0,89,0.000037,13,0,13,13,0,13
29062110,,0,0.000008,89,0.000007,0,2,2,0,2,2
26665001,,0,0.000175,205,0.000007,0,8,8,0,8,8
24086150,,0,0.000008,89,0.000007,0,1,1,0,1,1
22426463,,0.000402,0,232,0.000041,11,0,11,11,0,11
27418942,,0,0.000008,232,0.000007,0,1,1,0,1,1
26561808,,0,0.000008,232,0.000007,0,1,1,0,1,1
25761473,,0,0.000049,100,0.000007,0,3,3,0,3,3
24240236,,0,0.000008,232,0.000007,0,1,1,0,1,1
22426855,,0.001721,0,90,0.00003,13,0,13,13,0,13
22429077,,0.000384,0,5,0.000015,9,0,9,9,0,9
24077440,,0,0.000101,1,0.000007,0,1,1,0,1,1
23330070,,0,0.000132,1,0.000007,0,2,2,0,2,2
22434244,,0.000204,0,35,0.000042,6,0,6,6,0,6
24172832,,0.000191,0.000004,279,0.000038,12,1,13,12,1,13
22434521,,0.00025,0,5,0.000011,4,0,4,4,0,4
22434525,,0.002542,0,35,0.000023,19,0,19,19,0,19
30403669,,0,0.000057,72,0.000007,0,2,2,0,2,2
29063045,,0,0,72,0.000007,0,1,1,0,1,1
27857191,,0,0,72,0.000007,0,1,1,0,1,1
26226002,,0,0,72,0.000007,0,1,1,0,1,1
22438049,,0.000445,0,89,0.000008,4,0,4,4,0,4
27276710,,0,0.000025,24,0.000007,0,2,2,0,2,2
25674197,,0,0.000021,24,0.000007,0,1,1,0,1,1
24886442,,0,0.000021,24,0.000007,0,1,1,0,1,1
30250531,,0,0.000024,231,0.000007,0,1,1,0,1,1
22441895,,0.001284,0,231,0.000066,22,0,22,22,0,22
29928417,,0,0.000024,231,0.000007,0,1,1,0,1,1
29250535,,0,0.000024,231,0.000007,0,1,1,0,1,1
28272775,,0,0.000024,231,0.000007,0,1,1,0,1,1
24936222,,0,0.000024,231,0.000007,0,1,1,0,1,1
24642895,,0,0.000024,231,0.000007,0,1,1,0,1,1
24284790,,0,0.000024,231,0.000007,0,1,1,0,1,1
22443171,,0.000833,0,1,0.00001,2,0,2,2,0,2
22443199,,0.00077,0,231,0.00002,10,0,10,10,0,10
28404894,,0,0,24,0.000007,0,1,1,0,1,1
24093116,,0,0,24,0.000007,0,1,1,0,1,1
26701717,,0,0.000058,35,0.000007,0,3,3,0,3,3
22444164,,0.000001,0,35,0.000021,3,0,3,3,0,3
26177078,,0,0,35,0.000007,0,1,1,0,1,1
26152816,,0,0,35,0.000007,0,1,1,0,1,1
22447567,,0.015106,0,100,0.000176,98,0,98,98,0,98
30166519,,0,0.000288,100,0.000007,0,1,1,0,1,1
29937342,,0,0.001166,100,0.000007,0,8,8,0,8,8
29220651,,0,0.000527,100,0.000007,0,3,3,0,3,3
29207607,,0,0.001276,1,0.000007,0,4,4,0,4,4
29166612,,0,0.00034,72,0.000007,0,2,2,0,2,2
29133916,,0,0.001329,100,0.000007,0,6,6,0,6,6
29133592,,0,0.000305,176,0.000007,0,2,2,0,2,2
28977496,,0,0.000288,100,0.000007,0,1,1,0,1,1
28369478,,0,0.000288,100,0.000007,0,1,1,0,1,1
27939387,,0,0.000905,100,0.000007,0,3,3,0,3,3
27857978,,0,0.000288,100,0.000007,0,1,1,0,1,1
27548223,,0,0.000288,100,0.000007,0,1,1,0,1,1
27242363,,0,0.000688,100,0.000007,0,2,2,0,2,2
27135742,,0,0.000298,100,0.000007,0,2,2,0,2,2
26840898,,0,0.00073,100,0.000007,0,3,3,0,3,3
26519824,,0,0.000849,100,0.000007,0,3,3,0,3,3
26209132,,0,0.000487,57,0.000007,0,4,4,0,4,4
26068589,,0,0.000288,100,0.000007,0,1,1,0,1,1
26010955,,0,0.001748,100,0.000007,0,5,5,0,5,5
25733713,,0,0.00073,100,0.000007,0,3,3,0,3,3
23438602,,0,0.000778,100,0.000007,0,3,3,0,3,3
23396353,,0,0.000288,100,0.000007,0,1,1,0,1,1
22450359,,0.000722,0,100,0.000007,1,0,1,1,0,1
30486835,,0,0.00206,1,0.000007,0,1,1,0,1,1
22452356,,0.108038,0,1,0.000516,276,0,276,276,0,276
30344925,,0,0.002219,1,0.000007,0,2,2,0,2,2
30310499,,0,0.00206,1,0.000007,0,1,1,0,1,1
30106115,,0,0.00206,1,0.000007,0,1,1,0,1,1
30050710,,0,0.002723,1,0.000007,0,4,4,0,4,4
30050384,,0,0.002061,5,0.000007,0,2,2,0,2,2
29899395,,0,0.002834,1,0.000007,0,2,2,0,2,2
29751789,,0,0.002337,1,0.000007,0,4,4,0,4,4
29651367,,0,0.004529,1,0.000007,0,7,7,0,7,7
29392078,,0,0.002108,1,0.000007,0,3,3,0,3,3
29371953,,0,0.00206,1,0.000007,0,1,1,0,1,1
29344385,,0,0.003707,1,0.000007,0,8,8,0,8,8
29339820,,0,0.003659,1,0.000007,0,2,2,0,2,2
29250203,,0,0.002379,1,0.000007,0,2,2,0,2,2
29179487,,0,0.00206,1,0.000007,0,1,1,0,1,1
29112648,,0,0.00206,1,0.000007,0,1,1,0,1,1
29088767,,0.00004,0.002907,1,0.00002,3,2,5,3,2,5
29062546,,0,0.00206,1,0.000007,0,1,1,0,1,1
28966809,,0,0.002078,5,0.000007,0,2,2,0,2,2
28916367,,0.011262,0.006369,1,0.000021,27,10,37,27,10,37
28823141,,0,0.005103,1,0.000007,0,4,4,0,4,4
28685778,,0,0.003761,1,0.000007,0,6,6,0,6,6
28571584,,0,0.004433,1,0.000007,0,3,3,0,3,3
28459431,,0,0.00206,1,0.000007,0,1,1,0,1,1
28448787,,0,0.00206,1,0.000007,0,1,1,0,1,1
28246437,,0,0.003978,1,0.000007,0,3,3,0,3,3
28231414,,0,0.002834,1,0.000007,0,2,2,0,2,2
27757706,,0,0.00206,1,0.000007,0,1,1,0,1,1
27626929,,0,0.00206,1,0.000007,0,1,1,0,1,1
27473041,,0,0.00216,1,0.000007,0,2,2,0,2,2
27466707,,0,0.00206,1,0.000007,0,1,1,0,1,1
27352023,,0,0.00206,1,0.000007,0,1,1,0,1,1
27026065,,0,0.002216,231,0.000007,0,2,2,0,2,2
26811654,,0,0.002928,1,0.000007,0,2,2,0,2,2
26690956,,0,0.00206,1,0.000007,0,1,1,0,1,1
26669449,,0,0.004956,1,0.000007,0,5,5,0,5,5
26648747,,0,0.003659,1,0.000007,0,2,2,0,2,2
26402447,,0,0.00206,1,0.000007,0,1,1,0,1,1
26216943,,0,0.002171,1,0.000007,0,2,2,0,2,2
25304388,,0,0.00206,1,0.000007,0,1,1,0,1,1
25091693,,0,0.00206,1,0.000007,0,1,1,0,1,1
24971016,,0,0.00206,1,0.000007,0,1,1,0,1,1
24782987,,0,0.00206,1,0.000007,0,1,1,0,1,1
23762304,,0,0.00206,1,0.000007,0,1,1,0,1,1
23653825,,0,0.00206,1,0.000007,0,1,1,0,1,1
22454054,,0.000005,0,140,0.000021,4,0,4,4,0,4
25289032,,0,0,140,0.000007,0,1,1,0,1,1
30454010,,0,0.000175,35,0.000007,0,1,1,0,1,1
22454417,,0.00918,0,35,0.000357,129,0,129,129,0,129
30349320,,0,0.000192,72,0.000007,0,3,3,0,3,3
30023561,,0,0.000224,35,0.000007,0,2,2,0,2,2
29854878,,0,0.000175,35,0.000007,0,1,1,0,1,1
29632733,,0,0.000175,35,0.000007,0,1,1,0,1,1
29616097,,0,0.000182,89,0.000007,0,3,3,0,3,3
29249663,,0,0.000194,35,0.000007,0,2,2,0,2,2
29088838,,0,0.000175,35,0.000007,0,1,1,0,1,1
29082597,,0,0.000182,35,0.000007,0,2,2,0,2,2
28878028,,0,0.000175,35,0.000007,0,1,1,0,1,1
28509845,,0,0.000179,35,0.000007,0,2,2,0,2,2
28415815,,0,0.000175,35,0.000007,0,1,1,0,1,1
28166544,,0,0.000175,35,0.000007,0,1,1,0,1,1
27994669,,0,0.000175,35,0.000007,0,1,1,0,1,1
27645148,,0,0.000175,35,0.000007,0,1,1,0,1,1
27458530,,0,0.000547,35,0.000007,0,2,2,0,2,2
27430154,,0,0.0014,1,0.000007,0,5,5,0,5,5
27124117,,0,0.000175,35,0.000007,0,1,1,0,1,1
26941846,,0,0.000175,35,0.000007,0,1,1,0,1,1
26876198,,0,0.000175,35,0.000007,0,1,1,0,1,1
26735014,,0,0.000183,35,0.000007,0,2,2,0,2,2
26101698,,0,0.000175,35,0.000007,0,1,1,0,1,1
25871389,,0,0.000175,35,0.000007,0,1,1,0,1,1
25858145,,0,0.000178,35,0.000007,0,2,2,0,2,2
25848952,,0,0.000175,35,0.000007,0,1,1,0,1,1
25827713,,0,0.000224,35,0.000007,0,2,2,0,2,2
25077773,,0,0.000175,35,0.000007,0,1,1,0,1,1
24722644,,0,0.000175,35,0.000007,0,1,1,0,1,1
24059244,,0,0.000175,35,0.000007,0,1,1,0,1,1
23961352,,0,0.000175,35,0.000007,0,1,1,0,1,1
23845436,,0,0.000175,35,0.000007,0,1,1,0,1,1
23593472,,0,0.000175,35,0.000007,0,1,1,0,1,1
23549873,,0,0.000175,35,0.000007,0,1,1,0,1,1
30456359,,0,0.000043,265,0.000007,0,2,2,0,2,2
22456334,,0.001641,0,265,0.000099,24,0,24,24,0,24
29857509,,0,0.000031,265,0.000007,0,1,1,0,1,1
29143558,,0,0.000297,265,0.000007,0,2,2,0,2,2
27462432,,0,0.000031,265,0.000007,0,2,2,0,2,2
26432019,,0,0.000031,265,0.000007,0,1,1,0,1,1
26303010,,0,0.000031,265,0.000007,0,1,1,0,1,1
26248058,,0,0.000031,265,0.000007,0,1,1,0,1,1
25768649,,0,0.000031,265,0.000007,0,1,1,0,1,1
25659035,,0,0.000031,265,0.000007,0,1,1,0,1,1
24805847,,0,0.000031,265,0.000007,0,1,1,0,1,1
24461736,,0,0.000031,265,0.000007,0,1,1,0,1,1
24410894,,0,0.000031,265,0.000007,0,1,1,0,1,1
23475219,,0,0.000031,265,0.000007,0,1,1,0,1,1
23397033,,0,0.000031,265,0.000007,0,1,1,0,1,1
23255129,,0,0.000031,265,0.000007,0,1,1,0,1,1
23030624,,0,0.000001,5,0.000007,0,1,1,0,1,1
27722995,,0,0,5,0.000007,0,1,1,0,1,1
22469508,,0.001241,0,69,0.000041,9,0,9,9,0,9
22473970,,0.000039,0,89,0.000021,4,0,4,4,0,4
24407037,,0,0.000001,89,0.000007,0,1,1,0,1,1
22476188,,0.002428,0,176,0.000057,20,0,20,20,0,20
27308567,,0,0.000046,176,0.000007,0,1,1,0,1,1
26984279,,0,0.000046,176,0.000007,0,1,1,0,1,1
24113181,,0,0.000046,176,0.000007,0,1,1,0,1,1
22869592,,0,0.000046,176,0.000007,0,1,1,0,1,1
22476849,,0.00109,0,89,0.00001,7,0,7,7,0,7
22477030,,0.000398,0,5,0.000008,3,0,3,3,0,3
22481128,,0.000238,0,5,0.000014,4,0,4,4,0,4
25370041,,0,0.000005,5,0.000007,0,1,1,0,1,1
27106716,,0,0,367,0.000007,0,1,1,0,1,1
29563994,,0,0.000022,1,0.000007,0,1,1,0,1,1
27703266,,0,0.000022,1,0.000007,0,1,1,0,1,1
26779370,,0,0.000022,1,0.000007,0,1,1,0,1,1
26356073,,0,0.000022,1,0.000007,0,1,1,0,1,1
23379921,,0,0.000022,1,0.000007,0,1,1,0,1,1
30460060,,0,0.000024,100,0.000007,0,1,1,0,1,1
30410539,,0,0.000024,100,0.000007,0,1,1,0,1,1
30225245,,0,0.000024,100,0.000007,0,1,1,0,1,1
29783666,,0,0.000024,100,0.000007,0,1,1,0,1,1
29765540,,0,0.000024,100,0.000007,0,1,1,0,1,1
29725418,,0,0.000024,100,0.000007,0,1,1,0,1,1
29690549,,0,0.000024,100,0.000007,0,1,1,0,1,1
29622868,,0,0.000024,100,0.000007,0,1,1,0,1,1
29432553,,0,0.000024,100,0.000007,0,1,1,0,1,1
29386571,,0,0.000024,100,0.000007,0,1,1,0,1,1
29383168,,0,0.000024,100,0.000007,0,1,1,0,1,1
29358593,,0,0.000024,100,0.000007,0,1,1,0,1,1
29343641,,0,0.000024,100,0.000007,0,1,1,0,1,1
28701359,,0,0.000024,100,0.000007,0,1,1,0,1,1
28700668,,0,0.000024,100,0.000007,0,1,1,0,1,1
28150240,,0,0.000024,100,0.000007,0,1,1,0,1,1
28123563,,0,0.000024,100,0.000007,0,1,1,0,1,1
27809307,,0,0.000024,100,0.000007,0,1,1,0,1,1
27760304,,0,0.000024,100,0.000007,0,1,1,0,1,1
27602155,,0,0.000024,100,0.000007,0,1,1,0,1,1
26880702,,0,0.000024,100,0.000007,0,1,1,0,1,1
26846144,,0,0.000024,100,0.000007,0,1,1,0,1,1
26500350,,0,0.000024,100,0.000007,0,1,1,0,1,1
26260159,,0,0.000024,100,0.000007,0,1,1,0,1,1
26175935,,0,0.000024,100,0.000007,0,1,1,0,1,1
26118775,,0,0.000024,100,0.000007,0,1,1,0,1,1
26065715,,0,0.000024,100,0.000007,0,1,1,0,1,1
26023079,,0,0.000024,100,0.000007,0,1,1,0,1,1
25970786,,0,0.000024,100,0.000007,0,1,1,0,1,1
25833940,,0,0.000028,137,0.000007,0,2,2,0,2,2
25691053,,0,0.000024,100,0.000007,0,1,1,0,1,1
25210801,,0,0.000024,100,0.000007,0,1,1,0,1,1
24797432,,0,0.000024,100,0.000007,0,1,1,0,1,1
24463355,,0,0.000024,100,0.000007,0,1,1,0,1,1
24381788,,0,0.000024,100,0.000007,0,1,1,0,1,1
24366874,,0,0.000024,100,0.000007,0,1,1,0,1,1
23595550,,0,0.000024,100,0.000007,0,1,1,0,1,1
22787409,,0,0.000024,100,0.000007,0,1,1,0,1,1
22486713,,0.000137,0,89,0.000007,1,0,1,1,0,1
27641443,,0,0.000075,69,0.000007,0,2,2,0,2,2
29311925,,0,0.000004,90,0.000007,0,1,1,0,1,1
27698265,,0,0.000004,90,0.000007,0,1,1,0,1,1
27600289,,0,0.000004,90,0.000007,0,1,1,0,1,1
27314344,,0,0.000096,5,0.000007,0,5,5,0,5,5
26101222,,0,0.000004,90,0.000007,0,1,1,0,1,1
25721419,,0,0.000004,90,0.000007,0,1,1,0,1,1
26647102,,0,0.000023,1,0.000007,0,1,1,0,1,1
22489345,,0.001218,0,1,0.000014,2,0,2,2,0,2
29416038,,0,0.000109,72,0.000007,0,4,4,0,4,4
29171334,,0,0.000038,72,0.000007,0,1,1,0,1,1
29079808,,0,0.000038,72,0.000007,0,1,1,0,1,1
29036883,,0,0.000038,72,0.000007,0,1,1,0,1,1
29022903,,0,0.000038,72,0.000007,0,1,1,0,1,1
28804560,,0,0.000038,72,0.000007,0,1,1,0,1,1
28717872,,0,0.000038,72,0.000007,0,1,1,0,1,1
28584122,,0,0.000038,72,0.000007,0,1,1,0,1,1
27586307,,0,0.000038,72,0.000007,0,1,1,0,1,1
27058318,,0,0.000038,72,0.000007,0,1,1,0,1,1
27040163,,0,0.000467,100,0.000007,0,3,3,0,3,3
26971015,,0,0.000038,72,0.000007,0,1,1,0,1,1
26965827,,0,0.000038,72,0.000007,0,1,1,0,1,1
26934318,,0,0.000038,72,0.000007,0,1,1,0,1,1
26425114,,0,0.000038,72,0.000007,0,1,1,0,1,1
26199650,,0,0.00004,72,0.000007,0,3,3,0,3,3
25998712,,0,0.000039,72,0.000007,0,2,2,0,2,2
25963660,,0,0.000038,72,0.000007,0,1,1,0,1,1
25788572,,0,0.000038,72,0.000007,0,1,1,0,1,1
25783159,,0,0.000038,72,0.000007,0,1,1,0,1,1
25240799,,0,0.000038,72,0.000007,0,1,1,0,1,1
25176654,,0,0.000038,72,0.000007,0,1,1,0,1,1
25124875,,0,0.000038,72,0.000007,0,1,1,0,1,1
25053657,,0,0.000038,72,0.000007,0,1,1,0,1,1
24699545,,0,0.000038,72,0.000007,0,1,1,0,1,1
24581491,,0,0.000038,72,0.000007,0,1,1,0,1,1
23735886,,0,0.000038,72,0.000007,0,1,1,0,1,1
23354060,,0,0.000038,72,0.000007,0,1,1,0,1,1
23311378,,0,0.000038,72,0.000007,0,1,1,0,1,1
23075324,,0,0.000038,72,0.000007,0,1,1,0,1,1
29424808,,0,0.000007,184,0.000007,0,1,1,0,1,1
22493152,,0.000382,0,184,0.000051,16,0,16,16,0,16
28776935,,0,0.000007,184,0.000007,0,1,1,0,1,1
27023470,,0,0.000007,184,0.000007,0,1,1,0,1,1
26138067,,0,0.000163,184,0.000007,0,2,2,0,2,2
23535824,,0,0.000163,184,0.000007,0,2,2,0,2,2
30115961,,0,0,279,0.000007,0,1,1,0,1,1
25172377,,0,0,279,0.000007,0,1,1,0,1,1
24763052,,0,0,279,0.000007,0,1,1,0,1,1
24532495,,0,0,279,0.000007,0,1,1,0,1,1
24398983,,0,0,279,0.000007,0,1,1,0,1,1
24047462,,0,0,279,0.000007,0,1,1,0,1,1
24029073,,0,0,279,0.000007,0,1,1,0,1,1
22498944,,0,0,35,0.00001,1,0,1,1,0,1
26970124,,0,0.000003,241,0.000007,0,1,1,0,1,1
25340777,,0,0.000003,241,0.000007,0,1,1,0,1,1
24504069,,0,0.000003,241,0.000007,0,1,1,0,1,1
24459664,,0,0.000003,241,0.000007,0,1,1,0,1,1
24431081,,0,0.000003,241,0.000007,0,1,1,0,1,1
25823930,,0,0.000003,231,0.000007,0,1,1,0,1,1
23145162,,0,0.000003,231,0.000007,0,1,1,0,1,1
22504671,,0.000035,0,205,0.000009,2,0,2,2,0,2
25435949,,0,0,244,0.000007,0,1,1,0,1,1
22504674,,0,0,244,0.000013,1,0,1,1,0,1
22504676,,0.000006,0,5,0.000011,1,0,1,1,0,1
22505525,,0.001424,0,89,0.00002,11,0,11,11,0,11
27223487,,0.000004,0.000038,1,0.000011,2,2,4,2,2,4
25896519,,0,0.000041,89,0.000007,0,2,2,0,2,2
30087825,,0,0.000005,100,0.000007,0,1,1,0,1,1
24481065,,0,0.000005,100,0.000007,0,1,1,0,1,1
25472677,,0,0.000003,90,0.000007,0,1,1,0,1,1
28490498,,0,0.000432,69,0.000007,0,2,2,0,2,2
27081639,,0,0.000034,69,0.000007,0,1,1,0,1,1
25833184,,0,0.000405,69,0.000007,0,2,2,0,2,2
25532579,,0,0.000034,69,0.000007,0,1,1,0,1,1
25417144,,0,0.000045,69,0.000007,0,2,2,0,2,2
25082706,,0,0.000405,69,0.000007,0,2,2,0,2,2
25030888,,0,0.000405,69,0.000007,0,2,2,0,2,2
24837372,,0,0.000034,69,0.000007,0,1,1,0,1,1
24597945,,0,0.000034,69,0.000007,0,1,1,0,1,1
23975201,,0,0.000034,69,0.000007,0,1,1,0,1,1
23356214,,0,0.000034,69,0.000007,0,1,1,0,1,1
22515982,,0.000003,0,35,0.000015,5,0,5,5,0,5
29113170,,0,0.000126,89,0.000007,0,1,1,0,1,1
26066708,,0,0.000136,89,0.000007,0,2,2,0,2,2
25684150,,0,0.000126,89,0.000007,0,1,1,0,1,1
23817498,,0,0.000126,89,0.000007,0,1,1,0,1,1
22519360,,0.000001,0,231,0.000012,2,0,2,2,0,2
22520950,,0.000001,0,279,0.000026,5,0,5,5,0,5
30002361,,0,0,279,0.000007,0,1,1,0,1,1
26848521,,0,0,279,0.000007,0,1,1,0,1,1
25202974,,0,0.000001,35,0.000007,0,2,2,0,2,2
29208625,,0,0.000035,1,0.000007,0,1,1,0,1,1
29036915,,0,0.000035,1,0.000007,0,1,1,0,1,1
29181019,,0,0.000029,89,0.000007,0,1,1,0,1,1
28050579,,0,0.000029,89,0.000007,0,1,1,0,1,1
27891254,,0,0.000082,205,0.000007,0,2,2,0,2,2
27184548,,0,0.000875,89,0.000007,0,2,2,0,2,2
27004541,,0,0.000029,89,0.000007,0,1,1,0,1,1
26176944,,0,0.000035,82,0.000007,0,2,2,0,2,2
24371277,,0,0,245,0.000007,0,1,1,0,1,1
22525576,,0,0,245,0.000013,1,0,1,1,0,1
22525577,,0.000054,0,2,0.000017,2,0,2,2,0,2
24058649,,0,0.000001,2,0.000007,0,1,1,0,1,1
22527099,,0.000082,0,100,0.000008,1,0,1,1,0,1
22527108,,0.000341,0,89,0.000018,11,0,11,11,0,11
22528125,,0,0,279,0.000042,7,0,7,7,0,7
28153015,,0,0,279,0.000007,0,1,1,0,1,1
27768594,,0,0,279,0.000007,0,1,1,0,1,1
27597117,,0,0,279,0.000007,0,1,1,0,1,1
26000042,,0,0,279,0.000007,0,4,4,0,4,4
23426651,,0,0,279,0.000007,0,1,1,0,1,1
23355912,,0,0,279,0.000007,0,1,1,0,1,1
22535016,,0.001648,0,89,0.000016,9,0,9,9,0,9
29230040,,0,0.000031,89,0.000007,0,1,1,0,1,1
30061180,,0,0.000017,231,0.000007,0,1,1,0,1,1
29137369,,0,0.000024,231,0.000007,0,2,2,0,2,2
28915599,,0,0.00003,231,0.000007,0,2,2,0,2,2
28626802,,0,0.000017,231,0.000007,0,1,1,0,1,1
26694485,,0,0.000017,231,0.000007,0,1,1,0,1,1
25074805,,0,0.000017,231,0.000007,0,1,1,0,1,1
24548858,,0,0.000017,231,0.000007,0,1,1,0,1,1
22538771,,0.00092,0,72,0.000035,12,0,12,12,0,12
30066902,,0,0.00002,72,0.000007,0,2,2,0,2,2
28652379,,0,0.000022,72,0.000007,0,3,3,0,3,3
25642713,,0,0.000018,72,0.000007,0,1,1,0,1,1
24902969,,0,0.000018,72,0.000007,0,1,1,0,1,1
26448819,,0,0,41,0.000007,0,1,1,0,1,1
26362870,,0,0,41,0.000007,0,1,1,0,1,1
25111947,,0,0,41,0.000007,0,1,1,0,1,1
24675152,,0,0,41,0.000007,0,1,1,0,1,1
22543000,,0.000646,0,5,0.000013,8,0,8,8,0,8
28868568,,0,0.000049,5,0.000007,0,4,4,0,4,4
22543918,,0.000769,0,69,0.000018,14,0,14,14,0,14
25762628,,0,0.000064,89,0.000007,0,1,1,0,1,1
23695279,,0,0.000064,89,0.000007,0,1,1,0,1,1
22544576,,0.000423,0,100,0.00001,8,0,8,8,0,8
22547552,,0.000099,0,5,0.000022,7,0,7,7,0,7
24111749,,0,0.000002,5,0.000007,0,1,1,0,1,1
29214781,,0,0.000005,5,0.000007,0,1,1,0,1,1
28167486,,0,0.000005,5,0.000007,0,1,1,0,1,1
26299406,,0,0.000005,5,0.000007,0,1,1,0,1,1
25139726,,0,0.000005,5,0.000007,0,1,1,0,1,1
24385308,,0,0.000005,5,0.000007,0,1,1,0,1,1
22560561,,0.000002,0,5,0.00002,3,0,3,3,0,3
28646344,,0,0,5,0.000007,0,1,1,0,1,1
23870420,,0,0,5,0.000007,0,1,1,0,1,1
28753606,,0,0.000018,100,0.000007,0,1,1,0,1,1
28410221,,0,0.000018,100,0.000007,0,1,1,0,1,1
26296084,,0,0.000018,100,0.000007,0,1,1,0,1,1
25523946,,0,0.000015,5,0.000007,0,1,1,0,1,1
30184152,,0,0.000236,265,0.000007,0,2,2,0,2,2
29662021,,0,0.000008,265,0.000007,0,1,1,0,1,1
29567370,,0,0.000008,265,0.000007,0,1,1,0,1,1
28839175,,0,0.000009,265,0.000007,0,2,2,0,2,2
28713773,,0,0.000008,265,0.000007,0,1,1,0,1,1
28533220,,0,0.000008,265,0.000007,0,1,1,0,1,1
27991913,,0,0.000008,265,0.000007,0,1,1,0,1,1
27694478,,0,0.000008,265,0.000007,0,1,1,0,1,1
27489338,,0,0.000008,265,0.000007,0,1,1,0,1,1
27270424,,0,0.000008,265,0.000007,0,1,1,0,1,1
25921062,,0,0.000008,265,0.000007,0,1,1,0,1,1
25821840,,0,0.000008,265,0.000007,0,1,1,0,1,1
25211335,,0,0.000008,265,0.000007,0,1,1,0,1,1
24904834,,0,0.000008,265,0.000007,0,1,1,0,1,1
24626185,,0,0.000098,265,0.000007,0,2,2,0,2,2
24608430,,0,0.000008,265,0.000007,0,1,1,0,1,1
24284207,,0,0.000008,265,0.000007,0,1,1,0,1,1
24025698,,0,0.000008,265,0.000007,0,1,1,0,1,1
23851291,,0,0.000008,265,0.000007,0,1,1,0,1,1
30352571,,0,0,24,0.000007,0,1,1,0,1,1
22569898,,0.000005,0,24,0.000105,14,0,14,14,0,14
29587667,,0,0,24,0.000007,0,1,1,0,1,1
29291705,,0,0,24,0.000007,0,1,1,0,1,1
29168339,,0,0,24,0.000007,0,1,1,0,1,1
29167001,,0,0,24,0.000007,0,1,1,0,1,1
27544536,,0,0,24,0.000007,0,1,1,0,1,1
27524908,,0,0,24,0.000007,0,1,1,0,1,1
27293826,,0,0,24,0.000007,0,1,1,0,1,1
26191258,,0,0,24,0.000007,0,1,1,0,1,1
25760072,,0,0,24,0.000007,0,1,1,0,1,1
24404167,,0,0,24,0.000007,0,1,1,0,1,1
23940741,,0,0,24,0.000007,0,1,1,0,1,1
27983717,,0,0,279,0.000007,0,1,1,0,1,1
26934703,,0,0,279,0.000007,0,1,1,0,1,1
26883115,,0,0,279,0.000007,0,1,1,0,1,1
25797254,,0,0,279,0.000007,0,1,1,0,1,1
25229255,,0,0,279,0.000007,0,1,1,0,1,1
24071855,,0,0,279,0.000007,0,1,1,0,1,1
29978035,,0,0.003394,1,0.000007,0,10,10,0,10,10
29917049,,0,0.002742,1,0.000007,0,8,8,0,8,8
29348864,,0,0.000474,265,0.000007,0,2,2,0,2,2
26544894,,0,0.001534,1,0.000007,0,4,4,0,4,4
25562519,,0,0.00047,1,0.000007,0,1,1,0,1,1
25480643,,0,0.000002,41,0.000007,0,1,1,0,1,1
22576580,,0.000124,0,41,0.000014,2,0,2,2,0,2
29854579,,0,0.000003,241,0.000007,0,1,1,0,1,1
29846718,,0,0.000013,279,0.000007,0,2,2,0,2,2
29755656,,0,0.000003,241,0.000007,0,1,1,0,1,1
29190921,,0,0.000003,241,0.000007,0,1,1,0,1,1
29051454,,0,0.000003,241,0.000007,0,1,1,0,1,1
28181297,,0,0.000003,241,0.000007,0,1,1,0,1,1
27082013,,0,0.000029,241,0.000007,0,2,2,0,2,2
25693136,,0,0.000003,241,0.000007,0,1,1,0,1,1
25054232,,0,0.000003,241,0.000007,0,1,1,0,1,1
23326301,,0,0.000179,241,0.000007,0,6,6,0,6,6
26354726,,0,0,367,0.000007,0,1,1,0,1,1
22578220,,0,0,367,0.000034,5,0,5,5,0,5
25511566,,0,0,367,0.000007,0,1,1,0,1,1
25208211,,0,0,367,0.000007,0,1,1,0,1,1
25183853,,0,0,367,0.000007,0,2,2,0,2,2
22842228,,0,0,367,0.000007,0,1,1,0,1,1
23781288,,0,0.000047,1,0.000007,0,1,1,0,1,1
22580995,,0.000013,0,35,0.000008,1,0,1,1,0,1
22581339,,0.000125,0,35,0.000016,3,0,3,3,0,3
24025407,,0,0.000002,35,0.000007,0,1,1,0,1,1
28629361,,0,0,1,0.000007,0,1,1,0,1,1
27621648,,0,0,1,0.000007,0,1,1,0,1,1
27570459,,0,0,1,0.000007,0,1,1,0,1,1
27218286,,0,0,1,0.000007,0,1,1,0,1,1
25087510,,0,0,1,0.000007,0,1,1,0,1,1
24741354,,0,0,1,0.000007,0,1,1,0,1,1
24107265,,0,0,1,0.000007,0,1,1,0,1,1
22586318,,0.005292,0,1,0.000037,15,0,15,15,0,15
29532025,,0,0.000044,100,0.000007,0,2,2,0,2,2
29092895,,0,0.000035,100,0.000007,0,1,1,0,1,1
26787641,,0,0.000035,100,0.000007,0,1,1,0,1,1
26489670,,0,0.000035,100,0.000007,0,1,1,0,1,1
25909880,,0,0.000043,100,0.000007,0,2,2,0,2,2
25609945,,0,0.000035,100,0.000007,0,1,1,0,1,1
24690903,,0,0.000035,100,0.000007,0,1,1,0,1,1
22591423,,0.002132,0,1,0.00001,5,0,5,5,0,5
22591913,,0.000143,0,140,0.000007,1,0,1,1,0,1
29801480,,0,0.000721,1,0.000007,0,2,2,0,2,2
29633513,,0,0.000074,1,0.000007,0,4,4,0,4,4
28810913,,0,0.000094,1,0.000007,0,2,2,0,2,2
27735937,,0,0.000028,1,0.000007,0,1,1,0,1,1
23263670,,0,0.000028,1,0.000007,0,1,1,0,1,1
30116910,,0,0,24,0.000007,0,1,1,0,1,1
22594511,,0.000001,0,24,0.000094,16,0,16,16,0,16
29695969,,0,0,24,0.000007,0,1,1,0,1,1
29575549,,0,0,24,0.000007,0,1,1,0,1,1
28724602,,0,0,24,0.000007,0,1,1,0,1,1
28427468,,0,0,24,0.000007,0,1,1,0,1,1
27893656,,0,0,24,0.000007,0,1,1,0,1,1
27386483,,0,0,24,0.000007,0,1,1,0,1,1
26988277,,0,0,24,0.000007,0,1,1,0,1,1
26811689,,0,0,24,0.000007,0,1,1,0,1,1
25962919,,0,0,24,0.000007,0,1,1,0,1,1
25342042,,0,0,24,0.000007,0,1,1,0,1,1
25137181,,0,0,24,0.000007,0,1,1,0,1,1
23898222,,0,0,24,0.000007,0,1,1,0,1,1
29743966,,0,0,41,0.000007,0,1,1,0,1,1
22594577,,0.000001,0,41,0.000055,9,0,9,9,0,9
28904740,,0,0,41,0.000007,0,1,1,0,1,1
28785522,,0,0,41,0.000007,0,1,1,0,1,1
27299700,,0,0,41,0.000007,0,1,1,0,1,1
26273425,,0,0.000058,41,0.000007,0,2,2,0,2,2
26273419,,0,0,41,0.000007,0,1,1,0,1,1
26057841,,0,0,41,0.000007,0,1,1,0,1,1
24147001,,0,0,41,0.000007,0,1,1,0,1,1
30482235,,0,0.000371,69,0.000007,0,1,1,0,1,1
30417129,,0,0.000371,69,0.000007,0,1,1,0,1,1
30404913,,0,0.000371,69,0.000007,0,1,1,0,1,1
30370373,,0,0.000584,69,0.000007,0,2,2,0,2,2
30341162,,0,0.000371,69,0.000007,0,1,1,0,1,1
30275490,,0,0.000371,69,0.000007,0,1,1,0,1,1
30252889,,0,0.000371,69,0.000007,0,1,1,0,1,1
30240625,,0,0.000371,69,0.000007,0,1,1,0,1,1
30238073,,0,0.000371,69,0.000007,0,1,1,0,1,1
30224517,,0,0.000373,69,0.000007,0,2,2,0,2,2
30217226,,0,0.000664,69,0.000007,0,5,5,0,5,5
30188888,,0,0.000371,69,0.000007,0,1,1,0,1,1
30166531,,0,0.000371,69,0.000007,0,1,1,0,1,1
30012096,,0,0.000505,69,0.000007,0,4,4,0,4,4
29950679,,0,0.000371,69,0.000007,0,1,1,0,1,1
29942026,,0,0.000371,69,0.000007,0,1,1,0,1,1
29932159,,0,0.000371,69,0.000007,0,1,1,0,1,1
29923336,,0,0.000371,69,0.000007,0,1,1,0,1,1
29899661,,0,0.000371,69,0.000007,0,1,1,0,1,1
29874793,,0,0.000371,69,0.000007,0,1,1,0,1,1
29872714,,0,0.000371,69,0.000007,0,1,1,0,1,1
29856501,,0,0.000371,69,0.000007,0,1,1,0,1,1
29799009,,0,0.000687,69,0.000007,0,3,3,0,3,3
29790943,,0,0.000608,69,0.000007,0,3,3,0,3,3
29751586,,0,0.000371,69,0.000007,0,1,1,0,1,1
29716522,,0,0.000371,69,0.000007,0,1,1,0,1,1
29707132,,0,0.000584,69,0.000007,0,2,2,0,2,2
29695832,,0,0.000371,69,0.000007,0,1,1,0,1,1
29695279,,0,0.000475,279,0.000007,0,3,3,0,3,3
29670109,,0,0.000625,69,0.000007,0,3,3,0,3,3
29634948,,0,0.000625,69,0.000007,0,3,3,0,3,3
29547932,,0,0.000371,69,0.000007,0,1,1,0,1,1
29422544,,0,0.000371,69,0.000007,0,1,1,0,1,1
29367246,,0,0.000373,69,0.000007,0,2,2,0,2,2
29324969,,0,0.000371,69,0.000007,0,1,1,0,1,1
29183719,,0,0.000371,69,0.000007,0,1,1,0,1,1
29177203,,0,0.00067,69,0.000007,0,3,3,0,3,3
29153851,,0,0.000371,69,0.000007,0,1,1,0,1,1
29117265,,0,0.000371,69,0.000007,0,1,1,0,1,1
29028923,,0,0.000584,69,0.000007,0,2,2,0,2,2
29021969,,0,0.001383,69,0.000007,0,3,3,0,3,3
28977491,,0,0.000371,69,0.000007,0,1,1,0,1,1
28940516,,0,0.000375,35,0.000007,0,2,2,0,2,2
28899600,,0,0.000391,69,0.000007,0,2,2,0,2,2
28874753,,0,0.000584,69,0.000007,0,2,2,0,2,2
28867784,,0,0.000371,69,0.000007,0,1,1,0,1,1
28811362,,0,0.000371,69,0.000007,0,1,1,0,1,1
28809811,,0,0.000371,69,0.000007,0,1,1,0,1,1
28794481,,0,0.00038,176,0.000007,0,2,2,0,2,2
28782044,,0,0.000371,69,0.000007,0,1,1,0,1,1
28781165,,0,0.000371,69,0.000007,0,1,1,0,1,1
28777932,,0,0.001464,69,0.000007,0,4,4,0,4,4
28775312,,0,0.000371,69,0.000007,0,1,1,0,1,1
28771191,,0,0.000388,265,0.000007,0,2,2,0,2,2
28727736,,0,0.000371,69,0.000007,0,1,1,0,1,1
28716721,,0,0.000371,69,0.000007,0,1,1,0,1,1
28683819,,0,0.000371,69,0.000007,0,1,1,0,1,1
28658208,,0,0.000584,69,0.000007,0,2,2,0,2,2
28655787,,0,0.000371,69,0.000007,0,1,1,0,1,1
28643781,,0,0.000592,69,0.000007,0,3,3,0,3,3
28584254,,0,0.000584,69,0.000007,0,2,2,0,2,2
28575276,,0,0.000371,69,0.000007,0,1,1,0,1,1
28535155,,0,0.0006,1,0.000007,0,2,2,0,2,2
28522829,,0,0.000371,69,0.000007,0,1,1,0,1,1
28521741,,0,0.000371,69,0.000007,0,1,1,0,1,1
28500398,,0,0.000392,140,0.000007,0,2,2,0,2,2
28472504,,0,0.000412,69,0.000007,0,2,2,0,2,2
28472485,,0,0.000371,69,0.000007,0,1,1,0,1,1
28459850,,0,0.000371,69,0.000007,0,1,1,0,1,1
28452953,,0,0.000371,69,0.000007,0,1,1,0,1,1
28441401,,0,0.000371,69,0.000007,0,1,1,0,1,1
28344341,,0,0.000371,69,0.000007,0,1,1,0,1,1
28334887,,0,0.000371,69,0.000007,0,1,1,0,1,1
28321501,,0,0.000371,69,0.000007,0,1,1,0,1,1
28320778,,0,0.000412,1,0.000007,0,2,2,0,2,2
28301871,,0,0.000371,69,0.000007,0,1,1,0,1,1
28276478,,0,0.000584,69,0.000007,0,2,2,0,2,2
28276460,,0,0.000371,69,0.000007,0,1,1,0,1,1
28155687,,0,0.000371,69,0.000007,0,1,1,0,1,1
28146552,,0,0.000371,69,0.000007,0,1,1,0,1,1
28132024,,0,0.000371,69,0.000007,0,1,1,0,1,1
28116551,,0,0.000371,69,0.000007,0,1,1,0,1,1
28100701,,0,0.000371,69,0.000007,0,1,1,0,1,1
28096526,,0,0.000651,69,0.000007,0,2,2,0,2,2
28067073,,0,0.000371,69,0.000007,0,1,1,0,1,1
28049147,,0,0.000591,69,0.000007,0,3,3,0,3,3
28033648,,0,0.000371,69,0.000007,0,1,1,0,1,1
27998038,,0,0.000371,69,0.000007,0,1,1,0,1,1
27974498,,0,0.000371,69,0.000007,0,1,1,0,1,1
27940951,,0,0.000584,69,0.000007,0,2,2,0,2,2
27893960,,0,0.001262,100,0.000007,0,4,4,0,4,4
27859304,,0,0.000371,69,0.000007,0,1,1,0,1,1
27854363,,0,0.000371,69,0.000007,0,1,1,0,1,1
27811275,,0,0.000412,69,0.000007,0,2,2,0,2,2
27755535,,0,0.000859,100,0.000007,0,3,3,0,3,3
27749842,,0,0.000371,69,0.000007,0,1,1,0,1,1
27742657,,0,0.000371,69,0.000007,0,1,1,0,1,1
27730215,,0,0.000584,69,0.000007,0,2,2,0,2,2
27716362,,0,0.000371,69,0.000007,0,1,1,0,1,1
27650891,,0,0.000584,69,0.000007,0,2,2,0,2,2
27634334,,0,0.000371,69,0.000007,0,1,1,0,1,1
27626065,,0,0.000371,69,0.000007,0,1,1,0,1,1
27615322,,0,0.000584,69,0.000007,0,2,2,0,2,2
27608840,,0,0.000371,69,0.000007,0,1,1,0,1,1
27588706,,0,0.000371,69,0.000007,0,1,1,0,1,1
27588520,,0,0.000371,69,0.000007,0,1,1,0,1,1
27585283,,0,0.000371,69,0.000007,0,1,1,0,1,1
27570633,,0,0.000371,69,0.000007,0,1,1,0,1,1
27563650,,0,0.000371,69,0.000007,0,1,1,0,1,1
27547031,,0,0.000547,69,0.000007,0,2,2,0,2,2
27499911,,0,0.000371,69,0.000007,0,1,1,0,1,1
27498871,,0,0.00038,69,0.000007,0,2,2,0,2,2
27470111,,0,0.000371,69,0.000007,0,1,1,0,1,1
27463017,,0,0.000371,69,0.000007,0,1,1,0,1,1
27386516,,0,0.000371,69,0.000007,0,1,1,0,1,1
27373164,,0,0.000371,69,0.000007,0,1,1,0,1,1
27308442,,0,0.000371,69,0.000007,0,1,1,0,1,1
27308321,,0,0.000371,69,0.000007,0,1,1,0,1,1
27283319,,0,0.000371,69,0.000007,0,1,1,0,1,1
27270430,,0,0.000412,69,0.000007,0,2,2,0,2,2
27247954,,0,0.000371,69,0.000007,0,1,1,0,1,1
27195705,,0,0.000371,69,0.000007,0,1,1,0,1,1
27185408,,0,0.000371,69,0.000007,0,1,1,0,1,1
27183007,,0,0.000371,69,0.000007,0,1,1,0,1,1
27174753,,0,0.000371,69,0.000007,0,1,1,0,1,1
27165352,,0,0.000371,69,0.000007,0,1,1,0,1,1
27163633,,0,0.000371,69,0.000007,0,1,1,0,1,1
27163364,,0,0.000655,69,0.000007,0,3,3,0,3,3
27147740,,0,0.000371,69,0.000007,0,1,1,0,1,1
27091472,,0,0.000371,69,0.000007,0,1,1,0,1,1
27088115,,0,0.000371,69,0.000007,0,1,1,0,1,1
27063502,,0,0.000371,69,0.000007,0,1,1,0,1,1
27056836,,0,0.000371,69,0.000007,0,1,1,0,1,1
27054363,,0,0.000371,69,0.000007,0,1,1,0,1,1
27049831,,0,0.000371,69,0.000007,0,1,1,0,1,1
27048880,,0,0.000371,69,0.000007,0,1,1,0,1,1
26987311,,0,0.000371,69,0.000007,0,1,1,0,1,1
26973786,,0,0.000371,69,0.000007,0,1,1,0,1,1
26949746,,0,0.001103,69,0.000007,0,2,2,0,2,2
26948891,,0,0.000371,69,0.000007,0,1,1,0,1,1
26937274,,0,0.001103,69,0.000007,0,2,2,0,2,2
26926109,,0,0.000371,69,0.000007,0,1,1,0,1,1
26924765,,0,0.000371,69,0.000007,0,1,1,0,1,1
26918916,,0,0.000371,69,0.000007,0,1,1,0,1,1
26898111,,0,0.000371,69,0.000007,0,1,1,0,1,1
26870154,,0,0.000371,69,0.000007,0,1,1,0,1,1
26858460,,0,0.000371,69,0.000007,0,1,1,0,1,1
26845763,,0,0.000371,69,0.000007,0,1,1,0,1,1
26839411,,0,0.000371,69,0.000007,0,1,1,0,1,1
26833333,,0,0.000651,69,0.000007,0,2,2,0,2,2
26832400,,0,0.000371,69,0.000007,0,1,1,0,1,1
26806129,,0,0.000651,69,0.000007,0,2,2,0,2,2
26755635,,0,0.000371,69,0.000007,0,1,1,0,1,1
26687355,,0,0.000651,69,0.000007,0,2,2,0,2,2
26682542,,0,0.000371,69,0.000007,0,1,1,0,1,1
26638776,,0,0.000371,69,0.000007,0,1,1,0,1,1
26631512,,0,0.000466,69,0.000007,0,2,2,0,2,2
26630308,,0,0.000371,69,0.000007,0,1,1,0,1,1
26568296,,0,0.000371,69,0.000007,0,1,1,0,1,1
26551669,,0,0.000371,69,0.000007,0,1,1,0,1,1
26544511,,0,0.000371,69,0.000007,0,1,1,0,1,1
26527001,,0,0.000378,232,0.000007,0,2,2,0,2,2
26504226,,0,0.000371,69,0.000007,0,1,1,0,1,1
26473186,,0,0.000371,69,0.000007,0,1,1,0,1,1
26460502,,0,0.000371,69,0.000007,0,1,1,0,1,1
26443852,,0,0.000371,69,0.000007,0,1,1,0,1,1
26440892,,0,0.000371,69,0.000007,0,1,1,0,1,1
26420215,,0,0.000371,69,0.000007,0,1,1,0,1,1
26411877,,0,0.000371,69,0.000007,0,1,1,0,1,1
26411678,,0,0.000397,69,0.000007,0,2,2,0,2,2
26384561,,0,0.000373,69,0.000007,0,2,2,0,2,2
26322163,,0,0.000371,69,0.000007,0,1,1,0,1,1
26305796,,0,0.000371,69,0.000007,0,1,1,0,1,1
26281709,,0,0.000371,69,0.000007,0,1,1,0,1,1
26261799,,0,0.000371,69,0.000007,0,1,1,0,1,1
26258849,,0,0.000371,69,0.000007,0,1,1,0,1,1
26231518,,0,0.000371,69,0.000007,0,1,1,0,1,1
26192915,,0,0.000371,69,0.000007,0,1,1,0,1,1
26163694,,0,0.000371,69,0.000007,0,1,1,0,1,1
26119426,,0,0.000371,69,0.000007,0,1,1,0,1,1
26097867,,0,0.000371,69,0.000007,0,1,1,0,1,1
26091828,,0,0.000653,69,0.000007,0,2,2,0,2,2
26083936,,0,0.000371,69,0.000007,0,1,1,0,1,1
26073774,,0,0.000371,69,0.000007,0,1,1,0,1,1
26015808,,0,0.000371,69,0.000007,0,1,1,0,1,1
26001532,,0,0.000371,69,0.000007,0,1,1,0,1,1
25985141,,0,0.000371,69,0.000007,0,1,1,0,1,1
25984700,,0,0.000371,69,0.000007,0,1,1,0,1,1
25963125,,0,0.000371,69,0.000007,0,1,1,0,1,1
25941824,,0,0.000371,69,0.000007,0,1,1,0,1,1
25917266,,0,0.000371,69,0.000007,0,1,1,0,1,1
25914058,,0,0.000371,69,0.000007,0,1,1,0,1,1
25904160,,0,0.000371,69,0.000007,0,1,1,0,1,1
25892534,,0,0.000371,69,0.000007,0,1,1,0,1,1
25889244,,0,0.000371,69,0.000007,0,1,1,0,1,1
25859550,,0,0.000371,69,0.000007,0,1,1,0,1,1
25848704,,0,0.000767,69,0.000007,0,4,4,0,4,4
25839328,,0,0.000371,69,0.000007,0,1,1,0,1,1
25836928,,0,0.000371,69,0.000007,0,1,1,0,1,1
25827447,,0,0.000371,69,0.000007,0,1,1,0,1,1
25826305,,0,0.000371,69,0.000007,0,1,1,0,1,1
25810463,,0,0.000371,69,0.000007,0,1,1,0,1,1
25743702,,0,0.000371,69,0.000007,0,1,1,0,1,1
25639868,,0,0.000371,69,0.000007,0,1,1,0,1,1
25587136,,0,0.000371,69,0.000007,0,1,1,0,1,1
25555261,,0,0.000371,69,0.000007,0,1,1,0,1,1
25538195,,0,0.000371,69,0.000007,0,1,1,0,1,1
25521761,,0,0.000371,69,0.000007,0,1,1,0,1,1
25512523,,0,0.000371,69,0.000007,0,1,1,0,1,1
25502431,,0,0.000371,69,0.000007,0,1,1,0,1,1
25492931,,0,0.000371,69,0.000007,0,1,1,0,1,1
25487575,,0,0.000371,69,0.000007,0,1,1,0,1,1
25486194,,0,0.000371,69,0.000007,0,1,1,0,1,1
25483777,,0,0.000371,69,0.000007,0,1,1,0,1,1
25483182,,0,0.000371,69,0.000007,0,1,1,0,1,1
25471132,,0,0.000371,69,0.000007,0,1,1,0,1,1
25455629,,0,0.000371,69,0.000007,0,1,1,0,1,1
25424858,,0,0.000371,69,0.000007,0,1,1,0,1,1
25402978,,0,0.000371,69,0.000007,0,1,1,0,1,1
25401301,,0,0.000371,69,0.000007,0,1,1,0,1,1
25393273,,0,0.000371,69,0.000007,0,1,1,0,1,1
25363767,,0,0.000371,69,0.000007,0,1,1,0,1,1
25355878,,0,0.000371,69,0.000007,0,1,1,0,1,1
25351503,,0,0.000794,69,0.000007,0,2,2,0,2,2
25316146,,0,0.000371,69,0.000007,0,1,1,0,1,1
25312340,,0,0.000371,69,0.000007,0,1,1,0,1,1
25301631,,0,0.000371,69,0.000007,0,1,1,0,1,1
25298093,,0,0.000371,69,0.000007,0,1,1,0,1,1
25271376,,0,0.000371,69,0.000007,0,1,1,0,1,1
25223734,,0,0.000371,69,0.000007,0,1,1,0,1,1
25222836,,0,0.000371,69,0.000007,0,1,1,0,1,1
25201439,,0,0.000371,69,0.000007,0,1,1,0,1,1
25155756,,0,0.000371,69,0.000007,0,1,1,0,1,1
25154417,,0,0.000371,69,0.000007,0,1,1,0,1,1
25123150,,0,0.000371,69,0.000007,0,1,1,0,1,1
25120953,,0,0.000371,69,0.000007,0,1,1,0,1,1
25085003,,0,0.000371,69,0.000007,0,1,1,0,1,1
25043003,,0,0.000371,69,0.000007,0,1,1,0,1,1
25031618,,0,0.000371,69,0.000007,0,1,1,0,1,1
25024164,,0,0.000371,69,0.000007,0,1,1,0,1,1
25010360,,0,0.000371,69,0.000007,0,1,1,0,1,1
24952744,,0,0.000371,69,0.000007,0,1,1,0,1,1
24882007,,0,0.000371,69,0.000007,0,1,1,0,1,1
24882004,,0,0.000371,69,0.000007,0,1,1,0,1,1
24858917,,0,0.000371,69,0.000007,0,1,1,0,1,1
24850867,,0,0.000371,69,0.000007,0,1,1,0,1,1
24843014,,0,0.000371,69,0.000007,0,1,1,0,1,1
24843013,,0,0.000371,69,0.000007,0,1,1,0,1,1
24748981,,0,0.000371,69,0.000007,0,1,1,0,1,1
24728294,,0,0.000371,69,0.000007,0,1,1,0,1,1
24714652,,0,0.000371,69,0.000007,0,1,1,0,1,1
24705290,,0,0.000371,69,0.000007,0,1,1,0,1,1
24703847,,0,0.000371,69,0.000007,0,1,1,0,1,1
24691422,,0,0.000373,69,0.000007,0,2,2,0,2,2
24657537,,0,0.000371,69,0.000007,0,1,1,0,1,1
24614976,,0,0.000371,69,0.000007,0,1,1,0,1,1
24516544,,0,0.000371,69,0.000007,0,1,1,0,1,1
24476821,,0,0.000371,69,0.000007,0,1,1,0,1,1
24465623,,0,0.000371,69,0.000007,0,1,1,0,1,1
24458646,,0,0.000371,69,0.000007,0,1,1,0,1,1
24449905,,0,0.000371,69,0.000007,0,1,1,0,1,1
24429703,,0,0.000371,69,0.000007,0,1,1,0,1,1
24413735,,0,0.000371,69,0.000007,0,1,1,0,1,1
24399611,,0,0.000372,367,0.000007,0,2,2,0,2,2
24388879,,0,0.000371,69,0.000007,0,1,1,0,1,1
24336748,,0,0.000371,69,0.000007,0,1,1,0,1,1
24336318,,0,0.000371,69,0.000007,0,1,1,0,1,1
24317514,,0,0.000371,69,0.000007,0,1,1,0,1,1
24316979,,0,0.000371,69,0.000007,0,1,1,0,1,1
24298051,,0,0.000371,69,0.000007,0,1,1,0,1,1
24267946,,0,0.000371,69,0.000007,0,1,1,0,1,1
24227842,,0,0.000371,69,0.000007,0,1,1,0,1,1
24196351,,0,0.000371,69,0.000007,0,1,1,0,1,1
24195709,,0,0.000371,69,0.000007,0,1,1,0,1,1
24185510,,0,0.000371,69,0.000007,0,1,1,0,1,1
24163103,,0,0.000373,69,0.000007,0,2,2,0,2,2
24162739,,0,0.000371,69,0.000007,0,1,1,0,1,1
24148783,,0,0.000371,69,0.000007,0,1,1,0,1,1
24145436,,0,0.000371,69,0.000007,0,1,1,0,1,1
24142049,,0,0.000371,69,0.000007,0,1,1,0,1,1
24139898,,0,0.000371,69,0.000007,0,1,1,0,1,1
24039593,,0,0.000371,69,0.000007,0,1,1,0,1,1
24021668,,0,0.000371,69,0.000007,0,1,1,0,1,1
23988736,,0,0.000371,69,0.000007,0,1,1,0,1,1
23985681,,0,0.000371,69,0.000007,0,1,1,0,1,1
23979356,,0,0.000373,69,0.000007,0,2,2,0,2,2
23977426,,0,0.000371,69,0.000007,0,1,1,0,1,1
23945592,,0,0.000461,100,0.000007,0,2,2,0,2,2
23942124,,0,0.000371,69,0.000007,0,1,1,0,1,1
23925127,,0,0.000371,69,0.000007,0,1,1,0,1,1
23852168,,0,0.000371,69,0.000007,0,1,1,0,1,1
23840298,,0,0.000371,69,0.000007,0,1,1,0,1,1
23828039,,0,0.000371,69,0.000007,0,1,1,0,1,1
23817572,,0,0.000371,69,0.000007,0,1,1,0,1,1
23800221,,0,0.000371,69,0.000007,0,1,1,0,1,1
23748046,,0,0.000371,69,0.000007,0,1,1,0,1,1
23715497,,0,0.000371,69,0.000007,0,1,1,0,1,1
23686230,,0,0.000371,69,0.000007,0,1,1,0,1,1
23685212,,0,0.000371,69,0.000007,0,1,1,0,1,1
23630320,,0,0.000371,69,0.000007,0,1,1,0,1,1
23628380,,0,0.000371,69,0.000007,0,1,1,0,1,1
23615877,,0,0.000371,69,0.000007,0,1,1,0,1,1
23599896,,0,0.000371,69,0.000007,0,1,1,0,1,1
23592419,,0,0.000371,69,0.000007,0,1,1,0,1,1
23568837,,0,0.000371,69,0.000007,0,1,1,0,1,1
23531354,,0,0.000371,69,0.000007,0,1,1,0,1,1
23496902,,0,0.000371,69,0.000007,0,1,1,0,1,1
23470991,,0,0.000371,69,0.000007,0,1,1,0,1,1
23457261,,0,0.000371,69,0.000007,0,1,1,0,1,1
23389445,,0,0.000371,69,0.000007,0,1,1,0,1,1
23388464,,0,0.000371,69,0.000007,0,1,1,0,1,1
23340846,,0,0.000371,69,0.000007,0,1,1,0,1,1
23318258,,0,0.000371,69,0.000007,0,1,1,0,1,1
23271983,,0,0.000371,69,0.000007,0,1,1,0,1,1
23249472,,0,0.000371,69,0.000007,0,1,1,0,1,1
23236267,,0,0.000371,69,0.000007,0,1,1,0,1,1
23226573,,0,0.000371,69,0.000007,0,1,1,0,1,1
23124520,,0,0.000371,69,0.000007,0,1,1,0,1,1
23055184,,0,0.000371,69,0.000007,0,1,1,0,1,1
23041320,,0,0.000371,69,0.000007,0,1,1,0,1,1
23014189,,0,0.000371,69,0.000007,0,1,1,0,1,1
22915799,,0,0.000371,69,0.000007,0,1,1,0,1,1
22912407,,0,0.000371,69,0.000007,0,1,1,0,1,1
22809226,,0,0.000371,69,0.000007,0,1,1,0,1,1
22608083,,0,0.000371,69,0.000007,0,1,1,0,1,1
28728547,,0,0,5,0.000007,0,1,1,0,1,1
22613997,,0.000241,0,140,0.000009,3,0,3,3,0,3
22614657,,0.008766,0,35,0.000062,45,0,45,45,0,45
26175858,,0,0.000167,35,0.000007,0,1,1,0,1,1
23175693,,0,0.000167,35,0.000007,0,1,1,0,1,1
29176693,,0,0.000004,90,0.000007,0,1,1,0,1,1
23118479,,0,0.000004,90,0.000007,0,1,1,0,1,1
30049987,,0,0.000457,69,0.000007,0,6,6,0,6,6
29340030,,0,0.000078,69,0.000007,0,1,1,0,1,1
29245964,,0,0.000078,69,0.000007,0,1,1,0,1,1
28158249,,0,0.000078,69,0.000007,0,1,1,0,1,1
27655410,,0,0.000078,69,0.000007,0,1,1,0,1,1
27074576,,0,0.000078,69,0.000007,0,1,1,0,1,1
26176933,,0,0.000078,69,0.000007,0,1,1,0,1,1
25762632,,0,0.000138,69,0.000007,0,2,2,0,2,2
25749384,,0,0.000115,69,0.000007,0,3,3,0,3,3
24899687,,0,0.000078,69,0.000007,0,1,1,0,1,1
24680597,,0,0.000078,69,0.000007,0,1,1,0,1,1
24312475,,0,0.000079,69,0.000007,0,2,2,0,2,2
22969147,,0,0.000078,69,0.000007,0,1,1,0,1,1
22618232,,0.000019,0,57,0.000105,21,0,21,21,0,21
28186168,,0,0,57,0.000007,0,1,1,0,1,1
27563536,,0,0,57,0.000007,0,1,1,0,1,1
26962940,,0,0,57,0.000007,0,1,1,0,1,1
26879654,,0,0,57,0.000007,0,1,1,0,1,1
26344110,,0,0,57,0.000007,0,1,1,0,1,1
26134128,,0,0,57,0.000007,0,1,1,0,1,1
25972554,,0,0,57,0.000007,0,1,1,0,1,1
25844088,,0,0,57,0.000007,0,1,1,0,1,1
25157878,,0,0,57,0.000007,0,1,1,0,1,1
24367117,,0,0,57,0.000007,0,1,1,0,1,1
24198334,,0,0,57,0.000007,0,1,1,0,1,1
24154727,,0,0,57,0.000007,0,1,1,0,1,1
23720728,,0,0,57,0.000007,0,1,1,0,1,1
30349810,,0,0,246,0.000007,0,1,1,0,1,1
30103745,,0,0,246,0.000007,0,1,1,0,1,1
29443777,,0,0,246,0.000007,0,1,1,0,1,1
28839168,,0,0,246,0.000007,0,1,1,0,1,1
27586393,,0,0,246,0.000007,0,1,1,0,1,1
24817925,,0,0,246,0.000007,0,1,1,0,1,1
24668330,,0,0,246,0.000007,0,1,1,0,1,1
23648467,,0,0,246,0.000007,0,1,1,0,1,1
23263923,,0,0,246,0.000007,0,1,1,0,1,1
23263922,,0,0,246,0.000007,0,1,1,0,1,1
29361175,,0,0.000106,35,0.000007,0,1,1,0,1,1
27688796,,0,0.000106,35,0.000007,0,1,1,0,1,1
27362268,,0,0.000106,35,0.000007,0,1,1,0,1,1
26301495,,0,0.000106,35,0.000007,0,1,1,0,1,1
26072490,,0,0.000106,35,0.000007,0,1,1,0,1,1
25078894,,0,0.000106,35,0.000007,0,1,1,0,1,1
24886633,,0,0.000106,35,0.000007,0,1,1,0,1,1
24744797,,0,0.000106,35,0.000007,0,1,1,0,1,1
24586626,,0,0.000106,35,0.000007,0,1,1,0,1,1
24562872,,0,0.000106,35,0.000007,0,1,1,0,1,1
24376513,,0,0.000106,35,0.000007,0,1,1,0,1,1
24141534,,0,0.000106,35,0.000007,0,1,1,0,1,1
23812984,,0,0.000106,35,0.000007,0,1,1,0,1,1
30169501,,0,0.000002,100,0.000007,0,1,1,0,1,1
29084140,,0,0.000282,205,0.000007,0,2,2,0,2,2
28130344,,0,0.000002,100,0.000007,0,1,1,0,1,1
26438786,,0,0.000002,100,0.000007,0,1,1,0,1,1
27596571,,0,0.000002,176,0.000007,0,1,1,0,1,1
22633816,,0.000081,0,176,0.000019,5,0,5,5,0,5
30127920,,0,0.000008,90,0.000007,0,1,1,0,1,1
22635027,,0.000424,0,90,0.00003,5,0,5,5,0,5
25628794,,0,0.000008,90,0.000007,0,1,1,0,1,1
22638769,,0.000326,0,89,0.00001,5,0,5,5,0,5
30425072,,0,0.000005,205,0.000007,0,2,2,0,2,2
22652532,,0.000048,0,205,0.000099,21,0,21,21,0,21
30090605,,0,0.000001,205,0.000007,0,1,1,0,1,1
28458254,,0,0.000001,205,0.000007,0,1,1,0,1,1
27973410,,0,0.000001,205,0.000007,0,1,1,0,1,1
27913495,,0,0.000005,205,0.000019,2,2,4,2,2,4
27913494,,0,0.000021,205,0.000007,0,3,3,0,3,3
27913458,,0,0.000005,205,0.000007,0,2,2,0,2,2
27895058,,0,0.000005,205,0.000007,0,2,2,0,2,2
27248996,,0,0.000203,100,0.000007,0,4,4,0,4,4
27197200,,0,0.000001,205,0.000007,0,1,1,0,1,1
26140431,,0,0.000001,205,0.000007,0,1,1,0,1,1
25307848,,0,0.000001,205,0.000007,0,1,1,0,1,1
25157264,,0,0.000001,205,0.000007,0,1,1,0,1,1
25135451,,0,0.000001,205,0.000007,0,1,1,0,1,1
25005023,,0,0.000001,205,0.000007,0,1,1,0,1,1
29181071,,0,0.000021,1,0.000007,0,1,1,0,1,1
28507578,,0,0.000021,1,0.000007,0,1,1,0,1,1
26170847,,0,0.000021,1,0.000007,0,1,1,0,1,1
23847668,,0,0.000021,1,0.000007,0,1,1,0,1,1
29751044,,0,0.000001,35,0.000007,0,1,1,0,1,1
28880889,,0,0.000002,35,0.000007,0,2,2,0,2,2
28869602,,0,0.000003,35,0.000007,0,2,2,0,2,2
28761359,,0,0.000001,35,0.000007,0,1,1,0,1,1
28637464,,0,0.000001,35,0.000007,0,1,1,0,1,1
26999717,,0,0.000001,35,0.000007,0,1,1,0,1,1
26424557,,0,0.000001,35,0.000007,0,1,1,0,1,1
25610757,,0,0.000001,35,0.000007,0,1,1,0,1,1
25340699,,0,0.000001,35,0.000007,0,1,1,0,1,1
24570268,,0,0.000001,35,0.000007,0,1,1,0,1,1
24040197,,0,0.000001,35,0.000007,0,1,1,0,1,1
23936352,,0,0.000001,35,0.000007,0,1,1,0,1,1
27028862,,0,0.000009,100,0.000007,0,1,1,0,1,1
25356654,,0,0.000009,100,0.000007,0,1,1,0,1,1
29126391,,0,0,231,0.000007,0,1,1,0,1,1
28656259,,0,0,231,0.000007,0,1,1,0,1,1
26221378,,0,0,231,0.000007,0,1,1,0,1,1
25803740,,0,0,231,0.000007,0,1,1,0,1,1
24649068,,0,0,231,0.000007,0,1,1,0,1,1
23809231,,0,0,231,0.000007,0,1,1,0,1,1
23662067,,0,0,231,0.000007,0,1,1,0,1,1
22670560,,0.000111,0,5,0.000008,3,0,3,3,0,3
30071039,,0,0.000144,100,0.000007,0,2,2,0,2,2
30190922,,0,0,367,0.000007,0,1,1,0,1,1
22675174,,0.000011,0,367,0.000186,32,0,32,32,0,32
30190851,,0,0,367,0.000007,0,1,1,0,1,1
30190802,,0,0,367,0.000007,0,1,1,0,1,1
29664013,,0,0,367,0.000007,0,1,1,0,1,1
29614062,,0,0,367,0.000007,0,1,1,0,1,1
29408204,,0,0,367,0.000007,0,1,1,0,1,1
29229936,,0,0,367,0.000007,0,1,1,0,1,1
29170503,,0,0,367,0.000007,0,1,1,0,1,1
29156643,,0,0,367,0.000007,0,1,1,0,1,1
28703311,,0,0,367,0.000007,0,1,1,0,1,1
28445515,,0,0,367,0.000007,0,1,1,0,1,1
27903987,,0,0,367,0.000007,0,1,1,0,1,1
26898917,,0,0,367,0.000007,0,1,1,0,1,1
26545983,,0,0,367,0.000007,0,1,1,0,1,1
26308244,,0,0,367,0.000007,0,1,1,0,1,1
26051783,,0,0,367,0.000007,0,1,1,0,1,1
25909218,,0,0,367,0.000007,0,1,1,0,1,1
25901287,,0,0,367,0.000007,0,1,1,0,1,1
25874936,,0,0,367,0.000007,0,1,1,0,1,1
25871393,,0,0,367,0.000007,0,1,1,0,1,1
25755924,,0,0,367,0.000007,0,1,1,0,1,1
25705882,,0,0,367,0.000007,0,1,1,0,1,1
25705847,,0,0,367,0.000007,0,1,1,0,1,1
25220403,,0,0,367,0.000007,0,1,1,0,1,1
24766647,,0,0,367,0.000007,0,1,1,0,1,1
24522433,,0,0,367,0.000007,0,1,1,0,1,1
24344100,,0,0,367,0.000007,0,1,1,0,1,1
23445834,,0,0,367,0.000007,0,1,1,0,1,1
30018670,,0,0.000006,176,0.000007,0,1,1,0,1,1
22677530,,0.000296,0,176,0.00007,14,0,14,14,0,14
29434894,,0,0.000006,176,0.000007,0,1,1,0,1,1
27663303,,0,0.000006,176,0.000007,0,1,1,0,1,1
27166183,,0,0.000006,176,0.000007,0,1,1,0,1,1
27080533,,0,0.000006,176,0.000007,0,1,1,0,1,1
26935789,,0,0.000006,176,0.000007,0,1,1,0,1,1
26518543,,0,0.000006,176,0.000007,0,1,1,0,1,1
24901046,,0,0.000006,176,0.000007,0,1,1,0,1,1
24098503,,0,0.000006,176,0.000007,0,1,1,0,1,1
23974114,,0,0.000006,176,0.000007,0,1,1,0,1,1
26976601,,0,0.000331,140,0.000007,0,2,2,0,2,2
27992614,,0,0.000017,72,0.000007,0,1,1,0,1,1
22680617,,0.00091,0,1,0.000013,6,0,6,6,0,6
25159293,,0,0.00004,69,0.000007,0,2,2,0,2,2
22680928,,0.000156,0,24,0.000015,3,0,3,3,0,3
23109824,,0,0.000003,24,0.000007,0,1,1,0,1,1
26365291,,0,0.00003,89,0.000007,0,1,1,0,1,1
25766972,,0,0.000119,89,0.000007,0,2,2,0,2,2
22683426,,0.001504,0,100,0.000019,13,0,13,13,0,13
24278285,,0,0.000072,100,0.000007,0,2,2,0,2,2
22684231,,0.000398,0,89,0.000013,6,0,6,6,0,6
24885952,,0,0.000028,89,0.000007,0,2,2,0,2,2
22684454,,0,0,48,0.00001,1,0,1,1,0,1
22692731,,0.001082,0,100,0.000028,10,0,10,10,0,10
30102707,,0,0.000007,279,0.000007,0,1,1,0,1,1
29467872,,0,0.000007,279,0.000007,0,1,1,0,1,1
28923109,,0,0.000007,279,0.000007,0,1,1,0,1,1
28247296,,0,0.000007,279,0.000007,0,1,1,0,1,1
28216608,,0,0.000007,279,0.000007,0,1,1,0,1,1
28152502,,0,0.000007,279,0.000007,0,1,1,0,1,1
27653089,,0,0.000009,367,0.000007,0,2,2,0,2,2
27113436,,0,0.000007,279,0.000007,0,1,1,0,1,1
25818199,,0,0,35,0.000007,0,1,1,0,1,1
30225437,,0,0.000021,140,0.000007,0,1,1,0,1,1
30217213,,0,0.000021,140,0.000007,0,1,1,0,1,1
29769805,,0,0.000021,140,0.000007,0,1,1,0,1,1
29765282,,0,0.000021,140,0.000007,0,1,1,0,1,1
29480072,,0,0.000021,140,0.000007,0,1,1,0,1,1
29428287,,0,0.000021,140,0.000007,0,1,1,0,1,1
29043570,,0,0.000137,205,0.000007,0,3,3,0,3,3
28654730,,0,0.000021,140,0.000007,0,1,1,0,1,1
28554332,,0,0.000021,140,0.000007,0,1,1,0,1,1
28349240,,0,0.000069,205,0.000007,0,3,3,0,3,3
28145427,,0,0.000021,140,0.000007,0,1,1,0,1,1
27940182,,0,0.000021,140,0.000007,0,1,1,0,1,1
27537706,,0,0.000021,140,0.000007,0,1,1,0,1,1
27460421,,0,0.000021,140,0.000007,0,1,1,0,1,1
27302841,,0,0.00009,140,0.000007,0,2,2,0,2,2
27171546,,0,0.000021,140,0.000007,0,1,1,0,1,1
27153395,,0.001081,0.000861,140,0.00005,18,12,30,18,12,30
27124788,,0,0.000021,140,0.000007,0,1,1,0,1,1
27023617,,0,0.000021,140,0.000007,0,1,1,0,1,1
26847218,,0,0.000021,140,0.000007,0,1,1,0,1,1
26840129,,0,0.000021,140,0.000007,0,1,1,0,1,1
26830926,,0,0.000021,140,0.000007,0,1,1,0,1,1
26690481,,0,0.000028,205,0.000007,0,2,2,0,2,2
26478737,,0,0.000021,140,0.000007,0,1,1,0,1,1
26374634,,0,0.000021,140,0.000007,0,1,1,0,1,1
26300997,,0,0.000021,140,0.000007,0,1,1,0,1,1
26270767,,0,0.000021,140,0.000007,0,1,1,0,1,1
26075876,,0,0.000021,140,0.000007,0,1,1,0,1,1
26069456,,0,0.000033,5,0.000007,0,2,2,0,2,2
26046366,,0,0.000024,184,0.000007,0,2,2,0,2,2
26023681,,0.000341,0.000132,205,0.000052,15,3,18,15,3,18
25883147,,0,0.000021,140,0.000007,0,1,1,0,1,1
25741863,,0,0.000021,140,0.000007,0,1,1,0,1,1
25569433,,0,0.000021,140,0.000007,0,1,1,0,1,1
25506378,,0,0.000021,140,0.000007,0,1,1,0,1,1
25412366,,0,0.000045,89,0.000007,0,2,2,0,2,2
25214167,,0,0.000021,140,0.000007,0,1,1,0,1,1
25213708,,0,0.000021,140,0.000007,0,1,1,0,1,1
25087612,,0,0.000021,140,0.000007,0,1,1,0,1,1
25032700,,0,0.000021,140,0.000007,0,1,1,0,1,1
25018888,,0,0.000021,140,0.000007,0,1,1,0,1,1
24975946,,0,0.000021,140,0.000007,0,1,1,0,1,1
24975944,,0,0.000021,140,0.000007,0,1,1,0,1,1
24936509,,0,0.000021,140,0.000007,0,1,1,0,1,1
24875302,,0,0.000021,140,0.000007,0,1,1,0,1,1
24758179,,0,0.000021,140,0.000007,0,1,1,0,1,1
24715850,,0,0.000021,140,0.000007,0,1,1,0,1,1
24705329,,0,0.000021,140,0.000007,0,1,1,0,1,1
24578120,,0,0.000021,140,0.000007,0,1,1,0,1,1
24456652,,0,0.000021,140,0.000007,0,1,1,0,1,1
24259342,,0,0.000021,140,0.000007,0,1,1,0,1,1
24204714,,0,0.000021,140,0.000007,0,1,1,0,1,1
24113345,,0,0.000021,140,0.000007,0,1,1,0,1,1
24077912,,0,0.000021,140,0.000007,0,1,1,0,1,1
24055113,,0,0.000147,140,0.000007,0,3,3,0,3,3
23875796,,0,0.000021,140,0.000007,0,1,1,0,1,1
23817045,,0,0.000021,140,0.000007,0,1,1,0,1,1
23807616,,0,0.000021,140,0.000007,0,1,1,0,1,1
23788249,,0,0.000021,140,0.000007,0,1,1,0,1,1
23784691,,0,0.000021,140,0.000007,0,1,1,0,1,1
23714101,,0,0.000021,140,0.000007,0,1,1,0,1,1
23696674,,0,0.000021,140,0.000007,0,1,1,0,1,1
23695288,,0,0.000021,140,0.000007,0,1,1,0,1,1
23643378,,0,0.000021,140,0.000007,0,1,1,0,1,1
23639901,,0,0.000021,140,0.000007,0,1,1,0,1,1
23620651,,0,0.000021,140,0.000007,0,1,1,0,1,1
23478348,,0,0.000021,140,0.000007,0,1,1,0,1,1
23391068,,0,0.000021,140,0.000007,0,1,1,0,1,1
23129594,,0,0.000021,140,0.000007,0,1,1,0,1,1
22706117,,0.000003,0,241,0.000008,1,0,1,1,0,1
22706123,,0.000024,0,1,0.000007,1,0,1,1,0,1
22706203,,0.002887,0,35,0.00003,17,0,17,17,0,17
24662921,,0,0.000055,35,0.000007,0,1,1,0,1,1
22706539,,0.001431,0,69,0.000031,17,0,17,17,0,17
27617304,,0,0.000338,69,0.000007,0,2,2,0,2,2
23172893,,0,0.000027,69,0.000007,0,1,1,0,1,1
22706629,,0.000169,0,5,0.000007,1,0,1,1,0,1
27047539,,0,0.000001,100,0.000007,0,1,1,0,1,1
22708334,,0.000003,0,241,0.000008,1,0,1,1,0,1
22710074,,0.002378,0,69,0.000011,12,0,12,12,0,12
28118323,,0,0.002801,1,0.000007,0,2,2,0,2,2
27664393,,0,0.004802,1,0.000007,0,4,4,0,4,4
26675567,,0,0.001176,1,0.000007,0,1,1,0,1,1
26574041,,0,0.001176,1,0.000007,0,1,1,0,1,1
25962114,,0,0.001176,1,0.000007,0,1,1,0,1,1
25874004,,0,0.001176,1,0.000007,0,1,1,0,1,1
23737680,,0,0.001289,1,0.000007,0,2,2,0,2,2
26417294,,0,0.000016,89,0.000007,0,2,2,0,2,2
26109919,,0,0.000011,89,0.000007,0,1,1,0,1,1
25477971,,0,0.000011,89,0.000007,0,1,1,0,1,1
25261319,,0,0.000011,89,0.000007,0,1,1,0,1,1
29386252,,0,0.000039,231,0.000007,0,1,1,0,1,1
22714938,,0.002063,0,231,0.000193,24,0,24,24,0,24
29642008,,0,0.000002,2,0.000007,0,1,1,0,1,1
28858257,,0,0.000002,2,0.000007,0,1,1,0,1,1
28743002,,0,0.000002,2,0.000007,0,1,1,0,1,1
28356341,,0,0.000002,2,0.000007,0,1,1,0,1,1
28121228,,0,0.000002,2,0.000007,0,1,1,0,1,1
27966532,,0,0.000002,2,0.000007,0,1,1,0,1,1
27466409,,0,0.000002,2,0.000007,0,1,1,0,1,1
26972587,,0,0.000002,2,0.000007,0,1,1,0,1,1
26949251,,0,0.000002,2,0.000007,0,1,1,0,1,1
26688337,,0,0.000002,2,0.000007,0,1,1,0,1,1
26527377,,0,0.000002,2,0.000007,0,1,1,0,1,1
26399229,,0,0.000002,2,0.000007,0,1,1,0,1,1
26324425,,0,0.000002,2,0.000007,0,1,1,0,1,1
25751725,,0,0.000002,2,0.000007,0,1,1,0,1,1
24063399,,0,0.000002,2,0.000007,0,1,1,0,1,1
23588380,,0,0.000002,2,0.000007,0,1,1,0,1,1
23429197,,0,0.000002,2,0.000007,0,1,1,0,1,1
23360310,,0,0.000002,2,0.000007,0,1,1,0,1,1
22725699,,0.000624,0,1,0.000013,8,0,8,8,0,8
30270814,,0,0.000235,231,0.000007,0,2,2,0,2,2
22729278,,0.001209,0,231,0.000076,17,0,17,17,0,17
30090349,,0,0.000023,231,0.000007,0,1,1,0,1,1
27401557,,0,0.000023,231,0.000007,0,1,1,0,1,1
27189490,,0,0.000023,231,0.000007,0,1,1,0,1,1
26935408,,0,0.000023,231,0.000007,0,1,1,0,1,1
26282935,,0,0.000023,231,0.000007,0,1,1,0,1,1
25901194,,0,0.000023,231,0.000007,0,1,1,0,1,1
25780452,,0,0.000023,231,0.000007,0,1,1,0,1,1
24841221,,0,0.000023,231,0.000007,0,1,1,0,1,1
24818756,,0,0.000023,231,0.000007,0,1,1,0,1,1
24497996,,0,0.000003,231,0.000007,0,1,1,0,1,1
23877285,,0,0.000003,231,0.000007,0,1,1,0,1,1
22729890,,0.000635,0,5,0.000007,2,0,2,2,0,2
30092832,,0,0,198,0.000007,0,1,1,0,1,1
22729891,,0.000007,0,198,0.000023,4,0,4,4,0,4
27776557,,0,0,198,0.000007,0,1,1,0,1,1
27142210,,0,0,198,0.000007,0,2,2,0,2,2
29751579,,0,0.000007,279,0.000007,0,1,1,0,1,1
27754426,,0,0.000007,279,0.000007,0,1,1,0,1,1
24333552,,0,0.000007,279,0.000007,0,1,1,0,1,1
23743825,,0,0.000007,279,0.000007,0,1,1,0,1,1
29202279,,0,0,66,0.000007,0,1,1,0,1,1
28122343,,0,0,66,0.000007,0,1,1,0,1,1
26716512,,0,0,66,0.000007,0,1,1,0,1,1
26467507,,0,0,66,0.000007,0,1,1,0,1,1
25544747,,0,0,66,0.000007,0,1,1,0,1,1
24860662,,0,0,66,0.000007,0,1,1,0,1,1
24799955,,0,0,66,0.000007,0,1,1,0,1,1
24294541,,0,0,66,0.000007,0,1,1,0,1,1
24106507,,0,0,66,0.000007,0,1,1,0,1,1
24008363,,0,0,66,0.000007,0,1,1,0,1,1
22736212,,0.000059,0,5,0.000012,6,0,6,6,0,6
24897108,,0,0.000017,89,0.000007,0,1,1,0,1,1
24771342,,0,0.000017,89,0.000007,0,1,1,0,1,1
29414591,,0,0.000121,82,0.000007,0,3,3,0,3,3
23095717,,0,0.000119,100,0.000007,0,1,1,0,1,1
29731870,,0,0.000018,90,0.000007,0,1,1,0,1,1
29137356,,0,0.000018,90,0.000007,0,1,1,0,1,1
27488883,,0,0.000018,90,0.000007,0,2,2,0,2,2
24971735,,0,0.000018,90,0.000007,0,1,1,0,1,1
22739995,,0.001051,0,89,0.000017,13,0,13,13,0,13
22740003,,0.000214,0,69,0.000009,3,0,3,3,0,3
22740196,,0.000158,0,35,0.000017,4,0,4,4,0,4
22740372,,0.000012,0,5,0.000012,3,0,3,3,0,3
30223570,,0,0.00009,100,0.000007,0,1,1,0,1,1
22743550,,0.004708,0,100,0.000361,113,0,113,113,0,113
30085341,,0,0.00009,100,0.000007,0,1,1,0,1,1
29899825,,0,0.00009,100,0.000007,0,1,1,0,1,1
29500338,,0,0.00009,100,0.000007,0,1,1,0,1,1
29212503,,0,0.00009,100,0.000007,0,1,1,0,1,1
28837154,,0,0.00009,100,0.000007,0,1,1,0,1,1
28369484,,0,0.00009,100,0.000007,0,1,1,0,1,1
28134299,,0,0.00009,100,0.000007,0,1,1,0,1,1
28128338,,0,0.00009,100,0.000007,0,1,1,0,1,1
28118114,,0,0.00009,100,0.000007,0,1,1,0,1,1
28035336,,0,0.00009,100,0.000007,0,1,1,0,1,1
27802335,,0,0.000104,100,0.000007,0,2,2,0,2,2
27479538,,0,0.00011,24,0.000007,0,2,2,0,2,2
27479053,,0,0.00009,100,0.000007,0,1,1,0,1,1
27462908,,0,0.00009,100,0.000007,0,1,1,0,1,1
27257868,,0,0.00009,100,0.000007,0,1,1,0,1,1
26858987,,0,0.00009,100,0.000007,0,1,1,0,1,1
26764573,,0,0.00009,100,0.000007,0,1,1,0,1,1
26712563,,0,0.000222,100,0.000007,0,2,2,0,2,2
26700820,,0,0.000166,100,0.000007,0,2,2,0,2,2
26512706,,0,0.00009,100,0.000007,0,1,1,0,1,1
26383967,,0,0.000186,100,0.000007,0,3,3,0,3,3
26083678,,0,0.00009,100,0.000007,0,1,1,0,1,1
26040249,,0,0.000446,100,0.000007,0,2,2,0,2,2
25855964,,0,0.000488,100,0.000007,0,2,2,0,2,2
25361549,,0,0.00009,100,0.000007,0,1,1,0,1,1
25104768,,0,0.00009,100,0.000007,0,1,1,0,1,1
25030905,,0,0.00009,100,0.000007,0,1,1,0,1,1
24990942,,0,0.00009,100,0.000007,0,1,1,0,1,1
24927134,,0,0.00009,100,0.000007,0,1,1,0,1,1
24889605,,0,0.00009,100,0.000007,0,1,1,0,1,1
24651490,,0,0.00009,100,0.000007,0,1,1,0,1,1
24637877,,0,0.000765,100,0.000007,0,4,4,0,4,4
24516620,,0,0.00009,100,0.000007,0,1,1,0,1,1
24406105,,0,0.000114,57,0.000007,0,2,2,0,2,2
23620595,,0,0.00009,100,0.000007,0,1,1,0,1,1
23522792,,0,0.00009,100,0.000007,0,1,1,0,1,1
23386830,,0,0.00009,100,0.000007,0,1,1,0,1,1
23230321,,0,0.00009,100,0.000007,0,1,1,0,1,1
22744338,,0.000657,0,5,0.000017,12,0,12,12,0,12
22744714,,0.000017,0,279,0.000034,10,0,10,10,0,10
27903276,,0,0,279,0.000007,0,1,1,0,1,1
26360677,,0,0,279,0.000007,0,1,1,0,1,1
26522723,,0,0,100,0.000007,0,1,1,0,1,1
30212456,,0,0.000214,100,0.000007,0,1,1,0,1,1
30165656,,0,0.000214,100,0.000007,0,1,1,0,1,1
30024881,,0,0.001115,100,0.000007,0,9,9,0,9,9
28916784,,0,0.000214,100,0.000007,0,1,1,0,1,1
28729637,,0,0.000222,184,0.000007,0,2,2,0,2,2
28666371,,0,0.00043,100,0.000007,0,3,3,0,3,3
28351719,,0,0.000214,100,0.000007,0,1,1,0,1,1
27816326,,0,0.000214,100,0.000007,0,1,1,0,1,1
27547714,,0,0.000214,100,0.000007,0,1,1,0,1,1
27373336,,0,0.000214,100,0.000007,0,1,1,0,1,1
27239251,,0,0.000214,100,0.000007,0,1,1,0,1,1
27056668,,0,0.000214,100,0.000007,0,1,1,0,1,1
26919101,,0,0.000214,100,0.000007,0,1,1,0,1,1
26819410,,0,0.000214,100,0.000007,0,1,1,0,1,1
26771352,,0,0.000214,100,0.000007,0,1,1,0,1,1
26462050,,0,0.000217,100,0.000007,0,2,2,0,2,2
26438152,,0,0.000405,1,0.000007,0,2,2,0,2,2
26243743,,0,0.000214,100,0.000007,0,1,1,0,1,1
26071591,,0,0.000281,100,0.000007,0,2,2,0,2,2
25972987,,0,0.000214,100,0.000007,0,1,1,0,1,1
25818288,,0,0.000214,100,0.000007,0,1,1,0,1,1
25762002,,0,0.000214,100,0.000007,0,1,1,0,1,1
25580447,,0,0.000615,100,0.000007,0,2,2,0,2,2
25430771,,0,0.000214,100,0.000007,0,1,1,0,1,1
25414354,,0,0.000214,100,0.000007,0,1,1,0,1,1
25205745,,0,0.000214,100,0.000007,0,1,1,0,1,1
25136344,,0,0.000214,100,0.000007,0,1,1,0,1,1
24938228,,0,0.000214,100,0.000007,0,1,1,0,1,1
24787670,,0,0.000262,1,0.000007,0,2,2,0,2,2
24764756,,0,0.000214,100,0.000007,0,1,1,0,1,1
24366029,,0,0.000615,100,0.000007,0,2,2,0,2,2
24115584,,0,0.000214,100,0.000007,0,1,1,0,1,1
24037726,,0,0.000214,100,0.000007,0,1,1,0,1,1
23623389,,0,0.000214,100,0.000007,0,1,1,0,1,1
23159736,,0,0.000214,100,0.000007,0,1,1,0,1,1
23099921,,0,0.000214,100,0.000007,0,1,1,0,1,1
22752287,,0.000107,0,35,0.000008,2,0,2,2,0,2
22752289,,0.000003,0,205,0.00001,2,0,2,2,0,2
22752604,,0.000266,0,89,0.000009,5,0,5,5,0,5
30220433,,0,0.000076,140,0.000007,0,1,1,0,1,1
29373829,,0,0.000076,140,0.000007,0,1,1,0,1,1
26658467,,0,0.000076,140,0.000007,0,1,1,0,1,1
25713994,,0,0.000096,90,0.000007,0,6,6,0,6,6
25075907,,0,0.000076,140,0.000007,0,1,1,0,1,1
25071833,,0,0.000076,140,0.000007,0,1,1,0,1,1
22753153,,0.000794,0,140,0.000036,13,0,13,13,0,13
29115525,,0,0.000015,140,0.000007,0,1,1,0,1,1
25552398,,0,0.000016,87,0.000028,4,2,6,4,2,6
22753590,,0.000874,0,140,0.000043,14,0,14,14,0,14
29693319,,0,0.000158,100,0.000007,0,6,6,0,6,6
28257090,,0,0.000024,140,0.000007,0,3,3,0,3,3
27683109,,0,0.000017,140,0.000007,0,2,2,0,2,2
22753593,,0.001283,0,69,0.000017,8,0,8,8,0,8
25206742,,0,0.000024,69,0.000007,0,1,1,0,1,1
30233209,,0,0.000019,35,0.000007,0,1,1,0,1,1
29299146,,0,0.000019,35,0.000007,0,1,1,0,1,1
27658586,,0,0.000019,35,0.000007,0,1,1,0,1,1
27508098,,0,0.000019,35,0.000007,0,1,1,0,1,1
27258622,,0,0.000019,35,0.000007,0,1,1,0,1,1
26120051,,0,0.000025,35,0.000007,0,2,2,0,2,2
25253780,,0,0.000019,35,0.000007,0,1,1,0,1,1
24016618,,0,0.000019,35,0.000007,0,1,1,0,1,1
25879635,,0,0.000024,231,0.000007,0,3,3,0,3,3
30379886,,0,0.000003,24,0.000007,0,1,1,0,1,1
30285885,,0,0.000003,24,0.000007,0,1,1,0,1,1
29562696,,0,0.000003,24,0.000007,0,1,1,0,1,1
29328395,,0,0.000003,24,0.000007,0,1,1,0,1,1
28693277,,0,0.000003,24,0.000007,0,1,1,0,1,1
28536009,,0,0.000003,24,0.000007,0,2,2,0,2,2
28235398,,0,0.000003,24,0.000007,0,1,1,0,1,1
27843649,,0,0.000003,24,0.000007,0,2,2,0,2,2
27357628,,0,0.000003,24,0.000007,0,1,1,0,1,1
26258008,,0,0.000003,24,0.000007,0,1,1,0,1,1
26110128,,0,0.000003,24,0.000007,0,1,1,0,1,1
25995450,,0,0.000003,24,0.000007,0,1,1,0,1,1
25973173,,0,0.000003,24,0.000007,0,1,1,0,1,1
25663891,,0,0.000003,24,0.000007,0,1,1,0,1,1
25061297,,0,0.000003,24,0.000007,0,1,1,0,1,1
24905916,,0,0.000003,24,0.000007,0,1,1,0,1,1
24787013,,0,0.000003,24,0.000007,0,1,1,0,1,1
29881286,,0,0,279,0.000007,0,1,1,0,1,1
27153114,,0,0.000004,279,0.000007,0,3,3,0,3,3
26380585,,0,0,279,0.000007,0,1,1,0,1,1
25990542,,0,0.000008,279,0.000007,0,2,2,0,2,2
25738829,,0,0,279,0.000007,0,1,1,0,1,1
23573235,,0,0,279,0.000007,0,1,1,0,1,1
27533631,,0,0.000005,5,0.000007,0,1,1,0,1,1
22767328,,0.000388,0,5,0.000018,6,0,6,6,0,6
23241610,,0,0.000007,5,0.000007,0,1,1,0,1,1
23469187,,0,0.000004,231,0.000007,0,1,1,0,1,1
30143046,,0,0.000009,247,0.000007,0,1,1,0,1,1
30059028,,0,0.000009,247,0.000007,0,1,1,0,1,1
29476013,,0,0.000009,247,0.000007,0,1,1,0,1,1
29040388,,0,0.000009,247,0.000007,0,1,1,0,1,1
28813624,,0,0.000009,247,0.000007,0,1,1,0,1,1
28105170,,0,0.000009,247,0.000007,0,1,1,0,1,1
27713151,,0,0.000017,247,0.000007,0,2,2,0,2,2
26991404,,0,0.000009,247,0.000007,0,1,1,0,1,1
26937212,,0,0.000017,247,0.000007,0,2,2,0,2,2
26842647,,0,0.000017,247,0.000007,0,2,2,0,2,2
26654943,,0,0.000009,247,0.000007,0,1,1,0,1,1
25996664,,0,0.000017,247,0.000007,0,2,2,0,2,2
25948791,,0,0.000017,247,0.000007,0,2,2,0,2,2
25922640,,0,0.000009,247,0.000007,0,1,1,0,1,1
25810542,,0,0.000009,247,0.000007,0,1,1,0,1,1
25233087,,0,0.000009,247,0.000007,0,1,1,0,1,1
25030088,,0,0.000009,247,0.000007,0,1,1,0,1,1
25022346,,0,0.000009,247,0.000007,0,1,1,0,1,1
24823279,,0,0.000009,247,0.000007,0,1,1,0,1,1
24503695,,0,0.000009,247,0.000007,0,1,1,0,1,1
23582887,,0,0.000009,247,0.000007,0,1,1,0,1,1
30359249,,0,0.000127,1,0.000007,0,5,5,0,5,5
22776961,,0.005931,0,1,0.000028,23,0,23,23,0,23
22777929,,0.000011,0,205,0.000021,4,0,4,4,0,4
28674770,,0,0,205,0.000007,0,1,1,0,1,1
26003053,,0,0,205,0.000007,0,1,1,0,1,1
30400960,,0,0.000083,1,0.000007,0,1,1,0,1,1
26036632,,0,0.000083,1,0.000007,0,1,1,0,1,1
22778939,,0.000147,0,5,0.000025,4,0,4,4,0,4
26185737,,0,0.000003,5,0.000007,0,1,1,0,1,1
25036472,,0,0.000003,5,0.000007,0,1,1,0,1,1
23975313,,0,0.000003,5,0.000007,0,1,1,0,1,1
27446360,,0,0.000001,24,0.000007,0,2,2,0,2,2
22780973,,0,0,24,0.00001,1,0,1,1,0,1
29703908,,0,0.000002,35,0.000007,0,1,1,0,1,1
29166896,,0,0.000002,35,0.000007,0,1,1,0,1,1
29162860,,0,0.000002,35,0.000007,0,1,1,0,1,1
28991240,,0,0.000002,35,0.000007,0,1,1,0,1,1
28798368,,0,0.000002,35,0.000007,0,1,1,0,1,1
28638442,,0,0.000002,35,0.000007,0,1,1,0,1,1
28603644,,0,0.000029,35,0.000007,0,2,2,0,2,2
28198675,,0,0.000002,35,0.000007,0,1,1,0,1,1
25879642,,0,0.000002,35,0.000007,0,1,1,0,1,1
25103914,,0,0.000002,35,0.000007,0,1,1,0,1,1
24498971,,0,0.000002,35,0.000007,0,1,1,0,1,1
22784614,,0,0.000002,35,0.000007,0,1,1,0,1,1
29271901,,0,0,90,0.000007,0,1,1,0,1,1
29222347,,0,0,90,0.000007,0,1,1,0,1,1
29085614,,0,0,90,0.000007,0,1,1,0,1,1
28115924,,0,0,90,0.000007,0,2,2,0,2,2
25525174,,0,0,90,0.000007,0,1,1,0,1,1
25405601,,0,0,90,0.000007,0,1,1,0,1,1
24649863,,0,0,90,0.000007,0,1,1,0,1,1
23839987,,0,0,90,0.000007,0,1,1,0,1,1
22788243,,0.000172,0,5,0.000014,4,0,4,4,0,4
23936236,,0,0.000003,5,0.000007,0,1,1,0,1,1
22788971,,0.002101,0,1,0.000042,11,0,11,11,0,11
26004625,,0,0.000321,1,0.000007,0,2,2,0,2,2
30220600,,0,0.0007,100,0.000007,0,5,5,0,5,5
30107528,,0,0.001008,1,0.000007,0,2,2,0,2,2
30060597,,0,0.0004,100,0.000007,0,1,1,0,1,1
30021152,,0,0.000757,100,0.000007,0,5,5,0,5,5
29924986,,0,0.000497,100,0.000007,0,4,4,0,4,4
29807999,,0,0.000869,100,0.000007,0,6,6,0,6,6
29739811,,0,0.000639,100,0.000007,0,3,3,0,3,3
29523233,,0,0.000453,100,0.000007,0,3,3,0,3,3
29511342,,0,0.0004,100,0.000007,0,1,1,0,1,1
29458759,,0,0.000723,100,0.000007,0,3,3,0,3,3
29458757,,0,0.00045,100,0.000007,0,2,2,0,2,2
29427417,,0,0.0004,100,0.000007,0,1,1,0,1,1
29053959,,0.001188,0.00115,100,0.000038,19,6,25,19,6,25
28835508,,0,0.001681,100,0.000007,0,6,6,0,6,6
28317934,,0,0.001186,100,0.000007,0,5,5,0,5,5
28067217,,0,0.00069,100,0.000007,0,3,3,0,3,3
27994036,,0,0.0004,100,0.000007,0,1,1,0,1,1
27956499,,0,0.0004,100,0.000007,0,1,1,0,1,1
27526030,,0,0.000442,100,0.000007,0,2,2,0,2,2
27264870,,0,0.0004,100,0.000007,0,1,1,0,1,1
27084947,,0,0.000477,100,0.000007,0,2,2,0,2,2
27084631,,0,0.000623,100,0.000007,0,3,3,0,3,3
26993153,,0,0.000434,100,0.000007,0,3,3,0,3,3
26980189,,0,0.0004,100,0.000007,0,1,1,0,1,1
26950216,,0,0.0004,100,0.000007,0,1,1,0,1,1
26939887,,0,0.0004,100,0.000007,0,1,1,0,1,1
26436826,,0,0.0004,100,0.000007,0,1,1,0,1,1
26403191,,0,0.0004,100,0.000007,0,1,1,0,1,1
26275776,,0,0.0004,100,0.000007,0,1,1,0,1,1
26091346,,0,0.0004,100,0.000007,0,1,1,0,1,1
25934179,,0,0.0004,100,0.000007,0,1,1,0,1,1
25576492,,0,0.0004,100,0.000007,0,1,1,0,1,1
25456133,,0,0.0004,100,0.000007,0,1,1,0,1,1
25257608,,0,0.000591,1,0.000007,0,2,2,0,2,2
25036042,,0,0.0004,100,0.000007,0,1,1,0,1,1
24821763,,0,0.0004,100,0.000007,0,1,1,0,1,1
24656613,,0,0.0004,100,0.000007,0,1,1,0,1,1
24339793,,0,0.0004,100,0.000007,0,1,1,0,1,1
24013173,,0,0.0004,100,0.000007,0,1,1,0,1,1
23575680,,0,0.0004,100,0.000007,0,1,1,0,1,1
23352430,,0,0.0004,100,0.000007,0,1,1,0,1,1
23080121,,0,0.0004,100,0.000007,0,1,1,0,1,1
30206313,,0,0.000006,72,0.000007,0,1,1,0,1,1
22790015,,0.000334,0,72,0.000052,11,0,11,11,0,11
27763637,,0,0.000006,72,0.000007,0,1,1,0,1,1
26920226,,0,0.000014,72,0.000007,0,2,2,0,2,2
26063957,,0,0.000006,72,0.000007,0,1,1,0,1,1
27924449,,0,0.000009,5,0.000007,0,2,2,0,2,2
25228357,,0,0.000104,35,0.000007,0,4,4,0,4,4
29970035,,0,0.000082,1,0.000007,0,1,1,0,1,1
22791366,,0.004285,0,1,0.000041,19,0,19,19,0,19
29096610,,0,0.000342,1,0.000025,3,5,8,3,5,8
26996122,,0,0.000082,1,0.000007,0,1,1,0,1,1
24454681,,0,0.000082,1,0.000007,0,1,1,0,1,1
25694448,,0,0.000016,100,0.000007,0,1,1,0,1,1
29982103,,0,0.000004,24,0.000007,0,1,1,0,1,1
29887946,,0,0.000004,24,0.000007,0,1,1,0,1,1
29343829,,0,0.000004,24,0.000007,0,1,1,0,1,1
29328486,,0,0.000004,24,0.000007,0,1,1,0,1,1
28918032,,0,0.000004,24,0.000007,0,1,1,0,1,1
27951496,,0,0.000004,24,0.000007,0,1,1,0,1,1
27484796,,0,0.000004,24,0.000007,0,1,1,0,1,1
27284014,,0,0.000004,24,0.000007,0,1,1,0,1,1
26918052,,0,0.000032,24,0.000007,0,2,2,0,2,2
26843476,,0,0.000004,24,0.000007,0,1,1,0,1,1
26182353,,0,0.000004,24,0.000007,0,1,1,0,1,1
26055179,,0,0.000004,24,0.000007,0,1,1,0,1,1
24632829,,0,0.000004,24,0.000007,0,1,1,0,1,1
24219825,,0,0.000004,24,0.000007,0,1,1,0,1,1
24062304,,0,0.000004,24,0.000007,0,1,1,0,1,1
23881549,,0,0.000004,24,0.000007,0,1,1,0,1,1
22798144,,0.001351,0,89,0.000012,10,0,10,10,0,10
29862272,,0,0.000004,176,0.000007,0,1,1,0,1,1
29433538,,0,0.000004,176,0.000007,0,1,1,0,1,1
28985197,,0,0.000004,176,0.000007,0,1,1,0,1,1
28533948,,0,0.000004,176,0.000007,0,1,1,0,1,1
28454417,,0,0.000004,176,0.000007,0,1,1,0,1,1
28325958,,0,0.000004,176,0.000007,0,1,1,0,1,1
28259977,,0,0.000004,176,0.000007,0,1,1,0,1,1
28010900,,0,0.000004,176,0.000007,0,1,1,0,1,1
27974696,,0,0.000004,176,0.000007,0,1,1,0,1,1
27801803,,0,0.000004,176,0.000007,0,1,1,0,1,1
27527863,,0,0.000004,176,0.000007,0,1,1,0,1,1
27422937,,0,0.000004,176,0.000007,0,1,1,0,1,1
27254108,,0,0.000004,176,0.000007,0,1,1,0,1,1
27129166,,0,0.000004,176,0.000007,0,1,1,0,1,1
26929739,,0,0.000004,176,0.000007,0,1,1,0,1,1
26314966,,0,0.000004,176,0.000007,0,1,1,0,1,1
26201446,,0,0.000004,176,0.000007,0,1,1,0,1,1
25845598,,0,0.000004,176,0.000007,0,1,1,0,1,1
25815339,,0,0.000004,176,0.000007,0,1,1,0,1,1
25115181,,0,0.000004,176,0.000007,0,1,1,0,1,1
25007077,,0,0.000004,176,0.000007,0,1,1,0,1,1
24498188,,0,0.000004,176,0.000007,0,1,1,0,1,1
24452514,,0,0.000004,176,0.000007,0,1,1,0,1,1
23902763,,0,0.000004,176,0.000007,0,1,1,0,1,1
28878606,,0,0.000004,89,0.000007,0,1,1,0,1,1
28533537,,0,0.000004,89,0.000007,0,1,1,0,1,1
26683685,,0,0.000004,89,0.000007,0,1,1,0,1,1
24909261,,0,0.000004,89,0.000007,0,1,1,0,1,1
23561487,,0,0.000004,89,0.000007,0,1,1,0,1,1
29443924,,0,0.000014,279,0.000007,0,2,2,0,2,2
22799769,,0,0,279,0.000018,3,0,3,3,0,3
24068962,,0,0,279,0.000007,0,1,1,0,1,1
22801507,,0.000215,0,232,0.00006,12,0,12,12,0,12
27415751,,0,0.000736,232,0.000007,0,2,2,0,2,2
27292260,,0,0.000004,232,0.000007,0,1,1,0,1,1
25834403,,0,0.000004,232,0.000007,0,1,1,0,1,1
25674014,,0,0.000004,232,0.000007,0,1,1,0,1,1
25594014,,0,0.000004,232,0.000007,0,1,1,0,1,1
23974427,,0,0.000004,232,0.000007,0,1,1,0,1,1
23903221,,0,0.000004,232,0.000007,0,1,1,0,1,1
23140293,,0,0.000004,232,0.000007,0,1,1,0,1,1
23951052,,0,0.000004,1,0.000007,0,1,1,0,1,1
23873848,,0,0.000004,1,0.000007,0,1,1,0,1,1
27533941,,0,0.000061,5,0.000007,0,1,1,0,1,1
24851142,,0,0.000061,5,0.000007,0,1,1,0,1,1
28374947,,0,0,35,0.000007,0,1,1,0,1,1
22811706,,0.000007,0,35,0.000016,2,0,2,2,0,2
27245685,,0,0.000468,1,0.000007,0,2,2,0,2,2
26671993,,0,0.000233,24,0.000007,0,2,2,0,2,2
26089723,,0,0.002821,1,0.000007,0,5,5,0,5,5
25856591,,0,0.000218,1,0.000007,0,1,1,0,1,1
22817731,,0.003042,0,248,0.000038,15,0,15,15,0,15
27338266,,0,0.000058,248,0.000007,0,1,1,0,1,1
25381825,,0,0.000058,248,0.000007,0,1,1,0,1,1
22820987,,0.001837,0,279,0.000015,12,0,12,12,0,12
22821364,,0.000102,0,72,0.000153,32,0,32,32,0,32
29251629,,0,0.000002,72,0.000007,0,1,1,0,1,1
28933615,,0,0.000002,72,0.000007,0,1,1,0,1,1
28555079,,0,0.000002,72,0.000007,0,1,1,0,1,1
28099924,,0,0.000215,72,0.000007,0,2,2,0,2,2
27973439,,0,0.000002,72,0.000007,0,1,1,0,1,1
27682871,,0,0.000102,72,0.000007,0,2,2,0,2,2
27421140,,0,0.000002,72,0.000007,0,1,1,0,1,1
27356752,,0,0.000002,72,0.000007,0,1,1,0,1,1
27100732,,0,0.000002,72,0.000007,0,1,1,0,1,1
26773048,,0,0.000002,72,0.000007,0,1,1,0,1,1
26628006,,0,0.000002,72,0.000007,0,1,1,0,1,1
26346768,,0,0.000002,72,0.000007,0,2,2,0,2,2
25990244,,0,0.000002,72,0.000007,0,1,1,0,1,1
25768283,,0,0.000002,72,0.000007,0,1,1,0,1,1
25752336,,0,0.000002,72,0.000007,0,1,1,0,1,1
25742789,,0,0.000002,72,0.000007,0,1,1,0,1,1
24904827,,0,0.000002,72,0.000007,0,1,1,0,1,1
24386264,,0,0.000002,72,0.000007,0,1,1,0,1,1
24096488,,0,0.000002,72,0.000007,0,1,1,0,1,1
23851498,,0,0.000002,72,0.000007,0,1,1,0,1,1
23533807,,0,0.000002,72,0.000007,0,1,1,0,1,1
22822606,,0.000388,0,69,0.000016,3,0,3,3,0,3
23244773,,0,0.000007,69,0.000007,0,1,1,0,1,1
22825375,,0.002338,0,231,0.000069,23,0,23,23,0,23
27829781,,0,0.000045,231,0.000007,0,1,1,0,1,1
25485872,,0,0.000045,231,0.000007,0,1,1,0,1,1
25075204,,0,0.000045,231,0.000007,0,1,1,0,1,1
24759934,,0,0.000045,231,0.000007,0,1,1,0,1,1
24309373,,0,0.000101,231,0.000007,0,2,2,0,2,2
22826208,,0.000182,0,5,0.000016,6,0,6,6,0,6
23757193,,0,0.000003,5,0.000007,0,1,1,0,1,1
22832221,,0.000006,0,100,0.000008,1,0,1,1,0,1
27998958,,0,0.000012,100,0.000007,0,1,1,0,1,1
23681659,,0,0.000012,100,0.000007,0,1,1,0,1,1
23603990,,0,0.000012,100,0.000007,0,1,1,0,1,1
22834679,,0.002037,0,1,0.00002,11,0,11,11,0,11
28151483,,0,0,249,0.000007,0,1,1,0,1,1
22837809,,0,0,249,0.000031,4,0,4,4,0,4
27177220,,0,0,249,0.000007,0,1,1,0,1,1
26618054,,0,0,249,0.000007,0,1,1,0,1,1
25780738,,0,0,249,0.000007,0,1,1,0,1,1
29306221,,0,0.000001,35,0.000007,0,1,1,0,1,1
22842985,,0.000075,0,35,0.000053,8,0,8,8,0,8
28900476,,0,0.000001,35,0.000007,0,1,1,0,1,1
24604092,,0,0.000001,35,0.000007,0,1,1,0,1,1
23691362,,0.000065,0.000001,35,0.000025,5,1,6,5,1,6
29316219,,0,0.000109,100,0.000007,0,1,1,0,1,1
27308460,,0,0.000111,100,0.000007,0,2,2,0,2,2
26834142,,0,0.000031,279,0.000007,0,1,1,0,1,1
22846729,,0.000249,0,5,0.000054,15,0,15,15,0,15
28374280,,0,0.000005,5,0.000007,0,1,1,0,1,1
28367382,,0,0.000005,5,0.000007,0,1,1,0,1,1
27937091,,0,0.000005,5,0.000007,0,1,1,0,1,1
25672471,,0,0.000005,5,0.000007,0,1,1,0,1,1
25648993,,0,0.000005,5,0.000007,0,1,1,0,1,1
25147769,,0,0.000005,5,0.000007,0,1,1,0,1,1
22846732,,0.002314,0,35,0.000025,8,0,8,8,0,8
22846737,,0.000385,0,205,0.000012,6,0,6,6,0,6
28275686,,0,0.000007,89,0.000007,0,2,2,0,2,2
22846738,,0.000189,0,89,0.000071,14,0,14,14,0,14
28138585,,0,0.000004,89,0.000007,0,1,1,0,1,1
27713123,,0,0.000004,89,0.000007,0,1,1,0,1,1
27527654,,0,0.000004,89,0.000007,0,1,1,0,1,1
26940223,,0,0.000004,89,0.000007,0,1,1,0,1,1
25174257,,0,0.000004,89,0.000007,0,1,1,0,1,1
24007940,,0,0.000004,89,0.000007,0,1,1,0,1,1
29371917,,0,0,24,0.000007,0,1,1,0,1,1
25549342,,0,0,24,0.000007,0,1,1,0,1,1
25119181,,0,0,24,0.000007,0,2,2,0,2,2
22851211,,0.001347,0,89,0.00004,18,0,18,18,0,18
27449973,,0,0.000026,89,0.000007,0,1,1,0,1,1
27374712,,0,0.000026,89,0.000007,0,1,1,0,1,1
29662087,,0,0,24,0.000007,0,1,1,0,1,1
29310578,,0,0,24,0.000007,0,1,1,0,1,1
29294013,,0,0,24,0.000007,0,1,1,0,1,1
28833069,,0,0,24,0.000007,0,1,1,0,1,1
28820319,,0,0,24,0.000007,0,1,1,0,1,1
28208661,,0,0,24,0.000007,0,1,1,0,1,1
28167531,,0,0,24,0.000007,0,1,1,0,1,1
27687780,,0,0,24,0.000007,0,1,1,0,1,1
27616979,,0,0,24,0.000007,0,1,1,0,1,1
26637431,,0,0,24,0.000007,0,1,1,0,1,1
26024316,,0,0,24,0.000007,0,1,1,0,1,1
25798088,,0,0,24,0.000007,0,1,1,0,1,1
25222612,,0,0,24,0.000007,0,1,1,0,1,1
24025532,,0,0,24,0.000007,0,1,1,0,1,1
23123729,,0,0,24,0.000007,0,1,1,0,1,1
22864638,,0.000315,0,35,0.00002,2,0,2,2,0,2
22864640,,0.001119,0,89,0.000012,11,0,11,11,0,11
30315181,,0,0,24,0.000007,0,1,1,0,1,1
29886783,,0,0.000123,24,0.000007,0,2,2,0,2,2
29867465,,0,0.000118,24,0.000007,0,1,1,0,1,1
28952019,,0,0.000118,24,0.000007,0,2,2,0,2,2
28679777,,0,0.000118,24,0.000007,0,1,1,0,1,1
27307581,,0,0.000118,24,0.000007,0,1,1,0,1,1
26230318,,0,0.000118,24,0.000007,0,1,1,0,1,1
26221207,,0.000159,0.000138,24,0.000034,6,2,8,6,2,8
25671615,,0,0.000118,24,0.000007,0,1,1,0,1,1
25602365,,0,0.000118,24,0.000007,0,1,1,0,1,1
25582113,,0,0.000118,24,0.000007,0,1,1,0,1,1
24567359,,0,0.000118,24,0.000007,0,1,1,0,1,1
23209418,,0,0.000118,24,0.000007,0,1,1,0,1,1
22874498,,0.00118,0,89,0.000038,13,0,13,13,0,13
28224005,,0,0.000023,89,0.000007,0,1,1,0,1,1
25742658,,0,0.000023,89,0.000007,0,1,1,0,1,1
29434950,,0,0,279,0.000007,0,1,1,0,1,1
22875640,,0,0,279,0.000016,2,0,2,2,0,2
25712190,,0,0.000121,231,0.000007,0,2,2,0,2,2
28491147,,0,0,250,0.000007,0,1,1,0,1,1
22883373,,0,0,250,0.000043,6,0,6,6,0,6
27065357,,0,0,250,0.000007,0,1,1,0,1,1
27033339,,0,0,250,0.000007,0,1,1,0,1,1
26707589,,0,0,250,0.000007,0,1,1,0,1,1
24891116,,0,0,250,0.000007,0,1,1,0,1,1
23840256,,0,0,250,0.000007,0,1,1,0,1,1
27027446,,0,0.000003,1,0.000007,0,1,1,0,1,1
22887716,,0.000178,0,1,0.000015,2,0,2,2,0,2
22889437,,0.001535,0,69,0.000027,5,0,5,5,0,5
22892900,,0.000003,0,5,0.000008,1,0,1,1,0,1
22897714,,0.000274,0,279,0.000007,1,0,1,1,0,1
22901201,,0.000075,0,5,0.000008,3,0,3,3,0,3
28661236,,0,0,82,0.000007,0,1,1,0,1,1
28610584,,0,0,82,0.000007,0,2,2,0,2,2
26765259,,0,0,82,0.000007,0,1,1,0,1,1
26555153,,0,0,82,0.000007,0,2,2,0,2,2
26544531,,0,0,82,0.000007,0,1,1,0,1,1
26002081,,0,0,82,0.000007,0,1,1,0,1,1
24797035,,0,0,82,0.000007,0,2,2,0,2,2
22901454,,0.000319,0,90,0.000008,2,0,2,2,0,2
30410611,,0,0.000055,69,0.000007,0,4,4,0,4,4
22908096,,0.000062,0,69,0.000045,8,0,8,8,0,8
29721184,,0,0.000001,69,0.000007,0,1,1,0,1,1
28776551,,0,0.000001,69,0.000007,0,1,1,0,1,1
28620265,,0,0.000012,69,0.000007,0,2,2,0,2,2
27709813,,0,0.000001,69,0.000007,0,1,1,0,1,1
27647437,,0,0.000001,69,0.000007,0,1,1,0,1,1
26101711,,0,0.000001,69,0.000007,0,1,1,0,1,1
22910539,,0,0,5,0.000008,1,0,1,1,0,1
22911665,,0.00073,0,231,0.000032,7,0,7,7,0,7
25622253,,0,0.000014,231,0.000007,0,1,1,0,1,1
30046040,,0,0.000219,1,0.000007,0,1,1,0,1,1
28536279,,0,0.000219,1,0.000007,0,1,1,0,1,1
28512298,,0,0.000224,72,0.000007,0,2,2,0,2,2
25277973,,0,0.000219,1,0.000007,0,1,1,0,1,1
23634244,,0,0.000219,1,0.000007,0,1,1,0,1,1
22915194,,0.000151,0,69,0.000054,12,0,12,12,0,12
26819076,,0,0.000003,69,0.000007,0,1,1,0,1,1
26191185,,0,0.000003,69,0.000007,0,1,1,0,1,1
25258648,,0,0.000003,69,0.000007,0,1,1,0,1,1
24209634,,0,0.000003,69,0.000007,0,1,1,0,1,1
24155779,,0,0.000003,69,0.000007,0,1,1,0,1,1
30051890,,0,0.000599,1,0.000007,0,1,1,0,1,1
29996482,,0,0.001291,1,0.000007,0,2,2,0,2,2
29973512,,0,0.001291,1,0.000007,0,2,2,0,2,2
29942710,,0,0.001291,1,0.000007,0,2,2,0,2,2
29844859,,0,0.000599,1,0.000007,0,1,1,0,1,1
29636477,,0,0.000599,1,0.000007,0,1,1,0,1,1
29109428,,0,0.000608,1,0.000007,0,2,2,0,2,2
29097657,,0,0.000608,1,0.000007,0,2,2,0,2,2
28802037,,0,0.001899,1,0.000007,0,3,3,0,3,3
28586028,,0,0.000599,1,0.000007,0,1,1,0,1,1
28346230,,0,0.000599,1,0.000007,0,1,1,0,1,1
28167507,,0,0.004771,1,0.000007,0,8,8,0,8,8
28122958,,0,0.000608,1,0.000007,0,3,3,0,3,3
27919797,,0,0.001293,1,0.000007,0,3,3,0,3,3
27913436,,0,0.001291,1,0.000007,0,2,2,0,2,2
27655435,,0,0.001291,1,0.000007,0,2,2,0,2,2
27553366,,0,0.000664,1,0.000007,0,2,2,0,2,2
27308431,,0,0.000599,1,0.000007,0,1,1,0,1,1
27308344,,0,0.001291,1,0.000007,0,2,2,0,2,2
27250929,,0,0.000599,1,0.000007,0,1,1,0,1,1
26834104,,0,0.000599,1,0.000007,0,1,1,0,1,1
26824656,,0,0.000599,1,0.000007,0,1,1,0,1,1
26589432,,0,0.001308,1,0.000007,0,3,3,0,3,3
26117819,,0,0.001291,1,0.000007,0,2,2,0,2,2
25750731,,0,0.001291,1,0.000007,0,2,2,0,2,2
25533673,,0,0.001291,1,0.000007,0,2,2,0,2,2
25070836,,0,0.000599,1,0.000007,0,1,1,0,1,1
25004403,,0,0.000599,1,0.000007,0,1,1,0,1,1
24481312,,0,0.001291,1,0.000007,0,2,2,0,2,2
24218548,,0,0.001291,1,0.000007,0,2,2,0,2,2
23735831,,0,0.001291,1,0.000007,0,2,2,0,2,2
23110147,,0,0.000599,1,0.000007,0,1,1,0,1,1
30014041,,0,0.000695,100,0.000007,0,2,2,0,2,2
29156674,,0,0.000693,1,0.000007,0,1,1,0,1,1
28451789,,0,0.000693,1,0.000007,0,1,1,0,1,1
28278077,,0,0.000693,1,0.000007,0,1,1,0,1,1
27572309,,0,0.000693,1,0.000007,0,1,1,0,1,1
26674543,,0,0.000693,1,0.000007,0,1,1,0,1,1
26137487,,0,0.000693,1,0.000007,0,1,1,0,1,1
25857298,,0,0.000693,1,0.000007,0,1,1,0,1,1
25419740,,0,0.000693,1,0.000007,0,1,1,0,1,1
25193510,,0,0.000693,1,0.000007,0,1,1,0,1,1
23991179,,0,0.000693,1,0.000007,0,1,1,0,1,1
23903756,,0,0.000693,1,0.000007,0,1,1,0,1,1
23635776,,0,0.000693,1,0.000007,0,1,1,0,1,1
29952116,,0,0.000004,176,0.000007,0,2,2,0,2,2
22917213,,0.000003,0,176,0.000046,8,0,8,8,0,8
29179494,,0,0,176,0.000007,0,1,1,0,1,1
29133977,,0,0,176,0.000007,0,1,1,0,1,1
25948775,,0,0,176,0.000007,0,1,1,0,1,1
25348955,,0,0,176,0.000007,0,1,1,0,1,1
25136811,,0,0,176,0.000007,0,1,1,0,1,1
22920209,,0.000042,0,231,0.000008,2,0,2,2,0,2
22921157,,0.002844,0,69,0.000023,19,0,19,19,0,19
23403823,,0,0.000054,69,0.000007,0,1,1,0,1,1
22924267,,0.000029,0,89,0.000007,1,0,1,1,0,1
22926736,,0.000088,0,231,0.00001,4,0,4,4,0,4
22927701,,0.000349,0,5,0.000011,8,0,8,8,0,8
22931039,,0.000026,0,231,0.000008,1,0,1,1,0,1
22933060,,0.022169,0,1,0.000221,71,0,71,71,0,71
29577076,,0,0.000798,1,0.000007,0,5,5,0,5,5
28153863,,0,0.001308,1,0.000007,0,6,6,0,6,6
27851748,,0,0.000758,1,0.000007,0,3,3,0,3,3
26865589,,0,0.000423,1,0.000007,0,1,1,0,1,1
26593906,,0,0.000697,1,0.000007,0,2,2,0,2,2
24837038,,0,0.000423,1,0.000007,0,1,1,0,1,1
24498045,,0,0.000423,1,0.000007,0,1,1,0,1,1
22934728,,0.003296,0,5,0.000033,18,0,18,18,0,18
27887581,,0,0.000063,5,0.000007,0,1,1,0,1,1
26217165,,0,0.000063,231,0.000007,0,2,2,0,2,2
22936454,,0.000065,0,100,0.000015,2,0,2,2,0,2
24559156,,0,0.000001,100,0.000007,0,1,1,0,1,1
30082842,,0,0.000003,35,0.000007,0,1,1,0,1,1
22938492,,0.000149,0,35,0.000031,6,0,6,6,0,6
27647953,,0,0.000003,35,0.000007,0,1,1,0,1,1
26998072,,0,0.000003,35,0.000007,0,1,1,0,1,1
28955708,,0,0.000003,5,0.000007,0,1,1,0,1,1
28070225,,0,0.000003,5,0.000007,0,1,1,0,1,1
26473097,,0,0.000003,5,0.000007,0,1,1,0,1,1
22941933,,0.000264,0,184,0.00001,3,0,3,3,0,3
22946335,,0.000164,0,89,0.000007,1,0,1,1,0,1
30018743,,0,0.000009,140,0.000007,0,1,1,0,1,1
29490034,,0,0.000009,140,0.000007,0,1,1,0,1,1
28494185,,0,0.000009,140,0.000007,0,1,1,0,1,1
28132688,,0,0.000009,140,0.000007,0,1,1,0,1,1
27310656,,0,0.000009,140,0.000007,0,1,1,0,1,1
27064304,,0,0.000009,140,0.000007,0,1,1,0,1,1
25871441,,0,0.000009,140,0.000007,0,1,1,0,1,1
25077178,,0,0.000009,140,0.000007,0,1,1,0,1,1
24980617,,0,0.000009,140,0.000007,0,1,1,0,1,1
24278394,,0,0.000009,140,0.000007,0,1,1,0,1,1
24027009,,0,0.000009,140,0.000007,0,1,1,0,1,1
23818451,,0,0.000009,140,0.000007,0,1,1,0,1,1
26617891,,0,0.000007,279,0.000007,0,2,2,0,2,2
29988845,,0,0.000039,5,0.000007,0,2,2,0,2,2
29370106,,0,0.000019,5,0.000007,0,1,1,0,1,1
28535153,,0,0.00003,5,0.000007,0,3,3,0,3,3
26334879,,0,0.000019,5,0.000007,0,1,1,0,1,1
24648764,,0,0.000019,5,0.000007,0,1,1,0,1,1
23612440,,0,0.000019,5,0.000007,0,1,1,0,1,1
23553735,,0,0.000019,5,0.000007,0,1,1,0,1,1
23708104,,0,0.000014,90,0.000007,0,1,1,0,1,1
27605433,,0,0,24,0.000007,0,1,1,0,1,1
22960937,,0.000024,0,24,0.00003,6,0,6,6,0,6
25253633,,0,0,24,0.000007,0,1,1,0,1,1
24102013,,0,0,24,0.000007,0,1,1,0,1,1
22961142,,0.000035,0,89,0.000008,1,0,1,1,0,1
30464251,,0,0.000051,69,0.000007,0,1,1,0,1,1
22964825,,0.002673,0,69,0.000114,37,0,37,37,0,37
29561423,,0,0.000051,69,0.000007,0,2,2,0,2,2
29531580,,0,0.000051,69,0.000007,0,1,1,0,1,1
29222541,,0,0.000051,69,0.000007,0,1,1,0,1,1
29203663,,0,0.000051,69,0.000007,0,1,1,0,1,1
29162106,,0,0.000051,69,0.000007,0,1,1,0,1,1
28380434,,0,0.000051,69,0.000007,0,1,1,0,1,1
27737840,,0,0.000051,69,0.000007,0,1,1,0,1,1
27590306,,0,0.000051,69,0.000007,0,1,1,0,1,1
26848254,,0,0.00014,69,0.000007,0,2,2,0,2,2
26668277,,0,0.000051,69,0.000007,0,1,1,0,1,1
25927434,,0,0.000051,69,0.000007,0,1,1,0,1,1
25256223,,0,0.000051,69,0.000007,0,1,1,0,1,1
24115361,,0,0.000051,69,0.000007,0,1,1,0,1,1
22967960,,0.000908,0,69,0.000021,9,0,9,9,0,9
27054934,,0,0.000017,69,0.000007,0,1,1,0,1,1
29987267,,0,0.000009,100,0.000007,0,1,1,0,1,1
22968923,,0.000982,0,1,0.000008,2,0,2,2,0,2
23236361,,0,0.000032,89,0.000007,0,1,1,0,1,1
22974436,,0.000103,0,24,0.000012,2,0,2,2,0,2
30112206,,0,0.000026,232,0.000007,0,1,1,0,1,1
22976806,,0.001388,0,232,0.000048,12,0,12,12,0,12
27478411,,0,0.000026,232,0.000007,0,1,1,0,1,1
27362480,,0,0.000048,232,0.000007,0,2,2,0,2,2
27066453,,0,0.000027,232,0.000007,0,2,2,0,2,2
27043317,,0,0.000048,232,0.000007,0,2,2,0,2,2
24146382,,0,0.000026,232,0.000007,0,1,1,0,1,1
23844915,,0,0.000026,232,0.000007,0,1,1,0,1,1
29963239,,0,0.000002,69,0.000007,0,1,1,0,1,1
28122580,,0,0.000002,69,0.000007,0,1,1,0,1,1
27582466,,0,0.000002,69,0.000007,0,1,1,0,1,1
27078837,,0,0.000002,69,0.000007,0,1,1,0,1,1
26224857,,0,0.000002,69,0.000007,0,1,1,0,1,1
26110583,,0,0.000002,69,0.000007,0,1,1,0,1,1
25461536,,0,0.000002,69,0.000007,0,1,1,0,1,1
24490110,,0,0.000002,69,0.000007,0,1,1,0,1,1
24361275,,0,0.000002,69,0.000007,0,1,1,0,1,1
23695684,,0,0.000002,69,0.000007,0,1,1,0,1,1
23640892,,0,0.000002,69,0.000007,0,1,1,0,1,1
22982855,,0.000188,0,5,0.000014,5,0,5,5,0,5
25739041,,0,0.000265,1,0.000007,0,1,1,0,1,1
30197656,,0,0.000001,89,0.000007,0,2,2,0,2,2
28967713,,0,0.000001,89,0.000007,0,1,1,0,1,1
28454580,,0,0.000001,89,0.000007,0,2,2,0,2,2
27432256,,0,0.000001,89,0.000007,0,1,1,0,1,1
25250047,,0,0.000001,89,0.000007,0,1,1,0,1,1
23948096,,0,0.000001,89,0.000007,0,1,1,0,1,1
26453190,,0,0.000008,279,0.000007,0,1,1,0,1,1
25908243,,0,0.000008,279,0.000007,0,1,1,0,1,1
23802127,,0,0.000008,279,0.000007,0,1,1,0,1,1
27643482,,0,0.000018,5,0.000007,0,1,1,0,1,1
28301263,,0,0.000047,100,0.000007,0,1,1,0,1,1
27956700,,0,0.000047,100,0.000007,0,1,1,0,1,1
27788210,,0,0.000152,100,0.000007,0,3,3,0,3,3
27680298,,0,0.000047,100,0.000007,0,1,1,0,1,1
27307198,,0,0.000047,100,0.000007,0,1,1,0,1,1
26907683,,0,0.000047,100,0.000007,0,1,1,0,1,1
26906453,,0,0.000047,100,0.000007,0,1,1,0,1,1
26564400,,0,0.000047,100,0.000007,0,1,1,0,1,1
26213846,,0,0.000047,100,0.000007,0,1,1,0,1,1
26173972,,0,0.000047,100,0.000007,0,1,1,0,1,1
25848750,,0,0.000047,100,0.000007,0,1,1,0,1,1
25277197,,0,0.000047,100,0.000007,0,2,2,0,2,2
24992933,,0,0.000047,100,0.000007,0,1,1,0,1,1
23908377,,0,0.000047,100,0.000007,0,1,1,0,1,1
23515529,,0,0.000047,100,0.000007,0,1,1,0,1,1
23006047,,0.000676,0,1,0.00002,7,0,7,7,0,7
24626475,,0,0.000124,1,0.000007,0,2,2,0,2,2
29098528,,0,0.000006,5,0.000007,0,2,2,0,2,2
28503254,,0,0.000005,5,0.000007,0,1,1,0,1,1
28498013,,0,0.000005,5,0.000007,0,1,1,0,1,1
27182510,,0,0.000005,5,0.000007,0,1,1,0,1,1
24623991,,0,0.000005,5,0.000007,0,1,1,0,1,1
23009828,,0.000535,0,5,0.000009,5,0,5,5,0,5
30197478,,0,0.00003,35,0.000007,0,1,1,0,1,1
30180179,,0,0.00003,35,0.000007,0,1,1,0,1,1
29900098,,0,0.00003,35,0.000007,0,2,2,0,2,2
29699939,,0,0.00003,35,0.000007,0,1,1,0,1,1
29685144,,0,0.00003,35,0.000007,0,1,1,0,1,1
29269400,,0,0.00003,35,0.000007,0,1,1,0,1,1
29258163,,0,0.00003,35,0.000007,0,1,1,0,1,1
29187891,,0,0.00003,35,0.000007,0,1,1,0,1,1
29164272,,0,0.00003,35,0.000007,0,1,1,0,1,1
29085490,,0,0.00003,35,0.000007,0,1,1,0,1,1
28849004,,0,0.00003,35,0.000007,0,1,1,0,1,1
28821798,,0,0.00003,35,0.000007,0,1,1,0,1,1
28614624,,0,0.00003,35,0.000007,0,1,1,0,1,1
28481366,,0,0.00003,35,0.000007,0,1,1,0,1,1
28386341,,0,0.00003,35,0.000007,0,1,1,0,1,1
28371195,,0,0.00003,35,0.000007,0,1,1,0,1,1
28280366,,0,0.00003,35,0.000007,0,1,1,0,1,1
28176759,,0,0.00003,35,0.000007,0,1,1,0,1,1
27878953,,0,0.00003,35,0.000007,0,1,1,0,1,1
27749822,,0,0.00003,35,0.000007,0,1,1,0,1,1
27617575,,0,0.00003,35,0.000007,0,1,1,0,1,1
27375009,,0,0.00003,35,0.000007,0,1,1,0,1,1
27335258,,0,0.00003,35,0.000007,0,1,1,0,1,1
27308339,,0,0.000036,279,0.000007,0,2,2,0,2,2
27276715,,0,0.000035,24,0.000007,0,2,2,0,2,2
27139420,,0,0.00003,35,0.000007,0,1,1,0,1,1
27077888,,0,0.00003,35,0.000007,0,1,1,0,1,1
26998997,,0,0.00003,35,0.000007,0,1,1,0,1,1
26685284,,0,0.00003,35,0.000007,0,1,1,0,1,1
26365188,,0,0.00003,35,0.000007,0,1,1,0,1,1
26194471,,0,0.00003,35,0.000007,0,1,1,0,1,1
26125440,,0,0.00003,35,0.000007,0,1,1,0,1,1
26071485,,0,0.00003,35,0.000007,0,1,1,0,1,1
25984514,,0,0.00003,35,0.000007,0,1,1,0,1,1
25961594,,0,0.00003,35,0.000007,0,1,1,0,1,1
25871400,,0,0.00003,35,0.000007,0,1,1,0,1,1
25827072,,0,0.00003,35,0.000007,0,1,1,0,1,1
25667101,,0,0.00003,35,0.000007,0,1,1,0,1,1
25623554,,0,0.00003,35,0.000007,0,1,1,0,1,1
25425619,,0,0.00003,35,0.000007,0,1,1,0,1,1
25277196,,0,0.00003,35,0.000007,0,1,1,0,1,1
25249658,,0,0.00003,35,0.000007,0,1,1,0,1,1
25081188,,0,0.00003,35,0.000007,0,1,1,0,1,1
24932308,,0,0.00003,35,0.000007,0,1,1,0,1,1
24916694,,0,0.00003,35,0.000007,0,1,1,0,1,1
24894949,,0,0.00003,35,0.000007,0,1,1,0,1,1
24805308,,0,0.00003,35,0.000007,0,1,1,0,1,1
24802872,,0,0.00003,35,0.000007,0,1,1,0,1,1
24742667,,0,0.00003,35,0.000007,0,1,1,0,1,1
24681249,,0,0.00003,35,0.000007,0,1,1,0,1,1
24655585,,0,0.00003,35,0.000007,0,1,1,0,1,1
24571487,,0,0.00003,35,0.000007,0,1,1,0,1,1
24179490,,0,0.00003,35,0.000007,0,1,1,0,1,1
23966293,,0,0.00003,35,0.000007,0,1,1,0,1,1
23928305,,0,0.00003,35,0.000007,0,1,1,0,1,1
23851495,,0,0.00003,35,0.000007,0,1,1,0,1,1
23810553,,0,0.00003,35,0.000007,0,1,1,0,1,1
23303309,,0,0.00003,35,0.000007,0,1,1,0,1,1
23012299,,0.000079,0,35,0.000022,5,0,5,5,0,5
25663944,,0,0.000001,35,0.000007,0,1,1,0,1,1
30241470,,0,0.000034,35,0.000007,0,1,1,0,1,1
23012300,,0.00178,0,35,0.000144,39,0,39,39,0,39
30042378,,0,0.000123,35,0.000007,0,2,2,0,2,2
29657945,,0,0.000083,35,0.000007,0,2,2,0,2,2
29456703,,0,0.000046,35,0.000007,0,2,2,0,2,2
29096247,,0,0.000034,35,0.000007,0,1,1,0,1,1
29088804,,0,0.000198,35,0.000007,0,4,4,0,4,4
28927763,,0,0.000034,35,0.000007,0,1,1,0,1,1
28915644,,0,0.000034,35,0.000007,0,1,1,0,1,1
28706483,,0,0.000034,35,0.000007,0,1,1,0,1,1
28246950,,0,0.000034,35,0.000007,0,1,1,0,1,1
27994645,,0,0.000034,35,0.000007,0,1,1,0,1,1
27570675,,0,0.000034,35,0.000007,0,1,1,0,1,1
27426056,,0,0.000034,35,0.000007,0,1,1,0,1,1
27124410,,0,0.000034,35,0.000007,0,1,1,0,1,1
26787319,,0,0.000091,35,0.000007,0,2,2,0,2,2
26780081,,0,0.000034,35,0.000007,0,1,1,0,1,1
25820519,,0,0.000034,35,0.000007,0,1,1,0,1,1
25655918,,0,0.000049,35,0.000007,0,2,2,0,2,2
24952368,,0,0.000034,35,0.000007,0,1,1,0,1,1
24469723,,0,0.000034,35,0.000007,0,1,1,0,1,1
23785100,,0,0.000034,35,0.000007,0,1,1,0,1,1
30294328,,0,0.000049,35,0.000007,0,1,1,0,1,1
23012302,,0.002592,0,35,0.000251,69,0,69,69,0,69
30254295,,0,0.000049,35,0.000007,0,1,1,0,1,1
29435304,,0,0.000049,35,0.000007,0,1,1,0,1,1
29416611,,0,0.000123,35,0.000007,0,2,2,0,2,2
29333297,,0,0.000049,35,0.000007,0,1,1,0,1,1
29063313,,0,0.000049,35,0.000007,0,1,1,0,1,1
28868349,,0,0.000049,35,0.000007,0,1,1,0,1,1
28594844,,0,0.000055,35,0.000007,0,2,2,0,2,2
28560447,,0,0.000049,35,0.000007,0,1,1,0,1,1
28422142,,0,0.000114,35,0.000007,0,2,2,0,2,2
28291390,,0,0.000306,35,0.000007,0,3,3,0,3,3
28056401,,0,0.000049,35,0.000007,0,1,1,0,1,1
28054666,,0,0.000049,35,0.000007,0,1,1,0,1,1
27871326,,0,0.000049,35,0.000007,0,1,1,0,1,1
27841317,,0,0.000049,35,0.000007,0,1,1,0,1,1
27669323,,0,0.000049,35,0.000007,0,1,1,0,1,1
27654639,,0,0.000049,35,0.000007,0,1,1,0,1,1
27641360,,0,0.000049,35,0.000007,0,1,1,0,1,1
27618486,,0,0.000049,35,0.000007,0,1,1,0,1,1
27049755,,0,0.000094,35,0.000007,0,2,2,0,2,2
26887956,,0,0.000049,35,0.000007,0,1,1,0,1,1
26771559,,0,0.000064,35,0.000007,0,3,3,0,3,3
26623560,,0,0.000049,35,0.000007,0,1,1,0,1,1
26427334,,0,0.000049,35,0.000007,0,1,1,0,1,1
26229077,,0,0.000049,35,0.000007,0,1,1,0,1,1
26178079,,0,0.000049,35,0.000007,0,1,1,0,1,1
26024531,,0,0.000049,35,0.000007,0,1,1,0,1,1
25140317,,0,0.000049,35,0.000007,0,1,1,0,1,1
24925028,,0,0.000049,35,0.000007,0,1,1,0,1,1
24669276,,0,0.000049,35,0.000007,0,1,1,0,1,1
24505235,,0,0.000049,35,0.000007,0,1,1,0,1,1
23658121,,0,0.000049,35,0.000007,0,1,1,0,1,1
23012305,,0.003389,0,35,0.000216,61,0,61,61,0,61
30023509,,0,0.000065,35,0.000007,0,1,1,0,1,1
29942396,,0,0.000065,35,0.000007,0,1,1,0,1,1
29920512,,0,0.000351,35,0.000007,0,3,3,0,3,3
29666962,,0,0.000065,35,0.000007,0,1,1,0,1,1
29392581,,0,0.000179,35,0.000007,0,3,3,0,3,3
29301388,,0,0.000065,35,0.000007,0,1,1,0,1,1
29281924,,0,0.000065,35,0.000007,0,1,1,0,1,1
29207686,,0,0.000065,35,0.000007,0,1,1,0,1,1
29190967,,0,0.000197,35,0.000007,0,3,3,0,3,3
29156817,,0,0.000115,35,0.000007,0,2,2,0,2,2
28848040,,0,0.000065,35,0.000007,0,1,1,0,1,1
28771532,,0,0.000065,35,0.000007,0,1,1,0,1,1
27687593,,0,0.000065,35,0.000007,0,1,1,0,1,1
27590506,,0,0.000065,35,0.000007,0,1,1,0,1,1
27448975,,0,0.000065,35,0.000007,0,1,1,0,1,1
27444576,,0,0.000065,35,0.000007,0,1,1,0,1,1
27186432,,0,0.000065,35,0.000007,0,1,1,0,1,1
27141367,,0,0.000121,35,0.000007,0,2,2,0,2,2
26915292,,0,0.000065,35,0.000007,0,1,1,0,1,1
26813959,,0,0.000065,35,0.000007,0,1,1,0,1,1
26678395,,0,0.000065,35,0.000007,0,1,1,0,1,1
26366408,,0,0.000065,35,0.000007,0,1,1,0,1,1
26077647,,0,0.000065,35,0.000007,0,1,1,0,1,1
25984950,,0,0.000065,35,0.000007,0,1,1,0,1,1
25776849,,0,0.000121,35,0.000007,0,2,2,0,2,2
25594058,,0,0.000065,35,0.000007,0,1,1,0,1,1
25493229,,0,0.000065,35,0.000007,0,1,1,0,1,1
24270350,,0,0.000065,35,0.000007,0,1,1,0,1,1
23012306,,0.002973,0,35,0.000411,131,0,131,131,0,131
30269472,,0,0.000131,35,0.000007,0,3,3,0,3,3
30108501,,0,0.000057,35,0.000007,0,1,1,0,1,1
29731798,,0,0.000057,35,0.000007,0,1,1,0,1,1
29641256,,0,0.000057,35,0.000007,0,1,1,0,1,1
29605826,,0,0.000059,35,0.000007,0,3,3,0,3,3
29593419,,0,0.000067,35,0.000007,0,2,2,0,2,2
29444670,,0,0.000063,35,0.000007,0,2,2,0,2,2
29422613,,0,0.000057,35,0.000007,0,1,1,0,1,1
29394271,,0,0.000063,35,0.000007,0,2,2,0,2,2
29387716,,0,0.000057,35,0.000007,0,1,1,0,1,1
29327101,,0,0.000057,35,0.000007,0,2,2,0,2,2
29178343,,0,0.000057,35,0.000007,0,1,1,0,1,1
28957036,,0,0.000157,35,0.000007,0,4,4,0,4,4
28886271,,0,0.000059,72,0.000007,0,2,2,0,2,2
28720217,,0,0.000057,35,0.000007,0,1,1,0,1,1
28717728,,0,0.000057,35,0.000007,0,1,1,0,1,1
28571042,,0,0.000057,35,0.000007,0,1,1,0,1,1
28350049,,0,0.00006,35,0.000007,0,2,2,0,2,2
28302531,,0,0.000133,35,0.000007,0,3,3,0,3,3
28085956,,0,0.000133,72,0.000007,0,4,4,0,4,4
27904868,,0,0.000057,35,0.000007,0,1,1,0,1,1
27703373,,0,0.000057,35,0.000007,0,1,1,0,1,1
27648143,,0,0.000057,35,0.000007,0,1,1,0,1,1
27468688,,0,0.000057,35,0.000007,0,1,1,0,1,1
27255533,,0,0.000057,35,0.000007,0,1,1,0,1,1
27147816,,0,0.000057,35,0.000007,0,1,1,0,1,1
27057482,,0,0.000057,35,0.000007,0,1,1,0,1,1
27050075,,0,0.000068,35,0.000007,0,2,2,0,2,2
26840088,,0,0.000057,35,0.000007,0,1,1,0,1,1
26741869,,0,0.000057,35,0.000007,0,1,1,0,1,1
26635900,,0,0.000057,35,0.000007,0,1,1,0,1,1
26621544,,0,0.000057,35,0.000007,0,1,1,0,1,1
26360370,,0,0.000057,35,0.000007,0,1,1,0,1,1
26185437,,0,0.000057,35,0.000007,0,1,1,0,1,1
25777420,,0,0.000058,90,0.000007,0,2,2,0,2,2
25368231,,0,0.000057,35,0.000007,0,1,1,0,1,1
25304315,,0,0.000057,35,0.000007,0,1,1,0,1,1
25276355,,0,0.000057,35,0.000007,0,1,1,0,1,1
25038768,,0,0.000057,35,0.000007,0,1,1,0,1,1
25009752,,0,0.000057,35,0.000007,0,1,1,0,1,1
24648765,,0,0.000057,35,0.000007,0,1,1,0,1,1
24603540,,0,0.000057,35,0.000007,0,1,1,0,1,1
24477211,,0,0.000057,35,0.000007,0,1,1,0,1,1
24248692,,0,0.000057,35,0.000007,0,1,1,0,1,1
24144228,,0,0.000057,35,0.000007,0,1,1,0,1,1
23014523,,0.00025,0,279,0.000068,14,0,14,14,0,14
28331529,,0,0.000005,279,0.000007,0,1,1,0,1,1
28149760,,0,0.000005,279,0.000007,0,1,1,0,1,1
26356673,,0,0.000005,279,0.000007,0,1,1,0,1,1
25332979,,0,0.000005,279,0.000007,0,1,1,0,1,1
25084836,,0,0.000005,279,0.000007,0,1,1,0,1,1
24205045,,0,0.000005,279,0.000007,0,1,1,0,1,1
26089079,,0,0.000006,100,0.000007,0,1,1,0,1,1
25984843,,0,0.000002,5,0.000007,0,1,1,0,1,1
23034506,,0.000333,0,89,0.000027,9,0,9,9,0,9
29900032,,0,0,205,0.000007,0,1,1,0,1,1
29512865,,0,0,205,0.000007,0,1,1,0,1,1
29214122,,0,0,205,0.000007,0,1,1,0,1,1
28640700,,0,0,205,0.000007,0,1,1,0,1,1
28616389,,0,0,205,0.000007,0,1,1,0,1,1
28546722,,0,0,205,0.000007,0,1,1,0,1,1
28454108,,0,0,205,0.000007,0,1,1,0,1,1
28213670,,0,0,205,0.000007,0,1,1,0,1,1
27921248,,0,0,205,0.000007,0,1,1,0,1,1
27158577,,0,0,205,0.000007,0,1,1,0,1,1
26992069,,0,0,205,0.000007,0,1,1,0,1,1
26625155,,0,0,205,0.000007,0,1,1,0,1,1
25884485,,0,0,205,0.000007,0,1,1,0,1,1
25851896,,0,0,205,0.000007,0,1,1,0,1,1
25038505,,0,0,205,0.000007,0,1,1,0,1,1
27890964,,0,0.000002,5,0.000007,0,1,1,0,1,1
25327560,,0,0.000002,5,0.000007,0,1,1,0,1,1
27164115,,0,0,90,0.000007,0,1,1,0,1,1
23043449,,0.000068,0,5,0.000015,8,0,8,8,0,8
26606424,,0,0.000296,5,0.000007,0,3,3,0,3,3
29191971,,0,0.000746,1,0.000007,0,2,2,0,2,2
29132872,,0,0.001028,1,0.000007,0,4,4,0,4,4
26864208,,0,0.000607,1,0.000007,0,1,1,0,1,1
23690819,,0,0.000607,1,0.000007,0,1,1,0,1,1
29971237,,0,0.00002,279,0.000007,0,1,1,0,1,1
29628997,,0,0.00002,279,0.000007,0,1,1,0,1,1
23860378,,0,0.000091,279,0.000007,0,3,3,0,3,3
23574724,,0,0.00002,279,0.000007,0,1,1,0,1,1
23388463,,0,0.000091,1,0.000007,0,3,3,0,3,3
23257779,,0,0.000041,1,0.000007,0,2,2,0,2,2
23172368,,0,0.00002,279,0.000007,0,1,1,0,1,1
29483829,,0,0.00002,1,0.000007,0,1,1,0,1,1
28260082,,0,0.00002,1,0.000007,0,1,1,0,1,1
27074587,,0,0.00002,1,0.000007,0,1,1,0,1,1
25919140,,0,0.00002,1,0.000007,0,1,1,0,1,1
25281618,,0,0.00002,1,0.000007,0,1,1,0,1,1
25035848,,0,0.00002,1,0.000007,0,1,1,0,1,1
24455478,,0,0.00002,1,0.000007,0,1,1,0,1,1
23994756,,0,0.00002,1,0.000007,0,1,1,0,1,1
23896568,,0,0.000078,1,0.000007,0,3,3,0,3,3
23574725,,0,0.00007,1,0.000007,0,2,2,0,2,2
29147930,,0,0.000003,231,0.000007,0,1,1,0,1,1
23050611,,0.000138,0,231,0.000014,3,0,3,3,0,3
30012177,,0,0,251,0.000007,0,1,1,0,1,1
23053941,,0,0,251,0.000025,3,0,3,3,0,3
25663546,,0,0,251,0.000007,0,1,1,0,1,1
24945754,,0,0,251,0.000007,0,1,1,0,1,1
28500786,,0,0.000053,1,0.000007,0,1,1,0,1,1
23054243,,0.001966,0,231,0.000023,14,0,14,14,0,14
27589940,,0,0.000408,231,0.000007,0,4,4,0,4,4
29176614,,0,0.000032,100,0.000007,0,1,1,0,1,1
26283732,,0,0.000032,100,0.000007,0,1,1,0,1,1
29618732,,0,0.000001,100,0.000007,0,1,1,0,1,1
27033266,,0,0.000005,35,0.000007,0,2,2,0,2,2
29740539,,0,0.000124,1,0.000007,0,1,1,0,1,1
29254238,,0,0.000157,69,0.000007,0,2,2,0,2,2
23057569,,0.000429,0,5,0.00002,11,0,11,11,0,11
25112899,,0,0.000008,5,0.000007,0,1,1,0,1,1
27296891,,0,0.000048,1,0.000007,0,1,1,0,1,1
27940972,,0,0.000001,5,0.000007,0,1,1,0,1,1
25160501,,0,0.000001,5,0.000007,0,1,1,0,1,1
23066998,,0.000277,0,5,0.000012,4,0,4,4,0,4
29879107,,0,0.000122,72,0.000007,0,4,4,0,4,4
29322935,,0,0.000111,1,0.000007,0,1,1,0,1,1
27195613,,0,0.000111,1,0.000007,0,1,1,0,1,1
25932043,,0,0.000111,1,0.000007,0,1,1,0,1,1
24755555,,0,0.000111,1,0.000007,0,1,1,0,1,1
28697764,,0,0,90,0.000007,0,1,1,0,1,1
23069884,,0.000012,0,90,0.00002,3,0,3,3,0,3
23226626,,0,0,90,0.000007,0,1,1,0,1,1
29844133,,0,0.000053,100,0.000007,0,1,1,0,1,1
29559730,,0,0.000409,35,0.000007,0,4,4,0,4,4
29245274,,0,0.000053,100,0.000007,0,1,1,0,1,1
29036368,,0,0.000053,100,0.000007,0,1,1,0,1,1
28794284,,0,0.000053,100,0.000007,0,1,1,0,1,1
28551686,,0,0.000491,100,0.000007,0,6,6,0,6,6
27984746,,0,0.000418,100,0.000007,0,4,4,0,4,4
27708411,,0,0.000327,100,0.000007,0,2,2,0,2,2
27657132,,0,0.000054,184,0.000007,0,2,2,0,2,2
26629180,,0,0.000053,100,0.000007,0,1,1,0,1,1
26013599,,0,0.000053,100,0.000007,0,1,1,0,1,1
25793373,,0,0.000094,1,0.000007,0,2,2,0,2,2
25135846,,0,0.000053,100,0.000007,0,1,1,0,1,1
24748152,,0,0.000053,100,0.000007,0,1,1,0,1,1
27833902,,0,0.000165,24,0.000007,0,2,2,0,2,2
26824320,,0,0.000165,1,0.000007,0,1,1,0,1,1
24864230,,0,0.000165,1,0.000007,0,1,1,0,1,1
29903985,,0,0.000004,100,0.000007,0,1,1,0,1,1
26971997,,0,0.000004,100,0.000007,0,1,1,0,1,1
24465226,,0,0.000041,100,0.000007,0,2,2,0,2,2
24413057,,0,0.000004,100,0.000007,0,1,1,0,1,1
28982360,,0,0.000006,5,0.000007,0,2,2,0,2,2
26857821,,0,0.000004,5,0.000007,0,1,1,0,1,1
26258794,,0,0.000331,5,0.000007,0,3,3,0,3,3
23080033,,0.000378,0,5,0.000008,2,0,2,2,0,2
28798539,,0,0,252,0.000007,0,1,1,0,1,1
23081724,,0,0,252,0.000019,2,0,2,2,0,2
25222033,,0,0,252,0.000007,0,1,1,0,1,1
29299176,,0,0.000014,100,0.000007,0,1,1,0,1,1
26860958,,0,0.000014,100,0.000007,0,1,1,0,1,1
26474281,,0,0.000014,100,0.000007,0,1,1,0,1,1
26460611,,0,0.000014,100,0.000007,0,1,1,0,1,1
25970626,,0,0.000014,100,0.000007,0,1,1,0,1,1
24658274,,0,0.000014,100,0.000007,0,1,1,0,1,1
23087057,,0.002185,0,57,0.000156,36,0,36,36,0,36
29422626,,0,0.000042,57,0.000007,0,1,1,0,1,1
29330883,,0,0.000042,57,0.000007,0,1,1,0,1,1
29100308,,0,0.000042,57,0.000007,0,1,1,0,1,1
28500033,,0,0.000042,57,0.000007,0,1,1,0,1,1
28487562,,0,0.000042,57,0.000007,0,1,1,0,1,1
28439046,,0,0.000042,57,0.000007,0,1,1,0,1,1
28199842,,0,0.000042,57,0.000007,0,1,1,0,1,1
27676292,,0,0.000042,57,0.000007,0,1,1,0,1,1
27556014,,0,0.000042,57,0.000007,0,1,1,0,1,1
27246975,,0,0.000042,57,0.000007,0,1,1,0,1,1
26868295,,0,0.000042,57,0.000007,0,1,1,0,1,1
25918037,,0,0.000042,57,0.000007,0,1,1,0,1,1
25897893,,0,0.000042,57,0.000007,0,1,1,0,1,1
25879784,,0,0.000042,57,0.000007,0,1,1,0,1,1
25245035,,0,0.000042,57,0.000007,0,1,1,0,1,1
25091156,,0,0.000042,57,0.000007,0,1,1,0,1,1
24858343,,0,0.000042,57,0.000007,0,1,1,0,1,1
24204789,,0,0.000042,57,0.000007,0,1,1,0,1,1
24067978,,0,0.000042,57,0.000007,0,1,1,0,1,1
23716589,,0,0.000042,57,0.000007,0,1,1,0,1,1
23091104,,0.000428,0,205,0.000009,4,0,4,4,0,4
23093327,,0.001589,0,100,0.00002,13,0,13,13,0,13
23096355,,0.001271,0,89,0.00001,12,0,12,12,0,12
28984209,,0,0,24,0.000007,0,1,1,0,1,1
23098063,,0,0,24,0.000028,4,0,4,4,0,4
27087825,,0,0,24,0.000007,0,1,1,0,1,1
26353782,,0,0,24,0.000007,0,1,1,0,1,1
24961511,,0,0,24,0.000007,0,2,2,0,2,2
30309438,,0,0.000131,205,0.000007,0,1,1,0,1,1
27673558,,0,0.000157,205,0.000007,0,2,2,0,2,2
29910671,,0,0.000013,57,0.000007,0,1,1,0,1,1
23100467,,0.000676,0,57,0.000193,39,0,39,39,0,39
29547696,,0,0.000013,57,0.000007,0,1,1,0,1,1
29387232,,0,0.000013,57,0.000007,0,1,1,0,1,1
29331584,,0,0.000013,57,0.000007,0,1,1,0,1,1
29301501,,0,0.000013,57,0.000007,0,1,1,0,1,1
29262653,,0,0.000013,57,0.000007,0,1,1,0,1,1
28892104,,0,0.000013,57,0.000007,0,1,1,0,1,1
28292938,,0,0.000013,57,0.000007,0,1,1,0,1,1
27512077,,0,0.000013,57,0.000007,0,1,1,0,1,1
27175263,,0,0.000014,57,0.000007,0,2,2,0,2,2
27129154,,0,0.000013,57,0.000007,0,1,1,0,1,1
27056178,,0,0.000013,57,0.000007,0,1,1,0,1,1
26807316,,0,0.000013,57,0.000007,0,1,1,0,1,1
26346348,,0,0.000013,57,0.000007,0,1,1,0,1,1
26158513,,0,0.000013,57,0.000007,0,1,1,0,1,1
26156395,,0,0.000013,57,0.000007,0,1,1,0,1,1
26045051,,0,0.000123,57,0.000007,0,2,2,0,2,2
25899169,,0,0.000013,57,0.000007,0,1,1,0,1,1
25797246,,0,0.000013,57,0.000007,0,1,1,0,1,1
25624711,,0,0.000013,57,0.000007,0,1,1,0,1,1
25483090,,0,0.000013,57,0.000007,0,1,1,0,1,1
25452302,,0,0.000013,57,0.000007,0,1,1,0,1,1
25394868,,0,0.000013,57,0.000007,0,1,1,0,1,1
25152696,,0,0.000013,57,0.000007,0,1,1,0,1,1
25093192,,0,0.000013,57,0.000007,0,1,1,0,1,1
24525735,,0,0.000013,57,0.000007,0,1,1,0,1,1
24410571,,0,0.000013,57,0.000007,0,1,1,0,1,1
24043623,,0,0.000013,57,0.000007,0,1,1,0,1,1
23381108,,0,0.000013,57,0.000007,0,1,1,0,1,1
23103855,,0.041034,0,1,0.000163,97,0,97,97,0,97
28944311,,0,0.001773,1,0.000007,0,4,4,0,4,4
28069571,,0,0.000782,1,0.000007,0,1,1,0,1,1
28938158,,0,0,253,0.000007,0,1,1,0,1,1
23106910,,0,0,253,0.000037,5,0,5,5,0,5
28532411,,0,0,253,0.000007,0,1,1,0,1,1
28460463,,0,0,253,0.000007,0,1,1,0,1,1
24649018,,0,0,253,0.000007,0,1,1,0,1,1
24555657,,0,0,253,0.000007,0,1,1,0,1,1
28558830,,0,0,231,0.000007,0,1,1,0,1,1
27879268,,0,0,231,0.000007,0,1,1,0,1,1
25873979,,0,0,231,0.000007,0,1,1,0,1,1
24297529,,0,0,231,0.000007,0,1,1,0,1,1
23968248,,0,0,231,0.000007,0,1,1,0,1,1
29350049,,0,0.000055,232,0.000007,0,3,3,0,3,3
29201944,,0,0.000002,232,0.000007,0,1,1,0,1,1
28979814,,0,0.000002,232,0.000007,0,1,1,0,1,1
28207808,,0,0.000002,232,0.000007,0,1,1,0,1,1
26335399,,0,0.000002,232,0.000007,0,1,1,0,1,1
25724429,,0,0.000002,232,0.000007,0,1,1,0,1,1
24403855,,0,0.000002,232,0.000007,0,1,1,0,1,1
29382849,,0,0.00003,231,0.000007,0,1,1,0,1,1
23109704,,0.001576,0,231,0.000045,20,0,20,20,0,20
29302764,,0,0.00003,231,0.000007,0,1,1,0,1,1
27580131,,0,0.00003,279,0.000007,0,3,3,0,3,3
30409155,,0,0.000008,24,0.000007,0,1,1,0,1,1
30076308,,0,0.000008,24,0.000007,0,1,1,0,1,1
29311920,,0,0.000008,24,0.000007,0,1,1,0,1,1
29269484,,0,0.000008,24,0.000007,0,1,1,0,1,1
29179096,,0,0.000008,24,0.000007,0,1,1,0,1,1
28655788,,0,0.000008,24,0.000007,0,1,1,0,1,1
27668427,,0,0.000008,24,0.000007,0,1,1,0,1,1
27112207,,0,0.000008,24,0.000007,0,1,1,0,1,1
26603897,,0,0.000008,24,0.000007,0,1,1,0,1,1
26459030,,0,0.000008,24,0.000007,0,1,1,0,1,1
26357652,,0,0.000008,24,0.000007,0,1,1,0,1,1
25999352,,0,0.000008,24,0.000007,0,1,1,0,1,1
25993439,,0,0.000008,24,0.000007,0,1,1,0,1,1
25986608,,0,0.000008,24,0.000007,0,1,1,0,1,1
25526772,,0,0.000008,24,0.000007,0,1,1,0,1,1
25273840,,0,0.000008,24,0.000007,0,1,1,0,1,1
24394551,,0,0.000008,24,0.000007,0,1,1,0,1,1
24373965,,0,0.000008,24,0.000007,0,1,1,0,1,1
24198241,,0,0.000008,24,0.000007,0,1,1,0,1,1
23402580,,0,0.000008,24,0.000007,0,1,1,0,1,1
23865019,,0,0.000001,89,0.000007,0,1,1,0,1,1
29396668,,0,0.000062,35,0.000007,0,2,2,0,2,2
29123322,,0,0.000048,35,0.000007,0,1,1,0,1,1
27994679,,0,0.000048,35,0.000007,0,1,1,0,1,1
23117300,,0.000233,0,89,0.000007,2,0,2,2,0,2
27710854,,0,0,254,0.000007,0,1,1,0,1,1
23123449,,0,0,254,0.000013,1,0,1,1,0,1
28469326,,0,0,255,0.000007,0,1,1,0,1,1
23126058,,0,0,255,0.000013,1,0,1,1,0,1
26124344,,0,0.000012,5,0.000007,0,1,1,0,1,1
23128816,,0.00006,0,231,0.000007,1,0,1,1,0,1
30363154,,0,0,256,0.000007,0,1,1,0,1,1
23131224,,0,0,256,0.000013,1,0,1,1,0,1
26221232,,0,0.000021,231,0.000007,0,4,4,0,4,4
23131904,,0.000648,0,89,0.000014,8,0,8,8,0,8
30510368,,0,0.000006,279,0.000007,0,1,1,0,1,1
23142414,,0.000305,0,279,0.000087,19,0,19,19,0,19
30325954,,0,0.000006,279,0.000007,0,1,1,0,1,1
30233779,,0,0.000006,279,0.000007,0,1,1,0,1,1
30188895,,0,0.000006,279,0.000007,0,1,1,0,1,1
29594225,,0,0.000006,279,0.000007,0,1,1,0,1,1
29087436,,0,0.000006,279,0.000007,0,2,2,0,2,2
28102840,,0,0.000013,279,0.000007,0,2,2,0,2,2
27756300,,0,0.000006,279,0.000007,0,1,1,0,1,1
27108388,,0,0.000006,279,0.000007,0,1,1,0,1,1
26925128,,0,0.000006,279,0.000007,0,1,1,0,1,1
23863927,,0,0.000006,279,0.000007,0,1,1,0,1,1
23554916,,0,0.000006,279,0.000007,0,1,1,0,1,1
23233734,,0,0.000006,279,0.000007,0,1,1,0,1,1
23146957,,0.000167,0,2,0.000012,3,0,3,3,0,3
28101214,,0,0.001671,1,0.000007,0,4,4,0,4,4
26934315,,0,0.000053,35,0.000007,0,2,2,0,2,2
25623468,,0,0.000052,1,0.000007,0,1,1,0,1,1
24777181,,0,0.000052,1,0.000007,0,1,1,0,1,1
24626090,,0,0.000052,1,0.000007,0,1,1,0,1,1
23149234,,0.000004,0,90,0.000012,2,0,2,2,0,2
28087741,,0,0.000158,90,0.000007,0,3,3,0,3,3
30036379,,0,0.000008,89,0.000007,0,1,1,0,1,1
25415046,,0,0.000008,89,0.000007,0,1,1,0,1,1
28840409,,0,0.000025,5,0.000007,0,3,3,0,3,3
28192596,,0,0.000001,5,0.000007,0,1,1,0,1,1
26491871,,0,0.000001,5,0.000007,0,1,1,0,1,1
24663044,,0,0.000001,5,0.000007,0,1,1,0,1,1
26550436,,0,0,257,0.000007,0,1,1,0,1,1
23151675,,0,0,257,0.000013,1,0,1,1,0,1
23155271,,0.000165,0,24,0.000027,6,0,6,6,0,6
24486217,,0,0.000003,24,0.000007,0,1,1,0,1,1
24124391,,0,0.000003,24,0.000007,0,1,1,0,1,1
29168596,,0,0.000003,100,0.000007,0,1,1,0,1,1
23157317,,0.000148,0,100,0.000014,3,0,3,3,0,3
23160909,,0.000213,0,35,0.00004,11,0,11,11,0,11
26501150,,0,0.000004,35,0.000007,0,1,1,0,1,1
26199339,,0,0.000004,35,0.000007,0,1,1,0,1,1
25071022,,0,0.000004,35,0.000007,0,1,1,0,1,1
24484532,,0,0.000004,35,0.000007,0,1,1,0,1,1
29432467,,0,0.000002,176,0.000007,0,1,1,0,1,1
26604142,,0,0.000002,176,0.000007,0,1,1,0,1,1
25906400,,0,0.000002,176,0.000007,0,1,1,0,1,1
25705150,,0,0.000002,176,0.000007,0,1,1,0,1,1
25106753,,0,0.000002,176,0.000007,0,1,1,0,1,1
24682507,,0,0.000002,176,0.000007,0,1,1,0,1,1
24598232,,0,0.000002,176,0.000007,0,1,1,0,1,1
23165508,,0.029454,0,1,0.000056,57,0,57,57,0,57
28878295,,0,0.001115,1,0.000007,0,2,2,0,2,2
28092682,,0,0.000841,205,0.000007,0,2,2,0,2,2
26223446,,0,0.000562,1,0.000007,0,1,1,0,1,1
23165859,,0.000217,0,1,0.000012,4,0,4,4,0,4
23165893,,0.001064,0,1,0.000011,6,0,6,6,0,6
28447025,,0,0.00005,279,0.000007,0,1,1,0,1,1
26177467,,0,0.00005,279,0.000007,0,1,1,0,1,1
23988267,,0,0.00005,279,0.000007,0,1,1,0,1,1
23974852,,0,0.00005,279,0.000007,0,1,1,0,1,1
25561492,,0,0.000001,35,0.000007,0,1,1,0,1,1
23175448,,0.000449,0,89,0.000009,5,0,5,5,0,5
28318374,,0,0.000004,176,0.000007,0,1,1,0,1,1
27049727,,0,0.000004,176,0.000007,0,1,1,0,1,1
26954683,,0,0.000004,176,0.000007,0,1,1,0,1,1
26732650,,0,0.000004,176,0.000007,0,1,1,0,1,1
26249002,,0,0.000004,176,0.000007,0,1,1,0,1,1
25837326,,0,0.000004,176,0.000007,0,1,1,0,1,1
25348612,,0,0.000004,176,0.000007,0,1,1,0,1,1
24007862,,0,0.000004,176,0.000007,0,1,1,0,1,1
29780892,,0,0.000002,5,0.000007,0,1,1,0,1,1
28212967,,0,0.000002,5,0.000007,0,1,1,0,1,1
27525268,,0,0.000002,5,0.000007,0,1,1,0,1,1
25563222,,0,0.000002,5,0.000007,0,1,1,0,1,1
25485012,,0,0.000002,5,0.000007,0,1,1,0,1,1
24940102,,0,0.000006,5,0.000007,0,2,2,0,2,2
24445286,,0,0.000002,5,0.000007,0,1,1,0,1,1
23182194,,0.000806,0,90,0.000063,24,0,24,24,0,24
29626053,,0,0.000015,90,0.000007,0,1,1,0,1,1
28300758,,0,0.000015,90,0.000007,0,1,1,0,1,1
26306600,,0,0.000015,90,0.000007,0,1,1,0,1,1
25065590,,0,0.000015,90,0.000007,0,1,1,0,1,1
27446970,,0,0.000004,5,0.000007,0,1,1,0,1,1
30282996,,0,0.000001,82,0.000007,0,1,1,0,1,1
23187732,,0.000065,0,82,0.000034,7,0,7,7,0,7
29685151,,0,0.000008,82,0.000007,0,2,2,0,2,2
27602158,,0,0.000001,82,0.000007,0,1,1,0,1,1
26463729,,0,0.000001,82,0.000007,0,1,1,0,1,1
25734985,,0,0.000002,82,0.000007,0,2,2,0,2,2
29379588,,0,0.000006,205,0.000007,0,1,1,0,1,1
28246549,,0,0.000006,205,0.000007,0,1,1,0,1,1
27518363,,0,0.000291,205,0.000007,0,3,3,0,3,3
26840568,,0,0.000006,205,0.000007,0,2,2,0,2,2
26111702,,0,0.000006,205,0.000007,0,1,1,0,1,1
24555976,,0,0.000006,205,0.000007,0,1,1,0,1,1
23192360,,0.000008,0,5,0.000009,2,0,2,2,0,2
23192404,,0.001195,0,35,0.000011,9,0,9,9,0,9
23199081,,0,0.000064,89,0.000007,0,1,1,0,1,1
23200932,,0.002281,0,100,0.000047,24,0,24,24,0,24
29933360,,0,0.000043,100,0.000007,0,1,1,0,1,1
26871287,,0,0.00011,100,0.000007,0,2,2,0,2,2
24709708,,0,0.000043,100,0.000007,0,1,1,0,1,1
29921764,,0,0.000005,100,0.000007,0,1,1,0,1,1
23203849,,0.000155,0,5,0.000009,4,0,4,4,0,4
30200430,,0,0.000011,41,0.000007,0,1,1,0,1,1
29682159,,0,0.000011,41,0.000007,0,1,1,0,1,1
29391414,,0,0.000011,41,0.000007,0,1,1,0,1,1
29054423,,0,0.000011,41,0.000007,0,1,1,0,1,1
28532242,,0,0.000011,41,0.000007,0,1,1,0,1,1
26157675,,0,0.000011,41,0.000007,0,1,1,0,1,1
26053663,,0,0.000011,41,0.000007,0,1,1,0,1,1
25647085,,0,0.000011,41,0.000007,0,1,1,0,1,1
24492200,,0,0.000011,41,0.000007,0,1,1,0,1,1
24273472,,0,0.000011,41,0.000007,0,1,1,0,1,1
24267792,,0,0.000011,41,0.000007,0,1,1,0,1,1
23861820,,0,0.000011,41,0.000007,0,1,1,0,1,1
23552052,,0,0.000011,41,0.000007,0,1,1,0,1,1
24495785,,0,0.000001,5,0.000007,0,1,1,0,1,1
30279700,,0,0.000057,100,0.000007,0,1,1,0,1,1
30201799,,0,0.000057,100,0.000007,0,1,1,0,1,1
29615551,,0,0.000057,100,0.000007,0,1,1,0,1,1
29543760,,0,0.000057,100,0.000007,0,1,1,0,1,1
28475613,,0,0.000057,100,0.000007,0,1,1,0,1,1
27673416,,0,0.000094,100,0.000007,0,2,2,0,2,2
27653698,,0,0.000057,100,0.000007,0,1,1,0,1,1
26642330,,0,0.000057,100,0.000007,0,1,1,0,1,1
26564794,,0,0.000057,100,0.000007,0,1,1,0,1,1
26404184,,0,0.000057,100,0.000007,0,1,1,0,1,1
26148049,,0,0.000057,100,0.000007,0,1,1,0,1,1
25003393,,0,0.000057,100,0.000007,0,1,1,0,1,1
24991536,,0,0.000057,100,0.000007,0,1,1,0,1,1
24196836,,0,0.000057,100,0.000007,0,1,1,0,1,1
24151981,,0,0.000057,100,0.000007,0,1,1,0,1,1
23591848,,0,0.000057,100,0.000007,0,1,1,0,1,1
26453996,,0,0.000013,231,0.000007,0,1,1,0,1,1
30483271,,0,0.000007,35,0.000007,0,1,1,0,1,1
29520155,,0,0.000007,35,0.000007,0,1,1,0,1,1
29289569,,0,0.000007,35,0.000007,0,1,1,0,1,1
29207310,,0,0.000007,35,0.000007,0,1,1,0,1,1
28887153,,0,0.000007,35,0.000007,0,1,1,0,1,1
28845427,,0,0.000007,35,0.000007,0,1,1,0,1,1
28603578,,0,0.000007,35,0.000007,0,1,1,0,1,1
28292435,,0,0.000023,35,0.000007,0,2,2,0,2,2
28123884,,0,0.000007,35,0.000007,0,1,1,0,1,1
28066431,,0,0.000007,35,0.000007,0,1,1,0,1,1
26910919,,0,0.000007,35,0.000007,0,1,1,0,1,1
26752044,,0,0.000007,35,0.000007,0,1,1,0,1,1
26568682,,0,0.000007,35,0.000007,0,1,1,0,1,1
26405599,,0,0.000007,35,0.000007,0,1,1,0,1,1
26317795,,0,0.000007,35,0.000007,0,1,1,0,1,1
26284335,,0,0.000007,35,0.000007,0,1,1,0,1,1
25486426,,0,0.000007,35,0.000007,0,1,1,0,1,1
25415223,,0,0.000007,35,0.000007,0,1,1,0,1,1
25400774,,0,0.000007,35,0.000007,0,1,1,0,1,1
24715380,,0,0.000007,35,0.000007,0,1,1,0,1,1
24565056,,0,0.000007,35,0.000007,0,1,1,0,1,1
24395654,,0,0.000007,35,0.000007,0,1,1,0,1,1
24265713,,0,0.000007,35,0.000007,0,1,1,0,1,1
23216102,,0.000027,0,89,0.000014,2,0,2,2,0,2
23559869,,0,0.000001,89,0.000007,0,1,1,0,1,1
29334616,,0,0.00003,5,0.000007,0,2,2,0,2,2
28077076,,0,0.000021,5,0.000007,0,1,1,0,1,1
23220468,,0.000029,0,5,0.000007,1,0,1,1,0,1
23222093,,0.000161,0,35,0.000039,13,0,13,13,0,13
25389442,,0,0.000027,35,0.000007,0,3,3,0,3,3
24163729,,0,0.000003,35,0.000007,0,1,1,0,1,1
24065145,,0,0.000003,35,0.000007,0,1,1,0,1,1
23224779,,0.000351,0,5,0.000032,9,0,9,9,0,9
28184329,,0,0.000007,5,0.000007,0,1,1,0,1,1
26903758,,0,0.000007,5,0.000007,0,1,1,0,1,1
26782950,,0,0.000007,5,0.000007,0,1,1,0,1,1
28252644,,0,0,72,0.000007,0,1,1,0,1,1
23225145,,0.00001,0,72,0.000021,5,0,5,5,0,5
23225170,,0.000308,0,231,0.000033,16,0,16,16,0,16
29872343,,0,0.00032,231,0.000007,0,3,3,0,3,3
29390357,,0,0.000006,231,0.000007,0,2,2,0,2,2
28521414,,0,0.000007,231,0.000007,0,3,3,0,3,3
28098224,,0,0.000136,69,0.000007,0,3,3,0,3,3
23912956,,0,0.000006,231,0.000007,0,1,1,0,1,1
30128030,,0,0.000012,100,0.000007,0,1,1,0,1,1
29925367,,0,0.000012,100,0.000007,0,1,1,0,1,1
28525742,,0,0.000012,100,0.000007,0,1,1,0,1,1
27788492,,0,0.000187,176,0.000007,0,4,4,0,4,4
26479788,,0,0.000012,100,0.000007,0,1,1,0,1,1
26033450,,0,0.000012,100,0.000007,0,1,1,0,1,1
25942572,,0,0.000036,100,0.000007,0,2,2,0,2,2
24982423,,0,0.000012,100,0.000007,0,1,1,0,1,1
24886089,,0,0.000012,100,0.000007,0,1,1,0,1,1
24790097,,0,0.000012,100,0.000007,0,1,1,0,1,1
28920489,,0,0.000005,35,0.000007,0,2,2,0,2,2
25621201,,0,0,89,0.000007,0,1,1,0,1,1
24765135,,0,0,89,0.000007,0,1,1,0,1,1
29422959,,0,0,258,0.000007,0,1,1,0,1,1
23231516,,0,0,258,0.000043,6,0,6,6,0,6
28344833,,0,0,258,0.000007,0,1,1,0,1,1
28143590,,0,0,258,0.000007,0,1,1,0,1,1
28031919,,0,0,258,0.000007,0,1,1,0,1,1
27853670,,0,0,258,0.000007,0,1,1,0,1,1
24564204,,0,0,258,0.000007,0,1,1,0,1,1
23231788,,0.000707,0,140,0.000011,8,0,8,8,0,8
27589869,,0,0.000002,35,0.000007,0,1,1,0,1,1
24270910,,0,0.000002,35,0.000007,0,1,1,0,1,1
23232752,,0.003372,0,69,0.000025,26,0,26,26,0,26
29770626,,0,0.001949,1,0.000007,0,4,4,0,4,4
23596512,,0,0.000073,1,0.000007,0,1,1,0,1,1
23232912,,0.000288,0,89,0.000008,2,0,2,2,0,2
23233066,,0.000194,0,1,0.000008,1,0,1,1,0,1
28983595,,0,0,292,0.000007,0,2,2,0,2,2
23233170,,0,0,292,0.000043,7,0,7,7,0,7
28287444,,0,0,292,0.000007,0,2,2,0,2,2
27123146,,0,0,292,0.000007,0,1,1,0,1,1
25400429,,0,0,292,0.000007,0,1,1,0,1,1
25354591,,0,0,292,0.000007,0,1,1,0,1,1
25009609,,0,0,292,0.000007,0,1,1,0,1,1
24244715,,0,0,292,0.000007,0,1,1,0,1,1
25077043,,0,0.000089,89,0.000007,0,1,1,0,1,1
29505604,,0,0.00002,140,0.000007,0,2,2,0,2,2
27313609,,0,0.000013,140,0.000007,0,1,1,0,1,1
25031304,,0,0.000013,140,0.000007,0,1,1,0,1,1
24359560,,0.000708,0.000057,205,0.000021,6,2,8,6,2,8
26807560,,0,0.000002,5,0.000007,0,1,1,0,1,1
23240667,,0.000091,0,5,0.000026,5,0,5,5,0,5
26191312,,0,0.000002,5,0.000007,0,1,1,0,1,1
24244552,,0,0.000002,5,0.000007,0,1,1,0,1,1
23242612,,0.000024,0,89,0.00001,2,0,2,2,0,2
27809800,,0,0.000021,1,0.000007,0,1,1,0,1,1
27829214,,0,0.000056,100,0.000007,0,1,1,0,1,1
27810909,,0,0.000056,100,0.000007,0,1,1,0,1,1
27810907,,0,0.000056,100,0.000007,0,1,1,0,1,1
27588518,,0,0.000068,57,0.000007,0,2,2,0,2,2
27563873,,0,0.000056,100,0.000007,0,1,1,0,1,1
24944475,,0,0.000056,35,0.000052,8,1,9,8,1,9
29466940,,0,0.000055,89,0.000007,0,1,1,0,1,1
28243320,,0,0.000055,89,0.000007,0,1,1,0,1,1
27542269,,0,0.000055,89,0.000007,0,1,1,0,1,1
26230854,,0,0.000055,89,0.000007,0,1,1,0,1,1
26082439,,0,0.000055,89,0.000007,0,1,1,0,1,1
25629080,,0,0.000055,89,0.000007,0,1,1,0,1,1
25109789,,0,0.000055,89,0.000007,0,1,1,0,1,1
27806724,,0,0.000135,1,0.000007,0,1,1,0,1,1
30279734,,0,0.000367,69,0.000007,0,2,2,0,2,2
30279327,,0,0.000322,69,0.000007,0,1,1,0,1,1
30237852,,0,0.001054,69,0.000007,0,2,2,0,2,2
30200478,,0,0.000647,69,0.000007,0,3,3,0,3,3
30073045,,0,0.000322,69,0.000007,0,1,1,0,1,1
29802700,,0,0.000322,69,0.000007,0,1,1,0,1,1
29736145,,0,0.000322,69,0.000007,0,1,1,0,1,1
29721393,,0,0.000322,69,0.000007,0,1,1,0,1,1
29685168,,0,0.000322,69,0.000007,0,1,1,0,1,1
29573206,,0,0.000322,69,0.000007,0,1,1,0,1,1
29552125,,0,0.000322,69,0.000007,0,1,1,0,1,1
29485993,,0,0.000322,69,0.000007,0,1,1,0,1,1
29344893,,0,0.000322,69,0.000007,0,1,1,0,1,1
29218878,,0,0.000322,69,0.000007,0,1,1,0,1,1
29095543,,0,0.001054,69,0.000007,0,2,2,0,2,2
29057876,,0,0.000322,69,0.000007,0,1,1,0,1,1
28725636,,0,0.000351,69,0.000007,0,3,3,0,3,3
28416770,,0,0.000322,69,0.000007,0,1,1,0,1,1
28125879,,0,0.000322,69,0.000007,0,1,1,0,1,1
27622044,,0,0.000322,69,0.000007,0,1,1,0,1,1
27609069,,0,0.000322,69,0.000007,0,1,1,0,1,1
27542596,,0,0.000322,69,0.000007,0,1,1,0,1,1
27136531,,0,0.000322,69,0.000007,0,1,1,0,1,1
27090655,,0,0.000322,69,0.000007,0,1,1,0,1,1
26969681,,0,0.000322,69,0.000007,0,1,1,0,1,1
26887977,,0,0.000322,69,0.000007,0,1,1,0,1,1
26823993,,0,0.000322,69,0.000007,0,1,1,0,1,1
26823830,,0,0.000322,69,0.000007,0,1,1,0,1,1
26608184,,0,0.000322,69,0.000007,0,1,1,0,1,1
26503707,,0,0.000322,69,0.000007,0,1,1,0,1,1
26375811,,0,0.000322,69,0.000007,0,1,1,0,1,1
26356564,,0,0.000322,69,0.000007,0,1,1,0,1,1
26348314,,0,0.000322,69,0.000007,0,1,1,0,1,1
25810458,,0,0.000322,69,0.000007,0,1,1,0,1,1
25590811,,0,0.000322,69,0.000007,0,1,1,0,1,1
25343454,,0,0.000322,69,0.000007,0,1,1,0,1,1
25114896,,0,0.000322,69,0.000007,0,1,1,0,1,1
24594074,,0,0.000322,69,0.000007,0,1,1,0,1,1
24156355,,0,0.000322,69,0.000007,0,1,1,0,1,1
23986272,,0,0.000322,69,0.000007,0,1,1,0,1,1
26707081,,0,0.000002,100,0.000007,0,1,1,0,1,1
25828633,,0,0.000002,100,0.000007,0,1,1,0,1,1
23263908,,0.000438,0,279,0.000014,5,0,5,5,0,5
26089602,,0,0.000008,279,0.000007,0,1,1,0,1,1
23264090,,0.000157,0,205,0.000008,2,0,2,2,0,2
23265709,,0.003195,0,1,0.000015,6,0,6,6,0,6
26664382,,0,0.000061,1,0.000007,0,1,1,0,1,1
30167090,,0,0.000096,1,0.000007,0,2,2,0,2,2
27484730,,0,0.000186,1,0.000007,0,2,2,0,2,2
24019948,,0,0.000096,1,0.000007,0,1,1,0,1,1
26734565,,0,0.000009,5,0.000007,0,1,1,0,1,1
26178712,,0,0.000009,5,0.000007,0,1,1,0,1,1
25666939,,0,0.000009,5,0.000007,0,1,1,0,1,1
25435968,,0,0.000073,5,0.000007,0,2,2,0,2,2
27087654,,0,0.000058,69,0.000007,0,3,3,0,3,3
24761219,,0,0.000011,5,0.000007,0,1,1,0,1,1
24934762,,0,0.000001,100,0.000007,0,1,1,0,1,1
24667108,,0,0.000001,100,0.000007,0,1,1,0,1,1
23915145,,0,0.000001,100,0.000007,0,1,1,0,1,1
23659667,,0,0.000001,100,0.000007,0,1,1,0,1,1
23635316,,0,0.000001,100,0.000007,0,1,1,0,1,1
23566354,,0,0.000001,100,0.000007,0,1,1,0,1,1
23277170,,0.000261,0,367,0.000171,42,0,42,42,0,42
30269473,,0,0.000005,367,0.000007,0,1,1,0,1,1
30069451,,0,0.000005,367,0.000007,0,1,1,0,1,1
29872726,,0,0.000005,367,0.000007,0,1,1,0,1,1
29467873,,0,0.000005,367,0.000007,0,1,1,0,1,1
29281872,,0,0.000005,367,0.000007,0,1,1,0,1,1
29018224,,0,0.000005,367,0.000007,0,1,1,0,1,1
27563445,,0,0.000005,367,0.000007,0,1,1,0,1,1
27047932,,0,0.000005,367,0.000007,0,1,1,0,1,1
27020384,,0,0.000005,367,0.000007,0,1,1,0,1,1
26982343,,0,0.000284,367,0.000007,0,2,2,0,2,2
26904454,,0,0.000005,367,0.000007,0,1,1,0,1,1
26765459,,0,0.000005,367,0.000007,0,1,1,0,1,1
26743471,,0,0.000005,367,0.000007,0,1,1,0,1,1
26680512,,0,0.000023,367,0.000007,0,2,2,0,2,2
26226841,,0,0.000005,367,0.000007,0,1,1,0,1,1
25823924,,0,0.000005,367,0.000007,0,1,1,0,1,1
25798586,,0,0.000005,367,0.000007,0,1,1,0,1,1
25536104,,0,0.000005,367,0.000007,0,1,1,0,1,1
24868444,,0,0.000005,367,0.000007,0,1,1,0,1,1
24713608,,0,0.000005,367,0.000007,0,1,1,0,1,1
24243779,,0,0.000005,367,0.000007,0,1,1,0,1,1
24185509,,0,0.000005,367,0.000007,0,1,1,0,1,1
26901225,,0,0.000007,24,0.000007,0,2,2,0,2,2
23277402,,0.000007,0,367,0.000021,5,0,5,5,0,5
23899403,,0,0,367,0.000007,0,1,1,0,1,1
26853494,,0,0,35,0.000007,0,1,1,0,1,1
26126266,,0,0,35,0.000007,0,1,1,0,1,1
23292077,,0.000007,0,231,0.000008,1,0,1,1,0,1
23292082,,0.000325,0,82,0.000086,22,0,22,22,0,22
29298992,,0,0.000006,82,0.000007,0,1,1,0,1,1
29259341,,0,0.000006,82,0.000007,0,1,1,0,1,1
28798948,,0,0.000006,82,0.000007,0,1,1,0,1,1
28657667,,0,0.001348,1,0.000007,0,7,7,0,7,7
28272408,,0,0.000006,82,0.000007,0,1,1,0,1,1
26517352,,0,0.000006,82,0.000007,0,1,1,0,1,1
26108461,,0,0.000006,82,0.000007,0,1,1,0,1,1
25629170,,0,0.000006,82,0.000007,0,1,1,0,1,1
25335771,,0,0.000006,82,0.000007,0,1,1,0,1,1
24818853,,0,0.000006,82,0.000007,0,1,1,0,1,1
23292835,,0.000131,0,100,0.000017,7,0,7,7,0,7
27403158,,0,0.000003,176,0.000007,0,3,3,0,3,3
23292943,,0.000003,0,5,0.000009,1,0,1,1,0,1
29392580,,0,0.000004,5,0.000007,0,1,1,0,1,1
23293217,,0.0002,0,5,0.000019,4,0,4,4,0,4
24535681,,0,0.000004,5,0.000007,0,1,1,0,1,1
29872322,,0,0.000004,176,0.000007,0,1,1,0,1,1
23296058,,0.000208,0,176,0.000022,7,0,7,7,0,7
28529555,,0,0,48,0.000007,0,1,1,0,1,1
25477201,,0,0.000005,279,0.000007,0,2,2,0,2,2
25867136,,0,0,35,0.000007,0,1,1,0,1,1
30277458,,0,0.00042,100,0.000007,0,2,2,0,2,2
30254264,,0,0.000866,100,0.000007,0,10,10,0,10,10
30104203,,0,0.000622,100,0.000007,0,4,4,0,4,4
30075819,,0,0.000398,100,0.000007,0,1,1,0,1,1
30006622,,0,0.000398,100,0.000007,0,1,1,0,1,1
29992129,,0,0.00052,100,0.000007,0,3,3,0,3,3
29855463,,0,0.000398,100,0.000007,0,1,1,0,1,1
29746464,,0,0.000398,100,0.000007,0,1,1,0,1,1
29544213,,0,0.000398,100,0.000007,0,1,1,0,1,1
29423082,,0,0.000579,100,0.000007,0,3,3,0,3,3
29348174,,0,0.000398,100,0.000007,0,1,1,0,1,1
29291010,,0,0.000398,100,0.000007,0,1,1,0,1,1
29103969,,0,0.000398,100,0.000007,0,1,1,0,1,1
29040764,,0,0.000398,100,0.000007,0,1,1,0,1,1
28985363,,0,0.000403,100,0.000007,0,2,2,0,2,2
28522851,,0,0.000398,100,0.000007,0,1,1,0,1,1
28180297,,0,0.000398,100,0.000007,0,1,1,0,1,1
28077461,,0,0.000398,100,0.000007,0,1,1,0,1,1
27923209,,0,0.000398,100,0.000007,0,1,1,0,1,1
27821478,,0.00002,0.00048,100,0.00002,3,2,5,3,2,5
27677594,,0,0.000398,100,0.000007,0,1,1,0,1,1
27396625,,0,0.000398,100,0.000007,0,1,1,0,1,1
27320927,,0,0.000398,100,0.000007,0,1,1,0,1,1
27308403,,0,0.000398,100,0.000007,0,1,1,0,1,1
27308342,,0,0.000474,100,0.000007,0,2,2,0,2,2
27257076,,0,0.000398,100,0.000007,0,1,1,0,1,1
27160905,,0,0.000398,100,0.000007,0,1,1,0,1,1
27098497,,0,0.000398,100,0.000007,0,1,1,0,1,1
27066066,,0,0.000398,100,0.000007,0,1,1,0,1,1
27004475,,0,0.000398,100,0.000007,0,1,1,0,1,1
26786103,,0,0.000398,100,0.000007,0,1,1,0,1,1
26778124,,0,0.000785,100,0.000007,0,2,2,0,2,2
26725008,,0,0.000398,100,0.000007,0,1,1,0,1,1
26490958,,0,0.000398,100,0.000007,0,1,1,0,1,1
26294668,,0,0.000398,100,0.000007,0,1,1,0,1,1
26104555,,0,0.000398,100,0.000007,0,1,1,0,1,1
26068472,,0,0.00048,100,0.000007,0,2,2,0,2,2
26022086,,0,0.000398,100,0.000007,0,1,1,0,1,1
25925573,,0,0.000398,100,0.000007,0,1,1,0,1,1
25799990,,0,0.000398,100,0.000007,0,1,1,0,1,1
25359579,,0,0.000398,100,0.000007,0,1,1,0,1,1
25228584,,0,0.000398,100,0.000007,0,1,1,0,1,1
25170435,,0,0.000398,100,0.000007,0,1,1,0,1,1
25122752,,0,0.000398,100,0.000007,0,1,1,0,1,1
24769453,,0,0.000398,100,0.000007,0,1,1,0,1,1
24735877,,0,0.000398,100,0.000007,0,1,1,0,1,1
24692507,,0,0.000398,100,0.000007,0,1,1,0,1,1
24608870,,0,0.000398,100,0.000007,0,1,1,0,1,1
24507154,,0,0.000398,100,0.000007,0,1,1,0,1,1
24469810,,0,0.000398,100,0.000007,0,1,1,0,1,1
24395638,,0,0.000398,100,0.000007,0,1,1,0,1,1
24120135,,0,0.000398,100,0.000007,0,1,1,0,1,1
24025402,,0,0.000398,100,0.000007,0,1,1,0,1,1
23846307,,0,0.000398,100,0.000007,0,1,1,0,1,1
29556330,,0,0.000007,24,0.000007,0,1,1,0,1,1
29416669,,0,0.000007,24,0.000007,0,1,1,0,1,1
28333014,,0,0.000007,24,0.000007,0,1,1,0,1,1
25771414,,0,0.000007,24,0.000007,0,1,1,0,1,1
29784639,,0,0.000459,1,0.000013,1,6,7,1,6,7
23315029,,0.005858,0,1,0.000038,19,0,19,19,0,19
29483558,,0,0.000117,1,0.000007,0,3,3,0,3,3
27440880,,0,0.000112,1,0.000007,0,1,1,0,1,1
26370511,,0,0.000685,1,0.000007,0,2,2,0,2,2
28361668,,0,0.000021,89,0.000007,0,1,1,0,1,1
23315985,,0.001121,0,89,0.000059,17,0,17,17,0,17
27980425,,0,0.000179,5,0.000007,0,7,7,0,7,7
27651169,,0,0.000021,89,0.000007,0,1,1,0,1,1
27082122,,0,0.000046,89,0.000007,0,2,2,0,2,2
26684649,,0,0.000021,89,0.000007,0,1,1,0,1,1
26540042,,0,0.000021,89,0.000007,0,1,1,0,1,1
24962530,,0,0.000021,89,0.000007,0,1,1,0,1,1
24896146,,0,0.000021,89,0.000007,0,1,1,0,1,1
24705691,,0,0.000021,89,0.000007,0,1,1,0,1,1
23317271,,0.000164,0,89,0.000007,1,0,1,1,0,1
30456329,,0,0.000002,35,0.000007,0,1,1,0,1,1
23317938,,0.000116,0,35,0.000047,5,0,5,5,0,5
26770390,,0,0,89,0.000007,0,1,1,0,1,1
29982100,,0,0.000012,89,0.000007,0,1,1,0,1,1
28356932,,0,0.000012,89,0.000007,0,1,1,0,1,1
25157366,,0,0.000012,89,0.000007,0,1,1,0,1,1
26920222,,0,0.000002,48,0.000007,0,1,1,0,1,1
25951750,,0,0.000002,48,0.000007,0,1,1,0,1,1
25857698,,0,0.000002,48,0.000007,0,1,1,0,1,1
25225054,,0,0.000002,48,0.000007,0,1,1,0,1,1
25100669,,0,0.000002,48,0.000007,0,1,1,0,1,1
24793873,,0,0.000002,48,0.000007,0,1,1,0,1,1
24469251,,0,0.000002,48,0.000007,0,1,1,0,1,1
23897649,,0,0.000002,48,0.000007,0,1,1,0,1,1
23806960,,0,0.000002,48,0.000007,0,1,1,0,1,1
30011797,,0,0.000007,100,0.000007,0,1,1,0,1,1
28716029,,0,0.000007,100,0.000007,0,1,1,0,1,1
25844400,,0,0.000007,100,0.000007,0,1,1,0,1,1
24406338,,0,0.000007,100,0.000007,0,1,1,0,1,1
23320992,,0.000476,0,5,0.000015,12,0,12,12,0,12
27283835,,0,0.00003,5,0.000007,0,2,2,0,2,2
23325583,,0.000048,0,35,0.000031,8,0,8,8,0,8
26545404,,0,0.000001,35,0.000007,0,2,2,0,2,2
26203261,,0,0.000001,35,0.000007,0,1,1,0,1,1
25082194,,0,0.000001,35,0.000007,0,1,1,0,1,1
29600044,,0,0.000006,24,0.000007,0,2,2,0,2,2
29136005,,0,0.000006,24,0.000007,0,1,1,0,1,1
28860350,,0,0.000047,24,0.000007,0,3,3,0,3,3
25642338,,0,0.000006,24,0.000007,0,1,1,0,1,1
25223338,,0,0.000006,24,0.000007,0,1,1,0,1,1
24817948,,0,0.000006,24,0.000007,0,1,1,0,1,1
24586853,,0,0.000006,24,0.000007,0,1,1,0,1,1
29716631,,0,0.000012,35,0.000007,0,3,3,0,3,3
28684680,,0,0.000008,35,0.000007,0,1,1,0,1,1
28036342,,0,0.000008,35,0.000007,0,1,1,0,1,1
27528036,,0,0.000008,35,0.000007,0,1,1,0,1,1
26716898,,0,0.000008,35,0.000007,0,1,1,0,1,1
25481245,,0,0.000008,35,0.000007,0,1,1,0,1,1
25197976,,0,0.000008,35,0.000007,0,1,1,0,1,1
25162518,,0,0.000008,35,0.000007,0,1,1,0,1,1
25083063,,0,0.000008,35,0.000007,0,1,1,0,1,1
23892137,,0,0.000008,35,0.000007,0,1,1,0,1,1
23594994,,0,0.000008,35,0.000007,0,1,1,0,1,1
27166196,,0,0,259,0.000007,0,1,1,0,1,1
23327063,,0,0,259,0.000031,4,0,4,4,0,4
26550261,,0,0,259,0.000007,0,1,1,0,1,1
26157323,,0,0,259,0.000007,0,1,1,0,1,1
24672247,,0,0,259,0.000007,0,1,1,0,1,1
29977534,,0,0,24,0.000007,0,1,1,0,1,1
23332421,,0,0,24,0.000045,8,0,8,8,0,8
28599429,,0,0,24,0.000007,0,1,1,0,1,1
26884876,,0,0,24,0.000007,0,1,1,0,1,1
26734568,,0,0,24,0.000007,0,1,1,0,1,1
25027354,,0,0,24,0.000007,0,1,1,0,1,1
23332575,,0.000396,0,69,0.000016,9,0,9,9,0,9
23333547,,0.000482,0,5,0.000016,10,0,10,10,0,10
23335114,,0.000308,0,205,0.000035,7,0,7,7,0,7
26617874,,0,0.000006,205,0.000007,0,1,1,0,1,1
26276761,,0,0.000006,205,0.000007,0,1,1,0,1,1
25520863,,0,0.000006,205,0.000007,0,1,1,0,1,1
25009601,,0,0.000006,205,0.000007,0,1,1,0,1,1
24917882,,0,0.000115,205,0.000007,0,2,2,0,2,2
23336662,,0.000005,0,5,0.000011,2,0,2,2,0,2
23336933,,0.00002,0,5,0.000025,5,0,5,5,0,5
26137086,,0,0,5,0.000007,0,1,1,0,1,1
25426381,,0,0,5,0.000007,0,1,1,0,1,1
30185799,,0,0.000061,100,0.000007,0,1,1,0,1,1
29540259,,0,0.000061,100,0.000007,0,1,1,0,1,1
28949008,,0,0.000061,100,0.000007,0,1,1,0,1,1
28698143,,0,0.000061,100,0.000007,0,1,1,0,1,1
27956696,,0,0.000061,100,0.000007,0,1,1,0,1,1
27335730,,0,0.000061,100,0.000007,0,1,1,0,1,1
26157794,,0,0.000061,100,0.000007,0,1,1,0,1,1
26069256,,0,0.000061,100,0.000007,0,1,1,0,1,1
25552610,,0,0.000061,100,0.000007,0,1,1,0,1,1
24982636,,0,0.000061,100,0.000007,0,1,1,0,1,1
29059164,,0,0.000003,260,0.000007,0,1,1,0,1,1
23339184,,0.000176,0,260,0.000031,5,0,5,5,0,5
28393251,,0,0.000003,260,0.000007,0,1,1,0,1,1
26581505,,0,0.000003,260,0.000007,0,1,1,0,1,1
25375657,,0,0.000003,260,0.000007,0,1,1,0,1,1
23341105,,0.00017,0,100,0.00001,3,0,3,3,0,3
29082059,,0,0,261,0.000007,0,1,1,0,1,1
23341107,,0,0,261,0.000013,1,0,1,1,0,1
30096613,,0,0.000012,100,0.000007,0,1,1,0,1,1
23341570,,0.000613,0,100,0.000015,4,0,4,4,0,4
23342520,,0.000155,0,89,0.000013,3,0,3,3,0,3
25125980,,0,0.000003,89,0.000007,0,1,1,0,1,1
26085926,,0,0.00002,1,0.000007,0,1,1,0,1,1
24427352,,0,0.00002,1,0.000007,0,1,1,0,1,1
29500182,,0,0.000027,100,0.000007,0,1,1,0,1,1
28465428,,0,0.000027,100,0.000007,0,1,1,0,1,1
27468692,,0,0.000027,100,0.000007,0,1,1,0,1,1
25435953,,0,0.000027,100,0.000007,0,1,1,0,1,1
24804860,,0,0.000027,100,0.000007,0,1,1,0,1,1
24753408,,0,0.000027,100,0.000007,0,1,1,0,1,1
24655462,,0,0.000031,57,0.000007,0,2,2,0,2,2
23345056,,0.000041,0,5,0.000007,1,0,1,1,0,1
23353771,,0.000601,0,100,0.000023,8,0,8,8,0,8
27347930,,0,0.000028,100,0.000007,0,2,2,0,2,2
24520207,,0,0.000011,100,0.000007,0,1,1,0,1,1
23354368,,0.000894,0,1,0.00001,7,0,7,7,0,7
23354597,,0.000955,0,279,0.000019,6,0,6,6,0,6
24525140,,0,0.000018,279,0.000007,0,1,1,0,1,1
23825916,,0,0,24,0.000007,0,1,1,0,1,1
30159408,,0,0,90,0.000007,0,1,1,0,1,1
23359482,,0.000006,0,90,0.000084,15,0,15,15,0,15
29563789,,0,0,90,0.000007,0,1,1,0,1,1
29267203,,0,0,90,0.000007,0,1,1,0,1,1
29173024,,0,0,90,0.000007,0,1,1,0,1,1
28989248,,0,0,90,0.000007,0,1,1,0,1,1
28513547,,0,0,90,0.000007,0,1,1,0,1,1
28452959,,0,0,90,0.000007,0,1,1,0,1,1
28125044,,0,0,90,0.000007,0,1,1,0,1,1
27706074,,0,0,90,0.000007,0,1,1,0,1,1
27062443,,0,0,90,0.000007,0,1,1,0,1,1
26180600,,0,0,90,0.000007,0,1,1,0,1,1
25624761,,0,0,90,0.000007,0,1,1,0,1,1
25538933,,0,0.000028,184,0.000007,0,1,1,0,1,1
24672198,,0,0.000028,184,0.000007,0,1,1,0,1,1
23364291,,0.001051,0,89,0.000024,7,0,7,7,0,7
26764240,,0,0.00002,89,0.000007,0,1,1,0,1,1
24721284,,0,0.00002,89,0.000007,0,1,1,0,1,1
23364677,,0.000101,0,35,0.00002,6,0,6,6,0,6
24522884,,0,0.000002,35,0.000007,0,1,1,0,1,1
29845882,,0,0.0003,1,0.000007,0,1,1,0,1,1
29362479,,0,0.0003,1,0.000007,0,1,1,0,1,1
29320576,,0,0.0003,1,0.000007,0,1,1,0,1,1
29269744,,0,0.0003,1,0.000007,0,1,1,0,1,1
28983606,,0,0.0003,1,0.000007,0,1,1,0,1,1
28806493,,0,0.000327,1,0.000007,0,3,3,0,3,3
28698869,,0,0.0003,1,0.000007,0,1,1,0,1,1
28469468,,0,0.0003,1,0.000007,0,1,1,0,1,1
28279944,,0,0.0003,1,0.000007,0,1,1,0,1,1
28122037,,0,0.001232,1,0.000007,0,5,5,0,5,5
27923994,,0,0.000324,57,0.000007,0,2,2,0,2,2
27579892,,0,0.000884,1,0.000007,0,3,3,0,3,3
27412346,,0,0.0003,1,0.000007,0,1,1,0,1,1
27256882,,0,0.0003,1,0.000007,0,1,1,0,1,1
27190989,,0,0.00039,1,0.000007,0,2,2,0,2,2
27129153,,0,0.0003,1,0.000007,0,1,1,0,1,1
26964508,,0,0.0003,1,0.000007,0,1,1,0,1,1
26933738,,0,0.0003,1,0.000007,0,1,1,0,1,1
26669448,,0,0.0003,1,0.000007,0,1,1,0,1,1
26438157,,0,0.0003,1,0.000007,0,1,1,0,1,1
26218895,,0,0.0003,1,0.000007,0,1,1,0,1,1
25963443,,0,0.00067,1,0.000007,0,3,3,0,3,3
25329809,,0,0.0003,1,0.000007,0,1,1,0,1,1
25236395,,0,0.000459,1,0.000007,0,2,2,0,2,2
25069723,,0,0.0003,1,0.000007,0,1,1,0,1,1
24842055,,0,0.0003,1,0.000007,0,1,1,0,1,1
24444146,,0,0.0003,1,0.000007,0,1,1,0,1,1
24089324,,0,0.0003,1,0.000007,0,1,1,0,1,1
26989348,,0,0.000025,5,0.000007,0,1,1,0,1,1
30305896,,0,0.000007,66,0.000007,0,1,1,0,1,1
29382006,,0,0.000007,66,0.000007,0,1,1,0,1,1
27067778,,0,0.000013,66,0.000007,0,2,2,0,2,2
24369519,,0,0.000007,66,0.000007,0,1,1,0,1,1
23375855,,0.000164,0,89,0.000007,1,0,1,1,0,1
30413180,,0,0.000003,90,0.000007,0,1,1,0,1,1
23376355,,0.000136,0,90,0.000047,9,0,9,9,0,9
28773383,,0,0.000003,90,0.000007,0,1,1,0,1,1
28377982,,0,0.000003,90,0.000007,0,1,1,0,1,1
26894468,,0,0.000003,90,0.000007,0,1,1,0,1,1
24185911,,0,0.000003,90,0.000007,0,1,1,0,1,1
23381743,,0.00014,0,5,0.000016,6,0,6,6,0,6
27459693,,0,0.000032,5,0.000007,0,3,3,0,3,3
23388145,,0,0.000039,100,0.000007,0,1,1,0,1,1
23391663,,0.002503,0,69,0.000018,17,0,17,17,0,17
25072848,,0,0,24,0.000007,0,1,1,0,1,1
24729020,,0,0,24,0.000007,0,1,1,0,1,1
24691407,,0,0,24,0.000007,0,1,1,0,1,1
24040444,,0,0,24,0.000007,0,1,1,0,1,1
29749376,,0,0.000067,1,0.000007,0,3,3,0,3,3
24494026,,0,0.00002,1,0.000007,0,1,1,0,1,1
28902169,,0,0,24,0.000007,0,1,1,0,1,1
25018639,,0,0,24,0.000007,0,1,1,0,1,1
24909172,,0,0.000019,24,0.000007,0,3,3,0,3,3
23397983,,0.000267,0,89,0.000008,3,0,3,3,0,3
23406733,,0.002203,0,1,0.000036,18,0,18,18,0,18
23407556,,0.000895,0,24,0.00002,5,0,5,5,0,5
27163930,,0,0.000054,231,0.000007,0,1,1,0,1,1
26040235,,0,0.000054,231,0.000007,0,1,1,0,1,1
25990554,,0,0.000054,231,0.000007,0,1,1,0,1,1
25905921,,0,0.000054,231,0.000007,0,1,1,0,1,1
25436006,,0,0.000054,231,0.000007,0,1,1,0,1,1
28404916,,0,0.000002,35,0.000007,0,1,1,0,1,1
25243117,,0,0.000002,35,0.000007,0,1,1,0,1,1
26056359,,0,0,184,0.000007,0,1,1,0,1,1
23412797,,0.000009,0,35,0.00002,3,0,3,3,0,3
25315069,,0,0,35,0.000007,0,1,1,0,1,1
24086451,,0,0,35,0.000007,0,1,1,0,1,1
23414320,,0.000019,0,241,0.000034,10,0,10,10,0,10
28403887,,0,0,241,0.000007,0,2,2,0,2,2
27825817,,0,0,241,0.000007,0,1,1,0,1,1
26303421,,0,0.000038,1,0.000007,0,2,2,0,2,2
26161152,,0,0,241,0.000007,0,1,1,0,1,1
27737998,,0,0,5,0.000007,0,1,1,0,1,1
26195686,,0,0,5,0.000007,0,1,1,0,1,1
25837634,,0,0,5,0.000007,0,1,1,0,1,1
24715212,,0,0,5,0.000007,0,1,1,0,1,1
23415688,,0.000144,0,184,0.000039,10,0,10,10,0,10
25887435,,0,0.000003,184,0.000007,0,1,1,0,1,1
25527499,,0,0.000003,184,0.000007,0,1,1,0,1,1
24376467,,0,0.000003,184,0.000007,0,1,1,0,1,1
29426295,,0,0.000158,1,0.000007,0,1,1,0,1,1
29313488,,0,0.0002,1,0.000007,0,3,3,0,3,3
26396550,,0,0.000158,1,0.000007,0,1,1,0,1,1
23415889,,0.000108,0,231,0.000015,4,0,4,4,0,4
25248395,,0,0.000002,231,0.000007,0,1,1,0,1,1
29025893,,0,0.000007,140,0.000007,0,1,1,0,1,1
23416467,,0.000364,0,140,0.000026,8,0,8,8,0,8
26031664,,0,0.000007,140,0.000007,0,1,1,0,1,1
23417902,,0.000069,0,5,0.000014,6,0,6,6,0,6
28749054,,0,0.000001,5,0.000007,0,3,3,0,3,3
24031161,,0,0.000002,35,0.000007,0,1,1,0,1,1
30108440,,0,0.000056,1,0.000007,0,1,1,0,1,1
29801396,,0,0.000056,1,0.000007,0,1,1,0,1,1
29137021,,0,0.000056,1,0.000007,0,1,1,0,1,1
28927025,,0,0.000056,1,0.000007,0,1,1,0,1,1
29986654,,0,0,5,0.000007,0,1,1,0,1,1
23428286,,0.000003,0,5,0.000075,13,0,13,13,0,13
29706597,,0,0,5,0.000007,0,1,1,0,1,1
29439691,,0,0,5,0.000007,0,1,1,0,1,1
29071254,,0,0,5,0.000007,0,1,1,0,1,1
28469511,,0,0,5,0.000007,0,1,1,0,1,1
28030905,,0,0,5,0.000007,0,1,1,0,1,1
26839014,,0,0,5,0.000007,0,1,1,0,1,1
26235604,,0,0,5,0.000007,0,1,1,0,1,1
26178202,,0,0.000002,5,0.000007,0,2,2,0,2,2
25487237,,0,0,5,0.000007,0,1,1,0,1,1
25476986,,0,0,5,0.000007,0,1,1,0,1,1
23429864,,0.00011,0,24,0.00002,5,0,5,5,0,5
26889240,,0,0.000004,24,0.000007,0,2,2,0,2,2
29865971,,0,0,262,0.000007,0,1,1,0,1,1
23430758,,0,0,262,0.000013,1,0,1,1,0,1
26277982,,0,0.000006,100,0.000007,0,1,1,0,1,1
25892555,,0,0.000006,100,0.000007,0,1,1,0,1,1
25541056,,0,0.000006,100,0.000007,0,1,1,0,1,1
25059279,,0,0.000006,100,0.000007,0,1,1,0,1,1
24602610,,0,0.000006,100,0.000007,0,1,1,0,1,1
24286326,,0,0.000006,100,0.000007,0,1,1,0,1,1
24286322,,0,0.000006,100,0.000007,0,1,1,0,1,1
28646148,,0,0.000006,35,0.000007,0,1,1,0,1,1
26506125,,0,0.000006,35,0.000007,0,1,1,0,1,1
26060253,,0,0.000006,35,0.000007,0,1,1,0,1,1
25229838,,0,0.000006,35,0.000007,0,1,1,0,1,1
24457965,,0,0.000006,35,0.000007,0,1,1,0,1,1
29541398,,0,0,35,0.000007,0,1,1,0,1,1
23436247,,0.000002,0,35,0.000084,14,0,14,14,0,14
29328363,,0,0,35,0.000007,0,1,1,0,1,1
29296225,,0,0,35,0.000007,0,1,1,0,1,1
28445968,,0,0,35,0.000007,0,1,1,0,1,1
27308356,,0,0,35,0.000007,0,1,1,0,1,1
26475605,,0,0,35,0.000007,0,1,1,0,1,1
25621296,,0,0.000016,35,0.000007,0,2,2,0,2,2
25573793,,0,0,35,0.000007,0,1,1,0,1,1
25537506,,0,0,35,0.000007,0,1,1,0,1,1
25403879,,0,0,35,0.000007,0,1,1,0,1,1
24778235,,0,0,35,0.000007,0,1,1,0,1,1
24570003,,0,0,35,0.000007,0,1,1,0,1,1
23645675,,0,0,35,0.000007,0,1,1,0,1,1
28454110,,0,0,263,0.000007,0,1,1,0,1,1
23436410,,0,0,263,0.000013,1,0,1,1,0,1
29728365,,0,0.000002,100,0.000007,0,1,1,0,1,1
28737694,,0,0.000002,100,0.000007,0,1,1,0,1,1
28278054,,0,0.000087,35,0.000007,0,4,4,0,4,4
25640177,,0,0.000002,100,0.000007,0,1,1,0,1,1
24993775,,0,0.000002,100,0.000007,0,1,1,0,1,1
25447460,,0,0.000025,100,0.000007,0,1,1,0,1,1
24206657,,0,0.000025,100,0.000007,0,1,1,0,1,1
29701109,,0,0.000001,5,0.000007,0,1,1,0,1,1
23448721,,0.000046,0,5,0.000022,6,0,6,6,0,6
23449497,,0.000044,0,89,0.000019,5,0,5,5,0,5
23880848,,0,0.000001,89,0.000007,0,1,1,0,1,1
30319772,,0,0,264,0.000007,0,1,1,0,1,1
29954086,,0,0,264,0.000007,0,1,1,0,1,1
29593534,,0,0,264,0.000007,0,1,1,0,1,1
28335397,,0,0,264,0.000007,0,1,1,0,1,1
28194418,,0,0,264,0.000007,0,1,1,0,1,1
25004464,,0,0,264,0.000007,0,1,1,0,1,1
25003106,,0,0,264,0.000007,0,1,1,0,1,1
24918814,,0,0,264,0.000007,0,1,1,0,1,1
28454419,,0,0.00001,205,0.000007,0,1,1,0,1,1
28155638,,0,0.00001,205,0.000007,0,1,1,0,1,1
26496228,,0,0.00001,205,0.000007,0,1,1,0,1,1
29290779,,0,0.000083,69,0.000007,0,4,4,0,4,4
23458327,,0.002091,0,89,0.000015,11,0,11,11,0,11
30221151,,0,0,48,0.000007,0,1,1,0,1,1
27565077,,0,0,48,0.000007,0,1,1,0,1,1
26472970,,0,0,48,0.000007,0,1,1,0,1,1
23901018,,0,0,48,0.000007,0,1,1,0,1,1
26191375,,0,0.0001,1,0.000007,0,1,1,0,1,1
24300913,,0,0.0001,1,0.000007,0,1,1,0,1,1
27141523,,0,0.000006,5,0.000007,0,1,1,0,1,1
23464690,,0.000426,0,5,0.000017,7,0,7,7,0,7
27437490,,0,0.000008,5,0.000007,0,1,1,0,1,1
23468243,,0.000032,0,231,0.000011,3,0,3,3,0,3
29556040,,0,0.000105,100,0.000007,0,1,1,0,1,1
29478807,,0,0.000105,100,0.000007,0,1,1,0,1,1
29229926,,0,0.000105,100,0.000007,0,1,1,0,1,1
28216226,,0,0.000105,100,0.000007,0,1,1,0,1,1
28065643,,0,0.000105,100,0.000007,0,1,1,0,1,1
27746018,,0,0.000105,100,0.000007,0,1,1,0,1,1
27358111,,0,0.000126,100,0.000007,0,2,2,0,2,2
27320928,,0,0.000455,100,0.000007,0,3,3,0,3,3
26130711,,0,0.000105,100,0.000007,0,1,1,0,1,1
25762720,,0,0.000105,100,0.000007,0,1,1,0,1,1
25486192,,0,0.000105,100,0.000007,0,1,1,0,1,1
25040086,,0,0.000105,100,0.000007,0,1,1,0,1,1
24837676,,0,0.000105,100,0.000007,0,1,1,0,1,1
24705298,,0,0.000105,100,0.000007,0,1,1,0,1,1
24572510,,0,0.000105,100,0.000007,0,1,1,0,1,1
28717669,,0,0.00011,205,0.000009,1,4,5,1,4,5
23474559,,0.001231,0,205,0.000012,4,0,4,4,0,4
23475556,,0.000028,0,5,0.00001,3,0,3,3,0,3
23479189,,0.000462,0,89,0.000011,6,0,6,6,0,6
28736647,,0,0.000076,89,0.000007,0,2,2,0,2,2
30140212,,0,0,5,0.000007,0,1,1,0,1,1
23479706,,0.00001,0,5,0.000026,4,0,4,4,0,4
27064557,,0,0,5,0.000007,0,1,1,0,1,1
26118619,,0,0,5,0.000007,0,1,1,0,1,1
28122331,,0,0.000001,35,0.000007,0,1,1,0,1,1
25028927,,0,0.000001,35,0.000007,0,1,1,0,1,1
25012731,,0,0.000001,35,0.000007,0,1,1,0,1,1
24016179,,0,0.000001,35,0.000007,0,1,1,0,1,1
26528103,,0,0.000003,5,0.000007,0,1,1,0,1,1
23487443,,0.000142,0,5,0.000023,4,0,4,4,0,4
23999769,,0,0.000003,5,0.000007,0,1,1,0,1,1
23490645,,0.00017,0,5,0.000008,3,0,3,3,0,3
29552310,,0,0,24,0.000007,0,1,1,0,1,1
23496196,,0.000006,0,24,0.000017,3,0,3,3,0,3
30487964,,0,0.000019,24,0.000007,0,1,1,0,1,1
30393609,,0,0.00002,24,0.000007,0,2,2,0,2,2
30112043,,0,0.000019,24,0.000007,0,1,1,0,1,1
28263037,,0,0.000019,24,0.000007,0,1,1,0,1,1
24766860,,0,0.000019,24,0.000007,0,1,1,0,1,1
23504064,,0.000381,0,5,0.000009,4,0,4,4,0,4
30143675,,0,0.000004,265,0.000007,0,1,1,0,1,1
23504502,,0.00019,0,265,0.000119,25,0,25,25,0,25
30112053,,0,0.000004,265,0.000007,0,1,1,0,1,1
29413763,,0,0.000004,265,0.000007,0,1,1,0,1,1
29109095,,0,0.000004,265,0.000007,0,1,1,0,1,1
28542210,,0,0.000279,265,0.000007,0,2,2,0,2,2
26668074,,0,0.000008,1,0.000007,0,2,2,0,2,2
26635288,,0,0.000004,265,0.000007,0,1,1,0,1,1
26370152,,0,0.000004,265,0.000007,0,1,1,0,1,1
25992311,,0,0.000004,265,0.000007,0,1,1,0,1,1
25683757,,0,0.000004,265,0.000007,0,1,1,0,1,1
25431829,,0,0.000004,265,0.000007,0,1,1,0,1,1
25375110,,0,0.000004,265,0.000007,0,1,1,0,1,1
25239644,,0,0.000004,265,0.000007,0,1,1,0,1,1
25154853,,0,0.000004,265,0.000007,0,1,1,0,1,1
25133033,,0,0.000004,265,0.000007,0,1,1,0,1,1
24782603,,0,0.000004,265,0.000007,0,1,1,0,1,1
23735448,,0,0.000004,265,0.000007,0,1,1,0,1,1
28790411,,0,0,24,0.000007,0,1,1,0,1,1
27888622,,0,0,24,0.000007,0,1,1,0,1,1
27626310,,0,0,24,0.000007,0,1,1,0,1,1
26840027,,0,0,24,0.000007,0,1,1,0,1,1
24966994,,0,0,24,0.000007,0,1,1,0,1,1
26185742,,0,0.000004,89,0.000007,0,1,1,0,1,1
25781993,,0,0.000004,89,0.000007,0,1,1,0,1,1
30301885,,0,0.000011,69,0.000007,0,1,1,0,1,1
28416765,,0,0.000011,69,0.000007,0,1,1,0,1,1
27685995,,0,0.000011,69,0.000007,0,1,1,0,1,1
24427740,,0,0.000011,69,0.000007,0,1,1,0,1,1
23528734,,0.000023,0,231,0.000011,2,0,2,2,0,2
29541197,,0,0.000008,89,0.000007,0,1,1,0,1,1
24989832,,0,0.000008,89,0.000007,0,1,1,0,1,1
24810687,,0,0.000008,89,0.000007,0,1,1,0,1,1
23532817,,0.001049,0,66,0.000022,5,0,5,5,0,5
28255193,,0,0.00002,66,0.000007,0,1,1,0,1,1
25544769,,0,0.00002,66,0.000007,0,1,1,0,1,1
23596460,,0,0,90,0.000007,0,1,1,0,1,1
23535278,,0.00001,0,5,0.000083,14,0,14,14,0,14
29360766,,0,0,5,0.000007,0,1,1,0,1,1
29288560,,0,0,5,0.000007,0,1,1,0,1,1
29167102,,0,0,5,0.000007,0,1,1,0,1,1
28826375,,0,0,5,0.000007,0,1,1,0,1,1
28768299,,0,0,5,0.000007,0,1,1,0,1,1
27957457,,0,0,5,0.000007,0,1,1,0,1,1
27665923,,0,0,5,0.000007,0,1,1,0,1,1
25833779,,0,0,5,0.000007,0,1,1,0,1,1
25664021,,0,0,5,0.000007,0,1,1,0,1,1
25637171,,0,0,5,0.000007,0,1,1,0,1,1
25469267,,0,0,5,0.000007,0,1,1,0,1,1
23907430,,0,0,5,0.000007,0,1,1,0,1,1
30388398,,0,0.000155,231,0.000007,0,1,1,0,1,1
30026606,,0,0.000155,231,0.000007,0,1,1,0,1,1
29844388,,0,0.00017,231,0.000007,0,2,2,0,2,2
29807833,,0.00013,0.00016,35,0.000013,2,2,4,2,2,4
29770205,,0,0.000155,231,0.000007,0,1,1,0,1,1
29695838,,0,0.000155,231,0.000007,0,1,1,0,1,1
29576601,,0,0.000285,231,0.000007,0,2,2,0,2,2
29507683,,0,0.000155,231,0.000007,0,1,1,0,1,1
29391533,,0,0.000155,231,0.000007,0,1,1,0,1,1
29374233,,0,0.000155,231,0.000007,0,1,1,0,1,1
29299136,,0,0.000155,231,0.000007,0,1,1,0,1,1
29063047,,0,0.000155,231,0.000007,0,1,1,0,1,1
28978050,,0,0.000155,231,0.000007,0,1,1,0,1,1
28978027,,0,0.000155,231,0.000007,0,1,1,0,1,1
28911207,,0,0.000155,231,0.000007,0,1,1,0,1,1
28881610,,0,0.000155,231,0.000007,0,1,1,0,1,1
28818973,,0,0.000155,231,0.000007,0,1,1,0,1,1
28670784,,0,0.000155,231,0.000007,0,1,1,0,1,1
28604728,,0,0.000155,231,0.000007,0,1,1,0,1,1
28529542,,0,0.000155,231,0.000007,0,1,1,0,1,1
28489815,,0,0.000155,231,0.000007,0,1,1,0,1,1
28447668,,0,0.000155,231,0.000007,0,1,1,0,1,1
28416747,,0,0.000155,231,0.000007,0,1,1,0,1,1
28195142,,0,0.000155,231,0.000007,0,1,1,0,1,1
28060765,,0,0.000155,231,0.000007,0,1,1,0,1,1
27996046,,0,0.000155,231,0.000007,0,1,1,0,1,1
27964748,,0,0.00016,231,0.000007,0,2,2,0,2,2
27929092,,0,0.000155,231,0.000007,0,1,1,0,1,1
27847391,,0,0.000155,231,0.000007,0,1,1,0,1,1
27825130,,0,0.000155,231,0.000007,0,1,1,0,1,1
27822089,,0,0.000155,231,0.000007,0,1,1,0,1,1
27819531,,0,0.000164,231,0.000007,0,2,2,0,2,2
27812514,,0,0.000155,231,0.000007,0,1,1,0,1,1
27797938,,0,0.00016,184,0.000007,0,2,2,0,2,2
27761025,,0,0.000155,231,0.000007,0,1,1,0,1,1
27759658,,0,0.000155,231,0.000007,0,1,1,0,1,1
27697780,,0,0.000172,205,0.000007,0,2,2,0,2,2
27649246,,0,0.000157,184,0.000007,0,2,2,0,2,2
27579533,,0,0.000162,205,0.000007,0,2,2,0,2,2
27561898,,0,0.000155,231,0.000007,0,1,1,0,1,1
27459707,,0,0.000155,231,0.000007,0,1,1,0,1,1
27458158,,0,0.000155,231,0.000007,0,1,1,0,1,1
27433923,,0,0.000155,231,0.000007,0,1,1,0,1,1
27367732,,0,0.000155,231,0.000007,0,1,1,0,1,1
27152442,,0,0.000155,231,0.000007,0,1,1,0,1,1
27029895,,0,0.000155,231,0.000007,0,1,1,0,1,1
26857734,,0,0.000155,231,0.000007,0,1,1,0,1,1
26802016,,0,0.000155,231,0.000007,0,1,1,0,1,1
26752285,,0,0.000155,231,0.000007,0,1,1,0,1,1
26733501,,0,0.000155,231,0.000007,0,1,1,0,1,1
26575952,,0,0.000155,231,0.000007,0,1,1,0,1,1
26503584,,0,0.000155,231,0.000007,0,1,1,0,1,1
26425038,,0,0.000155,231,0.000007,0,1,1,0,1,1
26372813,,0,0.000155,231,0.000007,0,1,1,0,1,1
26354892,,0,0.000155,231,0.000007,0,1,1,0,1,1
26354067,,0,0.000155,231,0.000007,0,1,1,0,1,1
26226901,,0,0.000155,231,0.000007,0,1,1,0,1,1
26194807,,0,0.000155,231,0.000007,0,1,1,0,1,1
26157023,,0,0.000155,231,0.000007,0,1,1,0,1,1
26149460,,0,0.000155,231,0.000007,0,1,1,0,1,1
26143636,,0,0.000155,231,0.000007,0,1,1,0,1,1
25986438,,0,0.000155,231,0.000007,0,1,1,0,1,1
25971796,,0,0.000155,231,0.000007,0,1,1,0,1,1
25940397,,0,0.000155,231,0.000007,0,1,1,0,1,1
25804397,,0,0.000155,231,0.000007,0,1,1,0,1,1
25562437,,0,0.000155,231,0.000007,0,1,1,0,1,1
25487306,,0,0.000285,231,0.000007,0,2,2,0,2,2
25399515,,0,0.000155,231,0.000007,0,1,1,0,1,1
25256929,,0,0.000155,231,0.000007,0,1,1,0,1,1
25248036,,0,0.000155,231,0.000007,0,1,1,0,1,1
25237198,,0,0.000155,231,0.000007,0,1,1,0,1,1
25196853,,0,0.000155,231,0.000007,0,1,1,0,1,1
25122612,,0,0.000155,231,0.000007,0,1,1,0,1,1
25086665,,0,0.000155,231,0.000007,0,1,1,0,1,1
25077817,,0,0.000155,231,0.000007,0,1,1,0,1,1
25002076,,0,0.000155,231,0.000007,0,1,1,0,1,1
24908248,,0,0.000155,231,0.000007,0,1,1,0,1,1
24907074,,0,0.000155,231,0.000007,0,1,1,0,1,1
24764580,,0,0.000155,231,0.000007,0,1,1,0,1,1
24749509,,0,0.000155,231,0.000007,0,1,1,0,1,1
24686849,,0,0.000155,231,0.000007,0,1,1,0,1,1
24648346,,0,0.000155,231,0.000007,0,1,1,0,1,1
24618342,,0,0.000155,231,0.000007,0,1,1,0,1,1
24476768,,0,0.000155,231,0.000007,0,1,1,0,1,1
24465473,,0,0.000155,231,0.000007,0,1,1,0,1,1
24290378,,0,0.000155,231,0.000007,0,1,1,0,1,1
24231251,,0,0.000155,231,0.000007,0,1,1,0,1,1
24210251,,0,0.000155,231,0.000007,0,1,1,0,1,1
24184969,,0,0.000155,231,0.000007,0,1,1,0,1,1
24101484,,0,0.000155,231,0.000007,0,1,1,0,1,1
23900074,,0,0.000375,231,0.000007,0,3,3,0,3,3
23762817,,0,0.000155,231,0.000007,0,1,1,0,1,1
29923425,,0,0.000044,231,0.000007,0,1,1,0,1,1
29449787,,0,0.000044,231,0.000007,0,2,2,0,2,2
29096683,,0,0.000044,231,0.000007,0,1,1,0,1,1
28133604,,0,0.000044,231,0.000007,0,1,1,0,1,1
27982086,,0,0.000056,176,0.000007,0,3,3,0,3,3
27861147,,0,0.000159,231,0.000007,0,2,2,0,2,2
26471763,,0,0.000044,231,0.000007,0,1,1,0,1,1
25867717,,0,0.000044,231,0.000007,0,1,1,0,1,1
25638397,,0,0.000044,231,0.000007,0,1,1,0,1,1
25495193,,0,0.00005,35,0.000007,0,2,2,0,2,2
25321192,,0,0.000044,231,0.000007,0,1,1,0,1,1
24997994,,0,0.000044,231,0.000007,0,1,1,0,1,1
24410832,,0,0.000044,231,0.000007,0,1,1,0,1,1
24226295,,0,0.000044,231,0.000007,0,1,1,0,1,1
30108746,,0,0.000204,57,0.000007,0,3,3,0,3,3
29162833,,0,0.000001,57,0.000007,0,1,1,0,1,1
28938529,,0,0.000001,57,0.000007,0,1,1,0,1,1
26934551,,0,0.000001,57,0.000007,0,1,1,0,1,1
26921316,,0,0.000001,57,0.000007,0,1,1,0,1,1
26039550,,0,0.00011,205,0.000007,0,2,2,0,2,2
23539753,,0.000865,0,5,0.000013,6,0,6,6,0,6
23543211,,0.002319,0,1,0.000011,7,0,7,7,0,7
27279675,,0,0.00032,231,0.000007,0,3,3,0,3,3
26620819,,0,0.00009,231,0.000007,0,1,1,0,1,1
26358132,,0,0.00009,231,0.000007,0,1,1,0,1,1
26274499,,0,0.00009,231,0.000007,0,1,1,0,1,1
26158229,,0,0.00009,231,0.000007,0,1,1,0,1,1
25629224,,0,0.00009,231,0.000007,0,1,1,0,1,1
24876664,,0,0.00022,231,0.000007,0,2,2,0,2,2
29975732,,0,0.00013,231,0.000007,0,1,1,0,1,1
28754146,,0,0.00013,231,0.000007,0,1,1,0,1,1
28505207,,0,0.00013,231,0.000007,0,1,1,0,1,1
28446772,,0,0.00013,231,0.000007,0,1,1,0,1,1
28352326,,0,0.00013,231,0.000007,0,1,1,0,1,1
27190995,,0,0.000163,35,0.000007,0,3,3,0,3,3
26744449,,0,0.002664,1,0.000007,0,4,4,0,4,4
26085849,,0,0.00013,231,0.000007,0,1,1,0,1,1
24449885,,0,0.00013,231,0.000007,0,1,1,0,1,1
23535732,,0,0.00013,231,0.000007,0,1,1,0,1,1
28762754,,0,0,266,0.000007,0,1,1,0,1,1
23545363,,0,0,266,0.000013,1,0,1,1,0,1
30157247,,0,0,176,0.000007,0,1,1,0,1,1
23548265,,0.000008,0,176,0.000084,15,0,15,15,0,15
28403890,,0,0,176,0.000007,0,1,1,0,1,1
28237621,,0,0,176,0.000007,0,1,1,0,1,1
27036042,,0,0,176,0.000007,0,1,1,0,1,1
26889976,,0,0,176,0.000007,0,1,1,0,1,1
26871293,,0,0,176,0.000007,0,1,1,0,1,1
26263483,,0,0,176,0.000007,0,1,1,0,1,1
25157234,,0,0,176,0.000007,0,1,1,0,1,1
24927258,,0,0,176,0.000007,0,1,1,0,1,1
24887205,,0,0,176,0.000007,0,1,1,0,1,1
23976967,,0,0,176,0.000007,0,1,1,0,1,1
28157626,,0,0.000191,1,0.000007,0,1,1,0,1,1
27472395,,0,0.000197,90,0.000007,0,2,2,0,2,2
26991853,,0,0.000191,1,0.000007,0,1,1,0,1,1
26748709,,0,0.000191,1,0.000007,0,1,1,0,1,1
25003641,,0,0.000191,1,0.000007,0,1,1,0,1,1
24179152,,0,0.000191,1,0.000007,0,1,1,0,1,1
29731873,,0,0.000014,24,0.000007,0,1,1,0,1,1
28534972,,0,0.000019,279,0.000007,0,2,2,0,2,2
28422153,,0,0.000017,367,0.000007,0,4,4,0,4,4
27737534,,0,0.000014,24,0.000007,0,1,1,0,1,1
26823821,,0,0.000014,24,0.000007,0,2,2,0,2,2
26261507,,0,0.000014,24,0.000007,0,1,1,0,1,1
25901419,,0,0.000014,24,0.000007,0,1,1,0,1,1
24077122,,0,0.000014,24,0.000007,0,1,1,0,1,1
23940523,,0,0.000014,24,0.000007,0,1,1,0,1,1
29434917,,0,0.000003,72,0.000007,0,1,1,0,1,1
23549953,,0.000167,0,72,0.000054,12,0,12,12,0,12
29387117,,0,0.000003,72,0.000007,0,1,1,0,1,1
29162853,,0,0.000007,72,0.000007,0,2,2,0,2,2
28795861,,0,0.000003,72,0.000007,0,1,1,0,1,1
27144430,,0,0.000003,72,0.000007,0,1,1,0,1,1
27092493,,0,0.000003,72,0.000007,0,2,2,0,2,2
25628647,,0,0.000003,72,0.000007,0,1,1,0,1,1
24489919,,0,0.000003,72,0.000007,0,1,1,0,1,1
30402321,,0,0.000003,69,0.000007,0,1,1,0,1,1
23552812,,0.000141,0,69,0.000021,5,0,5,5,0,5
29258523,,0,0.000003,69,0.000007,0,1,1,0,1,1
23552954,,0.00271,0,35,0.000042,24,0,24,24,0,24
29050243,,0,0.000052,35,0.000007,0,1,1,0,1,1
24587784,,0,0.000052,35,0.000007,0,1,1,0,1,1
26825905,,0,0,1,0.000007,0,1,1,0,1,1
23558052,,0.001059,0,69,0.000052,24,0,24,24,0,24
28890679,,0,0.00002,69,0.000007,0,1,1,0,1,1
26848295,,0,0.00002,69,0.000007,0,1,1,0,1,1
26382741,,0,0.00002,69,0.000007,0,1,1,0,1,1
25510324,,0,0.00002,69,0.000007,0,1,1,0,1,1
27174913,,0,0.00003,35,0.000007,0,1,1,0,1,1
26840297,,0,0.000056,35,0.000007,0,2,2,0,2,2
23562522,,0.0009,0,5,0.000021,11,0,11,11,0,11
23564750,,0.00091,0,231,0.00002,17,0,17,17,0,17
23564760,,0.002666,0,35,0.000064,24,0,24,24,0,24
28821931,,0,0.000051,35,0.000007,0,1,1,0,1,1
28430648,,0,0.000051,35,0.000007,0,1,1,0,1,1
27379203,,0,0.000051,35,0.000007,0,1,1,0,1,1
26840086,,0,0.000051,35,0.000007,0,1,1,0,1,1
28415632,,0,0.001295,1,0.000007,0,5,5,0,5,5
26020242,,0,0.000146,1,0.000007,0,1,1,0,1,1
24515272,,0,0.000146,1,0.000007,0,1,1,0,1,1
24052614,,0,0.000146,1,0.000007,0,1,1,0,1,1
23937791,,0,0.000146,1,0.000007,0,1,1,0,1,1
25561979,,0,0,267,0.000007,0,1,1,0,1,1
23567481,,0,0,267,0.000013,1,0,1,1,0,1
30155352,,0,0.000222,1,0.000007,0,1,1,0,1,1
29805764,,0,0.000398,1,0.000007,0,2,2,0,2,2
29293957,,0,0.000222,1,0.000007,0,1,1,0,1,1
29163793,,0,0.000304,1,0.000007,0,3,3,0,3,3
28423598,,0,0.000264,89,0.000007,0,3,3,0,3,3
27986209,,0,0.000222,1,0.000007,0,1,1,0,1,1
27601051,,0,0.000222,1,0.000007,0,1,1,0,1,1
27072044,,0,0.001068,1,0.000007,0,2,2,0,2,2
27052111,,0,0.000222,1,0.000007,0,1,1,0,1,1
26084801,,0,0.000222,1,0.000007,0,1,1,0,1,1
25606575,,0,0.000222,1,0.000007,0,1,1,0,1,1
25281467,,0,0.000222,1,0.000007,0,1,1,0,1,1
29085469,,0,0,24,0.000007,0,1,1,0,1,1
26154129,,0,0,24,0.000007,0,1,1,0,1,1
23570906,,0.005575,0,1,0.000045,21,0,21,21,0,21
25313363,,0,0.000106,1,0.000007,0,1,1,0,1,1
25145850,,0,0.000106,1,0.000007,0,1,1,0,1,1
29784019,,0,0.000307,1,0.000007,0,12,12,0,12,12
23574784,,0.00388,0,1,0.000019,12,0,12,12,0,12
23576707,,0.001035,0,5,0.000015,14,0,14,14,0,14
24182612,,0,0.000002,5,0.000007,0,1,1,0,1,1
26272411,,0,0,268,0.000007,0,1,1,0,1,1
23584879,,0,0,268,0.000019,2,0,2,2,0,2
25364951,,0,0,268,0.000007,0,1,1,0,1,1
28811863,,0,0.000014,100,0.000007,0,1,1,0,1,1
28644387,,0,0.000014,100,0.000007,0,1,1,0,1,1
27215579,,0,0.000014,100,0.000007,0,1,1,0,1,1
25447737,,0,0.000014,100,0.000007,0,1,1,0,1,1
29962060,,0,0.00008,231,0.000007,0,3,3,0,3,3
27892674,,0,0.00009,205,0.000007,0,3,3,0,3,3
23589176,,0.001213,0,69,0.00005,13,0,13,13,0,13
29602239,,0,0.000037,100,0.000007,0,1,1,0,1,1
28739276,,0,0.000265,100,0.000007,0,5,5,0,5,5
27367027,,0,0.000037,100,0.000007,0,1,1,0,1,1
26578794,,0,0.000037,100,0.000007,0,1,1,0,1,1
26376677,,0,0.000041,137,0.000007,0,2,2,0,2,2
25963654,,0,0.000037,100,0.000007,0,1,1,0,1,1
23958412,,0,0.000037,100,0.000007,0,1,1,0,1,1
26825917,,0,0.000008,89,0.000007,0,1,1,0,1,1
29545847,,0,0.000003,24,0.000007,0,2,2,0,2,2
28819445,,0,0.000044,1,0.000007,0,3,3,0,3,3
27246533,,0,0,24,0.000007,0,1,1,0,1,1
30294731,,0,0.000027,35,0.000007,0,1,1,0,1,1
29073169,,0,0.000042,35,0.000007,0,2,2,0,2,2
29044199,,0,0.000027,35,0.000007,0,1,1,0,1,1
28687807,,0,0.000027,35,0.000007,0,1,1,0,1,1
28571043,,0,0.000027,35,0.000007,0,1,1,0,1,1
28539478,,0,0.000027,35,0.000007,0,1,1,0,1,1
27556500,,0,0.000027,35,0.000007,0,1,1,0,1,1
27081694,,0,0.000042,35,0.000007,0,2,2,0,2,2
27064982,,0,0.000027,35,0.000007,0,1,1,0,1,1
26423134,,0,0.000027,35,0.000007,0,1,1,0,1,1
26124144,,0,0.000027,35,0.000007,0,1,1,0,1,1
26121028,,0,0.000027,35,0.000007,0,1,1,0,1,1
26114448,,0,0.000027,35,0.000007,0,1,1,0,1,1
25886595,,0,0.000027,35,0.000007,0,1,1,0,1,1
25860442,,0,0.000027,35,0.000007,0,1,1,0,1,1
25779041,,0,0.000027,35,0.000007,0,1,1,0,1,1
25760964,,0,0.000027,35,0.000007,0,1,1,0,1,1
25394902,,0,0.000027,35,0.000007,0,1,1,0,1,1
25352952,,0,0.000027,35,0.000007,0,1,1,0,1,1
25120384,,0,0.000027,35,0.000007,0,1,1,0,1,1
24966325,,0,0.000027,35,0.000007,0,1,1,0,1,1
24626163,,0,0.000027,35,0.000007,0,1,1,0,1,1
28260941,,0,0.000098,5,0.000007,0,3,3,0,3,3
23604858,,0.000111,0,5,0.000011,3,0,3,3,0,3
23607692,,0.000064,0,5,0.000007,1,0,1,1,0,1
23609471,,0.00001,0,69,0.000021,5,0,5,5,0,5
25370037,,0,0,69,0.000007,0,1,1,0,1,1
29977361,,0,0.000027,69,0.000007,0,1,1,0,1,1
23613489,,0.001403,0,69,0.000104,22,0,22,22,0,22
29896257,,0,0.000027,69,0.000007,0,1,1,0,1,1
29545837,,0,0.000027,69,0.000007,0,1,1,0,1,1
29299163,,0,0.000027,69,0.000007,0,1,1,0,1,1
28819158,,0,0.000027,69,0.000007,0,1,1,0,1,1
28725466,,0,0.000027,69,0.000007,0,1,1,0,1,1
28348638,,0,0.000027,69,0.000007,0,1,1,0,1,1
28190021,,0,0.000027,69,0.000007,0,1,1,0,1,1
28084397,,0,0.000027,69,0.000007,0,1,1,0,1,1
27899995,,0,0.000027,69,0.000007,0,1,1,0,1,1
26543493,,0,0.000027,69,0.000007,0,1,1,0,1,1
26524729,,0,0.000027,69,0.000007,0,1,1,0,1,1
26309600,,0,0.000027,69,0.000007,0,1,1,0,1,1
26239378,,0,0.000027,69,0.000007,0,1,1,0,1,1
27127883,,0,0.000031,108,0.000007,0,2,2,0,2,2
26934445,,0,0,108,0.000007,0,1,1,0,1,1
26208303,,0,0,108,0.000007,0,1,1,0,1,1
26115765,,0,0,108,0.000007,0,1,1,0,1,1
26045983,,0,0,108,0.000007,0,1,1,0,1,1
24817012,,0,0,108,0.000007,0,1,1,0,1,1
23614934,,0.000562,0,35,0.000013,4,0,4,4,0,4
27484306,,0,0.000039,140,0.000007,0,1,1,0,1,1
26992325,,0,0.000039,140,0.000007,0,1,1,0,1,1
24958819,,0,0.000039,140,0.000007,0,1,1,0,1,1
23615785,,0.000336,0,5,0.000011,7,0,7,7,0,7
30279407,,0,0.000003,184,0.000007,0,1,1,0,1,1
23620175,,0.002896,0,205,0.000046,22,0,22,22,0,22
27447975,,0,0.000055,205,0.000007,0,1,1,0,1,1
26300680,,0,0.000055,205,0.000007,0,1,1,0,1,1
24641493,,0,0.000055,205,0.000007,0,1,1,0,1,1
23621881,,0.000318,0,89,0.000008,2,0,2,2,0,2
23624750,,0.000003,0,35,0.000024,6,0,6,6,0,6
29853749,,0,0.000008,82,0.000007,0,1,1,0,1,1
23624778,,0.000427,0,82,0.000043,12,0,12,12,0,12
28053957,,0,0.000019,72,0.000007,0,2,2,0,2,2
26252900,,0,0.000008,82,0.000007,0,1,1,0,1,1
29576612,,0,0.000049,35,0.000007,0,2,2,0,2,2
29469819,,0,0.000096,279,0.00001,1,3,4,1,3,4
29222472,,0,0.000025,35,0.000007,0,1,1,0,1,1
28805822,,0,0.000025,35,0.000007,0,1,1,0,1,1
28394358,,0,0.000025,35,0.000007,0,1,1,0,1,1
28279977,,0,0.000025,35,0.000007,0,1,1,0,1,1
28262837,,0,0.000025,35,0.000007,0,1,1,0,1,1
27221037,,0,0.000025,35,0.000007,0,1,1,0,1,1
26657505,,0,0.000025,35,0.000007,0,1,1,0,1,1
26642436,,0,0.000025,35,0.000007,0,1,1,0,1,1
26516927,,0,0.000025,35,0.000007,0,1,1,0,1,1
26208723,,0,0.000025,35,0.000007,0,1,1,0,1,1
25954300,,0,0.000025,35,0.000007,0,1,1,0,1,1
25774169,,0,0.000025,35,0.000007,0,1,1,0,1,1
25663954,,0,0.000025,35,0.000007,0,1,1,0,1,1
25631036,,0,0.000025,35,0.000007,0,1,1,0,1,1
25491133,,0,0.000025,35,0.000007,0,1,1,0,1,1
25334066,,0,0.000025,35,0.000007,0,1,1,0,1,1
24508459,,0,0.000025,35,0.000007,0,1,1,0,1,1
24165275,,0,0.000025,35,0.000007,0,1,1,0,1,1
23875687,,0,0.000025,35,0.000007,0,1,1,0,1,1
30151243,,0,0.000001,87,0.000007,0,1,1,0,1,1
29487996,,0,0.000001,87,0.000007,0,2,2,0,2,2
28260920,,0,0.000001,87,0.000007,0,1,1,0,1,1
27856734,,0,0.000001,87,0.000007,0,1,1,0,1,1
27840199,,0,0.000001,87,0.000007,0,1,1,0,1,1
25343378,,0,0.000001,87,0.000007,0,1,1,0,1,1
25294936,,0,0.000001,87,0.000007,0,1,1,0,1,1
25220592,,0,0.000001,87,0.000007,0,1,1,0,1,1
24992181,,0,0.000001,87,0.000007,0,1,1,0,1,1
24876127,,0,0.000001,87,0.000007,0,1,1,0,1,1
23736987,,0,0.000001,87,0.000007,0,1,1,0,1,1
23628597,,0.015134,0,5,0.000142,131,0,131,131,0,131
27617263,,0,0.000289,5,0.000007,0,1,1,0,1,1
26274736,,0,0.000289,5,0.000007,0,1,1,0,1,1
26097610,,0,0.000289,5,0.000007,0,1,1,0,1,1
25023989,,0,0.000289,5,0.000007,0,1,1,0,1,1
24346686,,0,0.000289,5,0.000007,0,1,1,0,1,1
23633032,,0.000005,0,176,0.000016,3,0,3,3,0,3
24586437,,0,0,176,0.000007,0,1,1,0,1,1
23633455,,0.005252,0,1,0.000036,16,0,16,16,0,16
28624785,,0,0.0001,1,0.000007,0,1,1,0,1,1
23635950,,0.00031,0,89,0.000008,3,0,3,3,0,3
29899831,,0,0.000006,367,0.000007,0,2,2,0,2,2
29245953,,0,0.000017,367,0.000007,0,2,2,0,2,2
28783103,,0,0.000009,367,0.000007,0,3,3,0,3,3
27557497,,0,0.000002,367,0.000007,0,1,1,0,1,1
26628371,,0,0.000002,367,0.000007,0,1,1,0,1,1
26207381,,0,0.000002,367,0.000007,0,1,1,0,1,1
25132561,,0,0.000002,367,0.000007,0,1,1,0,1,1
24752078,,0,0.000002,367,0.000007,0,1,1,0,1,1
24346158,,0,0.000002,367,0.000007,0,1,1,0,1,1
29497607,,0,0.000006,5,0.000007,0,1,1,0,1,1
25166427,,0,0.000006,5,0.000007,0,1,1,0,1,1
24797610,,0,0.000006,5,0.000007,0,1,1,0,1,1
24498603,,0,0.000006,5,0.000007,0,1,1,0,1,1
23986542,,0,0.000006,5,0.000007,0,1,1,0,1,1
23876409,,0,0.000006,5,0.000007,0,1,1,0,1,1
23472754,,0,0.000006,5,0.000007,0,1,1,0,1,1
29850191,,0,0.000003,24,0.000007,0,2,2,0,2,2
23639940,,0.00015,0,279,0.000185,20,0,20,20,0,20
29383199,,0,0.000003,279,0.000007,0,1,1,0,1,1
29108351,,0,0.000012,24,0.000007,0,4,4,0,4,4
29057234,,0,0.000008,279,0.000007,0,3,3,0,3,3
27756323,,0,0.000238,279,0.000007,0,5,5,0,5,5
27605195,,0,0.000003,279,0.000007,0,1,1,0,1,1
27351382,,0,0.000003,279,0.000007,0,1,1,0,1,1
27344275,,0,0.00001,279,0.000007,0,3,3,0,3,3
27158780,,0,0.000003,279,0.000007,0,1,1,0,1,1
26134223,,0.000259,0.000005,279,0.000094,22,2,24,22,2,24
25778799,,0,0.000003,279,0.000007,0,1,1,0,1,1
25376700,,0,0.000003,279,0.000007,0,1,1,0,1,1
25332906,,0,0.000003,279,0.000007,0,1,1,0,1,1
25242053,,0.000108,0.000003,279,0.000071,9,1,10,9,1,10
25019505,,0,0.000003,279,0.000007,0,1,1,0,1,1
24519699,,0,0.000003,279,0.000007,0,1,1,0,1,1
23990933,,0,0.000003,279,0.000007,0,1,1,0,1,1
23640109,,0.00009,0,1,0.000007,1,0,1,1,0,1
23644270,,0.000003,0,5,0.000008,1,0,1,1,0,1
23648462,,0.00159,0,69,0.000013,12,0,12,12,0,12
29725435,,0,0.000099,176,0.000007,0,2,2,0,2,2
29498642,,0,0.000014,176,0.000007,0,2,2,0,2,2
29311911,,0,0.000023,176,0.000007,0,2,2,0,2,2
29097378,,0,0.000006,176,0.000007,0,1,1,0,1,1
27888797,,0,0.000006,176,0.000007,0,1,1,0,1,1
24710276,,0,0.000006,176,0.000007,0,1,1,0,1,1
25860647,,0,0.000003,231,0.000007,0,1,1,0,1,1
29732356,,0,0.000071,205,0.000007,0,1,1,0,1,1
29463243,,0,0.000071,205,0.000007,0,1,1,0,1,1
26862486,,0,0.000071,205,0.000007,0,1,1,0,1,1
23665934,,0.000519,0,279,0.00002,7,0,7,7,0,7
26336579,,0,0.00001,279,0.000007,0,1,1,0,1,1
23666017,,0.000065,0,89,0.000009,2,0,2,2,0,2
23666105,,0,0,231,0.000019,3,0,3,3,0,3
28182136,,0,0,231,0.000007,0,1,1,0,1,1
23666114,,0.000177,0,5,0.000019,10,0,10,10,0,10
27606958,,0,0.000003,5,0.000007,0,1,1,0,1,1
23666231,,0.000262,0,5,0.000013,2,0,2,2,0,2
26077226,,0,0.000005,5,0.000007,0,1,1,0,1,1
23666596,,0.000455,0,140,0.000022,5,0,5,5,0,5
28035996,,0,0.000013,140,0.000007,0,2,2,0,2,2
27277550,,0,0.000009,140,0.000007,0,1,1,0,1,1
25659156,,0,0.000009,140,0.000007,0,1,1,0,1,1
23667202,,0,0,89,0.00001,1,0,1,1,0,1
23670131,,0.002452,0,1,0.000014,8,0,8,8,0,8
23670255,,0.000263,0,279,0.000032,9,0,9,9,0,9
26934861,,0,0.000005,279,0.000007,0,1,1,0,1,1
24167554,,0,0.000005,279,0.000007,0,1,1,0,1,1
30443251,,0,0,72,0.000007,0,1,1,0,1,1
23671131,,0.000003,0,72,0.0002,34,0,34,34,0,34
30287978,,0,0,72,0.000007,0,1,1,0,1,1
29951542,,0,0,72,0.000007,0,1,1,0,1,1
29721017,,0,0,72,0.000007,0,1,1,0,1,1
29415727,,0,0,72,0.000007,0,1,1,0,1,1
29404323,,0,0,72,0.000007,0,1,1,0,1,1
29374012,,0,0,72,0.000007,0,1,1,0,1,1
29312807,,0,0,72,0.000007,0,1,1,0,1,1
29298665,,0,0,72,0.000007,0,1,1,0,1,1
28662100,,0,0,72,0.000007,0,1,1,0,1,1
28396836,,0,0,72,0.000007,0,1,1,0,1,1
28358369,,0,0,72,0.000007,0,1,1,0,1,1
28337286,,0,0,72,0.000007,0,1,1,0,1,1
28123396,,0,0,72,0.000007,0,1,1,0,1,1
28050558,,0,0,72,0.000007,0,1,1,0,1,1
27167197,,0,0,72,0.000007,0,1,1,0,1,1
27147737,,0,0,72,0.000007,0,1,1,0,1,1
27121396,,0,0,72,0.000007,0,1,1,0,1,1
26901069,,0,0,72,0.000007,0,1,1,0,1,1
26456479,,0,0,72,0.000007,0,1,1,0,1,1
26100252,,0,0,72,0.000007,0,1,1,0,1,1
26021873,,0,0,72,0.000007,0,1,1,0,1,1
25881132,,0,0,72,0.000007,0,1,1,0,1,1
25867073,,0,0,72,0.000007,0,1,1,0,1,1
25700367,,0,0,72,0.000007,0,1,1,0,1,1
25632936,,0,0,72,0.000007,0,1,1,0,1,1
25607648,,0,0,72,0.000007,0,1,1,0,1,1
25337946,,0,0,72,0.000007,0,1,1,0,1,1
25333264,,0,0,72,0.000007,0,1,1,0,1,1
25027009,,0,0,72,0.000007,0,1,1,0,1,1
24172202,,0,0,72,0.000007,0,1,1,0,1,1
23673076,,0.000185,0,5,0.000014,6,0,6,6,0,6
30187699,,0,0.000008,69,0.000007,0,1,1,0,1,1
23675882,,0.000414,0,69,0.000035,7,0,7,7,0,7
28236454,,0,0.000008,69,0.000007,0,1,1,0,1,1
27165051,,0,0.000008,69,0.000007,0,1,1,0,1,1
26339605,,0,0.000008,69,0.000007,0,1,1,0,1,1
29301503,,0,0,5,0.000007,0,1,1,0,1,1
28900322,,0,0,5,0.000007,0,1,1,0,1,1
30104678,,0,0.000371,100,0.000007,0,2,2,0,2,2
29531462,,0,0.00028,100,0.000007,0,1,1,0,1,1
29463901,,0,0.00028,100,0.000007,0,1,1,0,1,1
29459768,,0,0.000402,100,0.000007,0,4,4,0,4,4
28262757,,0,0.00028,100,0.000007,0,1,1,0,1,1
27798234,,0.000003,0.00028,69,0.000105,18,1,19,18,1,19
27240471,,0,0.00028,100,0.000007,0,1,1,0,1,1
25818648,,0,0.00028,100,0.000007,0,1,1,0,1,1
25749521,,0,0.000371,100,0.000007,0,2,2,0,2,2
25748172,,0,0.00028,100,0.000007,0,1,1,0,1,1
25371703,,0,0.000297,41,0.000007,0,3,3,0,3,3
24799691,,0,0.00028,100,0.000007,0,1,1,0,1,1
24088820,,0,0.00028,100,0.000007,0,1,1,0,1,1
25001491,,0,0.000016,89,0.000007,0,1,1,0,1,1
23686260,,0.000154,0,72,0.00011,19,0,19,19,0,19
29790226,,0,0.000003,72,0.000007,0,1,1,0,1,1
29541173,,0,0.000003,72,0.000007,0,1,1,0,1,1
29416690,,0,0.000003,72,0.000007,0,1,1,0,1,1
29262356,,0,0.000003,72,0.000007,0,1,1,0,1,1
29138866,,0,0.000003,72,0.000007,0,1,1,0,1,1
28765279,,0,0.000003,72,0.000007,0,1,1,0,1,1
27446471,,0,0.000003,72,0.000007,0,1,1,0,1,1
27186400,,0,0.000003,72,0.000007,0,1,1,0,1,1
27144525,,0,0.000003,72,0.000007,0,1,1,0,1,1
26980276,,0,0.000003,72,0.000007,0,1,1,0,1,1
25749380,,0,0.000003,72,0.000007,0,1,1,0,1,1
25653540,,0,0.000003,72,0.000007,0,1,1,0,1,1
25364713,,0,0.000003,72,0.000007,0,1,1,0,1,1
23689538,,0.000155,0,90,0.000011,2,0,2,2,0,2
29344265,,0,0.000001,35,0.000007,0,1,1,0,1,1
28986517,,0,0.000001,35,0.000007,0,1,1,0,1,1
23692813,,0.000028,0,5,0.000022,6,0,6,6,0,6
26746228,,0,0.000001,5,0.000007,0,1,1,0,1,1
30376856,,0,0,279,0.000007,0,1,1,0,1,1
23693077,,0.000001,0,279,0.000048,8,0,8,8,0,8
29435013,,0,0.000012,279,0.000007,0,2,2,0,2,2
29327812,,0,0,279,0.000007,0,1,1,0,1,1
28790851,,0,0,279,0.000007,0,1,1,0,1,1
27665846,,0,0,279,0.000007,0,1,1,0,1,1
26522727,,0,0,279,0.000007,0,1,1,0,1,1
25531328,,0,0,279,0.000007,0,1,1,0,1,1
23695030,,0.000036,0,35,0.000017,4,0,4,4,0,4
27130446,,0,0.000012,35,0.000007,0,2,2,0,2,2
23695190,,0.000147,0,231,0.000009,3,0,3,3,0,3
23697973,,0.000167,0,89,0.000008,3,0,3,3,0,3
28723940,,0,0.000001,35,0.000007,0,1,1,0,1,1
27473871,,0,0.000001,35,0.000007,0,1,1,0,1,1
25087460,,0,0.000001,35,0.000007,0,1,1,0,1,1
24793698,,0,0.000001,35,0.000007,0,1,1,0,1,1
27623235,,0,0.000007,5,0.000007,0,1,1,0,1,1
29759820,,0,0.000004,57,0.000007,0,1,1,0,1,1
27324260,,0,0.000004,57,0.000007,0,1,1,0,1,1
27149851,,0,0.000279,57,0.000007,0,2,2,0,2,2
26850641,,0,0.000004,57,0.000007,0,1,1,0,1,1
23707676,,0.001819,0,1,0.000016,11,0,11,11,0,11
30092803,,0,0.000037,205,0.000007,0,2,2,0,2,2
27531360,,0,0,5,0.000007,0,2,2,0,2,2
30158248,,0,0.000003,279,0.000007,0,1,1,0,1,1
23711559,,0.000147,0,279,0.000209,38,0,38,38,0,38
30144817,,0,0.000003,279,0.000007,0,1,1,0,1,1
29491628,,0,0.000003,279,0.000007,0,1,1,0,1,1
29285309,,0,0.000003,279,0.000007,0,1,1,0,1,1
29276805,,0,0.000003,279,0.000007,0,1,1,0,1,1
29034060,,0,0.000003,279,0.000007,0,1,1,0,1,1
28649092,,0,0.000003,279,0.000007,0,1,1,0,1,1
27559298,,0,0.000003,279,0.000007,0,1,1,0,1,1
27424798,,0,0.000003,279,0.000007,0,1,1,0,1,1
27358009,,0,0.000003,279,0.000007,0,1,1,0,1,1
27282934,,0,0.000003,279,0.000007,0,1,1,0,1,1
27274734,,0,0.000003,279,0.000007,0,1,1,0,1,1
26770182,,0,0.000003,279,0.000007,0,1,1,0,1,1
26752525,,0,0.000003,279,0.000007,0,1,1,0,1,1
26484269,,0,0.000003,279,0.000007,0,1,1,0,1,1
26392334,,0,0.000003,279,0.000007,0,1,1,0,1,1
26106143,,0,0.000003,279,0.000007,0,1,1,0,1,1
26106137,,0,0.000003,279,0.000007,0,1,1,0,1,1
26059097,,0,0.000003,279,0.000007,0,1,1,0,1,1
25942489,,0,0.000003,279,0.000007,0,1,1,0,1,1
25669983,,0,0.000003,279,0.000007,0,1,1,0,1,1
25568920,,0,0.000003,279,0.000007,0,1,1,0,1,1
25439699,,0,0.000003,279,0.000007,0,1,1,0,1,1
25296972,,0,0.000003,279,0.000007,0,1,1,0,1,1
25286307,,0,0.000003,279,0.000007,0,1,1,0,1,1
25284723,,0,0.000003,279,0.000007,0,1,1,0,1,1
25106881,,0,0.000003,279,0.000007,0,1,1,0,1,1
25082669,,0,0.000003,279,0.000007,0,1,1,0,1,1
25043914,,0,0.000003,279,0.000007,0,1,1,0,1,1
24305570,,0,0.000003,279,0.000007,0,1,1,0,1,1
23714454,,0.000049,0,89,0.00001,3,0,3,3,0,3
27127206,,0,0.000034,232,0.000007,0,2,2,0,2,2
27802813,,0,0,269,0.000007,0,1,1,0,1,1
23720450,,0,0,269,0.000019,2,0,2,2,0,2
27226679,,0,0,269,0.000007,0,1,1,0,1,1
23725378,,0.000003,0,5,0.000008,1,0,1,1,0,1
23729363,,0.000004,0,35,0.000022,6,0,6,6,0,6
27330777,,0,0.000002,35,0.000007,0,2,2,0,2,2
25712056,,0,0,35,0.000007,0,1,1,0,1,1
29795234,,0,0.000603,1,0.000007,0,3,3,0,3,3
25764970,,0,0.000197,1,0.000007,0,1,1,0,1,1
26858085,,0,0.000006,100,0.000007,0,1,1,0,1,1
28412731,,0,0.000001,279,0.000007,0,1,1,0,1,1
26871283,,0,0.000001,279,0.000007,0,1,1,0,1,1
25686837,,0,0.000001,279,0.000007,0,1,1,0,1,1
25365782,,0,0.000025,279,0.000007,0,2,2,0,2,2
24403863,,0,0.000001,279,0.000007,0,1,1,0,1,1
23731020,,0.000048,0,5,0.000008,2,0,2,2,0,2
27867298,,0,0.000041,5,0.000007,0,5,5,0,5,5
23747889,,0.001157,0,1,0.00003,11,0,11,11,0,11
26674097,,0,0.000784,1,0.000007,0,5,5,0,5,5
24246701,,0,0.000036,1,0.000007,0,2,2,0,2,2
23747892,,0.001917,0,1,0.000019,7,0,7,7,0,7
25274115,,0,0.000037,1,0.000007,0,1,1,0,1,1
23747895,,0.00045,0,82,0.000015,6,0,6,6,0,6
30322005,,0,0.000007,72,0.000007,0,2,2,0,2,2
23749772,,0.000266,0,72,0.000091,21,0,21,21,0,21
28800721,,0,0.000022,72,0.000007,0,3,3,0,3,3
28105142,,0,0.000038,72,0.000007,0,4,4,0,4,4
27453575,,0,0.000005,72,0.000007,0,1,1,0,1,1
27185198,,0,0.000005,72,0.000007,0,1,1,0,1,1
26716642,,0,0.000005,72,0.000007,0,1,1,0,1,1
26710269,,0,0.000005,72,0.000007,0,1,1,0,1,1
26550359,,0,0.000005,72,0.000007,0,1,1,0,1,1
26274820,,0,0.000005,72,0.000007,0,1,1,0,1,1
25650662,,0,0.000005,72,0.000007,0,1,1,0,1,1
25538231,,0,0.000005,72,0.000007,0,1,1,0,1,1
24722735,,0,0.000005,72,0.000007,0,1,1,0,1,1
24709955,,0,0.000005,72,0.000007,0,1,1,0,1,1
23754181,,0.000069,0,5,0.000009,2,0,2,2,0,2
30091972,,0,0.000034,392,0.000007,0,3,3,0,3,3
23755193,,0.000001,0,392,0.000033,5,0,5,5,0,5
28750672,,0,0,392,0.000007,0,1,1,0,1,1
25558350,,0,0,392,0.000007,0,1,1,0,1,1
25243180,,0,0,392,0.000007,0,1,1,0,1,1
24262036,,0,0,392,0.000007,0,1,1,0,1,1
26089701,,0,0.000043,1,0.000007,0,1,1,0,1,1
26029996,,0,0.000043,1,0.000007,0,1,1,0,1,1
25113766,,0,0.000132,1,0.000007,0,2,2,0,2,2
24814985,,0,0,90,0.000007,0,1,1,0,1,1
29980579,,0,0.000005,231,0.000007,0,1,1,0,1,1
29592948,,0,0.000005,231,0.000007,0,1,1,0,1,1
29101939,,0,0.000005,231,0.000007,0,1,1,0,1,1
29052219,,0,0.000005,231,0.000007,0,1,1,0,1,1
28868359,,0,0.000005,231,0.000007,0,1,1,0,1,1
28856246,,0,0.000005,231,0.000007,0,1,1,0,1,1
28615284,,0,0.000005,231,0.000007,0,1,1,0,1,1
27758888,,0,0.000005,231,0.000007,0,1,1,0,1,1
27516730,,0,0.000005,231,0.000007,0,1,1,0,1,1
26903268,,0,0.000005,231,0.000007,0,1,1,0,1,1
26788497,,0,0.000005,231,0.000007,0,1,1,0,1,1
26503816,,0,0.000005,231,0.000007,0,1,1,0,1,1
25060891,,0,0.000005,231,0.000007,0,1,1,0,1,1
23635953,,0,0.000005,231,0.000007,0,1,1,0,1,1
27884911,,0,0.000003,89,0.000007,0,1,1,0,1,1
30353005,,0,0.000008,100,0.000007,0,1,1,0,1,1
28423605,,0,0.000008,100,0.000007,0,1,1,0,1,1
28360138,,0,0.000008,100,0.000007,0,1,1,0,1,1
27833901,,0,0.000008,100,0.000007,0,1,1,0,1,1
27671678,,0,0.000018,176,0.000007,0,2,2,0,2,2
27107568,,0,0.000008,100,0.000007,0,1,1,0,1,1
26907685,,0,0.000008,100,0.000007,0,1,1,0,1,1
26045975,,0,0.000008,100,0.000007,0,1,1,0,1,1
25959817,,0,0.000008,100,0.000007,0,1,1,0,1,1
25619437,,0,0.000008,100,0.000007,0,1,1,0,1,1
25274491,,0,0.000008,100,0.000007,0,1,1,0,1,1
24820413,,0,0.000008,100,0.000007,0,1,1,0,1,1
23772696,,0.000438,0,89,0.000008,3,0,3,3,0,3
30214571,,0,0,69,0.000007,0,1,1,0,1,1
28789435,,0,0,69,0.000007,0,1,1,0,1,1
26798434,,0,0.000006,69,0.000007,0,2,2,0,2,2
26314797,,0,0,69,0.000007,0,1,1,0,1,1
25493373,,0,0,69,0.000007,0,1,1,0,1,1
25173582,,0,0,69,0.000007,0,1,1,0,1,1
25152585,,0,0,69,0.000007,0,1,1,0,1,1
25084000,,0,0,69,0.000007,0,1,1,0,1,1
27931260,,0,0.000003,231,0.000007,0,1,1,0,1,1
23922232,,0,0.000109,231,0.000007,0,2,2,0,2,2
30078197,,0,0,279,0.000007,0,1,1,0,1,1
29921024,,0,0,279,0.000007,0,1,1,0,1,1
28334780,,0,0,279,0.000007,0,1,1,0,1,1
26795696,,0,0,279,0.000007,0,1,1,0,1,1
26544176,,0,0,279,0.000007,0,1,1,0,1,1
24360810,,0,0,279,0.000007,0,1,1,0,1,1
30425520,,0,0.000107,1,0.000007,0,1,1,0,1,1
23779253,,0.005587,0,1,0.000078,36,0,36,36,0,36
30206225,,0,0.000107,1,0.000007,0,1,1,0,1,1
29849630,,0,0.000111,205,0.000007,0,2,2,0,2,2
27099857,,0,0.000107,1,0.000007,0,1,1,0,1,1
23784379,,0.000642,0,5,0.000028,18,0,18,18,0,18
27562384,,0,0.00005,5,0.000007,0,2,2,0,2,2
23787073,,0,0,231,0.00001,1,0,1,1,0,1
23791828,,0.003123,0,69,0.000073,21,0,21,21,0,21
29808010,,0,0.00006,69,0.000007,0,1,1,0,1,1
29254242,,0,0.00006,69,0.000007,0,1,1,0,1,1
28417598,,0,0.00006,69,0.000007,0,1,1,0,1,1
26797085,,0,0.00006,69,0.000007,0,1,1,0,1,1
25487882,,0,0.00006,69,0.000007,0,1,1,0,1,1
25320517,,0,0.00006,69,0.000007,0,1,1,0,1,1
25232318,,0,0.00006,69,0.000007,0,1,1,0,1,1
24478471,,0,0.00006,69,0.000007,0,1,1,0,1,1
28713997,,0,0,89,0.000007,0,1,1,0,1,1
26599280,,0,0,89,0.000007,0,1,1,0,1,1
25672464,,0,0,89,0.000007,0,1,1,0,1,1
29688260,,0,0.000024,232,0.000007,0,2,2,0,2,2
28967881,,0,0.000007,232,0.000007,0,1,1,0,1,1
26393661,,0,0.000007,232,0.000007,0,1,1,0,1,1
25416942,,0,0.000007,232,0.000007,0,1,1,0,1,1
29489476,,0,0.000001,5,0.000007,0,1,1,0,1,1
26086547,,0,0.000001,5,0.000007,0,1,1,0,1,1
23800003,,0.000227,0,89,0.00004,10,0,10,10,0,10
27500495,,0,0.000004,89,0.000007,0,1,1,0,1,1
27241711,,0,0.000004,89,0.000007,0,1,1,0,1,1
26677226,,0,0.000004,89,0.000007,0,1,1,0,1,1
25757017,,0,0.000004,89,0.000007,0,1,1,0,1,1
23803067,,0.000036,0,24,0.000012,4,0,4,4,0,4
25674147,,0,0.000009,24,0.000007,0,7,7,0,7,7
23803109,,0.000197,0,89,0.000008,2,0,2,2,0,2
28515355,,0,0.000005,90,0.000007,0,1,1,0,1,1
23810788,,0.055301,0,1,0.000237,110,0,110,110,0,110
29911685,,0,0.001055,1,0.000007,0,1,1,0,1,1
29043410,,0,0.001828,1,0.000007,0,2,2,0,2,2
27469586,,0,0.001926,1,0.000007,0,3,3,0,3,3
27148695,,0,0.001901,1,0.000007,0,2,2,0,2,2
26379078,,0,0.001055,1,0.000007,0,1,1,0,1,1
25454616,,0,0.001055,1,0.000007,0,1,1,0,1,1
25222379,,0,0.001055,1,0.000007,0,1,1,0,1,1
23812457,,0.000008,0,35,0.000008,1,0,1,1,0,1
27840965,,0,0.000003,35,0.000007,0,1,1,0,1,1
27145456,,0,0.000003,35,0.000007,0,1,1,0,1,1
25811972,,0,0.000003,35,0.000007,0,1,1,0,1,1
25301732,,0,0.000003,35,0.000007,0,1,1,0,1,1
28068382,,0,0,5,0.000007,0,1,1,0,1,1
30386739,,0,0.000007,194,0.000007,0,1,1,0,1,1
23824362,,0.000372,0,194,0.000035,6,0,6,6,0,6
29719630,,0,0.000007,194,0.000007,0,1,1,0,1,1
27729091,,0,0.000007,194,0.000007,0,1,1,0,1,1
27004955,,0,0.000007,194,0.000007,0,1,1,0,1,1
29977027,,0,0.000006,2,0.000007,0,1,1,0,1,1
29976923,,0,0.000006,2,0.000007,0,1,1,0,1,1
29540502,,0,0.000006,2,0.000007,0,1,1,0,1,1
29443055,,0,0.000006,2,0.000007,0,1,1,0,1,1
29126117,,0,0.000006,2,0.000007,0,1,1,0,1,1
28617799,,0,0.000006,2,0.000007,0,1,1,0,1,1
27795737,,0,0.000006,2,0.000007,0,1,1,0,1,1
27172213,,0,0.000006,2,0.000007,0,1,1,0,1,1
26745237,,0,0.000006,2,0.000007,0,1,1,0,1,1
25934699,,0,0.000006,2,0.000007,0,1,1,0,1,1
25884295,,0,0.000006,2,0.000007,0,1,1,0,1,1
25768017,,0,0.000006,2,0.000007,0,1,1,0,1,1
25634095,,0,0.000006,2,0.000007,0,1,1,0,1,1
24992337,,0,0.000006,2,0.000007,0,1,1,0,1,1
24456183,,0,0.000006,2,0.000007,0,1,1,0,1,1
29417299,,0,0.000088,35,0.000007,0,4,4,0,4,4
23824643,,0.000018,0,35,0.000035,8,0,8,8,0,8
28544579,,0,0,35,0.000007,0,1,1,0,1,1
27307757,,0,0,35,0.000007,0,1,1,0,1,1
26418877,,0,0,35,0.000007,0,1,1,0,1,1
23824750,,0.000227,0,35,0.000008,3,0,3,3,0,3
23825154,,0.001987,0,1,0.000035,14,0,14,14,0,14
28852434,,0,0.000038,1,0.000007,0,1,1,0,1,1
25865775,,0,0.000038,1,0.000007,0,1,1,0,1,1
23827720,,0.000227,0,5,0.000057,17,0,17,17,0,17
29493583,,0,0.000004,5,0.000007,0,1,1,0,1,1
27716119,,0,0.000004,5,0.000007,0,1,1,0,1,1
27687585,,0,0.000004,5,0.000007,0,1,1,0,1,1
25654083,,0,0.000004,5,0.000007,0,1,1,0,1,1
24049051,,0,0.000004,5,0.000007,0,1,1,0,1,1
30193538,,0,0.000001,35,0.000007,0,1,1,0,1,1
23828443,,0.000068,0,35,0.000046,9,0,9,9,0,9
28352189,,0,0.000001,35,0.000007,0,1,1,0,1,1
27573075,,0,0.000001,35,0.000007,0,1,1,0,1,1
26266810,,0,0.000001,35,0.000007,0,1,1,0,1,1
25328407,,0,0.000001,35,0.000007,0,1,1,0,1,1
29437554,,0,0.000041,1,0.000007,0,1,1,0,1,1
29429960,,0,0.000041,1,0.000007,0,1,1,0,1,1
29296788,,0,0.000614,1,0.000007,0,2,2,0,2,2
29115896,,0,0.000091,1,0.000007,0,2,2,0,2,2
28989535,,0,0.000041,1,0.000007,0,1,1,0,1,1
28673390,,0,0.000041,1,0.000007,0,1,1,0,1,1
27793879,,0,0.000041,1,0.000007,0,1,1,0,1,1
27630126,,0,0.000041,1,0.000007,0,1,1,0,1,1
27485291,,0,0.000041,1,0.000007,0,1,1,0,1,1
27391342,,0,0.000041,1,0.000007,0,1,1,0,1,1
27281222,,0,0.000041,1,0.000007,0,1,1,0,1,1
27048866,,0,0.000041,1,0.000007,0,1,1,0,1,1
26136341,,0,0.000041,1,0.000007,0,1,1,0,1,1
25573989,,0,0.000041,1,0.000007,0,1,1,0,1,1
27917508,,0,0.000005,5,0.000007,0,1,1,0,1,1
26809251,,0,0.000005,5,0.000007,0,1,1,0,1,1
23842040,,0.000126,0,140,0.000007,1,0,1,1,0,1
24936516,,0,0,35,0.000007,0,1,1,0,1,1
25285857,,0,0.000004,100,0.000007,0,1,1,0,1,1
25157372,,0,0.000004,100,0.000007,0,1,1,0,1,1
29503660,,0,0.000007,5,0.000007,0,2,2,0,2,2
26300657,,0,0.00001,89,0.000007,0,2,2,0,2,2
29559845,,0,0,24,0.000007,0,1,1,0,1,1
23856272,,0,0,24,0.000072,12,0,12,12,0,12
28486397,,0,0,24,0.000007,0,1,1,0,1,1
27803671,,0,0,24,0.000007,0,1,1,0,1,1
27625611,,0,0,24,0.000007,0,1,1,0,1,1
27458380,,0,0,24,0.000007,0,1,1,0,1,1
27303307,,0,0,24,0.000007,0,1,1,0,1,1
26638194,,0,0,24,0.000007,0,1,1,0,1,1
26010602,,0,0,24,0.000007,0,1,1,0,1,1
25379789,,0,0,24,0.000007,0,1,1,0,1,1
24111791,,0,0,24,0.000007,0,1,1,0,1,1
23859469,,0.000064,0,5,0.000007,1,0,1,1,0,1
29398928,,0,0,5,0.000007,0,1,1,0,1,1
28944231,,0,0,5,0.000007,0,1,1,0,1,1
30456364,,0,0.000007,279,0.000007,0,1,1,0,1,1
30190818,,0,0.000007,279,0.000007,0,1,1,0,1,1
29967776,,0,0.000007,279,0.000007,0,1,1,0,1,1
29686035,,0,0.000007,279,0.000007,0,1,1,0,1,1
29662176,,0,0.000007,279,0.000007,0,1,1,0,1,1
29416729,,0,0.000007,279,0.000007,0,1,1,0,1,1
29124194,,0,0.000007,279,0.000007,0,1,1,0,1,1
28915713,,0,0.000007,279,0.000007,0,1,1,0,1,1
28781720,,0,0.000007,279,0.000007,0,1,1,0,1,1
28420162,,0,0.000007,279,0.000007,0,1,1,0,1,1
28417948,,0,0.000007,279,0.000007,0,1,1,0,1,1
28358347,,0,0.000007,279,0.000007,0,1,1,0,1,1
28197395,,0,0.000007,279,0.000007,0,1,1,0,1,1
28132882,,0,0.000007,279,0.000007,0,1,1,0,1,1
27925266,,0,0.000007,279,0.000007,0,1,1,0,1,1
27841696,,0,0.000007,279,0.000007,0,1,1,0,1,1
26992207,,0,0.000007,279,0.000007,0,1,1,0,1,1
26934553,,0,0.000007,279,0.000007,0,1,1,0,1,1
26921338,,0,0.000007,279,0.000007,0,1,1,0,1,1
26812134,,0,0.000007,279,0.000007,0,1,1,0,1,1
26511813,,0,0.000007,279,0.000007,0,1,1,0,1,1
26375670,,0,0.000007,279,0.000007,0,1,1,0,1,1
26284610,,0,0.000007,279,0.000007,0,1,1,0,1,1
25970706,,0,0.000007,279,0.000007,0,1,1,0,1,1
25714853,,0,0.000007,279,0.000007,0,1,1,0,1,1
25314297,,0,0.000007,279,0.000007,0,1,1,0,1,1
25097747,,0,0.000007,279,0.000007,0,1,1,0,1,1
25002027,,0,0.000007,279,0.000007,0,1,1,0,1,1
24994116,,0,0.000007,279,0.000007,0,1,1,0,1,1
24672772,,0,0.000007,279,0.000007,0,1,1,0,1,1
24434780,,0,0.000007,279,0.000007,0,1,1,0,1,1
23860775,,0.000344,0,87,0.000038,11,0,11,11,0,11
29088827,,0,0.000034,87,0.000007,0,2,2,0,2,2
28696357,,0,0.000007,87,0.000007,0,1,1,0,1,1
29766738,,0,0.000083,100,0.000007,0,2,2,0,2,2
29650758,,0,0.000001,100,0.000007,0,1,1,0,1,1
29483867,,0,0.000001,100,0.000007,0,1,1,0,1,1
29154038,,0,0.000001,100,0.000007,0,1,1,0,1,1
28981898,,0,0.000001,100,0.000007,0,1,1,0,1,1
27938491,,0,0.000001,100,0.000007,0,2,2,0,2,2
27903275,,0,0.000001,100,0.000007,0,1,1,0,1,1
26733343,,0,0.000001,100,0.000007,0,1,1,0,1,1
26477779,,0,0.000001,100,0.000007,0,1,1,0,1,1
26421275,,0,0.000001,100,0.000007,0,1,1,0,1,1
25625488,,0,0.000001,100,0.000007,0,1,1,0,1,1
25184665,,0,0.000001,100,0.000007,0,1,1,0,1,1
25172552,,0,0.000001,100,0.000007,0,1,1,0,1,1
24602248,,0,0.000001,100,0.000007,0,1,1,0,1,1
24412988,,0,0.000001,100,0.000007,0,1,1,0,1,1
30129502,,0,0.000009,5,0.000007,0,1,1,0,1,1
28113005,,0,0.000009,5,0.000007,0,1,1,0,1,1
27524781,,0,0.000009,5,0.000007,0,1,1,0,1,1
27052590,,0,0.000009,5,0.000007,0,1,1,0,1,1
25293970,,0,0.000009,5,0.000007,0,1,1,0,1,1
24609845,,0,0.000009,5,0.000007,0,1,1,0,1,1
24150907,,0,0.000009,5,0.000007,0,1,1,0,1,1
24105362,,0,0.000009,5,0.000007,0,1,1,0,1,1
29670855,,0,0.000007,90,0.000007,0,1,1,0,1,1
29137220,,0,0.000007,90,0.000007,0,1,1,0,1,1
27634768,,0,0.000007,90,0.000007,0,1,1,0,1,1
27097729,,0,0.000007,90,0.000007,0,1,1,0,1,1
25876993,,0,0.000007,90,0.000007,0,1,1,0,1,1
25702703,,0,0.000007,90,0.000007,0,1,1,0,1,1
25247468,,0,0.000007,90,0.000007,0,1,1,0,1,1
25202398,,0,0.000007,90,0.000007,0,1,1,0,1,1
23865803,,0.000008,0,5,0.000009,2,0,2,2,0,2
23867111,,0.009381,0,140,0.000064,34,0,34,34,0,34
27980066,,0,0.000179,140,0.000007,0,1,1,0,1,1
29757876,,0,0.000055,1,0.000007,0,1,1,0,1,1
29163536,,0,0.000055,1,0.000007,0,1,1,0,1,1
29163180,,0,0.000055,1,0.000007,0,1,1,0,1,1
28632196,,0,0.000055,1,0.000007,0,1,1,0,1,1
23870334,,0.000001,0,5,0.000009,1,0,1,1,0,1
29561763,,0,0.000084,35,0.000007,0,3,3,0,3,3
29345977,,0,0.00001,35,0.000007,0,1,1,0,1,1
28732021,,0,0.00001,35,0.000007,0,1,1,0,1,1
28693495,,0,0.00001,35,0.000007,0,1,1,0,1,1
28577439,,0,0.00001,100,0.000007,0,2,2,0,2,2
27873240,,0,0.00001,35,0.000007,0,1,1,0,1,1
25587678,,0,0.00001,35,0.000007,0,1,1,0,1,1
24832581,,0,0.00001,35,0.000007,0,1,1,0,1,1
24603603,,0,0.00001,35,0.000007,0,1,1,0,1,1
23877192,,0.000323,0,89,0.000007,2,0,2,2,0,2
29866062,,0,0.000002,5,0.000007,0,1,1,0,1,1
25198723,,0,0.000002,5,0.000007,0,1,1,0,1,1
28250728,,0,0.000025,69,0.000007,0,1,1,0,1,1
23880597,,0.001336,0,69,0.000018,9,0,9,9,0,9
29102676,,0,0.000001,35,0.000007,0,1,1,0,1,1
28099142,,0,0.000001,35,0.000007,0,1,1,0,1,1
28036353,,0,0.000001,35,0.000007,0,1,1,0,1,1
27886516,,0,0.000001,35,0.000007,0,1,1,0,1,1
25435019,,0,0.000001,35,0.000007,0,1,1,0,1,1
25194152,,0,0.000001,35,0.000007,0,1,1,0,1,1
28715534,,0,0,241,0.000007,0,1,1,0,1,1
23881471,,0,0,241,0.000028,4,0,4,4,0,4
25372289,,0,0,241,0.000007,0,1,1,0,1,1
24574769,,0,0,241,0.000007,0,1,1,0,1,1
30266942,,0,0.001134,1,0.000007,0,4,4,0,4,4
23881923,,0.03006,0,1,0.000106,86,0,86,86,0,86
29875130,,0,0.000789,1,0.000007,0,2,2,0,2,2
28150217,,0,0.000573,1,0.000007,0,1,1,0,1,1
26559976,,0,0.000599,1,0.000007,0,2,2,0,2,2
24589584,,0,0.000093,1,0.000007,0,1,1,0,1,1
23884548,,0.000219,0,5,0.000009,4,0,4,4,0,4
23885733,,0.000446,0,89,0.000016,5,0,5,5,0,5
27178644,,0,0.000008,89,0.000007,0,1,1,0,1,1
23886119,,0.000102,0,231,0.00002,6,0,6,6,0,6
26877848,,0,0.000002,231,0.000007,0,1,1,0,1,1
23888958,,0.000217,0,176,0.00003,7,0,7,7,0,7
28927055,,0,0.000004,176,0.000007,0,1,1,0,1,1
27242340,,0,0.000004,176,0.000007,0,1,1,0,1,1
26123544,,0,0.000004,176,0.000007,0,1,1,0,1,1
23893897,,0.000578,0,140,0.000015,12,0,12,12,0,12
23895125,,0.000046,0,89,0.000007,1,0,1,1,0,1
30250602,,0,0.000009,231,0.000007,0,2,2,0,2,2
23897704,,0.000271,0,231,0.000024,7,0,7,7,0,7
26317411,,0,0.000005,231,0.000007,0,1,1,0,1,1
25120655,,0,0.000005,231,0.000007,0,1,1,0,1,1
28430587,,0,0.000013,100,0.000007,0,1,1,0,1,1
28067843,,0,0.000013,100,0.000007,0,1,1,0,1,1
26800464,,0,0.000013,100,0.000007,0,1,1,0,1,1
26223641,,0,0.000013,100,0.000007,0,1,1,0,1,1
25005870,,0,0.000013,100,0.000007,0,1,1,0,1,1
24939902,,0,0.000013,100,0.000007,0,1,1,0,1,1
23911796,,0.000051,0,231,0.000008,1,0,1,1,0,1
30464510,,0,0.000024,57,0.000007,0,1,1,0,1,1
23911928,,0.00125,0,57,0.00046,95,0,95,95,0,95
30333863,,0,0.000024,57,0.000007,0,1,1,0,1,1
30270107,,0,0.000069,100,0.000007,0,3,3,0,3,3
30250025,,0,0.000024,57,0.000007,0,1,1,0,1,1
30143629,,0,0.000024,57,0.000007,0,1,1,0,1,1
30037368,,0,0.000024,57,0.000007,0,1,1,0,1,1
30034937,,0,0.000024,57,0.000007,0,1,1,0,1,1
30006387,,0,0.000024,57,0.000007,0,1,1,0,1,1
29966233,,0,0.000024,57,0.000007,0,1,1,0,1,1
29773913,,0,0.000024,57,0.000007,0,1,1,0,1,1
29599436,,0,0.000024,57,0.000007,0,1,1,0,1,1
29555651,,0,0.000024,57,0.000007,0,1,1,0,1,1
29552180,,0,0.000024,57,0.000007,0,1,1,0,1,1
29447383,,0,0.000024,57,0.000007,0,1,1,0,1,1
29317652,,0,0.000024,57,0.000007,0,1,1,0,1,1
29021563,,0,0.000024,57,0.000007,0,1,1,0,1,1
28974511,,0,0.000024,57,0.000007,0,1,1,0,1,1
28887543,,0,0.000024,57,0.000007,0,1,1,0,1,1
28860594,,0,0.000024,57,0.000007,0,1,1,0,1,1
28847829,,0,0.000024,57,0.000007,0,1,1,0,1,1
28406750,,0,0.000106,57,0.000007,0,2,2,0,2,2
28406396,,0,0.000024,57,0.000007,0,1,1,0,1,1
28355558,,0,0.000024,57,0.000007,0,1,1,0,1,1
28145905,,0,0.000024,57,0.000007,0,1,1,0,1,1
27882448,,0,0.000024,57,0.000007,0,1,1,0,1,1
27836583,,0,0.000024,57,0.000007,0,1,1,0,1,1
27821479,,0,0.000024,57,0.000007,0,1,1,0,1,1
27762282,,0,0.000024,57,0.000007,0,1,1,0,1,1
27692431,,0,0.000024,57,0.000007,0,1,1,0,1,1
27599530,,0,0.000051,57,0.000007,0,2,2,0,2,2
27568560,,0,0.000024,57,0.000007,0,1,1,0,1,1
27436229,,0,0.000057,35,0.000007,0,3,3,0,3,3
27259204,,0,0.000024,57,0.000007,0,1,1,0,1,1
27259202,,0,0.000024,57,0.000007,0,1,1,0,1,1
27249230,,0,0.000024,57,0.000007,0,1,1,0,1,1
27246713,,0,0.000024,57,0.000007,0,1,1,0,1,1
27229519,,0,0.000024,57,0.000007,0,1,1,0,1,1
27225932,,0,0.000024,57,0.000007,0,1,1,0,1,1
27187594,,0,0.000024,57,0.000007,0,1,1,0,1,1
27156849,,0,0.000024,57,0.000007,0,1,1,0,1,1
27152839,,0,0.000024,57,0.000007,0,1,1,0,1,1
27043296,,0,0.000024,57,0.000007,0,1,1,0,1,1
26956196,,0,0.000024,57,0.000007,0,1,1,0,1,1
26923716,,0,0.000024,57,0.000007,0,1,1,0,1,1
26768768,,0,0.000024,57,0.000007,0,1,1,0,1,1
26492570,,0,0.000024,57,0.000007,0,1,1,0,1,1
26373265,,0,0.000024,57,0.000007,0,1,1,0,1,1
26335311,,0,0.000024,57,0.000007,0,1,1,0,1,1
26089404,,0,0.000024,57,0.000007,0,1,1,0,1,1
26075616,,0,0.000024,57,0.000007,0,1,1,0,1,1
26063178,,0,0.000024,57,0.000007,0,1,1,0,1,1
25915124,,0,0.000024,57,0.000007,0,1,1,0,1,1
25907989,,0,0.000024,57,0.000007,0,1,1,0,1,1
25798127,,0,0.000024,57,0.000007,0,1,1,0,1,1
25607651,,0,0.000024,57,0.000007,0,1,1,0,1,1
25533843,,0,0.000024,57,0.000007,0,1,1,0,1,1
25320180,,0,0.000024,57,0.000007,0,1,1,0,1,1
25175731,,0,0.000024,57,0.000007,0,1,1,0,1,1
25085992,,0,0.000024,57,0.000007,0,1,1,0,1,1
25083875,,0,0.000024,57,0.000007,0,1,1,0,1,1
25058002,,0,0.000024,57,0.000007,0,1,1,0,1,1
25033177,,0,0.000024,57,0.000007,0,1,1,0,1,1
25005742,,0,0.000024,57,0.000007,0,1,1,0,1,1
24990377,,0,0.000024,57,0.000007,0,1,1,0,1,1
24725594,,0,0.000024,57,0.000007,0,1,1,0,1,1
24579733,,0,0.000024,57,0.000007,0,1,1,0,1,1
24438746,,0,0.000024,57,0.000007,0,1,1,0,1,1
29523818,,0,0.000011,69,0.000007,0,1,1,0,1,1
23913164,,0.00057,0,69,0.000032,7,0,7,7,0,7
29258235,,0,0.000011,69,0.000007,0,1,1,0,1,1
27747316,,0,0.000011,69,0.000007,0,1,1,0,1,1
26351324,,0,0.000361,69,0.000007,0,3,3,0,3,3
29976154,,0,0.000009,35,0.000007,0,1,1,0,1,1
29119627,,0,0.000009,35,0.000007,0,1,1,0,1,1
28825599,,0,0.000099,35,0.000007,0,4,4,0,4,4
27906684,,0,0.000009,35,0.000007,0,1,1,0,1,1
27105525,,0,0.000009,35,0.000007,0,1,1,0,1,1
25531443,,0,0.000009,35,0.000007,0,1,1,0,1,1
24797450,,0,0.000009,35,0.000007,0,1,1,0,1,1
25197413,,0,0.000065,5,0.000007,0,2,2,0,2,2
23922302,,0.016271,0,1,0.000045,25,0,25,25,0,25
28974545,,0,0.002469,1,0.000007,0,7,7,0,7,7
23929434,,0.000535,0,140,0.000008,2,0,2,2,0,2
29113248,,0,0,270,0.000007,0,1,1,0,1,1
23934182,,0,0,270,0.000025,3,0,3,3,0,3
27848965,,0,0,270,0.000007,0,1,1,0,1,1
27775595,,0,0,270,0.000007,0,1,1,0,1,1
29689452,,0,0.000011,100,0.000007,0,1,1,0,1,1
28272375,,0,0.000011,100,0.000007,0,1,1,0,1,1
27407146,,0,0.000011,100,0.000007,0,1,1,0,1,1
26883636,,0,0.000011,100,0.000007,0,1,1,0,1,1
26136769,,0,0.000029,100,0.000007,0,2,2,0,2,2
25765657,,0,0.000011,100,0.000007,0,1,1,0,1,1
25589786,,0,0.000011,100,0.000007,0,1,1,0,1,1
25418155,,0,0.000011,100,0.000007,0,1,1,0,1,1
25245947,,0,0.000011,100,0.000007,0,1,1,0,1,1
25193669,,0,0.000011,100,0.000007,0,1,1,0,1,1
25080506,,0,0.000011,100,0.000007,0,1,1,0,1,1
25023283,,0,0.000011,100,0.000007,0,1,1,0,1,1
24931273,,0,0.000011,100,0.000007,0,1,1,0,1,1
24163102,,0,0.000011,100,0.000007,0,1,1,0,1,1
25170075,,0,0.000408,100,0.000007,0,3,3,0,3,3
26773531,,0,0,5,0.000007,0,1,1,0,1,1
24466463,,0,0,5,0.000007,0,1,1,0,1,1
29630406,,0,0.000027,57,0.000007,0,1,1,0,1,1
28123594,,0,0.000027,57,0.000007,0,1,1,0,1,1
27733505,,0,0.000027,57,0.000007,0,1,1,0,1,1
27705914,,0,0.000027,57,0.000007,0,1,1,0,1,1
27235538,,0,0.000027,57,0.000007,0,1,1,0,1,1
27034805,,0,0.000027,57,0.000007,0,1,1,0,1,1
26903311,,0,0.000027,57,0.000007,0,1,1,0,1,1
26735339,,0,0.000027,57,0.000007,0,1,1,0,1,1
26255936,,0,0.000027,57,0.000007,0,1,1,0,1,1
25605253,,0,0.000027,57,0.000007,0,1,1,0,1,1
25289647,,0,0.000027,57,0.000007,0,1,1,0,1,1
24335310,,0,0.000027,57,0.000007,0,1,1,0,1,1
23940062,,0.000024,0,89,0.000007,1,0,1,1,0,1
23940229,,0.003382,0,1,0.000053,22,0,22,22,0,22
26517676,,0,0.000064,1,0.000007,0,1,1,0,1,1
24136669,,0.0001,0.000064,90,0.000014,3,1,4,3,1,4
23940285,,0.000399,0,5,0.000026,10,0,10,10,0,10
26648250,,0,0.000008,5,0.000007,0,1,1,0,1,1
25677741,,0,0.000008,5,0.000007,0,1,1,0,1,1
29950180,,0,0.000228,41,0.000007,0,2,2,0,2,2
28916831,,0,0,41,0.000007,0,1,1,0,1,1
26495179,,0,0,89,0.000007,0,1,1,0,1,1
24662328,,0,0,89,0.000007,0,1,1,0,1,1
23941904,,0.001104,0,1,0.000008,3,0,3,3,0,3
28658281,,0,0.000025,89,0.000007,0,2,2,0,2,2
28498465,,0,0.000024,89,0.000007,0,1,1,0,1,1
28422718,,0,0.000048,5,0.000007,0,5,5,0,5,5
28249565,,0,0.000094,89,0.000007,0,2,2,0,2,2
28000698,,0,0.000024,89,0.000007,0,1,1,0,1,1
27725223,,0,0.000025,89,0.000007,0,2,2,0,2,2
27706244,,0,0.000024,89,0.000007,0,1,1,0,1,1
27054081,,0,0.000024,89,0.000007,0,1,1,0,1,1
27034166,,0,0.000024,89,0.000007,0,1,1,0,1,1
27004399,,0,0.000024,89,0.000007,0,1,1,0,1,1
25579085,,0,0.000024,89,0.000007,0,1,1,0,1,1
30319594,,0,0.000004,168,0.000007,0,1,1,0,1,1
30174439,,0,0.000004,168,0.000007,0,1,1,0,1,1
29557526,,0,0.000004,168,0.000007,0,1,1,0,1,1
29357938,,0,0.000004,168,0.000007,0,1,1,0,1,1
28886127,,0,0.000217,168,0.000007,0,2,2,0,2,2
28402269,,0,0.000004,168,0.000007,0,1,1,0,1,1
28134935,,0,0.000004,168,0.000007,0,1,1,0,1,1
27701465,,0,0.000004,168,0.000007,0,1,1,0,1,1
27698350,,0,0.000004,168,0.000007,0,1,1,0,1,1
27402613,,0,0.000009,168,0.000007,0,2,2,0,2,2
27127675,,0,0.000004,168,0.000007,0,1,1,0,1,1
26195352,,0,0.000004,168,0.000007,0,1,1,0,1,1
25888625,,0,0.000004,168,0.000007,0,1,1,0,1,1
25364498,,0,0.000004,168,0.000007,0,1,1,0,1,1
25342715,,0,0.000004,168,0.000007,0,1,1,0,1,1
27001628,,0,0.00001,205,0.000007,0,1,1,0,1,1
25953379,,0,0.00001,205,0.000007,0,1,1,0,1,1
25820426,,0,0.00001,205,0.000007,0,1,1,0,1,1
28932368,,0,0.000014,100,0.000007,0,2,2,0,2,2
23954390,,0,0,100,0.00001,1,0,1,1,0,1
23955079,,0.001367,0,1,0.000069,7,0,7,7,0,7
27579310,,0,0.000007,100,0.000007,0,1,1,0,1,1
23957571,,0.000371,0,100,0.000013,2,0,2,2,0,2
23958087,,0.000037,0,89,0.000007,1,0,1,1,0,1
29142473,,0,0,231,0.000007,0,1,1,0,1,1
27208086,,0,0,231,0.000007,0,1,1,0,1,1
25534755,,0,0,231,0.000007,0,1,1,0,1,1
25488688,,0,0,231,0.000007,0,1,1,0,1,1
23966579,,0.000248,0,184,0.000013,5,0,5,5,0,5
27716277,,0,0.000004,89,0.000007,0,1,1,0,1,1
25133503,,0,0.000004,89,0.000007,0,1,1,0,1,1
24711897,,0,0.000004,89,0.000007,0,1,1,0,1,1
24672537,,0,0.000004,89,0.000007,0,1,1,0,1,1
23972475,,0.000165,0,5,0.00001,6,0,6,6,0,6
30281872,,0,0,24,0.000007,0,1,1,0,1,1
23973201,,0.00001,0,24,0.000072,16,0,16,16,0,16
27767175,,0,0,24,0.000007,0,1,1,0,1,1
27607585,,0,0,24,0.000007,0,1,1,0,1,1
27465648,,0,0,24,0.000007,0,2,2,0,2,2
27181838,,0,0,24,0.000007,0,1,1,0,1,1
26893365,,0,0,24,0.000007,0,1,1,0,1,1
26585370,,0,0,24,0.000007,0,2,2,0,2,2
26056042,,0,0,24,0.000007,0,1,1,0,1,1
25784983,,0,0,24,0.000007,0,1,1,0,1,1
30348983,,0,0.000006,57,0.000007,0,1,1,0,1,1
30242288,,0,0.000006,57,0.000007,0,1,1,0,1,1
29480799,,0,0.000006,57,0.000007,0,1,1,0,1,1
29385673,,0,0.000006,57,0.000007,0,1,1,0,1,1
29217771,,0,0.000006,57,0.000007,0,1,1,0,1,1
28855339,,0,0.000006,57,0.000007,0,1,1,0,1,1
28801535,,0,0.000006,57,0.000007,0,1,1,0,1,1
28261335,,0,0.000006,57,0.000007,0,1,1,0,1,1
26259146,,0,0.000006,57,0.000007,0,1,1,0,1,1
25957486,,0,0.000036,57,0.000007,0,3,3,0,3,3
24887097,,0,0.00001,57,0.000007,0,2,2,0,2,2
24522885,,0,0.000006,57,0.000007,0,1,1,0,1,1
23974388,,0.000818,0,5,0.000007,2,0,2,2,0,2
30486812,,0,0.00001,5,0.000007,0,1,1,0,1,1
23974829,,0.000504,0,5,0.000044,14,0,14,14,0,14
28832568,,0,0.00001,5,0.000007,0,1,1,0,1,1
28491141,,0,0.000094,205,0.000007,0,3,3,0,3,3
24895224,,0,0.00001,5,0.000007,0,1,1,0,1,1
23975082,,0.000095,0,1,0.000008,1,0,1,1,0,1
23975317,,0.004682,0,35,0.000061,39,0,39,39,0,39
29128565,,0,0.000095,35,0.000007,0,2,2,0,2,2
27447733,,0,0.000089,35,0.000007,0,1,1,0,1,1
27057831,,0,0.000089,35,0.000007,0,1,1,0,1,1
27233495,,0,0.000005,100,0.000007,0,1,1,0,1,1
29387409,,0,0.000004,184,0.000007,0,1,1,0,1,1
28818245,,0,0.000004,184,0.000007,0,1,1,0,1,1
27234217,,0,0.000004,184,0.000007,0,1,1,0,1,1
29946207,,0,0,271,0.000007,0,1,1,0,1,1
23980690,,0,0,271,0.000019,2,0,2,2,0,2
29067164,,0,0,271,0.000007,0,1,1,0,1,1
23982851,,0.000467,0,35,0.000017,7,0,7,7,0,7
29778233,,0,0.000053,231,0.000007,0,4,4,0,4,4
23984822,,0.000013,0,89,0.000011,3,0,3,3,0,3
26345459,,0,0.000049,5,0.000007,0,1,1,0,1,1
25408105,,0,0.000049,5,0.000007,0,1,1,0,1,1
29115614,,0,0,168,0.000007,0,1,1,0,1,1
28851455,,0,0,168,0.000007,0,1,1,0,1,1
28454449,,0,0,168,0.000007,0,1,1,0,1,1
26537675,,0,0,168,0.000007,0,1,1,0,1,1
25225599,,0,0,168,0.000007,0,1,1,0,1,1
24983967,,0,0,168,0.000007,0,1,1,0,1,1
23992000,,0.000109,0,89,0.000008,2,0,2,2,0,2
28179392,,0,0.00003,100,0.000007,0,1,1,0,1,1
24990991,,0,0.00003,100,0.000007,0,1,1,0,1,1
24799712,,0,0.00003,100,0.000007,0,1,1,0,1,1
23996866,,0.000711,0,1,0.000009,4,0,4,4,0,4
24000781,,0.001236,0,1,0.000013,8,0,8,8,0,8
29896277,,0,0.00001,279,0.000007,0,2,2,0,2,2
24004112,,0.00038,0,279,0.000022,8,0,8,8,0,8
25120800,,0,0.000007,279,0.000007,0,1,1,0,1,1
26015856,,0,0,100,0.000007,0,1,1,0,1,1
24010542,,0.000094,0,205,0.000012,5,0,5,5,0,5
28739554,,0,0.000002,205,0.000007,0,2,2,0,2,2
24011770,,0.000782,0,5,0.000007,1,0,1,1,0,1
30086550,,0,0.000033,5,0.000007,0,3,3,0,3,3
28258353,,0,0.000023,5,0.000007,0,3,3,0,3,3
24026861,,0.001305,0,279,0.000011,10,0,10,10,0,10
30165384,,0,0.000009,100,0.000007,0,2,2,0,2,2
24027083,,0.000251,0,100,0.000026,11,0,11,11,0,11
28292785,,0,0.000022,100,0.000007,0,2,2,0,2,2
24036693,,0.000078,0,184,0.000023,7,0,7,7,0,7
27252083,,0,0.000001,184,0.000007,0,1,1,0,1,1
24037533,,0.008331,0,1,0.000081,27,0,27,27,0,27
29368212,,0,0.001005,1,0.000007,0,2,2,0,2,2
28415565,,0,0.000159,1,0.000007,0,1,1,0,1,1
27895737,,0,0.00027,1,0.000007,0,3,3,0,3,3
26522181,,0,0.000159,1,0.000007,0,1,1,0,1,1
24038529,,0.000003,0,198,0.000022,4,0,4,4,0,4
28349054,,0,0,198,0.000007,0,1,1,0,1,1
29339782,,0,0,35,0.000007,0,1,1,0,1,1
28749462,,0,0,35,0.000007,0,1,1,0,1,1
28346420,,0,0,35,0.000007,0,1,1,0,1,1
28273117,,0,0,35,0.000007,0,1,1,0,1,1
28013168,,0,0,35,0.000007,0,2,2,0,2,2
25759163,,0,0,35,0.000007,0,1,1,0,1,1
29161592,,0,0.000002,1,0.000007,0,2,2,0,2,2
29476578,,0,0.00001,5,0.000007,0,2,2,0,2,2
29334910,,0,0.000006,5,0.000007,0,1,1,0,1,1
27943007,,0,0.000006,5,0.000007,0,1,1,0,1,1
27783164,,0,0.000006,5,0.000007,0,1,1,0,1,1
27611617,,0,0.000006,5,0.000007,0,1,1,0,1,1
26410475,,0,0.000038,5,0.000007,0,2,2,0,2,2
25957740,,0,0.000006,5,0.000007,0,1,1,0,1,1
24848646,,0,0.000006,5,0.000007,0,1,1,0,1,1
24045978,,0.000018,0,5,0.000008,2,0,2,2,0,2
24046291,,0.000154,0,5,0.000008,1,0,1,1,0,1
24056659,,0,0,35,0.000008,1,0,1,1,0,1
29607179,,0,0,24,0.000007,0,1,1,0,1,1
29062278,,0,0,24,0.000007,0,1,1,0,1,1
27899996,,0,0,24,0.000007,0,1,1,0,1,1
27650513,,0,0,24,0.000007,0,1,1,0,1,1
27167619,,0,0,24,0.000007,0,1,1,0,1,1
26958489,,0,0,24,0.000007,0,1,1,0,1,1
26581482,,0,0,24,0.000007,0,1,1,0,1,1
25340731,,0,0,24,0.000007,0,1,1,0,1,1
24920161,,0,0.000227,1,0.000007,0,1,1,0,1,1
24065545,,0.000888,0,89,0.000009,6,0,6,6,0,6
29976630,,0,0.000012,100,0.000007,0,3,3,0,3,3
27888710,,0,0.000009,100,0.000007,0,1,1,0,1,1
24068317,,0.001319,0,5,0.000012,12,0,12,12,0,12
28503091,,0,0,176,0.000007,0,1,1,0,1,1
24991281,,0,0,176,0.000007,0,1,1,0,1,1
24073851,,0.000711,0,100,0.000008,3,0,3,3,0,3
24074613,,0.000001,0,100,0.00001,1,0,1,1,0,1
29050326,,0,0.000001,89,0.000007,0,1,1,0,1,1
29020948,,0,0.000001,89,0.000007,0,1,1,0,1,1
28963373,,0,0.000001,89,0.000007,0,1,1,0,1,1
28944870,,0,0.000001,89,0.000007,0,1,1,0,1,1
28636993,,0,0.000001,89,0.000007,0,1,1,0,1,1
27769064,,0,0.000001,89,0.000007,0,1,1,0,1,1
26251618,,0,0.000001,89,0.000007,0,1,1,0,1,1
26161041,,0,0.000001,89,0.000007,0,1,1,0,1,1
25974148,,0,0.000001,89,0.000007,0,1,1,0,1,1
29657326,,0,0.000007,100,0.000007,0,1,1,0,1,1
24081797,,0.002676,0,1,0.000009,5,0,5,5,0,5
24081944,,0.00097,0,184,0.000066,10,0,10,10,0,10
28603778,,0,0.000577,1,0.000007,0,2,2,0,2,2
28383660,,0,0.001237,1,0.000007,0,4,4,0,4,4
26334999,,0,0.000349,1,0.000007,0,1,1,0,1,1
30159416,,0,0.000075,1,0.000007,0,4,4,0,4,4
30140157,,0,0.00005,1,0.000007,0,1,1,0,1,1
29164055,,0,0.00005,1,0.000007,0,1,1,0,1,1
27886180,,0,0.00005,1,0.000007,0,1,1,0,1,1
27559850,,0,0.00005,1,0.000007,0,1,1,0,1,1
27409165,,0,0.00005,1,0.000007,0,1,1,0,1,1
25101302,,0,0.00005,1,0.000007,0,1,1,0,1,1
24762395,,0,0.00005,1,0.000007,0,1,1,0,1,1
29137406,,0,0.000003,279,0.000007,0,1,1,0,1,1
29133799,,0,0.000003,279,0.000007,0,1,1,0,1,1
28928877,,0,0.000003,279,0.000007,0,1,1,0,1,1
27620353,,0,0.000019,279,0.000007,0,2,2,0,2,2
27070496,,0,0.000096,279,0.000007,0,2,2,0,2,2
26391005,,0,0.000003,279,0.000007,0,1,1,0,1,1
26213588,,0,0.000003,279,0.000007,0,1,1,0,1,1
25648588,,0,0.000003,279,0.000007,0,1,1,0,1,1
25089713,,0,0.000003,279,0.000007,0,1,1,0,1,1
24651077,,0,0.000003,279,0.000007,0,1,1,0,1,1
24632672,,0,0.000003,279,0.000007,0,1,1,0,1,1
24094589,,0.001062,0,89,0.000012,8,0,8,8,0,8
28751440,,0,0.000254,1,0.000007,0,2,2,0,2,2
25525394,,0,0.000078,1,0.000007,0,1,1,0,1,1
25045438,,0,0.000078,1,0.000007,0,1,1,0,1,1
28130702,,0,0,272,0.000007,0,1,1,0,1,1
24102850,,0,0,272,0.000013,1,0,1,1,0,1
29783934,,0,0.000766,205,0.000007,0,3,3,0,3,3
29340111,,0,0.000008,1,0.000007,0,1,1,0,1,1
26484152,,0.000033,0.000005,35,0.000026,4,2,6,4,2,6
25609791,,0,0.000004,35,0.000007,0,1,1,0,1,1
24678505,,0,0.000004,35,0.000007,0,1,1,0,1,1
28924389,,0,0.000004,100,0.000007,0,1,1,0,1,1
25931565,,0,0.000071,100,0.000007,0,2,2,0,2,2
25023518,,0,0.000004,100,0.000007,0,1,1,0,1,1
24189535,,0,0.000004,100,0.000007,0,1,1,0,1,1
27049631,,0,0.000001,35,0.000007,0,1,1,0,1,1
26789840,,0,0.000001,35,0.000007,0,1,1,0,1,1
26435392,,0,0.000001,35,0.000007,0,1,1,0,1,1
26204236,,0,0.000001,35,0.000007,0,1,1,0,1,1
26147891,,0,0.000001,35,0.000007,0,1,1,0,1,1
25733796,,0,0.000001,35,0.000007,0,1,1,0,1,1
25452687,,0,0.000001,35,0.000007,0,1,1,0,1,1
24991935,,0,0.000001,35,0.000007,0,1,1,0,1,1
24802673,,0,0.000001,35,0.000007,0,1,1,0,1,1
26293658,,0,0,273,0.000007,0,1,1,0,1,1
24111840,,0,0,273,0.000013,1,0,1,1,0,1
24113308,,0.000676,0,1,0.000017,7,0,7,7,0,7
29892680,,0,0.000058,1,0.000007,0,2,2,0,2,2
27192170,,0,0.000745,69,0.000007,0,2,2,0,2,2
24114282,,0.000059,0,5,0.000009,3,0,3,3,0,3
28661454,,0,0,274,0.000007,0,1,1,0,1,1
24114584,,0,0,274,0.000049,7,0,7,7,0,7
27626447,,0,0,274,0.000007,0,1,1,0,1,1
27623953,,0,0,274,0.000007,0,1,1,0,1,1
27374097,,0,0,274,0.000007,0,1,1,0,1,1
27177331,,0,0,274,0.000007,0,1,1,0,1,1
25524072,,0,0,274,0.000007,0,1,1,0,1,1
24961349,,0,0,274,0.000007,0,1,1,0,1,1
30458022,,0,0.00001,168,0.000007,0,1,1,0,1,1
24114859,,0.000526,0,168,0.00004,9,0,9,9,0,9
29985926,,0,0.00001,168,0.000007,0,1,1,0,1,1
29263679,,0,0.00001,168,0.000007,0,1,1,0,1,1
29038614,,0,0.00001,168,0.000007,0,1,1,0,1,1
24116874,,0.000199,0,89,0.000008,3,0,3,3,0,3
24117034,,0.00008,0,5,0.000014,4,0,4,4,0,4
27766506,,0,0.000002,5,0.000007,0,1,1,0,1,1
30463528,,0,0.000003,137,0.000007,0,1,1,0,1,1
24120138,,0.000183,0,137,0.000704,124,0,124,124,0,124
30430110,,0,0.000003,137,0.000007,0,1,1,0,1,1
30386596,,0,0.000003,137,0.000007,0,1,1,0,1,1
30333907,,0,0.000003,137,0.000007,0,1,1,0,1,1
30319972,,0,0.000003,137,0.000007,0,1,1,0,1,1
30301887,,0,0.000003,137,0.000007,0,1,1,0,1,1
30257458,,0,0.000003,137,0.000007,0,1,1,0,1,1
30250920,,0,0.000003,137,0.000007,0,1,1,0,1,1
30222136,,0,0.000003,137,0.000007,0,1,1,0,1,1
30131339,,0,0.000003,137,0.000007,0,1,1,0,1,1
30127967,,0,0.000003,137,0.000007,0,1,1,0,1,1
30087897,,0,0.000003,137,0.000007,0,1,1,0,1,1
29991493,,0,0.000003,137,0.000007,0,1,1,0,1,1
29963943,,0,0.000003,137,0.000007,0,1,1,0,1,1
29854399,,0,0.000003,137,0.000007,0,1,1,0,1,1
29657328,,0,0.000003,137,0.000007,0,1,1,0,1,1
29641204,,0,0.000003,137,0.000007,0,1,1,0,1,1
29533776,,0,0.000003,137,0.000007,0,1,1,0,1,1
29463470,,0,0.000003,137,0.000007,0,1,1,0,1,1
29455645,,0,0.000003,137,0.000007,0,1,1,0,1,1
29441566,,0,0.000003,137,0.000007,0,1,1,0,1,1
29440169,,0,0.000003,137,0.000007,0,1,1,0,1,1
29374159,,0,0.000003,137,0.000007,0,1,1,0,1,1
29299177,,0,0.000003,137,0.000007,0,1,1,0,1,1
29259242,,0,0.000003,137,0.000007,0,1,1,0,1,1
29214019,,0,0.000003,137,0.000007,0,1,1,0,1,1
29213268,,0,0.000003,137,0.000007,0,1,1,0,1,1
29207616,,0,0.000003,137,0.000007,0,1,1,0,1,1
29176927,,0,0.000003,137,0.000007,0,1,1,0,1,1
29137422,,0,0.000003,137,0.000007,0,1,1,0,1,1
29137367,,0,0.000003,137,0.000007,0,1,1,0,1,1
29051480,,0,0.000003,137,0.000007,0,1,1,0,1,1
29032577,,0,0.000003,137,0.000007,0,1,1,0,1,1
28918937,,0,0.000003,137,0.000007,0,1,1,0,1,1
28715126,,0,0.000003,137,0.000007,0,1,1,0,1,1
28683294,,0,0.000003,137,0.000007,0,1,1,0,1,1
28647695,,0,0.000003,137,0.000007,0,1,1,0,1,1
28630053,,0,0.000003,137,0.000007,0,1,1,0,1,1
28598329,,0,0.000003,137,0.000007,0,1,1,0,1,1
28575669,,0,0.000003,137,0.000007,0,1,1,0,1,1
28558019,,0,0.000003,137,0.000007,0,1,1,0,1,1
28515149,,0,0.000008,137,0.000007,0,2,2,0,2,2
28489603,,0,0.000003,137,0.000007,0,1,1,0,1,1
28436957,,0,0.000003,137,0.000007,0,1,1,0,1,1
28187287,,0,0.000003,137,0.000007,0,1,1,0,1,1
27881599,,0,0.000003,137,0.000007,0,1,1,0,1,1
27856534,,0,0.000003,137,0.000007,0,1,1,0,1,1
27810895,,0,0.000003,137,0.000007,0,1,1,0,1,1
27774467,,0,0.000003,137,0.000007,0,1,1,0,1,1
27681424,,0,0.000003,137,0.000007,0,1,1,0,1,1
27658636,,0,0.000003,137,0.000007,0,1,1,0,1,1
27634447,,0,0.000003,137,0.000007,0,1,1,0,1,1
27499608,,0,0.000003,137,0.000007,0,1,1,0,1,1
27481063,,0,0.000003,137,0.000007,0,1,1,0,1,1
27458133,,0,0.000003,137,0.000007,0,1,1,0,1,1
27386546,,0,0.000003,137,0.000007,0,1,1,0,1,1
27308458,,0,0.000003,137,0.000007,0,1,1,0,1,1
27270434,,0,0.000003,137,0.000007,0,1,1,0,1,1
27230676,,0,0.000003,137,0.000007,0,1,1,0,1,1
27167190,,0,0.000003,137,0.000007,0,1,1,0,1,1
27138141,,0,0.000003,137,0.000007,0,1,1,0,1,1
27125672,,0,0.000003,137,0.000007,0,1,1,0,1,1
27073574,,0,0.000003,137,0.000007,0,1,1,0,1,1
27056720,,0,0.000003,137,0.000007,0,1,1,0,1,1
26975375,,0,0.000003,137,0.000007,0,1,1,0,1,1
26853747,,0,0.000003,137,0.000007,0,1,1,0,1,1
26733270,,0,0.000003,137,0.000007,0,1,1,0,1,1
26683771,,0,0.000003,137,0.000007,0,1,1,0,1,1
26536104,,0,0.000003,137,0.000007,0,1,1,0,1,1
26416963,,0,0.000003,137,0.000007,0,1,1,0,1,1
26375396,,0,0.000003,137,0.000007,0,1,1,0,1,1
26300261,,0,0.000003,137,0.000007,0,1,1,0,1,1
26291325,,0,0.000003,137,0.000007,0,1,1,0,1,1
26283370,,0,0.000003,137,0.000007,0,1,1,0,1,1
26277545,,0,0.000003,137,0.000007,0,1,1,0,1,1
26258887,,0,0.000003,137,0.000007,0,1,1,0,1,1
26183399,,0,0.000003,137,0.000007,0,1,1,0,1,1
26180081,,0,0.000003,137,0.000007,0,1,1,0,1,1
26151495,,0,0.000003,137,0.000007,0,1,1,0,1,1
26149387,,0,0.000003,137,0.000007,0,1,1,0,1,1
26097714,,0,0.000003,137,0.000007,0,1,1,0,1,1
26046436,,0,0.000003,137,0.000007,0,1,1,0,1,1
25932519,,0,0.000003,137,0.000007,0,1,1,0,1,1
25880801,,0,0.000003,137,0.000007,0,1,1,0,1,1
25859558,,0,0.000003,137,0.000007,0,1,1,0,1,1
25770102,,0,0.000003,137,0.000007,0,1,1,0,1,1
25713368,,0,0.000003,137,0.000007,0,1,1,0,1,1
25671107,,0,0.000003,137,0.000007,0,1,1,0,1,1
25639751,,0,0.000003,137,0.000007,0,1,1,0,1,1
25565206,,0,0.000003,137,0.000007,0,1,1,0,1,1
25541689,,0,0.000003,137,0.000007,0,1,1,0,1,1
25482511,,0,0.000003,137,0.000007,0,1,1,0,1,1
25426557,,0,0.000003,137,0.000007,0,1,1,0,1,1
25412762,,0,0.000003,137,0.000007,0,1,1,0,1,1
25321477,,0,0.000003,137,0.000007,0,1,1,0,1,1
25313047,,0,0.000003,137,0.000007,0,1,1,0,1,1
25250177,,0,0.000003,137,0.000007,0,1,1,0,1,1
25215489,,0,0.000003,137,0.000007,0,1,1,0,1,1
25188516,,0,0.000003,137,0.000007,0,1,1,0,1,1
25093285,,0,0.000003,137,0.000007,0,1,1,0,1,1
25009227,,0,0.000003,137,0.000007,0,1,1,0,1,1
24862854,,0,0.000003,137,0.000007,0,1,1,0,1,1
24862259,,0,0.000003,137,0.000007,0,1,1,0,1,1
24738035,,0,0.000003,137,0.000007,0,1,1,0,1,1
24651542,,0,0.000003,137,0.000007,0,1,1,0,1,1
24619225,,0,0.000003,137,0.000007,0,1,1,0,1,1
24598263,,0,0.000003,137,0.000007,0,1,1,0,1,1
24569090,,0,0.000003,137,0.000007,0,1,1,0,1,1
24497630,,0,0.000003,137,0.000007,0,1,1,0,1,1
24491179,,0,0.000003,137,0.000007,0,1,1,0,1,1
24484968,,0,0.000003,137,0.000007,0,1,1,0,1,1
24457962,,0,0.000003,137,0.000007,0,1,1,0,1,1
29497285,,0,0,275,0.000007,0,1,1,0,1,1
24121459,,0,0,275,0.000037,5,0,5,5,0,5
29185073,,0,0,275,0.000007,0,1,1,0,1,1
26821531,,0,0,275,0.000007,0,1,1,0,1,1
26307062,,0,0,275,0.000007,0,1,1,0,1,1
25461596,,0,0,275,0.000007,0,1,1,0,1,1
25263572,,0,0.000001,100,0.000007,0,1,1,0,1,1
29561406,,0,0,231,0.000007,0,1,1,0,1,1
24125968,,0.000003,0,231,0.000018,3,0,3,3,0,3
27447656,,0,0.000002,5,0.000007,0,1,1,0,1,1
24127248,,0.000096,0,5,0.000014,4,0,4,4,0,4
24127257,,0.000063,0,5,0.000009,3,0,3,3,0,3
24129347,,0.00817,0,1,0.000036,20,0,20,20,0,20
29317749,,0,0.000156,1,0.000007,0,1,1,0,1,1
27178271,,0,0.000156,1,0.000007,0,1,1,0,1,1
24129975,,0.000174,0,35,0.000033,11,0,11,11,0,11
28394882,,0,0.000005,35,0.000007,0,2,2,0,2,2
28098823,,0,0.000003,35,0.000007,0,1,1,0,1,1
26618049,,0,0.000003,35,0.000007,0,1,1,0,1,1
28038457,,0,0,276,0.000007,0,1,1,0,1,1
24130052,,0,0,276,0.000031,4,0,4,4,0,4
27422810,,0,0,276,0.000007,0,1,1,0,1,1
26833433,,0,0,276,0.000007,0,1,1,0,1,1
24874286,,0,0,276,0.000007,0,1,1,0,1,1
24130102,,0.000209,0,205,0.00001,4,0,4,4,0,4
24131964,,0.004364,0,1,0.000015,17,0,17,17,0,17
24131965,,0.003511,0,1,0.000011,8,0,8,8,0,8
30250617,,0,0.000085,69,0.000007,0,1,1,0,1,1
30121075,,0,0.000085,69,0.000007,0,1,1,0,1,1
27941884,,0,0.000202,69,0.000007,0,4,4,0,4,4
27775699,,0,0.000096,69,0.000007,0,2,2,0,2,2
27379403,,0,0.000396,69,0.000007,0,2,2,0,2,2
26962158,,0,0.000085,69,0.000007,0,1,1,0,1,1
28286660,,0,0.000003,5,0.000007,0,1,1,0,1,1
24131969,,0.000143,0,5,0.000013,2,0,2,2,0,2
24131970,,0.001154,0,5,0.000015,5,0,5,5,0,5
25984661,,0,0.000022,5,0.000007,0,1,1,0,1,1
24131973,,0.001601,0,1,0.000008,4,0,4,4,0,4
24131974,,0.001195,0,140,0.000018,17,0,17,17,0,17
24131977,,0.000119,0,35,0.000009,2,0,2,2,0,2
24131978,,0.000389,0,367,0.000021,9,0,9,9,0,9
25655427,,0,0.000007,367,0.000007,0,1,1,0,1,1
27806343,,0,0,277,0.000007,0,1,1,0,1,1
24135250,,0,0,277,0.000013,1,0,1,1,0,1
30417124,,0,0.000003,100,0.000007,0,1,1,0,1,1
24135283,,0.000135,0,100,0.000076,13,0,13,13,0,13
28959360,,0,0.000003,100,0.000007,0,1,1,0,1,1
28439615,,0,0.000003,100,0.000007,0,1,1,0,1,1
28343630,,0,0.000003,100,0.000007,0,1,1,0,1,1
28097612,,0,0.000003,100,0.000007,0,1,1,0,1,1
27959454,,0,0.000003,100,0.000007,0,1,1,0,1,1
27308335,,0,0.000003,100,0.000007,0,1,1,0,1,1
25882849,,0,0.000003,100,0.000007,0,1,1,0,1,1
25708299,,0,0.000003,100,0.000007,0,1,1,0,1,1
25379953,,0,0.000003,100,0.000007,0,1,1,0,1,1
24936475,,0,0.000003,100,0.000007,0,1,1,0,1,1
24136930,,0.000634,0,100,0.000014,10,0,10,10,0,10
29158291,,0,0.000058,231,0.000007,0,2,2,0,2,2
27797818,,0,0.00026,231,0.000007,0,2,2,0,2,2
26025378,,0,0.000044,231,0.000007,0,1,1,0,1,1
24140200,,0.00004,0,100,0.00003,1,0,1,1,0,1
24140203,,0.002451,0,69,0.000082,27,0,27,27,0,27
28484727,,0,0.000047,69,0.000007,0,1,1,0,1,1
24145348,,0.003287,0,5,0.00003,20,0,20,20,0,20
29843758,,0,0.000063,5,0.000007,0,1,1,0,1,1
25534509,,0,0.000063,5,0.000007,0,1,1,0,1,1
24145998,,0.000347,0,1,0.000007,1,0,1,1,0,1
28426282,,0,0,89,0.000007,0,1,1,0,1,1
27060133,,0,0,89,0.000007,0,1,1,0,1,1
26997247,,0,0,89,0.000007,0,1,1,0,1,1
24945355,,0,0,89,0.000007,0,1,1,0,1,1
26455304,,0,0.000011,231,0.000007,0,2,2,0,2,2
24147435,,0,0,231,0.00001,1,0,1,1,0,1
24151232,,0,0,279,0.000009,1,0,1,1,0,1
28577556,,0,0,278,0.000007,0,1,1,0,1,1
24151509,,0,0,278,0.000019,2,0,2,2,0,2
28060844,,0,0,278,0.000007,0,1,1,0,1,1
29373522,,0,0,35,0.000007,0,1,1,0,1,1
24152768,,0.000002,0,35,0.000015,2,0,2,2,0,2
29721061,,0,0,90,0.000007,0,1,1,0,1,1
24153343,,0.000005,0,90,0.000019,4,0,4,4,0,4
29753700,,0,0.000273,69,0.000007,0,2,2,0,2,2
24155212,,0.000001,0,24,0.000036,7,0,7,7,0,7
28841361,,0,0,24,0.000007,0,1,1,0,1,1
28797284,,0,0,24,0.000007,0,1,1,0,1,1
26596768,,0,0,24,0.000007,0,2,2,0,2,2
26001082,,0,0,24,0.000007,0,1,1,0,1,1
25664003,,0,0,24,0.000007,0,1,1,0,1,1
26256962,,0,0.000004,89,0.000007,0,1,1,0,1,1
24744803,,0,0.000004,89,0.000007,0,1,1,0,1,1
26374470,,0,0.000017,35,0.000007,0,1,1,0,1,1
24156927,,0.000518,0,5,0.000011,5,0,5,5,0,5
24162448,,0.000119,0,5,0.000012,4,0,4,4,0,4
29391383,,0,0.000006,5,0.000007,0,3,3,0,3,3
28352202,,0,0.000004,35,0.000007,0,1,1,0,1,1
24166279,,0.000195,0,35,0.000084,10,0,10,10,0,10
26177855,,0,0.000004,35,0.000007,0,1,1,0,1,1
26080744,,0,0.000004,35,0.000007,0,1,1,0,1,1
25755688,,0.000087,0.000004,35,0.000063,12,1,13,12,1,13
28649655,,0,0,137,0.000007,0,1,1,0,1,1
24166281,,0.000008,0,137,0.000033,6,0,6,6,0,6
27287781,,0,0,137,0.000007,0,1,1,0,1,1
27280630,,0,0,137,0.000007,0,1,1,0,1,1
26908565,,0,0,137,0.000007,0,1,1,0,1,1
30248992,,0,0.000054,69,0.000007,0,1,1,0,1,1
24168967,,0.002829,0,69,0.000118,34,0,34,34,0,34
30233720,,0,0.000054,69,0.000007,0,1,1,0,1,1
29652798,,0,0.000054,69,0.000007,0,1,1,0,1,1
29581781,,0,0.000054,69,0.000007,0,1,1,0,1,1
28587538,,0,0.000054,69,0.000007,0,1,1,0,1,1
28099144,,0,0.000054,69,0.000007,0,1,1,0,1,1
27982283,,0,0.000054,69,0.000007,0,1,1,0,1,1
27612152,,0,0.000054,69,0.000007,0,1,1,0,1,1
27563807,,0,0.000054,69,0.000007,0,1,1,0,1,1
27447934,,0,0.000054,69,0.000007,0,1,1,0,1,1
27284255,,0,0.000054,69,0.000007,0,1,1,0,1,1
25986593,,0,0.000054,69,0.000007,0,1,1,0,1,1
24999622,,0,0.000054,69,0.000007,0,1,1,0,1,1
24170211,,0.000004,0,89,0.000008,1,0,1,1,0,1
29069757,,0,0.000009,232,0.000007,0,1,1,0,1,1
28182091,,0,0.000009,232,0.000007,0,1,1,0,1,1
26183162,,0,0.000004,279,0.000007,0,1,1,0,1,1
24971511,,0,0.000004,279,0.000007,0,1,1,0,1,1
24176171,,0.000275,0,82,0.000021,3,0,3,3,0,3
26015803,,0,0.000005,82,0.000007,0,1,1,0,1,1
28851411,,0,0,35,0.000007,0,1,1,0,1,1
27313475,,0,0,35,0.000007,0,1,1,0,1,1
26445849,,0,0.000005,35,0.000007,0,2,2,0,2,2
24901056,,0,0,35,0.000007,0,1,1,0,1,1
24594504,,0,0,35,0.000007,0,1,1,0,1,1
24191513,,0.00056,0,1,0.000007,1,0,1,1,0,1
26589636,,0,0.000059,1,0.000007,0,1,1,0,1,1
24191958,,0.000064,0,24,0.000011,3,0,3,3,0,3
25538887,,0,0.000159,24,0.000007,0,2,2,0,2,2
24195524,,0.00104,0,69,0.000022,4,0,4,4,0,4
29515415,,0,0.00002,69,0.000007,0,1,1,0,1,1
27895047,,0,0.00002,69,0.000007,0,1,1,0,1,1
24196303,,0.000149,0,69,0.000009,1,0,1,1,0,1
25344919,,0,0.000007,24,0.000007,0,1,1,0,1,1
24199689,,0.000516,0,5,0.000008,3,0,3,3,0,3
24202391,,0.034937,0,1,0.000198,112,0,112,112,0,112
30297712,,0,0.000666,1,0.000007,0,1,1,0,1,1
30119662,,0,0.000963,1,0.000007,0,3,3,0,3,3
29784973,,0,0.000669,241,0.000007,0,2,2,0,2,2
29622038,,0,0.000666,1,0.000007,0,1,1,0,1,1
28925933,,0,0.000666,1,0.000007,0,1,1,0,1,1
28223526,,0,0.000666,1,0.000007,0,1,1,0,1,1
27293397,,0,0.000666,1,0.000007,0,1,1,0,1,1
27045317,,0,0.001398,69,0.000007,0,2,2,0,2,2
26360300,,0,0.000666,1,0.000007,0,1,1,0,1,1
25035794,,0,0.000666,1,0.000007,0,1,1,0,1,1
24879438,,0,0.000666,1,0.000007,0,1,1,0,1,1
24842839,,0,0.000666,1,0.000007,0,1,1,0,1,1
24373588,,0,0.000666,1,0.000007,0,1,1,0,1,1
24203090,,0.000011,0,35,0.00001,2,0,2,2,0,2
28797094,,0,0,140,0.000007,0,1,1,0,1,1
26894927,,0,0,140,0.000007,0,1,1,0,1,1
30168453,,0,0,24,0.000007,0,1,1,0,1,1
29966246,,0,0,24,0.000007,0,1,1,0,1,1
29643656,,0,0,24,0.000007,0,1,1,0,1,1
29179511,,0,0,24,0.000007,0,1,1,0,1,1
28840019,,0,0,24,0.000007,0,1,1,0,1,1
28603651,,0,0,24,0.000007,0,1,1,0,1,1
27777852,,0,0,24,0.000007,0,1,1,0,1,1
26870369,,0,0,24,0.000007,0,1,1,0,1,1
26609494,,0,0,24,0.000007,0,1,1,0,1,1
25419143,,0,0,24,0.000007,0,1,1,0,1,1
25295226,,0,0,24,0.000007,0,1,1,0,1,1
25191746,,0,0,24,0.000007,0,1,1,0,1,1
30190864,,0,0.000004,279,0.000007,0,1,1,0,1,1
25276098,,0,0.000004,279,0.000007,0,2,2,0,2,2
24210736,,0.000208,0,5,0.00001,3,0,3,3,0,3
28969629,,0,0,24,0.000007,0,1,1,0,1,1
29859539,,0,0.000001,69,0.000007,0,1,1,0,1,1
24217135,,0.000595,0,100,0.000009,3,0,3,3,0,3
24218521,,0.000621,0,1,0.000008,2,0,2,2,0,2
30016933,,0,0.000122,1,0.000007,0,1,1,0,1,1
29899826,,0,0.000968,1,0.000007,0,3,3,0,3,3
29625050,,0,0.000129,1,0.000007,0,2,2,0,2,2
29483209,,0,0.000122,1,0.000007,0,1,1,0,1,1
28977941,,0,0.000127,1,0.000007,0,2,2,0,2,2
27807064,,0,0.000122,1,0.000007,0,1,1,0,1,1
26927059,,0,0.000122,1,0.000007,0,1,1,0,1,1
26693064,,0,0.000122,1,0.000007,0,1,1,0,1,1
26686465,,0,0.000122,1,0.000007,0,1,1,0,1,1
26320860,,0,0.000122,1,0.000007,0,1,1,0,1,1
26263479,,0,0.000122,1,0.000007,0,1,1,0,1,1
24920658,,0,0.000122,1,0.000007,0,1,1,0,1,1
29988904,,0,0.000004,66,0.000007,0,1,1,0,1,1
29700472,,0,0.000029,69,0.000007,0,2,2,0,2,2
29063051,,0,0.000004,66,0.000007,0,1,1,0,1,1
28165032,,0,0.000004,66,0.000007,0,1,1,0,1,1
28008139,,0,0.000004,66,0.000007,0,1,1,0,1,1
26872374,,0,0.000004,66,0.000007,0,1,1,0,1,1
26594266,,0,0.000004,66,0.000007,0,1,1,0,1,1
24618614,,0,0.000004,66,0.000007,0,1,1,0,1,1
25896421,,0,0,90,0.000007,0,1,1,0,1,1
29706558,,0,0.000436,205,0.000007,0,6,6,0,6,6
25890231,,0,0.000392,1,0.000007,0,1,1,0,1,1
30226926,,0,0.000004,5,0.000007,0,1,1,0,1,1
24225968,,0.000217,0,5,0.000101,23,0,23,23,0,23
28777929,,0,0.000004,5,0.000007,0,1,1,0,1,1
28757884,,0,0.000004,5,0.000007,0,1,1,0,1,1
28555425,,0,0.000004,5,0.000007,0,1,1,0,1,1
28315479,,0,0.000212,5,0.000007,0,3,3,0,3,3
27941877,,0,0.000004,5,0.000007,0,1,1,0,1,1
27018265,,0,0.000004,5,0.000007,0,1,1,0,1,1
26151224,,0,0.000004,5,0.000007,0,1,1,0,1,1
25940718,,0,0.000004,5,0.000007,0,1,1,0,1,1
25746345,,0,0.000004,5,0.000007,0,1,1,0,1,1
25599310,,0,0.000212,5,0.000007,0,3,3,0,3,3
25224482,,0,0.000004,5,0.000007,0,1,1,0,1,1
24764705,,0,0.000004,5,0.000007,0,1,1,0,1,1
24549052,,0,0.000004,5,0.000007,0,1,1,0,1,1
23982363,,0,0.000004,5,0.000007,0,1,1,0,1,1
24237098,,0.000212,0,5,0.000015,8,0,8,8,0,8
26273658,,0,0.000013,231,0.000007,0,2,2,0,2,2
24239235,,0.000405,0,100,0.000016,5,0,5,5,0,5
25001272,,0,0.000008,100,0.000007,0,1,1,0,1,1
29563344,,0,0.000804,1,0.000007,0,2,2,0,2,2
26918225,,0,0.000785,1,0.000007,0,1,1,0,1,1
29532867,,0,0.000005,57,0.000007,0,1,1,0,1,1
24240188,,0.000247,0,57,0.000022,6,0,6,6,0,6
30355483,,0,0.000073,35,0.000007,0,2,2,0,2,2
24240613,,0.003429,0,35,0.000119,30,0,30,30,0,30
30022091,,0,0.000065,35,0.000007,0,1,1,0,1,1
29996881,,0,0.000065,35,0.000007,0,1,1,0,1,1
29902632,,0,0.000065,35,0.000007,0,1,1,0,1,1
29264510,,0,0.000065,35,0.000007,0,1,1,0,1,1
28123852,,0,0.000065,35,0.000007,0,1,1,0,1,1
27649575,,0,0.000065,35,0.000007,0,1,1,0,1,1
27346689,,0,0.000065,35,0.000007,0,1,1,0,1,1
26910538,,0,0.000065,35,0.000007,0,1,1,0,1,1
26897165,,0,0.000065,35,0.000007,0,1,1,0,1,1
26878175,,0,0.000065,35,0.000007,0,1,1,0,1,1
26494788,,0,0.000065,35,0.000007,0,1,1,0,1,1
26181491,,0,0.000065,35,0.000007,0,1,1,0,1,1
28432350,,0,0.000299,1,0.000007,0,1,1,0,1,1
24249303,,0.000712,0,89,0.000011,6,0,6,6,0,6
24249359,,0.000421,0,5,0.000012,8,0,8,8,0,8
30043549,,0,0,279,0.000007,0,1,1,0,1,1
29100339,,0,0,279,0.000007,0,1,1,0,1,1
27594734,,0,0,279,0.000007,0,1,1,0,1,1
25927589,,0,0,279,0.000007,0,1,1,0,1,1
25178497,,0,0,279,0.000007,0,1,1,0,1,1
24893613,,0,0,279,0.000007,0,1,1,0,1,1
24528540,,0,0,279,0.000007,0,1,1,0,1,1
29343717,,0,0.000117,1,0.000007,0,1,1,0,1,1
27102688,,0,0.000117,1,0.000007,0,1,1,0,1,1
26587992,,0,0.000201,1,0.000007,0,3,3,0,3,3
25227992,,0,0.000117,1,0.000007,0,1,1,0,1,1
24253485,,0.000466,0,5,0.000017,9,0,9,9,0,9
29434664,,0,0.000042,5,0.000007,0,5,5,0,5,5
27602958,,0,0.000004,1,0.000007,0,1,1,0,1,1
24253812,,0.000222,0,1,0.000021,6,0,6,6,0,6
24880630,,0,0.000009,1,0.000007,0,2,2,0,2,2
30217224,,0,0.000018,279,0.000007,0,1,1,0,1,1
24258259,,0.000968,0,279,0.000032,15,0,15,15,0,15
28484086,,0,0.00002,279,0.000007,0,3,3,0,3,3
30083066,,0,0.00001,35,0.000007,0,2,2,0,2,2
29912871,,0,0.00001,35,0.000007,0,2,2,0,2,2
27842327,,0,0.000006,35,0.000007,0,1,1,0,1,1
26760782,,0,0.000006,35,0.000007,0,1,1,0,1,1
26371147,,0,0.000008,35,0.000007,0,2,2,0,2,2
25409505,,0,0.000006,35,0.000007,0,1,1,0,1,1
28629381,,0,0,280,0.000007,0,1,1,0,1,1
24263191,,0,0,280,0.000013,1,0,1,1,0,1
30042065,,0,0.000093,1,0.000007,0,1,1,0,1,1
29803316,,0,0.000107,1,0.000007,0,2,2,0,2,2
29743104,,0,0.000093,1,0.000007,0,1,1,0,1,1
29725606,,0,0.000093,1,0.000007,0,1,1,0,1,1
29267927,,0,0.000093,1,0.000007,0,1,1,0,1,1
29239277,,0,0.000093,1,0.000007,0,1,1,0,1,1
28469388,,0,0.000093,1,0.000007,0,1,1,0,1,1
28454104,,0,0.000093,1,0.000007,0,1,1,0,1,1
27588476,,0,0.000093,1,0.000007,0,1,1,0,1,1
26776187,,0,0.0003,1,0.000007,0,2,2,0,2,2
25576899,,0,0.000093,1,0.000007,0,1,1,0,1,1
29301538,,0,0.000001,90,0.000007,0,1,1,0,1,1
29051674,,0,0.000001,90,0.000007,0,1,1,0,1,1
28818247,,0,0.000001,90,0.000007,0,1,1,0,1,1
27928525,,0,0.000001,90,0.000007,0,1,1,0,1,1
26830901,,0,0.000001,90,0.000007,0,1,1,0,1,1
26246001,,0,0.000001,90,0.000007,0,1,1,0,1,1
25763165,,0,0.000001,90,0.000007,0,1,1,0,1,1
24268650,,0.000036,0,5,0.000007,1,0,1,1,0,1
24270682,,0.015517,0,1,0.000089,46,0,46,46,0,46
28706968,,0,0.00074,1,0.000007,0,6,6,0,6,6
28931650,,0,0.000654,1,0.000007,0,3,3,0,3,3
28753429,,0,0.000006,1,0.000007,0,1,1,0,1,1
27918237,,0,0.000006,1,0.000007,0,1,1,0,1,1
27453436,,0,0.000024,279,0.000007,0,2,2,0,2,2
27429074,,0,0.000006,1,0.000007,0,1,1,0,1,1
27102979,,0,0.000006,1,0.000007,0,1,1,0,1,1
26515599,,0,0.000006,1,0.000007,0,1,1,0,1,1
26216839,,0,0.000006,1,0.000007,0,1,1,0,1,1
26030178,,0,0.000006,1,0.000007,0,1,1,0,1,1
25660156,,0,0.000006,1,0.000007,0,1,1,0,1,1
24276029,,0.0005,0,5,0.000009,6,0,6,6,0,6
29890713,,0,0,324,0.000007,0,1,1,0,1,1
24276478,,0,0,324,0.000016,2,0,2,2,0,2
27529277,,0,0.000001,324,0.000007,0,2,2,0,2,2
24277377,,0.000108,0,231,0.000032,6,0,6,6,0,6
28102366,,0,0.000004,231,0.000007,0,2,2,0,2,2
27636990,,0,0.000002,231,0.000007,0,1,1,0,1,1
27082306,,0,0.000002,231,0.000007,0,1,1,0,1,1
26546618,,0,0.000014,231,0.000007,0,2,2,0,2,2
25624750,,0,0.000002,231,0.000007,0,1,1,0,1,1
24277755,,0.00155,0,231,0.000018,12,0,12,12,0,12
24285840,,0.000298,0,5,0.000009,5,0,5,5,0,5
24285858,,0.001149,0,5,0.000028,17,0,17,17,0,17
24289560,,0.000415,0,231,0.000014,11,0,11,11,0,11
24289923,,0.000734,0,24,0.000057,13,0,13,13,0,13
27253419,,0,0.000014,24,0.000007,0,1,1,0,1,1
26863455,,0,0.000014,24,0.000007,0,1,1,0,1,1
26354861,,0,0.000014,24,0.000007,0,1,1,0,1,1
26292722,,0,0.000014,24,0.000007,0,1,1,0,1,1
26283179,,0,0.000014,24,0.000007,0,1,1,0,1,1
26160547,,0,0.000014,24,0.000007,0,1,1,0,1,1
26018081,,0,0.000014,24,0.000007,0,1,1,0,1,1
28381275,,0,0.000039,205,0.000007,0,1,1,0,1,1
27978560,,0.000532,0.00011,205,0.000086,26,5,31,26,5,31
27381531,,0,0.000039,205,0.000007,0,1,1,0,1,1
27300552,,0,0.000039,205,0.000007,0,1,1,0,1,1
26938486,,0,0.000039,205,0.000007,0,1,1,0,1,1
26487938,,0,0.000039,205,0.000007,0,1,1,0,1,1
26038389,,0,0.000039,205,0.000007,0,1,1,0,1,1
25469011,,0,0.000039,205,0.000007,0,1,1,0,1,1
29277180,,0,0.000007,24,0.000007,0,1,1,0,1,1
24293473,,0.000375,0,24,0.000048,11,0,11,11,0,11
28437852,,0,0.000007,24,0.000007,0,1,1,0,1,1
26426637,,0,0.000007,24,0.000007,0,1,1,0,1,1
25469300,,0,0.000007,24,0.000007,0,1,1,0,1,1
25349702,,0,0.000007,24,0.000007,0,1,1,0,1,1
28724364,,0,0,35,0.000007,0,1,1,0,1,1
24295492,,0,0,35,0.000028,4,0,4,4,0,4
27197967,,0,0,35,0.000007,0,1,1,0,1,1
26910840,,0,0.000013,35,0.000007,0,2,2,0,2,2
24731722,,0,0,35,0.000007,0,1,1,0,1,1
24323368,,0,0.000001,5,0.000007,0,1,1,0,1,1
24301948,,0.001003,0,100,0.000008,3,0,3,3,0,3
24304220,,0.002657,0,140,0.000121,45,0,45,45,0,45
29286535,,0,0.00008,205,0.000007,0,4,4,0,4,4
28841416,,0,0.000051,140,0.000007,0,1,1,0,1,1
28726808,,0.000287,0.000371,205,0.000011,6,9,15,6,9,15
27965287,,0,0.000051,140,0.000007,0,1,1,0,1,1
26908360,,0,0.000706,205,0.000007,0,10,10,0,10,10
26703369,,0,0.000051,140,0.000007,0,1,1,0,1,1
25298291,,0,0.000051,140,0.000007,0,1,1,0,1,1
24306927,,0.000224,0,89,0.000013,4,0,4,4,0,4
24309564,,0.00001,0,5,0.000007,1,0,1,1,0,1
28730583,,0,0.000038,89,0.000007,0,1,1,0,1,1
29956722,,0,0.000003,69,0.000007,0,1,1,0,1,1
29489999,,0,0.000003,69,0.000007,0,1,1,0,1,1
25824973,,0,0.000003,69,0.000007,0,1,1,0,1,1
29467427,,0,0.000001,41,0.000007,0,1,1,0,1,1
28596815,,0,0.000001,41,0.000007,0,1,1,0,1,1
27923030,,0,0.000001,41,0.000007,0,1,1,0,1,1
27097531,,0,0.000001,41,0.000007,0,1,1,0,1,1
26383234,,0,0.000001,41,0.000007,0,1,1,0,1,1
26352760,,0,0.000001,41,0.000007,0,1,1,0,1,1
25405730,,0,0.000001,41,0.000007,0,1,1,0,1,1
26873694,,0,0.000006,90,0.000007,0,2,2,0,2,2
29085512,,0,0.000001,90,0.000007,0,1,1,0,1,1
28439256,,0,0.000001,72,0.000007,0,2,2,0,2,2
24321399,,0.000631,0,69,0.000024,5,0,5,5,0,5
27632927,,0,0.000012,69,0.000007,0,1,1,0,1,1
26561204,,0,0.000012,69,0.000007,0,1,1,0,1,1
26106144,,0,0,281,0.000007,0,1,1,0,1,1
24322375,,0,0,281,0.000013,1,0,1,1,0,1
29904148,,0,0.000002,35,0.000007,0,1,1,0,1,1
29662629,,0,0.000002,35,0.000007,0,1,1,0,1,1
29228969,,0,0.000002,35,0.000007,0,1,1,0,1,1
28684774,,0,0.000002,35,0.000007,0,1,1,0,1,1
28251385,,0,0.000009,35,0.000007,0,2,2,0,2,2
27314854,,0,0.000002,35,0.000007,0,1,1,0,1,1
26109344,,0,0.000002,35,0.000007,0,1,1,0,1,1
25868978,,0,0.000002,35,0.000007,0,1,1,0,1,1
29029435,,0,0.000001,90,0.000007,0,1,1,0,1,1
28933402,,0,0.000001,90,0.000007,0,1,1,0,1,1
28913567,,0,0.000001,90,0.000007,0,1,1,0,1,1
27230877,,0,0.000001,90,0.000007,0,1,1,0,1,1
25309637,,0,0.000001,90,0.000007,0,1,1,0,1,1
27927665,,0,0,89,0.000007,0,1,1,0,1,1
29160179,,0,0.000003,69,0.000007,0,1,1,0,1,1
27751354,,0,0.000003,69,0.000007,0,1,1,0,1,1
25250338,,0,0.000003,69,0.000007,0,1,1,0,1,1
30459449,,0,0.001388,69,0.000007,0,4,4,0,4,4
30345030,,0,0.000311,69,0.000007,0,2,2,0,2,2
29259702,,0,0.000335,69,0.000007,0,2,2,0,2,2
29087294,,0,0.000311,69,0.000007,0,1,1,0,1,1
28819441,,0,0.000369,69,0.000007,0,3,3,0,3,3
28358117,,0,0.000311,69,0.000007,0,1,1,0,1,1
28123571,,0,0.000311,69,0.000007,0,1,1,0,1,1
27684746,,0,0.000311,69,0.000007,0,1,1,0,1,1
27174320,,0,0.000323,69,0.000007,0,2,2,0,2,2
27083386,,0,0.000311,69,0.000007,0,1,1,0,1,1
26882065,,0,0.000331,69,0.000007,0,2,2,0,2,2
26452259,,0,0.000311,69,0.000007,0,1,1,0,1,1
25670170,,0,0.000311,69,0.000007,0,1,1,0,1,1
25625625,,0,0.000311,69,0.000007,0,1,1,0,1,1
25331442,,0,0.000311,69,0.000007,0,1,1,0,1,1
25163878,,0,0.000311,69,0.000007,0,1,1,0,1,1
24766781,,0,0.000311,69,0.000007,0,1,1,0,1,1
30258916,,0,0.000094,89,0.000007,0,9,9,0,9,9
24332935,,0.000182,0,5,0.000021,8,0,8,8,0,8
28368409,,0,0.000073,5,0.000007,0,3,3,0,3,3
26732028,,0,0.000003,5,0.000007,0,1,1,0,1,1
30459937,,0,0.000178,1,0.000007,0,4,4,0,4,4
24333356,,0.001665,0,1,0.000086,22,0,22,22,0,22
30451877,,0,0.000032,1,0.000007,0,1,1,0,1,1
29741655,,0,0.000032,1,0.000007,0,1,1,0,1,1
28656302,,0,0.000032,1,0.000007,0,1,1,0,1,1
27558581,,0,0.000032,1,0.000007,0,1,1,0,1,1
26811195,,0,0.000141,1,0.000007,0,2,2,0,2,2
26617824,,0,0.000032,1,0.000007,0,1,1,0,1,1
26542241,,0,0.000032,1,0.000007,0,1,1,0,1,1
26315971,,0,0.000032,1,0.000007,0,1,1,0,1,1
25803614,,0.000001,0.000032,5,0.000016,2,1,3,2,1,3
25099886,,0,0.000193,1,0.000007,0,2,2,0,2,2
30064416,,0,0.000042,90,0.000007,0,6,6,0,6,6
29764585,,0,0.000006,35,0.000007,0,1,1,0,1,1
29630768,,0,0.000006,35,0.000007,0,2,2,0,2,2
28620234,,0,0.000006,35,0.000007,0,1,1,0,1,1
27895750,,0,0.000006,35,0.000007,0,1,1,0,1,1
29250487,,0,0.000045,1,0.000007,0,1,1,0,1,1
27269731,,0,0.000045,1,0.000007,0,1,1,0,1,1
24337145,,0.000114,0,89,0.000008,2,0,2,2,0,2
24337974,,0.002257,0,279,0.00001,7,0,7,7,0,7
24342616,,0.000065,0,100,0.000014,2,0,2,2,0,2
26698301,,0,0.000001,100,0.000007,0,1,1,0,1,1
25797250,,0,0,282,0.000007,0,1,1,0,1,1
24342919,,0,0,282,0.000013,1,0,1,1,0,1
29358341,,0,0,205,0.000007,0,1,1,0,1,1
28845161,,0,0,205,0.000007,0,1,1,0,1,1
28266780,,0,0,205,0.000007,0,1,1,0,1,1
27762323,,0,0.000279,205,0.000007,0,2,2,0,2,2
27278358,,0,0,205,0.000007,0,1,1,0,1,1
26998056,,0,0,205,0.000007,0,1,1,0,1,1
26929736,,0,0.000006,205,0.000007,0,2,2,0,2,2
26136851,,0,0,205,0.000007,0,1,1,0,1,1
26055177,,0,0,205,0.000007,0,1,1,0,1,1
25071330,,0,0,205,0.000007,0,1,1,0,1,1
24343917,,0.000938,0,1,0.000007,1,0,1,1,0,1
24346128,,0.000318,0,35,0.000051,15,0,15,15,0,15
30035158,,0,0.000006,35,0.000007,0,1,1,0,1,1
28576130,,0,0.000021,35,0.000007,0,2,2,0,2,2
28321773,,0,0.000006,35,0.000007,0,1,1,0,1,1
28090422,,0,0.000006,35,0.000007,0,1,1,0,1,1
27419628,,0,0.000006,35,0.000007,0,1,1,0,1,1
29860027,,0,0.000036,231,0.000007,0,1,1,0,1,1
28121628,,0,0.000036,231,0.000007,0,1,1,0,1,1
27140283,,0,0.000183,5,0.000007,0,3,3,0,3,3
26810975,,0,0.000022,35,0.000007,0,1,1,0,1,1
30127741,,0,0.000002,100,0.000007,0,1,1,0,1,1
29217833,,0,0.000002,100,0.000007,0,1,1,0,1,1
28387653,,0,0.000002,100,0.000007,0,1,1,0,1,1
28222071,,0,0.000002,100,0.000007,0,1,1,0,1,1
28216661,,0,0.000033,100,0.000007,0,2,2,0,2,2
27694688,,0,0.000002,100,0.000007,0,1,1,0,1,1
26694476,,0,0.000002,100,0.000007,0,1,1,0,1,1
25860944,,0,0.000002,100,0.000007,0,1,1,0,1,1
25746103,,0,0.000002,100,0.000007,0,1,1,0,1,1
25107371,,0,0.000002,100,0.000007,0,1,1,0,1,1
24353162,,0.000021,0,279,0.000057,11,0,11,11,0,11
29556302,,0,0,279,0.000007,0,1,1,0,1,1
28901451,,0,0,279,0.000007,0,1,1,0,1,1
28901390,,0,0,279,0.000007,0,1,1,0,1,1
28881786,,0,0,279,0.000007,0,1,1,0,1,1
27051584,,0,0,279,0.000007,0,1,1,0,1,1
26515186,,0,0,279,0.000007,0,1,1,0,1,1
24355485,,0.002205,0,5,0.000013,12,0,12,12,0,12
24357847,,0.002203,0,5,0.000076,24,0,24,24,0,24
29278246,,0,0.000093,5,0.000007,0,4,4,0,4,4
29030329,,0,0.000074,5,0.000007,0,2,2,0,2,2
24357851,,0.00024,0,5,0.000062,15,0,15,15,0,15
28792974,,0,0.000005,5,0.000007,0,1,1,0,1,1
27227162,,0,0.000036,5,0.000007,0,2,2,0,2,2
26941952,,0,0.000005,5,0.000007,0,1,1,0,1,1
26920439,,0,0.000005,5,0.000007,0,1,1,0,1,1
26303029,,0,0.000005,5,0.000007,0,1,1,0,1,1
25973193,,0,0.000094,5,0.000007,0,2,2,0,2,2
25552612,,0,0.000005,5,0.000007,0,1,1,0,1,1
25032040,,0,0.000005,5,0.000007,0,1,1,0,1,1
24834118,,0,0.000005,5,0.000007,0,1,1,0,1,1
28515982,,0,0.000033,231,0.000007,0,1,1,0,1,1
27708667,,0,0.000046,231,0.000007,0,2,2,0,2,2
25974664,,0,0.000033,231,0.000007,0,1,1,0,1,1
30355591,,0,0.000032,100,0.000007,0,1,1,0,1,1
30271937,,0,0.000032,100,0.000007,0,1,1,0,1,1
29958545,,0,0.000032,100,0.000007,0,1,1,0,1,1
29165316,,0,0.000032,100,0.000007,0,1,1,0,1,1
28992250,,0,0.000032,100,0.000007,0,1,1,0,1,1
28573417,,0,0.000032,100,0.000007,0,1,1,0,1,1
28290521,,0,0.000032,100,0.000007,0,1,1,0,1,1
27703167,,0,0.000114,100,0.000007,0,2,2,0,2,2
27136939,,0,0.000032,100,0.000007,0,1,1,0,1,1
27030122,,0,0.000032,100,0.000007,0,1,1,0,1,1
26741137,,0,0.000032,100,0.000007,0,1,1,0,1,1
26528114,,0,0.000032,100,0.000007,0,1,1,0,1,1
26170237,,0,0.000032,100,0.000007,0,1,1,0,1,1
25818292,,0,0.000109,100,0.000007,0,2,2,0,2,2
24723911,,0,0.000032,100,0.000007,0,1,1,0,1,1
24621867,,0,0.000032,100,0.000007,0,1,1,0,1,1
24588672,,0,0.000032,100,0.000007,0,1,1,0,1,1
24366376,,0.004668,0,5,0.000123,71,0,71,71,0,71
30071015,,0,0.000089,5,0.000007,0,1,1,0,1,1
29445720,,0,0.000089,5,0.000007,0,1,1,0,1,1
29325614,,0,0.000089,5,0.000007,0,1,1,0,1,1
27974323,,0,0.000142,5,0.000007,0,4,4,0,4,4
27580697,,0,0.000089,5,0.000007,0,1,1,0,1,1
27417809,,0,0.000119,5,0.000007,0,2,2,0,2,2
26700127,,0,0.000089,5,0.000007,0,1,1,0,1,1
26566890,,0,0.000089,5,0.000007,0,1,1,0,1,1
25608741,,0,0.000089,5,0.000007,0,1,1,0,1,1
25552749,,0,0.000089,5,0.000007,0,1,1,0,1,1
25336591,,0,0.000089,5,0.000007,0,1,1,0,1,1
24366402,,0.000194,0,5,0.000007,2,0,2,2,0,2
24366442,,0.001591,0,5,0.000085,44,0,44,44,0,44
30143603,,0,0.00003,5,0.000007,0,1,1,0,1,1
28819067,,0,0.00003,5,0.000007,0,1,1,0,1,1
28334023,,0,0.00003,5,0.000007,0,3,3,0,3,3
26756902,,0,0.00003,5,0.000007,0,1,1,0,1,1
26501536,,0,0.00003,5,0.000007,0,1,1,0,1,1
26197770,,0,0.00003,5,0.000007,0,1,1,0,1,1
25277176,,0,0.000083,5,0.000007,0,3,3,0,3,3
24592837,,0,0.00003,5,0.000007,0,1,1,0,1,1
22412807,,0,0,24,0.000007,0,1,1,0,1,1
24372530,,0.000004,0,205,0.000008,1,0,1,1,0,1
24372583,,0.00054,0,89,0.00001,7,0,7,7,0,7
24377810,,0.000078,0,35,0.000041,10,0,10,10,0,10
28670140,,0,0.000001,35,0.000007,0,1,1,0,1,1
28121625,,0,0.000011,35,0.000007,0,2,2,0,2,2
27765922,,0,0.000001,35,0.000007,0,1,1,0,1,1
26203664,,0,0.000001,35,0.000007,0,1,1,0,1,1
30158526,,0,0.000233,69,0.000007,0,2,2,0,2,2
24378347,,0.001089,0,1,0.000014,6,0,6,6,0,6
24378620,,0.000554,0,184,0.000025,11,0,11,11,0,11
25364032,,0,0.000011,184,0.000007,0,1,1,0,1,1
29891938,,0,0.000014,90,0.000007,0,1,1,0,1,1
24378767,,0.000734,0,90,0.000023,10,0,10,10,0,10
28753959,,0,0.000023,90,0.000007,0,2,2,0,2,2
24379250,,0.000439,0,35,0.000021,4,0,4,4,0,4
26420723,,0,0.000008,35,0.000007,0,1,1,0,1,1
26389956,,0,0.000008,35,0.000007,0,1,1,0,1,1
24380557,,0.000001,0,5,0.000028,5,0,5,5,0,5
29145270,,0,0,5,0.000007,0,1,1,0,1,1
28255521,,0,0,5,0.000007,0,1,1,0,1,1
26610198,,0,0,5,0.000007,0,1,1,0,1,1
24381055,,0.000224,0,1,0.00002,7,0,7,7,0,7
24385383,,0.000844,0,35,0.000014,3,0,3,3,0,3
27606294,,0,0.000017,35,0.000007,0,2,2,0,2,2
24387337,,0.001463,0,1,0.000022,9,0,9,9,0,9
28032492,,0,0,24,0.000007,0,1,1,0,1,1
24388706,,0.000005,0,24,0.000031,5,0,5,5,0,5
26352266,,0,0,24,0.000007,0,1,1,0,1,1
25675432,,0,0,24,0.000007,0,1,1,0,1,1
24389137,,0.000619,0,5,0.000015,8,0,8,8,0,8
26743004,,0,0.000014,100,0.000007,0,1,1,0,1,1
24390236,,0.000081,0,205,0.000009,4,0,4,4,0,4
29487285,,0,0.000089,1,0.000007,0,1,1,0,1,1
28910490,,0,0.000089,1,0.000007,0,1,1,0,1,1
28095779,,0,0.000089,1,0.000007,0,1,1,0,1,1
28004814,,0,0.000529,1,0.000007,0,3,3,0,3,3
27507885,,0,0.00037,1,0.000007,0,2,2,0,2,2
27010460,,0,0.000089,1,0.000007,0,1,1,0,1,1
26626480,,0,0.000089,1,0.000007,0,1,1,0,1,1
25043379,,0,0.000089,1,0.000007,0,1,1,0,1,1
30287511,,0,0.000014,41,0.000007,0,1,1,0,1,1
30095663,,0,0.000014,41,0.000007,0,1,1,0,1,1
29464043,,0,0.000014,41,0.000007,0,1,1,0,1,1
28973444,,0,0.000014,41,0.000007,0,1,1,0,1,1
28952299,,0,0.000014,41,0.000007,0,1,1,0,1,1
28817566,,0,0.000683,41,0.000007,0,3,3,0,3,3
28775153,,0,0.000014,41,0.000007,0,1,1,0,1,1
28703770,,0,0.000014,41,0.000007,0,1,1,0,1,1
28503095,,0,0.000014,41,0.000007,0,1,1,0,1,1
28367064,,0,0.000014,41,0.000007,0,1,1,0,1,1
27927074,,0,0.000014,41,0.000007,0,1,1,0,1,1
27652616,,0,0.000014,41,0.000007,0,1,1,0,1,1
26765445,,0,0.000029,205,0.000007,0,2,2,0,2,2
25483193,,0,0.000014,41,0.000007,0,1,1,0,1,1
29854310,,0,0,5,0.000007,0,1,1,0,1,1
29739952,,0,0.00009,1,0.000007,0,1,1,0,1,1
28934760,,0,0.00009,1,0.000007,0,1,1,0,1,1
26657114,,0,0.00009,1,0.000007,0,1,1,0,1,1
25814194,,0,0.00009,1,0.000007,0,1,1,0,1,1
25734489,,0,0.00009,1,0.000007,0,1,1,0,1,1
29618904,,0,0.000001,24,0.000007,0,1,1,0,1,1
24403507,,0.000038,0,24,0.000053,12,0,12,12,0,12
29416691,,0,0.000001,24,0.000007,0,2,2,0,2,2
29348853,,0,0.000001,24,0.000007,0,1,1,0,1,1
26089640,,0,0.000001,24,0.000007,0,1,1,0,1,1
25653542,,0,0.000001,24,0.000007,0,1,1,0,1,1
24852181,,0,0.000001,24,0.000007,0,1,1,0,1,1
27557498,,0,0.00005,1,0.000007,0,1,1,0,1,1
24415413,,0.001116,0,231,0.000018,6,0,6,6,0,6
26358404,,0,0.000021,231,0.000007,0,1,1,0,1,1
24415441,,0.000739,0,100,0.000008,3,0,3,3,0,3
30097015,,0,0.000002,35,0.000007,0,1,1,0,1,1
24422569,,0.000089,0,35,0.000056,10,0,10,10,0,10
29348822,,0,0.000077,35,0.000007,0,2,2,0,2,2
26884957,,0,0.000002,35,0.000007,0,1,1,0,1,1
26339367,,0,0.000002,35,0.000007,0,1,1,0,1,1
26272794,,0,0.000002,35,0.000007,0,1,1,0,1,1
26178806,,0,0.000002,35,0.000007,0,1,1,0,1,1
26052106,,0,0.000002,35,0.000007,0,1,1,0,1,1
25622826,,0,0.000002,35,0.000007,0,1,1,0,1,1
29528794,,0,0.000043,5,0.000007,0,3,3,0,3,3
24432435,,0.00214,0,5,0.000036,25,0,25,25,0,25
29625023,,0,0.000043,140,0.000007,0,2,2,0,2,2
26753953,,0,0.000041,5,0.000007,0,1,1,0,1,1
24433082,,0.000078,0,241,0.000093,16,0,16,16,0,16
30149506,,0,0.000001,241,0.000007,0,1,1,0,1,1
29521190,,0,0.000001,241,0.000007,0,1,1,0,1,1
28935667,,0,0.000001,241,0.000007,0,1,1,0,1,1
28704134,,0,0.000001,241,0.000007,0,1,1,0,1,1
28674407,,0,0.000002,241,0.000007,0,2,2,0,2,2
28597778,,0,0.000001,241,0.000007,0,1,1,0,1,1
28597757,,0,0.000002,241,0.000007,0,2,2,0,2,2
28138562,,0,0.000001,241,0.000007,0,1,1,0,1,1
27627135,,0,0.000001,241,0.000007,0,1,1,0,1,1
27213345,,0,0.000001,241,0.000007,0,1,1,0,1,1
26073741,,0,0.000001,241,0.000007,0,1,1,0,1,1
25918951,,0,0.000001,241,0.000007,0,1,1,0,1,1
24702692,,0,0.000001,241,0.000007,0,1,1,0,1,1
28248241,,0,0,90,0.000007,0,1,1,0,1,1
26908437,,0,0,90,0.000007,0,1,1,0,1,1
26902826,,0,0,90,0.000007,0,1,1,0,1,1
25760982,,0,0,90,0.000007,0,1,1,0,1,1
25757805,,0,0,90,0.000007,0,1,1,0,1,1
24443257,,0.000024,0,24,0.000013,4,0,4,4,0,4
27036016,,0,0.000004,90,0.000007,0,1,1,0,1,1
26968954,,0,0.000004,90,0.000007,0,1,1,0,1,1
26279758,,0,0.000013,90,0.000007,0,3,3,0,3,3
29617662,,0,0.000207,1,0.000007,0,1,1,0,1,1
29435148,,0,0.000207,1,0.000007,0,1,1,0,1,1
29415044,,0,0.000207,1,0.000007,0,1,1,0,1,1
29092934,,0,0.000273,1,0.000007,0,2,2,0,2,2
28611940,,0,0.000209,1,0.000007,0,2,2,0,2,2
28522612,,0,0.000207,1,0.000007,0,1,1,0,1,1
28188128,,0,0.000233,1,0.000007,0,2,2,0,2,2
27929028,,0,0.000233,1,0.000007,0,2,2,0,2,2
27610619,,0,0.000207,1,0.000007,0,1,1,0,1,1
27409342,,0,0.000207,1,0.000007,0,1,1,0,1,1
27283932,,0,0.000207,1,0.000007,0,1,1,0,1,1
26556299,,0,0.000207,1,0.000007,0,1,1,0,1,1
25326804,,0,0.000207,1,0.000007,0,1,1,0,1,1
30046027,,0,0.000051,5,0.000007,0,4,4,0,4,4
29471813,,0,0.000035,5,0.000007,0,1,1,0,1,1
29043277,,0,0.000035,5,0.000007,0,1,1,0,1,1
27537555,,0,0.000035,5,0.000007,0,1,1,0,1,1
27471235,,0,0.000155,205,0.000007,0,4,4,0,4,4
25758997,,0,0.000066,5,0.000007,0,2,2,0,2,2
24452282,,0.000024,0,24,0.000008,2,0,2,2,0,2
29616905,,0,0.000022,89,0.000007,0,1,1,0,1,1
24457463,,0.000006,0,232,0.00002,4,0,4,4,0,4
26460236,,0,0,232,0.000007,0,1,1,0,1,1
24457564,,0.003045,0,1,0.000009,6,0,6,6,0,6
24458845,,0.000789,0,5,0.000009,6,0,6,6,0,6
24460357,,0.000011,0,279,0.000013,2,0,2,2,0,2
25886188,,0,0,279,0.000007,0,1,1,0,1,1
24464432,,0.000667,0,57,0.000035,8,0,8,8,0,8
28767711,,0,0.000013,57,0.000007,0,1,1,0,1,1
28288992,,0,0.000013,57,0.000007,0,1,1,0,1,1
25991820,,0,0.000013,57,0.000007,0,1,1,0,1,1
30063821,,0,0,137,0.000007,0,1,1,0,1,1
24464582,,0.000001,0,137,0.000045,7,0,7,7,0,7
27789698,,0,0,137,0.000007,0,1,1,0,1,1
27402632,,0,0,137,0.000007,0,1,1,0,1,1
27369081,,0,0,137,0.000007,0,1,1,0,1,1
26873194,,0,0,137,0.000007,0,1,1,0,1,1
26250112,,0,0,137,0.000007,0,1,1,0,1,1
24464625,,0.000002,0,72,0.000039,7,0,7,7,0,7
27071379,,0,0,72,0.000007,0,1,1,0,1,1
27019625,,0,0,72,0.000007,0,1,1,0,1,1
26823816,,0,0,72,0.000007,0,1,1,0,1,1
26171207,,0,0,72,0.000007,0,1,1,0,1,1
30253678,,0,0.000132,100,0.000007,0,3,3,0,3,3
30224356,,0,0.000082,100,0.000007,0,1,1,0,1,1
29997253,,0,0.000082,100,0.000007,0,1,1,0,1,1
29515139,,0,0.000082,100,0.000007,0,1,1,0,1,1
29444442,,0,0.000082,100,0.000007,0,1,1,0,1,1
29351848,,0,0.000082,100,0.000007,0,1,1,0,1,1
29321177,,0,0.000082,100,0.000007,0,1,1,0,1,1
28680740,,0,0.000082,35,0.000007,0,2,2,0,2,2
28392484,,0,0.000082,100,0.000007,0,1,1,0,1,1
27956602,,0,0.000082,100,0.000007,0,1,1,0,1,1
27715493,,0,0.000091,100,0.000007,0,3,3,0,3,3
27253695,,0,0.000121,100,0.000009,1,4,5,1,4,5
27199655,,0,0.000082,100,0.000007,0,1,1,0,1,1
26880991,,0,0.000082,100,0.000007,0,1,1,0,1,1
26503252,,0,0.000082,100,0.000007,0,1,1,0,1,1
26305173,,0,0.000082,100,0.000007,0,1,1,0,1,1
26177169,,0,0.000158,100,0.000007,0,2,2,0,2,2
26086724,,0,0.000082,100,0.000007,0,1,1,0,1,1
25841101,,0,0.000082,100,0.000007,0,1,1,0,1,1
25411432,,0,0.000082,100,0.000007,0,1,1,0,1,1
25200081,,0,0.000082,100,0.000007,0,1,1,0,1,1
24470135,,0.000165,0,5,0.000008,4,0,4,4,0,4
30429480,,0,0,72,0.000007,0,1,1,0,1,1
24470238,,0.000005,0,72,0.000038,7,0,7,7,0,7
30417009,,0,0,72,0.000007,0,1,1,0,1,1
27415424,,0,0.000009,72,0.000007,0,2,2,0,2,2
26768845,,0,0,72,0.000007,0,1,1,0,1,1
25231237,,0,0,72,0.000007,0,1,1,0,1,1
30026863,,0,0.000006,100,0.000007,0,1,1,0,1,1
24472556,,0.000318,0,100,0.000047,10,0,10,10,0,10
29375730,,0,0.000006,100,0.000007,0,1,1,0,1,1
27542412,,0,0.000006,100,0.000007,0,1,1,0,1,1
26279298,,0,0.000006,100,0.000007,0,1,1,0,1,1
25883150,,0,0.000006,100,0.000007,0,1,1,0,1,1
30406112,,0,0.000003,100,0.000007,0,1,1,0,1,1
29598900,,0,0.000003,100,0.000007,0,1,1,0,1,1
29296177,,0,0.000003,100,0.000007,0,1,1,0,1,1
29270171,,0,0.000003,100,0.000007,0,1,1,0,1,1
29073105,,0,0.000003,100,0.000007,0,1,1,0,1,1
28348485,,0,0.000003,100,0.000007,0,1,1,0,1,1
28116145,,0,0.000003,100,0.000007,0,1,1,0,1,1
27448776,,0,0.00039,100,0.000007,0,2,2,0,2,2
26503230,,0,0.000003,100,0.000007,0,1,1,0,1,1
25438756,,0,0.000003,100,0.000007,0,1,1,0,1,1
25036435,,0,0.000003,100,0.000007,0,1,1,0,1,1
30214383,,0,0.00002,72,0.000007,0,1,1,0,1,1
30180792,,0,0.000023,72,0.000007,0,4,4,0,4,4
29387208,,0,0.00002,72,0.000007,0,1,1,0,1,1
28969093,,0,0.00002,72,0.000007,0,1,1,0,1,1
28357401,,0,0.00002,72,0.000007,0,1,1,0,1,1
27429839,,0,0.00002,72,0.000007,0,1,1,0,1,1
25075256,,0,0.00002,72,0.000007,0,1,1,0,1,1
30333975,,0,0.000009,82,0.000007,0,1,1,0,1,1
30297886,,0,0.000009,82,0.000007,0,1,1,0,1,1
30194077,,0,0.000009,82,0.000007,0,1,1,0,1,1
30061557,,0,0.000028,69,0.000007,0,2,2,0,2,2
29321247,,0,0.000009,82,0.000007,0,1,1,0,1,1
29176703,,0,0.000009,82,0.000007,0,1,1,0,1,1
28981387,,0,0.000011,82,0.000007,0,2,2,0,2,2
28467923,,0,0.000009,82,0.000007,0,1,1,0,1,1
28218907,,0,0.000009,82,0.000007,0,1,1,0,1,1
28085066,,0,0.000009,82,0.000007,0,1,1,0,1,1
28029600,,0,0.000012,82,0.000007,0,2,2,0,2,2
27444698,,0,0.000009,82,0.000007,0,1,1,0,1,1
27325266,,0,0.000009,82,0.000007,0,1,1,0,1,1
27308466,,0,0.000009,82,0.000007,0,1,1,0,1,1
27264345,,0,0.000009,82,0.000007,0,1,1,0,1,1
27256984,,0,0.000009,82,0.000007,0,1,1,0,1,1
26984755,,0,0.000009,82,0.000007,0,1,1,0,1,1
26953261,,0,0.000009,82,0.000007,0,1,1,0,1,1
26600927,,0,0.000009,82,0.000007,0,1,1,0,1,1
26575331,,0,0.000009,82,0.000007,0,1,1,0,1,1
26474971,,0,0.000009,82,0.000007,0,1,1,0,1,1
26277542,,0,0.000009,82,0.000007,0,1,1,0,1,1
25893285,,0,0.000009,82,0.000007,0,1,1,0,1,1
25810907,,0,0.000009,82,0.000007,0,1,1,0,1,1
25669656,,0,0.000009,82,0.000007,0,1,1,0,1,1
25313680,,0,0.000009,82,0.000007,0,1,1,0,1,1
25006588,,0,0.000009,82,0.000007,0,1,1,0,1,1
28081052,,0,0.000038,24,0.000031,4,3,7,4,3,7
26442217,,0,0.000139,69,0.000007,0,5,5,0,5,5
29664470,,0,0.000012,231,0.000007,0,2,2,0,2,2
29494610,,0,0.000011,69,0.000007,0,1,1,0,1,1
28821817,,0,0.000011,69,0.000007,0,1,1,0,1,1
28018216,,0,0.000011,69,0.000007,0,1,1,0,1,1
27190235,,0,0.000011,69,0.000007,0,1,1,0,1,1
29040662,,0,0.000037,35,0.000007,0,1,1,0,1,1
30061942,,0,0.000001,69,0.000007,0,1,1,0,1,1
25180540,,0,0.000001,69,0.000007,0,1,1,0,1,1
30103901,,0,0.000219,89,0.000007,0,2,2,0,2,2
29360794,,0,0.000057,89,0.000007,0,2,2,0,2,2
28723426,,0,0.000043,89,0.000007,0,1,1,0,1,1
28681029,,0,0.000043,5,0.000007,0,2,2,0,2,2
28133630,,0,0.000219,89,0.000007,0,2,2,0,2,2
27408704,,0,0.00093,89,0.000007,0,4,4,0,4,4
26768791,,0,0.000043,89,0.000007,0,1,1,0,1,1
26178396,,0,0.000043,89,0.000007,0,1,1,0,1,1
25597019,,0,0.000149,89,0.000007,0,2,2,0,2,2
28678648,,0,0,231,0.000007,0,1,1,0,1,1
24485306,,0.000012,0,231,0.000034,7,0,7,7,0,7
28670399,,0,0,231,0.000007,0,1,1,0,1,1
26944314,,0,0,231,0.000007,0,1,1,0,1,1
30104883,,0,0.000005,265,0.000007,0,1,1,0,1,1
29489434,,0,0.000022,265,0.000007,0,2,2,0,2,2
29420101,,0,0.000022,265,0.000007,0,2,2,0,2,2
29391537,,0,0.000005,265,0.000007,0,1,1,0,1,1
29169370,,0,0.000041,69,0.000007,0,2,2,0,2,2
28704968,,0,0.000005,265,0.000007,0,1,1,0,1,1
28155253,,0,0.000005,265,0.000007,0,1,1,0,1,1
27682876,,0,0.000005,265,0.000007,0,1,1,0,1,1
27648580,,0,0.000029,265,0.000007,0,3,3,0,3,3
27322140,,0,0.000005,265,0.000007,0,1,1,0,1,1
27285758,,0,0.000005,265,0.000007,0,1,1,0,1,1
26861394,,0,0.000005,265,0.000007,0,1,1,0,1,1
26742076,,0,0.000005,265,0.000007,0,1,1,0,1,1
26222871,,0,0.000005,265,0.000007,0,1,1,0,1,1
25988128,,0,0.000005,265,0.000007,0,1,1,0,1,1
25762616,,0,0.000005,265,0.000007,0,1,1,0,1,1
25426249,,0,0.000005,265,0.000007,0,1,1,0,1,1
25380350,,0,0.000005,265,0.000007,0,1,1,0,1,1
29769629,,0,0.000086,205,0.000007,0,3,3,0,3,3
24492834,,0.000072,0,5,0.000038,12,0,12,12,0,12
29566728,,0,0.000001,5,0.000007,0,1,1,0,1,1
29315233,,0,0.000001,5,0.000007,0,1,1,0,1,1
25550792,,0,0.000001,5,0.000007,0,1,1,0,1,1
26685087,,0,0,1,0.000007,0,1,1,0,1,1
24495259,,0.000004,0,1,0.000014,2,0,2,2,0,2
25527629,,0,0,89,0.000007,0,1,1,0,1,1
28989582,,0,0.000005,90,0.000007,0,1,1,0,1,1
25437049,,0,0.000005,90,0.000007,0,1,1,0,1,1
25051372,,0,0.000009,90,0.000007,0,2,2,0,2,2
28029662,,0,0.000001,89,0.000007,0,1,1,0,1,1
29320577,,0,0.000141,1,0.000007,0,1,1,0,1,1
28898246,,0,0,24,0.000007,0,2,2,0,2,2
24508840,,0.000147,0,231,0.000011,2,0,2,2,0,2
29472312,,0,0.000065,1,0.000007,0,1,1,0,1,1
24518912,,0.000613,0,69,0.000054,16,0,16,16,0,16
29232906,,0,0.000012,69,0.000007,0,1,1,0,1,1
28664915,,0,0.000012,69,0.000007,0,1,1,0,1,1
27029746,,0,0.000012,69,0.000007,0,1,1,0,1,1
26242217,,0,0.000012,69,0.000007,0,1,1,0,1,1
25855626,,0,0.000012,69,0.000007,0,1,1,0,1,1
24519389,,0.000118,0,5,0.000014,3,0,3,3,0,3
24834114,,0,0.000002,5,0.000007,0,1,1,0,1,1
29915849,,0,0.000041,5,0.000007,0,2,2,0,2,2
29085450,,0,0,100,0.000007,0,1,1,0,1,1
24522996,,0.00067,0,89,0.00001,5,0,5,5,0,5
30250578,,0,0,283,0.000007,0,1,1,0,1,1
24525088,,0,0,283,0.000013,1,0,1,1,0,1
24526178,,0.0003,0,1,0.000016,7,0,7,7,0,7
24526546,,0.000085,0,5,0.000007,1,0,1,1,0,1
24528374,,0.001745,0,89,0.000011,11,0,11,11,0,11
24529552,,0.000275,0,5,0.000008,3,0,3,3,0,3
24532140,,0.000212,0,231,0.00003,11,0,11,11,0,11
26885442,,0,0.000004,231,0.000007,0,1,1,0,1,1
26822197,,0,0.000004,231,0.000007,0,1,1,0,1,1
29761157,,0,0.000173,205,0.000007,0,4,4,0,4,4
28947419,,0,0.000069,205,0.000007,0,1,1,0,1,1
28790338,,0,0.000282,69,0.000007,0,2,2,0,2,2
28532404,,0,0.000069,205,0.000007,0,1,1,0,1,1
28459104,,0.000058,0.00012,5,0.000019,6,4,10,6,4,10
27826529,,0,0.000069,205,0.000007,0,1,1,0,1,1
26155992,,0,0.000069,205,0.000007,0,1,1,0,1,1
29484112,,0,0.000003,100,0.000007,0,1,1,0,1,1
27406238,,0,0.000003,100,0.000007,0,1,1,0,1,1
24926440,,0,0.000003,100,0.000007,0,1,1,0,1,1
30366433,,0,0.000204,1,0.000007,0,2,2,0,2,2
30301882,,0,0.000139,176,0.000007,0,2,2,0,2,2
28557284,,0,0.000158,1,0.000007,0,3,3,0,3,3
28401005,,0,0.000139,82,0.000007,0,2,2,0,2,2
28057025,,0,0.000139,1,0.000007,0,1,1,0,1,1
27424808,,0,0.000139,1,0.000007,0,1,1,0,1,1
27230542,,0,0.000139,1,0.000007,0,1,1,0,1,1
27602761,,0,0.00014,1,0.000007,0,1,1,0,1,1
24555961,,0.000771,0,1,0.000013,2,0,2,2,0,2
25054138,,0,0.000015,1,0.000007,0,1,1,0,1,1
24556366,,0.001503,0,1,0.00007,18,0,18,18,0,18
29452419,,0,0.000029,1,0.000007,0,1,1,0,1,1
29375743,,0,0.000029,1,0.000007,0,1,1,0,1,1
29138515,,0,0.000029,1,0.000007,0,1,1,0,1,1
28367107,,0,0.000029,1,0.000007,0,1,1,0,1,1
28066040,,0,0.000029,1,0.000007,0,1,1,0,1,1
26689674,,0,0.000029,1,0.000007,0,1,1,0,1,1
26216840,,0,0.000029,1,0.000007,0,1,1,0,1,1
25836926,,0,0.000029,1,0.000007,0,1,1,0,1,1
30039622,,0,0.000002,35,0.000007,0,1,1,0,1,1
26477317,,0,0.000002,35,0.000007,0,1,1,0,1,1
26097874,,0,0.000002,35,0.000007,0,1,1,0,1,1
25950386,,0,0.000002,35,0.000007,0,1,1,0,1,1
29050357,,0,0.000013,1,0.000007,0,1,1,0,1,1
24560403,,0.000118,0,176,0.000023,7,0,7,7,0,7
26713261,,0,0.000002,176,0.000007,0,1,1,0,1,1
30257718,,0,0.00011,1,0.000007,0,1,1,0,1,1
30254068,,0,0.00011,1,0.000007,0,1,1,0,1,1
30126113,,0,0.00011,1,0.000007,0,1,1,0,1,1
29059719,,0,0.00011,1,0.000007,0,1,1,0,1,1
28348046,,0,0.00011,1,0.000007,0,1,1,0,1,1
27919280,,0,0.00011,1,0.000007,0,1,1,0,1,1
29764880,,0,0.000001,5,0.000007,0,2,2,0,2,2
24562705,,0,0,5,0.00001,1,0,1,1,0,1
30302397,,0,0.000031,205,0.000007,0,3,3,0,3,3
24563076,,0.001621,0,205,0.000508,72,0,72,72,0,72
30271179,,0,0.001655,205,0.000007,0,2,2,0,2,2
30191018,,0,0.000031,205,0.000007,0,1,1,0,1,1
30158952,,0,0.000034,205,0.000007,0,2,2,0,2,2
29976634,,0,0.000031,205,0.000007,0,1,1,0,1,1
29880008,,0,0.000031,205,0.000007,0,1,1,0,1,1
29712892,,0,0.000031,205,0.000007,0,1,1,0,1,1
29617282,,0,0.000031,205,0.000007,0,1,1,0,1,1
29542354,,0,0.000031,205,0.000007,0,1,1,0,1,1
29416916,,0,0.000031,205,0.000007,0,1,1,0,1,1
29408314,,0,0.000031,205,0.000007,0,1,1,0,1,1
29182496,,0,0.000031,205,0.000007,0,1,1,0,1,1
29125233,,0,0.000031,205,0.000007,0,1,1,0,1,1
29114471,,0,0.000031,205,0.000007,0,1,1,0,1,1
28994423,,0,0.000031,205,0.000007,0,2,2,0,2,2
28844952,,0,0.000031,205,0.000007,0,1,1,0,1,1
28818953,,0,0.000031,205,0.000007,0,1,1,0,1,1
28808500,,0,0.000031,205,0.000007,0,1,1,0,1,1
28736630,,0,0.000031,205,0.000007,0,1,1,0,1,1
28693246,,0,0.000031,205,0.000007,0,1,1,0,1,1
28658632,,0,0.000031,205,0.000007,0,1,1,0,1,1
28567120,,0,0.000031,205,0.000007,0,1,1,0,1,1
28480071,,0,0.000031,205,0.000007,0,1,1,0,1,1
28480068,,0,0.000031,205,0.000007,0,1,1,0,1,1
28445152,,0,0.000031,205,0.000007,0,1,1,0,1,1
28389139,,0,0.000031,205,0.000007,0,1,1,0,1,1
28297679,,0,0.000031,205,0.000007,0,1,1,0,1,1
28146430,,0,0.000031,205,0.000007,0,1,1,0,1,1
28078106,,0,0.000031,205,0.000007,0,1,1,0,1,1
28034880,,0,0.000031,205,0.000007,0,1,1,0,1,1
27843590,,0,0.000031,205,0.000007,0,1,1,0,1,1
27747092,,0,0.000031,205,0.000007,0,1,1,0,1,1
27627808,,0,0.000031,205,0.000007,0,1,1,0,1,1
27494611,,0,0.000031,205,0.000007,0,1,1,0,1,1
27259011,,0,0.000031,205,0.000007,0,1,1,0,1,1
27231123,,0,0.000031,205,0.000007,0,1,1,0,1,1
27216979,,0,0.000031,205,0.000007,0,1,1,0,1,1
27152236,,0,0.000031,205,0.000007,0,1,1,0,1,1
27102149,,0,0.000031,205,0.000007,0,1,1,0,1,1
27032374,,0,0.000031,205,0.000007,0,1,1,0,1,1
27000463,,0,0.000031,205,0.000007,0,1,1,0,1,1
26912134,,0,0.000031,205,0.000007,0,1,1,0,1,1
26868125,,0,0.000031,205,0.000007,0,1,1,0,1,1
26716414,,0,0.000031,205,0.000007,0,1,1,0,1,1
26508638,,0.000161,0.000031,205,0.000163,32,1,33,32,1,33
26472021,,0,0.000031,205,0.000007,0,1,1,0,1,1
26257864,,0,0.000031,205,0.000007,0,1,1,0,1,1
26189129,,0,0.000031,205,0.000007,0,1,1,0,1,1
26149376,,0,0.000031,205,0.000007,0,1,1,0,1,1
26142706,,0,0.000031,205,0.000007,0,1,1,0,1,1
26109333,,0,0.00031,205,0.000007,0,2,2,0,2,2
26025932,,0,0.000031,205,0.000007,0,1,1,0,1,1
25879652,,0,0.000031,205,0.000007,0,1,1,0,1,1
25763789,,0,0.000031,205,0.000007,0,1,1,0,1,1
25631473,,0,0.000031,205,0.000007,0,1,1,0,1,1
25527197,,0,0.000031,205,0.000007,0,1,1,0,1,1
25435907,,0,0.000031,205,0.000007,0,1,1,0,1,1
25369307,,0,0.000031,205,0.000007,0,1,1,0,1,1
25267595,,0,0.000031,205,0.000007,0,1,1,0,1,1
24962792,,0,0.000031,205,0.000007,0,1,1,0,1,1
24889489,,0,0.000031,205,0.000007,0,1,1,0,1,1
28069634,,0,0.000063,284,0.000007,0,2,2,0,2,2
24564956,,0.000001,0,284,0.000028,4,0,4,4,0,4
26288567,,0,0,284,0.000007,0,1,1,0,1,1
26227631,,0,0,284,0.000007,0,1,1,0,1,1
24564388,,0,0,284,0.000007,0,1,1,0,1,1
28246200,,0,0.000017,100,0.000007,0,2,2,0,2,2
24566764,,0.000226,0,89,0.000008,3,0,3,3,0,3
24567197,,0.000327,0,5,0.000014,8,0,8,8,0,8
24567198,,0.000317,0,5,0.000017,10,0,10,10,0,10
30190422,,0,0.00007,35,0.000007,0,2,2,0,2,2
30175262,,0,0.000032,35,0.000007,0,1,1,0,1,1
29278740,,0,0.000032,35,0.000007,0,1,1,0,1,1
28529452,,0,0.000032,35,0.000007,0,1,1,0,1,1
27379395,,0,0.000057,5,0.000007,0,7,7,0,7,7
27189962,,0,0.000032,35,0.000007,0,1,1,0,1,1
26904167,,0,0.000032,35,0.000007,0,1,1,0,1,1
26787889,,0,0.000032,35,0.000007,0,1,1,0,1,1
26770651,,0,0.000032,35,0.000007,0,1,1,0,1,1
26674066,,0,0.000032,35,0.000007,0,1,1,0,1,1
26280276,,0,0.000032,35,0.000007,0,1,1,0,1,1
26146988,,0,0.000032,35,0.000007,0,1,1,0,1,1
28939999,,0,0.000172,5,0.000007,0,2,2,0,2,2
26076152,,0,0.000172,5,0.000007,0,1,1,0,1,1
24569164,,0.001857,0,140,0.000017,19,0,19,19,0,19
28851515,,0,0.000022,100,0.000007,0,1,1,0,1,1
28334815,,0,0.000022,100,0.000007,0,1,1,0,1,1
27398807,,0,0.000022,100,0.000007,0,1,1,0,1,1
26841191,,0,0.000022,100,0.000007,0,1,1,0,1,1
26819641,,0,0.000022,100,0.000007,0,1,1,0,1,1
26804911,,0,0.000022,100,0.000007,0,1,1,0,1,1
26701725,,0,0.000022,100,0.000007,0,1,1,0,1,1
26566919,,0,0.000022,100,0.000007,0,1,1,0,1,1
26512707,,0,0.000022,100,0.000007,0,1,1,0,1,1
25843235,,0,0.000022,100,0.000007,0,1,1,0,1,1
28303888,,0,0,24,0.000007,0,1,1,0,1,1
27846368,,0,0,24,0.000007,0,1,1,0,1,1
27484907,,0,0,24,0.000007,0,1,1,0,1,1
27042257,,0,0,24,0.000007,0,1,1,0,1,1
26299580,,0,0,24,0.000007,0,1,1,0,1,1
25815725,,0,0,24,0.000007,0,1,1,0,1,1
24573411,,0.000011,0,279,0.000007,1,0,1,1,0,1
30150886,,0,0.000007,1,0.000007,0,1,1,0,1,1
24577588,,0.000385,0,1,0.000018,5,0,5,5,0,5
24578176,,0.000309,0,5,0.00001,5,0,5,5,0,5
30103802,,0,0.000001,35,0.000007,0,2,2,0,2,2
30064485,,0,0.000001,35,0.000007,0,2,2,0,2,2
29291744,,0,0.000001,35,0.000007,0,2,2,0,2,2
28273970,,0,0.000001,35,0.000007,0,1,1,0,1,1
28133688,,0,0.000002,35,0.000007,0,5,5,0,5,5
27029917,,0,0.000001,35,0.000007,0,1,1,0,1,1
29520901,,0,0.000012,279,0.000007,0,1,1,0,1,1
24581343,,0.000648,0,279,0.000019,7,0,7,7,0,7
24584753,,0.000048,0,82,0.00005,9,0,9,9,0,9
28373296,,0,0.000001,82,0.000007,0,1,1,0,1,1
26416353,,0,0.000001,82,0.000007,0,1,1,0,1,1
25828437,,0,0.000001,82,0.000007,0,1,1,0,1,1
25522242,,0,0.000001,82,0.000007,0,1,1,0,1,1
26513020,,0,0.000025,100,0.000007,0,1,1,0,1,1
24599711,,0.000011,0,5,0.000008,1,0,1,1,0,1
30089490,,0,0.000002,231,0.000007,0,1,1,0,1,1
29495389,,0,0.000002,231,0.000007,0,1,1,0,1,1
27632928,,0,0.000095,140,0.000007,0,6,6,0,6,6
24603131,,0.000122,0,5,0.00001,3,0,3,3,0,3
30071701,,0,0.000004,231,0.000007,0,2,2,0,2,2
24603941,,0.000207,0,231,0.00004,9,0,9,9,0,9
30053855,,0,0.000004,231,0.000007,0,1,1,0,1,1
29774306,,0,0.000004,231,0.000007,0,1,1,0,1,1
29695070,,0,0.000004,231,0.000007,0,1,1,0,1,1
28714949,,0,0.000004,231,0.000007,0,1,1,0,1,1
30151354,,0,0,279,0.000007,0,1,1,0,1,1
29404275,,0,0.000005,279,0.000007,0,3,3,0,3,3
26628948,,0,0,279,0.000007,0,1,1,0,1,1
26442106,,0,0,279,0.000007,0,1,1,0,1,1
25705250,,0,0,279,0.000007,0,1,1,0,1,1
25674284,,0,0,279,0.000007,0,1,1,0,1,1
24607278,,0.000166,0,140,0.000014,4,0,4,4,0,4
24936649,,0,0.000003,140,0.000007,0,1,1,0,1,1
30088474,,0,0.000287,1,0.000007,0,2,2,0,2,2
24607283,,0.008467,0,1,0.000033,24,0,24,24,0,24
28079805,,0,0.000161,1,0.000007,0,1,1,0,1,1
29649593,,0,0,285,0.000007,0,1,1,0,1,1
24607518,,0,0,285,0.000019,2,0,2,2,0,2
25587429,,0,0,285,0.000007,0,1,1,0,1,1
24615043,,0.000075,0,89,0.00001,4,0,4,4,0,4
29145046,,0,0.000158,1,0.000007,0,1,1,0,1,1
24618433,,0.000015,0,137,0.000008,1,0,1,1,0,1
26668595,,0,0.000065,1,0.000007,0,1,1,0,1,1
30213946,,0,0.000004,35,0.000007,0,1,1,0,1,1
29977353,,0,0.000004,35,0.000007,0,1,1,0,1,1
28891816,,0,0.000004,35,0.000007,0,1,1,0,1,1
28747664,,0,0.000004,35,0.000007,0,1,1,0,1,1
28098771,,0,0.000217,35,0.000007,0,2,2,0,2,2
27999982,,0,0.000234,35,0.000007,0,3,3,0,3,3
27613840,,0,0.000004,35,0.000007,0,1,1,0,1,1
30482205,,0,0,82,0.000007,0,1,1,0,1,1
29017533,,0,0,82,0.000007,0,1,1,0,1,1
29274157,,0,0,286,0.000007,0,1,1,0,1,1
24631698,,0,0,286,0.000043,6,0,6,6,0,6
29178643,,0,0,286,0.000007,0,1,1,0,1,1
29163692,,0,0,286,0.000007,0,1,1,0,1,1
28560390,,0,0,286,0.000007,0,1,1,0,1,1
28408959,,0,0,286,0.000007,0,1,1,0,1,1
27026778,,0,0,286,0.000007,0,1,1,0,1,1
24633894,,0.000017,0,1,0.000008,1,0,1,1,0,1
25943352,,0,0.000053,5,0.000007,0,1,1,0,1,1
29991956,,0,0,176,0.000007,0,1,1,0,1,1
24639390,,0,0,176,0.000038,6,0,6,6,0,6
29692611,,0,0,176,0.000007,0,1,1,0,1,1
27989101,,0,0,176,0.000007,0,1,1,0,1,1
27930712,,0,0,176,0.000007,0,1,1,0,1,1
27901493,,0,0,176,0.000007,0,1,1,0,1,1
28199840,,0,0.000003,100,0.000007,0,1,1,0,1,1
27112667,,0,0.000003,100,0.000007,0,1,1,0,1,1
27055244,,0,0.000003,100,0.000007,0,1,1,0,1,1
27874106,,0,0.000003,184,0.000007,0,1,1,0,1,1
25244922,,0,0.000003,184,0.000007,0,1,1,0,1,1
24647773,,0,0,5,0.000007,0,1,1,0,1,1
30139988,,0,0.00001,140,0.000007,0,1,1,0,1,1
28502102,,0,0.000017,140,0.000007,0,2,2,0,2,2
28444229,,0,0.00001,140,0.000007,0,1,1,0,1,1
27339364,,0,0.00001,140,0.000007,0,1,1,0,1,1
24670361,,0.00023,0,89,0.000012,6,0,6,6,0,6
29899995,,0,0.001638,89,0.000007,0,4,4,0,4,4
24672950,,0,0,24,0.00001,1,0,1,1,0,1
28083512,,0,0.000004,90,0.000007,0,1,1,0,1,1
26780155,,0,0.000004,90,0.000007,0,1,1,0,1,1
29997225,,0,0.00008,89,0.000007,0,1,1,0,1,1
24675952,,0.00422,0,89,0.000035,17,0,17,17,0,17
26471915,,0,0.00008,89,0.000007,0,1,1,0,1,1
29983698,,0,0.000197,5,0.000007,0,1,1,0,1,1
29528378,,0,0.000197,5,0.000007,0,1,1,0,1,1
29171309,,0,0.000197,140,0.000007,0,2,2,0,2,2
28741261,,0,0.000197,5,0.000007,0,1,1,0,1,1
28235003,,0,0.000272,231,0.000007,0,4,4,0,4,4
26030442,,0,0.000197,5,0.000007,0,1,1,0,1,1
25982967,,0,0.000197,5,0.000007,0,1,1,0,1,1
24675954,,0.010362,0,100,0.000065,49,0,49,49,0,49
27628236,,0,0.000471,100,0.000007,0,2,2,0,2,2
27577169,,0,0.001017,69,0.000007,0,3,3,0,3,3
26578604,,0,0.000198,100,0.000007,0,1,1,0,1,1
25569209,,0,0.000292,100,0.000007,0,2,2,0,2,2
24676543,,0.000007,0,279,0.000024,5,0,5,5,0,5
27233998,,0,0,279,0.000007,0,1,1,0,1,1
26732298,,0,0,279,0.000007,0,1,1,0,1,1
30386240,,0,0.000032,241,0.000007,0,2,2,0,2,2
24680865,,0.000026,0,241,0.000032,6,0,6,6,0,6
29050250,,0,0,241,0.000007,0,1,1,0,1,1
28052028,,0,0,241,0.000007,0,1,1,0,1,1
26977297,,0,0,241,0.000007,0,1,1,0,1,1
24680909,,0.000643,0,1,0.000016,4,0,4,4,0,4
24681740,,0.000012,0,5,0.000008,1,0,1,1,0,1
24681744,,0.000198,0,72,0.000009,2,0,2,2,0,2
24687378,,0.000377,0,5,0.000021,13,0,13,13,0,13
24687832,,0.000241,0,5,0.000011,3,0,3,3,0,3
29359146,,0,0.000001,89,0.000007,0,1,1,0,1,1
24692182,,0.000058,0,89,0.000014,3,0,3,3,0,3
27168807,,0,0,90,0.000007,0,1,1,0,1,1
24692579,,0.001632,0,1,0.000012,6,0,6,6,0,6
28758896,,0,0.000025,231,0.000007,0,1,1,0,1,1
28665322,,0,0.000025,231,0.000007,0,1,1,0,1,1
26629147,,0,0.000025,231,0.000007,0,1,1,0,1,1
26245904,,0,0.000025,231,0.000007,0,1,1,0,1,1
24700448,,0.000995,0,35,0.000008,3,0,3,3,0,3
29789527,,0,0.000002,100,0.000007,0,1,1,0,1,1
28526810,,0,0.000002,100,0.000007,0,1,1,0,1,1
27652000,,0,0.000002,100,0.000007,0,1,1,0,1,1
27415837,,0,0.000218,89,0.000007,0,3,3,0,3,3
29776332,,0,0.000001,184,0.000007,0,1,1,0,1,1
30111989,,0,0.000011,198,0.000007,0,2,2,0,2,2
24710121,,0.000595,0,5,0.000016,11,0,11,11,0,11
24719479,,0.000016,0,69,0.000008,1,0,1,1,0,1
29724161,,0,0,231,0.000007,0,1,1,0,1,1
25506896,,0,0,231,0.000007,0,1,1,0,1,1
24726640,,0.000394,0,1,0.000007,1,0,1,1,0,1
24727989,,0.00002,0,1,0.000018,3,0,3,3,0,3
27084429,,0,0,1,0.000007,0,1,1,0,1,1
26801746,,0,0.000007,1,0.000007,0,2,2,0,2,2
29662108,,0,0.000141,205,0.000007,0,2,2,0,2,2
28240513,,0,0.000199,1,0.000007,0,2,2,0,2,2
30148152,,0,0.000004,140,0.000007,0,1,1,0,1,1
29967039,,0,0.000004,140,0.000007,0,1,1,0,1,1
29590096,,0,0.000004,140,0.000007,0,1,1,0,1,1
29368431,,0,0.000004,140,0.000007,0,1,1,0,1,1
29317701,,0,0.000004,140,0.000007,0,1,1,0,1,1
29203377,,0,0.000004,140,0.000007,0,1,1,0,1,1
28812537,,0,0.000004,140,0.000007,0,1,1,0,1,1
28521042,,0,0.000004,140,0.000007,0,1,1,0,1,1
27343256,,0,0.000004,140,0.000007,0,1,1,0,1,1
27114037,,0,0.000004,140,0.000007,0,1,1,0,1,1
26781218,,0,0.000004,140,0.000007,0,1,1,0,1,1
26694085,,0,0.000004,140,0.000007,0,1,1,0,1,1
26679347,,0,0.000004,140,0.000007,0,1,1,0,1,1
26344056,,0,0.000004,140,0.000007,0,1,1,0,1,1
25741365,,0,0.000004,140,0.000007,0,1,1,0,1,1
27196483,,0,0,287,0.000007,0,1,1,0,1,1
24728435,,0,0,287,0.000013,1,0,1,1,0,1
24728577,,0.000107,0,89,0.000007,2,0,2,2,0,2
24729269,,0.000189,0,89,0.000009,3,0,3,3,0,3
24731853,,0.000855,0,5,0.000008,3,0,3,3,0,3
30022982,,0,0.000009,100,0.000007,0,2,2,0,2,2
27376052,,0,0.000001,5,0.000007,0,1,1,0,1,1
24733657,,0.000061,0,5,0.00002,5,0,5,5,0,5
29807392,,0,0.000217,205,0.000007,0,3,3,0,3,3
29736259,,0,0.000502,205,0.000007,0,9,9,0,9,9
29568413,,0,0.000109,205,0.000007,0,1,1,0,1,1
29225998,,0,0.000109,205,0.000007,0,1,1,0,1,1
28947817,,0,0.000109,205,0.000007,0,1,1,0,1,1
28838210,,0,0.000109,205,0.000007,0,1,1,0,1,1
27423699,,0,0.000109,205,0.000007,0,1,1,0,1,1
26681316,,0,0.000109,205,0.000007,0,1,1,0,1,1
26380986,,0,0.000109,205,0.000007,0,1,1,0,1,1
26137530,,0,0.000186,205,0.000007,0,3,3,0,3,3
25286031,,0,0.000109,205,0.000007,0,1,1,0,1,1
25114273,,0,0.000109,205,0.000007,0,1,1,0,1,1
29540716,,0,0,90,0.000007,0,1,1,0,1,1
24734899,,0,0,90,0.000055,9,0,9,9,0,9
29301363,,0,0.000006,90,0.000007,0,2,2,0,2,2
29038427,,0,0,90,0.000007,0,1,1,0,1,1
28773977,,0,0,90,0.000007,0,1,1,0,1,1
28772401,,0,0,90,0.000007,0,1,1,0,1,1
28332400,,0,0,90,0.000007,0,1,1,0,1,1
28331314,,0,0,90,0.000007,0,1,1,0,1,1
27020066,,0,0,90,0.000007,0,1,1,0,1,1
25354297,,0,0,90,0.000007,0,2,2,0,2,2
27266982,,0,0.000016,205,0.000007,0,1,1,0,1,1
30109230,,0,0.000076,100,0.000007,0,1,1,0,1,1
29267250,,0,0.000076,100,0.000007,0,1,1,0,1,1
28977635,,0,0.000076,100,0.000007,0,1,1,0,1,1
28791382,,0,0.000076,100,0.000007,0,1,1,0,1,1
28334093,,0,0.000097,100,0.000007,0,2,2,0,2,2
27959319,,0,0.000076,100,0.000007,0,1,1,0,1,1
27652321,,0,0.000076,100,0.000007,0,1,1,0,1,1
27588601,,0,0.000083,100,0.000007,0,2,2,0,2,2
26990569,,0,0.000076,100,0.000007,0,1,1,0,1,1
26961308,,0,0.000076,100,0.000007,0,1,1,0,1,1
26801641,,0,0.000076,100,0.000007,0,1,1,0,1,1
26625977,,0,0.000109,35,0.000007,0,3,3,0,3,3
26283183,,0,0.000076,100,0.000007,0,1,1,0,1,1
25972363,,0,0.000076,100,0.000007,0,1,1,0,1,1
29930011,,0,0.000031,100,0.000007,0,1,1,0,1,1
29396485,,0,0.000031,100,0.000007,0,1,1,0,1,1
29312595,,0,0.000031,100,0.000007,0,1,1,0,1,1
29112714,,0,0.000126,100,0.000007,0,3,3,0,3,3
28847825,,0,0.000144,100,0.000007,0,4,4,0,4,4
28472517,,0,0.000031,100,0.000007,0,1,1,0,1,1
28380197,,0,0.000031,100,0.000007,0,1,1,0,1,1
28234355,,0,0.000031,72,0.000007,0,2,2,0,2,2
28005460,,0,0.000032,140,0.000007,0,2,2,0,2,2
27940478,,0,0.000031,100,0.000007,0,1,1,0,1,1
27851963,,0,0.000031,100,0.000007,0,1,1,0,1,1
27282250,,0,0.000031,100,0.000007,0,1,1,0,1,1
27185460,,0,0.000031,100,0.000007,0,1,1,0,1,1
26927092,,0,0.000031,100,0.000007,0,1,1,0,1,1
26794446,,0,0.000031,100,0.000007,0,1,1,0,1,1
26728853,,0,0.000031,100,0.000007,0,1,1,0,1,1
26682798,,0,0.000031,100,0.000007,0,1,1,0,1,1
25561496,,0,0.000031,100,0.000007,0,1,1,0,1,1
30359251,,0,0.000001,5,0.000007,0,1,1,0,1,1
24747286,,0.000066,0,5,0.000021,5,0,5,5,0,5
29379837,,0,0.000001,5,0.000007,0,1,1,0,1,1
29795397,,0,0,82,0.000007,0,1,1,0,1,1
24747666,,0.000001,0,82,0.000025,4,0,4,4,0,4
29748568,,0,0,82,0.000007,0,1,1,0,1,1
28178675,,0,0.000002,82,0.000007,0,2,2,0,2,2
30034687,,0,0,90,0.000007,0,1,1,0,1,1
29997818,,0,0,90,0.000007,0,1,1,0,1,1
29997363,,0,0,90,0.000007,0,1,1,0,1,1
29876137,,0,0,90,0.000007,0,1,1,0,1,1
29449656,,0,0,90,0.000007,0,1,1,0,1,1
29138401,,0,0,90,0.000007,0,1,1,0,1,1
28989608,,0,0,90,0.000007,0,1,1,0,1,1
28933537,,0,0,90,0.000007,0,1,1,0,1,1
28791195,,0,0,90,0.000007,0,1,1,0,1,1
28345687,,0,0,90,0.000007,0,1,1,0,1,1
28120920,,0,0,90,0.000007,0,1,1,0,1,1
27266855,,0,0,90,0.000007,0,1,1,0,1,1
26895095,,0,0,90,0.000007,0,1,1,0,1,1
26505210,,0,0,90,0.000007,0,1,1,0,1,1
26405822,,0,0,90,0.000007,0,1,1,0,1,1
26151001,,0,0,90,0.000007,0,1,1,0,1,1
26140612,,0,0,90,0.000007,0,1,1,0,1,1
26039492,,0,0,90,0.000007,0,1,1,0,1,1
25974839,,0,0,90,0.000007,0,1,1,0,1,1
25771013,,0,0,90,0.000007,0,1,1,0,1,1
25494492,,0,0,90,0.000007,0,1,1,0,1,1
25430077,,0,0,90,0.000007,0,1,1,0,1,1
25271374,,0,0,90,0.000007,0,1,1,0,1,1
29675105,,0,0.000002,35,0.000007,0,1,1,0,1,1
28926134,,0,0.000002,35,0.000007,0,1,1,0,1,1
30112019,,0,0.000018,184,0.000007,0,3,3,0,3,3
24748567,,0.000062,0,184,0.000009,2,0,2,2,0,2
30405652,,0,0,288,0.000007,0,1,1,0,1,1
24750060,,0,0,288,0.000013,1,0,1,1,0,1
30123871,,0,0,69,0.000007,0,1,1,0,1,1
24752005,,0.000001,0,69,0.00002,3,0,3,3,0,3
26986137,,0,0,69,0.000007,0,1,1,0,1,1
24754577,,0.000012,0,100,0.000012,1,0,1,1,0,1
30173350,,0,0,279,0.000007,0,1,1,0,1,1
24755492,,0.000006,0,279,0.000022,4,0,4,4,0,4
28067827,,0,0,279,0.000007,0,1,1,0,1,1
29716523,,0,0.000004,100,0.000007,0,1,1,0,1,1
29545921,,0,0.000004,100,0.000007,0,1,1,0,1,1
29495341,,0,0.000004,100,0.000007,0,1,1,0,1,1
28594391,,0,0.000004,100,0.000007,0,1,1,0,1,1
27242966,,0,0.000004,100,0.000007,0,1,1,0,1,1
25369297,,0,0.000004,100,0.000007,0,1,1,0,1,1
25221735,,0,0.000004,100,0.000007,0,1,1,0,1,1
27390603,,0,0.000003,231,0.000007,0,1,1,0,1,1
25999734,,0,0.000003,231,0.000007,0,1,1,0,1,1
24763230,,0.000004,0,89,0.000008,1,0,1,1,0,1
30214555,,0,0.000105,205,0.000007,0,2,2,0,2,2
30131872,,0,0.00007,205,0.000007,0,1,1,0,1,1
29189820,,0,0.000301,205,0.000007,0,3,3,0,3,3
28717660,,0,0.000145,205,0.000007,0,3,3,0,3,3
28577551,,0,0.00007,205,0.000007,0,1,1,0,1,1
28378423,,0,0.00007,205,0.000007,0,1,1,0,1,1
28152038,,0,0.00009,205,0.000007,0,2,2,0,2,2
28106320,,0,0.00007,205,0.000007,0,1,1,0,1,1
27801815,,0,0.00007,205,0.000007,0,1,1,0,1,1
27513193,,0,0.00007,205,0.000007,0,1,1,0,1,1
27144058,,0,0.00007,205,0.000007,0,2,2,0,2,2
27081547,,0,0.00009,205,0.000007,0,2,2,0,2,2
26462740,,0,0.00007,205,0.000007,0,1,1,0,1,1
25790160,,0,0.00007,205,0.000007,0,1,1,0,1,1
29531322,,0,0.000733,100,0.000007,0,5,5,0,5,5
24768451,,0.000612,0,100,0.000024,12,0,12,12,0,12
26704428,,0,0.000012,100,0.000007,0,1,1,0,1,1
24771600,,0.000064,0,5,0.000007,1,0,1,1,0,1
28704513,,0,0.00002,205,0.000007,0,2,2,0,2,2
28043820,,0,0.000014,69,0.000007,0,1,1,0,1,1
26758421,,0,0.000014,69,0.000007,0,1,1,0,1,1
29718479,,0,0.000094,100,0.000007,0,1,1,0,1,1
29186176,,0,0.000094,100,0.000007,0,1,1,0,1,1
28827358,,0,0.000094,100,0.000007,0,1,1,0,1,1
28487407,,0,0.000094,100,0.000007,0,1,1,0,1,1
27444064,,0,0.002038,205,0.000007,0,4,4,0,4,4
27343237,,0,0.000307,69,0.000007,0,2,2,0,2,2
27308388,,0,0.00012,100,0.000007,0,2,2,0,2,2
27166373,,0,0.000094,100,0.000007,0,1,1,0,1,1
25901182,,0,0.000094,100,0.000007,0,1,1,0,1,1
25643322,,0,0.000161,100,0.000007,0,2,2,0,2,2
25006166,,0,0.000094,100,0.000007,0,1,1,0,1,1
30210049,,0,0.000032,69,0.000007,0,1,1,0,1,1
29850162,,0,0.000032,69,0.000007,0,1,1,0,1,1
29561302,,0,0.000032,69,0.000007,0,1,1,0,1,1
28657230,,0,0.000032,69,0.000007,0,1,1,0,1,1
26880793,,0,0.000032,69,0.000007,0,1,1,0,1,1
29989047,,0,0.000007,35,0.000007,0,1,1,0,1,1
29662616,,0,0.000007,35,0.000007,0,1,1,0,1,1
28979810,,0,0.000007,35,0.000007,0,1,1,0,1,1
28745489,,0,0.000007,35,0.000007,0,1,1,0,1,1
28616266,,0,0.000007,35,0.000007,0,1,1,0,1,1
28572115,,0,0.000007,35,0.000007,0,1,1,0,1,1
28566884,,0,0.000007,35,0.000007,0,1,1,0,1,1
28322571,,0,0.000007,35,0.000007,0,1,1,0,1,1
28223921,,0,0.000007,35,0.000007,0,1,1,0,1,1
27515027,,0,0.000007,35,0.000007,0,1,1,0,1,1
27114850,,0,0.000007,35,0.000007,0,1,1,0,1,1
26202067,,0,0.000007,35,0.000007,0,1,1,0,1,1
30385851,,0,0.000014,35,0.000007,0,1,1,0,1,1
30226594,,0,0.000014,35,0.000007,0,1,1,0,1,1
29229973,,0,0.000014,35,0.000007,0,1,1,0,1,1
28525372,,0,0.000014,35,0.000007,0,1,1,0,1,1
28439492,,0,0.000015,35,0.000007,0,2,2,0,2,2
28252645,,0,0.000014,35,0.000007,0,1,1,0,1,1
27499703,,0,0.000014,35,0.000007,0,1,1,0,1,1
27270502,,0,0.000014,35,0.000007,0,1,1,0,1,1
27128470,,0,0.000014,35,0.000007,0,1,1,0,1,1
26933822,,0,0.000014,35,0.000007,0,1,1,0,1,1
25502176,,0,0.000014,35,0.000007,0,1,1,0,1,1
28685073,,0,0.0001,1,0.000007,0,1,1,0,1,1
26244529,,0,0.000241,1,0.000007,0,2,2,0,2,2
24789418,,0.000151,0,5,0.000016,4,0,4,4,0,4
26730232,,0.000005,0.000003,89,0.000009,1,1,2,1,1,2
30314376,,0,0.000058,1,0.000007,0,1,1,0,1,1
29156763,,0,0.000058,1,0.000007,0,1,1,0,1,1
28503382,,0,0.000058,1,0.000007,0,1,1,0,1,1
28288624,,0,0.000286,1,0.000007,0,2,2,0,2,2
27318194,,0,0.000058,1,0.000007,0,1,1,0,1,1
26717024,,0,0.000058,1,0.000007,0,1,1,0,1,1
30333528,,0,0,289,0.000007,0,1,1,0,1,1
24793792,,0,0,289,0.000049,7,0,7,7,0,7
30326935,,0,0,289,0.000007,0,1,1,0,1,1
29434213,,0,0,289,0.000007,0,1,1,0,1,1
29116422,,0,0,289,0.000007,0,1,1,0,1,1
28611316,,0,0,289,0.000007,0,1,1,0,1,1
27807473,,0,0,289,0.000007,0,1,1,0,1,1
27220888,,0,0,289,0.000007,0,1,1,0,1,1
29872715,,0,0.000008,232,0.000007,0,2,2,0,2,2
28683077,,0,0,232,0.000007,0,1,1,0,1,1
28453432,,0,0.000006,232,0.000007,0,2,2,0,2,2
26883632,,0,0,232,0.000007,0,1,1,0,1,1
26195756,,0,0,232,0.000007,0,1,1,0,1,1
29273956,,0,0.000002,5,0.000007,0,1,1,0,1,1
28003873,,0,0.000002,5,0.000007,0,1,1,0,1,1
24797986,,0.000136,0,35,0.000007,1,0,1,1,0,1
24800916,,0.000099,0,231,0.000009,4,0,4,4,0,4
24800917,,0.000219,0,205,0.000013,5,0,5,5,0,5
24820399,,0.001756,0,69,0.000013,12,0,12,12,0,12
26667241,,0,0,140,0.000007,0,1,1,0,1,1
27923781,,0,0.000041,5,0.000007,0,1,1,0,1,1
26471496,,0,0.000041,5,0.000007,0,1,1,0,1,1
25709474,,0,0.000041,5,0.000007,0,1,1,0,1,1
25553984,,0,0.000041,5,0.000007,0,1,1,0,1,1
24824628,,0.001015,0,35,0.000031,9,0,9,9,0,9
28960212,,0,0.000019,35,0.000007,0,1,1,0,1,1
28036386,,0,0.000019,35,0.000007,0,1,1,0,1,1
27476442,,0,0.000019,35,0.000007,0,1,1,0,1,1
24825122,,0.000453,0,1,0.000009,4,0,4,4,0,4
24825132,,0.000011,0,89,0.000007,1,0,1,1,0,1
24825433,,0,0,279,0.000009,1,0,1,1,0,1
30037856,,0,0.000007,72,0.000007,0,1,1,0,1,1
29755664,,0,0.000755,72,0.000007,0,4,4,0,4,4
29361949,,0,0.000007,72,0.000007,0,1,1,0,1,1
28549791,,0,0.000007,72,0.000007,0,2,2,0,2,2
28122586,,0,0.000007,72,0.000007,0,1,1,0,1,1
27900284,,0,0.000007,72,0.000007,0,1,1,0,1,1
26629033,,0,0.000007,72,0.000007,0,1,1,0,1,1
26393886,,0,0.000007,72,0.000007,0,1,1,0,1,1
24827126,,0.01205,0,1,0.000023,27,0,27,27,0,27
26796671,,0,0.000016,100,0.000007,0,1,1,0,1,1
29956784,,0,0.000015,35,0.000007,0,1,1,0,1,1
29923998,,0,0.000015,35,0.000007,0,1,1,0,1,1
29880821,,0,0.000015,35,0.000007,0,1,1,0,1,1
29755596,,0,0.000015,35,0.000007,0,1,1,0,1,1
28878282,,0,0.000089,35,0.000007,0,2,2,0,2,2
28529458,,0,0.000015,35,0.000007,0,1,1,0,1,1
27882217,,0,0.000015,35,0.000007,0,1,1,0,1,1
27681240,,0,0.000015,35,0.000007,0,1,1,0,1,1
27441001,,0,0.000015,35,0.000007,0,1,1,0,1,1
25990212,,0,0.000015,35,0.000007,0,1,1,0,1,1
25426335,,0,0.000027,35,0.000007,0,2,2,0,2,2
29665779,,0,0.000022,205,0.000007,0,2,2,0,2,2
29082372,,0,0.00002,205,0.000007,0,1,1,0,1,1
28629316,,0,0.00002,205,0.000007,0,1,1,0,1,1
28185542,,0,0.00002,205,0.000007,0,1,1,0,1,1
27168869,,0,0.000038,205,0.000007,0,2,2,0,2,2
24839033,,0.000283,0,35,0.000018,5,0,5,5,0,5
30463505,,0,0.000078,1,0.000007,0,1,1,0,1,1
30271341,,0,0.000078,1,0.000007,0,1,1,0,1,1
27570417,,0,0.000078,1,0.000007,0,1,1,0,1,1
27119356,,0,0.000078,1,0.000007,0,1,1,0,1,1
26494953,,0,0.000078,1,0.000007,0,1,1,0,1,1
25642339,,0,0.000078,1,0.000007,0,1,1,0,1,1
25636450,,0,0.000078,1,0.000007,0,1,1,0,1,1
28218733,,0,0.000496,1,0.000007,0,1,1,0,1,1
27663479,,0,0.000496,1,0.000007,0,1,1,0,1,1
29234674,,0,0.000062,1,0.000007,0,2,2,0,2,2
28911111,,0,0.000049,1,0.000007,0,1,1,0,1,1
26717044,,0,0.000049,1,0.000007,0,1,1,0,1,1
26675282,,0,0.000049,1,0.000007,0,1,1,0,1,1
26234674,,0,0.000049,1,0.000007,0,1,1,0,1,1
25303020,,0,0.000049,1,0.000007,0,1,1,0,1,1
24853100,,0.000056,0,89,0.000008,1,0,1,1,0,1
28729648,,0,0,290,0.000007,0,1,1,0,1,1
24853695,,0,0,290,0.000013,1,0,1,1,0,1
24854227,,0.000597,0,140,0.00001,4,0,4,4,0,4
24854656,,0.000025,0,24,0.000012,4,0,4,4,0,4
24857070,,0.000765,0,1,0.000007,1,0,1,1,0,1
24857120,,0.000448,0,35,0.000009,2,0,2,2,0,2
24857126,,0.000987,0,1,0.000012,5,0,5,5,0,5
30034634,,0,0.000018,82,0.000007,0,4,4,0,4,4
28966940,,0,0.000017,90,0.000007,0,1,1,0,1,1
28499365,,0,0.000017,90,0.000007,0,1,1,0,1,1
28323900,,0,0.000017,90,0.000007,0,1,1,0,1,1
28066533,,0,0.000017,90,0.000007,0,1,1,0,1,1
27845303,,0,0.000017,90,0.000007,0,1,1,0,1,1
27552054,,0,0.00023,90,0.000007,0,2,2,0,2,2
26865587,,0,0.000017,90,0.000007,0,1,1,0,1,1
26523216,,0,0.000017,90,0.000007,0,1,1,0,1,1
25943548,,0,0.000017,90,0.000007,0,1,1,0,1,1
25552661,,0,0.000017,90,0.000007,0,1,1,0,1,1
25401089,,0,0.000017,90,0.000007,0,1,1,0,1,1
29133618,,0.000002,0.000109,1,0.000022,3,1,4,3,1,4
28978035,,0,0.000109,1,0.000007,0,1,1,0,1,1
28383032,,0,0.000109,1,0.000007,0,1,1,0,1,1
28328815,,0,0.000109,1,0.000007,0,1,1,0,1,1
28287096,,0,0.000109,1,0.000007,0,1,1,0,1,1
26755648,,0,0.000109,1,0.000007,0,1,1,0,1,1
26197772,,0,0.000109,1,0.000007,0,1,1,0,1,1
25888649,,0,0.000109,1,0.000007,0,1,1,0,1,1
25658842,,0,0.000109,1,0.000007,0,1,1,0,1,1
30384176,,0,0,90,0.000007,0,1,1,0,1,1
24863809,,0.000016,0,90,0.000055,13,0,13,13,0,13
29731738,,0,0,90,0.000007,0,1,1,0,1,1
29455664,,0,0.000016,90,0.000007,0,2,2,0,2,2
29285186,,0,0,90,0.000007,0,1,1,0,1,1
29123378,,0,0.000005,5,0.000007,0,4,4,0,4,4
28173837,,0,0,90,0.000007,0,1,1,0,1,1
27328024,,0,0,90,0.000007,0,1,1,0,1,1
29444163,,0,0,291,0.000007,0,1,1,0,1,1
24864115,,0,0,291,0.000013,1,0,1,1,0,1
24867125,,0.000064,0,5,0.000007,1,0,1,1,0,1
30221728,,0,0.000001,140,0.000007,0,1,1,0,1,1
24870721,,0.000049,0,140,0.000031,6,0,6,6,0,6
28664511,,0,0.000001,140,0.000007,0,1,1,0,1,1
27923361,,0,0.000001,140,0.000007,0,1,1,0,1,1
30150435,,0,0,292,0.000007,0,1,1,0,1,1
24871662,,0,0,292,0.000043,7,0,7,7,0,7
29616114,,0,0,292,0.000007,0,1,1,0,1,1
27459387,,0,0,292,0.000007,0,1,1,0,1,1
27432228,,0,0,292,0.000007,0,1,1,0,1,1
27238210,,0,0,292,0.000007,0,1,1,0,1,1
27848897,,0,0.000021,1,0.000007,0,1,1,0,1,1
27334216,,0,0.000001,5,0.000007,0,2,2,0,2,2
24882343,,0.000004,0,5,0.000012,2,0,2,2,0,2
24882434,,0.083834,0,1,0.000287,227,0,227,227,0,227
30139972,,0,0.001698,1,0.000007,0,2,2,0,2,2
30029471,,0,0.00314,1,0.000007,0,4,4,0,4,4
29928330,,0,0.001599,1,0.000007,0,1,1,0,1,1
29843633,,0,0.001599,1,0.000007,0,1,1,0,1,1
29662548,,0,0.003357,1,0.000007,0,4,4,0,4,4
29468855,,0.000037,0.002861,1,0.000015,2,5,7,2,5,7
29100359,,0,0.001599,1,0.000007,0,1,1,0,1,1
28761758,,0,0.002372,1,0.000007,0,2,2,0,2,2
28656383,,0,0.001599,1,0.000007,0,1,1,0,1,1
28611314,,0,0.003819,1,0.000007,0,5,5,0,5,5
28415744,,0,0.001599,1,0.000007,0,1,1,0,1,1
27905052,,0,0.001599,1,0.000007,0,1,1,0,1,1
27601886,,0,0.001599,1,0.000007,0,1,1,0,1,1
26846975,,0,0.003977,1,0.000007,0,4,4,0,4,4
26773202,,0,0.001599,1,0.000007,0,1,1,0,1,1
26656089,,0,0.001599,1,0.000007,0,1,1,0,1,1
26286730,,0,0.001599,1,0.000007,0,1,1,0,1,1
25987535,,0,0.001619,24,0.000007,0,2,2,0,2,2
24884828,,0.000457,0,231,0.000011,3,0,3,3,0,3
24889916,,0.004376,0,1,0.000031,17,0,17,17,0,17
26700961,,0,0.000025,1,0.000007,0,1,1,0,1,1
26416444,,0,0.000025,1,0.000007,0,1,1,0,1,1
26350096,,0,0.000304,205,0.000007,0,2,2,0,2,2
25514600,,0,0.000025,1,0.000007,0,1,1,0,1,1
24894332,,0.000261,0,205,0.000011,6,0,6,6,0,6
24894343,,0.000543,0,35,0.000014,7,0,7,7,0,7
24894717,,0.000921,0,367,0.0001,36,0,36,36,0,36
30107825,,0,0.000018,367,0.000007,0,1,1,0,1,1
30060501,,0,0.000027,367,0.000007,0,4,4,0,4,4
30001711,,0,0.000019,367,0.000007,0,2,2,0,2,2
29166932,,0,0.000018,367,0.000007,0,1,1,0,1,1
28810145,,0,0.000018,367,0.000007,0,1,1,0,1,1
28713680,,0,0.00002,367,0.000007,0,5,5,0,5,5
28614305,,0,0.00002,367,0.000007,0,3,3,0,3,3
28512236,,0,0.000018,367,0.000007,0,1,1,0,1,1
26683624,,0,0.000018,367,0.000007,0,1,1,0,1,1
25593912,,0,0.000018,367,0.000007,0,1,1,0,1,1
25380601,,0,0.000018,367,0.000007,0,1,1,0,1,1
30123241,,0,0,90,0.000007,0,1,1,0,1,1
29533014,,0,0,90,0.000007,0,1,1,0,1,1
29137432,,0,0,90,0.000007,0,1,1,0,1,1
28827707,,0,0,90,0.000007,0,1,1,0,1,1
28454409,,0,0,90,0.000007,0,1,1,0,1,1
28230721,,0,0,90,0.000007,0,1,1,0,1,1
27267714,,0,0,90,0.000007,0,1,1,0,1,1
27121258,,0,0,90,0.000007,0,1,1,0,1,1
27088794,,0,0,90,0.000007,0,1,1,0,1,1
26463434,,0,0,90,0.000007,0,1,1,0,1,1
26198045,,0,0,90,0.000007,0,1,1,0,1,1
25901209,,0,0,90,0.000007,0,1,1,0,1,1
28042821,,0,0,293,0.000007,0,1,1,0,1,1
24905675,,0.000012,0,293,0.000021,3,0,3,3,0,3
25302809,,0,0,293,0.000007,0,1,1,0,1,1
24906320,,0.000004,0,100,0.00001,1,0,1,1,0,1
28197171,,0,0.000001,231,0.000007,0,1,1,0,1,1
27864908,,0,0.000001,231,0.000007,0,1,1,0,1,1
29596465,,0,0,232,0.000007,0,1,1,0,1,1
24909178,,0,0,232,0.00004,6,0,6,6,0,6
28732488,,0,0,232,0.000007,0,1,1,0,1,1
26549023,,0,0,232,0.000007,0,1,1,0,1,1
26425651,,0,0,232,0.000007,0,1,1,0,1,1
26022350,,0,0,232,0.000007,0,1,1,0,1,1
24910453,,0.000211,0,5,0.000012,6,0,6,6,0,6
29374092,,0,0.000012,90,0.000007,0,1,1,0,1,1
28422741,,0,0.000012,90,0.000007,0,1,1,0,1,1
26950115,,0,0.000012,90,0.000007,0,1,1,0,1,1
24913694,,0.000022,0,35,0.000033,7,0,7,7,0,7
28218672,,0,0,35,0.000007,0,1,1,0,1,1
28028527,,0,0,35,0.000007,0,1,1,0,1,1
27999207,,0,0.000016,35,0.000007,0,2,2,0,2,2
27059645,,0,0.000018,35,0.000007,0,3,3,0,3,3
26521046,,0,0,35,0.000007,0,1,1,0,1,1
29956724,,0,0.000426,1,0.000007,0,3,3,0,3,3
29306194,,0,0.00075,1,0.000007,0,4,4,0,4,4
29248718,,0,0.000434,1,0.000007,0,3,3,0,3,3
28985359,,0,0.000069,1,0.000007,0,1,1,0,1,1
28828398,,0,0.000069,1,0.000007,0,1,1,0,1,1
28663235,,0,0.001277,1,0.000007,0,4,4,0,4,4
28456021,,0,0.000069,1,0.000007,0,1,1,0,1,1
27412986,,0,0.000069,1,0.000007,0,1,1,0,1,1
24916970,,0.000253,0,205,0.000012,4,0,4,4,0,4
29765562,,0,0.000001,35,0.000007,0,1,1,0,1,1
24917463,,0.000041,0,35,0.000045,9,0,9,9,0,9
28096697,,0,0.000001,35,0.000007,0,1,1,0,1,1
27036021,,0,0.000001,35,0.000007,0,1,1,0,1,1
30030738,,0,0,198,0.000007,0,2,2,0,2,2
24923862,,0,0,198,0.000072,14,0,14,14,0,14
29349121,,0,0,198,0.000007,0,1,1,0,1,1
28899412,,0,0,198,0.000007,0,1,1,0,1,1
28489453,,0,0,198,0.000007,0,1,1,0,1,1
28252231,,0,0.000004,198,0.000007,0,2,2,0,2,2
28210882,,0,0,198,0.000007,0,1,1,0,1,1
27449217,,0,0,198,0.000007,0,1,1,0,1,1
26994709,,0,0,198,0.000007,0,1,1,0,1,1
26590642,,0,0,198,0.000007,0,1,1,0,1,1
25561912,,0,0,198,0.000007,0,1,1,0,1,1
30275854,,0,0,100,0.000007,0,1,1,0,1,1
24927122,,0.000009,0,100,0.000088,15,0,15,15,0,15
30065754,,0,0,100,0.000007,0,1,1,0,1,1
29987860,,0,0,100,0.000007,0,1,1,0,1,1
29636891,,0,0,100,0.000007,0,1,1,0,1,1
29520055,,0,0,100,0.000007,0,1,1,0,1,1
28008375,,0,0,100,0.000007,0,1,1,0,1,1
27800134,,0,0,100,0.000007,0,1,1,0,1,1
27698798,,0,0,100,0.000007,0,1,1,0,1,1
27630863,,0,0,100,0.000007,0,1,1,0,1,1
27611950,,0,0,100,0.000007,0,1,1,0,1,1
27066010,,0,0,100,0.000007,0,1,1,0,1,1
26047338,,0,0,100,0.000007,0,1,1,0,1,1
25914760,,0,0,100,0.000007,0,1,1,0,1,1
30250619,,0,0,24,0.000007,0,1,1,0,1,1
30061946,,0,0,24,0.000007,0,1,1,0,1,1
29467910,,0,0,24,0.000007,0,1,1,0,1,1
27090386,,0,0,24,0.000007,0,1,1,0,1,1
27073578,,0,0,24,0.000007,0,1,1,0,1,1
25840583,,0,0,24,0.000007,0,1,1,0,1,1
29628978,,0,0.000001,5,0.000007,0,1,1,0,1,1
29127715,,0,0.000001,5,0.000007,0,1,1,0,1,1
24934793,,0.00055,0,5,0.000032,16,0,16,16,0,16
29910654,,0,0.000015,198,0.000007,0,3,3,0,3,3
29112948,,0,0.00001,5,0.000007,0,1,1,0,1,1
27153558,,0,0.00001,5,0.000007,0,1,1,0,1,1
24942235,,0.000134,0,72,0.000016,4,0,4,4,0,4
29849944,,0,0.000007,72,0.000007,0,2,2,0,2,2
26727947,,0,0.000006,279,0.000007,0,1,1,0,1,1
26656588,,0,0.000006,279,0.000007,0,1,1,0,1,1
26617687,,0,0.000006,279,0.000007,0,1,1,0,1,1
29899837,,0,0,35,0.000007,0,1,1,0,1,1
29796185,,0,0,35,0.000007,0,1,1,0,1,1
29416375,,0,0,35,0.000007,0,1,1,0,1,1
29029515,,0,0,35,0.000007,0,1,1,0,1,1
28160546,,0,0,35,0.000007,0,1,1,0,1,1
28152021,,0,0,35,0.000007,0,1,1,0,1,1
26316888,,0,0,35,0.000007,0,1,1,0,1,1
28661487,,0,0.000007,89,0.000007,0,1,1,0,1,1
24946157,,0.000368,0,89,0.00002,5,0,5,5,0,5
25699075,,0,0.000007,89,0.000007,0,1,1,0,1,1
24947112,,0.00079,0,5,0.000032,21,0,21,21,0,21
27189416,,0,0.000015,5,0.000007,0,1,1,0,1,1
26090768,,0,0.000015,5,0.000007,0,1,1,0,1,1
26173102,,0,0.000004,1,0.000007,0,1,1,0,1,1
25374452,,0,0.000004,1,0.000007,0,1,1,0,1,1
24947414,,0.000963,0,279,0.000021,8,0,8,8,0,8
26918727,,0,0.000018,279,0.000007,0,1,1,0,1,1
26516186,,0,0.000004,89,0.000007,0,1,1,0,1,1
24961672,,0.000584,0,100,0.000015,4,0,4,4,0,4
25318996,,0,0.000011,100,0.000007,0,1,1,0,1,1
30419054,,0,0.000002,1,0.000007,0,1,1,0,1,1
27821810,,0,0.000002,1,0.000007,0,1,1,0,1,1
26811602,,0,0.000002,1,0.000007,0,1,1,0,1,1
30271574,,0,0.000416,1,0.000007,0,3,3,0,3,3
24963051,,0.004459,0,1,0.000039,21,0,21,21,0,21
27584664,,0,0.000085,1,0.000007,0,1,1,0,1,1
26860465,,0,0.000085,1,0.000007,0,1,1,0,1,1
26279295,,0,0.000085,1,0.000007,0,1,1,0,1,1
24969692,,0.000218,0,1,0.000035,6,0,6,6,0,6
28262832,,0,0.000004,1,0.000007,0,1,1,0,1,1
27941987,,0,0.000004,1,0.000007,0,1,1,0,1,1
27791594,,0,0.000004,1,0.000007,0,1,1,0,1,1
26794868,,0,0.000004,1,0.000007,0,1,1,0,1,1
29489439,,0,0,294,0.000007,0,1,1,0,1,1
24969693,,0,0,294,0.000031,4,0,4,4,0,4
29371888,,0,0,294,0.000007,0,1,1,0,1,1
26353754,,0,0,294,0.000007,0,1,1,0,1,1
25614008,,0,0,294,0.000007,0,1,1,0,1,1
24969878,,0.000001,0,231,0.000008,1,0,1,1,0,1
30233204,,0,0,24,0.000007,0,1,1,0,1,1
28808202,,0,0,24,0.000007,0,1,1,0,1,1
28101351,,0,0,24,0.000007,0,1,1,0,1,1
27502897,,0,0,24,0.000007,0,1,1,0,1,1
24972688,,0.000122,0,1,0.000011,3,0,3,3,0,3
24984781,,0.000373,0,1,0.000021,5,0,5,5,0,5
25243149,,0,0.000007,1,0.000007,0,1,1,0,1,1
26820756,,0,0,35,0.000007,0,1,1,0,1,1
26464626,,0,0,35,0.000007,0,1,1,0,1,1
24996439,,0.000027,0,100,0.000008,1,0,1,1,0,1
29190888,,0,0.000041,100,0.000007,0,1,1,0,1,1
27991561,,0,0.000041,100,0.000007,0,1,1,0,1,1
28076939,,0,0.000003,69,0.000007,0,1,1,0,1,1
26708189,,0,0.000003,69,0.000007,0,1,1,0,1,1
29604436,,0,0.000273,1,0.000007,0,2,2,0,2,2
25001612,,0.001227,0,1,0.000028,6,0,6,6,0,6
29566179,,0,0.000023,1,0.000007,0,1,1,0,1,1
26157284,,0,0.000023,1,0.000007,0,1,1,0,1,1
25846288,,0,0.000023,1,0.000007,0,1,1,0,1,1
29977914,,0,0.000005,279,0.000007,0,1,1,0,1,1
29903991,,0,0.000005,279,0.000007,0,1,1,0,1,1
29760955,,0,0.000005,279,0.000007,0,1,1,0,1,1
28915623,,0,0.000005,279,0.000007,0,1,1,0,1,1
25007954,,0.000036,0,89,0.000014,4,0,4,4,0,4
30439646,,0,0.000003,100,0.000007,0,1,1,0,1,1
25008968,,0.000135,0,100,0.000077,14,0,14,14,0,14
29934982,,0,0.000003,100,0.000007,0,1,1,0,1,1
29603582,,0,0.000003,100,0.000007,0,1,1,0,1,1
29228702,,0,0.000003,100,0.000007,0,1,1,0,1,1
29180871,,0,0.000003,100,0.000007,0,1,1,0,1,1
28868264,,0,0.00001,100,0.000007,0,2,2,0,2,2
28849135,,0,0.000003,100,0.000007,0,1,1,0,1,1
28205334,,0,0.000003,100,0.000007,0,1,1,0,1,1
26922301,,0,0.000003,100,0.000007,0,1,1,0,1,1
26872060,,0,0.000003,100,0.000007,0,1,1,0,1,1
26683706,,0,0.000003,100,0.000007,0,1,1,0,1,1
25888444,,0,0.000003,100,0.000007,0,1,1,0,1,1
30356832,,0,0.000015,137,0.000007,0,1,1,0,1,1
25010056,,0,0,5,0.00001,1,0,1,1,0,1
25011220,,0.000075,0,69,0.000009,2,0,2,2,0,2
28369217,,0,0.000011,140,0.000007,0,1,1,0,1,1
26254484,,0,0.000011,140,0.000007,0,1,1,0,1,1
25971280,,0,0.000011,140,0.000007,0,1,1,0,1,1
25011978,,0.000066,0,5,0.000009,3,0,3,3,0,3
25023546,,0.00033,0,5,0.000036,14,0,14,14,0,14
30182349,,0,0.000012,5,0.000007,0,3,3,0,3,3
28673535,,0,0.00001,5,0.000007,0,2,2,0,2,2
27462565,,0,0.000006,5,0.000007,0,1,1,0,1,1
25025451,,0.002356,0,1,0.00003,13,0,13,13,0,13
30364622,,0,0.000045,1,0.000007,0,1,1,0,1,1
28510097,,0,0.000045,1,0.000007,0,1,1,0,1,1
27895792,,0,0.000001,41,0.000007,0,1,1,0,1,1
27446449,,0,0.000001,41,0.000007,0,1,1,0,1,1
26648569,,0,0.000001,41,0.000007,0,1,1,0,1,1
29988316,,0,0.00019,1,0.000007,0,1,1,0,1,1
28394191,,0,0.001355,1,0.000007,0,3,3,0,3,3
27668267,,0,0.00019,1,0.000007,0,1,1,0,1,1
26526790,,0,0.00019,1,0.000007,0,1,1,0,1,1
25792808,,0,0.00019,1,0.000007,0,1,1,0,1,1
30450161,,0,0.000008,247,0.000007,0,1,1,0,1,1
30349650,,0,0.000008,247,0.000007,0,1,1,0,1,1
30115935,,0,0.000008,247,0.000007,0,1,1,0,1,1
30037299,,0,0.000008,247,0.000007,0,1,1,0,1,1
29487219,,0,0.000008,247,0.000007,0,1,1,0,1,1
29263896,,0,0.000013,247,0.000007,0,2,2,0,2,2
28852098,,0,0.000008,247,0.000007,0,1,1,0,1,1
28282025,,0,0.000008,247,0.000007,0,1,1,0,1,1
27213923,,0,0.000008,247,0.000007,0,1,1,0,1,1
27034170,,0,0.000008,247,0.000007,0,1,1,0,1,1
26620414,,0,0.000008,247,0.000007,0,1,1,0,1,1
26536918,,0,0.000008,247,0.000007,0,1,1,0,1,1
25934708,,0,0.000008,247,0.000007,0,1,1,0,1,1
25281264,,0,0.000008,247,0.000007,0,1,1,0,1,1
29938005,,0,0.000155,1,0.000007,0,3,3,0,3,3
29572264,,0,0.000115,1,0.000007,0,1,1,0,1,1
28101248,,0,0.000115,1,0.000007,0,1,1,0,1,1
27503926,,0,0.000115,1,0.000007,0,1,1,0,1,1
26700624,,0,0.000115,1,0.000007,0,1,1,0,1,1
26498249,,0,0.000115,1,0.000007,0,1,1,0,1,1
25944617,,0,0.000115,1,0.000007,0,1,1,0,1,1
25669976,,0,0.000115,1,0.000007,0,1,1,0,1,1
25026639,,0.001672,0,69,0.000015,11,0,11,11,0,11
26289323,,0,0.000002,100,0.000007,0,1,1,0,1,1
25026971,,0,0.000002,100,0.000007,0,1,1,0,1,1
25029991,,0.000604,0,1,0.000014,4,0,4,4,0,4
27270555,,0,0,35,0.000007,0,1,1,0,1,1
25036236,,0.000023,0,35,0.000014,3,0,3,3,0,3
30286182,,0,0,231,0.000007,0,1,1,0,1,1
29511369,,0,0,35,0.000007,0,1,1,0,1,1
25041042,,0.000011,0,35,0.000027,4,0,4,4,0,4
27649506,,0,0,35,0.000007,0,1,1,0,1,1
26067567,,0,0,35,0.000007,0,1,1,0,1,1
25041116,,0.000065,0,140,0.000008,1,0,1,1,0,1
25042481,,0.000008,0,66,0.000012,2,0,2,2,0,2
25047474,,0.000265,0,5,0.000011,5,0,5,5,0,5
30443293,,0,0.000017,1,0.000007,0,2,2,0,2,2
30135474,,0,0.000016,35,0.000007,0,1,1,0,1,1
30112033,,0,0.000016,35,0.000007,0,1,1,0,1,1
29844397,,0,0.000016,35,0.000007,0,1,1,0,1,1
29636693,,0,0.000016,35,0.000007,0,1,1,0,1,1
29552156,,0,0.000016,35,0.000007,0,1,1,0,1,1
29290976,,0,0.000016,35,0.000007,0,1,1,0,1,1
29267323,,0,0.000032,35,0.000007,0,2,2,0,2,2
29162840,,0,0.000016,35,0.000007,0,1,1,0,1,1
29156633,,0,0.000016,35,0.000007,0,1,1,0,1,1
28911004,,0,0.000016,35,0.000007,0,1,1,0,1,1
28843257,,0,0.000016,35,0.000007,0,1,1,0,1,1
28827892,,0,0.000016,35,0.000007,0,1,1,0,1,1
28628728,,0,0.000016,35,0.000007,0,1,1,0,1,1
28423650,,0,0.000016,35,0.000007,0,1,1,0,1,1
28301567,,0,0.000016,35,0.000007,0,1,1,0,1,1
28057023,,0,0.000016,35,0.000007,0,1,1,0,1,1
28053965,,0,0.000016,35,0.000007,0,1,1,0,1,1
28029649,,0,0.000016,35,0.000007,0,1,1,0,1,1
27876791,,0,0.000016,35,0.000007,0,1,1,0,1,1
27862996,,0,0.000016,35,0.000007,0,1,1,0,1,1
27764775,,0,0.000016,35,0.000007,0,1,1,0,1,1
27757032,,0,0.000016,35,0.000007,0,1,1,0,1,1
27356748,,0,0.000021,41,0.000007,0,2,2,0,2,2
27347100,,0,0.000016,35,0.000007,0,1,1,0,1,1
27240166,,0,0.000016,35,0.000007,0,1,1,0,1,1
27221039,,0,0.000016,35,0.000007,0,1,1,0,1,1
27154770,,0,0.000016,35,0.000007,0,1,1,0,1,1
27058424,,0,0.000016,35,0.000007,0,1,1,0,1,1
26967567,,0,0.000016,35,0.000007,0,1,1,0,1,1
26959405,,0,0.000016,35,0.000007,0,1,1,0,1,1
26869349,,0,0.000016,35,0.000007,0,1,1,0,1,1
26814435,,0,0.000016,35,0.000007,0,1,1,0,1,1
26686087,,0,0.000016,35,0.000007,0,1,1,0,1,1
26461472,,0,0.000016,35,0.000007,0,1,1,0,1,1
26284192,,0,0.000016,35,0.000007,0,1,1,0,1,1
26033454,,0,0.000016,35,0.000007,0,1,1,0,1,1
25885924,,0,0.000016,35,0.000007,0,1,1,0,1,1
25871399,,0,0.000016,35,0.000007,0,1,1,0,1,1
25450330,,0,0.000016,35,0.000007,0,1,1,0,1,1
25415353,,0,0.000016,35,0.000007,0,1,1,0,1,1
26848531,,0,0.000008,100,0.000007,0,1,1,0,1,1
25053764,,0.000312,0,5,0.000008,3,0,3,3,0,3
25056374,,0.00088,0,265,0.000562,108,0,108,108,0,108
30323202,,0,0.000017,265,0.000007,0,2,2,0,2,2
30294322,,0,0.000054,66,0.000007,0,2,2,0,2,2
30221145,,0,0.000017,265,0.000007,0,1,1,0,1,1
30221045,,0,0.000017,265,0.000007,0,1,1,0,1,1
30186959,,0,0.000017,265,0.000007,0,1,1,0,1,1
30185662,,0,0.000017,265,0.000007,0,1,1,0,1,1
30030907,,0,0.000017,265,0.000007,0,1,1,0,1,1
29973040,,0,0.000017,265,0.000007,0,1,1,0,1,1
29933636,,0,0.000017,265,0.000007,0,1,1,0,1,1
29906408,,0,0.000017,265,0.000007,0,1,1,0,1,1
29879932,,0,0.000017,265,0.000007,0,1,1,0,1,1
29740440,,0,0.000017,265,0.000007,0,1,1,0,1,1
29700339,,0,0.000017,265,0.000007,0,1,1,0,1,1
29658008,,0,0.000017,265,0.000007,0,1,1,0,1,1
29603584,,0,0.000017,265,0.000007,0,2,2,0,2,2
29553868,,0,0.000017,265,0.000007,0,1,1,0,1,1
29393378,,0,0.000017,265,0.000007,0,1,1,0,1,1
29377909,,0,0.000017,265,0.000007,0,1,1,0,1,1
29351293,,0,0.000017,265,0.000007,0,1,1,0,1,1
29213088,,0,0.000017,265,0.000007,0,1,1,0,1,1
29209433,,0,0.000017,265,0.000007,0,1,1,0,1,1
29094075,,0,0.000017,265,0.000007,0,1,1,0,1,1
29034103,,0,0.000043,205,0.000007,0,2,2,0,2,2
28939077,,0,0.000017,265,0.000007,0,1,1,0,1,1
28894817,,0,0.000017,265,0.000007,0,1,1,0,1,1
28877725,,0,0.000017,265,0.000007,0,1,1,0,1,1
28629339,,0,0.000017,265,0.000007,0,1,1,0,1,1
28571578,,0,0.000017,265,0.000007,0,1,1,0,1,1
28556593,,0,0.000017,265,0.000007,0,1,1,0,1,1
28525363,,0,0.000017,265,0.000007,0,1,1,0,1,1
28386677,,0,0.000017,265,0.000007,0,1,1,0,1,1
28314692,,0,0.000017,265,0.000007,0,1,1,0,1,1
28314589,,0,0.000017,265,0.000007,0,1,1,0,1,1
28295222,,0,0.000017,265,0.000007,0,1,1,0,1,1
28295216,,0,0.000017,265,0.000007,0,1,1,0,1,1
28236344,,0,0.000017,265,0.000007,0,1,1,0,1,1
28194032,,0,0.000017,265,0.000007,0,1,1,0,1,1
28108737,,0,0.000017,265,0.000007,0,1,1,0,1,1
28096714,,0,0.000017,265,0.000007,0,1,1,0,1,1
28067913,,0,0.000017,265,0.000007,0,1,1,0,1,1
28064216,,0,0.000017,265,0.000007,0,1,1,0,1,1
28034498,,0,0.000017,265,0.000007,0,1,1,0,1,1
28030802,,0,0.000017,265,0.000007,0,1,1,0,1,1
27797438,,0,0.000017,265,0.000007,0,1,1,0,1,1
27784002,,0,0.000017,265,0.000007,0,1,1,0,1,1
27777979,,0,0.000017,265,0.000007,0,1,1,0,1,1
27751760,,0,0.000017,265,0.000007,0,1,1,0,1,1
27564315,,0,0.000017,265,0.000007,0,1,1,0,1,1
27556186,,0,0.000017,265,0.000007,0,1,1,0,1,1
27551333,,0,0.000017,265,0.000007,0,1,1,0,1,1
27536170,,0,0.000017,265,0.000007,0,1,1,0,1,1
27528217,,0,0.000017,265,0.000007,0,1,1,0,1,1
27507850,,0,0.000017,265,0.000007,0,1,1,0,1,1
27451021,,0,0.000017,265,0.000007,0,1,1,0,1,1
27442865,,0,0.000026,90,0.000007,0,2,2,0,2,2
27374168,,0,0.000017,265,0.000007,0,1,1,0,1,1
27345413,,0,0.000017,265,0.000007,0,1,1,0,1,1
27311401,,0,0.000017,265,0.000007,0,1,1,0,1,1
27278367,,0,0.000017,265,0.000007,0,1,1,0,1,1
27194534,,0,0.000017,265,0.000007,0,1,1,0,1,1
26998265,,0,0.000017,265,0.000007,0,1,1,0,1,1
26993499,,0,0.000017,265,0.000007,0,1,1,0,1,1
26933818,,0,0.000017,265,0.000007,0,1,1,0,1,1
26893364,,0,0.000017,265,0.000007,0,1,1,0,1,1
26883360,,0,0.000017,265,0.000007,0,1,1,0,1,1
26851381,,0,0.000017,265,0.000007,0,1,1,0,1,1
26849095,,0,0.000017,265,0.000007,0,1,1,0,1,1
26711175,,0,0.000017,265,0.000007,0,1,1,0,1,1
26650549,,0,0.000017,265,0.000007,0,1,1,0,1,1
26619122,,0,0.000017,265,0.000007,0,1,1,0,1,1
26614708,,0,0.000017,265,0.000007,0,1,1,0,1,1
26598523,,0,0.000017,265,0.000007,0,1,1,0,1,1
26506389,,0,0.000017,265,0.000007,0,1,1,0,1,1
26351353,,0,0.000017,265,0.000007,0,1,1,0,1,1
26332002,,0,0.000017,265,0.000007,0,1,1,0,1,1
26294213,,0,0.000017,265,0.000007,0,1,1,0,1,1
26194878,,0,0.000017,265,0.000007,0,1,1,0,1,1
26115874,,0,0.000017,265,0.000007,0,1,1,0,1,1
26053277,,0,0.000017,265,0.000007,0,1,1,0,1,1
26015511,,0,0.000017,265,0.000007,0,1,1,0,1,1
25836654,,0,0.000017,265,0.000007,0,1,1,0,1,1
25779941,,0,0.000017,265,0.000007,0,1,1,0,1,1
25712460,,0,0.000017,265,0.000007,0,1,1,0,1,1
25643909,,0,0.000017,265,0.000007,0,1,1,0,1,1
25633867,,0,0.000017,265,0.000007,0,1,1,0,1,1
25589618,,0,0.000017,265,0.000007,0,1,1,0,1,1
25301846,,0,0.000017,265,0.000007,0,1,1,0,1,1
25060751,,0.000074,0,5,0.000009,3,0,3,3,0,3
25062964,,0.000668,0,69,0.000044,4,0,4,4,0,4
29791506,,0,0.000043,100,0.000007,0,1,1,0,1,1
28032016,,0,0,295,0.000007,0,1,1,0,1,1
25066311,,0,0,295,0.000019,2,0,2,2,0,2
25735213,,0,0,295,0.000007,0,1,1,0,1,1
25066507,,0.000018,0,89,0.000007,1,0,1,1,0,1
30255812,,0,0.000018,279,0.000007,0,1,1,0,1,1
29092899,,0,0.000018,279,0.000007,0,1,1,0,1,1
28254385,,0,0.000018,279,0.000007,0,1,1,0,1,1
28068899,,0,0.000018,279,0.000007,0,1,1,0,1,1
27609189,,0,0.000018,279,0.000007,0,1,1,0,1,1
27053939,,0,0.000018,279,0.000007,0,1,1,0,1,1
26798410,,0,0.000018,279,0.000007,0,1,1,0,1,1
25996148,,0,0.000018,279,0.000007,0,1,1,0,1,1
25069718,,0.000309,0,89,0.000008,2,0,2,2,0,2
27330821,,0,0.000003,69,0.000007,0,1,1,0,1,1
27123075,,0,0.000003,69,0.000007,0,1,1,0,1,1
30292139,,0,0,66,0.000007,0,1,1,0,1,1
28880271,,0,0,66,0.000007,0,1,1,0,1,1
28804543,,0,0,66,0.000007,0,1,1,0,1,1
26943323,,0,0,66,0.000007,0,1,1,0,1,1
25889299,,0,0,66,0.000007,0,1,1,0,1,1
25692338,,0,0,66,0.000007,0,1,1,0,1,1
28952284,,0,0.000001,35,0.000007,0,1,1,0,1,1
27091419,,0,0.000001,35,0.000007,0,1,1,0,1,1
30074526,,0,0.000098,205,0.000007,0,1,1,0,1,1
28139684,,0,0.000098,205,0.000007,0,1,1,0,1,1
27812005,,0,0.000224,205,0.000007,0,3,3,0,3,3
26613085,,0,0.000098,205,0.000007,0,1,1,0,1,1
26429991,,0,0.002062,205,0.000007,0,4,4,0,4,4
25075023,,0.000026,0,279,0.000017,3,0,3,3,0,3
27900048,,0,0,279,0.000007,0,1,1,0,1,1
28042238,,0,0.000041,205,0.000007,0,2,2,0,2,2
25076338,,0.00109,0,205,0.000015,5,0,5,5,0,5
26600777,,0,0.000127,205,0.000007,0,2,2,0,2,2
30176891,,0,0,296,0.000007,0,1,1,0,1,1
25076339,,0,0,296,0.000037,5,0,5,5,0,5
28599496,,0,0,296,0.000007,0,1,1,0,1,1
27590845,,0,0,296,0.000007,0,1,1,0,1,1
26228733,,0,0,296,0.000007,0,1,1,0,1,1
25951043,,0,0,296,0.000007,0,1,1,0,1,1
25078585,,0.000031,0,24,0.00001,3,0,3,3,0,3
25082516,,0.000148,0,5,0.000008,4,0,4,4,0,4
29385443,,0,0.000002,184,0.000007,0,1,1,0,1,1
25085752,,0.000617,0,140,0.000022,13,0,13,13,0,13
27363726,,0,0.000127,205,0.000007,0,3,3,0,3,3
25086635,,0.000449,0,231,0.00001,6,0,6,6,0,6
29670510,,0,0,72,0.000007,0,1,1,0,1,1
29554896,,0,0.000017,72,0.000007,0,2,2,0,2,2
28972182,,0,0,72,0.000007,0,1,1,0,1,1
28356025,,0,0,72,0.000007,0,1,1,0,1,1
27885263,,0,0,72,0.000007,0,1,1,0,1,1
27179712,,0,0,72,0.000007,0,1,1,0,1,1
26734569,,0,0,72,0.000007,0,1,1,0,1,1
26413265,,0,0,72,0.000007,0,1,1,0,1,1
25927065,,0,0,72,0.000007,0,1,1,0,1,1
29971019,,0,0.000004,35,0.000007,0,1,1,0,1,1
29668675,,0,0.000004,35,0.000007,0,1,1,0,1,1
29416640,,0,0.000004,35,0.000007,0,1,1,0,1,1
29396322,,0,0.000004,35,0.000007,0,1,1,0,1,1
29202474,,0,0.000004,35,0.000007,0,1,1,0,1,1
29110491,,0,0.000004,35,0.000007,0,1,1,0,1,1
29050261,,0,0.000004,35,0.000007,0,1,1,0,1,1
29021292,,0,0.000004,35,0.000007,0,1,1,0,1,1
28989676,,0,0.000004,35,0.000007,0,1,1,0,1,1
28943618,,0,0.000004,35,0.000007,0,1,1,0,1,1
28866248,,0,0.000004,35,0.000007,0,1,1,0,1,1
28852500,,0,0.000004,35,0.000007,0,1,1,0,1,1
28344890,,0,0.000004,35,0.000007,0,1,1,0,1,1
28264810,,0,0.000004,35,0.000007,0,1,1,0,1,1
28076849,,0,0.000004,35,0.000007,0,1,1,0,1,1
27869167,,0,0.000004,35,0.000007,0,1,1,0,1,1
27678172,,0,0.000004,35,0.000007,0,1,1,0,1,1
27573671,,0,0.000004,35,0.000007,0,1,1,0,1,1
27406679,,0,0.000004,35,0.000007,0,1,1,0,1,1
27335086,,0,0.000004,35,0.000007,0,1,1,0,1,1
27039105,,0,0.000004,35,0.000007,0,1,1,0,1,1
26919657,,0,0.000004,35,0.000007,0,1,1,0,1,1
26833124,,0,0.000004,35,0.000007,0,1,1,0,1,1
26363006,,0,0.000004,35,0.000007,0,1,1,0,1,1
25980580,,0,0.000004,35,0.000007,0,1,1,0,1,1
25849282,,0,0.000004,35,0.000007,0,1,1,0,1,1
25815843,,0,0.000004,35,0.000007,0,1,1,0,1,1
26929787,,0,0.00033,1,0.000007,0,2,2,0,2,2
27959953,,0,0.000053,1,0.000007,0,2,2,0,2,2
27129221,,0,0.000045,1,0.000007,0,1,1,0,1,1
25446141,,0,0.000045,1,0.000007,0,1,1,0,1,1
25103822,,0.000251,0,89,0.000008,2,0,2,2,0,2
25104443,,0.000874,0,176,0.000032,9,0,9,9,0,9
29556198,,0,0.000017,176,0.000007,0,1,1,0,1,1
29179156,,0,0.000086,1,0.000007,0,3,3,0,3,3
28840192,,0,0.000017,176,0.000007,0,1,1,0,1,1
29467879,,0,0,24,0.000007,0,1,1,0,1,1
25107571,,0.000022,0,24,0.00006,13,0,13,13,0,13
28938675,,0,0,24,0.000007,0,1,1,0,1,1
27289442,,0.000026,0.000008,279,0.000042,8,4,12,8,4,12
27144437,,0,0,24,0.000007,0,1,1,0,1,1
26503259,,0,0,24,0.000007,0,1,1,0,1,1
30257210,,0,0.000096,1,0.000007,0,2,2,0,2,2
25127709,,0.001597,0,1,0.000066,12,0,12,12,0,12
26287365,,0,0.00003,1,0.000007,0,1,1,0,1,1
25129345,,0.010488,0,1,0.000064,48,0,48,48,0,48
27874062,,0,0.0002,1,0.000007,0,1,1,0,1,1
25476537,,0,0.0002,1,0.000007,0,1,1,0,1,1
30510186,,0,0.000026,100,0.000007,0,2,2,0,2,2
30347759,,0,0.000026,100,0.000007,0,1,1,0,1,1
30250894,,0,0.000026,100,0.000007,0,2,2,0,2,2
30177554,,0,0.000026,100,0.000007,0,1,1,0,1,1
29284710,,0,0.000026,100,0.000007,0,1,1,0,1,1
29018219,,0,0.000026,100,0.000007,0,1,1,0,1,1
28934364,,0,0.000026,100,0.000007,0,1,1,0,1,1
28847821,,0,0.000026,100,0.000007,0,1,1,0,1,1
28698370,,0,0.000057,100,0.000007,0,2,2,0,2,2
28694242,,0,0.000026,100,0.000007,0,1,1,0,1,1
28561034,,0,0.000026,100,0.000007,0,1,1,0,1,1
27733626,,0,0.000026,100,0.000007,0,1,1,0,1,1
27259203,,0,0.000061,100,0.000007,0,2,2,0,2,2
26918332,,0,0.000026,100,0.000007,0,1,1,0,1,1
26895424,,0,0.000026,100,0.000007,0,1,1,0,1,1
26687720,,0,0.000026,100,0.000007,0,1,1,0,1,1
26378584,,0,0.000026,100,0.000007,0,1,1,0,1,1
26317467,,0,0.000026,100,0.000007,0,1,1,0,1,1
26317463,,0,0.000026,100,0.000007,0,1,1,0,1,1
26286827,,0,0.000026,100,0.000007,0,1,1,0,1,1
26231041,,0,0.000026,100,0.000007,0,1,1,0,1,1
26104467,,0,0.000026,100,0.000007,0,1,1,0,1,1
25464843,,0,0.000026,100,0.000007,0,1,1,0,1,1
25305135,,0,0.000026,100,0.000007,0,1,1,0,1,1
29376035,,0,0.000009,100,0.000007,0,1,1,0,1,1
25132264,,0.000466,0,100,0.000014,5,0,5,5,0,5
29719480,,0,0.000012,1,0.000013,1,1,2,1,1,2
29609138,,0,0.000881,1,0.000007,0,3,3,0,3,3
29502208,,0,0.000012,1,0.000007,0,1,1,0,1,1
28231280,,0,0.000012,1,0.000007,0,1,1,0,1,1
28228262,,0,0.000012,1,0.000007,0,1,1,0,1,1
27807077,,0,0.000012,1,0.000007,0,1,1,0,1,1
27487144,,0,0.000858,1,0.000007,0,2,2,0,2,2
26885449,,0,0.000012,1,0.000007,0,1,1,0,1,1
27077044,,0,0.000012,89,0.000007,0,1,1,0,1,1
28623259,,0,0.000016,1,0.000007,0,1,1,0,1,1
25774687,,0,0.000002,5,0.000007,0,1,1,0,1,1
29589623,,0,0.000002,205,0.000007,0,1,1,0,1,1
29074882,,0,0.000002,205,0.000007,0,1,1,0,1,1
28598010,,0,0.000002,205,0.000007,0,1,1,0,1,1
27112260,,0,0.000002,205,0.000007,0,1,1,0,1,1
27020169,,0,0.000002,205,0.000007,0,1,1,0,1,1
26604751,,0,0.000002,205,0.000007,0,1,1,0,1,1
26437397,,0,0.000002,205,0.000007,0,1,1,0,1,1
26379425,,0,0.000002,205,0.000007,0,1,1,0,1,1
26328250,,0,0.000002,205,0.000007,0,1,1,0,1,1
29878901,,0,0.000037,35,0.000007,0,2,2,0,2,2
28928897,,0,0.000036,1,0.000007,0,1,1,0,1,1
25146351,,0.000427,0,69,0.000007,2,0,2,2,0,2
25151137,,0.000108,0,89,0.000014,3,0,3,3,0,3
26274329,,0,0.000002,89,0.000007,0,1,1,0,1,1
29434979,,0,0.000004,279,0.000007,0,1,1,0,1,1
27694914,,0,0,1,0.000007,0,1,1,0,1,1
27060208,,0.000018,0.000007,82,0.000064,12,2,14,12,2,14
26515895,,0,0,1,0.000007,0,1,1,0,1,1
27997380,,0,0.000002,198,0.000007,0,1,1,0,1,1
27573841,,0,0.000002,198,0.000007,0,1,1,0,1,1
27113363,,0,0.000006,5,0.000007,0,2,2,0,2,2
26639025,,0,0.000003,198,0.000007,0,2,2,0,2,2
30458782,,0,0.000002,24,0.000007,0,1,1,0,1,1
25164908,,0.000083,0,24,0.000037,9,0,9,9,0,9
28532539,,0,0.000002,24,0.000007,0,1,1,0,1,1
25922698,,0,0.000002,24,0.000007,0,1,1,0,1,1
28837777,,0,0.000001,232,0.000007,0,1,1,0,1,1
28750850,,0,0.000001,232,0.000007,0,1,1,0,1,1
27169413,,0,0.000001,232,0.000007,0,1,1,0,1,1
26988343,,0,0.000001,232,0.000007,0,1,1,0,1,1
26355596,,0,0.000001,232,0.000007,0,1,1,0,1,1
29721466,,0,0,205,0.000007,0,1,1,0,1,1
25178515,,0.000001,0,205,0.000017,3,0,3,3,0,3
25182961,,0.00019,0,5,0.000013,3,0,3,3,0,3
28611551,,0,0.000019,5,0.000007,0,2,2,0,2,2
28314779,,0,0.000087,72,0.000007,0,2,2,0,2,2
27437695,,0,0.000087,72,0.000007,0,2,2,0,2,2
27107012,,0,0.000036,100,0.000007,0,1,1,0,1,1
27073545,,0,0.000036,100,0.000007,0,1,1,0,1,1
25972894,,0,0.000087,72,0.000007,0,2,2,0,2,2
25186150,,0.001475,0,1,0.000013,4,0,4,4,0,4
25186627,,0.004755,0,205,0.000097,72,0,72,72,0,72
29434940,,0,0.000092,279,0.000007,0,2,2,0,2,2
28599463,,0,0.000091,205,0.000007,0,1,1,0,1,1
27275665,,0,0.000091,205,0.000007,0,1,1,0,1,1
26492932,,0,0.000091,205,0.000007,0,1,1,0,1,1
29404401,,0,0.000011,69,0.000007,0,1,1,0,1,1
28983113,,0,0.000011,69,0.000007,0,1,1,0,1,1
28211519,,0,0.000224,69,0.000007,0,2,2,0,2,2
27543335,,0,0.000243,69,0.000007,0,3,3,0,3,3
27512339,,0,0.000011,89,0.000007,0,2,2,0,2,2
27336171,,0,0.000011,69,0.000007,0,1,1,0,1,1
29973242,,0,0,5,0.000007,0,1,1,0,1,1
25190698,,0.001953,0,89,0.000074,35,0,35,35,0,35
28868283,,0,0.000037,89,0.000007,0,1,1,0,1,1
28255411,,0,0.000037,89,0.000007,0,1,1,0,1,1
28251007,,0,0.000037,89,0.000007,0,1,1,0,1,1
27489861,,0,0.000037,89,0.000007,0,1,1,0,1,1
27358095,,0,0.000037,89,0.000007,0,1,1,0,1,1
26684088,,0,0.000037,89,0.000007,0,1,1,0,1,1
25745605,,0,0.000037,89,0.000007,0,1,1,0,1,1
29524069,,0,0.000075,5,0.000007,0,1,1,0,1,1
28441061,,0,0.000148,5,0.000007,0,2,2,0,2,2
27716394,,0,0.000075,5,0.000007,0,1,1,0,1,1
25193512,,0.00024,0,232,0.000055,14,0,14,14,0,14
28140568,,0,0.000005,232,0.000007,0,1,1,0,1,1
27047380,,0,0.000005,232,0.000007,0,1,1,0,1,1
26749324,,0,0.000005,232,0.000007,0,1,1,0,1,1
25194442,,0.000158,0,231,0.000009,3,0,3,3,0,3
25195694,,0.0005,0,205,0.000021,7,0,7,7,0,7
29804199,,0,0.00001,205,0.000007,0,1,1,0,1,1
25198398,,0.003819,0,5,0.000065,43,0,43,43,0,43
29454079,,0,0.000073,5,0.000007,0,1,1,0,1,1
29215654,,0,0.000073,5,0.000007,0,1,1,0,1,1
28748527,,0,0.000073,5,0.000007,0,1,1,0,1,1
28343835,,0,0.000073,5,0.000007,0,1,1,0,1,1
26147255,,0,0.000073,5,0.000007,0,1,1,0,1,1
25202071,,0.00108,0,176,0.00001,3,0,3,3,0,3
29483831,,0,0,89,0.000007,0,1,1,0,1,1
29568385,,0,0.00002,1,0.000007,0,2,2,0,2,2
28808232,,0,0.000013,82,0.000007,0,3,3,0,3,3
27050370,,0,0.000013,1,0.000007,0,1,1,0,1,1
26459098,,0.000007,0.000013,82,0.000022,6,2,8,6,2,8
26098903,,0,0,279,0.000007,0,2,2,0,2,2
25213493,,0,0,279,0.00001,1,0,1,1,0,1
30172883,,0,0.000284,35,0.000007,0,2,2,0,2,2
29625551,,0,0.000005,35,0.000007,0,1,1,0,1,1
29552329,,0,0.000005,35,0.000007,0,1,1,0,1,1
29464053,,0,0.000005,35,0.000007,0,1,1,0,1,1
29085221,,0,0.000005,35,0.000007,0,1,1,0,1,1
28881682,,0,0.000005,35,0.000007,0,1,1,0,1,1
28881356,,0,0.000005,35,0.000007,0,1,1,0,1,1
28753677,,0,0.000005,35,0.000007,0,1,1,0,1,1
28713952,,0,0.000005,35,0.000007,0,1,1,0,1,1
28693221,,0,0.000005,35,0.000007,0,1,1,0,1,1
28667895,,0,0.000005,35,0.000007,0,1,1,0,1,1
28149880,,0,0.000005,35,0.000007,0,1,1,0,1,1
27994771,,0,0.000005,35,0.000007,0,1,1,0,1,1
27659015,,0,0.000005,35,0.000007,0,1,1,0,1,1
27608848,,0,0.000008,205,0.000007,0,2,2,0,2,2
27561949,,0,0.000005,35,0.000007,0,1,1,0,1,1
27089221,,0,0.000005,35,0.000007,0,1,1,0,1,1
27028863,,0,0.000005,35,0.000007,0,1,1,0,1,1
26679603,,0,0.000005,35,0.000007,0,1,1,0,1,1
26261572,,0,0.000005,35,0.000007,0,1,1,0,1,1
25253693,,0,0.000005,35,0.000007,0,1,1,0,1,1
28367074,,0,0.000001,35,0.000007,0,1,1,0,1,1
27698820,,0,0.000001,35,0.000007,0,1,1,0,1,1
29788892,,0,0.000001,5,0.000007,0,1,1,0,1,1
28427443,,0,0.000001,5,0.000007,0,1,1,0,1,1
27413803,,0,0.000001,5,0.000007,0,1,1,0,1,1
30405813,,0,0.001646,1,0.000007,0,2,2,0,2,2
29444603,,0,0.000778,1,0.000007,0,1,1,0,1,1
29245013,,0,0.001646,1,0.000007,0,2,2,0,2,2
28465743,,0,0.000778,1,0.000007,0,1,1,0,1,1
27217446,,0,0.000778,1,0.000007,0,1,1,0,1,1
26500886,,0,0.000778,1,0.000007,0,1,1,0,1,1
26474517,,0,0.000778,1,0.000007,0,1,1,0,1,1
26242216,,0,0.000778,1,0.000007,0,1,1,0,1,1
26188774,,0,0.000778,1,0.000007,0,1,1,0,1,1
25973002,,0,0.000778,1,0.000007,0,1,1,0,1,1
25502429,,0,0.000778,1,0.000007,0,1,1,0,1,1
25219294,,0.000033,0,35,0.000035,9,0,9,9,0,9
28013536,,0,0.000001,35,0.000007,0,1,1,0,1,1
27052022,,0,0.000001,35,0.000007,0,1,1,0,1,1
30184498,,0,0.000067,100,0.000007,0,1,1,0,1,1
29074622,,0,0.000067,100,0.000007,0,1,1,0,1,1
28607004,,0,0.000067,100,0.000007,0,1,1,0,1,1
28262582,,0,0.000067,100,0.000007,0,1,1,0,1,1
28246399,,0,0.000067,100,0.000007,0,1,1,0,1,1
27693351,,0,0.000067,100,0.000007,0,1,1,0,1,1
27311543,,0,0.000067,100,0.000007,0,1,1,0,1,1
27200082,,0,0.000067,100,0.000007,0,1,1,0,1,1
26563448,,0,0.000342,100,0.000007,0,2,2,0,2,2
26322582,,0,0.000067,100,0.000007,0,1,1,0,1,1
25835602,,0,0.000067,100,0.000007,0,1,1,0,1,1
29981477,,0,0.000091,100,0.000007,0,1,1,0,1,1
29180744,,0,0.000091,100,0.000007,0,1,1,0,1,1
28796599,,0,0.000091,100,0.000007,0,1,1,0,1,1
27708353,,0,0.000091,100,0.000007,0,1,1,0,1,1
27308565,,0,0.000091,100,0.000007,0,1,1,0,1,1
27003318,,0,0.000091,100,0.000007,0,1,1,0,1,1
30322400,,0,0.000015,367,0.000007,0,1,1,0,1,1
29351209,,0,0.000015,367,0.000007,0,1,1,0,1,1
28365159,,0,0.000015,367,0.000007,0,1,1,0,1,1
28249646,,0,0.000015,367,0.000007,0,1,1,0,1,1
27270441,,0,0.000035,24,0.000007,0,2,2,0,2,2
27151432,,0,0.000015,367,0.000007,0,1,1,0,1,1
25909217,,0,0.000035,24,0.000007,0,2,2,0,2,2
25227663,,0.000017,0,24,0.00002,7,0,7,7,0,7
27903751,,0,0.000002,231,0.000007,0,2,2,0,2,2
30076719,,0,0.000017,1,0.000007,0,1,1,0,1,1
29296232,,0,0.000017,1,0.000007,0,1,1,0,1,1
29246300,,0,0.000017,1,0.000007,0,1,1,0,1,1
28529597,,0,0.000017,1,0.000007,0,1,1,0,1,1
28427387,,0,0.000017,1,0.000007,0,1,1,0,1,1
27914264,,0,0.000042,1,0.000007,0,3,3,0,3,3
27441030,,0,0.000017,1,0.000007,0,1,1,0,1,1
26984519,,0,0.000017,1,0.000007,0,1,1,0,1,1
26819702,,0,0.000017,1,0.000007,0,1,1,0,1,1
25561897,,0,0.000017,1,0.000007,0,1,1,0,1,1
25228651,,0.000022,0,367,0.000045,12,0,12,12,0,12
28620049,,0,0,367,0.000007,0,1,1,0,1,1
28361952,,0,0,367,0.000007,0,1,1,0,1,1
27453164,,0,0,367,0.000007,0,1,1,0,1,1
26493771,,0,0,367,0.000007,0,1,1,0,1,1
30121900,,0,0,5,0.000007,0,1,1,0,1,1
29970927,,0,0,5,0.000007,0,1,1,0,1,1
29497326,,0,0,5,0.000007,0,1,1,0,1,1
29206948,,0,0,5,0.000007,0,1,1,0,1,1
27253734,,0,0,5,0.000007,0,1,1,0,1,1
25231195,,0.000055,0,35,0.000013,4,0,4,4,0,4
30261931,,0,0.000038,89,0.000007,0,1,1,0,1,1
25238946,,0.006368,0,5,0.000076,35,0,35,35,0,35
29659608,,0,0.000121,5,0.000007,0,1,1,0,1,1
29214032,,0,0.000121,5,0.000007,0,1,1,0,1,1
28932808,,0,0.000121,5,0.000007,0,1,1,0,1,1
28709704,,0,0.000132,205,0.000007,0,2,2,0,2,2
28523262,,0,0.000126,5,0.000007,0,2,2,0,2,2
27810331,,0,0.000121,5,0.000007,0,1,1,0,1,1
27325856,,0,0.000121,5,0.000007,0,1,1,0,1,1
26793766,,0,0.000121,5,0.000007,0,1,1,0,1,1
26645990,,0,0.000121,5,0.000007,0,1,1,0,1,1
26552419,,0,0.000121,5,0.000007,0,1,1,0,1,1
25239453,,0.000307,0,35,0.000033,12,0,12,12,0,12
30092726,,0,0.000006,35,0.000007,0,1,1,0,1,1
28654864,,0,0.000006,35,0.000007,0,1,1,0,1,1
27588406,,0,0.000006,35,0.000007,0,1,1,0,1,1
27437773,,0,0.000002,279,0.000007,0,1,1,0,1,1
27376029,,0,0.000002,279,0.000007,0,1,1,0,1,1
25243101,,0.000002,0,35,0.000039,6,0,6,6,0,6
29283383,,0,0,35,0.000007,0,1,1,0,1,1
27774318,,0,0,35,0.000007,0,1,1,0,1,1
26581701,,0,0,35,0.000007,0,1,1,0,1,1
26264704,,0,0,35,0.000007,0,1,1,0,1,1
26131359,,0,0,35,0.000007,0,1,1,0,1,1
25243716,,0.000152,0,5,0.000009,2,0,2,2,0,2
25248112,,0.000516,0,1,0.000007,2,0,2,2,0,2
25251729,,0.000026,0,248,0.000008,1,0,1,1,0,1
27791122,,0,0.000157,90,0.000007,0,2,2,0,2,2
30013648,,0,0,1,0.000007,0,1,1,0,1,1
28977987,,0,0.000003,24,0.000007,0,3,3,0,3,3
26823845,,0,0,1,0.000007,0,1,1,0,1,1
25256288,,0,0,5,0.00001,1,0,1,1,0,1
29955025,,0,0.000028,184,0.000007,0,3,3,0,3,3
28971280,,0,0.00002,184,0.000007,0,4,4,0,4,4
28538003,,0,0.000013,184,0.000007,0,3,3,0,3,3
27545020,,0,0.000013,184,0.000007,0,1,1,0,1,1
30138363,,0,0,90,0.000007,0,1,1,0,1,1
28725626,,0,0,90,0.000007,0,1,1,0,1,1
28445135,,0,0,90,0.000007,0,1,1,0,1,1
27189160,,0,0.000847,90,0.000007,0,2,2,0,2,2
25884356,,0,0,90,0.000007,0,1,1,0,1,1
27092959,,0,0,297,0.000007,0,1,1,0,1,1
25257187,,0,0,297,0.000019,2,0,2,2,0,2
26942765,,0,0,297,0.000007,0,1,1,0,1,1
30075081,,0,0,2,0.000007,0,1,1,0,1,1
29780359,,0,0,2,0.000007,0,1,1,0,1,1
28899976,,0,0,2,0.000007,0,1,1,0,1,1
28799737,,0,0,2,0.000007,0,1,1,0,1,1
27841270,,0,0,2,0.000007,0,1,1,0,1,1
27382603,,0,0,2,0.000007,0,1,1,0,1,1
26943579,,0,0,2,0.000007,0,1,1,0,1,1
25712097,,0,0,2,0.000007,0,1,1,0,1,1
25695642,,0,0,2,0.000007,0,1,1,0,1,1
25657031,,0,0,2,0.000007,0,1,1,0,1,1
25266802,,0.000158,0,231,0.000018,5,0,5,5,0,5
26490638,,0,0.000003,231,0.000007,0,1,1,0,1,1
30288023,,0,0.000016,69,0.000007,0,1,1,0,1,1
25270772,,0.000846,0,69,0.000074,15,0,15,15,0,15
29448931,,0,0.000016,69,0.000007,0,1,1,0,1,1
29348788,,0,0.000016,69,0.000007,0,1,1,0,1,1
28924552,,0,0.000016,69,0.000007,0,1,1,0,1,1
28670494,,0,0.000016,69,0.000007,0,1,1,0,1,1
28475131,,0,0.000016,69,0.000007,0,1,1,0,1,1
28454351,,0,0.000016,69,0.000007,0,1,1,0,1,1
26785346,,0,0.000016,69,0.000007,0,1,1,0,1,1
25989110,,0,0.000016,69,0.000007,0,1,1,0,1,1
28861324,,0,0,298,0.000007,0,1,1,0,1,1
25273865,,0,0,298,0.000013,1,0,1,1,0,1
29376126,,0,0,279,0.000007,0,1,1,0,1,1
28969007,,0,0,279,0.000007,0,1,1,0,1,1
28337291,,0,0,279,0.000007,0,1,1,0,1,1
27283903,,0,0,279,0.000007,0,1,1,0,1,1
27186436,,0,0,279,0.000007,0,1,1,0,1,1
26521947,,0,0,279,0.000007,0,1,1,0,1,1
30375476,,0,0.000002,90,0.000007,0,1,1,0,1,1
30349315,,0,0.000002,90,0.000007,0,1,1,0,1,1
28423652,,0,0.000002,90,0.000007,0,1,1,0,1,1
26240785,,0,0.000002,90,0.000007,0,1,1,0,1,1
25906833,,0,0.000002,90,0.000007,0,1,1,0,1,1
30323975,,0,0.000356,1,0.000007,0,1,1,0,1,1
25286972,,0.018664,0,1,0.000144,84,0,84,84,0,84
30257222,,0,0.000749,1,0.000007,0,3,3,0,3,3
29867504,,0,0.000356,1,0.000007,0,1,1,0,1,1
29567296,,0,0.000674,1,0.000007,0,2,2,0,2,2
29358968,,0,0.000356,1,0.000007,0,1,1,0,1,1
29216878,,0,0.000356,1,0.000007,0,1,1,0,1,1
28991428,,0,0.000674,1,0.000007,0,3,3,0,3,3
28723922,,0,0.00044,1,0.000007,0,2,2,0,2,2
28623292,,0,0.000356,1,0.000007,0,1,1,0,1,1
28445978,,0,0.000356,1,0.000007,0,1,1,0,1,1
28232952,,0,0.000356,1,0.000007,0,1,1,0,1,1
26755646,,0,0.000746,1,0.000007,0,2,2,0,2,2
26409283,,0,0.000356,1,0.000007,0,1,1,0,1,1
26184161,,0,0.000356,1,0.000007,0,1,1,0,1,1
29351780,,0,0.000066,231,0.000007,0,4,4,0,4,4
28759388,,0,0.000042,231,0.000007,0,1,1,0,1,1
27585847,,0,0.000051,231,0.000007,0,2,2,0,2,2
26740942,,0,0.000216,231,0.000007,0,2,2,0,2,2
26139844,,0,0.000042,231,0.000007,0,1,1,0,1,1
25292178,,0.000771,0,100,0.000015,7,0,7,7,0,7
29343623,,0,0.000001,279,0.000007,0,1,1,0,1,1
25294903,,0.000067,0,279,0.000051,11,0,11,11,0,11
27428416,,0,0.000068,279,0.000007,0,2,2,0,2,2
26368860,,0,0.000001,279,0.000007,0,1,1,0,1,1
26309812,,0,0.000001,279,0.000007,0,1,1,0,1,1
26125013,,0,0.000001,279,0.000007,0,1,1,0,1,1
25603177,,0,0.000001,279,0.000007,0,1,1,0,1,1
25295380,,0.000001,0,205,0.000009,1,0,1,1,0,1
29698389,,0,0.000003,35,0.000007,0,1,1,0,1,1
25300558,,0.000181,0,35,0.000041,7,0,7,7,0,7
28739604,,0,0.000003,35,0.000007,0,1,1,0,1,1
28615627,,0,0.000003,35,0.000007,0,1,1,0,1,1
26567115,,0,0.000003,35,0.000007,0,1,1,0,1,1
26331797,,0,0.000003,35,0.000007,0,1,1,0,1,1
29621312,,0,0.00002,232,0.000007,0,1,1,0,1,1
28529585,,0,0.00002,232,0.000007,0,1,1,0,1,1
28387728,,0,0.00002,232,0.000007,0,1,1,0,1,1
27417393,,0,0.00002,232,0.000007,0,1,1,0,1,1
26080011,,0,0.00002,232,0.000007,0,1,1,0,1,1
30214684,,0,0.000016,69,0.000007,0,1,1,0,1,1
30207508,,0,0.000084,69,0.000007,0,2,2,0,2,2
29963131,,0,0.000016,69,0.000007,0,1,1,0,1,1
29368982,,0,0.000016,69,0.000007,0,1,1,0,1,1
29221134,,0,0.000016,69,0.000007,0,1,1,0,1,1
28927063,,0,0.000016,69,0.000007,0,1,1,0,1,1
28789342,,0,0.000016,69,0.000007,0,1,1,0,1,1
28123637,,0,0.000016,69,0.000007,0,1,1,0,1,1
28086946,,0,0.000016,69,0.000007,0,1,1,0,1,1
27626410,,0,0.000016,69,0.000007,0,1,1,0,1,1
27602140,,0,0.000016,69,0.000007,0,1,1,0,1,1
27158389,,0,0.000016,69,0.000007,0,1,1,0,1,1
26884845,,0,0.000016,69,0.000007,0,1,1,0,1,1
26500892,,0,0.000016,69,0.000007,0,1,1,0,1,1
25304989,,0.001071,0,205,0.000022,8,0,8,8,0,8
26730170,,0,0.00002,205,0.000007,0,1,1,0,1,1
27081110,,0,0.000017,5,0.000007,0,1,1,0,1,1
28881456,,0,0,5,0.000007,0,1,1,0,1,1
26716390,,0,0,5,0.000007,0,1,1,0,1,1
25312711,,0.000763,0,1,0.000007,1,0,1,1,0,1
25316812,,0.001047,0,24,0.000093,24,0,24,24,0,24
30109022,,0,0.00002,24,0.000007,0,1,1,0,1,1
29732386,,0,0.00002,24,0.000007,0,1,1,0,1,1
29288513,,0,0.00002,24,0.000007,0,1,1,0,1,1
28848661,,0,0.00002,24,0.000007,0,1,1,0,1,1
28600503,,0,0.00002,24,0.000007,0,1,1,0,1,1
28487862,,0,0.00002,24,0.000007,0,1,1,0,1,1
27567210,,0,0.001043,24,0.000007,0,3,3,0,3,3
27376123,,0,0.00002,24,0.000007,0,1,1,0,1,1
27044931,,0,0.00002,24,0.000007,0,1,1,0,1,1
26678880,,0,0.00002,24,0.000007,0,1,1,0,1,1
26065573,,0,0.00002,24,0.000007,0,1,1,0,1,1
25319390,,0.000334,0,72,0.000139,29,0,29,29,0,29
29138830,,0,0.000006,72,0.000007,0,1,1,0,1,1
29113381,,0,0.000006,72,0.000007,0,1,1,0,1,1
28693279,,0,0.000006,72,0.000007,0,1,1,0,1,1
28641694,,0,0.000006,72,0.000007,0,1,1,0,1,1
28600498,,0,0.000006,72,0.000007,0,1,1,0,1,1
28562579,,0,0.000006,72,0.000007,0,2,2,0,2,2
28454443,,0,0.000006,72,0.000007,0,1,1,0,1,1
28380423,,0,0.000006,72,0.000007,0,1,1,0,1,1
28259900,,0,0.000006,72,0.000007,0,1,1,0,1,1
27774064,,0,0.000006,72,0.000007,0,1,1,0,1,1
27686215,,0,0.000006,72,0.000007,0,1,1,0,1,1
27446395,,0,0.000006,72,0.000007,0,1,1,0,1,1
27384876,,0,0.000006,72,0.000007,0,1,1,0,1,1
27341462,,0,0.000006,72,0.000007,0,1,1,0,1,1
26930719,,0,0.000006,72,0.000007,0,1,1,0,1,1
26747785,,0,0.000006,72,0.000007,0,1,1,0,1,1
26617940,,0,0.000006,72,0.000007,0,1,1,0,1,1
26504803,,0,0.000006,72,0.000007,0,1,1,0,1,1
26497367,,0,0.000006,72,0.000007,0,1,1,0,1,1
27391337,,0,0.000007,89,0.000007,0,1,1,0,1,1
29147649,,0,0,90,0.000007,0,1,1,0,1,1
25329591,,0.000478,0,279,0.000016,4,0,4,4,0,4
26871844,,0,0.000009,279,0.000007,0,1,1,0,1,1
25330149,,0.000807,0,89,0.000015,10,0,10,10,0,10
28121942,,0,0.000001,279,0.000007,0,1,1,0,1,1
26671747,,0,0.000001,279,0.000007,0,1,1,0,1,1
25331470,,0.00015,0,279,0.000025,5,0,5,5,0,5
29399184,,0,0.000003,279,0.000007,0,1,1,0,1,1
27110300,,0,0.000003,279,0.000007,0,1,1,0,1,1
30100735,,0,0,35,0.000007,0,1,1,0,1,1
29221165,,0,0,35,0.000007,0,1,1,0,1,1
29062004,,0,0,35,0.000007,0,1,1,0,1,1
26715733,,0,0,35,0.000007,0,1,1,0,1,1
29533979,,0,0,1,0.000007,0,1,1,0,1,1
28522553,,0,0.000004,100,0.000007,0,1,1,0,1,1
27653222,,0,0.000004,100,0.000007,0,1,1,0,1,1
25339023,,0.000048,0,231,0.000023,6,0,6,6,0,6
28781694,,0,0.000001,231,0.000007,0,1,1,0,1,1
26304545,,0,0.000001,231,0.000007,0,1,1,0,1,1
30400006,,0,0.001183,1,0.000007,0,6,6,0,6,6
25341009,,0.014753,0,1,0.000166,85,0,85,85,0,85
29568505,,0,0.000599,1,0.000007,0,2,2,0,2,2
29335534,,0,0.000281,1,0.000007,0,1,1,0,1,1
28711281,,0,0.000281,1,0.000007,0,1,1,0,1,1
28695505,,0,0.000281,1,0.000007,0,1,1,0,1,1
28376211,,0,0.0009,1,0.000007,0,3,3,0,3,3
28319113,,0,0.000281,1,0.000007,0,1,1,0,1,1
28018295,,0,0.000281,1,0.000007,0,1,1,0,1,1
27591252,,0,0.000556,100,0.000007,0,2,2,0,2,2
27521655,,0,0.000281,1,0.000007,0,1,1,0,1,1
27099339,,0,0.000509,1,0.000007,0,2,2,0,2,2
26947069,,0,0.000281,1,0.000007,0,1,1,0,1,1
26609214,,0,0.000281,1,0.000007,0,1,1,0,1,1
26557819,,0,0.000281,1,0.000007,0,1,1,0,1,1
26091344,,0,0.000281,1,0.000007,0,1,1,0,1,1
28600279,,0,0.000019,5,0.000007,0,1,1,0,1,1
25342642,,0.000296,0,35,0.00001,4,0,4,4,0,4
30454048,,0,0.000353,69,0.000007,0,2,2,0,2,2
30185381,,0,0.000141,1,0.000007,0,1,1,0,1,1
25355026,,0.000017,0,205,0.000007,1,0,1,1,0,1
30280037,,0,0.000059,205,0.000007,0,1,1,0,1,1
29541281,,0,0.000059,205,0.000007,0,1,1,0,1,1
29404265,,0,0.000059,205,0.000007,0,1,1,0,1,1
28587243,,0,0.00037,205,0.000007,0,4,4,0,4,4
26767414,,0,0.000126,205,0.000007,0,4,4,0,4,4
26479556,,0,0.00011,205,0.000007,0,2,2,0,2,2
26261723,,0,0.000059,205,0.000007,0,1,1,0,1,1
29152133,,0,0,57,0.000007,0,1,1,0,1,1
30205506,,0,0.000036,89,0.000007,0,2,2,0,2,2
30425845,,0,0.001624,1,0.000007,0,1,1,0,1,1
30416678,,0,0.001625,1,0.000007,0,2,2,0,2,2
30272580,,0,0.002277,1,0.000007,0,7,7,0,7,7
30086748,,0,0.001658,1,0.000007,0,2,2,0,2,2
29928579,,0,0.001858,1,0.000007,0,2,2,0,2,2
29903880,,0,0.002135,205,0.000007,0,7,7,0,7,7
29755778,,0,0.001624,1,0.000007,0,1,1,0,1,1
29707526,,0,0.001624,1,0.000007,0,1,1,0,1,1
29670374,,0,0.002178,1,0.000007,0,2,2,0,2,2
29420467,,0,0.001624,1,0.000007,0,1,1,0,1,1
29386069,,0,0.001624,1,0.000007,0,1,1,0,1,1
29269376,,0,0.001723,205,0.000007,0,4,4,0,4,4
29152387,,0,0.001624,1,0.000007,0,1,1,0,1,1
28938087,,0,0.001817,205,0.000007,0,3,3,0,3,3
28923231,,0,0.001665,205,0.000007,0,2,2,0,2,2
28640192,,0,0.001665,205,0.000007,0,2,2,0,2,2
28579826,,0,0.001624,1,0.000007,0,1,1,0,1,1
28484262,,0,0.001651,205,0.000007,0,3,3,0,3,3
28408152,,0,0.002647,1,0.000007,0,3,3,0,3,3
28280620,,0,0.001904,205,0.000007,0,2,2,0,2,2
28253425,,0,0.001624,1,0.000007,0,1,1,0,1,1
28187282,,0,0.003755,1,0.000007,0,5,5,0,5,5
27998226,,0,0.001624,1,0.000007,0,1,1,0,1,1
27672426,,0,0.001624,1,0.000007,0,1,1,0,1,1
27599694,,0,0.002471,1,0.000007,0,2,2,0,2,2
27462233,,0,0.001624,1,0.000007,0,1,1,0,1,1
26941980,,0,0.001624,1,0.000007,0,1,1,0,1,1
26586478,,0,0.001904,205,0.000007,0,2,2,0,2,2
26484444,,0,0.001624,1,0.000007,0,1,1,0,1,1
26366398,,0,0.001624,1,0.000007,0,1,1,0,1,1
26309356,,0,0.001624,1,0.000007,0,1,1,0,1,1
25798040,,0,0.001624,1,0.000007,0,1,1,0,1,1
26789828,,0,0.000014,35,0.000007,0,1,1,0,1,1
25371380,,0.000092,0,5,0.000016,7,0,7,7,0,7
27152307,,0,0,1,0.000007,0,1,1,0,1,1
26793684,,0,0,1,0.000007,0,1,1,0,1,1
26793682,,0,0,1,0.000007,0,1,1,0,1,1
25372568,,0.000385,0,1,0.000011,6,0,6,6,0,6
25373702,,0.000112,0,5,0.000008,2,0,2,2,0,2
29332455,,0,0,24,0.000007,0,1,1,0,1,1
27123143,,0,0,24,0.000007,0,1,1,0,1,1
25729389,,0,0.000018,100,0.000007,0,1,1,0,1,1
25606780,,0,0.000018,100,0.000007,0,1,1,0,1,1
25375653,,0.000443,0,5,0.000009,3,0,3,3,0,3
25376744,,0.000376,0,279,0.000022,7,0,7,7,0,7
27228351,,0,0.000007,279,0.000007,0,1,1,0,1,1
26307460,,0,0.000007,279,0.000007,0,2,2,0,2,2
29617718,,0,0.000026,5,0.000007,0,1,1,0,1,1
25388513,,0.000333,0,90,0.000022,5,0,5,5,0,5
26029167,,0,0.000006,90,0.000007,0,1,1,0,1,1
25394901,,0.000367,0,1,0.000045,12,0,12,12,0,12
28721074,,0,0.000007,1,0.000007,0,1,1,0,1,1
28492560,,0,0.000007,1,0.000007,0,1,1,0,1,1
28454317,,0,0.000007,1,0.000007,0,1,1,0,1,1
27819521,,0,0.000007,1,0.000007,0,1,1,0,1,1
26734642,,0,0.000007,1,0.000007,0,1,1,0,1,1
25395318,,0.000096,0,205,0.000007,1,0,1,1,0,1
29042795,,0,0.000116,1,0.000007,0,1,1,0,1,1
28423614,,0,0.000116,1,0.000007,0,1,1,0,1,1
28623091,,0,0.000112,100,0.000007,0,1,1,0,1,1
28263958,,0,0.000112,100,0.000007,0,1,1,0,1,1
27146074,,0,0.000112,100,0.000007,0,1,1,0,1,1
25400280,,0.002382,0,100,0.000021,20,0,20,20,0,20
25403211,,0.000209,0,5,0.000014,3,0,3,3,0,3
27306909,,0,0.000004,5,0.000007,0,1,1,0,1,1
30254100,,0,0.000002,279,0.000007,0,1,1,0,1,1
29927686,,0,0.000002,279,0.000007,0,1,1,0,1,1
27785392,,0,0.000002,279,0.000025,3,1,4,3,1,4
27711126,,0,0.000002,279,0.000007,0,1,1,0,1,1
27573699,,0,0.000002,279,0.000007,0,1,1,0,1,1
26751487,,0,0.000002,279,0.000007,0,1,1,0,1,1
27197275,,0,0,299,0.000007,0,1,1,0,1,1
25403808,,0,0,299,0.000013,1,0,1,1,0,1
29483949,,0,0.000001,1,0.000007,0,1,1,0,1,1
28472820,,0,0.000045,35,0.000007,0,2,2,0,2,2
28424200,,0,0.000008,35,0.000007,0,1,1,0,1,1
26302350,,0,0.000008,35,0.000007,0,1,1,0,1,1
25414026,,0.001115,0,1,0.000009,4,0,4,4,0,4
28162974,,0,0.000008,1,0.000007,0,1,1,0,1,1
30158978,,0,0,24,0.000007,0,1,1,0,1,1
30109177,,0,0,24,0.000007,0,1,1,0,1,1
29625142,,0,0,24,0.000007,0,1,1,0,1,1
29406710,,0,0,24,0.000007,0,1,1,0,1,1
29251920,,0,0,24,0.000007,0,1,1,0,1,1
28938627,,0,0,24,0.000007,0,1,1,0,1,1
28698198,,0,0,24,0.000007,0,1,1,0,1,1
28632486,,0,0,24,0.000007,0,1,1,0,1,1
28399110,,0,0,24,0.000007,0,1,1,0,1,1
28399108,,0,0,24,0.000007,0,1,1,0,1,1
28356132,,0,0,24,0.000007,0,1,1,0,1,1
28334049,,0,0,24,0.000007,0,1,1,0,1,1
28257480,,0,0,24,0.000007,0,1,1,0,1,1
28229393,,0,0.000847,24,0.000007,0,3,3,0,3,3
25962593,,0,0,24,0.000007,0,1,1,0,1,1
30389917,,0,0.00001,176,0.000007,0,1,1,0,1,1
30344611,,0,0.00001,176,0.000007,0,1,1,0,1,1
30258933,,0,0.00001,176,0.000007,0,1,1,0,1,1
30222146,,0,0.00001,176,0.000007,0,1,1,0,1,1
30186768,,0,0.00001,176,0.000007,0,1,1,0,1,1
30083271,,0,0.00001,176,0.000007,0,1,1,0,1,1
30038960,,0,0.00001,176,0.000007,0,1,1,0,1,1
29989043,,0,0.00001,176,0.000007,0,1,1,0,1,1
29986209,,0,0.00001,176,0.000007,0,1,1,0,1,1
29908100,,0,0.00001,176,0.000007,0,1,1,0,1,1
29881285,,0,0.00001,176,0.000007,0,1,1,0,1,1
29868251,,0,0.00001,176,0.000007,0,1,1,0,1,1
29867148,,0,0.00001,176,0.000007,0,1,1,0,1,1
29861415,,0,0.00001,176,0.000007,0,1,1,0,1,1
29855735,,0,0.00001,176,0.000007,0,1,1,0,1,1
29854853,,0,0.00001,176,0.000007,0,1,1,0,1,1
29799161,,0,0.00001,176,0.000007,0,1,1,0,1,1
29681222,,0,0.00001,176,0.000007,0,3,3,0,3,3
29678957,,0,0.00001,176,0.000007,0,1,1,0,1,1
29632135,,0,0.00001,176,0.000007,0,1,1,0,1,1
29622701,,0,0.000013,176,0.000007,0,2,2,0,2,2
29618663,,0,0.00001,176,0.000007,0,1,1,0,1,1
29581441,,0,0.00001,176,0.000007,0,1,1,0,1,1
29581268,,0,0.00001,176,0.000007,0,1,1,0,1,1
29527128,,0,0.00001,176,0.000007,0,1,1,0,1,1
29515996,,0,0.00001,176,0.000007,0,3,3,0,3,3
29434302,,0,0.00001,176,0.000007,0,1,1,0,1,1
29425686,,0,0.00001,176,0.000007,0,1,1,0,1,1
29415983,,0,0.00001,176,0.000007,0,1,1,0,1,1
29386907,,0,0.00001,176,0.000007,0,1,1,0,1,1
29382847,,0,0.00001,176,0.000007,0,1,1,0,1,1
29346311,,0,0.00001,176,0.000007,0,1,1,0,1,1
29334272,,0,0.00001,176,0.000007,0,1,1,0,1,1
29304816,,0,0.00001,176,0.000007,0,1,1,0,1,1
29283887,,0,0.00001,176,0.000007,0,1,1,0,1,1
29280568,,0,0.00001,176,0.000007,0,1,1,0,1,1
29251792,,0,0.00001,176,0.000007,0,1,1,0,1,1
29221185,,0,0.00001,176,0.000007,0,1,1,0,1,1
29194401,,0,0.00001,176,0.000007,0,1,1,0,1,1
29158316,,0,0.00001,176,0.000007,0,1,1,0,1,1
29059701,,0,0.00001,176,0.000007,0,1,1,0,1,1
29054476,,0,0.00001,176,0.000007,0,1,1,0,1,1
28963969,,0,0.00001,176,0.000007,0,1,1,0,1,1
28851367,,0,0.00001,176,0.000007,0,1,1,0,1,1
28675788,,0,0.00001,176,0.000007,0,1,1,0,1,1
28627679,,0,0.00001,176,0.000007,0,1,1,0,1,1
28605392,,0,0.00001,176,0.000007,0,1,1,0,1,1
28593618,,0,0.00001,176,0.000007,0,1,1,0,1,1
28523150,,0,0.00001,176,0.000007,0,1,1,0,1,1
28521391,,0,0.00001,176,0.000007,0,1,1,0,1,1
28500882,,0,0.00001,176,0.000007,0,1,1,0,1,1
28490595,,0,0.00001,176,0.000007,0,1,1,0,1,1
28423667,,0,0.00001,176,0.000007,0,1,1,0,1,1
28407783,,0,0.00001,176,0.000007,0,1,1,0,1,1
28402944,,0,0.00001,176,0.000007,0,1,1,0,1,1
28279982,,0,0.00001,176,0.000007,0,1,1,0,1,1
28251138,,0,0.00001,176,0.000007,0,1,1,0,1,1
28202520,,0,0.00001,176,0.000007,0,1,1,0,1,1
28129640,,0,0.00001,176,0.000007,0,1,1,0,1,1
28106077,,0,0.00001,176,0.000007,0,1,1,0,1,1
28060758,,0,0.00001,176,0.000007,0,1,1,0,1,1
28031234,,0,0.00001,176,0.000007,0,1,1,0,1,1
27960084,,0,0.00001,176,0.000007,0,1,1,0,1,1
27941674,,0,0.00001,176,0.000007,0,1,1,0,1,1
27900024,,0,0.00001,176,0.000007,0,1,1,0,1,1
27853642,,0,0.00001,176,0.000007,0,1,1,0,1,1
27832183,,0,0.00001,176,0.000007,0,1,1,0,1,1
27821849,,0,0.00001,176,0.000007,0,1,1,0,1,1
27799337,,0,0.00001,176,0.000007,0,1,1,0,1,1
27761373,,0,0.00001,176,0.000007,0,1,1,0,1,1
27757313,,0,0.000022,176,0.000007,0,2,2,0,2,2
27715501,,0,0.00001,176,0.000007,0,1,1,0,1,1
27701147,,0,0.00001,176,0.000007,0,1,1,0,1,1
27686593,,0,0.00001,176,0.000007,0,1,1,0,1,1
27669441,,0,0.00001,176,0.000007,0,1,1,0,1,1
27651315,,0,0.00001,176,0.000007,0,1,1,0,1,1
27589561,,0,0.00001,176,0.000007,0,1,1,0,1,1
27582126,,0,0.00001,176,0.000007,0,1,1,0,1,1
27581859,,0,0.00001,176,0.000007,0,1,1,0,1,1
27539227,,0,0.00001,176,0.000007,0,1,1,0,1,1
27508447,,0,0.00001,176,0.000007,0,1,1,0,1,1
27366992,,0,0.00001,176,0.000007,0,1,1,0,1,1
27347352,,0,0.00001,176,0.000007,0,1,1,0,1,1
27345402,,0,0.00001,176,0.000007,0,1,1,0,1,1
27336721,,0,0.00001,176,0.000007,0,1,1,0,1,1
27254278,,0,0.00001,176,0.000007,0,1,1,0,1,1
27219060,,0,0.00001,176,0.000007,0,1,1,0,1,1
27215587,,0,0.00001,176,0.000007,0,1,1,0,1,1
27035812,,0,0.00001,176,0.000007,0,1,1,0,1,1
27034163,,0,0.00001,176,0.000007,0,1,1,0,1,1
26912358,,0,0.00001,176,0.000007,0,1,1,0,1,1
26892862,,0,0.00001,176,0.000007,0,1,1,0,1,1
26861302,,0,0.00001,176,0.000007,0,1,1,0,1,1
26768848,,0,0.00001,176,0.000007,0,1,1,0,1,1
26764184,,0,0.00001,176,0.000007,0,1,1,0,1,1
26670278,,0,0.00001,176,0.000007,0,1,1,0,1,1
26587537,,0,0.00001,176,0.000007,0,1,1,0,1,1
26456240,,0,0.00001,176,0.000007,0,1,1,0,1,1
26405598,,0,0.00001,176,0.000007,0,1,1,0,1,1
26332016,,0,0.00001,176,0.000007,0,1,1,0,1,1
26320939,,0,0.00001,176,0.000007,0,1,1,0,1,1
26265142,,0,0.00001,176,0.000007,0,1,1,0,1,1
26229396,,0,0.00001,176,0.000007,0,1,1,0,1,1
26208323,,0,0.00001,176,0.000007,0,1,1,0,1,1
26156517,,0,0.00001,176,0.000007,0,1,1,0,1,1
26132860,,0,0.00001,176,0.000007,0,1,1,0,1,1
26091251,,0,0.00001,176,0.000007,0,1,1,0,1,1
26075202,,0,0.00001,176,0.000007,0,1,1,0,1,1
26042934,,0,0.00001,176,0.000007,0,1,1,0,1,1
25938772,,0,0.00001,176,0.000007,0,1,1,0,1,1
25580113,,0,0.00001,176,0.000007,0,1,1,0,1,1
25540894,,0,0.00001,176,0.000007,0,1,1,0,1,1
29049342,,0,0.000005,72,0.000007,0,1,1,0,1,1
27901485,,0,0.000005,72,0.000007,0,1,1,0,1,1
27323855,,0,0.000005,72,0.000007,0,1,1,0,1,1
27268054,,0,0.000005,72,0.000007,0,1,1,0,1,1
27240340,,0,0.000005,72,0.000007,0,1,1,0,1,1
26794279,,0,0.000005,72,0.000007,0,1,1,0,1,1
26337669,,0,0.000005,72,0.000007,0,1,1,0,1,1
26287249,,0,0.000005,72,0.000007,0,1,1,0,1,1
25418591,,0.000313,0,89,0.000008,2,0,2,2,0,2
30071442,,0,0,279,0.000007,0,1,1,0,1,1
25418895,,0,0,279,0.000025,4,0,4,4,0,4
28524162,,0,0,279,0.000007,0,1,1,0,1,1
25422243,,0.000309,0,1,0.000007,1,0,1,1,0,1
29228672,,0,0.000001,100,0.000007,0,1,1,0,1,1
27014722,,0,0.000847,100,0.000007,0,2,2,0,2,2
25623216,,0,0.000001,100,0.000007,0,1,1,0,1,1
25428229,,0.000003,0,69,0.000009,1,0,1,1,0,1
29973176,,0,0.000021,5,0.000007,0,1,1,0,1,1
25430881,,0.000104,0,205,0.000008,1,0,1,1,0,1
29923083,,0,0.000007,72,0.000007,0,3,3,0,3,3
25445393,,0.000207,0,72,0.00002,5,0,5,5,0,5
26927195,,0,0.000004,72,0.000007,0,1,1,0,1,1
25445425,,0.000898,0,1,0.000013,2,0,2,2,0,2
26974508,,0,0.000017,1,0.000007,0,1,1,0,1,1
30364886,,0,0,24,0.000007,0,1,1,0,1,1
25445497,,0.000009,0,24,0.000036,7,0,7,7,0,7
28970964,,0,0,24,0.000007,0,1,1,0,1,1
27835695,,0,0,24,0.000007,0,1,1,0,1,1
27022972,,0,0,24,0.000007,0,1,1,0,1,1
29276645,,0,0,90,0.000007,0,1,1,0,1,1
27382387,,0,0,90,0.000007,0,1,1,0,1,1
30116337,,0,0.000224,35,0.000007,0,1,1,0,1,1
30089731,,0,0.000664,205,0.000007,0,5,5,0,5,5
29292756,,0,0.000224,35,0.000007,0,1,1,0,1,1
27860319,,0,0.0004,1,0.000007,0,2,2,0,2,2
26417203,,0,0.000224,35,0.000007,0,1,1,0,1,1
25454609,,0.00346,0,1,0.000043,32,0,32,32,0,32
29439820,,0.00101,0.001711,1,0.000014,6,5,11,6,5,11
29368876,,0,0.000071,89,0.000007,0,2,2,0,2,2
29348298,,0,0.000257,1,0.000007,0,4,4,0,4,4
28168138,,0,0.000066,1,0.000007,0,1,1,0,1,1
27022437,,0,0.000001,100,0.000007,0,1,1,0,1,1
26681795,,0,0.000001,100,0.000007,0,1,1,0,1,1
25465969,,0.000267,0,89,0.000015,4,0,4,4,0,4
30363122,,0,0.00002,100,0.000007,0,1,1,0,1,1
25467108,,0.001069,0,100,0.00006,24,0,24,24,0,24
27891292,,0,0.00002,82,0.000007,0,2,2,0,2,2
25874343,,0,0.00002,100,0.000007,0,1,1,0,1,1
25467110,,0.001292,0,205,0.000058,24,0,24,24,0,24
29455665,,0,0.000028,205,0.000007,0,2,2,0,2,2
29307142,,0,0.000025,205,0.000007,0,1,1,0,1,1
27338371,,0,0.000025,205,0.000007,0,1,1,0,1,1
27165003,,0,0.000075,205,0.000007,0,3,3,0,3,3
27107008,,0,0.000025,205,0.000007,0,2,2,0,2,2
25467311,,0.00043,0,5,0.000016,7,0,7,7,0,7
25470109,,0.00207,0,5,0.000011,9,0,9,9,0,9
25472498,,0.000103,0,5,0.000012,3,0,3,3,0,3
26446325,,0,0.000002,5,0.000007,0,2,2,0,2,2
28416286,,0,0.000173,100,0.000007,0,1,1,0,1,1
27033104,,0,0.000173,100,0.000007,0,1,1,0,1,1
26956768,,0,0.000199,100,0.000007,0,3,3,0,3,3
26466335,,0,0.000173,100,0.000007,0,1,1,0,1,1
27793847,,0,0.000259,1,0.000007,0,1,1,0,1,1
25475920,,0.000173,0,205,0.000011,5,0,5,5,0,5
25476495,,0.000701,0,5,0.000008,4,0,4,4,0,4
27072803,,0,0.000009,5,0.000007,0,1,1,0,1,1
30186770,,0,0.000202,205,0.000007,0,9,9,0,9,9
29669919,,0,0.000106,205,0.000007,0,5,5,0,5,5
29074453,,0,0.000453,205,0.000007,0,5,5,0,5,5
29053185,,0,0.000331,205,0.000007,0,2,2,0,2,2
29036293,,0,0.000077,205,0.000007,0,2,2,0,2,2
29020110,,0,0.000051,205,0.000007,0,1,1,0,1,1
28894253,,0,0.000331,205,0.000007,0,2,2,0,2,2
28810144,,0,0.000351,205,0.000007,0,4,4,0,4,4
27782199,,0,0.000118,205,0.000007,0,2,2,0,2,2
26870247,,0,0.000051,205,0.000007,0,1,1,0,1,1
26394139,,0,0.000331,205,0.000007,0,2,2,0,2,2
26220524,,0,0.000331,205,0.000007,0,2,2,0,2,2
25480832,,0.002232,0,1,0.000019,8,0,8,8,0,8
25480878,,0.001109,0,35,0.000024,9,0,9,9,0,9
28912475,,0,0.000021,35,0.000007,0,1,1,0,1,1
26842238,,0,0.000021,35,0.000007,0,1,1,0,1,1
29196338,,0,0.000006,100,0.000007,0,1,1,0,1,1
28974734,,0,0.000006,100,0.000007,0,1,1,0,1,1
25481790,,0.002018,0,1,0.000018,6,0,6,6,0,6
25919378,,0,0.000038,1,0.000007,0,1,1,0,1,1
25481791,,0.045504,0,1,0.00012,103,0,103,103,0,103
30214620,,0,0.000868,1,0.000007,0,1,1,0,1,1
29213108,,0,0.000868,1,0.000007,0,1,1,0,1,1
28691904,,0,0.002044,1,0.000007,0,3,3,0,3,3
28473858,,0,0.000868,1,0.000007,0,1,1,0,1,1
27896440,,0,0.000868,1,0.000007,0,1,1,0,1,1
27807074,,0,0.000868,1,0.000007,0,1,1,0,1,1
27047799,,0,0.000868,1,0.000007,0,1,1,0,1,1
27009941,,0,0.000868,1,0.000007,0,1,1,0,1,1
26437225,,0,0.000882,232,0.000007,0,2,2,0,2,2
27036037,,0,0.000028,5,0.000007,0,1,1,0,1,1
25483082,,0.00127,0,1,0.000037,10,0,10,10,0,10
29149290,,0,0.000024,1,0.000007,0,1,1,0,1,1
27802179,,0,0.000024,1,0.000007,0,1,1,0,1,1
26036275,,0,0.000024,1,0.000007,0,1,1,0,1,1
28506985,,0,0.000013,1,0.000007,0,1,1,0,1,1
25483710,,0.002833,0,1,0.000024,10,0,10,10,0,10
28212373,,0,0.000054,1,0.000007,0,1,1,0,1,1
25788264,,0,0.000054,1,0.000007,0,1,1,0,1,1
29201133,,0,0,89,0.000007,0,1,1,0,1,1
28211887,,0,0,89,0.000007,0,1,1,0,1,1
26861804,,0,0,89,0.000007,0,1,1,0,1,1
29547636,,0,0.000001,89,0.000007,0,1,1,0,1,1
26284136,,0,0.000004,90,0.000007,0,1,1,0,1,1
28884018,,0,0,100,0.000007,0,1,1,0,1,1
28807993,,0,0,100,0.000007,0,1,1,0,1,1
28298491,,0,0,100,0.000007,0,1,1,0,1,1
28248929,,0,0,100,0.000007,0,1,1,0,1,1
30033530,,0,0.000008,90,0.000007,0,1,1,0,1,1
29151940,,0,0.000008,90,0.000007,0,1,1,0,1,1
25490378,,0.000098,0,35,0.000015,3,0,3,3,0,3
25742479,,0,0.000002,35,0.000007,0,1,1,0,1,1
27006189,,0,0,300,0.000007,0,1,1,0,1,1
25493245,,0,0,300,0.000019,2,0,2,2,0,2
26276354,,0,0,300,0.000007,0,1,1,0,1,1
27284267,,0,0.000029,5,0.000007,0,1,1,0,1,1
28943898,,0,0.000001,24,0.000007,0,1,1,0,1,1
26261420,,0,0.000001,24,0.000007,0,1,1,0,1,1
27680214,,0,0.000002,35,0.000007,0,1,1,0,1,1
27292023,,0,0.000002,35,0.000007,0,1,1,0,1,1
25499884,,0.00196,0,1,0.000015,6,0,6,6,0,6
28538184,,0,0.000037,1,0.000007,0,1,1,0,1,1
25502425,,0.000611,0,5,0.000014,9,0,9,9,0,9
25503500,,0.000168,0,5,0.000008,2,0,2,2,0,2
26527778,,0,0.000066,205,0.000007,0,1,1,0,1,1
27810903,,0,0,301,0.000007,0,1,1,0,1,1
25504347,,0,0,301,0.000013,1,0,1,1,0,1
30167651,,0,0.000032,5,0.000007,0,1,1,0,1,1
29533091,,0,0.000032,5,0.000007,0,1,1,0,1,1
29206325,,0,0.000032,5,0.000007,0,1,1,0,1,1
29063562,,0,0.000083,5,0.000007,0,3,3,0,3,3
28410185,,0,0.000032,5,0.000007,0,1,1,0,1,1
27066090,,0,0.000032,5,0.000007,0,1,1,0,1,1
26855902,,0,0.000032,5,0.000007,0,1,1,0,1,1
26503686,,0,0.000032,5,0.000007,0,1,1,0,1,1
26155285,,0,0.000032,5,0.000007,0,1,1,0,1,1
30113698,,0,0.000153,100,0.000007,0,3,3,0,3,3
29051008,,0,0.000133,100,0.000007,0,1,1,0,1,1
28082683,,0,0.000133,100,0.000007,0,1,1,0,1,1
26368543,,0,0.000133,100,0.000007,0,1,1,0,1,1
25917813,,0,0.000133,100,0.000007,0,1,1,0,1,1
30049290,,0,0.000008,100,0.000007,0,1,1,0,1,1
29516630,,0,0.000009,1,0.000007,0,2,2,0,2,2
28849066,,0,0.000009,1,0.000007,0,2,2,0,2,2
28607398,,0,0.000009,1,0.000007,0,2,2,0,2,2
28406480,,0,0.000009,1,0.000007,0,2,2,0,2,2
27661468,,0,0.000008,100,0.000007,0,1,1,0,1,1
27102221,,0,0.000008,100,0.000007,0,1,1,0,1,1
26849396,,0,0.000008,100,0.000007,0,1,1,0,1,1
26460974,,0,0.000009,1,0.000007,0,2,2,0,2,2
25970135,,0,0.000008,100,0.000007,0,1,1,0,1,1
25517954,,0.001051,0,69,0.000024,12,0,12,12,0,12
25517955,,0.000351,0,69,0.000011,7,0,7,7,0,7
25520075,,0.000104,0,279,0.000016,4,0,4,4,0,4
27490558,,0,0.000002,279,0.000007,0,1,1,0,1,1
30103207,,0,0.000007,100,0.000007,0,1,1,0,1,1
29184971,,0,0.000007,100,0.000007,0,1,1,0,1,1
27715394,,0,0.000007,100,0.000007,0,1,1,0,1,1
29581764,,0,0,35,0.000007,0,1,1,0,1,1
25522926,,0.000016,0,35,0.000028,6,0,6,6,0,6
27491296,,0,0,35,0.000007,0,1,1,0,1,1
26684827,,0,0,35,0.000007,0,1,1,0,1,1
26688807,,0,0,302,0.000007,0,1,1,0,1,1
25526195,,0,0,302,0.000013,1,0,1,1,0,1
26505879,,0,0.000005,1,0.000007,0,1,1,0,1,1
30429893,,0,0.000082,35,0.000007,0,2,2,0,2,2
25527230,,0.00066,0,35,0.000039,14,0,14,14,0,14
29795261,,0,0.000225,35,0.000007,0,2,2,0,2,2
29367423,,0,0.000013,35,0.000007,0,1,1,0,1,1
29746213,,0,0.000032,1,0.000007,0,1,1,0,1,1
29545595,,0,0.000032,1,0.000007,0,1,1,0,1,1
29522283,,0,0,303,0.000007,0,1,1,0,1,1
25528023,,0,0,303,0.000013,1,0,1,1,0,1
30272225,,0,0.000004,184,0.000007,0,1,1,0,1,1
27571273,,0,0.000004,184,0.000007,0,1,1,0,1,1
27102154,,0,0.000004,184,0.000007,0,1,1,0,1,1
26403419,,0,0.000004,184,0.000007,0,1,1,0,1,1
29864144,,0,0.000003,279,0.000007,0,1,1,0,1,1
29580241,,0,0.000003,279,0.000007,0,1,1,0,1,1
28028927,,0,0.000003,279,0.000007,0,1,1,0,1,1
27826202,,0,0.000003,279,0.000007,0,1,1,0,1,1
27791031,,0,0.000003,279,0.000007,0,1,1,0,1,1
25533736,,0.001092,0,5,0.000024,11,0,11,11,0,11
26236333,,0,0.000021,5,0.000007,0,1,1,0,1,1
25534390,,0.000312,0,5,0.000015,8,0,8,8,0,8
30262885,,0,0,232,0.000007,0,1,1,0,1,1
29115590,,0,0,232,0.000007,0,1,1,0,1,1
28804121,,0,0,232,0.000007,0,1,1,0,1,1
28057760,,0,0,232,0.000007,0,1,1,0,1,1
27803806,,0,0,232,0.000007,0,1,1,0,1,1
27071035,,0,0,232,0.000007,0,1,1,0,1,1
26921073,,0,0,232,0.000007,0,1,1,0,1,1
26524528,,0,0,232,0.000007,0,1,1,0,1,1
26469707,,0,0,232,0.000007,0,1,1,0,1,1
26310440,,0,0,232,0.000007,0,1,1,0,1,1
30154339,,0,0,304,0.000007,0,1,1,0,1,1
25536299,,0,0,304,0.000013,1,0,1,1,0,1
30127618,,0,0.000019,1,0.000007,0,1,1,0,1,1
29713393,,0,0.000019,82,0.000007,0,2,2,0,2,2
28587642,,0,0.000019,1,0.000007,0,1,1,0,1,1
27390598,,0,0.000019,1,0.000007,0,1,1,0,1,1
27199452,,0,0.000019,1,0.000007,0,1,1,0,1,1
26992218,,0,0.000019,1,0.000007,0,1,1,0,1,1
26878388,,0,0.000019,1,0.000007,0,1,1,0,1,1
26232057,,0,0.000019,1,0.000007,0,1,1,0,1,1
26046780,,0,0.000019,1,0.000007,0,1,1,0,1,1
29063005,,0,0.000004,35,0.000007,0,1,1,0,1,1
25542235,,0.000185,0,35,0.00003,6,0,6,6,0,6
28529925,,0,0.000004,35,0.000007,0,1,1,0,1,1
26875787,,0,0.000004,35,0.000007,0,1,1,0,1,1
25550384,,0.000345,0,5,0.000023,9,0,9,9,0,9
28348606,,0,0.000007,5,0.000007,0,1,1,0,1,1
26420781,,0,0.000007,5,0.000007,0,1,1,0,1,1
27894063,,0,0,87,0.000007,0,1,1,0,1,1
27449513,,0,0,87,0.000007,0,1,1,0,1,1
27115287,,0,0,87,0.000007,0,1,1,0,1,1
29659903,,0,0.000027,1,0.000007,0,1,1,0,1,1
25556971,,0.001438,0,1,0.000036,13,0,13,13,0,13
29385583,,0.000004,0.000027,5,0.000015,2,1,3,2,1,3
27029036,,0,0.000032,279,0.000007,0,2,2,0,2,2
25557581,,0.000952,0,1,0.000012,5,0,5,5,0,5
28739540,,0,0.000003,5,0.000007,0,1,1,0,1,1
25559914,,0.000177,0,5,0.000022,6,0,6,6,0,6
28385043,,0,0.000005,5,0.000007,0,2,2,0,2,2
26970181,,0,0.000005,5,0.000007,0,2,2,0,2,2
25560807,,0.000597,0,5,0.000009,6,0,6,6,0,6
29908451,,0,0.000011,305,0.000007,0,1,1,0,1,1
25565365,,0.000593,0,305,0.000032,6,0,6,6,0,6
28212747,,0,0.000011,305,0.000007,0,1,1,0,1,1
27641368,,0,0.000011,305,0.000007,0,1,1,0,1,1
26159518,,0,0.000011,305,0.000007,0,1,1,0,1,1
30100082,,0,0,35,0.000007,0,1,1,0,1,1
25566982,,0.000002,0,35,0.000034,5,0,5,5,0,5
29187727,,0,0,35,0.000007,0,1,1,0,1,1
28969664,,0,0,35,0.000007,0,1,1,0,1,1
27144069,,0,0,35,0.000007,0,1,1,0,1,1
27083325,,0,0.000003,100,0.000007,0,1,1,0,1,1
25579073,,0.000181,0,5,0.000017,8,0,8,8,0,8
25579682,,0,0,89,0.00001,1,0,1,1,0,1
25581732,,0.002388,0,69,0.000026,15,0,15,15,0,15
28419093,,0,0.000012,100,0.000007,0,1,1,0,1,1
28160604,,0,0.000012,100,0.000007,0,1,1,0,1,1
27922005,,0,0.000012,100,0.000007,0,1,1,0,1,1
26941064,,0,0.000012,100,0.000007,0,1,1,0,1,1
25583815,,0.000462,0,1,0.000008,1,0,1,1,0,1
28259819,,0,0.000282,1,0.000007,0,1,1,0,1,1
27663478,,0,0.000282,1,0.000007,0,1,1,0,1,1
30283071,,0,0,231,0.000007,0,1,1,0,1,1
27473117,,0,0,231,0.000007,0,1,1,0,1,1
26224588,,0,0,306,0.000007,0,1,1,0,1,1
25591598,,0,0,306,0.000013,1,0,1,1,0,1
27043210,,0,0.000003,100,0.000007,0,1,1,0,1,1
25216515,,0,0.000003,241,0.000007,0,1,1,0,1,1
25261366,,0,0.000003,100,0.000007,0,1,1,0,1,1
30424755,,0,0,90,0.000007,0,1,1,0,1,1
25600260,,0.000365,0,69,0.000008,2,0,2,2,0,2
29169184,,0,0,69,0.000007,0,3,3,0,3,3
25602714,,0.000005,0,69,0.000033,6,0,6,6,0,6
29137450,,0,0,69,0.000007,0,2,2,0,2,2
28196634,,0,0,69,0.000007,0,1,1,0,1,1
27770810,,0,0,69,0.000007,0,1,1,0,1,1
26099744,,0,0,69,0.000007,0,1,1,0,1,1
26834480,,0,0.000003,24,0.000007,0,1,1,0,1,1
26756307,,0,0,89,0.000007,0,1,1,0,1,1
25605143,,0.000394,0,279,0.000018,7,0,7,7,0,7
26701852,,0,0.000008,279,0.000007,0,1,1,0,1,1
30018733,,0,0.000029,5,0.000007,0,1,1,0,1,1
29030401,,0,0.000044,5,0.000007,0,2,2,0,2,2
27640171,,0,0.000029,5,0.000007,0,2,2,0,2,2
27239178,,0,0.000029,5,0.000007,0,1,1,0,1,1
27127881,,0,0.000029,5,0.000007,0,1,1,0,1,1
30473937,,0,0.000058,69,0.000007,0,2,2,0,2,2
27370400,,0,0.000058,69,0.000007,0,1,1,0,1,1
26961982,,0,0.000058,69,0.000007,0,1,1,0,1,1
26871292,,0,0.000058,69,0.000007,0,1,1,0,1,1
26646147,,0,0.000058,69,0.000007,0,1,1,0,1,1
26634437,,0,0.000058,69,0.000007,0,1,1,0,1,1
25611238,,0.000024,0,1,0.00001,2,0,2,2,0,2
28423354,,0,0,232,0.000007,0,1,1,0,1,1
28336293,,0,0,232,0.000007,0,1,1,0,1,1
26849833,,0,0,232,0.000007,0,1,1,0,1,1
25613119,,0.000151,0,231,0.00002,4,0,4,4,0,4
28429725,,0,0.000003,231,0.000007,0,1,1,0,1,1
28264686,,0,0.000003,231,0.000007,0,1,1,0,1,1
25613194,,0.000036,0,41,0.000008,1,0,1,1,0,1
30108803,,0,0.000004,1,0.000007,0,1,1,0,1,1
25614115,,0.000205,0,1,0.000014,2,0,2,2,0,2
27791060,,0,0,307,0.000007,0,1,1,0,1,1
25616417,,0,0,307,0.000019,2,0,2,2,0,2
26851282,,0,0,307,0.000007,0,1,1,0,1,1
27479010,,0,0,308,0.000007,0,1,1,0,1,1
25616561,,0,0,308,0.000013,1,0,1,1,0,1
29083376,,0,0.000022,1,0.000007,0,1,1,0,1,1
25619829,,0.00002,0,231,0.000024,5,0,5,5,0,5
28019650,,0,0,231,0.000007,0,1,1,0,1,1
27731453,,0,0,231,0.000007,0,1,1,0,1,1
28918054,,0,0,35,0.000007,0,1,1,0,1,1
25619955,,0.000001,0,35,0.000025,4,0,4,4,0,4
26678158,,0,0.000007,35,0.000007,0,2,2,0,2,2
25940632,,0,0,35,0.000007,0,1,1,0,1,1
25622547,,0.00182,0,205,0.000018,21,0,21,21,0,21
28588722,,0,0.000003,89,0.000007,0,2,2,0,2,2
29462945,,0,0,309,0.000007,0,1,1,0,1,1
25625638,,0,0,309,0.000013,1,0,1,1,0,1
29733543,,0,0.000007,89,0.000007,0,1,1,0,1,1
29879026,,0,0,231,0.000007,0,2,2,0,2,2
29138806,,0,0.000009,35,0.000007,0,2,2,0,2,2
25630211,,0.00009,0,35,0.000012,3,0,3,3,0,3
26682279,,0,0.000005,89,0.000007,0,1,1,0,1,1
26481646,,0,0.000001,89,0.000007,0,1,1,0,1,1
29984792,,0,0,310,0.000007,0,1,1,0,1,1
28944863,,0,0,310,0.000007,0,1,1,0,1,1
28356969,,0,0,310,0.000007,0,1,1,0,1,1
29244169,,0,0.000031,100,0.000007,0,1,1,0,1,1
26293673,,0,0.000031,100,0.000007,0,1,1,0,1,1
29058711,,0,0.000403,100,0.000007,0,2,2,0,2,2
26909362,,0,0.000128,1,0.000007,0,1,1,0,1,1
29677102,,0,0,241,0.000007,0,1,1,0,1,1
28408880,,0,0,241,0.000007,0,1,1,0,1,1
28164766,,0,0,241,0.000007,0,1,1,0,1,1
26334640,,0,0,241,0.000007,0,1,1,0,1,1
25639900,,0.000455,0,140,0.000017,9,0,9,9,0,9
25642960,,0.014423,0,100,0.000225,90,0,90,90,0,90
30032200,,0,0.000275,100,0.000007,0,1,1,0,1,1
29987024,,0,0.000275,100,0.000007,0,1,1,0,1,1
29509408,,0,0.000275,100,0.000007,0,1,1,0,1,1
29494238,,0,0.000275,100,0.000007,0,1,1,0,1,1
29444826,,0,0.000275,100,0.000007,0,1,1,0,1,1
28824932,,0,0.000275,100,0.000007,0,1,1,0,1,1
28695890,,0,0.000275,100,0.000007,0,1,1,0,1,1
28687761,,0,0.000275,100,0.000007,0,1,1,0,1,1
28668117,,0,0.000275,100,0.000007,0,1,1,0,1,1
28176781,,0,0.000275,100,0.000007,0,1,1,0,1,1
27846802,,0,0.000275,100,0.000007,0,1,1,0,1,1
27814640,,0,0.000275,100,0.000007,0,1,1,0,1,1
27741226,,0,0.000275,100,0.000007,0,1,1,0,1,1
27689990,,0,0.000503,100,0.000007,0,2,2,0,2,2
27311885,,0,0.000275,100,0.000007,0,1,1,0,1,1
27131366,,0,0.000275,100,0.000007,0,1,1,0,1,1
26942045,,0,0.000275,100,0.000007,0,1,1,0,1,1
26941250,,0,0.000275,100,0.000007,0,1,1,0,1,1
26657630,,0,0.000275,100,0.000007,0,1,1,0,1,1
26573820,,0,0.000275,100,0.000007,0,1,1,0,1,1
26077599,,0,0.000275,100,0.000007,0,1,1,0,1,1
26033759,,0,0.000549,100,0.000007,0,2,2,0,2,2
25775267,,0,0.000275,100,0.000007,0,1,1,0,1,1
29137034,,0,0.000003,69,0.000007,0,1,1,0,1,1
27600240,,0,0.000003,69,0.000007,0,1,1,0,1,1
26910568,,0,0.000003,69,0.000007,0,1,1,0,1,1
29259271,,0,0.000002,100,0.000007,0,1,1,0,1,1
28923351,,0,0.000002,100,0.000007,0,1,1,0,1,1
28848710,,0,0.000002,100,0.000007,0,1,1,0,1,1
28725634,,0,0.000002,90,0.000007,0,2,2,0,2,2
28603693,,0,0.000002,90,0.000007,0,2,2,0,2,2
28516063,,0,0.000002,90,0.000007,0,2,2,0,2,2
28443244,,0,0.000002,100,0.000007,0,1,1,0,1,1
28073595,,0,0.000002,100,0.000007,0,1,1,0,1,1
27884701,,0,0.000002,100,0.000007,0,1,1,0,1,1
27649160,,0,0.000002,100,0.000007,0,1,1,0,1,1
27147743,,0,0.000002,100,0.000007,0,1,1,0,1,1
26161362,,0,0.000002,100,0.000007,0,1,1,0,1,1
26030763,,0,0.000002,100,0.000007,0,1,1,0,1,1
25897426,,0,0.000002,100,0.000007,0,1,1,0,1,1
25647260,,0.00015,0,1,0.000007,1,0,1,1,0,1
29950894,,0,0.000015,232,0.000007,0,1,1,0,1,1
29660231,,0,0.000015,232,0.000007,0,1,1,0,1,1
29556360,,0,0.000015,232,0.000007,0,1,1,0,1,1
29262850,,0,0.000015,232,0.000007,0,1,1,0,1,1
28818333,,0,0.000015,232,0.000007,0,1,1,0,1,1
27235476,,0,0.000015,232,0.000007,0,1,1,0,1,1
27118659,,0,0.000294,232,0.000007,0,2,2,0,2,2
26691213,,0,0.000015,232,0.000007,0,1,1,0,1,1
25652403,,0.000129,0,89,0.000007,1,0,1,1,0,1
27111245,,0,0.000008,241,0.000007,0,2,2,0,2,2
29503905,,0,0.000007,1,0.000007,0,1,1,0,1,1
25665554,,0.000378,0,1,0.000042,4,0,4,4,0,4
30134570,,0,0.000006,35,0.000007,0,1,1,0,1,1
29888762,,0,0.000006,35,0.000007,0,1,1,0,1,1
29621649,,0,0.00008,35,0.000007,0,2,2,0,2,2
29412880,,0,0.000006,35,0.000007,0,1,1,0,1,1
29042792,,0,0.000006,35,0.000007,0,1,1,0,1,1
28718407,,0,0.000006,35,0.000007,0,1,1,0,1,1
28692037,,0,0.000006,35,0.000007,0,1,1,0,1,1
28658303,,0,0.000006,35,0.000007,0,1,1,0,1,1
28423566,,0,0.000006,35,0.000007,0,2,2,0,2,2
28218233,,0,0.000006,35,0.000007,0,1,1,0,1,1
27485598,,0,0.000006,35,0.000007,0,1,1,0,1,1
27441007,,0,0.000006,35,0.000007,0,1,1,0,1,1
27386863,,0,0.000006,35,0.000007,0,1,1,0,1,1
26936823,,0,0.000006,35,0.000007,0,1,1,0,1,1
26429872,,0,0.000006,35,0.000007,0,1,1,0,1,1
30214589,,0,0.000004,89,0.000007,0,1,1,0,1,1
25678442,,0.00019,0,89,0.000014,3,0,3,3,0,3
29950564,,0,0.000001,5,0.000007,0,1,1,0,1,1
29352368,,0,0.000001,5,0.000007,0,1,1,0,1,1
28488344,,0,0.000016,5,0.000007,0,3,3,0,3,3
27711920,,0,0.000001,5,0.000007,0,1,1,0,1,1
30073149,,0,0.000023,72,0.000007,0,1,1,0,1,1
30038508,,0,0.000023,72,0.000007,0,1,1,0,1,1
29968728,,0,0.000023,72,0.000007,0,1,1,0,1,1
29439916,,0,0.000023,72,0.000007,0,1,1,0,1,1
29245927,,0,0.000023,72,0.000007,0,1,1,0,1,1
29190800,,0,0.000023,72,0.000007,0,1,1,0,1,1
28933369,,0,0.000023,72,0.000007,0,4,4,0,4,4
28544151,,0,0.000023,72,0.000007,0,1,1,0,1,1
28348226,,0,0.000023,72,0.000007,0,1,1,0,1,1
27212032,,0,0.000023,72,0.000007,0,1,1,0,1,1
26833707,,0,0.000023,72,0.000007,0,1,1,0,1,1
26617740,,0,0.000023,72,0.000007,0,1,1,0,1,1
25682074,,0.00359,0,35,0.00002,24,0,24,24,0,24
27862926,,0,0.000002,140,0.000007,0,1,1,0,1,1
26283699,,0,0.000002,140,0.000007,0,1,1,0,1,1
27721917,,0,0.000015,1,0.000007,0,1,1,0,1,1
25686112,,0.000325,0,35,0.000009,2,0,2,2,0,2
28893228,,0,0,82,0.000007,0,1,1,0,1,1
27221653,,0,0,82,0.000007,0,1,1,0,1,1
26921248,,0,0,82,0.000007,0,1,1,0,1,1
25692405,,0.000242,0,176,0.000023,5,0,5,5,0,5
26947017,,0,0.000005,176,0.000007,0,1,1,0,1,1
26115037,,0,0.000005,176,0.000007,0,1,1,0,1,1
29844843,,0,0.000004,35,0.000007,0,1,1,0,1,1
27431653,,0,0.000004,35,0.000007,0,1,1,0,1,1
26823874,,0,0.000004,35,0.000007,0,1,1,0,1,1
29657305,,0,0.000052,72,0.000007,0,1,1,0,1,1
29497062,,0,0.000264,69,0.000007,0,2,2,0,2,2
29289567,,0,0.000052,72,0.000007,0,1,1,0,1,1
29248492,,0,0.000052,72,0.000007,0,1,1,0,1,1
29099315,,0,0.000052,72,0.000007,0,1,1,0,1,1
29074626,,0,0.000052,72,0.000007,0,1,1,0,1,1
28973905,,0,0.000052,72,0.000007,0,1,1,0,1,1
28790157,,0,0.000052,72,0.000007,0,1,1,0,1,1
28765160,,0,0.000101,72,0.000007,0,2,2,0,2,2
28594954,,0,0.000052,72,0.000007,0,1,1,0,1,1
28341774,,0,0.000052,72,0.000007,0,1,1,0,1,1
28257700,,0,0.000052,72,0.000007,0,1,1,0,1,1
28199841,,0,0.000052,72,0.000007,0,1,1,0,1,1
27974823,,0,0.000052,72,0.000007,0,1,1,0,1,1
27700226,,0,0.000052,72,0.000007,0,1,1,0,1,1
27431763,,0,0.000052,72,0.000007,0,1,1,0,1,1
27408690,,0,0.000052,72,0.000007,0,1,1,0,1,1
27284201,,0,0.000052,72,0.000007,0,1,1,0,1,1
27035147,,0,0.000052,72,0.000007,0,1,1,0,1,1
26833086,,0,0.000052,72,0.000007,0,1,1,0,1,1
26579211,,0,0.000052,72,0.000007,0,1,1,0,1,1
26231220,,0,0.000052,72,0.000007,0,1,1,0,1,1
29561704,,0,0,35,0.000007,0,1,1,0,1,1
29088870,,0,0,35,0.000007,0,1,1,0,1,1
25706666,,0.000142,0,69,0.00001,1,0,1,1,0,1
25708226,,0.006575,0,1,0.000066,32,0,32,32,0,32
29928326,,0,0.000125,1,0.000007,0,1,1,0,1,1
28454371,,0,0.000353,1,0.000007,0,2,2,0,2,2
27831000,,0,0.000125,1,0.000007,0,1,1,0,1,1
27447570,,0,0.000513,1,0.000007,0,2,2,0,2,2
27390608,,0,0.000445,205,0.000007,0,3,3,0,3,3
27275478,,0,0.000445,205,0.000007,0,3,3,0,3,3
26798437,,0,0.000445,205,0.000007,0,3,3,0,3,3
26601108,,0,0.000125,1,0.000007,0,1,1,0,1,1
26598704,,0,0.000125,1,0.000007,0,1,1,0,1,1
30320184,,0,0.000012,69,0.000007,0,1,1,0,1,1
25710852,,0.000652,0,69,0.000032,8,0,8,8,0,8
29387451,,0,0.000012,69,0.000007,0,1,1,0,1,1
27483433,,0,0.000012,69,0.000007,0,1,1,0,1,1
25711630,,0.000928,0,1,0.000014,3,0,3,3,0,3
27942267,,0,0.000018,1,0.000007,0,1,1,0,1,1
29620604,,0,0.000018,5,0.000007,0,2,2,0,2,2
29168005,,0,0.000009,5,0.000007,0,1,1,0,1,1
28894332,,0,0.00001,5,0.000007,0,2,2,0,2,2
28275900,,0,0.000009,5,0.000007,0,1,1,0,1,1
26902100,,0,0.000009,5,0.000007,0,1,1,0,1,1
26711328,,0,0.000005,89,0.000007,0,1,1,0,1,1
27925480,,0,0.000007,5,0.000007,0,3,3,0,3,3
25714301,,0.000113,0,5,0.000018,5,0,5,5,0,5
26603870,,0,0.000004,5,0.000007,0,2,2,0,2,2
30463539,,0,0.000279,205,0.000007,0,1,1,0,1,1
30428899,,0,0.000279,205,0.000007,0,1,1,0,1,1
30406144,,0,0.000279,205,0.000007,0,1,1,0,1,1
30400836,,0,0.000279,205,0.000007,0,1,1,0,1,1
30364837,,0,0.000279,205,0.000007,0,1,1,0,1,1
30326968,,0,0.000279,205,0.000007,0,1,1,0,1,1
30271501,,0,0.000279,205,0.000007,0,1,1,0,1,1
30254185,,0,0.001195,1,0.000007,0,3,3,0,3,3
30250431,,0,0.000279,205,0.000007,0,1,1,0,1,1
30245304,,0,0.000279,205,0.000007,0,1,1,0,1,1
30232338,,0,0.000279,205,0.000007,0,1,1,0,1,1
30228296,,0,0.000279,205,0.000007,0,1,1,0,1,1
30158932,,0,0.000279,205,0.000007,0,1,1,0,1,1
30135716,,0,0.000279,205,0.000007,0,1,1,0,1,1
30116990,,0,0.000279,205,0.000007,0,1,1,0,1,1
30104284,,0,0.001224,69,0.000007,0,3,3,0,3,3
30092011,,0,0.000279,205,0.000007,0,1,1,0,1,1
30065108,,0,0.000279,205,0.000007,0,1,1,0,1,1
30043132,,0,0.000279,205,0.000007,0,1,1,0,1,1
30018740,,0,0.000279,205,0.000007,0,1,1,0,1,1
30014851,,0,0.000279,205,0.000007,0,1,1,0,1,1
30010625,,0,0.000279,205,0.000007,0,1,1,0,1,1
30006524,,0,0.000279,205,0.000007,0,1,1,0,1,1
29962812,,0,0.000279,205,0.000007,0,1,1,0,1,1
29945562,,0,0.000279,205,0.000007,0,1,1,0,1,1
29941723,,0,0.000279,205,0.000007,0,1,1,0,1,1
29934552,,0,0.000279,205,0.000007,0,1,1,0,1,1
29899868,,0,0.000279,205,0.000007,0,1,1,0,1,1
29896283,,0,0.000279,205,0.000007,0,1,1,0,1,1
29891488,,0,0.000279,205,0.000007,0,1,1,0,1,1
29872505,,0,0.000279,205,0.000007,0,1,1,0,1,1
29865155,,0,0.000279,205,0.000007,0,1,1,0,1,1
29853732,,0,0.000279,205,0.000007,0,1,1,0,1,1
29853643,,0,0.000283,205,0.000007,0,2,2,0,2,2
29845225,,0,0.000279,205,0.000007,0,1,1,0,1,1
29843660,,0,0.000279,205,0.000007,0,1,1,0,1,1
29804324,,0,0.001011,69,0.000007,0,2,2,0,2,2
29785074,,0,0.000279,205,0.000007,0,1,1,0,1,1
29757973,,0,0.000279,205,0.000007,0,1,1,0,1,1
29748571,,0,0.000279,205,0.000007,0,1,1,0,1,1
29737600,,0,0.000279,205,0.000007,0,1,1,0,1,1
29697368,,0,0.000279,205,0.000007,0,1,1,0,1,1
29670543,,0,0.000279,205,0.000007,0,1,1,0,1,1
29670173,,0,0.000279,205,0.000007,0,1,1,0,1,1
29669760,,0,0.000279,205,0.000007,0,1,1,0,1,1
29657983,,0,0.000279,205,0.000007,0,1,1,0,1,1
29632710,,0,0.000279,205,0.000007,0,1,1,0,1,1
29625049,,0,0.000431,1,0.000007,0,4,4,0,4,4
29620272,,0,0.000279,205,0.000007,0,1,1,0,1,1
29615514,,0,0.000279,205,0.000007,0,1,1,0,1,1
29599906,,0,0.000279,205,0.000007,0,1,1,0,1,1
29568081,,0,0.000279,205,0.000007,0,1,1,0,1,1
29556511,,0,0.000279,205,0.000007,0,1,1,0,1,1
29541683,,0,0.000282,205,0.000007,0,2,2,0,2,2
29537309,,0,0.000279,205,0.000007,0,1,1,0,1,1
29533787,,0,0.000279,205,0.000007,0,2,2,0,2,2
29533667,,0,0.000279,205,0.000007,0,1,1,0,1,1
29515771,,0,0.000279,205,0.000007,0,1,1,0,1,1
29486633,,0,0.000292,69,0.000007,0,2,2,0,2,2
29467962,,0,0.000279,205,0.000007,0,1,1,0,1,1
29464100,,0,0.000283,205,0.000007,0,2,2,0,2,2
29434907,,0,0.000279,205,0.000007,0,1,1,0,1,1
29416754,,0,0.000279,205,0.000007,0,1,1,0,1,1
29387692,,0,0.000279,205,0.000007,0,1,1,0,1,1
29386037,,0,0.000279,205,0.000007,0,1,1,0,1,1
29382042,,0,0.00032,205,0.000007,0,2,2,0,2,2
29367463,,0,0.000279,205,0.000007,0,1,1,0,1,1
29367431,,0,0.000283,205,0.000007,0,2,2,0,2,2
29364867,,0,0.000282,205,0.000007,0,2,2,0,2,2
29356532,,0,0.000279,205,0.000007,0,1,1,0,1,1
29349096,,0,0.000279,205,0.000007,0,1,1,0,1,1
29345757,,0,0.000595,69,0.000007,0,3,3,0,3,3
29341164,,0,0.00032,205,0.000007,0,2,2,0,2,2
29341146,,0,0.000279,205,0.000007,0,1,1,0,1,1
29321190,,0,0.000279,205,0.000007,0,1,1,0,1,1
29320538,,0,0.001011,69,0.000007,0,2,2,0,2,2
29303405,,0,0.000279,205,0.000007,0,1,1,0,1,1
29301364,,0,0.000279,205,0.000007,0,1,1,0,1,1
29288237,,0,0.00075,205,0.000007,0,7,7,0,7,7
29285214,,0,0.000279,205,0.000007,0,1,1,0,1,1
29282151,,0,0.000328,205,0.000007,0,2,2,0,2,2
29279356,,0,0.000279,205,0.000007,0,1,1,0,1,1
29239017,,0,0.000279,205,0.000007,0,1,1,0,1,1
29229669,,0,0.000279,205,0.000007,0,1,1,0,1,1
29228650,,0,0.000279,205,0.000007,0,1,1,0,1,1
29216209,,0,0.000279,205,0.000007,0,1,1,0,1,1
29212173,,0,0.000279,205,0.000007,0,1,1,0,1,1
29208713,,0,0.000279,205,0.000007,0,1,1,0,1,1
29203823,,0,0.000353,1,0.000007,0,2,2,0,2,2
29161242,,0,0.000279,205,0.000007,0,1,1,0,1,1
29158787,,0,0.000279,205,0.000007,0,1,1,0,1,1
29156694,,0,0.000279,205,0.000007,0,1,1,0,1,1
29153842,,0,0.000279,205,0.000007,0,1,1,0,1,1
29152071,,0,0.000279,205,0.000007,0,1,1,0,1,1
29115978,,0,0.000499,140,0.000007,0,3,3,0,3,3
29110683,,0,0.000279,205,0.000007,0,1,1,0,1,1
29085438,,0,0.000305,205,0.000007,0,2,2,0,2,2
29080858,,0,0.000279,205,0.000007,0,1,1,0,1,1
29069873,,0,0.000279,205,0.000007,0,1,1,0,1,1
29063873,,0,0.000279,205,0.000007,0,1,1,0,1,1
29061961,,0,0.000279,205,0.000007,0,1,1,0,1,1
29057302,,0,0.000279,205,0.000007,0,1,1,0,1,1
29045505,,0,0.000279,205,0.000007,0,1,1,0,1,1
28957417,,0,0.000279,205,0.000007,0,1,1,0,1,1
28927421,,0,0.000279,205,0.000007,0,1,1,0,1,1
28915662,,0,0.000279,205,0.000007,0,1,1,0,1,1
28892048,,0,0.000279,205,0.000007,0,1,1,0,1,1
28881752,,0,0.000279,205,0.000007,0,1,1,0,1,1
28874546,,0,0.000279,205,0.000007,0,1,1,0,1,1
28794854,,0,0.000279,205,0.000007,0,1,1,0,1,1
28790031,,0,0.000279,205,0.000007,0,1,1,0,1,1
28757253,,0,0.000279,205,0.000007,0,1,1,0,1,1
28736626,,0,0.000279,205,0.000007,0,1,1,0,1,1
28720843,,0,0.000887,205,0.000007,0,2,2,0,2,2
28687745,,0,0.000279,205,0.000007,0,1,1,0,1,1
28685754,,0,0.000279,205,0.000007,0,1,1,0,1,1
28684632,,0,0.000279,205,0.000007,0,1,1,0,1,1
28679692,,0,0.000372,205,0.000007,0,2,2,0,2,2
28678832,,0,0.000279,205,0.000007,0,1,1,0,1,1
28671190,,0,0.000279,205,0.000007,0,1,1,0,1,1
28667006,,0,0.000279,205,0.000007,0,1,1,0,1,1
28659348,,0,0.000279,205,0.000007,0,1,1,0,1,1
28656074,,0,0.000279,205,0.000007,0,1,1,0,1,1
28630946,,0,0.000279,205,0.000007,0,1,1,0,1,1
28591720,,0,0.000279,205,0.000007,0,1,1,0,1,1
28500587,,0,0.000279,205,0.000007,0,1,1,0,1,1
28489577,,0,0.000283,205,0.000007,0,2,2,0,2,2
28481342,,0,0.000279,205,0.000007,0,1,1,0,1,1
28475592,,0,0.000279,205,0.000007,0,1,1,0,1,1
28449008,,0,0.000279,205,0.000007,0,1,1,0,1,1
28445954,,0,0.000279,205,0.000007,0,1,1,0,1,1
28423671,,0,0.000279,205,0.000007,0,1,1,0,1,1
28396636,,0,0.000279,205,0.000007,0,1,1,0,1,1
28392554,,0,0.000279,205,0.000007,0,1,1,0,1,1
28383565,,0,0.000279,205,0.000007,0,1,1,0,1,1
28381539,,0,0.000279,205,0.000007,0,1,1,0,1,1
28377511,,0,0.000279,205,0.000007,0,1,1,0,1,1
28369619,,0,0.000279,205,0.000007,0,1,1,0,1,1
28367231,,0,0.00032,205,0.000007,0,2,2,0,2,2
28348045,,0,0.000279,205,0.000007,0,1,1,0,1,1
28346421,,0,0.000279,205,0.000007,0,1,1,0,1,1
28344661,,0,0.000279,205,0.000007,0,1,1,0,1,1
28275007,,0,0.000279,205,0.000007,0,1,1,0,1,1
28188630,,0,0.000279,205,0.000007,0,1,1,0,1,1
28163917,,0,0.000279,205,0.000007,0,1,1,0,1,1
28145465,,0,0.000279,205,0.000007,0,1,1,0,1,1
28141826,,0,0.000279,205,0.000007,0,1,1,0,1,1
28138026,,0,0.000279,205,0.000007,0,1,1,0,1,1
28135258,,0,0.000279,205,0.000007,0,1,1,0,1,1
28100394,,0,0.000279,205,0.000007,0,1,1,0,1,1
28100393,,0,0.000279,205,0.000007,0,1,1,0,1,1
28098761,,0,0.000279,205,0.000007,0,1,1,0,1,1
28090514,,0,0.000279,205,0.000007,0,1,1,0,1,1
28082802,,0,0.000279,205,0.000007,0,1,1,0,1,1
28073890,,0,0.000279,205,0.000007,0,1,1,0,1,1
28056774,,0,0.000492,69,0.000007,0,2,2,0,2,2
28031255,,0,0.000279,205,0.000007,0,1,1,0,1,1
28030829,,0,0.000279,205,0.000007,0,1,1,0,1,1
28028924,,0,0.00032,205,0.000007,0,2,2,0,2,2
28025978,,0,0.001011,69,0.000007,0,2,2,0,2,2
27999365,,0,0.000279,205,0.000007,0,1,1,0,1,1
27999205,,0,0.000279,205,0.000007,0,1,1,0,1,1
27994495,,0,0.000279,205,0.000007,0,1,1,0,1,1
27991930,,0,0.000279,205,0.000007,0,1,1,0,1,1
27896637,,0,0.000279,205,0.000007,0,1,1,0,1,1
27895743,,0,0.000279,205,0.000007,0,1,1,0,1,1
27845911,,0,0.00032,205,0.000007,0,2,2,0,2,2
27841659,,0,0.000279,205,0.000007,0,1,1,0,1,1
27811314,,0,0.000279,205,0.000007,0,1,1,0,1,1
27800600,,0,0.000279,205,0.000007,0,1,1,0,1,1
27799657,,0,0.000279,205,0.000007,0,1,1,0,1,1
27788493,,0,0.000279,205,0.000007,0,1,1,0,1,1
27784960,,0,0.000279,205,0.000007,0,1,1,0,1,1
27782813,,0,0.000279,205,0.000007,0,1,1,0,1,1
27776346,,0,0.000279,205,0.000007,0,1,1,0,1,1
27747093,,0,0.000279,205,0.000007,0,1,1,0,1,1
27747087,,0,0.000279,205,0.000007,0,1,1,0,1,1
27747082,,0,0.00032,205,0.000007,0,2,2,0,2,2
27732578,,0,0.000279,205,0.000007,0,1,1,0,1,1
27713160,,0,0.000279,205,0.000007,0,1,1,0,1,1
27711078,,0,0.000279,205,0.000007,0,1,1,0,1,1
27705932,,0,0.000279,205,0.000007,0,1,1,0,1,1
27687306,,0,0.000279,205,0.000007,0,1,1,0,1,1
27667193,,0,0.000279,205,0.000007,0,1,1,0,1,1
27655713,,0,0.000279,205,0.000007,0,1,1,0,1,1
27642636,,0,0.000279,205,0.000007,0,1,1,0,1,1
27638352,,0,0.000279,205,0.000007,0,1,1,0,1,1
27637888,,0,0.000279,205,0.000007,0,1,1,0,1,1
27628540,,0,0.000286,205,0.000007,0,2,2,0,2,2
27588467,,0,0.000279,205,0.000007,0,1,1,0,1,1
27560551,,0,0.000279,205,0.000007,0,1,1,0,1,1
27559010,,0,0.000279,205,0.000007,0,1,1,0,1,1
27555909,,0,0.000279,205,0.000007,0,1,1,0,1,1
27471566,,0,0.000279,205,0.000007,0,1,1,0,1,1
27461042,,0,0.00033,205,0.000007,0,3,3,0,3,3
27454293,,0,0.000279,205,0.000007,0,1,1,0,1,1
27433916,,0,0.000279,205,0.000007,0,1,1,0,1,1
27418030,,0,0.000279,205,0.000007,0,1,1,0,1,1
27391266,,0,0.000279,205,0.000007,0,1,1,0,1,1
27384421,,0,0.000279,205,0.000007,0,1,1,0,1,1
27337224,,0,0.000279,205,0.000007,0,1,1,0,1,1
27325420,,0,0.000279,205,0.000007,0,1,1,0,1,1
27317099,,0,0.000279,205,0.000007,0,1,1,0,1,1
27314100,,0,0.000279,205,0.000007,0,1,1,0,1,1
27286454,,0,0.000279,205,0.000007,0,1,1,0,1,1
27282075,,0,0.000279,205,0.000007,0,1,1,0,1,1
27280691,,0,0.000279,205,0.000007,0,1,1,0,1,1
27280393,,0,0.000279,205,0.000007,0,1,1,0,1,1
27267807,,0,0.000279,205,0.000007,0,1,1,0,1,1
27259358,,0,0.000279,205,0.000007,0,1,1,0,1,1
27248578,,0,0.000279,205,0.000007,0,1,1,0,1,1
27203738,,0,0.000279,205,0.000007,0,1,1,0,1,1
27200288,,0,0.000279,205,0.000007,0,1,1,0,1,1
27144059,,0,0.000279,205,0.000007,0,1,1,0,1,1
27111337,,0,0.000279,205,0.000007,0,1,1,0,1,1
27096871,,0,0.000279,205,0.000007,0,1,1,0,1,1
27087319,,0,0.001011,69,0.000007,0,2,2,0,2,2
26941987,,0,0.000279,205,0.000007,0,1,1,0,1,1
26916719,,0,0.000289,205,0.000007,0,3,3,0,3,3
26909863,,0,0.000279,205,0.000007,0,1,1,0,1,1
26893390,,0,0.000279,205,0.000007,0,1,1,0,1,1
26884185,,0,0.000279,205,0.000007,0,1,1,0,1,1
26862489,,0,0.000279,205,0.000007,0,1,1,0,1,1
26845405,,0,0.000279,205,0.000007,0,1,1,0,1,1
26811657,,0,0.000279,205,0.000007,0,1,1,0,1,1
26753987,,0,0.000279,205,0.000007,0,1,1,0,1,1
26729287,,0,0.000279,205,0.000007,0,1,1,0,1,1
26727715,,0,0.000279,205,0.000007,0,1,1,0,1,1
26725216,,0,0.000279,205,0.000007,0,1,1,0,1,1
26723874,,0,0.000279,205,0.000007,0,1,1,0,1,1
26716649,,0,0.000279,205,0.000007,0,1,1,0,1,1
26715642,,0,0.000279,205,0.000007,0,1,1,0,1,1
26692759,,0,0.000279,205,0.000007,0,1,1,0,1,1
26681957,,0,0.000279,205,0.000007,0,1,1,0,1,1
26669280,,0,0.00032,205,0.000007,0,2,2,0,2,2
26555578,,0,0.000279,205,0.000007,0,1,1,0,1,1
26549996,,0,0.000279,205,0.000007,0,1,1,0,1,1
26534901,,0,0.000279,205,0.000007,0,1,1,0,1,1
26526068,,0,0.000279,205,0.000007,0,1,1,0,1,1
26501191,,0,0.000279,205,0.000007,0,1,1,0,1,1
26469962,,0,0.000279,205,0.000007,0,1,1,0,1,1
26447755,,0,0.000279,205,0.000007,0,1,1,0,1,1
26419819,,0,0.000279,205,0.000007,0,1,1,0,1,1
26390243,,0,0.000279,205,0.000007,0,1,1,0,1,1
26380006,,0,0.000279,205,0.000007,0,1,1,0,1,1
26217585,,0,0.000279,205,0.000007,0,1,1,0,1,1
26201994,,0,0.000279,205,0.000007,0,1,1,0,1,1
26178787,,0,0.000279,205,0.000007,0,1,1,0,1,1
26159697,,0,0.000279,205,0.000007,0,1,1,0,1,1
26143583,,0,0.000279,205,0.000007,0,1,1,0,1,1
26112412,,0,0.000279,205,0.000007,0,1,1,0,1,1
26025325,,0,0.000279,205,0.000007,0,1,1,0,1,1
25722380,,0.001413,0,1,0.000031,9,0,9,9,0,9
28626402,,0,0.000056,1,0.000007,0,3,3,0,3,3
26633559,,0,0.000027,1,0.000007,0,1,1,0,1,1
25725131,,0.008915,0,1,0.000028,27,0,27,27,0,27
29932615,,0,0,5,0.000007,0,3,3,0,3,3
28814333,,0,0,5,0.000007,0,1,1,0,1,1
25734415,,0.000124,0,5,0.000029,6,0,6,6,0,6
27805423,,0,0.000002,5,0.000007,0,1,1,0,1,1
27266558,,0,0.000002,5,0.000007,0,1,1,0,1,1
27147822,,0,0.000002,5,0.000007,0,1,1,0,1,1
25735359,,0.000004,0,89,0.000023,5,0,5,5,0,5
28547937,,0,0.000009,89,0.000007,0,2,2,0,2,2
28445984,,0,0,89,0.000007,0,1,1,0,1,1
28441792,,0,0.000009,89,0.000007,0,2,2,0,2,2
28240527,,0,0.000009,89,0.000007,0,2,2,0,2,2
28465631,,0,0.000001,1,0.000007,0,1,1,0,1,1
26726879,,0,0.000001,1,0.000007,0,1,1,0,1,1
25736863,,0.000209,0,35,0.000007,1,0,1,1,0,1
29625565,,0,0.000117,100,0.000007,0,2,2,0,2,2
29599201,,0,0.000117,100,0.000007,0,1,1,0,1,1
29018079,,0,0.00118,100,0.000007,0,3,3,0,3,3
28096241,,0,0.000117,100,0.000007,0,1,1,0,1,1
26873729,,0,0.000117,100,0.000007,0,1,1,0,1,1
29752474,,0,0.000003,100,0.000007,0,1,1,0,1,1
29540677,,0,0.000003,100,0.000007,0,1,1,0,1,1
29520156,,0,0.000003,100,0.000007,0,1,1,0,1,1
29163781,,0,0.000003,100,0.000007,0,1,1,0,1,1
26402517,,0,0.000003,100,0.000007,0,1,1,0,1,1
26344694,,0,0.000003,100,0.000007,0,1,1,0,1,1
27664137,,0,0,2,0.000007,0,1,1,0,1,1
29855751,,0,0,311,0.000007,0,1,1,0,1,1
25742137,,0,0,311,0.000073,11,0,11,11,0,11
29767106,,0,0,311,0.000007,0,1,1,0,1,1
28877233,,0,0,311,0.000007,0,1,1,0,1,1
28676681,,0,0,311,0.000007,0,1,1,0,1,1
28234021,,0,0,311,0.000007,0,1,1,0,1,1
28058257,,0,0,311,0.000007,0,1,1,0,1,1
27417816,,0,0,311,0.000007,0,1,1,0,1,1
27089367,,0,0,311,0.000007,0,1,1,0,1,1
27049643,,0,0,311,0.000007,0,1,1,0,1,1
27019618,,0,0,311,0.000007,0,1,1,0,1,1
26633480,,0,0,311,0.000007,0,1,1,0,1,1
28546712,,0,0.000001,82,0.000007,0,1,1,0,1,1
25746941,,0.000047,0,82,0.000016,3,0,3,3,0,3
27326657,,0,0.000006,82,0.000007,0,2,2,0,2,2
25747548,,0.00073,0,5,0.000032,10,0,10,10,0,10
29289548,,0,0.000014,5,0.000007,0,1,1,0,1,1
29181100,,0,0.000014,5,0.000007,0,1,1,0,1,1
28966657,,0,0.00003,5,0.000007,0,2,2,0,2,2
26343198,,0,0.000014,5,0.000007,0,1,1,0,1,1
29507500,,0,0.000111,1,0.000007,0,1,1,0,1,1
29276510,,0,0.000111,1,0.000007,0,1,1,0,1,1
29025585,,0.000008,0.000143,205,0.000014,2,4,6,2,4,6
26548958,,0,0.000111,1,0.000007,0,1,1,0,1,1
25752562,,0.000646,0,35,0.000056,13,0,13,13,0,13
30083268,,0,0.000012,35,0.000007,0,1,1,0,1,1
29880480,,0,0.000012,35,0.000007,0,1,1,0,1,1
29661186,,0,0.000012,35,0.000007,0,1,1,0,1,1
27267625,,0,0.000012,35,0.000007,0,1,1,0,1,1
26656374,,0,0.000012,35,0.000007,0,1,1,0,1,1
26396176,,0,0.000012,35,0.000007,0,1,1,0,1,1
26383236,,0,0.000012,35,0.000007,0,1,1,0,1,1
30498610,,0,0.000002,35,0.000007,0,1,1,0,1,1
30210685,,0,0.000002,35,0.000007,0,1,1,0,1,1
29447208,,0,0.000002,35,0.000007,0,1,1,0,1,1
28852377,,0,0.000002,35,0.000007,0,1,1,0,1,1
27713909,,0,0.000002,35,0.000007,0,1,1,0,1,1
27699028,,0,0.000002,35,0.000007,0,1,1,0,1,1
27009840,,0,0.000002,35,0.000007,0,1,1,0,1,1
26935534,,0,0.000002,35,0.000007,0,1,1,0,1,1
25756400,,0.000262,0,5,0.000007,1,0,1,1,0,1
29063813,,0,0,279,0.000007,0,1,1,0,1,1
28590739,,0,0,279,0.000007,0,1,1,0,1,1
29212265,,0,0.000041,1,0.000007,0,1,1,0,1,1
27859262,,0,0.000041,1,0.000007,0,1,1,0,1,1
26813108,,0,0.000041,1,0.000007,0,1,1,0,1,1
26645051,,0,0.000041,1,0.000007,0,1,1,0,1,1
29515635,,0,0,90,0.000007,0,1,1,0,1,1
25773855,,0,0,90,0.000053,8,0,8,8,0,8
28843263,,0.00001,0,90,0.000008,1,1,2,1,1,2
28032735,,0,0,90,0.000007,0,1,1,0,1,1
28027688,,0,0,90,0.000007,0,1,1,0,1,1
27703527,,0,0,90,0.000007,0,2,2,0,2,2
26858957,,0,0,90,0.000007,0,1,1,0,1,1
26823708,,0,0,90,0.000007,0,1,1,0,1,1
26773176,,0,0,90,0.000007,0,1,1,0,1,1
28875097,,0,0.000014,1,0.000007,0,1,1,0,1,1
30139209,,0,0.000005,89,0.000007,0,2,2,0,2,2
28612586,,0,0.000005,89,0.000007,0,1,1,0,1,1
29216528,,0,0,35,0.000007,0,1,1,0,1,1
25778335,,0.000008,0,35,0.000015,2,0,2,2,0,2
28856922,,0,0.00039,1,0.000007,0,1,1,0,1,1
25783183,,0.000827,0,279,0.000032,12,0,12,12,0,12
28507442,,0,0.000016,279,0.000007,0,1,1,0,1,1
26918058,,0,0.000016,279,0.000007,0,1,1,0,1,1
29385592,,0,0.000057,205,0.000007,0,3,3,0,3,3
25786861,,0.000004,0,5,0.000011,3,0,3,3,0,3
25788320,,0.002768,0,5,0.000016,18,0,18,18,0,18
26271034,,0,0.000005,279,0.000007,0,1,1,0,1,1
29159661,,0,0,5,0.000007,0,1,1,0,1,1
25792249,,0.000001,0,5,0.000016,3,0,3,3,0,3
30087259,,0,0,312,0.000007,0,1,1,0,1,1
25793490,,0,0,312,0.000025,3,0,3,3,0,3
29035189,,0,0,312,0.000007,0,1,1,0,1,1
27739138,,0,0,312,0.000007,0,1,1,0,1,1
25796377,,0.000136,0,5,0.000041,9,0,9,9,0,9
28794827,,0,0.000003,5,0.000007,0,1,1,0,1,1
28670510,,0,0.000003,5,0.000007,0,1,1,0,1,1
27655898,,0,0.000003,5,0.000007,0,1,1,0,1,1
27072541,,0,0.000003,5,0.000007,0,1,1,0,1,1
26675309,,0,0.000007,5,0.000007,0,3,3,0,3,3
30281878,,0,0.000003,241,0.000007,0,1,1,0,1,1
30142917,,0,0.000003,241,0.000007,0,1,1,0,1,1
29605721,,0,0.000093,1,0.000007,0,6,6,0,6,6
29285285,,0,0.000003,241,0.000007,0,1,1,0,1,1
29163824,,0,0.000003,241,0.000007,0,1,1,0,1,1
28937686,,0,0.000003,241,0.000007,0,1,1,0,1,1
28272969,,0,0.000015,241,0.000007,0,2,2,0,2,2
28259183,,0,0.000003,241,0.000007,0,1,1,0,1,1
27213006,,0,0.000003,241,0.000007,0,1,1,0,1,1
27029070,,0,0.000003,241,0.000007,0,1,1,0,1,1
30293785,,0,0.000387,100,0.000007,0,1,1,0,1,1
30111544,,0,0.000387,100,0.000007,0,1,1,0,1,1
29440180,,0,0.000387,100,0.000007,0,1,1,0,1,1
29411511,,0,0.000387,100,0.000007,0,1,1,0,1,1
29360267,,0,0.000388,137,0.000007,0,2,2,0,2,2
28887307,,0,0.000387,100,0.000007,0,1,1,0,1,1
28416484,,0,0.000387,100,0.000007,0,1,1,0,1,1
28330620,,0,0.000387,100,0.000007,0,1,1,0,1,1
27500492,,0,0.000413,100,0.000007,0,2,2,0,2,2
27198228,,0,0.000387,100,0.000007,0,1,1,0,1,1
26902288,,0,0.000387,100,0.000007,0,1,1,0,1,1
26697843,,0,0.000387,100,0.000007,0,1,1,0,1,1
26381412,,0,0.000387,100,0.000007,0,1,1,0,1,1
26330220,,0,0.000387,100,0.000007,0,1,1,0,1,1
25896508,,0,0.000387,100,0.000007,0,1,1,0,1,1
30288061,,0,0.000009,69,0.000007,0,1,1,0,1,1
25800746,,0.000466,0,69,0.000246,45,0,45,45,0,45
30026854,,0,0.000009,69,0.000007,0,1,1,0,1,1
30019841,,0,0.000009,69,0.000007,0,1,1,0,1,1
29986541,,0,0.000009,69,0.000007,0,1,1,0,1,1
29912172,,0,0.000009,69,0.000007,0,2,2,0,2,2
29896231,,0,0.000009,69,0.000007,0,1,1,0,1,1
29715309,,0,0.000022,69,0.000007,0,2,2,0,2,2
29659721,,0,0.000009,69,0.000007,0,1,1,0,1,1
29340065,,0,0.000009,69,0.000007,0,1,1,0,1,1
29333164,,0,0.000009,69,0.000007,0,1,1,0,1,1
29212244,,0,0.000022,69,0.000007,0,2,2,0,2,2
29137328,,0,0.000009,69,0.000007,0,1,1,0,1,1
28938616,,0,0.000009,69,0.000007,0,1,1,0,1,1
28860540,,0,0.000009,69,0.000007,0,1,1,0,1,1
28793054,,0,0.000009,69,0.000007,0,1,1,0,1,1
28706206,,0,0.000009,69,0.000007,0,1,1,0,1,1
28634418,,0,0.000009,69,0.000007,0,1,1,0,1,1
28503069,,0,0.000009,69,0.000007,0,1,1,0,1,1
28472271,,0,0.000009,69,0.000007,0,1,1,0,1,1
28252647,,0,0.000009,69,0.000007,0,1,1,0,1,1
28194033,,0,0.000009,69,0.000007,0,1,1,0,1,1
28187158,,0,0.000022,69,0.000007,0,2,2,0,2,2
28184916,,0,0.000009,69,0.000007,0,1,1,0,1,1
28152521,,0,0.000009,69,0.000007,0,1,1,0,1,1
27992375,,0,0.000009,69,0.000007,0,1,1,0,1,1
27966444,,0,0.000009,69,0.000007,0,1,1,0,1,1
27902487,,0,0.000009,69,0.000007,0,1,1,0,1,1
27899613,,0,0.000009,69,0.000007,0,1,1,0,1,1
27634882,,0,0.000009,69,0.000007,0,1,1,0,1,1
27580177,,0,0.000009,69,0.000007,0,1,1,0,1,1
27538394,,0,0.000009,69,0.000007,0,1,1,0,1,1
27528026,,0,0.000009,69,0.000007,0,1,1,0,1,1
27517149,,0,0.000009,69,0.000007,0,1,1,0,1,1
27322142,,0,0.000009,69,0.000007,0,1,1,0,1,1
27229531,,0,0.000009,69,0.000007,0,1,1,0,1,1
26819413,,0,0.000009,69,0.000007,0,1,1,0,1,1
26556995,,0,0.000009,69,0.000007,0,1,1,0,1,1
26492393,,0,0.000009,69,0.000007,0,1,1,0,1,1
26481356,,0,0.000009,69,0.000007,0,1,1,0,1,1
26424084,,0,0.000009,69,0.000007,0,1,1,0,1,1
29630047,,0,0.00004,205,0.000007,0,2,2,0,2,2
29471589,,0,0.00004,205,0.000007,0,2,2,0,2,2
29398872,,0,0.000072,205,0.000007,0,3,3,0,3,3
28415711,,0,0.00004,205,0.000007,0,2,2,0,2,2
28275538,,0,0.000082,205,0.000007,0,5,5,0,5,5
28065930,,0,0.000025,205,0.000007,0,1,1,0,1,1
27782820,,0,0.00004,205,0.000007,0,2,2,0,2,2
27774772,,0,0.00004,205,0.000007,0,2,2,0,2,2
28694494,,0,0,5,0.000007,0,1,1,0,1,1
30133564,,0,0.000001,100,0.000007,0,1,1,0,1,1
28708084,,0,0.000001,100,0.000007,0,1,1,0,1,1
28357382,,0,0.000001,100,0.000007,0,1,1,0,1,1
28107544,,0,0.000001,100,0.000007,0,1,1,0,1,1
27147749,,0,0.000001,100,0.000007,0,1,1,0,1,1
25805039,,0.000003,0,279,0.000032,7,0,7,7,0,7
28943958,,0,0.000001,279,0.000007,0,2,2,0,2,2
28845434,,0,0.000001,279,0.000007,0,2,2,0,2,2
28377568,,0,0,279,0.000007,0,1,1,0,1,1
27347936,,0,0,279,0.000007,0,1,1,0,1,1
28456114,,0,0,24,0.000007,0,1,1,0,1,1
28388903,,0,0,24,0.000007,0,1,1,0,1,1
28035236,,0,0,24,0.000007,0,1,1,0,1,1
27903974,,0,0,24,0.000007,0,1,1,0,1,1
27835593,,0,0,279,0.000007,0,2,2,0,2,2
25808098,,0.000204,0,5,0.000011,5,0,5,5,0,5
27654169,,0,0.000003,313,0.000007,0,1,1,0,1,1
25811344,,0.000174,0,313,0.000027,4,0,4,4,0,4
26858943,,0,0.000003,313,0.000007,0,1,1,0,1,1
26714839,,0,0.000003,313,0.000007,0,1,1,0,1,1
25813728,,0.000098,0,5,0.000007,1,0,1,1,0,1
29152060,,0,0.00002,1,0.000007,0,2,2,0,2,2
26675256,,0,0.000001,100,0.000007,0,1,1,0,1,1
29212614,,0,0.000835,1,0.000007,0,2,2,0,2,2
28182794,,0,0.000575,1,0.000007,0,1,1,0,1,1
27077006,,0,0.000575,1,0.000007,0,1,1,0,1,1
26929788,,0,0.000575,1,0.000007,0,1,1,0,1,1
29687293,,0,0.000003,35,0.000007,0,1,1,0,1,1
28938116,,0,0.000003,35,0.000007,0,1,1,0,1,1
28056857,,0,0.000003,35,0.000007,0,1,1,0,1,1
26926363,,0,0.000003,35,0.000007,0,1,1,0,1,1
26167915,,0,0.000003,35,0.000007,0,1,1,0,1,1
25820931,,0.000334,0,5,0.000017,8,0,8,8,0,8
30134164,,0,0.000024,140,0.000007,0,1,1,0,1,1
30073413,,0,0.000045,140,0.000007,0,2,2,0,2,2
29961567,,0,0.000024,140,0.000007,0,1,1,0,1,1
29706350,,0,0.000024,140,0.000007,0,1,1,0,1,1
29505936,,0,0.000024,140,0.000007,0,1,1,0,1,1
29269382,,0,0.000045,140,0.000007,0,2,2,0,2,2
29097404,,0,0.000024,140,0.000007,0,1,1,0,1,1
28784151,,0,0.000024,140,0.000007,0,1,1,0,1,1
28751422,,0,0.000024,140,0.000007,0,1,1,0,1,1
28652265,,0,0.000024,140,0.000007,0,1,1,0,1,1
28542158,,0,0.000024,140,0.000007,0,1,1,0,1,1
28487536,,0,0.000024,140,0.000007,0,1,1,0,1,1
28475858,,0,0.000031,140,0.000007,0,2,2,0,2,2
28340351,,0,0.000024,140,0.000007,0,1,1,0,1,1
28262665,,0,0.000024,140,0.000007,0,1,1,0,1,1
28236241,,0,0.000024,140,0.000007,0,1,1,0,1,1
28213901,,0,0.000024,140,0.000007,0,1,1,0,1,1
28095902,,0,0.000024,140,0.000007,0,1,1,0,1,1
28092658,,0,0.000024,140,0.000007,0,1,1,0,1,1
28007883,,0,0.000024,140,0.000007,0,1,1,0,1,1
27959955,,0,0.000024,140,0.000007,0,1,1,0,1,1
27749844,,0,0.000024,140,0.000007,0,1,1,0,1,1
27694911,,0,0.000024,140,0.000007,0,1,1,0,1,1
27563054,,0,0.000024,140,0.000007,0,1,1,0,1,1
27545677,,0,0.000024,140,0.000007,0,1,1,0,1,1
27380265,,0,0.000024,140,0.000007,0,1,1,0,1,1
27270695,,0,0.000024,140,0.000007,0,1,1,0,1,1
27029732,,0,0.000024,140,0.000007,0,1,1,0,1,1
26779844,,0,0.000024,140,0.000007,0,1,1,0,1,1
26543197,,0,0.000024,140,0.000007,0,1,1,0,1,1
26404267,,0,0.000024,140,0.000007,0,1,1,0,1,1
26351682,,0,0.000024,140,0.000007,0,1,1,0,1,1
29416683,,0,0.000006,1,0.000007,0,1,1,0,1,1
27725203,,0,0.000006,1,0.000007,0,1,1,0,1,1
30054559,,0,0.000089,5,0.000007,0,8,8,0,8,8
25824734,,0.000002,0,5,0.000014,2,0,2,2,0,2
27188720,,0,0,5,0.000007,0,1,1,0,1,1
27509177,,0,0.000021,1,0.000007,0,1,1,0,1,1
27396759,,0,0.000021,1,0.000007,0,1,1,0,1,1
28414223,,0,0.000004,82,0.000007,0,1,1,0,1,1
27941671,,0,0.000004,82,0.000007,0,1,1,0,1,1
27697861,,0,0.000004,82,0.000007,0,1,1,0,1,1
27556700,,0,0.000004,82,0.000007,0,1,1,0,1,1
27471616,,0,0.000004,82,0.000007,0,1,1,0,1,1
27097020,,0,0.000004,82,0.000007,0,1,1,0,1,1
26979828,,0,0.000004,82,0.000007,0,1,1,0,1,1
26300886,,0,0.000004,82,0.000007,0,1,1,0,1,1
26071895,,0,0.000004,82,0.000007,0,1,1,0,1,1
25833210,,0.000019,0,100,0.000007,1,0,1,1,0,1
30305635,,0,0.000274,100,0.000007,0,1,1,0,1,1
29379165,,0.000001,0.000274,279,0.000012,2,3,5,2,3,5
29367758,,0,0.000274,100,0.000007,0,1,1,0,1,1
29231811,,0,0.000274,100,0.000007,0,1,1,0,1,1
29225334,,0,0.000274,100,0.000007,0,1,1,0,1,1
29207658,,0,0.000274,100,0.000007,0,1,1,0,1,1
28602639,,0,0.000296,100,0.000007,0,2,2,0,2,2
28423184,,0,0.000274,100,0.000007,0,1,1,0,1,1
28336516,,0,0.000274,100,0.000007,0,1,1,0,1,1
28154196,,0,0.000274,100,0.000007,0,1,1,0,1,1
28009302,,0,0.000274,100,0.000007,0,1,1,0,1,1
27924011,,0,0.000274,100,0.000007,0,1,1,0,1,1
27895503,,0,0.000274,100,0.000007,0,1,1,0,1,1
27829157,,0,0.000274,100,0.000007,0,1,1,0,1,1
27671650,,0,0.000274,100,0.000007,0,1,1,0,1,1
27156117,,0,0.000274,100,0.000007,0,1,1,0,1,1
26936927,,0,0.000274,100,0.000007,0,1,1,0,1,1
26113531,,0,0.000274,100,0.000007,0,1,1,0,1,1
29137312,,0,0.000003,35,0.000007,0,1,1,0,1,1
26668786,,0,0.000003,35,0.000007,0,1,1,0,1,1
25834950,,0.000053,0,5,0.000029,8,0,8,8,0,8
28357777,,0,0.000001,5,0.000007,0,1,1,0,1,1
27533720,,0,0.000001,5,0.000007,0,1,1,0,1,1
26928896,,0,0.000001,5,0.000007,0,1,1,0,1,1
26185535,,0,0,314,0.000007,0,1,1,0,1,1
25835055,,0,0,314,0.000013,1,0,1,1,0,1
29289706,,0,0.00001,100,0.000007,0,1,1,0,1,1
30474062,,0,0,315,0.000007,0,1,1,0,1,1
25839702,,0,0,315,0.000025,3,0,3,3,0,3
29071011,,0,0,315,0.000007,0,1,1,0,1,1
28067760,,0,0,315,0.000007,0,1,1,0,1,1
28282966,,0,0.000005,1,0.000007,0,1,1,0,1,1
26247201,,0,0.000005,1,0.000007,0,1,1,0,1,1
30081903,,0,0,24,0.000007,0,1,1,0,1,1
25843419,,0,0,24,0.000064,10,0,10,10,0,10
29725482,,0,0,24,0.000007,0,1,1,0,1,1
27766776,,0,0,24,0.000007,0,1,1,0,1,1
27588477,,0,0,24,0.000007,0,1,1,0,1,1
27429587,,0,0,24,0.000007,0,1,1,0,1,1
27391433,,0,0,24,0.000007,0,1,1,0,1,1
27196599,,0,0,24,0.000007,0,1,1,0,1,1
27182202,,0,0,24,0.000007,0,1,1,0,1,1
27051307,,0,0,24,0.000007,0,1,1,0,1,1
29378733,,0,0.000508,1,0.000007,0,4,4,0,4,4
29229854,,0,0.000178,1,0.000007,0,1,1,0,1,1
28930112,,0,0.000233,1,0.000007,0,3,3,0,3,3
27147578,,0,0.000363,1,0.000007,0,4,4,0,4,4
26503674,,0,0.000178,1,0.000007,0,1,1,0,1,1
30066497,,0,0.00025,1,0.000007,0,1,1,0,1,1
29311117,,0,0.00025,1,0.000007,0,1,1,0,1,1
29100507,,0,0.00025,1,0.000007,0,1,1,0,1,1
28881649,,0,0.000265,1,0.000007,0,3,3,0,3,3
28261651,,0,0.00025,1,0.000007,0,1,1,0,1,1
26961349,,0,0.00025,1,0.000007,0,1,1,0,1,1
26733551,,0,0.00025,1,0.000007,0,1,1,0,1,1
26580554,,0,0.000258,1,0.000007,0,2,2,0,2,2
30197937,,0,0.000003,89,0.000007,0,1,1,0,1,1
29977508,,0,0.000003,89,0.000007,0,1,1,0,1,1
29849939,,0,0.000003,89,0.000007,0,1,1,0,1,1
28871133,,0,0.000003,89,0.000007,0,1,1,0,1,1
26215581,,0,0.000003,89,0.000007,0,1,1,0,1,1
29931698,,0,0.000212,231,0.000007,0,1,1,0,1,1
29095564,,0,0.000212,231,0.000007,0,1,1,0,1,1
30254746,,0,0.000004,205,0.000007,0,1,1,0,1,1
25853369,,0.000185,0,205,0.000043,12,0,12,12,0,12
30050787,,0,0.000004,205,0.000007,0,1,1,0,1,1
29574408,,0,0.00003,205,0.000007,0,2,2,0,2,2
29213099,,0,0.000004,205,0.000007,0,1,1,0,1,1
26516428,,0,0.000004,205,0.000007,0,1,1,0,1,1
28070503,,0,0.000035,1,0.000007,0,1,1,0,1,1
27678269,,0,0.000035,1,0.000007,0,1,1,0,1,1
29495584,,0,0,279,0.000007,0,1,1,0,1,1
29291617,,0,0,279,0.000007,0,1,1,0,1,1
27433284,,0,0,279,0.000007,0,1,1,0,1,1
27136348,,0,0,279,0.000007,0,1,1,0,1,1
29785193,,0,0,316,0.000007,0,1,1,0,1,1
25862863,,0,0,316,0.000013,1,0,1,1,0,1
25862976,,0.000673,0,69,0.000018,5,0,5,5,0,5
28152500,,0,0.000013,69,0.000007,0,1,1,0,1,1
30440007,,0,0.000013,89,0.000007,0,1,1,0,1,1
25863477,,0.00068,0,89,0.000025,15,0,15,15,0,15
27042107,,0,0.000013,89,0.000007,0,1,1,0,1,1
30358133,,0,0,1,0.000007,0,1,1,0,1,1
29125478,,0,0,1,0.000007,0,1,1,0,1,1
28653032,,0,0,1,0.000007,0,1,1,0,1,1
26416451,,0,0,1,0.000007,0,1,1,0,1,1
28493366,,0,0.000029,1,0.000007,0,1,1,0,1,1
30301934,,0,0,265,0.000007,0,1,1,0,1,1
29113992,,0,0,265,0.000007,0,1,1,0,1,1
28884116,,0,0.000228,265,0.000007,0,2,2,0,2,2
27999200,,0,0,265,0.000007,0,1,1,0,1,1
25878326,,0.000017,0,279,0.000007,1,0,1,1,0,1
25879355,,0.000222,0,279,0.000014,3,0,3,3,0,3
26722530,,0,0.000004,279,0.000007,0,1,1,0,1,1
30085889,,0,0.000001,5,0.000007,0,1,1,0,1,1
29719429,,0,0.000001,5,0.000007,0,1,1,0,1,1
27411856,,0,0.000001,5,0.000007,0,1,1,0,1,1
27223079,,0,0.000006,279,0.000007,0,1,1,0,1,1
30121591,,0,0,184,0.000007,0,1,1,0,1,1
29307395,,0,0,89,0.000007,0,2,2,0,2,2
29263816,,0,0,184,0.000007,0,1,1,0,1,1
28696997,,0,0,184,0.000007,0,1,1,0,1,1
28486688,,0,0,184,0.000007,0,1,1,0,1,1
28439417,,0,0,184,0.000007,0,1,1,0,1,1
28287188,,0,0,184,0.000007,0,1,1,0,1,1
27864361,,0,0,184,0.000007,0,1,1,0,1,1
27386839,,0,0,184,0.000007,0,1,1,0,1,1
26596960,,0,0,184,0.000007,0,1,1,0,1,1
30510456,,0,0.000008,1,0.000007,0,1,1,0,1,1
30105068,,0,0.000008,1,0.000007,0,1,1,0,1,1
30083054,,0,0.000008,1,0.000007,0,1,1,0,1,1
29869379,,0,0.000008,1,0.000007,0,1,1,0,1,1
29786170,,0,0.000008,1,0.000007,0,1,1,0,1,1
29039514,,0,0.000008,1,0.000007,0,1,1,0,1,1
29688867,,0,0.000028,1,0.000007,0,1,1,0,1,1
29299156,,0,0.000028,1,0.000007,0,1,1,0,1,1
28928835,,0,0.000028,1,0.000007,0,1,1,0,1,1
27224913,,0,0.000028,1,0.000007,0,1,1,0,1,1
30118176,,0,0.00002,1,0.000007,0,1,1,0,1,1
29942385,,0,0,338,0.000007,0,1,1,0,1,1
25884734,,0,0,338,0.000028,4,0,4,4,0,4
28858236,,0,0,338,0.000007,0,2,2,0,2,2
28672780,,0,0,338,0.000007,0,1,1,0,1,1
28094255,,0,0,338,0.000007,0,1,1,0,1,1
28811974,,0,0.000009,5,0.000007,0,1,1,0,1,1
25893891,,0.000472,0,5,0.000021,6,0,6,6,0,6
26784235,,0,0.000009,5,0.000007,0,1,1,0,1,1
30373632,,0,0.000024,5,0.000007,0,1,1,0,1,1
25896959,,0.001237,0,5,0.000026,12,0,12,12,0,12
29498666,,0,0.000028,5,0.000007,0,3,3,0,3,3
27499173,,0,0.000024,5,0.000007,0,1,1,0,1,1
30386126,,0,0.00004,205,0.000007,0,1,1,0,1,1
25896973,,0.002111,0,205,0.000126,41,0,41,41,0,41
30138725,,0,0.00004,205,0.000007,0,1,1,0,1,1
30008944,,0,0.00004,205,0.000007,0,1,1,0,1,1
29901627,,0,0.000043,205,0.000007,0,2,2,0,2,2
29765563,,0,0.00004,205,0.000007,0,1,1,0,1,1
28988195,,0,0.00004,205,0.000007,0,1,1,0,1,1
28836511,,0,0.00004,205,0.000007,0,1,1,0,1,1
28405930,,0,0.00004,205,0.000007,0,1,1,0,1,1
28280626,,0,0.000049,205,0.000007,0,2,2,0,2,2
27610011,,0,0.00004,205,0.000007,0,1,1,0,1,1
27225028,,0,0.00004,205,0.000007,0,1,1,0,1,1
26962861,,0,0.00004,205,0.000007,0,1,1,0,1,1
25899311,,0.00141,0,35,0.000024,8,0,8,8,0,8
28599493,,0,0.000027,35,0.000007,0,1,1,0,1,1
27610220,,0,0.000027,35,0.000007,0,2,2,0,2,2
25900837,,0.000099,0,35,0.000021,3,0,3,3,0,3
28097141,,0,0.000002,35,0.000007,0,1,1,0,1,1
27058760,,0,0.000002,35,0.000007,0,1,1,0,1,1
25905441,,0.000297,0,5,0.000011,6,0,6,6,0,6
30417120,,0,0,100,0.000007,0,1,1,0,1,1
30151928,,0,0,100,0.000007,0,1,1,0,1,1
29743234,,0,0,100,0.000007,0,1,1,0,1,1
28556566,,0,0,100,0.000007,0,1,1,0,1,1
28266506,,0,0,100,0.000007,0,1,1,0,1,1
26543161,,0,0,100,0.000007,0,1,1,0,1,1
28373964,,0,0,24,0.000007,0,1,1,0,1,1
28148392,,0,0,24,0.000007,0,1,1,0,1,1
25914073,,0.000111,0,69,0.000017,8,0,8,8,0,8
28636420,,0,0.000033,100,0.000007,0,2,2,0,2,2
30226545,,0,0.00002,1,0.000007,0,1,1,0,1,1
30106959,,0,0.000026,231,0.000007,0,2,2,0,2,2
25920394,,0.000332,0,5,0.000045,5,0,5,5,0,5
26837529,,0.000076,0.000006,317,0.000044,7,1,8,7,1,8
29658570,,0,0,24,0.000007,0,1,1,0,1,1
29164061,,0,0,231,0.000007,0,1,1,0,1,1
30220968,,0,0.000002,1,0.000007,0,1,1,0,1,1
30027463,,0,0.000002,1,0.000007,0,1,1,0,1,1
29696079,,0,0.000002,1,0.000007,0,1,1,0,1,1
29113183,,0,0.000002,1,0.000007,0,1,1,0,1,1
28699810,,0,0.000002,1,0.000007,0,1,1,0,1,1
28025492,,0,0.000002,1,0.000007,0,1,1,0,1,1
27476653,,0,0.000017,89,0.000007,0,1,1,0,1,1
29098159,,0,0.000004,5,0.000007,0,1,1,0,1,1
27376115,,0,0.000004,5,0.000007,0,1,1,0,1,1
26164840,,0,0.000004,5,0.000007,0,1,1,0,1,1
29978608,,0,0.000001,1,0.000007,0,1,1,0,1,1
29294106,,0,0.000001,1,0.000007,0,1,1,0,1,1
27885275,,0,0.000001,1,0.000007,0,1,1,0,1,1
27741524,,0,0.000001,1,0.000007,0,1,1,0,1,1
27259260,,0,0.00023,1,0.000007,0,2,2,0,2,2
25936246,,0.000078,0,279,0.000021,7,0,7,7,0,7
25937263,,0.000927,0,1,0.000016,4,0,4,4,0,4
28432642,,0,0.000018,1,0.000007,0,3,3,0,3,3
26543374,,0,0,231,0.000007,0,1,1,0,1,1
25940717,,0.004878,0,205,0.000043,37,0,37,37,0,37
29564181,,0,0.000131,205,0.000007,0,2,2,0,2,2
29670218,,0,0,318,0.000007,0,1,1,0,1,1
25942654,,0,0,318,0.000031,4,0,4,4,0,4
28643088,,0,0,318,0.000007,0,1,1,0,1,1
28595591,,0,0,318,0.000007,0,1,1,0,1,1
28572510,,0,0,318,0.000007,0,1,1,0,1,1
25944041,,0.000031,0,82,0.000008,1,0,1,1,0,1
29914420,,0,0.000013,231,0.000007,0,3,3,0,3,3
29100281,,0,0.000011,231,0.000007,0,1,1,0,1,1
28373211,,0,0.000011,231,0.000007,0,1,1,0,1,1
27859906,,0,0.000011,231,0.000007,0,1,1,0,1,1
27248010,,0,0.000011,231,0.000007,0,1,1,0,1,1
27102625,,0,0.000011,231,0.000007,0,1,1,0,1,1
26877874,,0,0.000011,231,0.000007,0,1,1,0,1,1
26387136,,0,0.000011,231,0.000007,0,1,1,0,1,1
29581779,,0,0.000025,89,0.000007,0,1,1,0,1,1
27079684,,0,0.000041,279,0.000007,0,3,3,0,3,3
28737175,,0,0.000003,5,0.000007,0,1,1,0,1,1
26353933,,0,0.000001,231,0.000007,0,1,1,0,1,1
30301213,,0,0.000022,232,0.000007,0,1,1,0,1,1
29229903,,0,0.000022,232,0.000007,0,1,1,0,1,1
29163445,,0,0.000022,232,0.000007,0,1,1,0,1,1
28282287,,0,0.000022,232,0.000007,0,1,1,0,1,1
26553068,,0,0.000022,232,0.000007,0,1,1,0,1,1
25956865,,0.000622,0,100,0.000008,4,0,4,4,0,4
28260016,,0,0,319,0.000007,0,1,1,0,1,1
25960189,,0,0,319,0.000013,1,0,1,1,0,1
28978191,,0,0.000005,5,0.000007,0,1,1,0,1,1
28559460,,0,0.000005,5,0.000007,0,1,1,0,1,1
26320188,,0,0.000005,5,0.000007,0,1,1,0,1,1
25960718,,0,0.000007,5,0.000007,0,3,3,0,3,3
29364829,,0,0,35,0.000007,0,1,1,0,1,1
27721651,,0,0,35,0.000007,0,1,1,0,1,1
26576432,,0,0,35,0.000007,0,1,1,0,1,1
26141719,,0,0,35,0.000007,0,1,1,0,1,1
29996673,,0,0,1,0.000007,0,1,1,0,1,1
29426293,,0,0,1,0.000007,0,1,1,0,1,1
29156714,,0,0,1,0.000007,0,1,1,0,1,1
25964535,,0.000027,0,279,0.000016,3,0,3,3,0,3
29212471,,0,0.000001,279,0.000007,0,1,1,0,1,1
26690195,,0,0,320,0.000007,0,1,1,0,1,1
25964547,,0,0,320,0.000013,1,0,1,1,0,1
29413756,,0,0.000005,5,0.000007,0,2,2,0,2,2
29097344,,0,0.000005,5,0.000007,0,2,2,0,2,2
28914599,,0,0.000004,5,0.000007,0,1,1,0,1,1
28816987,,0,0.000004,5,0.000007,0,1,1,0,1,1
28806712,,0,0.000005,5,0.000007,0,2,2,0,2,2
28708462,,0,0.000004,5,0.000007,0,1,1,0,1,1
28256898,,0,0.000004,5,0.000007,0,1,1,0,1,1
28177554,,0,0.000004,5,0.000007,0,1,1,0,1,1
28073839,,0,0.000004,5,0.000007,0,1,1,0,1,1
27895314,,0,0.000004,5,0.000007,0,1,1,0,1,1
27552842,,0,0.000004,5,0.000007,0,1,1,0,1,1
27379544,,0,0.000004,5,0.000007,0,1,1,0,1,1
26945421,,0,0.000004,5,0.000007,0,1,1,0,1,1
26462852,,0,0.000005,5,0.000007,0,2,2,0,2,2
26959007,,0,0,35,0.000007,0,1,1,0,1,1
24467529,,0,0,35,0.000007,0,1,1,0,1,1
27941886,,0,0.000001,35,0.000007,0,1,1,0,1,1
27147566,,0,0.000001,35,0.000007,0,1,1,0,1,1
25971130,,0.000159,0,89,0.000007,1,0,1,1,0,1
30097994,,0,0,321,0.000007,0,1,1,0,1,1
25971328,,0,0,321,0.000055,8,0,8,8,0,8
29535542,,0,0,321,0.000007,0,1,1,0,1,1
29381912,,0,0,321,0.000007,0,1,1,0,1,1
29200876,,0,0,321,0.000007,0,1,1,0,1,1
28740455,,0,0,321,0.000007,0,1,1,0,1,1
28415651,,0,0,321,0.000007,0,1,1,0,1,1
27124062,,0,0,321,0.000007,0,1,1,0,1,1
26683358,,0,0,321,0.000007,0,1,1,0,1,1
25971625,,0.001245,0,35,0.000009,4,0,4,4,0,4
25975349,,0.000486,0,1,0.000013,5,0,5,5,0,5
28870998,,0,0.000009,72,0.000007,0,2,2,0,2,2
25977238,,0.000003,0,205,0.000019,3,0,3,3,0,3
27101000,,0,0,205,0.000007,0,1,1,0,1,1
30023090,,0,0,279,0.000007,0,1,1,0,1,1
25979846,,0.000005,0,279,0.000122,20,0,20,20,0,20
30008600,,0,0,279,0.000007,0,1,1,0,1,1
29850181,,0,0,279,0.000007,0,1,1,0,1,1
29701689,,0,0,279,0.000007,0,1,1,0,1,1
29200597,,0,0,279,0.000007,0,1,1,0,1,1
29165150,,0,0,279,0.000007,0,1,1,0,1,1
29072053,,0,0,279,0.000007,0,1,1,0,1,1
28828031,,0,0,279,0.000007,0,1,1,0,1,1
28757678,,0,0,279,0.000007,0,1,1,0,1,1
28558669,,0,0,279,0.000007,0,1,1,0,1,1
28403901,,0,0,279,0.000007,0,1,1,0,1,1
28377727,,0,0,279,0.000007,0,1,1,0,1,1
28103581,,0,0,279,0.000007,0,1,1,0,1,1
27867540,,0,0,279,0.000007,0,1,1,0,1,1
27769044,,0,0,279,0.000007,0,1,1,0,1,1
27713145,,0,0,279,0.000007,0,1,1,0,1,1
27259231,,0,0,279,0.000007,0,1,1,0,1,1
27080907,,0,0,279,0.000007,0,1,1,0,1,1
26961782,,0,0,279,0.000007,0,1,1,0,1,1
29485237,,0,0.000367,205,0.000007,0,7,7,0,7,7
28944238,,0,0.000025,205,0.000007,0,1,1,0,1,1
28685475,,0,0.000025,205,0.000007,0,1,1,0,1,1
28489507,,0,0.000025,205,0.000007,0,1,1,0,1,1
27696107,,0,0.000078,205,0.000007,0,3,3,0,3,3
26873718,,0,0.000025,205,0.000007,0,1,1,0,1,1
26609516,,0,0.000025,205,0.000007,0,1,1,0,1,1
25980896,,0.000012,0,5,0.000009,2,0,2,2,0,2
29344242,,0,0,1,0.000007,0,1,1,0,1,1
25981734,,0.000002,0,1,0.000014,2,0,2,2,0,2
28056859,,0,0.000079,1,0.000007,0,5,5,0,5,5
27538498,,0,0.000001,1,0.000007,0,1,1,0,1,1
28521821,,0,0.000001,5,0.000007,0,1,1,0,1,1
25987085,,0.000007,0,231,0.000008,1,0,1,1,0,1
25987697,,0.001928,0,205,0.000013,6,0,6,6,0,6
26270146,,0,0,322,0.000007,0,1,1,0,1,1
25988596,,0,0,322,0.000013,1,0,1,1,0,1
29781035,,0,0.000002,82,0.000007,0,1,1,0,1,1
29435009,,0,0.000002,82,0.000007,0,1,1,0,1,1
27849024,,0,0.000002,82,0.000007,0,1,1,0,1,1
27689332,,0,0.000002,82,0.000007,0,1,1,0,1,1
27295951,,0,0.000002,82,0.000007,0,1,1,0,1,1
27121919,,0,0.000002,82,0.000007,0,1,1,0,1,1
29940998,,0,0.000002,168,0.000007,0,1,1,0,1,1
29186613,,0,0.000002,168,0.000007,0,1,1,0,1,1
25993149,,0.003157,0,1,0.000012,10,0,10,10,0,10
25993174,,0.000107,0,35,0.00002,4,0,4,4,0,4
27713847,,0,0.000002,35,0.000007,0,1,1,0,1,1
25993238,,0.000023,0,231,0.000039,8,0,8,8,0,8
29361820,,0,0,231,0.000007,0,1,1,0,1,1
28914763,,0,0,231,0.000007,0,1,1,0,1,1
28177503,,0,0.000001,231,0.000007,0,2,2,0,2,2
27892664,,0,0,231,0.000007,0,1,1,0,1,1
27759819,,0,0,231,0.000007,0,1,1,0,1,1
27617055,,0,0.000009,231,0.000007,0,2,2,0,2,2
30046226,,0,0.000018,137,0.000007,0,1,1,0,1,1
25995421,,0.00092,0,137,0.000018,4,0,4,4,0,4
30154887,,0,0.000001,100,0.000007,0,1,1,0,1,1
30111735,,0,0.000001,100,0.000007,0,1,1,0,1,1
26004055,,0.000018,0,205,0.000008,1,0,1,1,0,1
26240829,,0,0.000087,1,0.000007,0,1,1,0,1,1
26004342,,0,0,90,0.000028,4,0,4,4,0,4
27197872,,0,0,90,0.000007,0,1,1,0,1,1
27088073,,0,0,90,0.000007,0,1,1,0,1,1
26454883,,0,0,90,0.000007,0,1,1,0,1,1
26006067,,0.001908,0,1,0.000023,7,0,7,7,0,7
29137393,,0,0.000036,1,0.000007,0,1,1,0,1,1
28243113,,0,0.000036,1,0.000007,0,1,1,0,1,1
26006218,,0.00002,0,90,0.000007,1,0,1,1,0,1
26010302,,0.000146,0,100,0.000008,3,0,3,3,0,3
28960945,,0,0,367,0.000007,0,1,1,0,1,1
28823399,,0,0,367,0.000007,0,1,1,0,1,1
29755676,,0,0.000218,66,0.000007,0,2,2,0,2,2
27925203,,0,0.000008,66,0.000007,0,2,2,0,2,2
26832770,,0,0.000005,66,0.000007,0,1,1,0,1,1
26497122,,0,0.000005,66,0.000007,0,1,1,0,1,1
26426580,,0,0.000005,66,0.000007,0,1,1,0,1,1
29122777,,0,0.001148,1,0.000007,0,3,3,0,3,3
26017449,,0.038378,0,69,0.000427,194,0,194,194,0,194
30327465,,0,0.001071,69,0.000007,0,4,4,0,4,4
30263935,,0,0.000732,69,0.000007,0,1,1,0,1,1
30223016,,0,0.000732,69,0.000007,0,1,1,0,1,1
30041675,,0,0.000732,69,0.000007,0,1,1,0,1,1
29681456,,0,0.000732,69,0.000007,0,1,1,0,1,1
29662608,,0,0.000739,69,0.000007,0,3,3,0,3,3
29531130,,0,0.000751,69,0.000007,0,2,2,0,2,2
29357823,,0,0.000732,69,0.000007,0,1,1,0,1,1
29339491,,0,0.000732,69,0.000007,0,1,1,0,1,1
29259186,,0,0.000732,69,0.000007,0,1,1,0,1,1
29228656,,0,0.000732,69,0.000007,0,1,1,0,1,1
28810143,,0,0.000944,69,0.000007,0,2,2,0,2,2
28634229,,0,0.000732,69,0.000007,0,1,1,0,1,1
28541529,,0,0.000732,69,0.000007,0,1,1,0,1,1
28438473,,0,0.000732,69,0.000007,0,1,1,0,1,1
28424988,,0,0.000732,69,0.000007,0,1,1,0,1,1
28408976,,0,0.000732,69,0.000007,0,1,1,0,1,1
28110020,,0,0.000732,69,0.000007,0,1,1,0,1,1
28032595,,0,0.000732,69,0.000007,0,1,1,0,1,1
28027312,,0,0.000732,69,0.000007,0,1,1,0,1,1
27856756,,0,0.000732,69,0.000007,0,1,1,0,1,1
27852700,,0,0.000732,69,0.000007,0,1,1,0,1,1
27582427,,0,0.000732,69,0.000007,0,1,1,0,1,1
27466355,,0,0.000732,69,0.000007,0,1,1,0,1,1
27449090,,0,0.000732,69,0.000007,0,1,1,0,1,1
27417679,,0,0.000732,69,0.000007,0,1,1,0,1,1
27358387,,0,0.000732,69,0.000007,0,1,1,0,1,1
27340778,,0,0.000732,69,0.000007,0,1,1,0,1,1
27206315,,0,0.000732,69,0.000007,0,1,1,0,1,1
27148588,,0,0.000732,69,0.000007,0,1,1,0,1,1
27012847,,0,0.000732,69,0.000007,0,1,1,0,1,1
26755558,,0,0.000732,69,0.000007,0,1,1,0,1,1
26240217,,0,0.000732,69,0.000007,0,1,1,0,1,1
26213845,,0,0.000732,69,0.000007,0,1,1,0,1,1
26022348,,0.00099,0,205,0.000011,6,0,6,6,0,6
26022977,,0.000111,0,5,0.00001,3,0,3,3,0,3
29285848,,0,0.000006,205,0.000007,0,1,1,0,1,1
29118424,,0,0.000014,205,0.000007,0,2,2,0,2,2
28488681,,0,0.000006,205,0.000007,0,1,1,0,1,1
27148568,,0,0.000006,205,0.000007,0,1,1,0,1,1
27019227,,0,0.000006,205,0.000007,0,1,1,0,1,1
26872967,,0,0.000006,205,0.000007,0,1,1,0,1,1
28204492,,0,0.000014,231,0.000007,0,2,2,0,2,2
26540230,,0,0.000005,231,0.000007,0,1,1,0,1,1
26025266,,0.000185,0,205,0.000009,2,0,2,2,0,2
26026075,,0.000042,0,35,0.000014,2,0,2,2,0,2
26872740,,0,0.000001,35,0.000007,0,1,1,0,1,1
28695526,,0,0.000001,100,0.000007,0,1,1,0,1,1
28209968,,0,0.000001,100,0.000007,0,1,1,0,1,1
27940576,,0,0.000001,100,0.000007,0,1,1,0,1,1
27900027,,0,0.000001,100,0.000007,0,1,1,0,1,1
27626181,,0,0.000001,100,0.000007,0,1,1,0,1,1
26028024,,0.000021,0,89,0.000015,4,0,4,4,0,4
27894357,,0,0,89,0.000007,0,1,1,0,1,1
30106131,,0,0,279,0.000007,0,1,1,0,1,1
26028645,,0.000009,0,279,0.000057,11,0,11,11,0,11
29983647,,0,0,279,0.000007,0,1,1,0,1,1
29268318,,0,0,279,0.000007,0,1,1,0,1,1
28811897,,0,0,279,0.000007,0,1,1,0,1,1
27855439,,0,0,279,0.000007,0,1,1,0,1,1
27756884,,0,0,279,0.000007,0,1,1,0,1,1
27098511,,0,0,279,0.000007,0,1,1,0,1,1
29976206,,0,0,231,0.000007,0,1,1,0,1,1
26036150,,0.000024,0,89,0.000007,1,0,1,1,0,1
26041759,,0.000156,0,205,0.000016,4,0,4,4,0,4
27843123,,0,0.000003,205,0.000007,0,1,1,0,1,1
29721309,,0,0.000006,69,0.000007,0,1,1,0,1,1
28920005,,0,0.000006,69,0.000007,0,1,1,0,1,1
27855669,,0,0.000006,69,0.000007,0,1,1,0,1,1
26147301,,0,0.000006,69,0.000007,0,1,1,0,1,1
27421653,,0,0,90,0.000007,0,1,1,0,1,1
30108928,,0,0.000006,100,0.000007,0,1,1,0,1,1
28852024,,0,0.000006,100,0.000007,0,1,1,0,1,1
27807597,,0,0.000006,100,0.000007,0,1,1,0,1,1
27680669,,0,0.000006,100,0.000007,0,1,1,0,1,1
30480095,,0,0.000003,35,0.000007,0,1,1,0,1,1
30149613,,0,0.000003,35,0.000007,0,1,1,0,1,1
27625573,,0,0.000003,35,0.000007,0,1,1,0,1,1
26067930,,0.000167,0,205,0.000008,2,0,2,2,0,2
27100743,,0,0.000009,1,0.000007,0,1,1,0,1,1
26071757,,0.001548,0,231,0.000012,11,0,11,11,0,11
29307001,,0,0.00003,1,0.000007,0,1,1,0,1,1
27394382,,0,0.00003,1,0.000007,0,1,1,0,1,1
27822414,,0,0,69,0.000007,0,1,1,0,1,1
26722257,,0,0,323,0.000007,0,1,1,0,1,1
26076776,,0,0,323,0.000013,1,0,1,1,0,1
27385214,,0,0,1,0.000007,0,1,1,0,1,1
29780595,,0,0,82,0.000007,0,1,1,0,1,1
26083618,,0,0,82,0.000073,12,0,12,12,0,12
29204446,,0,0,82,0.000007,0,1,1,0,1,1
29160937,,0,0,82,0.000007,0,1,1,0,1,1
29154194,,0,0,82,0.000007,0,1,1,0,1,1
28978119,,0,0,82,0.000007,0,2,2,0,2,2
28061475,,0,0,82,0.000007,0,1,1,0,1,1
27672285,,0,0,82,0.000007,0,1,1,0,1,1
27167065,,0,0,82,0.000007,0,1,1,0,1,1
26950183,,0,0,82,0.000007,0,1,1,0,1,1
26602923,,0,0,82,0.000007,0,1,1,0,1,1
26552593,,0,0,82,0.000007,0,1,1,0,1,1
26086567,,0.000973,0,5,0.00001,4,0,4,4,0,4
26087898,,0.000126,0,66,0.000112,20,0,20,20,0,20
29590641,,0,0.000002,66,0.000007,0,1,1,0,1,1
29456718,,0,0.000002,66,0.000007,0,1,1,0,1,1
29444910,,0,0.000002,66,0.000007,0,1,1,0,1,1
29212165,,0,0.000002,66,0.000007,0,1,1,0,1,1
29160297,,0,0.000002,66,0.000007,0,1,1,0,1,1
29146887,,0,0.000003,66,0.000007,0,2,2,0,2,2
28811299,,0,0.000002,66,0.000007,0,1,1,0,1,1
28504695,,0,0.000002,66,0.000007,0,1,1,0,1,1
28231263,,0,0.000002,66,0.000007,0,1,1,0,1,1
28186979,,0,0.000002,66,0.000007,0,1,1,0,1,1
28042953,,0,0.000002,66,0.000007,0,1,1,0,1,1
27742788,,0,0.000002,66,0.000007,0,1,1,0,1,1
27418145,,0,0.000002,66,0.000007,0,1,1,0,1,1
27411289,,0,0.000002,66,0.000007,0,1,1,0,1,1
27148486,,0,0.000002,66,0.000007,0,1,1,0,1,1
27057362,,0,0.000002,66,0.000007,0,1,1,0,1,1
26413978,,0,0.000002,66,0.000007,0,1,1,0,1,1
29339359,,0,0,35,0.000007,0,1,1,0,1,1
28507802,,0,0,35,0.000007,0,1,1,0,1,1
28503176,,0,0,35,0.000007,0,1,1,0,1,1
26660518,,0,0,35,0.000007,0,1,1,0,1,1
27836013,,0,0.000008,205,0.000007,0,1,1,0,1,1
26092709,,0.000067,0,90,0.000035,6,0,6,6,0,6
29183891,,0,0.000001,90,0.000007,0,1,1,0,1,1
28386324,,0,0.000001,90,0.000007,0,1,1,0,1,1
27551485,,0,0.000001,90,0.000007,0,1,1,0,1,1
26720338,,0,0.000001,90,0.000007,0,1,1,0,1,1
30089825,,0,0.0001,5,0.000007,0,6,6,0,6,6
26094658,,0.000726,0,5,0.000016,9,0,9,9,0,9
26094681,,0.000127,0,89,0.000019,3,0,3,3,0,3
29796183,,0,0.000002,89,0.000007,0,1,1,0,1,1
28748001,,0,0.000001,5,0.000007,0,1,1,0,1,1
26617826,,0,0.000001,5,0.000007,0,1,1,0,1,1
29540829,,0,0,265,0.000007,0,1,1,0,1,1
26517194,,0,0,265,0.000007,0,1,1,0,1,1
30367041,,0,0.000006,205,0.000007,0,1,1,0,1,1
30301786,,0,0.000006,205,0.000007,0,1,1,0,1,1
30286619,,0,0.000006,205,0.000007,0,1,1,0,1,1
30206226,,0,0.000006,205,0.000007,0,1,1,0,1,1
30192808,,0,0.000006,205,0.000007,0,1,1,0,1,1
29930735,,0,0.000006,205,0.000007,0,1,1,0,1,1
29844832,,0,0.000006,205,0.000007,0,1,1,0,1,1
29800239,,0,0.000006,205,0.000007,0,1,1,0,1,1
29721051,,0,0.000006,205,0.000007,0,1,1,0,1,1
29440233,,0,0.000006,205,0.000007,0,1,1,0,1,1
29422604,,0,0.000006,205,0.000007,0,1,1,0,1,1
29339420,,0,0.000006,205,0.000007,0,1,1,0,1,1
29168174,,0,0.000006,205,0.000007,0,1,1,0,1,1
29033906,,0,0.000006,205,0.000007,0,1,1,0,1,1
28963353,,0,0.000006,205,0.000007,0,1,1,0,1,1
28954281,,0,0.000006,205,0.000007,0,1,1,0,1,1
28903383,,0,0.000006,205,0.000007,0,1,1,0,1,1
28881607,,0,0.000006,205,0.000007,0,1,1,0,1,1
28807841,,0,0.000006,205,0.000007,0,1,1,0,1,1
28637795,,0,0.000006,205,0.000007,0,1,1,0,1,1
28634199,,0,0.000006,205,0.000007,0,1,1,0,1,1
28607084,,0,0.000006,205,0.000007,0,1,1,0,1,1
28556564,,0,0.000006,205,0.000007,0,1,1,0,1,1
28470677,,0,0.000006,205,0.000007,0,1,1,0,1,1
28366734,,0,0.000006,205,0.000007,0,1,1,0,1,1
28272475,,0,0.000006,205,0.000007,0,1,1,0,1,1
28214253,,0,0.000006,205,0.000007,0,1,1,0,1,1
28197536,,0,0.000006,205,0.000007,0,1,1,0,1,1
27818175,,0,0.000056,205,0.000007,0,2,2,0,2,2
27780823,,0,0.000006,205,0.000007,0,1,1,0,1,1
27723720,,0,0.000006,205,0.000007,0,1,1,0,1,1
27601467,,0,0.000006,205,0.000007,0,1,1,0,1,1
27577070,,0,0.000006,205,0.000007,0,1,1,0,1,1
27486979,,0,0.000006,205,0.000007,0,1,1,0,1,1
27197284,,0,0.000006,205,0.000007,0,1,1,0,1,1
26656477,,0,0.000006,205,0.000007,0,1,1,0,1,1
27887657,,0,0.000077,1,0.000007,0,1,1,0,1,1
27340920,,0,0.000923,1,0.000007,0,2,2,0,2,2
27340177,,0,0.00008,205,0.000007,0,2,2,0,2,2
29578371,,0,0.000077,100,0.000007,0,1,1,0,1,1
29491129,,0,0.000077,100,0.000007,0,1,1,0,1,1
27137936,,0,0.000077,100,0.000007,0,1,1,0,1,1
29072052,,0,0.000009,89,0.000007,0,1,1,0,1,1
28413418,,0,0.000009,89,0.000007,0,1,1,0,1,1
26111740,,0.000154,0,5,0.000008,1,0,1,1,0,1
26118501,,0.000222,0,1,0.000008,1,0,1,1,0,1
26122843,,0.000776,0,69,0.000025,8,0,8,8,0,8
28473707,,0,0.000015,69,0.000007,0,1,1,0,1,1
28455291,,0,0.000015,69,0.000007,0,1,1,0,1,1
26123645,,0,0,69,0.000012,2,0,2,2,0,2
26124328,,0.00044,0,1,0.000013,2,0,2,2,0,2
28837152,,0,0.000008,1,0.000007,0,1,1,0,1,1
26124332,,0.000066,0,324,0.000025,4,0,4,4,0,4
28927070,,0,0.000001,324,0.000007,0,1,1,0,1,1
26823826,,0,0.000001,324,0.000007,0,1,1,0,1,1
26126051,,0.000283,0,69,0.000008,2,0,2,2,0,2
30175056,,0,0,184,0.000007,0,1,1,0,1,1
28845050,,0,0,184,0.000007,0,2,2,0,2,2
27248769,,0,0,184,0.000007,0,1,1,0,1,1
26943918,,0,0,184,0.000007,0,1,1,0,1,1
26132389,,0.000784,0,89,0.00001,2,0,2,2,0,2
30257675,,0,0.000001,35,0.000007,0,1,1,0,1,1
26132471,,0.000034,0,35,0.000075,17,0,17,17,0,17
30060537,,0,0.000001,35,0.000007,0,1,1,0,1,1
29951643,,0,0.000001,35,0.000007,0,1,1,0,1,1
29755654,,0,0.000001,35,0.000007,0,1,1,0,1,1
29410603,,0,0.000001,35,0.000007,0,1,1,0,1,1
29052509,,0,0.000001,35,0.000007,0,1,1,0,1,1
28903382,,0,0.000001,35,0.000007,0,1,1,0,1,1
28589430,,0,0.000001,35,0.000007,0,1,1,0,1,1
30498398,,0,0.000005,279,0.000007,0,1,1,0,1,1
30250529,,0,0.000005,279,0.000007,0,1,1,0,1,1
30049386,,0,0.000005,279,0.000007,0,1,1,0,1,1
29749535,,0,0.000005,279,0.000007,0,1,1,0,1,1
29656435,,0,0.000005,279,0.000007,0,1,1,0,1,1
29624814,,0,0.000005,279,0.000007,0,1,1,0,1,1
28445945,,0,0.000005,279,0.000007,0,1,1,0,1,1
28115792,,0,0.000005,279,0.000007,0,1,1,0,1,1
27634930,,0,0.000005,279,0.000007,0,1,1,0,1,1
27484806,,0,0.000005,279,0.000007,0,1,1,0,1,1
27005669,,0,0.000005,279,0.000007,0,1,1,0,1,1
29552220,,0,0,35,0.000007,0,1,1,0,1,1
29233185,,0,0,35,0.000007,0,1,1,0,1,1
29039553,,0,0,35,0.000007,0,1,1,0,1,1
28523467,,0,0,35,0.000007,0,1,1,0,1,1
28068434,,0,0,35,0.000007,0,1,1,0,1,1
27941907,,0,0,35,0.000007,0,1,1,0,1,1
30133163,,0,0.000199,1,0.000007,0,2,2,0,2,2
30108690,,0,0.00037,1,0.000007,0,3,3,0,3,3
30034550,,0,0.000291,1,0.000007,0,3,3,0,3,3
29768460,,0,0.000185,1,0.000007,0,1,1,0,1,1
28801472,,0,0.000185,1,0.000007,0,1,1,0,1,1
28714919,,0,0.00105,1,0.000007,0,3,3,0,3,3
27959922,,0,0.000185,1,0.000007,0,1,1,0,1,1
27887656,,0,0.000413,1,0.000007,0,2,2,0,2,2
27622059,,0,0.000185,1,0.000007,0,1,1,0,1,1
26140844,,0.000326,0,5,0.000041,11,0,11,11,0,11
22234632,,0,0.000006,5,0.000007,0,1,1,0,1,1
26141175,,0.000026,0,5,0.000011,3,0,3,3,0,3
26141318,,0,0,5,0.000016,2,0,2,2,0,2
19440911,,0,0,5,0.000007,0,1,1,0,1,1
26141655,,0.000322,0,5,0.000011,5,0,5,5,0,5
26142090,,0.000053,0,5,0.000011,2,0,2,2,0,2
26142098,,0.000214,0,5,0.000031,9,0,9,9,0,9
24642037,,0,0.000004,5,0.000007,0,1,1,0,1,1
21377311,,0,0.000004,5,0.000007,0,1,1,0,1,1
26142129,,0.000002,0,5,0.000009,2,0,2,2,0,2
29507645,,0,0,279,0.000007,0,1,1,0,1,1
29074623,,0,0,279,0.000007,0,1,1,0,1,1
29441367,,0,0,205,0.000007,0,1,1,0,1,1
29620195,,0,0.000001,1,0.000007,0,1,1,0,1,1
26692578,,0,0.000023,140,0.000007,0,1,1,0,1,1
29720220,,0,0,198,0.000007,0,1,1,0,1,1
29423438,,0,0,198,0.000007,0,1,1,0,1,1
26169965,,0.002469,0,1,0.000016,11,0,11,11,0,11
29934412,,0,0,5,0.000007,0,1,1,0,1,1
28253566,,0,0,5,0.000007,0,1,1,0,1,1
26844003,,0,0,5,0.000007,0,1,1,0,1,1
29115474,,0,0,325,0.000007,0,1,1,0,1,1
26171949,,0,0,325,0.000013,1,0,1,1,0,1
30402287,,0,0,326,0.000007,0,1,1,0,1,1
26174937,,0,0,326,0.000013,1,0,1,1,0,1
29499952,,0,0.000011,279,0.000007,0,1,1,0,1,1
26175272,,0.000571,0,279,0.000022,5,0,5,5,0,5
29342962,,0,0.000011,279,0.000007,0,1,1,0,1,1
30105159,,0,0,327,0.000007,0,1,1,0,1,1
26175550,,0,0,327,0.000013,1,0,1,1,0,1
28881799,,0,0,87,0.000007,0,1,1,0,1,1
28570958,,0,0,87,0.000007,0,1,1,0,1,1
27230828,,0,0,87,0.000007,0,1,1,0,1,1
28499452,,0,0.000102,205,0.000007,0,2,2,0,2,2
27902970,,0,0.000033,205,0.000007,0,1,1,0,1,1
27542226,,0,0.000033,205,0.000007,0,1,1,0,1,1
26181175,,0.001524,0,5,0.000028,12,0,12,12,0,12
29738870,,0,0.000029,5,0.000007,0,1,1,0,1,1
28662774,,0,0.000029,5,0.000007,0,1,1,0,1,1
28929459,,0,0.000045,69,0.000007,0,1,1,0,1,1
28031426,,0,0.000045,69,0.000007,0,1,1,0,1,1
28002793,,0,0.000045,69,0.000007,0,1,1,0,1,1
27102345,,0,0.000045,69,0.000007,0,1,1,0,1,1
29970158,,0,0.000027,1,0.000007,0,1,1,0,1,1
28722765,,0,0.000027,1,0.000007,0,1,1,0,1,1
27542224,,0,0.000027,1,0.000007,0,1,1,0,1,1
28302092,,0,0.000003,89,0.000007,0,1,1,0,1,1
26187614,,0.021095,0,1,0.000117,82,0,82,82,0,82
30038713,,0,0.000402,1,0.000007,0,1,1,0,1,1
30033758,,0,0.000402,1,0.000007,0,1,1,0,1,1
29795326,,0,0.000402,1,0.000007,0,1,1,0,1,1
29708449,,0,0.000402,1,0.000007,0,1,1,0,1,1
29632340,,0,0.000424,1,0.000007,0,2,2,0,2,2
28846478,,0,0.000405,347,0.000007,0,3,3,0,3,3
28263384,,0,0.000402,1,0.000007,0,1,1,0,1,1
27650543,,0,0.000402,1,0.000007,0,1,1,0,1,1
27530425,,0,0.000402,1,0.000007,0,1,1,0,1,1
27449097,,0,0.000402,1,0.000007,0,1,1,0,1,1
30319427,,0,0,328,0.000007,0,1,1,0,1,1
26193985,,0,0,328,0.000019,2,0,2,2,0,2
28093084,,0,0,328,0.000007,0,1,1,0,1,1
29159545,,0,0,205,0.000007,0,1,1,0,1,1
26194147,,0.000015,0,205,0.000017,4,0,4,4,0,4
26195121,,0.000206,0,89,0.000008,3,0,3,3,0,3
26195437,,0.001189,0,279,0.000013,10,0,10,10,0,10
28611525,,0,0,329,0.000007,0,1,1,0,1,1
26199925,,0,0,329,0.000013,1,0,1,1,0,1
26205471,,0.000778,0,1,0.000009,3,0,3,3,0,3
26207792,,0.001809,0,205,0.000032,28,0,28,28,0,28
29263814,,0,0.000034,205,0.000007,0,1,1,0,1,1
29499718,,0,0,35,0.000007,0,1,1,0,1,1
26208846,,0.000002,0,35,0.000034,6,0,6,6,0,6
29302899,,0,0,35,0.000007,0,1,1,0,1,1
28445946,,0,0,35,0.000007,0,1,1,0,1,1
28027454,,0,0,35,0.000007,0,1,1,0,1,1
26210778,,0.000897,0,1,0.000007,1,0,1,1,0,1
26212471,,0.000626,0,205,0.000016,8,0,8,8,0,8
29488822,,0,0,330,0.000007,0,1,1,0,1,1
26214710,,0,0,330,0.000019,2,0,2,2,0,2
28293644,,0,0,330,0.000007,0,1,1,0,1,1
26219241,,0.000553,0,205,0.000013,10,0,10,10,0,10
26219265,,0.000001,0,41,0.000009,1,0,1,1,0,1
26219728,,0.000546,0,5,0.000008,4,0,4,4,0,4
29456744,,0,0.000003,24,0.000007,0,1,1,0,1,1
28386339,,0,0.000003,24,0.000007,0,1,1,0,1,1
28004573,,0,0.000003,24,0.000007,0,1,1,0,1,1
27213368,,0,0.000003,24,0.000007,0,1,1,0,1,1
29367615,,0,0.000014,184,0.000007,0,2,2,0,2,2
27402553,,0,0.000007,184,0.000007,0,1,1,0,1,1
26225655,,0.000082,0,89,0.000008,2,0,2,2,0,2
29951178,,0,0,331,0.000007,0,1,1,0,1,1
26227317,,0,0,331,0.000037,5,0,5,5,0,5
29181163,,0,0,331,0.000007,0,1,1,0,1,1
27641735,,0,0,331,0.000007,0,1,1,0,1,1
27609145,,0,0,331,0.000007,0,1,1,0,1,1
26991801,,0,0,331,0.000007,0,1,1,0,1,1
29159928,,0,0,90,0.000007,0,1,1,0,1,1
28785215,,0,0,90,0.000007,0,2,2,0,2,2
27716282,,0,0,90,0.000007,0,1,1,0,1,1
29669094,,0,0.000003,279,0.000007,0,1,1,0,1,1
29052520,,0,0.000003,279,0.000007,0,1,1,0,1,1
27227488,,0,0.000003,279,0.000007,0,1,1,0,1,1
29340088,,0,0.000053,205,0.000007,0,1,1,0,1,1
26239500,,0.000081,0,5,0.000007,1,0,1,1,0,1
26239694,,0.000069,0,5,0.000012,4,0,4,4,0,4
28190247,,0,0.000005,140,0.000007,0,1,1,0,1,1
26248686,,0.000029,0,231,0.000013,2,0,2,2,0,2
27507036,,0,0.000001,231,0.000007,0,1,1,0,1,1
30210923,,0,0,381,0.000007,0,2,2,0,2,2
26250968,,0,0,381,0.000022,3,0,3,3,0,3
29383014,,0,0,381,0.000007,0,1,1,0,1,1
28447735,,0,0,381,0.000007,0,1,1,0,1,1
30220303,,0,0.000026,100,0.000007,0,1,1,0,1,1
26254775,,0.001352,0,100,0.000153,45,0,45,45,0,45
29296947,,0,0.000026,100,0.000007,0,1,1,0,1,1
28115275,,0,0.000043,100,0.000007,0,2,2,0,2,2
27913465,,0,0.000026,100,0.000007,0,1,1,0,1,1
27883081,,0,0.000026,100,0.000007,0,1,1,0,1,1
27827420,,0,0.000026,100,0.000007,0,1,1,0,1,1
27619566,,0,0.000026,100,0.000007,0,1,1,0,1,1
27517150,,0,0.000034,100,0.000007,0,2,2,0,2,2
27482812,,0,0.000026,100,0.000007,0,1,1,0,1,1
27428429,,0,0.000026,100,0.000007,0,1,1,0,1,1
27428405,,0,0.000034,100,0.000007,0,2,2,0,2,2
26884837,,0,0.000009,72,0.000007,0,1,1,0,1,1
27596623,,0.001249,0.000873,1,0.000053,16,3,19,16,3,19
26259780,,0.000103,0,72,0.000013,3,0,3,3,0,3
29272116,,0,0.000176,1,0.000007,0,1,1,0,1,1
29072370,,0,0.000176,1,0.000007,0,1,1,0,1,1
28432052,,0,0.000176,1,0.000007,0,1,1,0,1,1
27861749,,0,0.000194,1,0.000007,0,2,2,0,2,2
26270727,,0.003002,0,205,0.000036,47,0,47,47,0,47
26271414,,0.000687,0,89,0.000011,8,0,8,8,0,8
26272590,,0.000183,0,89,0.000008,1,0,1,1,0,1
26276104,,0.000107,0,5,0.000017,4,0,4,4,0,4
28357109,,0,0.000002,5,0.000007,0,1,1,0,1,1
26277624,,0.000008,0,100,0.000017,3,0,3,3,0,3
29220461,,0,0,100,0.000007,0,1,1,0,1,1
26281686,,0.000466,0,1,0.00001,2,0,2,2,0,2
29725267,,0,0,332,0.000007,0,1,1,0,1,1
26282201,,0,0,332,0.000013,1,0,1,1,0,1
27489271,,0,0,100,0.000007,0,1,1,0,1,1
27429590,,0,0,100,0.000007,0,1,1,0,1,1
30365820,,0,0,5,0.000007,0,1,1,0,1,1
29983747,,0,0.000007,279,0.000007,0,1,1,0,1,1
27671843,,0,0.000007,279,0.000007,0,1,1,0,1,1
28764807,,0,0.000006,5,0.000007,0,1,1,0,1,1
27780193,,0,0.000006,5,0.000007,0,1,1,0,1,1
26289772,,0.001206,0,89,0.000023,8,0,8,8,0,8
28981526,,0,0.000023,89,0.000007,0,1,1,0,1,1
26316886,,0,0.000023,89,0.000007,0,1,1,0,1,1
26292709,,0.001671,0,1,0.000008,3,0,3,3,0,3
26294743,,0.000973,0,1,0.00001,5,0,5,5,0,5
29212525,,0,0,205,0.000007,0,1,1,0,1,1
28376176,,0,0.00007,205,0.000007,0,2,2,0,2,2
27278091,,0,0,205,0.000007,0,1,1,0,1,1
26299336,,0.000005,0,5,0.000009,1,0,1,1,0,1
26300001,,0.000521,0,100,0.000015,4,0,4,4,0,4
28892521,,0,0.00001,100,0.000007,0,1,1,0,1,1
27996039,,0,0,72,0.000007,0,1,1,0,1,1
27957248,,0,0,72,0.000007,0,1,1,0,1,1
27919278,,0,0,72,0.000007,0,1,1,0,1,1
27895151,,0,0,72,0.000007,0,1,1,0,1,1
27847554,,0,0,72,0.000007,0,1,1,0,1,1
27225983,,0,0.000003,35,0.000007,0,1,1,0,1,1
30263958,,0,0.000003,279,0.000007,0,1,1,0,1,1
26304549,,0.000144,0,279,0.000059,11,0,11,11,0,11
30085333,,0,0.000003,279,0.000007,0,1,1,0,1,1
29977481,,0,0.000003,279,0.000007,0,1,1,0,1,1
29955160,,0,0.000003,279,0.000007,0,1,1,0,1,1
29931312,,0,0.000003,279,0.000007,0,1,1,0,1,1
29518290,,0,0.000003,279,0.000007,0,1,1,0,1,1
29069279,,0,0.000003,279,0.000007,0,1,1,0,1,1
26306684,,0.000001,0,5,0.000009,1,0,1,1,0,1
26306726,,0.000436,0,89,0.000012,6,0,6,6,0,6
28679437,,0,0.000005,1,0.000007,0,2,2,0,2,2
29547922,,0,0.000003,35,0.000007,0,1,1,0,1,1
29724012,,0,0.000023,1,0.000007,0,1,1,0,1,1
29290986,,0,0.000023,1,0.000007,0,1,1,0,1,1
28640859,,0,0.000023,1,0.000007,0,1,1,0,1,1
27878946,,0,0.000023,1,0.000007,0,1,1,0,1,1
27503386,,0,0.000023,1,0.000007,0,1,1,0,1,1
28491135,,0,0.00044,1,0.000007,0,3,3,0,3,3
26317927,,0.000063,0,231,0.000013,4,0,4,4,0,4
30405610,,0,0,231,0.000007,0,1,1,0,1,1
26319584,,0.000003,0,231,0.000015,2,0,2,2,0,2
29769307,,0,0.000013,100,0.000007,0,1,1,0,1,1
29474155,,0,0.000013,100,0.000007,0,1,1,0,1,1
26320393,,0.000329,0,89,0.000008,3,0,3,3,0,3
26323596,,0.000001,0,5,0.000009,1,0,1,1,0,1
29088719,,0,0.000002,35,0.000007,0,1,1,0,1,1
28915596,,0,0.000076,35,0.000007,0,3,3,0,3,3
27735951,,0,0.000002,35,0.000007,0,1,1,0,1,1
27517048,,0,0.000002,35,0.000007,0,1,1,0,1,1
26329992,,0.000236,0,100,0.000008,3,0,3,3,0,3
26332814,,0.000013,0,231,0.000008,1,0,1,1,0,1
26335130,,0.000285,0,184,0.000009,4,0,4,4,0,4
30210375,,0,0,231,0.000007,0,1,1,0,1,1
30200631,,0,0,231,0.000007,0,1,1,0,1,1
30155724,,0,0,231,0.000007,0,1,1,0,1,1
30111758,,0,0,231,0.000007,0,1,1,0,1,1
30032224,,0,0,231,0.000007,0,1,1,0,1,1
29801404,,0,0,231,0.000007,0,1,1,0,1,1
29156732,,0,0,231,0.000007,0,1,1,0,1,1
29124044,,0,0,231,0.000007,0,1,1,0,1,1
28795402,,0,0,231,0.000007,0,1,1,0,1,1
28249935,,0,0,231,0.000007,0,1,1,0,1,1
27794170,,0,0,231,0.000007,0,1,1,0,1,1
27727481,,0,0,231,0.000007,0,1,1,0,1,1
27693878,,0,0,231,0.000007,0,1,1,0,1,1
27475089,,0,0,231,0.000007,0,1,1,0,1,1
27310615,,0,0,231,0.000007,0,1,1,0,1,1
27149545,,0,0,231,0.000007,0,1,1,0,1,1
27100730,,0,0,231,0.000007,0,1,1,0,1,1
26962176,,0,0,231,0.000007,0,1,1,0,1,1
29528139,,0,0.000031,1,0.000007,0,1,1,0,1,1
28156002,,0,0.000207,1,0.000007,0,2,2,0,2,2
26342406,,0.005209,0,1,0.000013,10,0,10,10,0,10
29850477,,0,0,241,0.000007,0,1,1,0,1,1
26344356,,0.000002,0,241,0.000037,6,0,6,6,0,6
28454467,,0,0,241,0.000007,0,1,1,0,1,1
28131747,,0,0,241,0.000007,0,1,1,0,1,1
27347167,,0,0,241,0.000007,0,1,1,0,1,1
27999780,,0,0,333,0.000007,0,1,1,0,1,1
26344711,,0,0,333,0.000013,1,0,1,1,0,1
28797121,,0,0.000021,1,0.000007,0,1,1,0,1,1
28416763,,0,0.000021,1,0.000007,0,1,1,0,1,1
26355282,,0.000065,0,35,0.000007,1,0,1,1,0,1
26357973,,0.000007,0,5,0.000008,1,0,1,1,0,1
29683819,,0,0.000005,279,0.000007,0,1,1,0,1,1
26358176,,0.000251,0,279,0.000162,29,0,29,29,0,29
29523116,,0,0.000005,279,0.000007,0,1,1,0,1,1
29433548,,0,0.000005,279,0.000007,0,1,1,0,1,1
29367707,,0,0.000005,279,0.000007,0,1,1,0,1,1
28978074,,0,0.000005,279,0.000007,0,1,1,0,1,1
28767674,,0,0.000005,279,0.000007,0,1,1,0,1,1
28670371,,0,0.000075,279,0.000007,0,2,2,0,2,2
28487464,,0,0.000005,279,0.000007,0,1,1,0,1,1
28484083,,0,0.000005,279,0.000007,0,1,1,0,1,1
28370296,,0,0.000005,279,0.000007,0,1,1,0,1,1
28184025,,0,0.000005,279,0.000007,0,1,1,0,1,1
28103613,,0,0.000005,279,0.000007,0,1,1,0,1,1
27980006,,0,0.000005,279,0.000007,0,1,1,0,1,1
27875525,,0,0.000005,279,0.000007,0,1,1,0,1,1
27668169,,0,0.000005,279,0.000007,0,1,1,0,1,1
27662833,,0,0.000005,279,0.000007,0,1,1,0,1,1
27283768,,0,0.000005,279,0.000007,0,1,1,0,1,1
27144057,,0,0.000005,279,0.000007,0,1,1,0,1,1
27139190,,0,0.000005,279,0.000007,0,1,1,0,1,1
27031502,,0,0.000005,279,0.000007,0,1,1,0,1,1
26872010,,0,0.000005,279,0.000007,0,1,1,0,1,1
26838800,,0,0.000005,279,0.000007,0,1,1,0,1,1
26779369,,0,0.000005,279,0.000007,0,1,1,0,1,1
29846129,,0,0,176,0.000007,0,1,1,0,1,1
26359403,,0.000004,0,176,0.000092,16,0,16,16,0,16
29491004,,0,0,176,0.000007,0,1,1,0,1,1
29487893,,0,0,176,0.000007,0,1,1,0,1,1
29255170,,0,0,176,0.000007,0,1,1,0,1,1
29141960,,0,0,176,0.000007,0,1,1,0,1,1
28779172,,0,0,176,0.000007,0,1,1,0,1,1
28561035,,0,0,176,0.000007,0,1,1,0,1,1
28067761,,0,0,176,0.000007,0,1,1,0,1,1
27746955,,0,0,176,0.000007,0,1,1,0,1,1
27526110,,0,0,176,0.000007,0,1,1,0,1,1
27129259,,0,0,176,0.000007,0,1,1,0,1,1
26934308,,0,0,176,0.000007,0,1,1,0,1,1
26705896,,0,0,176,0.000007,0,1,1,0,1,1
26360800,,0.000072,0,5,0.000007,1,0,1,1,0,1
29462985,,0,0,137,0.000007,0,1,1,0,1,1
26363225,,0.000012,0,137,0.000034,6,0,6,6,0,6
28420185,,0,0.000228,137,0.000007,0,2,2,0,2,2
26980735,,0,0,137,0.000007,0,1,1,0,1,1
26710256,,0,0,137,0.000007,0,1,1,0,1,1
30428404,,0,0.000018,1,0.000007,0,1,1,0,1,1
30271484,,0,0.000018,1,0.000007,0,1,1,0,1,1
30244836,,0,0.000018,1,0.000007,0,1,1,0,1,1
29986747,,0,0.000018,1,0.000007,0,1,1,0,1,1
29610475,,0,0.000018,1,0.000007,0,1,1,0,1,1
29202479,,0,0.000018,1,0.000007,0,1,1,0,1,1
28810879,,0,0.000018,1,0.000007,0,1,1,0,1,1
28663546,,0,0.000018,1,0.000007,0,1,1,0,1,1
28521441,,0,0.000018,1,0.000007,0,1,1,0,1,1
28492066,,0,0.000018,1,0.000007,0,2,2,0,2,2
28292441,,0,0.000018,1,0.000007,0,1,1,0,1,1
27831464,,0,0.000018,1,0.000007,0,1,1,0,1,1
27080479,,0,0.000018,1,0.000007,0,1,1,0,1,1
26988912,,0,0.000018,1,0.000007,0,1,1,0,1,1
26986650,,0,0.000018,1,0.000007,0,1,1,0,1,1
26381082,,0.00031,0,89,0.000008,3,0,3,3,0,3
29126306,,0,0.000005,100,0.000007,0,1,1,0,1,1
28977985,,0,0.000267,1,0.000007,0,3,3,0,3,3
26384693,,0.000351,0,1,0.000008,1,0,1,1,0,1
29118324,,0,0.000052,100,0.000007,0,3,3,0,3,3
26390708,,0.000006,0,5,0.000011,1,0,1,1,0,1
26920032,,0,0.000011,72,0.000007,0,2,2,0,2,2
30008906,,0,0.000011,72,0.000007,0,1,1,0,1,1
29667930,,0,0.000014,72,0.000007,0,2,2,0,2,2
28454433,,0,0.000011,72,0.000007,0,1,1,0,1,1
28325291,,0,0.000011,72,0.000007,0,1,1,0,1,1
28262725,,0,0.000011,72,0.000007,0,1,1,0,1,1
27548144,,0,0.000011,72,0.000007,0,1,1,0,1,1
26395808,,0.000913,0,279,0.000011,6,0,6,6,0,6
29605930,,0,0.000006,100,0.000007,0,1,1,0,1,1
28809003,,0,0.000011,100,0.000007,0,2,2,0,2,2
27904764,,0,0,24,0.000007,0,1,1,0,1,1
29348894,,0,0.000045,1,0.000007,0,1,1,0,1,1
26998277,,0,0.000045,1,0.000007,0,1,1,0,1,1
26402249,,0.002009,0,205,0.000012,6,0,6,6,0,6
26402875,,0.001275,0,1,0.000009,5,0,5,5,0,5
29085517,,0,0.000003,279,0.000007,0,1,1,0,1,1
26406001,,0.000154,0,279,0.000027,6,0,6,6,0,6
27136895,,0,0,5,0.000007,0,1,1,0,1,1
26407988,,0.000001,0,5,0.000008,1,0,1,1,0,1
26411315,,0.000346,0,100,0.000009,4,0,4,4,0,4
29858579,,0,0,35,0.000007,0,1,1,0,1,1
26411409,,0.000001,0,35,0.000031,5,0,5,5,0,5
28892092,,0,0,35,0.000007,0,1,1,0,1,1
28402272,,0,0,35,0.000007,0,1,1,0,1,1
26414603,,0.00096,0,5,0.00001,6,0,6,6,0,6
30483262,,0,0.000007,184,0.000007,0,1,1,0,1,1
30345074,,0,0.000007,184,0.000007,0,1,1,0,1,1
30290150,,0,0.000007,184,0.000007,0,1,1,0,1,1
30257669,,0,0.000007,184,0.000007,0,1,1,0,1,1
30158200,,0,0.000007,184,0.000007,0,1,1,0,1,1
30093612,,0,0.000036,231,0.000007,0,3,3,0,3,3
30044860,,0,0.000007,184,0.000007,0,1,1,0,1,1
30034993,,0,0.000007,184,0.000007,0,1,1,0,1,1
29795306,,0,0.000007,184,0.000007,0,1,1,0,1,1
29773799,,0,0.000007,184,0.000007,0,1,1,0,1,1
29576629,,0,0.000012,184,0.000007,0,3,3,0,3,3
29432556,,0,0.000007,184,0.000007,0,1,1,0,1,1
29419417,,0,0.000132,184,0.000007,0,2,2,0,2,2
29402284,,0,0.000007,184,0.000007,0,1,1,0,1,1
29367954,,0,0.000007,184,0.000007,0,1,1,0,1,1
29263187,,0,0.000007,184,0.000007,0,1,1,0,1,1
29178946,,0,0.000007,184,0.000007,0,1,1,0,1,1
29118096,,0,0.000007,184,0.000007,0,1,1,0,1,1
29112599,,0,0.000007,184,0.000007,0,1,1,0,1,1
29100087,,0,0.000007,184,0.000007,0,1,1,0,1,1
29093602,,0,0.000007,184,0.000007,0,1,1,0,1,1
29064009,,0,0.000007,184,0.000007,0,1,1,0,1,1
29023438,,0,0.000007,184,0.000007,0,1,1,0,1,1
28892061,,0,0.000007,184,0.000007,0,1,1,0,1,1
28873088,,0,0.000007,184,0.000007,0,1,1,0,1,1
28742084,,0,0.000007,184,0.000007,0,1,1,0,1,1
28166221,,0,0.000007,184,0.000007,0,1,1,0,1,1
28132585,,0,0.000007,184,0.000007,0,1,1,0,1,1
28119483,,0,0.000007,184,0.000007,0,1,1,0,1,1
27802094,,0,0.000007,184,0.000007,0,1,1,0,1,1
27798627,,0,0.000007,184,0.000007,0,1,1,0,1,1
27760082,,0,0.000007,184,0.000007,0,1,1,0,1,1
27614355,,0,0.000007,184,0.000007,0,1,1,0,1,1
27524817,,0,0.000007,184,0.000007,0,1,1,0,1,1
27457926,,0,0.000007,184,0.000007,0,1,1,0,1,1
27132594,,0,0.000007,184,0.000007,0,1,1,0,1,1
27094806,,0,0.000007,184,0.000007,0,1,1,0,1,1
26732621,,0,0.000007,184,0.000007,0,1,1,0,1,1
29726819,,0,0.000024,69,0.000007,0,1,1,0,1,1
28319068,,0,0.000024,69,0.000007,0,1,1,0,1,1
29956728,,0,0,334,0.000007,0,1,1,0,1,1
26417400,,0,0,334,0.000013,1,0,1,1,0,1
28602099,,0,0.000007,100,0.000007,0,1,1,0,1,1
30271402,,0,0,335,0.000007,0,1,1,0,1,1
26422646,,0,0,335,0.000043,6,0,6,6,0,6
30217993,,0,0,335,0.000007,0,1,1,0,1,1
30081602,,0,0,335,0.000007,0,1,1,0,1,1
29109420,,0,0,335,0.000007,0,1,1,0,1,1
28321259,,0,0,335,0.000007,0,1,1,0,1,1
26696897,,0,0,335,0.000007,0,1,1,0,1,1
26424664,,0.000756,0,1,0.000015,5,0,5,5,0,5
30510451,,0,0.000001,1,0.000007,0,1,1,0,1,1
26427657,,0.000068,0,89,0.000009,2,0,2,2,0,2
26432360,,0.000003,0,35,0.000008,1,0,1,1,0,1
29575819,,0,0.000017,1,0.000007,0,1,1,0,1,1
28903445,,0,0.000017,1,0.000007,0,1,1,0,1,1
28460482,,0,0.000017,1,0.000007,0,1,1,0,1,1
28220885,,0,0.000017,1,0.000007,0,1,1,0,1,1
30194384,,0,0.000015,205,0.000007,0,1,1,0,1,1
29535832,,0,0.000015,205,0.000007,0,1,1,0,1,1
28599464,,0,0.000015,205,0.000007,0,1,1,0,1,1
27894080,,0,0.000015,205,0.000007,0,1,1,0,1,1
27077088,,0,0.000015,205,0.000007,0,1,1,0,1,1
28611295,,0,0.000001,279,0.000007,0,1,1,0,1,1
26439132,,0.001684,0,1,0.000014,10,0,10,10,0,10
28945842,,0,0.00002,205,0.000007,0,2,2,0,2,2
28499439,,0,0.00001,205,0.000007,0,1,1,0,1,1
27672288,,0,0.00001,205,0.000007,0,1,1,0,1,1
27372424,,0,0.00001,205,0.000007,0,1,1,0,1,1
26879159,,0,0.00001,205,0.000007,0,1,1,0,1,1
29151953,,0,0.000069,205,0.000007,0,2,2,0,2,2
30362389,,0,0,279,0.000007,0,1,1,0,1,1
28424535,,0,0,279,0.000007,0,1,1,0,1,1
27766602,,0,0,279,0.000007,0,1,1,0,1,1
27621592,,0,0,279,0.000007,0,1,1,0,1,1
27047480,,0,0,279,0.000007,0,1,1,0,1,1
26442843,,0.000097,0,140,0.000024,5,0,5,5,0,5
28689263,,0,0.000002,140,0.000007,0,1,1,0,1,1
27126035,,0,0.000002,140,0.000007,0,1,1,0,1,1
30349055,,0,0.000851,137,0.000007,0,2,2,0,2,2
26445307,,0.000233,0,137,0.00002,4,0,4,4,0,4
30185800,,0,0.000004,137,0.000007,0,1,1,0,1,1
26446011,,0,0,5,0.000009,1,0,1,1,0,1
30092821,,0,0,279,0.000007,0,1,1,0,1,1
29967967,,0,0.000002,5,0.000007,0,1,1,0,1,1
26458575,,0.000004,0,279,0.000046,7,0,7,7,0,7
30148119,,0,0,279,0.000007,0,1,1,0,1,1
29606871,,0,0,279,0.000007,0,1,1,0,1,1
29029528,,0,0,279,0.000007,0,1,1,0,1,1
28771563,,0,0,279,0.000007,0,1,1,0,1,1
28075663,,0,0,279,0.000007,0,1,1,0,1,1
26772741,,0,0,279,0.000007,0,1,1,0,1,1
30127241,,0,0.000318,82,0.000007,0,2,2,0,2,2
29258856,,0,0,82,0.000007,0,1,1,0,1,1
26463285,,0.000017,0,205,0.000007,1,0,1,1,0,1
26467043,,0.000179,0,89,0.000007,1,0,1,1,0,1
28296921,,0,0,5,0.000007,0,1,1,0,1,1
26475959,,0.000818,0,5,0.000008,2,0,2,2,0,2
26476542,,0.000262,0,5,0.000007,1,0,1,1,0,1
26482194,,0.000001,0,87,0.000016,2,0,2,2,0,2
27306418,,0,0,87,0.000007,0,1,1,0,1,1
26482374,,0.000043,0,1,0.000009,2,0,2,2,0,2
28507210,,0,0.000021,205,0.000007,0,1,1,0,1,1
28435405,,0,0.000021,205,0.000007,0,1,1,0,1,1
29541212,,0,0.000001,35,0.000007,0,1,1,0,1,1
27618102,,0,0.000001,35,0.000007,0,1,1,0,1,1
26787840,,0,0.000001,35,0.000007,0,1,1,0,1,1
29259772,,0,0.000014,205,0.000007,0,1,1,0,1,1
26485111,,0.00132,0,1,0.000011,7,0,7,7,0,7
29777630,,0,0.000009,100,0.000007,0,1,1,0,1,1
28900032,,0,0.000009,100,0.000007,0,1,1,0,1,1
28404898,,0,0.000009,100,0.000007,0,1,1,0,1,1
27226726,,0,0.000009,341,0.000007,0,2,2,0,2,2
30233358,,0,0.000001,205,0.000007,0,1,1,0,1,1
30166456,,0,0.000001,205,0.000007,0,1,1,0,1,1
30159073,,0,0.000001,205,0.000007,0,1,1,0,1,1
29706638,,0,0.000004,205,0.000007,0,2,2,0,2,2
29335368,,0,0.000001,205,0.000007,0,1,1,0,1,1
29081790,,0,0.000001,205,0.000007,0,1,1,0,1,1
28903138,,0,0.000001,205,0.000007,0,1,1,0,1,1
28535001,,0,0.000001,205,0.000007,0,1,1,0,1,1
28351928,,0,0.000001,205,0.000007,0,1,1,0,1,1
28273450,,0,0.000001,205,0.000007,0,1,1,0,1,1
27692446,,0,0.000001,205,0.000007,0,1,1,0,1,1
29507672,,0,0.000002,1,0.000007,0,1,1,0,1,1
28565873,,0,0.000005,5,0.000007,0,2,2,0,2,2
26762267,,0,0.000002,1,0.000007,0,1,1,0,1,1
26755625,,0,0.000002,1,0.000007,0,1,1,0,1,1
29575718,,0,0.000004,69,0.000007,0,1,1,0,1,1
28740577,,0,0.000004,69,0.000007,0,1,1,0,1,1
28388957,,0,0.000004,69,0.000007,0,1,1,0,1,1
27559738,,0,0.000004,35,0.000007,0,1,1,0,1,1
29733705,,0,0.000002,82,0.000007,0,1,1,0,1,1
26499415,,0.000117,0,82,0.000015,4,0,4,4,0,4
29941666,,0,0.000005,24,0.000007,0,1,1,0,1,1
29531219,,0,0.000005,24,0.000007,0,1,1,0,1,1
28291803,,0,0.000005,24,0.000007,0,1,1,0,1,1
28082599,,0,0.000005,24,0.000007,0,1,1,0,1,1
27763566,,0,0.000005,24,0.000007,0,1,1,0,1,1
27738310,,0,0.000005,24,0.000007,0,1,1,0,1,1
26503945,,0.000024,0,205,0.000011,3,0,3,3,0,3
30090486,,0,0.000002,100,0.000007,0,1,1,0,1,1
29232400,,0,0.000002,100,0.000007,0,1,1,0,1,1
28147339,,0,0.000002,100,0.000007,0,1,1,0,1,1
29100387,,0,0.000019,1,0.000007,0,1,1,0,1,1
28160567,,0,0.000019,1,0.000007,0,1,1,0,1,1
27635231,,0,0.000019,1,0.000007,0,1,1,0,1,1
30079312,,0,0.000003,205,0.000007,0,1,1,0,1,1
29709259,,0,0.000003,205,0.000007,0,1,1,0,1,1
29685979,,0,0.000003,205,0.000007,0,1,1,0,1,1
29654229,,0,0.000003,205,0.000007,0,1,1,0,1,1
29515088,,0,0.000003,205,0.000007,0,1,1,0,1,1
29503867,,0,0.000003,205,0.000007,0,1,1,0,1,1
29443066,,0,0.000003,205,0.000007,0,1,1,0,1,1
29434679,,0,0.000003,205,0.000007,0,1,1,0,1,1
29233960,,0,0.000003,205,0.000007,0,1,1,0,1,1
29142898,,0,0.000003,205,0.000007,0,1,1,0,1,1
29091290,,0,0.000003,205,0.000007,0,1,1,0,1,1
28927378,,0,0.000003,205,0.000007,0,1,1,0,1,1
28883015,,0,0.000003,205,0.000007,0,1,1,0,1,1
28691711,,0,0.000003,205,0.000007,0,1,1,0,1,1
28624197,,0,0.000003,205,0.000007,0,1,1,0,1,1
28487442,,0,0.000003,205,0.000007,0,1,1,0,1,1
28098904,,0,0.000003,205,0.000007,0,1,1,0,1,1
28062688,,0,0.000003,205,0.000007,0,1,1,0,1,1
27956228,,0,0.000003,205,0.000007,0,1,1,0,1,1
27741224,,0,0.000003,205,0.000007,0,1,1,0,1,1
27432158,,0,0.000003,205,0.000007,0,1,1,0,1,1
27149548,,0,0.000003,205,0.000007,0,1,1,0,1,1
30467317,,0,0.000846,1,0.000007,0,1,1,0,1,1
30458854,,0,0.001061,1,0.000007,0,4,4,0,4,4
30425524,,0,0.000846,1,0.000007,0,1,1,0,1,1
30402590,,0,0.000853,1,0.000007,0,2,2,0,2,2
30341300,,0,0.000846,1,0.000007,0,1,1,0,1,1
30220950,,0,0.001045,1,0.000007,0,4,4,0,4,4
30200254,,0,0.000846,1,0.000007,0,1,1,0,1,1
30179225,,0,0.000846,1,0.000007,0,1,1,0,1,1
30043669,,0,0.000847,1,0.000007,0,2,2,0,2,2
30021909,,0,0.000846,1,0.000007,0,1,1,0,1,1
29983880,,0,0.000884,66,0.000007,0,2,2,0,2,2
29854870,,0,0.00104,1,0.000007,0,3,3,0,3,3
29777112,,0,0.000847,1,0.000007,0,2,2,0,2,2
29748182,,0,0.000884,66,0.000007,0,2,2,0,2,2
29734647,,0,0.00087,1,0.000007,0,2,2,0,2,2
29582792,,0,0.000846,1,0.000007,0,1,1,0,1,1
29578115,,0,0.000884,66,0.000007,0,2,2,0,2,2
29574703,,0,0.001023,1,0.000007,0,2,2,0,2,2
29536949,,0,0.000846,1,0.000007,0,1,1,0,1,1
29463595,,0,0.000846,1,0.000007,0,1,1,0,1,1
29319382,,0,0.000846,1,0.000007,0,1,1,0,1,1
29291731,,0,0.001023,1,0.000007,0,2,2,0,2,2
29266381,,0,0.000846,1,0.000007,0,1,1,0,1,1
29264186,,0,0.001023,1,0.000007,0,2,2,0,2,2
29230413,,0,0.000846,1,0.000007,0,1,1,0,1,1
29226251,,0,0.000846,1,0.000007,0,1,1,0,1,1
29212150,,0,0.001477,1,0.000007,0,3,3,0,3,3
29202480,,0,0.001023,1,0.000007,0,2,2,0,2,2
29170499,,0,0.000847,35,0.000007,0,2,2,0,2,2
29138344,,0,0.000907,66,0.000019,2,3,5,2,3,5
29134562,,0,0.001023,1,0.000007,0,2,2,0,2,2
29109393,,0,0.000887,69,0.000007,0,2,2,0,2,2
29100379,,0,0.000884,66,0.000007,0,2,2,0,2,2
29069829,,0,0.000846,1,0.000007,0,1,1,0,1,1
28978094,,0,0.001023,1,0.000007,0,2,2,0,2,2
28938417,,0,0.000846,1,0.000007,0,1,1,0,1,1
28899973,,0,0.000884,66,0.000007,0,2,2,0,2,2
28794807,,0,0.001023,1,0.000007,0,2,2,0,2,2
28783718,,0,0.001039,205,0.000007,0,3,3,0,3,3
28762015,,0,0.001023,1,0.000007,0,2,2,0,2,2
28734984,,0,0.000846,1,0.000007,0,1,1,0,1,1
28678600,,0,0.00106,66,0.000007,0,3,3,0,3,3
28465615,,0,0.000846,1,0.000007,0,1,1,0,1,1
28430589,,0,0.000846,1,0.000007,0,1,1,0,1,1
28417079,,0,0.000846,1,0.000007,0,1,1,0,1,1
28361223,,0,0.001023,1,0.000007,0,2,2,0,2,2
28344814,,0,0.000846,1,0.000007,0,1,1,0,1,1
28197968,,0,0.000846,1,0.000007,0,1,1,0,1,1
28061466,,0,0.000846,1,0.000007,0,1,1,0,1,1
28039155,,0,0.000846,1,0.000007,0,1,1,0,1,1
27959945,,0,0.000846,1,0.000007,0,1,1,0,1,1
27875103,,0,0.000846,1,0.000007,0,1,1,0,1,1
27852261,,0,0.000846,1,0.000007,0,1,1,0,1,1
27773999,,0,0.000846,1,0.000007,0,1,1,0,1,1
27741508,,0,0.000884,66,0.000007,0,2,2,0,2,2
27732836,,0,0.000846,1,0.000007,0,1,1,0,1,1
27683114,,0,0.000846,1,0.000007,0,1,1,0,1,1
27635283,,0,0.000846,1,0.000007,0,1,1,0,1,1
27557496,,0,0.000846,1,0.000007,0,1,1,0,1,1
27502737,,0,0.000884,66,0.000007,0,2,2,0,2,2
27460824,,0,0.000872,205,0.000007,0,2,2,0,2,2
27358841,,0,0.000846,1,0.000007,0,1,1,0,1,1
27324988,,0,0.000846,1,0.000007,0,1,1,0,1,1
27184811,,0,0.000846,1,0.000007,0,1,1,0,1,1
27014907,,0,0.000846,1,0.000007,0,1,1,0,1,1
26908063,,0,0.000846,1,0.000007,0,1,1,0,1,1
26902623,,0,0.000846,1,0.000007,0,1,1,0,1,1
26874923,,0,0.000846,1,0.000007,0,1,1,0,1,1
29747682,,0,0.000001,279,0.000007,0,1,1,0,1,1
29463994,,0,0.000001,279,0.000007,0,1,1,0,1,1
29185275,,0,0.000001,279,0.000007,0,1,1,0,1,1
29137404,,0,0.000001,279,0.000007,0,1,1,0,1,1
28884003,,0,0.000001,279,0.000007,0,1,1,0,1,1
28822065,,0,0.000001,279,0.000007,0,1,1,0,1,1
28814982,,0,0.000001,279,0.000007,0,1,1,0,1,1
28791417,,0,0.000001,279,0.000007,0,1,1,0,1,1
28700589,,0,0.000001,279,0.000007,0,1,1,0,1,1
28599435,,0,0.000001,279,0.000007,0,1,1,0,1,1
27566576,,0,0.000001,279,0.000007,0,1,1,0,1,1
27052998,,0,0.000001,279,0.000007,0,1,1,0,1,1
28815409,,0,0.000009,1,0.000007,0,1,1,0,1,1
30301958,,0,0.000041,69,0.000007,0,1,1,0,1,1
30181806,,0,0.000041,69,0.000007,0,1,1,0,1,1
29254236,,0,0.000253,69,0.000007,0,2,2,0,2,2
29094609,,0,0.000041,69,0.000007,0,1,1,0,1,1
29088841,,0,0.000041,69,0.000007,0,1,1,0,1,1
28423627,,0,0.000041,69,0.000007,0,1,1,0,1,1
28358873,,0,0.000253,69,0.000007,0,2,2,0,2,2
27933214,,0,0.000041,69,0.000007,0,1,1,0,1,1
27773961,,0,0.000041,69,0.000007,0,1,1,0,1,1
27734975,,0,0.000041,69,0.000007,0,1,1,0,1,1
27660473,,0,0.000041,69,0.000007,0,1,1,0,1,1
30390688,,0,0,379,0.000007,0,1,1,0,1,1
26513872,,0,0,379,0.000046,7,0,7,7,0,7
28725340,,0,0,379,0.000007,0,1,1,0,1,1
28531111,,0,0,379,0.000007,0,1,1,0,1,1
28275393,,0,0,379,0.000007,0,2,2,0,2,2
27995176,,0,0,379,0.000007,0,1,1,0,1,1
27806323,,0,0,379,0.000007,0,1,1,0,1,1
27600678,,0,0,379,0.000007,0,1,1,0,1,1
26517537,,0.000039,0,367,0.000019,5,0,5,5,0,5
27515257,,0,0.000001,367,0.000007,0,1,1,0,1,1
28926322,,0,0.000001,231,0.000007,0,1,1,0,1,1
27865213,,0,0.000008,100,0.000007,0,2,2,0,2,2
26520367,,0,0,100,0.00001,1,0,1,1,0,1
26523341,,0.000803,0,5,0.000015,8,0,8,8,0,8
26526989,,0.00018,0,231,0.000008,2,0,2,2,0,2
29209770,,0,0,336,0.000007,0,1,1,0,1,1
26530297,,0,0,336,0.000013,1,0,1,1,0,1
26530882,,0.000067,0,140,0.000028,6,0,6,6,0,6
28948061,,0,0.000001,140,0.000007,0,1,1,0,1,1
27877056,,0,0.000001,140,0.000007,0,1,1,0,1,1
27561845,,0,0.000001,140,0.000007,0,1,1,0,1,1
29388941,,0,0.000011,5,0.000007,0,1,1,0,1,1
27322592,,0,0.000011,5,0.000007,0,1,1,0,1,1
29661970,,0,0.000024,205,0.000007,0,3,3,0,3,3
27769065,,0,0,337,0.000007,0,1,1,0,1,1
26536102,,0,0,337,0.000013,1,0,1,1,0,1
29997511,,0,0.000002,231,0.000007,0,1,1,0,1,1
30308958,,0,0,57,0.000007,0,1,1,0,1,1
30272273,,0,0,57,0.000007,0,1,1,0,1,1
30143678,,0,0,57,0.000007,0,1,1,0,1,1
29568372,,0,0,57,0.000007,0,1,1,0,1,1
29211293,,0,0,57,0.000007,0,1,1,0,1,1
28137309,,0,0,57,0.000007,0,1,1,0,1,1
27385000,,0,0,57,0.000007,0,1,1,0,1,1
26541979,,0.000621,0,1,0.000008,2,0,2,2,0,2
26542178,,0.000001,0,24,0.000025,4,0,4,4,0,4
27789962,,0,0,24,0.000007,0,1,1,0,1,1
28978187,,0,0.000012,5,0.000007,0,1,1,0,1,1
30290608,,0,0.000065,1,0.000007,0,1,1,0,1,1
29545568,,0,0.000051,1,0.000007,0,1,1,0,1,1
29523234,,0,0.000051,1,0.000007,0,1,1,0,1,1
27726344,,0,0.000051,1,0.000007,0,1,1,0,1,1
30059832,,0,0.000015,231,0.000007,0,1,1,0,1,1
26556769,,0.002609,0,1,0.000012,9,0,9,9,0,9
27773462,,0,0,24,0.000007,0,1,1,0,1,1
27101369,,0,0,24,0.000007,0,1,1,0,1,1
26564480,,0.000254,0,100,0.000008,3,0,3,3,0,3
26978683,,0,0,5,0.000007,0,1,1,0,1,1
26574936,,0.000787,0,5,0.000017,5,0,5,5,0,5
29311051,,0,0.000015,5,0.000007,0,1,1,0,1,1
26575363,,0.000411,0,89,0.000014,7,0,7,7,0,7
29467582,,0,0.000006,89,0.000007,0,1,1,0,1,1
28894658,,0,0.000003,5,0.000007,0,1,1,0,1,1
28293518,,0,0,5,0.000007,0,1,1,0,1,1
26579344,,0.000001,0,5,0.000029,5,0,5,5,0,5
27975014,,0,0,5,0.000007,0,1,1,0,1,1
27482499,,0,0,5,0.000007,0,1,1,0,1,1
26585945,,0.000135,0,1,0.000008,1,0,1,1,0,1
29136510,,0,0.000029,205,0.000007,0,2,2,0,2,2
28152060,,0,0.000033,231,0.000007,0,3,3,0,3,3
30483138,,0,0.000228,1,0.000007,0,1,1,0,1,1
26590714,,0.011964,0,1,0.000285,121,0,121,121,0,121
30428330,,0,0.00025,1,0.000007,0,2,2,0,2,2
30370352,,0,0.000396,1,0.000007,0,6,6,0,6,6
30158935,,0,0.000228,1,0.000007,0,1,1,0,1,1
30030520,,0,0.000228,1,0.000007,0,1,1,0,1,1
30001349,,0,0.000228,1,0.000007,0,1,1,0,1,1
29993186,,0,0.000228,1,0.000007,0,1,1,0,1,1
29982102,,0,0.000228,1,0.000007,0,1,1,0,1,1
29887732,,0,0.000353,1,0.000007,0,2,2,0,2,2
29629151,,0,0.000228,1,0.000007,0,1,1,0,1,1
29464072,,0,0.000228,1,0.000007,0,1,1,0,1,1
29374143,,0,0.000228,1,0.000007,0,1,1,0,1,1
29207577,,0,0.000228,1,0.000007,0,1,1,0,1,1
29167471,,0,0.000228,1,0.000007,0,1,1,0,1,1
29156135,,0,0.000228,1,0.000007,0,1,1,0,1,1
29149299,,0,0.000228,1,0.000007,0,1,1,0,1,1
29123096,,0,0.000228,1,0.000007,0,1,1,0,1,1
28560055,,0,0.000243,1,0.000007,0,2,2,0,2,2
28361897,,0,0.000228,1,0.000007,0,1,1,0,1,1
28212585,,0,0.000228,1,0.000007,0,1,1,0,1,1
27990140,,0,0.000228,1,0.000007,0,1,1,0,1,1
27412599,,0,0.000228,1,0.000007,0,1,1,0,1,1
27320729,,0,0.000228,1,0.000007,0,1,1,0,1,1
26768769,,0,0.000228,1,0.000007,0,1,1,0,1,1
29200659,,0,0,338,0.000007,0,1,1,0,1,1
26592654,,0,0,338,0.000016,2,0,2,2,0,2
30167248,,0,0,100,0.000007,0,1,1,0,1,1
29772804,,0,0,100,0.000007,0,1,1,0,1,1
29183402,,0,0,100,0.000007,0,1,1,0,1,1
28874769,,0,0,100,0.000007,0,1,1,0,1,1
27798637,,0,0,100,0.000007,0,1,1,0,1,1
27366745,,0,0,100,0.000007,0,1,1,0,1,1
26614429,,0.001381,0,1,0.000018,7,0,7,7,0,7
27002617,,0,0.000026,1,0.000007,0,1,1,0,1,1
26615718,,0.000176,0,100,0.00001,3,0,3,3,0,3
26615784,,0.000084,0,5,0.000019,4,0,4,4,0,4
27322474,,0,0.000002,5,0.000007,0,1,1,0,1,1
26617204,,0.000079,0,89,0.000007,1,0,1,1,0,1
29307797,,0,0.000003,66,0.000019,2,2,4,2,2,4
28935395,,0,0,66,0.000007,0,1,1,0,1,1
28208700,,0,0,66,0.000007,0,1,1,0,1,1
28089901,,0,0,66,0.000007,0,1,1,0,1,1
27019857,,0,0,66,0.000007,0,1,1,0,1,1
30029672,,0,0.000041,1,0.000007,0,1,1,0,1,1
29748210,,0,0.000041,1,0.000007,0,1,1,0,1,1
29395061,,0,0.000059,1,0.000007,0,2,2,0,2,2
29158814,,0,0.000041,1,0.000007,0,1,1,0,1,1
28969705,,0,0.000041,1,0.000007,0,1,1,0,1,1
28196596,,0,0.000041,1,0.000007,0,1,1,0,1,1
27923837,,0,0.000041,1,0.000007,0,1,1,0,1,1
27902457,,0,0.000041,1,0.000007,0,1,1,0,1,1
28749636,,0,0,339,0.000007,0,1,1,0,1,1
26625823,,0,0,339,0.000013,1,0,1,1,0,1
28275330,,0,0,340,0.000007,0,1,1,0,1,1
26628061,,0,0,340,0.000013,1,0,1,1,0,1
28794644,,0,0.000039,5,0.000007,0,3,3,0,3,3
28701332,,0,0.000042,5,0.000007,0,4,4,0,4,4
28173834,,0,0.000042,5,0.000007,0,3,3,0,3,3
28002811,,0,0.000039,5,0.000007,0,2,2,0,2,2
27072583,,0,0.00001,5,0.000007,0,1,1,0,1,1
26630221,,0.000403,0,69,0.000009,4,0,4,4,0,4
29875583,,0,0.000002,72,0.000007,0,1,1,0,1,1
29241629,,0,0.000002,72,0.000007,0,1,1,0,1,1
28074552,,0,0.000002,72,0.000007,0,1,1,0,1,1
27859935,,0,0.000002,72,0.000007,0,1,1,0,1,1
26631606,,0.000093,0,89,0.000007,1,0,1,1,0,1
30266933,,0,0.000008,69,0.000007,0,1,1,0,1,1
30171420,,0,0.000024,69,0.000007,0,2,2,0,2,2
29930752,,0,0.000008,69,0.000007,0,1,1,0,1,1
29725455,,0,0.000008,69,0.000007,0,1,1,0,1,1
29435436,,0,0.000008,69,0.000007,0,1,1,0,1,1
29246026,,0,0.000008,69,0.000007,0,1,1,0,1,1
29238848,,0,0.000008,69,0.000007,0,1,1,0,1,1
29152092,,0,0.000008,69,0.000007,0,1,1,0,1,1
29113313,,0,0.000008,69,0.000007,0,1,1,0,1,1
29084211,,0,0.000008,69,0.000007,0,1,1,0,1,1
29082336,,0,0.000008,69,0.000007,0,2,2,0,2,2
28878391,,0,0.000008,69,0.000007,0,1,1,0,1,1
28632727,,0,0.000008,69,0.000007,0,1,1,0,1,1
28484590,,0,0.000008,69,0.000007,0,1,1,0,1,1
28148564,,0,0.000008,69,0.000007,0,1,1,0,1,1
27999407,,0,0.000008,69,0.000007,0,1,1,0,1,1
27990273,,0,0.000008,69,0.000007,0,1,1,0,1,1
27883291,,0,0.000008,69,0.000007,0,1,1,0,1,1
27760307,,0,0.000827,69,0.000007,0,3,3,0,3,3
27656422,,0,0.000008,69,0.000007,0,1,1,0,1,1
27528232,,0,0.000008,69,0.000007,0,1,1,0,1,1
27366153,,0,0.000008,69,0.000007,0,1,1,0,1,1
29752340,,0,0.000018,2,0.000007,0,1,1,0,1,1
26637364,,0.000943,0,2,0.00004,10,0,10,10,0,10
29568404,,0,0.000018,2,0.000007,0,1,1,0,1,1
29147648,,0,0.000018,2,0.000007,0,1,1,0,1,1
28831025,,0,0.000018,2,0.000007,0,1,1,0,1,1
26637472,,0.000146,0,5,0.000008,3,0,3,3,0,3
26638726,,0.000084,0,5,0.000009,2,0,2,2,0,2
24771886,,0,0,5,0.000007,0,1,1,0,1,1
29435294,,0,0.000004,205,0.000007,0,1,1,0,1,1
29156196,,0,0.000222,205,0.000007,0,4,4,0,4,4
28955657,,0,0.000004,205,0.000007,0,1,1,0,1,1
28076841,,0,0.000004,205,0.000007,0,1,1,0,1,1
27621757,,0,0.000004,205,0.000007,0,1,1,0,1,1
29953441,,0,0.000009,279,0.000007,0,2,2,0,2,2
28467790,,0,0.000006,279,0.000007,0,1,1,0,1,1
29922180,,0,0.000003,100,0.000007,0,1,1,0,1,1
30140320,,0,0.000001,5,0.000007,0,1,1,0,1,1
26652717,,0.000229,0,1,0.000017,4,0,4,4,0,4
28766886,,0,0.000004,1,0.000007,0,1,1,0,1,1
30482247,,0,0.00001,90,0.000007,0,1,1,0,1,1
26655088,,0.000502,0,90,0.000262,47,0,47,47,0,47
30294272,,0,0.00001,90,0.000007,0,1,1,0,1,1
30250229,,0,0.00001,90,0.000007,0,1,1,0,1,1
30249978,,0,0.00001,90,0.000007,0,1,1,0,1,1
30154763,,0,0.00001,90,0.000007,0,1,1,0,1,1
29857068,,0,0.00001,90,0.000007,0,1,1,0,1,1
29848371,,0,0.00001,90,0.000007,0,1,1,0,1,1
29669806,,0,0.00001,90,0.000007,0,1,1,0,1,1
29566749,,0,0.00001,90,0.000007,0,1,1,0,1,1
29560342,,0,0.00001,90,0.000007,0,1,1,0,1,1
29467336,,0,0.00001,90,0.000007,0,1,1,0,1,1
29445030,,0,0.00001,90,0.000007,0,1,1,0,1,1
29430700,,0,0.00001,90,0.000007,0,1,1,0,1,1
29321666,,0,0.00001,90,0.000007,0,1,1,0,1,1
29246939,,0,0.00001,90,0.000007,0,1,1,0,1,1
29217527,,0,0.00001,90,0.000007,0,1,1,0,1,1
29188306,,0,0.000017,90,0.000007,0,2,2,0,2,2
29172995,,0,0.00001,90,0.000007,0,1,1,0,1,1
29141020,,0,0.00001,90,0.000007,0,1,1,0,1,1
29123950,,0,0.00001,90,0.000007,0,1,1,0,1,1
29108353,,0,0.00001,90,0.000007,0,1,1,0,1,1
29102486,,0,0.00001,90,0.000007,0,1,1,0,1,1
29072302,,0,0.000017,90,0.000007,0,2,2,0,2,2
28959124,,0,0.00001,90,0.000007,0,1,1,0,1,1
28893943,,0,0.00001,90,0.000007,0,1,1,0,1,1
28835386,,0,0.000017,90,0.000007,0,2,2,0,2,2
28762116,,0,0.00001,90,0.000007,0,1,1,0,1,1
28707537,,0,0.00001,90,0.000007,0,1,1,0,1,1
28606924,,0,0.00001,90,0.000007,0,1,1,0,1,1
28407031,,0,0.00001,90,0.000007,0,1,1,0,1,1
28403382,,0,0.00001,90,0.000007,0,1,1,0,1,1
28359267,,0,0.000017,90,0.000007,0,2,2,0,2,2
28350180,,0,0.00001,90,0.000007,0,1,1,0,1,1
28233802,,0,0.00001,90,0.000007,0,1,1,0,1,1
28130073,,0,0.00001,90,0.000007,0,1,1,0,1,1
27879975,,0,0.00001,90,0.000007,0,1,1,0,1,1
27815175,,0,0.00001,90,0.000007,0,1,1,0,1,1
27592805,,0,0.00001,90,0.000007,0,1,1,0,1,1
27407162,,0,0.00001,90,0.000007,0,1,1,0,1,1
27381685,,0,0.00001,90,0.000007,0,1,1,0,1,1
27262710,,0,0.00001,90,0.000007,0,1,1,0,1,1
27166398,,0,0.00001,90,0.000007,0,1,1,0,1,1
27093365,,0,0.00001,90,0.000007,0,1,1,0,1,1
26656232,,0.000541,0,89,0.000009,4,0,4,4,0,4
29088828,,0,0,24,0.000007,0,2,2,0,2,2
26666763,,0.000022,0,89,0.000008,1,0,1,1,0,1
28334047,,0,0.000796,1,0.000007,0,2,2,0,2,2
26989075,,0,0.000027,1,0.000007,0,1,1,0,1,1
30271702,,0,0.000002,279,0.000007,0,1,1,0,1,1
29033383,,0,0.000002,279,0.000007,0,1,1,0,1,1
28728136,,0,0.000002,279,0.000007,0,1,1,0,1,1
28275920,,0,0.000002,279,0.000007,0,1,1,0,1,1
30250555,,0,0,341,0.000007,0,1,1,0,1,1
26673990,,0,0,341,0.000022,3,0,3,3,0,3
28008282,,0,0,341,0.000007,0,1,1,0,1,1
29942125,,0,0.000008,231,0.000007,0,1,1,0,1,1
29518222,,0,0.000008,231,0.000007,0,1,1,0,1,1
30002601,,0,0.000012,35,0.000007,0,1,1,0,1,1
29954368,,0,0.000012,35,0.000007,0,1,1,0,1,1
29876007,,0,0.000012,35,0.000007,0,1,1,0,1,1
29805742,,0,0.000012,35,0.000007,0,1,1,0,1,1
29402299,,0,0.000012,35,0.000007,0,1,1,0,1,1
28859055,,0,0.000012,35,0.000007,0,1,1,0,1,1
28798401,,0,0.000012,35,0.000007,0,1,1,0,1,1
28643770,,0,0.000013,35,0.000007,0,2,2,0,2,2
28202042,,0,0.000012,35,0.000007,0,1,1,0,1,1
27097807,,0,0.000019,35,0.000007,0,2,2,0,2,2
28030792,,0,0,342,0.000007,0,1,1,0,1,1
26678934,,0,0,342,0.000013,1,0,1,1,0,1
26679809,,0.000093,0,90,0.000007,1,0,1,1,0,1
30276360,,0,0.00006,205,0.000007,0,3,3,0,3,3
28837158,,0,0.00004,205,0.000007,0,1,1,0,1,1
28445321,,0,0.000066,205,0.000007,0,2,2,0,2,2
28352187,,0,0.000066,205,0.000007,0,2,2,0,2,2
26681678,,0.00151,0,1,0.000011,6,0,6,6,0,6
26682525,,0.000088,0,35,0.000012,3,0,3,3,0,3
26687385,,0.000022,0,89,0.000008,1,0,1,1,0,1
30115851,,0,0.000026,205,0.000007,0,1,1,0,1,1
29745856,,0,0.000026,205,0.000007,0,1,1,0,1,1
29273096,,0,0.000026,205,0.000007,0,1,1,0,1,1
28350864,,0,0.000026,205,0.000007,0,1,1,0,1,1
28170043,,0,0.000026,205,0.000007,0,1,1,0,1,1
28052013,,0,0.000026,205,0.000007,0,1,1,0,1,1
27339696,,0,0.000026,205,0.000007,0,1,1,0,1,1
30254904,,0,0,69,0.000007,0,1,1,0,1,1
26690823,,0.000025,0,69,0.000025,6,0,6,6,0,6
28528388,,0,0,69,0.000007,0,1,1,0,1,1
26691940,,0.000085,0,205,0.000007,1,0,1,1,0,1
26691941,,0.000002,0,89,0.000008,1,0,1,1,0,1
30459604,,0,0.000008,176,0.000007,0,1,1,0,1,1
29654294,,0,0.000008,176,0.000007,0,1,1,0,1,1
28255318,,0,0.000008,176,0.000007,0,1,1,0,1,1
27552817,,0,0.000008,176,0.000007,0,1,1,0,1,1
26693899,,0.001325,0,1,0.000023,9,0,9,9,0,9
28840024,,0,0.000025,1,0.000007,0,1,1,0,1,1
26694829,,0.000383,0,1,0.000008,1,0,1,1,0,1
26694831,,0.000391,0,35,0.000045,15,0,15,15,0,15
29620157,,0,0.000007,35,0.000007,0,1,1,0,1,1
29158480,,0,0.000007,35,0.000007,0,1,1,0,1,1
28111423,,0,0,343,0.000007,0,1,1,0,1,1
26696390,,0,0,343,0.000013,1,0,1,1,0,1
26698676,,0,0,184,0.000009,1,0,1,1,0,1
26700035,,0.000163,0,205,0.000017,4,0,4,4,0,4
28955114,,0,0.000003,205,0.000007,0,1,1,0,1,1
26700119,,0.000143,0,5,0.00002,5,0,5,5,0,5
29736859,,0,0.000003,5,0.000007,0,1,1,0,1,1
29453409,,0,0.000003,5,0.000007,0,1,1,0,1,1
28733469,,0,0,90,0.000007,0,1,1,0,1,1
28061468,,0,0,90,0.000007,0,1,1,0,1,1
26709647,,0.000274,0,279,0.000007,1,0,1,1,0,1
26709662,,0.000016,0,89,0.00001,2,0,2,2,0,2
26712194,,0.000001,0,69,0.000009,1,0,1,1,0,1
30302025,,0,0.000035,1,0.000007,0,1,1,0,1,1
28382286,,0,0.000035,1,0.000007,0,1,1,0,1,1
30099028,,0,0.000002,100,0.000007,0,1,1,0,1,1
29045470,,0,0.000002,100,0.000007,0,1,1,0,1,1
28201649,,0,0.000002,100,0.000007,0,1,1,0,1,1
28166236,,0,0.000002,100,0.000007,0,1,1,0,1,1
28031292,,0,0.000002,100,0.000007,0,1,1,0,1,1
30402230,,0,0.000216,1,0.000007,0,1,1,0,1,1
30364401,,0,0.001465,1,0.000007,0,4,4,0,4,4
27470985,,0,0.000216,1,0.000007,0,1,1,0,1,1
27690301,,0,0,279,0.000007,0,2,2,0,2,2
26723934,,0.000015,0,72,0.000017,3,0,3,3,0,3
28289479,,0,0,72,0.000007,0,1,1,0,1,1
30258192,,0,0,140,0.000007,0,1,1,0,1,1
29927689,,0,0,140,0.000007,0,1,1,0,1,1
26727920,,0.000124,0,205,0.000017,4,0,4,4,0,4
29324681,,0,0.000002,205,0.000007,0,1,1,0,1,1
30079293,,0,0,72,0.000007,0,1,1,0,1,1
29201061,,0,0,72,0.000007,0,1,1,0,1,1
28591733,,0,0,72,0.000007,0,1,1,0,1,1
30248944,,0,0.000003,69,0.000007,0,1,1,0,1,1
26731315,,0.000143,0,69,0.000014,2,0,2,2,0,2
28081541,,0,0,344,0.000007,0,1,1,0,1,1
26731993,,0,0,344,0.000013,1,0,1,1,0,1
26738429,,0.000839,0,100,0.000013,8,0,8,8,0,8
26740259,,0.002324,0,1,0.000009,6,0,6,6,0,6
29806518,,0,0,5,0.000007,0,2,2,0,2,2
26741411,,0,0,5,0.000036,6,0,6,6,0,6
28547663,,0,0,5,0.000007,0,1,1,0,1,1
28120838,,0,0,5,0.000007,0,1,1,0,1,1
27889875,,0,0,5,0.000007,0,1,1,0,1,1
26820067,,0,0,5,0.000007,0,1,1,0,1,1
26742938,,0.00007,0,140,0.000008,2,0,2,2,0,2
28539662,,0,0.000049,1,0.000007,0,1,1,0,1,1
28391108,,0,0.000049,1,0.000007,0,1,1,0,1,1
26749359,,0.000044,0,5,0.000008,1,0,1,1,0,1
30480578,,0,0,5,0.000007,0,1,1,0,1,1
30377391,,0,0,5,0.000007,0,1,1,0,1,1
30310313,,0,0,5,0.000007,0,1,1,0,1,1
30112413,,0,0,5,0.000007,0,1,1,0,1,1
29925074,,0,0,5,0.000007,0,1,1,0,1,1
29869766,,0,0,5,0.000007,0,1,1,0,1,1
29376014,,0,0,5,0.000007,0,1,1,0,1,1
28526012,,0,0,5,0.000007,0,1,1,0,1,1
26757170,,0.00023,0,198,0.000509,103,0,103,103,0,103
30349218,,0,0.000004,198,0.000007,0,1,1,0,1,1
30343644,,0,0.000004,198,0.000007,0,1,1,0,1,1
30288412,,0,0.000004,198,0.000007,0,1,1,0,1,1
30287986,,0,0.000004,198,0.000007,0,1,1,0,1,1
30246059,,0,0.000004,198,0.000007,0,1,1,0,1,1
30191237,,0,0.000004,198,0.000007,0,1,1,0,1,1
30112517,,0,0.000004,198,0.000007,0,2,2,0,2,2
30100076,,0,0.000004,198,0.000007,0,1,1,0,1,1
30066118,,0,0.000004,198,0.000007,0,2,2,0,2,2
30001431,,0,0.000004,198,0.000007,0,1,1,0,1,1
29984143,,0,0.000004,198,0.000007,0,1,1,0,1,1
29936719,,0,0.000004,198,0.000007,0,1,1,0,1,1
29903800,,0,0.000004,198,0.000007,0,1,1,0,1,1
29868386,,0,0.000004,198,0.000007,0,3,3,0,3,3
29809244,,0,0.000004,198,0.000007,0,1,1,0,1,1
29773491,,0,0.000004,198,0.000007,0,1,1,0,1,1
29736754,,0,0.000004,198,0.000007,0,1,1,0,1,1
29730937,,0,0.000004,198,0.000007,0,1,1,0,1,1
29618934,,0,0.000004,198,0.000007,0,1,1,0,1,1
29603147,,0,0.000004,198,0.000007,0,1,1,0,1,1
29602850,,0,0.000004,198,0.000007,0,1,1,0,1,1
29575590,,0,0.000004,198,0.000007,0,1,1,0,1,1
29554471,,0,0.000004,198,0.000007,0,1,1,0,1,1
29554468,,0,0.000004,198,0.000007,0,1,1,0,1,1
29516087,,0,0.000004,198,0.000007,0,1,1,0,1,1
29507820,,0,0.000004,198,0.000007,0,1,1,0,1,1
29426948,,0,0.000004,198,0.000007,0,1,1,0,1,1
29382701,,0,0.000004,198,0.000007,0,1,1,0,1,1
29376135,,0,0.000004,198,0.000007,0,1,1,0,1,1
29373069,,0,0.000004,198,0.000007,0,1,1,0,1,1
29345182,,0,0.000004,198,0.000007,0,1,1,0,1,1
29342379,,0,0.000004,198,0.000007,0,1,1,0,1,1
29330754,,0,0.000004,198,0.000007,0,1,1,0,1,1
29312916,,0,0.000004,198,0.000007,0,1,1,0,1,1
29279297,,0,0.000004,198,0.000007,0,1,1,0,1,1
29264700,,0,0.000004,198,0.000007,0,1,1,0,1,1
29155227,,0,0.000004,198,0.000007,0,2,2,0,2,2
29150480,,0,0.000004,198,0.000007,0,1,1,0,1,1
29113961,,0,0.000004,198,0.000007,0,1,1,0,1,1
29102420,,0,0.000004,198,0.000007,0,1,1,0,1,1
29046750,,0,0.000004,198,0.000007,0,1,1,0,1,1
28874895,,0,0.000004,198,0.000007,0,1,1,0,1,1
28838885,,0,0.000004,198,0.000007,0,1,1,0,1,1
28789659,,0,0.000004,198,0.000007,0,1,1,0,1,1
28731949,,0,0.000004,198,0.000007,0,1,1,0,1,1
28604917,,0,0.000004,198,0.000007,0,1,1,0,1,1
28601783,,0,0.000004,198,0.000007,0,1,1,0,1,1
28591356,,0,0.000004,198,0.000007,0,1,1,0,1,1
28575272,,0,0.000004,198,0.000007,0,1,1,0,1,1
28532422,,0,0.000004,198,0.000007,0,1,1,0,1,1
28503644,,0,0.000004,198,0.000007,0,1,1,0,1,1
28469496,,0,0.000004,198,0.000007,0,1,1,0,1,1
28450564,,0,0.000004,198,0.000007,0,1,1,0,1,1
28395005,,0,0.000004,198,0.000007,0,1,1,0,1,1
28376460,,0,0.000004,198,0.000007,0,1,1,0,1,1
28290092,,0,0.000004,198,0.000007,0,1,1,0,1,1
28289963,,0,0.000004,198,0.000007,0,1,1,0,1,1
28265792,,0,0.000004,198,0.000007,0,1,1,0,1,1
28210564,,0,0.000004,198,0.000007,0,1,1,0,1,1
28177856,,0,0.000004,198,0.000007,0,1,1,0,1,1
28130476,,0,0.000004,198,0.000007,0,1,1,0,1,1
28096808,,0,0.000004,198,0.000007,0,1,1,0,1,1
28070772,,0,0.000004,198,0.000007,0,1,1,0,1,1
28051896,,0,0.000004,198,0.000007,0,1,1,0,1,1
28025762,,0,0.000004,198,0.000007,0,1,1,0,1,1
27991613,,0,0.000004,198,0.000007,0,1,1,0,1,1
27894707,,0,0.000004,198,0.000007,0,1,1,0,1,1
27849632,,0,0.000004,198,0.000007,0,1,1,0,1,1
27825351,,0,0.000004,198,0.000007,0,1,1,0,1,1
27665586,,0,0.000004,198,0.000007,0,1,1,0,1,1
27528599,,0,0.000004,198,0.000007,0,1,1,0,1,1
27432925,,0,0.000004,198,0.000007,0,1,1,0,1,1
27428568,,0,0.000004,198,0.000007,0,1,1,0,1,1
27330352,,0,0.000004,198,0.000007,0,1,1,0,1,1
27261409,,0,0.000004,198,0.000007,0,1,1,0,1,1
27124337,,0,0.000004,198,0.000007,0,1,1,0,1,1
27017136,,0,0.000004,198,0.000007,0,1,1,0,1,1
26906525,,0,0.000004,198,0.000007,0,1,1,0,1,1
26757417,,0.000132,0,89,0.000008,2,0,2,2,0,2
26758254,,0.000073,0,5,0.000008,2,0,2,2,0,2
26759166,,0.000149,0,89,0.000015,3,0,3,3,0,3
30073103,,0,0.000003,89,0.000007,0,1,1,0,1,1
26759260,,0.000142,0,69,0.00001,1,0,1,1,0,1
30459487,,0,0.000007,140,0.000007,0,1,1,0,1,1
29858273,,0,0.000007,140,0.000007,0,1,1,0,1,1
29266521,,0,0.000007,140,0.000007,0,1,1,0,1,1
29242188,,0,0.000007,140,0.000007,0,1,1,0,1,1
29132416,,0,0.000007,140,0.000007,0,1,1,0,1,1
28717662,,0,0.000007,140,0.000007,0,1,1,0,1,1
28714225,,0,0.000013,140,0.000007,0,2,2,0,2,2
28546994,,0,0.000007,140,0.000007,0,1,1,0,1,1
28507310,,0,0.000007,140,0.000007,0,1,1,0,1,1
28357066,,0,0.000007,140,0.000007,0,1,1,0,1,1
28138077,,0,0.000007,140,0.000007,0,1,1,0,1,1
28039323,,0,0.000007,140,0.000007,0,1,1,0,1,1
27623443,,0,0.000007,140,0.000007,0,1,1,0,1,1
27453579,,0,0.000007,140,0.000007,0,1,1,0,1,1
27049861,,0,0.000007,140,0.000007,0,1,1,0,1,1
29480998,,0,0,345,0.000007,0,1,1,0,1,1
26762307,,0,0,345,0.000019,2,0,2,2,0,2
28928868,,0,0,345,0.000007,0,1,1,0,1,1
26763251,,0.001365,0,69,0.000162,32,0,32,32,0,32
30308033,,0,0.000026,69,0.000007,0,1,1,0,1,1
30258435,,0,0.000026,69,0.000007,0,1,1,0,1,1
30061886,,0,0.000026,69,0.000007,0,1,1,0,1,1
29899747,,0,0.000026,69,0.000007,0,1,1,0,1,1
29755647,,0,0.000026,69,0.000007,0,1,1,0,1,1
29464038,,0,0.000026,69,0.000007,0,1,1,0,1,1
29312327,,0,0.000026,69,0.000007,0,1,1,0,1,1
29299375,,0,0.000026,69,0.000007,0,1,1,0,1,1
29152550,,0,0.000026,69,0.000007,0,1,1,0,1,1
29069772,,0,0.000026,69,0.000007,0,1,1,0,1,1
28785261,,0,0.000026,69,0.000007,0,1,1,0,1,1
28570278,,0,0.000026,69,0.000007,0,1,1,0,1,1
28344870,,0,0.000026,69,0.000007,0,1,1,0,1,1
28187283,,0,0.000026,69,0.000007,0,1,1,0,1,1
28134800,,0,0.000026,69,0.000007,0,1,1,0,1,1
28078109,,0,0.000026,69,0.000007,0,1,1,0,1,1
27882334,,0,0.000026,69,0.000007,0,1,1,0,1,1
27799872,,0,0.000026,69,0.000007,0,1,1,0,1,1
27784305,,0,0.000026,69,0.000007,0,1,1,0,1,1
27752256,,0,0.000026,69,0.000007,0,1,1,0,1,1
27437104,,0,0.000026,69,0.000007,0,1,1,0,1,1
27354470,,0,0.000026,69,0.000007,0,1,1,0,1,1
27048364,,0,0.000026,69,0.000007,0,1,1,0,1,1
26763880,,0.000308,0,89,0.000008,2,0,2,2,0,2
30416757,,0,0,346,0.000007,0,1,1,0,1,1
29897522,,0,0,346,0.000007,0,1,1,0,1,1
29724813,,0,0,346,0.000007,0,1,1,0,1,1
29453678,,0,0,346,0.000007,0,1,1,0,1,1
29297738,,0,0,346,0.000007,0,1,1,0,1,1
28103571,,0,0,346,0.000007,0,1,1,0,1,1
27096711,,0,0.000003,100,0.000007,0,1,1,0,1,1
26768033,,0.000069,0,231,0.000021,5,0,5,5,0,5
27721883,,0,0.000001,231,0.000007,0,1,1,0,1,1
27280636,,0,0.000001,231,0.000007,0,1,1,0,1,1
29774315,,0,0,5,0.000007,0,1,1,0,1,1
27685104,,0,0,5,0.000007,0,1,1,0,1,1
30231582,,0,0,90,0.000007,0,1,1,0,1,1
26772784,,0,0,90,0.000157,27,0,27,27,0,27
30197878,,0,0,90,0.000007,0,1,1,0,1,1
30149660,,0,0,90,0.000007,0,1,1,0,1,1
30042492,,0,0,90,0.000007,0,1,1,0,1,1
29995404,,0,0,90,0.000007,0,1,1,0,1,1
29901626,,0,0,90,0.000007,0,1,1,0,1,1
29758025,,0,0,90,0.000007,0,1,1,0,1,1
29626751,,0,0,90,0.000007,0,1,1,0,1,1
29515122,,0,0,90,0.000007,0,1,1,0,1,1
29491433,,0,0,90,0.000007,0,1,1,0,1,1
29468138,,0,0,90,0.000007,0,1,1,0,1,1
29340082,,0,0,90,0.000007,0,1,1,0,1,1
29324706,,0,0,90,0.000007,0,1,1,0,1,1
29221123,,0,0,90,0.000007,0,1,1,0,1,1
29163766,,0,0,90,0.000007,0,1,1,0,1,1
29113301,,0,0,90,0.000007,0,1,1,0,1,1
29109191,,0,0,90,0.000007,0,1,1,0,1,1
28868254,,0,0,90,0.000007,0,1,1,0,1,1
28747251,,0,0,90,0.000007,0,1,1,0,1,1
28614300,,0,0,90,0.000007,0,1,1,0,1,1
28516062,,0,0,90,0.000007,0,1,1,0,1,1
27941214,,0,0,90,0.000007,0,1,1,0,1,1
27528654,,0,0,90,0.000007,0,1,1,0,1,1
26774285,,0.002624,0,100,0.000052,26,0,26,26,0,26
30110897,,0,0.00005,100,0.000007,0,1,1,0,1,1
29576527,,0,0.0001,100,0.000007,0,2,2,0,2,2
29563501,,0,0.00005,100,0.000007,0,1,1,0,1,1
29476094,,0,0.00005,100,0.000007,0,1,1,0,1,1
28564601,,0,0.0001,100,0.000007,0,2,2,0,2,2
27498169,,0,0.00005,100,0.000007,0,1,1,0,1,1
26775620,,0.031843,0,1,0.000154,127,0,127,127,0,127
30341163,,0,0.00061,205,0.000007,0,2,2,0,2,2
29610394,,0,0.000607,1,0.000007,0,1,1,0,1,1
29506529,,0,0.000608,205,0.000007,0,2,2,0,2,2
29491834,,0,0.000607,1,0.000007,0,1,1,0,1,1
29109227,,0,0.000698,1,0.000007,0,2,2,0,2,2
28878254,,0,0.000784,1,0.000007,0,2,2,0,2,2
28771080,,0,0.000607,1,0.000007,0,1,1,0,1,1
28649990,,0,0.000607,1,0.000007,0,1,1,0,1,1
28402931,,0,0.000623,205,0.000007,0,2,2,0,2,2
29928512,,0,0.000014,1,0.000007,0,1,1,0,1,1
30158543,,0,0.000138,1,0.000007,0,1,1,0,1,1
28742793,,0,0.000138,1,0.000007,0,1,1,0,1,1
28164088,,0,0.000138,1,0.000007,0,1,1,0,1,1
27894099,,0,0.000138,1,0.000007,0,1,1,0,1,1
26780555,,0.000465,0,5,0.000009,5,0,5,5,0,5
26780556,,0.000072,0,140,0.000008,2,0,2,2,0,2
29901146,,0,0.000001,100,0.000007,0,1,1,0,1,1
29435015,,0,0.000001,100,0.000007,0,1,1,0,1,1
29310425,,0,0.000001,100,0.000007,0,1,1,0,1,1
28926527,,0,0.000001,100,0.000007,0,1,1,0,1,1
29088253,,0,0.000051,1,0.000007,0,1,1,0,1,1
26785283,,0.000771,0,1,0.000007,1,0,1,1,0,1
30510771,,0,0.000033,205,0.000007,0,2,2,0,2,2
26786923,,0.001059,0,205,0.000019,20,0,20,20,0,20
27863419,,0,0.000025,1,0.000007,0,1,1,0,1,1
30006612,,0,0.000006,1,0.000007,0,1,1,0,1,1
29190892,,0,0.000019,69,0.000007,0,2,2,0,2,2
28652777,,0,0.000006,1,0.000007,0,1,1,0,1,1
27578986,,0,0.000006,1,0.000007,0,1,1,0,1,1
27423904,,0,0.000006,1,0.000007,0,1,1,0,1,1
28178655,,0,0.000006,279,0.000007,0,1,1,0,1,1
28149335,,0,0.000006,279,0.000007,0,1,1,0,1,1
26807643,,0.000158,0,69,0.000008,3,0,3,3,0,3
30008891,,0,0,241,0.000007,0,1,1,0,1,1
26808083,,0.000001,0,241,0.000027,4,0,4,4,0,4
28915711,,0,0,241,0.000007,0,1,1,0,1,1
27998305,,0,0,241,0.000007,0,1,1,0,1,1
26809252,,0.000917,0,5,0.000025,8,0,8,8,0,8
29907982,,0,0.000017,5,0.000007,0,1,1,0,1,1
29649374,,0,0.000017,5,0.000007,0,1,1,0,1,1
29907771,,0,0,72,0.000007,0,1,1,0,1,1
26822153,,0.000003,0,72,0.000066,11,0,11,11,0,11
29233865,,0,0,72,0.000007,0,1,1,0,1,1
29180822,,0,0,72,0.000007,0,1,1,0,1,1
29075944,,0,0,72,0.000007,0,1,1,0,1,1
28842646,,0,0,72,0.000007,0,1,1,0,1,1
28642363,,0,0,72,0.000007,0,1,1,0,1,1
28402505,,0,0,72,0.000007,0,1,1,0,1,1
27109101,,0,0,72,0.000007,0,1,1,0,1,1
26906421,,0,0,72,0.000007,0,1,1,0,1,1
30455982,,0,0.000016,205,0.000007,0,1,1,0,1,1
30262806,,0,0.000016,205,0.000007,0,1,1,0,1,1
30146332,,0,0.000016,205,0.000007,0,1,1,0,1,1
30089094,,0,0.000016,205,0.000007,0,1,1,0,1,1
30066179,,0,0.000016,205,0.000007,0,1,1,0,1,1
29847298,,0,0.000016,205,0.000007,0,1,1,0,1,1
29739461,,0,0.000016,205,0.000007,0,1,1,0,1,1
29732366,,0,0.000016,205,0.000007,0,1,1,0,1,1
29700101,,0,0.000019,205,0.000007,0,2,2,0,2,2
29259192,,0,0.000016,205,0.000007,0,1,1,0,1,1
29235051,,0,0.000016,205,0.000007,0,1,1,0,1,1
29218886,,0,0.000016,205,0.000007,0,1,1,0,1,1
29189430,,0,0.000016,205,0.000007,0,1,1,0,1,1
29062613,,0,0.000016,205,0.000007,0,1,1,0,1,1
28942966,,0,0.000016,205,0.000007,0,1,1,0,1,1
28873162,,0,0.000196,205,0.000007,0,4,4,0,4,4
28860053,,0,0.000016,205,0.000007,0,1,1,0,1,1
28786837,,0,0.000016,205,0.000007,0,1,1,0,1,1
28572261,,0,0.000016,205,0.000007,0,1,1,0,1,1
28561686,,0,0.000016,205,0.000007,0,1,1,0,1,1
28496993,,0,0.000016,205,0.000007,0,1,1,0,1,1
28007021,,0,0.000016,205,0.000007,0,1,1,0,1,1
27997549,,0,0.000016,205,0.000007,0,1,1,0,1,1
27814769,,0,0.000016,205,0.000007,0,1,1,0,1,1
27748010,,0,0.000016,205,0.000007,0,1,1,0,1,1
27732970,,0,0.000016,205,0.000007,0,1,1,0,1,1
27699178,,0,0.000016,205,0.000007,0,1,1,0,1,1
27632689,,0,0.000016,205,0.000007,0,1,1,0,1,1
27626068,,0,0.000016,205,0.000007,0,1,1,0,1,1
27509178,,0,0.000016,205,0.000007,0,1,1,0,1,1
27429135,,0,0.000016,205,0.000007,0,1,1,0,1,1
27388938,,0,0.000016,205,0.000007,0,1,1,0,1,1
27181682,,0,0.000016,205,0.000007,0,1,1,0,1,1
26822896,,0.000029,0,5,0.000008,2,0,2,2,0,2
26822949,,0.000074,0,5,0.000011,4,0,4,4,0,4
28070990,,0,0.000014,89,0.000007,0,1,1,0,1,1
27994516,,0,0.000014,89,0.000007,0,1,1,0,1,1
29264533,,0,0,5,0.000007,0,2,2,0,2,2
26827244,,0,0,5,0.00001,1,0,1,1,0,1
26828981,,0.000033,0,1,0.000008,1,0,1,1,0,1
26830315,,0.000343,0,69,0.000028,7,0,7,7,0,7
29451777,,0,0.000007,69,0.000007,0,1,1,0,1,1
28498503,,0,0.000007,69,0.000007,0,1,1,0,1,1
26833043,,0.000516,0,1,0.000007,2,0,2,2,0,2
26833046,,0.000119,0,5,0.000007,1,0,1,1,0,1
29181487,,0,0.000005,100,0.000007,0,1,1,0,1,1
26835710,,0.000029,0,72,0.000025,6,0,6,6,0,6
29263143,,0,0.000001,72,0.000007,0,1,1,0,1,1
29095255,,0,0.000001,72,0.000007,0,1,1,0,1,1
30191086,,0,0.000001,317,0.000007,0,1,1,0,1,1
29774450,,0,0.000001,317,0.000007,0,1,1,0,1,1
29121581,,0,0.000001,317,0.000007,0,1,1,0,1,1
28012339,,0,0.000001,317,0.000007,0,1,1,0,1,1
27895774,,0,0.000001,317,0.000007,0,1,1,0,1,1
27556007,,0,0.000001,317,0.000007,0,1,1,0,1,1
26838321,,0.00008,0,1,0.000013,2,0,2,2,0,2
27029062,,0,0.000002,1,0.000007,0,1,1,0,1,1
26840041,,0.000598,0,5,0.000014,4,0,4,4,0,4
27617238,,0,0.000011,5,0.000007,0,1,1,0,1,1
29967940,,0,0,347,0.000007,0,1,1,0,1,1
26841698,,0.000008,0,347,0.000033,5,0,5,5,0,5
29765950,,0,0,347,0.000007,0,1,1,0,1,1
27843898,,0,0,347,0.000007,0,1,1,0,1,1
27842164,,0,0,347,0.000007,0,1,1,0,1,1
27807506,,0,0,348,0.000007,0,1,1,0,1,1
26844708,,0,0,348,0.000013,1,0,1,1,0,1
26845104,,0.000664,0,205,0.000042,11,0,11,11,0,11
30460223,,0,0,349,0.000007,0,1,1,0,1,1
26851584,,0,0,349,0.000055,8,0,8,8,0,8
29976862,,0,0,349,0.000007,0,1,1,0,1,1
29710795,,0,0,349,0.000007,0,1,1,0,1,1
29606870,,0,0,349,0.000007,0,1,1,0,1,1
29238188,,0,0,349,0.000007,0,1,1,0,1,1
29123391,,0,0,349,0.000007,0,1,1,0,1,1
28652737,,0,0,349,0.000007,0,1,1,0,1,1
28489033,,0,0,349,0.000007,0,1,1,0,1,1
30174844,,0,0,350,0.000007,0,1,1,0,1,1
26855905,,0,0,350,0.000019,2,0,2,2,0,2
27294241,,0,0,350,0.000007,0,1,1,0,1,1
28836029,,0,0.000004,89,0.000007,0,1,1,0,1,1
26859126,,0.001592,0,89,0.00001,5,0,5,5,0,5
26864382,,0.000298,0,89,0.000008,2,0,2,2,0,2
26865580,,0.000582,0,1,0.000014,6,0,6,6,0,6
28862319,,0,0.000227,1,0.000007,0,2,2,0,2,2
29170526,,0,0.000017,5,0.000007,0,1,1,0,1,1
27134741,,0,0.000017,5,0.000007,0,1,1,0,1,1
27022903,,0,0.000017,5,0.000007,0,1,1,0,1,1
30356407,,0,0,231,0.000007,0,2,2,0,2,2
29377960,,0,0,231,0.000007,0,1,1,0,1,1
28152006,,0,0,231,0.000007,0,1,1,0,1,1
26875157,,0.000262,0,5,0.000007,1,0,1,1,0,1
26875946,,0.001077,0,5,0.00001,5,0,5,5,0,5
28507274,,0,0,351,0.000007,0,1,1,0,1,1
26880400,,0,0,351,0.000019,2,0,2,2,0,2
28219002,,0,0,351,0.000007,0,1,1,0,1,1
27994508,,0,0.000003,100,0.000007,0,1,1,0,1,1
29930714,,0,0.000003,66,0.000007,0,1,1,0,1,1
26885668,,0.000134,0,66,0.000038,4,0,4,4,0,4
29089331,,0,0.000003,66,0.000019,2,1,3,2,1,3
26888723,,0.000523,0,5,0.000011,4,0,4,4,0,4
28649644,,0,0.000223,69,0.000007,0,2,2,0,2,2
27642296,,0,0,69,0.000007,0,1,1,0,1,1
26898890,,0.000482,0,140,0.00001,7,0,7,7,0,7
26899229,,0.001762,0,1,0.000012,4,0,4,4,0,4
29890617,,0,0,24,0.000007,0,1,1,0,1,1
29854299,,0,0,24,0.000007,0,1,1,0,1,1
29017500,,0,0,24,0.000007,0,1,1,0,1,1
28981108,,0,0.000001,35,0.000007,0,2,2,0,2,2
28676915,,0,0,24,0.000007,0,1,1,0,1,1
28105931,,0,0,24,0.000007,0,1,1,0,1,1
28046018,,0,0,24,0.000007,0,1,1,0,1,1
27994465,,0,0,24,0.000007,0,1,1,0,1,1
29892266,,0,0.000012,241,0.000007,0,1,1,0,1,1
29029516,,0,0.000012,241,0.000007,0,1,1,0,1,1
26915939,,0.000309,0,89,0.000008,2,0,2,2,0,2
29795190,,0,0.000003,72,0.000007,0,1,1,0,1,1
29764561,,0,0.000003,72,0.000007,0,1,1,0,1,1
29426817,,0,0.000003,72,0.000007,0,1,1,0,1,1
28573106,,0,0.000003,72,0.000007,0,1,1,0,1,1
28475173,,0,0.000003,72,0.000007,0,1,1,0,1,1
29379836,,0,0.000012,5,0.000007,0,1,1,0,1,1
29642861,,0,0.000001,35,0.000007,0,1,1,0,1,1
29434411,,0,0.000001,35,0.000007,0,1,1,0,1,1
27458152,,0,0.000001,35,0.000007,0,1,1,0,1,1
28053694,,0,0.000007,1,0.000007,0,1,1,0,1,1
26928421,,0.000002,0,5,0.000009,1,0,1,1,0,1
26928436,,0.001312,0,205,0.000017,15,0,15,15,0,15
30024813,,0,0.000058,1,0.000007,0,3,3,0,3,3
26941049,,0.000001,0,5,0.000008,1,0,1,1,0,1
29473241,,0,0,35,0.000007,0,1,1,0,1,1
28858852,,0,0,35,0.000007,0,1,1,0,1,1
26946931,,0.000014,0,5,0.000014,2,0,2,2,0,2
29062659,,0,0,5,0.000007,0,1,1,0,1,1
29868579,,0,0,279,0.000007,0,1,1,0,1,1
29495500,,0,0,279,0.000007,0,1,1,0,1,1
26951453,,0.000134,0,5,0.000008,3,0,3,3,0,3
26954070,,0.000008,0,41,0.000009,2,0,2,2,0,2
26956035,,0.000282,0,279,0.000013,3,0,3,3,0,3
28458542,,0,0.000005,279,0.000007,0,1,1,0,1,1
26957554,,0.01752,0,1,0.000044,46,0,46,46,0,46
29899867,,0,0.000404,35,0.000007,0,2,2,0,2,2
29069797,,0,0.000334,1,0.000007,0,1,1,0,1,1
30259714,,0,0,82,0.000007,0,1,1,0,1,1
26958084,,0,0,82,0.000058,10,0,10,10,0,10
30116369,,0,0,82,0.000007,0,1,1,0,1,1
30029594,,0,0,82,0.000007,0,1,1,0,1,1
29703916,,0,0,82,0.000007,0,1,1,0,1,1
28933365,,0,0,82,0.000007,0,1,1,0,1,1
28607607,,0,0,82,0.000007,0,1,1,0,1,1
27531497,,0,0,82,0.000007,0,1,1,0,1,1
26960712,,0.000015,0,5,0.000007,1,0,1,1,0,1
26961668,,0.000072,0,1,0.000008,1,0,1,1,0,1
29986644,,0,0.000003,367,0.000007,0,2,2,0,2,2
27622158,,0,0,89,0.000007,0,1,1,0,1,1
26964893,,0.00179,0,1,0.000009,5,0,5,5,0,5
29549328,,0,0,352,0.000007,0,1,1,0,1,1
26970274,,0.000004,0,352,0.000028,4,0,4,4,0,4
28966800,,0,0,352,0.000007,0,1,1,0,1,1
28415616,,0,0,352,0.000007,0,1,1,0,1,1
30100991,,0,0.000037,5,0.000007,0,1,1,0,1,1
26979395,,0.000131,0,5,0.000018,7,0,7,7,0,7
28977958,,0,0.000002,5,0.000007,0,1,1,0,1,1
29545874,,0,0.000002,1,0.000007,0,1,1,0,1,1
29113418,,0,0.000002,1,0.000007,0,1,1,0,1,1
28977914,,0,0.000002,1,0.000007,0,1,1,0,1,1
29945186,,0,0.000001,231,0.000007,0,1,1,0,1,1
26980575,,0.000037,0,89,0.000007,1,0,1,1,0,1
27656319,,0,0,5,0.000007,0,1,1,0,1,1
26983446,,0.000008,0,5,0.000007,1,0,1,1,0,1
26985847,,0.000363,0,1,0.000007,1,0,1,1,0,1
29876006,,0,0,247,0.000007,0,1,1,0,1,1
29757215,,0,0,247,0.000007,0,1,1,0,1,1
29530003,,0,0,231,0.000007,0,1,1,0,1,1
30206250,,0,0,353,0.000007,0,1,1,0,1,1
26989051,,0,0,353,0.000019,2,0,2,2,0,2
28199975,,0,0,353,0.000007,0,1,1,0,1,1
30321177,,0,0.000001,140,0.000007,0,1,1,0,1,1
29789417,,0,0.000001,140,0.000007,0,1,1,0,1,1
29755289,,0,0.000001,140,0.000007,0,1,1,0,1,1
29728366,,0,0.000001,140,0.000007,0,1,1,0,1,1
29662161,,0,0.000001,140,0.000007,0,1,1,0,1,1
29312884,,0,0.000001,140,0.000007,0,2,2,0,2,2
29297679,,0,0.000001,140,0.000007,0,1,1,0,1,1
29125541,,0,0.000001,140,0.000007,0,1,1,0,1,1
28873329,,0,0.000213,140,0.000007,0,2,2,0,2,2
28841210,,0,0.000001,140,0.000007,0,1,1,0,1,1
28485999,,0,0.000001,140,0.000007,0,1,1,0,1,1
28363697,,0,0.000001,140,0.000007,0,1,1,0,1,1
28293170,,0,0.000001,140,0.000007,0,1,1,0,1,1
28284220,,0,0.000001,140,0.000007,0,1,1,0,1,1
28257482,,0,0.000001,140,0.000007,0,1,1,0,1,1
28062691,,0,0.000001,140,0.000007,0,1,1,0,1,1
28007980,,0,0.000001,140,0.000007,0,1,1,0,1,1
27916805,,0,0.000001,140,0.000007,0,1,1,0,1,1
27792139,,0,0.000001,140,0.000007,0,1,1,0,1,1
27685633,,0,0.000001,140,0.000007,0,1,1,0,1,1
27533138,,0,0.000001,140,0.000007,0,1,1,0,1,1
26997146,,0,0,184,0.00001,1,0,1,1,0,1
30008298,,0,0,41,0.000007,0,1,1,0,1,1
29593334,,0,0,41,0.000007,0,1,1,0,1,1
29254231,,0,0,41,0.000007,0,1,1,0,1,1
28583440,,0,0,41,0.000007,0,1,1,0,1,1
27605452,,0,0,41,0.000007,0,1,1,0,1,1
29374318,,0,0.000007,89,0.000007,0,1,1,0,1,1
27003155,,0.00038,0,89,0.000014,3,0,3,3,0,3
30007115,,0,0,354,0.000007,0,1,1,0,1,1
27014871,,0,0,354,0.000037,5,0,5,5,0,5
29922073,,0,0,354,0.000007,0,1,1,0,1,1
29867548,,0,0,354,0.000007,0,1,1,0,1,1
28061880,,0,0,354,0.000007,0,1,1,0,1,1
27869176,,0,0,354,0.000007,0,1,1,0,1,1
30426278,,0,0.000038,5,0.000007,0,1,1,0,1,1
27016223,,0.001968,0,5,0.000028,9,0,9,9,0,9
29057328,,0,0.000038,5,0.000007,0,1,1,0,1,1
27313827,,0,0.000038,5,0.000007,0,1,1,0,1,1
29276546,,0,0,89,0.000007,0,1,1,0,1,1
27023921,,0.000014,0,82,0.000031,6,0,6,6,0,6
29316705,,0,0,82,0.000007,0,1,1,0,1,1
27891193,,0,0,82,0.000007,0,1,1,0,1,1
27553833,,0,0,82,0.000007,0,1,1,0,1,1
27025497,,0.000323,0,89,0.000007,2,0,2,2,0,2
29233866,,0,0,57,0.000007,0,1,1,0,1,1
27026398,,0.000006,0,57,0.000022,3,0,3,3,0,3
28620030,,0,0,57,0.000007,0,1,1,0,1,1
30061953,,0,0.000001,24,0.000007,0,1,1,0,1,1
29757250,,0,0.000001,24,0.000007,0,1,1,0,1,1
28580318,,0,0.000001,24,0.000007,0,1,1,0,1,1
28400912,,0,0.000001,24,0.000007,0,1,1,0,1,1
27033093,,0.000649,0,89,0.000008,4,0,4,4,0,4
27036617,,0.000013,0,35,0.000012,2,0,2,2,0,2
29089570,,0,0.000093,100,0.000007,0,2,2,0,2,2
29061988,,0,0.000049,100,0.000007,0,1,1,0,1,1
28934497,,0,0.000049,100,0.000007,0,1,1,0,1,1
27872627,,0,0.000049,100,0.000007,0,1,1,0,1,1
27037812,,0.000185,0,35,0.000007,1,0,1,1,0,1
27038244,,0.000074,0,205,0.000008,2,0,2,2,0,2
27039761,,0.000001,0,69,0.000009,1,0,1,1,0,1
27039925,,0.000005,0,24,0.000013,2,0,2,2,0,2
30216632,,0,0.000001,100,0.000007,0,1,1,0,1,1
30214319,,0,0.000001,100,0.000007,0,1,1,0,1,1
27041672,,0.000438,0,1,0.000007,1,0,1,1,0,1
28135086,,0,0.000005,35,0.000007,0,1,1,0,1,1
27045154,,0.000004,0,5,0.000008,1,0,1,1,0,1
27048682,,0.000015,0,72,0.000015,3,0,3,3,0,3
27051053,,0.000349,0,1,0.000008,2,0,2,2,0,2
29594114,,0,0,100,0.000007,0,1,1,0,1,1
29260978,,0,0,100,0.000007,0,1,1,0,1,1
28545465,,0,0,100,0.000007,0,1,1,0,1,1
27980423,,0,0,100,0.000007,0,1,1,0,1,1
27060066,,0.000273,0,140,0.00001,7,0,7,7,0,7
30211116,,0,0,82,0.000007,0,1,1,0,1,1
29774126,,0,0,82,0.000007,0,1,1,0,1,1
29590104,,0,0,82,0.000007,0,1,1,0,1,1
29396562,,0,0,82,0.000007,0,1,1,0,1,1
29225688,,0,0,82,0.000007,0,1,1,0,1,1
29160846,,0,0,82,0.000007,0,1,1,0,1,1
28849182,,0,0,82,0.000007,0,1,1,0,1,1
27679576,,0,0,82,0.000007,0,1,1,0,1,1
27062051,,0.005894,0,1,0.000015,16,0,16,16,0,16
27062684,,0.000176,0,5,0.000008,3,0,3,3,0,3
30049809,,0,0,35,0.000007,0,1,1,0,1,1
27065320,,0.000007,0,35,0.000039,6,0,6,6,0,6
29988882,,0,0,35,0.000007,0,1,1,0,1,1
29850623,,0,0,35,0.000007,0,1,1,0,1,1
29538372,,0,0,35,0.000007,0,1,1,0,1,1
29479426,,0,0,35,0.000007,0,1,1,0,1,1
27065456,,0.004777,0,1,0.000026,19,0,19,19,0,19
27068824,,0.000002,0,231,0.000009,2,0,2,2,0,2
30425846,,0,0.000019,69,0.000007,0,1,1,0,1,1
28939880,,0,0.000019,69,0.000007,0,1,1,0,1,1
27072229,,0.000443,0,231,0.000018,4,0,4,4,0,4
28038450,,0,0.000008,231,0.000007,0,1,1,0,1,1
30405776,,0,0.000013,69,0.000007,0,1,1,0,1,1
30344725,,0,0.000013,69,0.000007,0,1,1,0,1,1
30127936,,0,0.000013,69,0.000007,0,1,1,0,1,1
29845747,,0,0.000013,69,0.000007,0,1,1,0,1,1
29774095,,0,0.000013,69,0.000007,0,1,1,0,1,1
29713196,,0,0.000013,69,0.000007,0,1,1,0,1,1
29698834,,0,0.000013,69,0.000007,0,1,1,0,1,1
29434722,,0,0.000013,69,0.000007,0,1,1,0,1,1
29434705,,0,0.000013,69,0.000007,0,1,1,0,1,1
29304762,,0,0.000013,69,0.000007,0,1,1,0,1,1
29297338,,0,0.000013,69,0.000007,0,1,1,0,1,1
29254165,,0,0.000013,69,0.000007,0,2,2,0,2,2
29221168,,0,0.000013,69,0.000007,0,1,1,0,1,1
29179461,,0,0.000013,69,0.000007,0,1,1,0,1,1
29101241,,0,0.000013,69,0.000007,0,1,1,0,1,1
29100423,,0,0.000013,69,0.000007,0,1,1,0,1,1
29100272,,0,0.000013,69,0.000007,0,1,1,0,1,1
29085511,,0,0.000013,69,0.000007,0,1,1,0,1,1
29050230,,0,0.000013,69,0.000007,0,1,1,0,1,1
28978079,,0,0.000013,69,0.000007,0,1,1,0,1,1
28978068,,0,0.000013,69,0.000007,0,1,1,0,1,1
28969062,,0,0.000013,69,0.000007,0,1,1,0,1,1
28961027,,0,0.000013,69,0.000007,0,1,1,0,1,1
28915581,,0,0.000013,69,0.000007,0,1,1,0,1,1
28881755,,0,0.000013,69,0.000007,0,1,1,0,1,1
28881601,,0,0.000013,69,0.000007,0,1,1,0,1,1
28545026,,0,0.000013,69,0.000007,0,1,1,0,1,1
28406230,,0,0.000013,69,0.000007,0,1,1,0,1,1
28187432,,0,0.000013,69,0.000007,0,1,1,0,1,1
28146429,,0,0.000013,69,0.000007,0,1,1,0,1,1
28122330,,0,0.000013,69,0.000007,0,1,1,0,1,1
28118613,,0,0.000013,69,0.000007,0,1,1,0,1,1
28060759,,0,0.000013,69,0.000007,0,1,1,0,1,1
27713133,,0,0.000013,89,0.000007,0,2,2,0,2,2
27703231,,0,0.000013,69,0.000007,0,1,1,0,1,1
27635398,,0,0.000013,69,0.000007,0,1,1,0,1,1
27634901,,0,0.000013,69,0.000007,0,1,1,0,1,1
27503456,,0,0.000013,69,0.000007,0,1,1,0,1,1
27487139,,0,0.000013,69,0.000007,0,1,1,0,1,1
27323856,,0,0.000013,69,0.000007,0,1,1,0,1,1
27292966,,0,0.000013,69,0.000007,0,1,1,0,1,1
27074860,,0.0003,0,5,0.000008,4,0,4,4,0,4
29582634,,0,0,1,0.000007,0,1,1,0,1,1
28745431,,0,0,355,0.000007,0,1,1,0,1,1
27077926,,0,0,355,0.000013,1,0,1,1,0,1
27081844,,0.000106,0,1,0.000028,5,0,5,5,0,5
30013369,,0,0.000002,1,0.000007,0,1,1,0,1,1
29387235,,0,0.000002,1,0.000007,0,1,1,0,1,1
28903436,,0,0.000002,1,0.000007,0,1,1,0,1,1
27083178,,0.000386,0,35,0.000009,4,0,4,4,0,4
30026228,,0,0.000003,205,0.000007,0,1,1,0,1,1
27882345,,0,0.000003,205,0.000007,0,1,1,0,1,1
27091466,,0.000151,0,5,0.000007,1,0,1,1,0,1
30299433,,0,0.000004,184,0.000007,0,1,1,0,1,1
29375713,,0,0.000001,35,0.000007,0,1,1,0,1,1
27109433,,0.000061,0,35,0.000041,7,0,7,7,0,7
29068422,,0,0.000001,35,0.000007,0,1,1,0,1,1
29029468,,0,0.000001,35,0.000007,0,1,1,0,1,1
28229117,,0,0.000001,35,0.000007,0,1,1,0,1,1
27779108,,0,0.000001,35,0.000007,0,1,1,0,1,1
30057427,,0,0.000045,1,0.000007,0,4,4,0,4,4
27113739,,0.000165,0,1,0.000017,5,0,5,5,0,5
27920622,,0,0.000003,1,0.000007,0,1,1,0,1,1
30290595,,0,0.000026,205,0.000007,0,1,1,0,1,1
27114589,,0.001367,0,205,0.000096,31,0,31,31,0,31
30106639,,0,0.000026,205,0.000007,0,1,1,0,1,1
29661201,,0,0.000026,205,0.000007,0,1,1,0,1,1
29518918,,0,0.000026,205,0.000007,0,1,1,0,1,1
29229290,,0,0.000026,205,0.000007,0,1,1,0,1,1
28691390,,0,0.000026,205,0.000007,0,1,1,0,1,1
28638788,,0,0.000026,205,0.000007,0,1,1,0,1,1
28105537,,0,0.000026,205,0.000007,0,1,1,0,1,1
28003762,,0,0.000026,205,0.000007,0,1,1,0,1,1
27621566,,0,0.000026,205,0.000007,0,1,1,0,1,1
27406244,,0,0.000026,205,0.000007,0,1,1,0,1,1
27115428,,0.000002,0,5,0.000011,2,0,2,2,0,2
30301969,,0,0.000013,231,0.000007,0,1,1,0,1,1
29560110,,0,0.000017,72,0.000007,0,2,2,0,2,2
29520233,,0,0.000013,231,0.000007,0,1,1,0,1,1
29059606,,0,0.000013,231,0.000007,0,1,1,0,1,1
28629478,,0,0.000013,231,0.000007,0,1,1,0,1,1
29611378,,0,0.000004,140,0.000007,0,3,3,0,3,3
27124784,,0.000055,0,140,0.000009,2,0,2,2,0,2
27125668,,0.000122,0,100,0.000011,5,0,5,5,0,5
29951617,,0,0,359,0.000007,0,2,2,0,2,2
27125805,,0,0,359,0.00001,1,0,1,1,0,1
30135079,,0,0.000008,100,0.000007,0,1,1,0,1,1
30103670,,0,0.000008,100,0.000007,0,1,1,0,1,1
29665074,,0,0.000008,100,0.000007,0,1,1,0,1,1
29269392,,0,0.000008,100,0.000007,0,1,1,0,1,1
29219147,,0,0.000008,100,0.000007,0,1,1,0,1,1
29165043,,0,0.000008,100,0.000007,0,1,1,0,1,1
29038744,,0,0.000008,100,0.000007,0,1,1,0,1,1
28596378,,0,0.000008,100,0.000007,0,1,1,0,1,1
28529316,,0,0.000008,100,0.000007,0,1,1,0,1,1
28327616,,0,0.000008,100,0.000007,0,1,1,0,1,1
28017329,,0,0.000008,100,0.000007,0,1,1,0,1,1
27827795,,0,0.000008,100,0.000007,0,1,1,0,1,1
27639166,,0,0.000008,100,0.000007,0,1,1,0,1,1
27579499,,0,0.000008,100,0.000007,0,1,1,0,1,1
27487153,,0,0.000008,100,0.000007,0,1,1,0,1,1
28318047,,0,0.000003,140,0.000007,0,1,1,0,1,1
30420702,,0,0.000213,69,0.000007,0,1,1,0,1,1
30404658,,0,0.000213,69,0.000007,0,1,1,0,1,1
30404001,,0,0.000225,69,0.000007,0,2,2,0,2,2
30375428,,0,0.000213,69,0.000007,0,1,1,0,1,1
30279960,,0,0.000213,69,0.000007,0,1,1,0,1,1
30272002,,0,0.000213,69,0.000007,0,1,1,0,1,1
30248920,,0,0.000213,69,0.000007,0,1,1,0,1,1
30220928,,0,0.000213,69,0.000007,0,1,1,0,1,1
30212483,,0,0.000213,69,0.000007,0,1,1,0,1,1
30202034,,0,0.000213,69,0.000007,0,1,1,0,1,1
30135448,,0,0.000213,69,0.000007,0,1,1,0,1,1
30109263,,0,0.000213,69,0.000007,0,1,1,0,1,1
30067989,,0,0.000213,69,0.000007,0,1,1,0,1,1
30066829,,0,0.000213,69,0.000007,0,1,1,0,1,1
30062102,,0,0.000213,69,0.000007,0,1,1,0,1,1
30039904,,0,0.000213,69,0.000007,0,1,1,0,1,1
29985390,,0,0.000213,69,0.000007,0,1,1,0,1,1
29930737,,0,0.000213,69,0.000007,0,1,1,0,1,1
29915264,,0,0.000213,69,0.000007,0,1,1,0,1,1
29902286,,0,0.000213,69,0.000007,0,1,1,0,1,1
29858576,,0,0.000213,69,0.000007,0,1,1,0,1,1
29856313,,0,0.000213,69,0.000007,0,1,1,0,1,1
29789325,,0,0.000213,69,0.000007,0,1,1,0,1,1
29748584,,0,0.000213,69,0.000007,0,1,1,0,1,1
29731168,,0,0.000213,69,0.000007,0,1,1,0,1,1
29656891,,0,0.000213,69,0.000007,0,1,1,0,1,1
29625053,,0,0.000213,69,0.000007,0,1,1,0,1,1
29623306,,0,0.000213,69,0.000007,0,1,1,0,1,1
29618486,,0,0.000213,69,0.000007,0,1,1,0,1,1
29614984,,0,0.000213,69,0.000007,0,1,1,0,1,1
29558370,,0,0.000213,69,0.000007,0,1,1,0,1,1
29488881,,0,0.000213,69,0.000007,0,1,1,0,1,1
29480816,,0,0.000213,69,0.000007,0,1,1,0,1,1
29449148,,0,0.000213,69,0.000007,0,1,1,0,1,1
29383138,,0,0.000213,69,0.000007,0,1,1,0,1,1
29365031,,0,0.000286,69,0.000007,0,2,2,0,2,2
29222734,,0,0.000213,69,0.000007,0,1,1,0,1,1
29202707,,0,0.000213,69,0.000007,0,1,1,0,1,1
29192207,,0,0.000213,69,0.000007,0,1,1,0,1,1
29141222,,0,0.000213,69,0.000007,0,1,1,0,1,1
29101368,,0,0.000213,69,0.000007,0,1,1,0,1,1
29059683,,0.001124,0.000213,231,0.000113,39,1,40,39,1,40
29056346,,0,0.000213,69,0.000007,0,1,1,0,1,1
29056344,,0,0.000213,69,0.000007,0,1,1,0,1,1
29030609,,0,0.000213,69,0.000007,0,1,1,0,1,1
29026114,,0,0.000213,69,0.000007,0,1,1,0,1,1
28977923,,0,0.000213,69,0.000007,0,1,1,0,1,1
28965763,,0,0.000213,69,0.000007,0,1,1,0,1,1
28939679,,0,0.000213,69,0.000007,0,1,1,0,1,1
28912133,,0,0.000315,69,0.000007,0,2,2,0,2,2
28900181,,0,0.000213,69,0.000007,0,1,1,0,1,1
28892078,,0,0.000213,69,0.000007,0,1,1,0,1,1
28854983,,0,0.000213,69,0.000007,0,1,1,0,1,1
28839204,,0,0.000213,69,0.000007,0,1,1,0,1,1
28837398,,0,0.000213,69,0.000007,0,1,1,0,1,1
28819414,,0,0.000213,69,0.000007,0,1,1,0,1,1
28729728,,0,0.000213,69,0.000007,0,1,1,0,1,1
28685159,,0,0.000213,69,0.000007,0,1,1,0,1,1
28572255,,0,0.000213,69,0.000007,0,1,1,0,1,1
28453704,,0,0.000213,69,0.000007,0,1,1,0,1,1
28427202,,0,0.000213,69,0.000007,0,1,1,0,1,1
28376181,,0,0.000213,69,0.000007,0,1,1,0,1,1
28351929,,0,0.000213,69,0.000007,0,1,1,0,1,1
28329761,,0,0.000213,69,0.000007,0,1,1,0,1,1
28260788,,0,0.000213,69,0.000007,0,1,1,0,1,1
28250801,,0,0.000213,69,0.000007,0,1,1,0,1,1
28247034,,0,0.000213,69,0.000007,0,1,1,0,1,1
28203693,,0,0.000213,69,0.000007,0,1,1,0,1,1
28179366,,0,0.000213,69,0.000007,0,1,1,0,1,1
28117753,,0,0.000213,69,0.000007,0,1,1,0,1,1
27991903,,0,0.000213,69,0.000007,0,1,1,0,1,1
27980099,,0,0.000213,69,0.000007,0,1,1,0,1,1
27940449,,0,0.000213,69,0.000007,0,1,1,0,1,1
27930809,,0,0.000213,69,0.000007,0,1,1,0,1,1
27924834,,0,0.000213,69,0.000007,0,1,1,0,1,1
27836865,,0,0.000213,69,0.000007,0,1,1,0,1,1
27765906,,0,0.000213,69,0.000007,0,1,1,0,1,1
27761362,,0,0.000213,69,0.000007,0,1,1,0,1,1
27700225,,0,0.000213,69,0.000007,0,1,1,0,1,1
27684370,,0,0.000213,69,0.000007,0,1,1,0,1,1
27602491,,0,0.000213,69,0.000007,0,1,1,0,1,1
27506377,,0,0.000213,69,0.000007,0,1,1,0,1,1
27141070,,0.004436,0,1,0.000023,16,0,16,16,0,16
27150160,,0.00044,0,5,0.000008,2,0,2,2,0,2
27151060,,0,0,89,0.000009,1,0,1,1,0,1
29986705,,0,0.000021,140,0.000007,0,1,1,0,1,1
29862020,,0,0.000021,140,0.000007,0,1,1,0,1,1
28706299,,0,0.000021,140,0.000007,0,1,1,0,1,1
27157322,,0.000329,0,205,0.000013,7,0,7,7,0,7
30205700,,0,0,35,0.000007,0,1,1,0,1,1
29170712,,0,0,35,0.000007,0,1,1,0,1,1
28391084,,0,0,35,0.000007,0,1,1,0,1,1
27957794,,0,0,35,0.000007,0,1,1,0,1,1
27159752,,0.000796,0,69,0.000008,4,0,4,4,0,4
30402568,,0,0.000005,82,0.000007,0,1,1,0,1,1
27160230,,0.000251,0,82,0.000261,51,0,51,51,0,51
30290605,,0,0.000005,82,0.000007,0,1,1,0,1,1
30276213,,0,0.000005,82,0.000007,0,1,1,0,1,1
30168298,,0,0.000005,82,0.000007,0,1,1,0,1,1
30109195,,0,0.000005,82,0.000007,0,1,1,0,1,1
29942196,,0,0.000005,82,0.000007,0,1,1,0,1,1
29786491,,0,0.000005,82,0.000007,0,1,1,0,1,1
29732283,,0,0.000005,82,0.000007,0,1,1,0,1,1
29725427,,0,0.000005,82,0.000007,0,1,1,0,1,1
29719487,,0,0.000005,82,0.000007,0,1,1,0,1,1
29719335,,0,0.000005,82,0.000007,0,1,1,0,1,1
29644179,,0,0.000005,82,0.000007,0,1,1,0,1,1
29617073,,0,0.000005,82,0.000007,0,1,1,0,1,1
29594026,,0,0.000005,82,0.000007,0,1,1,0,1,1
29544447,,0,0.000005,82,0.000007,0,1,1,0,1,1
29519548,,0,0.000005,82,0.000007,0,1,1,0,1,1
29472826,,0,0.000005,82,0.000007,0,1,1,0,1,1
29372084,,0,0.000005,82,0.000007,0,1,1,0,1,1
29344092,,0,0.000005,82,0.000007,0,1,1,0,1,1
29321194,,0,0.000005,82,0.000007,0,1,1,0,1,1
29302240,,0,0.000005,82,0.000007,0,1,1,0,1,1
29302237,,0,0.000005,82,0.000007,0,1,1,0,1,1
29108367,,0,0.000005,82,0.000007,0,1,1,0,1,1
29100440,,0,0.000005,82,0.000007,0,1,1,0,1,1
28930171,,0,0.000005,82,0.000007,0,1,1,0,1,1
28925011,,0,0.000005,82,0.000007,0,1,1,0,1,1
28900493,,0,0.000005,82,0.000007,0,1,1,0,1,1
28842211,,0,0.000005,82,0.000007,0,1,1,0,1,1
28725585,,0,0.000005,82,0.000007,0,1,1,0,1,1
28703328,,0,0.000005,82,0.000007,0,1,1,0,1,1
28646886,,0,0.000005,82,0.000007,0,1,1,0,1,1
28534214,,0,0.000005,82,0.000007,0,1,1,0,1,1
28522924,,0,0.000005,82,0.000007,0,1,1,0,1,1
28338310,,0,0.000005,82,0.000007,0,1,1,0,1,1
28275218,,0,0.000006,82,0.000007,0,2,2,0,2,2
28221219,,0,0.000005,82,0.000007,0,1,1,0,1,1
27995937,,0,0.000005,82,0.000007,0,1,1,0,1,1
27976632,,0,0.000005,82,0.000007,0,1,1,0,1,1
27730440,,0,0.000005,82,0.000007,0,1,1,0,1,1
27527500,,0,0.000005,82,0.000007,0,1,1,0,1,1
27446568,,0,0.000005,82,0.000007,0,1,1,0,1,1
29855315,,0,0.000014,5,0.000007,0,1,1,0,1,1
28972186,,0,0.000002,1,0.000007,0,1,1,0,1,1
28397106,,0,0.000013,89,0.000007,0,1,1,0,1,1
30035102,,0,0,356,0.000007,0,1,1,0,1,1
27175567,,0,0,356,0.000013,1,0,1,1,0,1
29942793,,0,0,176,0.000007,0,1,1,0,1,1
29573240,,0,0,176,0.000007,0,1,1,0,1,1
29067274,,0,0,176,0.000007,0,1,1,0,1,1
28936263,,0,0,176,0.000007,0,1,1,0,1,1
28854931,,0,0,176,0.000017,3,1,4,3,1,4
27716356,,0,0,176,0.000007,0,1,1,0,1,1
30497491,,0,0.000074,1,0.000007,0,1,1,0,1,1
30335837,,0,0.000139,1,0.000007,0,3,3,0,3,3
30131338,,0,0.000074,1,0.000007,0,1,1,0,1,1
30127952,,0,0.000102,35,0.000007,0,2,2,0,2,2
30078354,,0,0.000155,1,0.000007,0,2,2,0,2,2
30050305,,0,0.000074,1,0.000007,0,1,1,0,1,1
30026672,,0,0.000074,1,0.000007,0,1,1,0,1,1
30008617,,0,0.000074,1,0.000007,0,2,2,0,2,2
29951338,,0,0.000074,1,0.000007,0,1,1,0,1,1
29921732,,0,0.000074,1,0.000007,0,1,1,0,1,1
29880896,,0,0.000101,1,0.000007,0,2,2,0,2,2
29805099,,0,0.000074,1,0.000007,0,1,1,0,1,1
29772755,,0,0.000074,1,0.000007,0,1,1,0,1,1
29760958,,0,0.000074,279,0.000007,0,3,3,0,3,3
29751678,,0,0.000102,35,0.000007,0,2,2,0,2,2
29735611,,0,0.000074,1,0.000007,0,1,1,0,1,1
29670372,,0,0.000074,1,0.000007,0,1,1,0,1,1
29669699,,0,0.000074,1,0.000007,0,1,1,0,1,1
29623068,,0,0.000074,1,0.000007,0,1,1,0,1,1
29592953,,0,0.000074,1,0.000007,0,1,1,0,1,1
29541397,,0,0.000074,1,0.000007,0,1,1,0,1,1
29528145,,0,0.000074,1,0.000007,0,1,1,0,1,1
29484119,,0,0.000074,1,0.000007,0,1,1,0,1,1
29479851,,0,0.000074,1,0.000007,0,1,1,0,1,1
29471829,,0,0.000074,1,0.000007,0,1,1,0,1,1
29453319,,0,0.000074,1,0.000007,0,1,1,0,1,1
29434187,,0,0.000074,1,0.000007,0,1,1,0,1,1
29399412,,0,0.000074,1,0.000007,0,1,1,0,1,1
29383126,,0,0.000074,1,0.000007,0,1,1,0,1,1
29376133,,0,0.000074,1,0.000007,0,1,1,0,1,1
29374185,,0,0.000074,1,0.000007,0,1,1,0,1,1
29374147,,0,0.000074,1,0.000007,0,1,1,0,1,1
29352235,,0,0.000074,1,0.000007,0,1,1,0,1,1
29312532,,0,0.000074,1,0.000007,0,1,1,0,1,1
29258739,,0,0.000074,1,0.000007,0,1,1,0,1,1
29209571,,0,0.000074,1,0.000007,0,1,1,0,1,1
29171784,,0,0.000074,1,0.000007,0,1,1,0,1,1
29113326,,0,0.000144,35,0.000007,0,2,2,0,2,2
28947965,,0,0.000074,1,0.000007,0,1,1,0,1,1
28938404,,0,0.000074,1,0.000007,0,1,1,0,1,1
28919038,,0,0.000074,1,0.000007,0,1,1,0,1,1
28906486,,0,0.000074,1,0.000007,0,1,1,0,1,1
28800861,,0,0.000074,1,0.000007,0,1,1,0,1,1
28750689,,0,0.000074,1,0.000007,0,1,1,0,1,1
28740556,,0,0.000074,1,0.000007,0,1,1,0,1,1
28611534,,0,0.000075,1,0.000007,0,2,2,0,2,2
28480051,,0,0.000074,1,0.000007,0,1,1,0,1,1
28345619,,0,0.000074,1,0.000007,0,1,1,0,1,1
28233927,,0,0.000074,1,0.000007,0,1,1,0,1,1
28174484,,0,0.000074,1,0.000007,0,1,1,0,1,1
28141839,,0,0.000074,1,0.000007,0,1,1,0,1,1
27879682,,0,0.000074,1,0.000007,0,1,1,0,1,1
29904404,,0,0,90,0.000007,0,1,1,0,1,1
28694563,,0,0,90,0.000007,0,1,1,0,1,1
27188668,,0.000535,0,1,0.000009,2,0,2,2,0,2
29348829,,0,0.000003,69,0.000007,0,1,1,0,1,1
27189457,,0.000181,0,69,0.000027,5,0,5,5,0,5
28299511,,0,0.000003,69,0.000007,0,1,1,0,1,1
27701384,,0,0.000003,69,0.000007,0,1,1,0,1,1
29467852,,0,0.000009,1,0.000007,0,1,1,0,1,1
27548061,,0,0.000009,1,0.000007,0,1,1,0,1,1
30510663,,0,0.000031,69,0.000007,0,2,2,0,2,2
29761000,,0,0.000003,69,0.000007,0,1,1,0,1,1
30365085,,0,0.000013,72,0.000007,0,1,1,0,1,1
27209246,,0.000697,0,72,0.000015,5,0,5,5,0,5
29168006,,0,0,357,0.000007,0,1,1,0,1,1
27212693,,0,0,357,0.000013,1,0,1,1,0,1
30217221,,0,0,89,0.000007,0,2,2,0,2,2
29544638,,0,0,89,0.000007,0,1,1,0,1,1
28577549,,0,0,89,0.000007,0,1,1,0,1,1
29268796,,0,0.000005,69,0.000007,0,1,1,0,1,1
27221844,,0.000104,0,89,0.000007,1,0,1,1,0,1
27221860,,0.000029,0,1,0.000008,1,0,1,1,0,1
27221885,,0.000296,0,89,0.000007,1,0,1,1,0,1
27221928,,0.000103,0,231,0.000019,3,0,3,3,0,3
29138579,,0,0.000002,231,0.000007,0,1,1,0,1,1
28487205,,0,0.000002,231,0.000007,0,1,1,0,1,1
27225387,,0.000024,0,89,0.00001,3,0,3,3,0,3
27225819,,0.000188,0,5,0.000009,3,0,3,3,0,3
27226207,,0.003533,0,1,0.000014,7,0,7,7,0,7
27228984,,0.000131,0,5,0.000012,6,0,6,6,0,6
29348825,,0,0,82,0.000007,0,1,1,0,1,1
27229346,,0,0,82,0.000021,3,0,3,3,0,3
29099265,,0,0,82,0.000007,0,1,1,0,1,1
29780673,,0,0,100,0.000007,0,1,1,0,1,1
30065548,,0,0,69,0.000007,0,1,1,0,1,1
27241581,,0.000091,0,89,0.000014,3,0,3,3,0,3
29201987,,0,0.000002,89,0.000007,0,1,1,0,1,1
29769125,,0,0,279,0.000007,0,1,1,0,1,1
30013514,,0,0,5,0.000007,0,1,1,0,1,1
30410612,,0,0,82,0.000007,0,1,1,0,1,1
27249597,,0.000001,0,82,0.000033,5,0,5,5,0,5
30066884,,0,0,82,0.000007,0,1,1,0,1,1
30018048,,0,0,82,0.000007,0,1,1,0,1,1
29795564,,0,0,82,0.000007,0,1,1,0,1,1
27249731,,0.000258,0,1,0.000011,2,0,2,2,0,2
29988677,,0,0.000002,205,0.000007,0,1,1,0,1,1
28562563,,0,0.000004,89,0.000007,0,1,1,0,1,1
29211698,,0,0.000005,41,0.000007,0,1,1,0,1,1
29143783,,0,0.000005,41,0.000007,0,1,1,0,1,1
28369883,,0,0.000005,41,0.000007,0,1,1,0,1,1
27792453,,0,0.000005,41,0.000037,5,1,6,5,1,6
27259275,,0.000006,0,279,0.000083,13,0,13,13,0,13
29343972,,0,0,279,0.000007,0,1,1,0,1,1
29050200,,0,0,279,0.000007,0,1,1,0,1,1
28785086,,0.000011,0,279,0.000024,5,1,6,5,1,6
28643330,,0,0,279,0.000007,0,1,1,0,1,1
28510041,,0,0,279,0.000007,0,1,1,0,1,1
28126925,,0,0,279,0.000007,0,1,1,0,1,1
28039441,,0,0,279,0.000007,0,1,1,0,1,1
27893710,,0,0,279,0.000007,0,1,1,0,1,1
28538178,,0,0.000044,100,0.000007,0,1,1,0,1,1
27265304,,0.000037,0,89,0.000007,1,0,1,1,0,1
27276934,,0.000027,0,205,0.000009,3,0,3,3,0,3
27278204,,0.000057,0,231,0.000013,3,0,3,3,0,3
27281838,,0.00017,0,69,0.000031,6,0,6,6,0,6
29049328,,0,0.000003,69,0.000007,0,1,1,0,1,1
28736855,,0,0.000003,69,0.000007,0,1,1,0,1,1
28075407,,0,0.000003,69,0.000007,0,1,1,0,1,1
27282964,,0.000009,0,57,0.000017,3,0,3,3,0,3
28821788,,0,0,57,0.000007,0,1,1,0,1,1
29109513,,0,0.000004,35,0.000007,0,1,1,0,1,1
28643022,,0,0.000004,35,0.000007,0,1,1,0,1,1
28474005,,0,0.000004,35,0.000007,0,1,1,0,1,1
28423563,,0,0.000004,35,0.000007,0,1,1,0,1,1
30444892,,0,0.000009,89,0.000007,0,1,1,0,1,1
29500337,,0,0,279,0.000007,0,1,1,0,1,1
29323101,,0,0,279,0.000007,0,1,1,0,1,1
29186089,,0,0,279,0.000007,0,1,1,0,1,1
28614291,,0,0,279,0.000007,0,1,1,0,1,1
27694794,,0,0,279,0.000007,0,1,1,0,1,1
27292187,,0.001124,0,100,0.000036,13,0,13,13,0,13
29695914,,0,0.000021,100,0.000007,0,1,1,0,1,1
29541209,,0,0.000021,100,0.000007,0,1,1,0,1,1
28978719,,0,0.000021,100,0.000007,0,1,1,0,1,1
27866815,,0,0.000021,100,0.000007,0,1,1,0,1,1
27297669,,0.001249,0,205,0.000007,2,0,2,2,0,2
29942509,,0,0.00001,1,0.000007,0,1,1,0,1,1
30349649,,0,0.00007,35,0.000007,0,1,1,0,1,1
30312311,,0,0.00007,35,0.000007,0,1,1,0,1,1
30193111,,0,0.000097,35,0.000007,0,2,2,0,2,2
30181805,,0,0.00007,90,0.000007,0,2,2,0,2,2
30176944,,0,0.00007,35,0.000007,0,1,1,0,1,1
30036862,,0,0.00007,35,0.000007,0,1,1,0,1,1
29991529,,0,0.00007,35,0.000007,0,1,1,0,1,1
29895705,,0,0.00007,35,0.000007,0,1,1,0,1,1
29721153,,0,0.00007,35,0.000007,0,1,1,0,1,1
29720474,,0,0.00007,35,0.000007,0,1,1,0,1,1
29482642,,0,0.00007,35,0.000007,0,1,1,0,1,1
29340907,,0,0.00007,35,0.000007,0,1,1,0,1,1
28979132,,0,0.00007,35,0.000007,0,1,1,0,1,1
28943920,,0,0.00007,35,0.000007,0,1,1,0,1,1
28741260,,0,0.00007,35,0.000007,0,1,1,0,1,1
28604807,,0,0.00007,35,0.000007,0,1,1,0,1,1
28376728,,0,0.00007,35,0.000007,0,1,1,0,1,1
28270621,,0,0.00007,35,0.000007,0,1,1,0,1,1
28132893,,0,0.00007,35,0.000007,0,1,1,0,1,1
27313181,,0.000005,0,205,0.000016,2,0,2,2,0,2
29503571,,0,0,205,0.000007,0,1,1,0,1,1
28962158,,0,0,24,0.000007,0,1,1,0,1,1
29429013,,0,0.000006,5,0.000007,0,1,1,0,1,1
27315065,,0.00032,0,5,0.000015,5,0,5,5,0,5
29439487,,0,0.000003,100,0.000007,0,1,1,0,1,1
29323619,,0,0.000003,100,0.000007,0,1,1,0,1,1
27991914,,0,0.000003,100,0.000007,0,1,1,0,1,1
27788496,,0,0.000007,1,0.000007,0,1,1,0,1,1
29364930,,0,0.000016,205,0.000007,0,2,2,0,2,2
27317999,,0,0,205,0.00001,1,0,1,1,0,1
27318168,,0.00079,0,5,0.000027,12,0,12,12,0,12
29849789,,0,0.000015,5,0.000007,0,1,1,0,1,1
27909692,,0,0.000015,5,0.000007,0,1,1,0,1,1
29991744,,0,0.000001,5,0.000007,0,1,1,0,1,1
27318890,,0.000041,0,5,0.000013,2,0,2,2,0,2
29636992,,0,0,358,0.000007,0,1,1,0,1,1
27322484,,0,0,358,0.000013,1,0,1,1,0,1
27322743,,0.001515,0,5,0.000076,33,0,33,33,0,33
29946151,,0,0.000029,5,0.000007,0,1,1,0,1,1
29932437,,0,0.000029,5,0.000007,0,2,2,0,2,2
29461491,,0,0.000029,5,0.000007,0,2,2,0,2,2
29455416,,0,0.000029,5,0.000007,0,1,1,0,1,1
29118048,,0,0.000029,5,0.000007,0,1,1,0,1,1
28761973,,0,0.000029,5,0.000007,0,1,1,0,1,1
28666187,,0,0.000029,5,0.000007,0,1,1,0,1,1
28203164,,0,0.000029,5,0.000007,0,1,1,0,1,1
27325297,,0.000005,0,5,0.000009,1,0,1,1,0,1
27325334,,0.000026,0,2,0.000009,2,0,2,2,0,2
27325824,,0.000318,0,100,0.000011,4,0,4,4,0,4
27328445,,0.000367,0,140,0.000008,3,0,3,3,0,3
30081553,,0,0,241,0.000007,0,1,1,0,1,1
30079232,,0,0,241,0.000007,0,1,1,0,1,1
29480134,,0,0,241,0.000007,0,1,1,0,1,1
29345195,,0,0,241,0.000007,0,1,1,0,1,1
28361925,,0,0,241,0.000007,0,1,1,0,1,1
28275213,,0,0,241,0.000007,0,1,1,0,1,1
27854133,,0,0,241,0.000007,0,1,1,0,1,1
29666128,,0,0,231,0.000007,0,1,1,0,1,1
27339713,,0.000005,0,231,0.000015,2,0,2,2,0,2
27342972,,0.000099,0,66,0.000009,1,0,1,1,0,1
27343437,,0.000387,0,1,0.000019,7,0,7,7,0,7
29466297,,0,0.000007,1,0.000007,0,1,1,0,1,1
30067838,,0,0.000002,82,0.000007,0,1,1,0,1,1
27345151,,0.000095,0,82,0.000135,28,0,28,28,0,28
29930914,,0,0.000002,82,0.000007,0,1,1,0,1,1
29895332,,0,0.000002,82,0.000007,0,1,1,0,1,1
29738493,,0,0.000002,82,0.000007,0,1,1,0,1,1
29432174,,0,0.000002,82,0.000007,0,1,1,0,1,1
29205081,,0,0.000002,82,0.000007,0,1,1,0,1,1
28981103,,0,0.000002,82,0.000007,0,1,1,0,1,1
28931678,,0,0.000002,82,0.000007,0,1,1,0,1,1
28880214,,0,0.000002,82,0.000007,0,1,1,0,1,1
28855742,,0,0.000002,82,0.000007,0,1,1,0,1,1
28854356,,0,0.000002,82,0.000007,0,1,1,0,1,1
28740555,,0,0.000002,82,0.000007,0,1,1,0,1,1
28662643,,0,0.000002,82,0.000007,0,1,1,0,1,1
28650265,,0,0.000002,82,0.000007,0,1,1,0,1,1
28512249,,0,0.000002,82,0.000007,0,1,1,0,1,1
28339401,,0,0.000002,82,0.000007,0,1,1,0,1,1
28299189,,0,0.000002,82,0.000007,0,1,1,0,1,1
28103122,,0,0.000002,82,0.000007,0,1,1,0,1,1
27348077,,0.002629,0,100,0.000096,39,0,39,39,0,39
29925947,,0,0.00005,100,0.000007,0,1,1,0,1,1
29383801,,0,0.00005,100,0.000007,0,1,1,0,1,1
28980862,,0,0.00005,100,0.000007,0,1,1,0,1,1
28420421,,0,0.00005,100,0.000007,0,1,1,0,1,1
28235945,,0,0.000065,100,0.000007,0,2,2,0,2,2
27976684,,0,0.00005,100,0.000007,0,1,1,0,1,1
27352265,,0.000001,0,279,0.000043,7,0,7,7,0,7
30123056,,0,0,279,0.000007,0,1,1,0,1,1
29907142,,0,0,279,0.000007,0,1,1,0,1,1
29662489,,0,0,279,0.000007,0,1,1,0,1,1
29559853,,0,0,279,0.000007,0,1,1,0,1,1
27602581,,0,0,279,0.000007,0,1,1,0,1,1
27352575,,0.000003,0,69,0.000008,1,0,1,1,0,1
30459943,,0,0,279,0.000007,0,1,1,0,1,1
30400938,,0,0,279,0.000007,0,1,1,0,1,1
30370342,,0,0.000023,279,0.000007,0,2,2,0,2,2
30200981,,0,0,279,0.000007,0,1,1,0,1,1
30158531,,0,0,279,0.000007,0,1,1,0,1,1
30002084,,0,0,279,0.000007,0,1,1,0,1,1
29765029,,0,0,279,0.000007,0,1,1,0,1,1
29700067,,0,0,279,0.000007,0,1,1,0,1,1
29593118,,0,0,279,0.000007,0,1,1,0,1,1
29497035,,0,0,279,0.000007,0,1,1,0,1,1
29452938,,0,0,279,0.000007,0,1,1,0,1,1
29449798,,0,0,279,0.000007,0,1,1,0,1,1
29444862,,0,0,279,0.000007,0,1,1,0,1,1
29203910,,0,0,279,0.000007,0,1,1,0,1,1
29035510,,0,0,279,0.000007,0,1,1,0,1,1
28985525,,0,0,279,0.000007,0,1,1,0,1,1
28973434,,0,0,279,0.000007,0,1,1,0,1,1
28923089,,0,0,279,0.000007,0,1,1,0,1,1
28649363,,0,0,279,0.000007,0,1,1,0,1,1
28503202,,0,0,279,0.000007,0,1,1,0,1,1
28498318,,0,0,279,0.000007,0,1,1,0,1,1
28460414,,0,0,279,0.000007,0,1,1,0,1,1
28451635,,0,0,279,0.000007,0,1,1,0,1,1
28450738,,0,0,279,0.000007,0,1,1,0,1,1
28448738,,0,0,279,0.000007,0,1,1,0,1,1
28369033,,0,0,279,0.000007,0,1,1,0,1,1
28203606,,0,0,279,0.000007,0,1,1,0,1,1
28181538,,0,0,279,0.000007,0,1,1,0,1,1
28128770,,0,0,279,0.000007,0,1,1,0,1,1
28060724,,0,0,279,0.000007,0,1,1,0,1,1
28018139,,0,0,279,0.000007,0,1,1,0,1,1
27933223,,0,0,279,0.000007,0,1,1,0,1,1
27690107,,0,0,279,0.000007,0,1,1,0,1,1
27662091,,0,0,279,0.000007,0,1,1,0,1,1
28978013,,0,0,69,0.000007,0,1,1,0,1,1
27357817,,0.000007,0,69,0.000015,2,0,2,2,0,2
27357818,,0.000036,0,205,0.000011,2,0,2,2,0,2
28217708,,0,0,90,0.000007,0,1,1,0,1,1
27898034,,0,0,90,0.000007,0,1,1,0,1,1
27362900,,0.000954,0,1,0.000008,2,0,2,2,0,2
27364506,,0,0,359,0.00001,1,0,1,1,0,1
27365379,,0.000001,0,72,0.000013,3,0,3,3,0,3
27368114,,0.000337,0,1,0.000013,2,0,2,2,0,2
29113454,,0,0.000006,1,0.000007,0,1,1,0,1,1
28504713,,0,0.000007,100,0.000007,0,1,1,0,1,1
27376475,,0.000433,0,205,0.000012,5,0,5,5,0,5
30286710,,0,0.000069,1,0.000007,0,1,1,0,1,1
27381626,,0.003641,0,1,0.000032,17,0,17,17,0,17
27385701,,0.000444,0,1,0.000018,5,0,5,5,0,5
28769798,,0,0.000008,1,0.000007,0,1,1,0,1,1
30307542,,0,0,66,0.000007,0,1,1,0,1,1
30203004,,0,0,66,0.000007,0,1,1,0,1,1
30117261,,0,0,66,0.000007,0,1,1,0,1,1
29986702,,0,0,66,0.000007,0,1,1,0,1,1
29692347,,0,0,66,0.000007,0,1,1,0,1,1
29539426,,0,0,66,0.000007,0,1,1,0,1,1
29435103,,0,0,66,0.000007,0,1,1,0,1,1
28977594,,0,0,66,0.000007,0,1,1,0,1,1
28729413,,0,0,66,0.000007,0,1,1,0,1,1
28684637,,0,0,66,0.000007,0,1,1,0,1,1
28412963,,0,0,66,0.000007,0,1,1,0,1,1
28376177,,0,0,66,0.000007,0,1,1,0,1,1
27835038,,0,0,66,0.000007,0,1,1,0,1,1
27796944,,0,0,66,0.000007,0,1,1,0,1,1
27393621,,0.000889,0,89,0.000011,8,0,8,8,0,8
27401444,,0.000011,0,5,0.000007,1,0,1,1,0,1
30181620,,0,0.000004,1,0.000007,0,1,1,0,1,1
27799819,,0,0.000004,1,0.000007,0,1,1,0,1,1
27402433,,0.000676,0,1,0.000008,2,0,2,2,0,2
29899363,,0,0.000009,1,0.000007,0,1,1,0,1,1
28343126,,0,0.000009,1,0.000007,0,1,1,0,1,1
29699959,,0,0,69,0.000007,0,1,1,0,1,1
27406629,,0.000001,0,205,0.000009,1,0,1,1,0,1
29881786,,0,0.00005,5,0.000007,0,2,2,0,2,2
29402989,,0,0,24,0.000007,0,1,1,0,1,1
28484034,,0,0,24,0.000007,0,1,1,0,1,1
27412917,,0.000117,0,72,0.000016,5,0,5,5,0,5
27416328,,0.002009,0,1,0.000023,11,0,11,11,0,11
29561158,,0,0.000038,1,0.000007,0,1,1,0,1,1
28784597,,0,0.000062,1,0.000007,0,2,2,0,2,2
27418218,,0.000001,0,69,0.000009,1,0,1,1,0,1
30179299,,0,0.000001,279,0.000007,0,1,1,0,1,1
28779015,,0,0.000001,5,0.000007,0,1,1,0,1,1
29983831,,0,0.00009,72,0.000007,0,3,3,0,3,3
27424567,,0.000006,0,72,0.000015,4,0,4,4,0,4
27425403,,0.000518,0,89,0.000012,8,0,8,8,0,8
27426853,,0.000024,0,5,0.000008,1,0,1,1,0,1
29678980,,0,0,5,0.000007,0,1,1,0,1,1
29853780,,0,0.000024,1,0.000007,0,1,1,0,1,1
29100552,,0,0.000024,1,0.000007,0,1,1,0,1,1
27430397,,0.000068,0,5,0.000008,2,0,2,2,0,2
30068732,,0,0.000176,1,0.000007,0,1,1,0,1,1
29892050,,0,0.000176,1,0.000007,0,1,1,0,1,1
29760836,,0,0.000176,1,0.000007,0,1,1,0,1,1
29204651,,0,0.000176,1,0.000007,0,1,1,0,1,1
29152153,,0,0.000218,367,0.000007,0,3,3,0,3,3
29088323,,0,0.000176,1,0.000007,0,1,1,0,1,1
29069814,,0,0.000176,1,0.000007,0,1,1,0,1,1
28358317,,0,0.000176,1,0.000007,0,1,1,0,1,1
30333049,,0,0,72,0.000007,0,1,1,0,1,1
27439682,,0.000005,0,72,0.000055,11,0,11,11,0,11
29543716,,0,0,72,0.000007,0,1,1,0,1,1
29440427,,0,0,72,0.000007,0,1,1,0,1,1
29270025,,0,0,72,0.000007,0,1,1,0,1,1
29132362,,0,0,72,0.000007,0,1,1,0,1,1
28481952,,0,0,72,0.000007,0,1,1,0,1,1
28261201,,0,0,72,0.000007,0,1,1,0,1,1
27894169,,0,0.000001,5,0.000007,0,1,1,0,1,1
29949884,,0,0.000216,100,0.000007,0,1,1,0,1,1
29785026,,0,0.000216,100,0.000007,0,1,1,0,1,1
29496736,,0,0.000216,100,0.000007,0,1,1,0,1,1
29493507,,0,0.000216,100,0.000007,0,1,1,0,1,1
29378947,,0,0.000216,100,0.000007,0,1,1,0,1,1
29242409,,0,0.000216,100,0.000007,0,1,1,0,1,1
29215009,,0,0.000216,100,0.000007,0,1,1,0,1,1
29039120,,0,0.000216,100,0.000007,0,1,1,0,1,1
29021206,,0,0.000216,100,0.000007,0,1,1,0,1,1
28938547,,0,0.000216,100,0.000007,0,1,1,0,1,1
28784724,,0,0.000216,100,0.000007,0,1,1,0,1,1
27896281,,0,0,89,0.000007,0,1,1,0,1,1
29888066,,0,0.000001,5,0.000007,0,1,1,0,1,1
27451331,,0.000044,0,5,0.000014,2,0,2,2,0,2
30127913,,0,0,360,0.000007,0,1,1,0,1,1
27458175,,0,0,360,0.000019,2,0,2,2,0,2
29109094,,0,0,360,0.000007,0,1,1,0,1,1
29914443,,0,0.000002,231,0.000007,0,1,1,0,1,1
28624903,,0,0.000002,231,0.000007,0,1,1,0,1,1
27464795,,0.000046,0,100,0.000017,5,0,5,5,0,5
30171044,,0,0.000001,100,0.000007,0,1,1,0,1,1
27465373,,0.000036,0,279,0.000015,4,0,4,4,0,4
29442595,,0,0.000003,279,0.000007,0,2,2,0,2,2
27465548,,0.000012,0,24,0.000014,2,0,2,2,0,2
29087308,,0,0,24,0.000007,0,1,1,0,1,1
29212208,,0,0.000005,1,0.000007,0,1,1,0,1,1
28687352,,0,0,100,0.000007,0,1,1,0,1,1
27469594,,0.000256,0,205,0.000009,3,0,3,3,0,3
28761826,,0,0.000017,1,0.000007,0,1,1,0,1,1
30386247,,0,0,361,0.000007,0,1,1,0,1,1
27473273,,0.000001,0,361,0.000033,5,0,5,5,0,5
29515153,,0,0,361,0.000007,0,1,1,0,1,1
28924235,,0,0,361,0.000007,0,1,1,0,1,1
27895586,,0,0,361,0.000007,0,1,1,0,1,1
27487106,,0.001544,0,69,0.000008,2,0,2,2,0,2
30133566,,0,0,87,0.000007,0,1,1,0,1,1
30405752,,0,0.000011,69,0.000007,0,1,1,0,1,1
28847739,,0,0.000014,69,0.000007,0,2,2,0,2,2
28835684,,0,0.000011,69,0.000007,0,1,1,0,1,1
27423191,,0,0.000011,69,0.000007,0,1,1,0,1,1
29728596,,0,0,100,0.000007,0,1,1,0,1,1
29153840,,0,0,362,0.000007,0,1,1,0,1,1
27496093,,0,0,362,0.000013,1,0,1,1,0,1
29491294,,0,0,363,0.000007,0,1,1,0,1,1
27497341,,0,0,363,0.000013,1,0,1,1,0,1
30314494,,0,0,231,0.000007,0,1,1,0,1,1
27499229,,0.000002,0,231,0.000032,5,0,5,5,0,5
30021002,,0,0,231,0.000007,0,1,1,0,1,1
29857538,,0,0,231,0.000007,0,1,1,0,1,1
29324796,,0,0,231,0.000007,0,1,1,0,1,1
27504919,,0.000191,0,5,0.000008,2,0,2,2,0,2
27506954,,0.000103,0,1,0.000007,1,0,1,1,0,1
30175241,,0,0.000004,89,0.000007,0,4,4,0,4,4
28961251,,0,0.000014,1,0.000007,0,1,1,0,1,1
27515922,,0.003572,0,140,0.000039,30,0,30,30,0,30
29483840,,0,0.000068,140,0.000007,0,1,1,0,1,1
28594256,,0,0.000068,140,0.000007,0,1,1,0,1,1
29928422,,0,0,24,0.000007,0,1,1,0,1,1
27525501,,0.000007,0,5,0.000007,1,0,1,1,0,1
27528622,,0.00062,0,184,0.000009,7,0,7,7,0,7
27528623,,0.001228,0,1,0.000011,3,0,3,3,0,3
27529090,,0.000001,0,5,0.000008,1,0,1,1,0,1
29901119,,0,0.000016,1,0.000007,0,1,1,0,1,1
29754071,,0,0.000016,1,0.000007,0,1,1,0,1,1
29599905,,0,0.00002,1,0.000007,0,2,2,0,2,2
28875159,,0,0.000016,1,0.000007,0,1,1,0,1,1
27530527,,0.000232,0,1,0.000009,3,0,3,3,0,3
27544226,,0.000028,0,176,0.000016,4,0,4,4,0,4
28264000,,0,0.000001,176,0.000007,0,1,1,0,1,1
29675094,,0,0,100,0.000007,0,1,1,0,1,1
27553368,,0.000506,0,41,0.000013,6,0,6,6,0,6
30445726,,0,0.000036,69,0.000007,0,1,1,0,1,1
27558151,,0.001882,0,69,0.000095,25,0,25,25,0,25
30305738,,0,0.000036,69,0.000007,0,1,1,0,1,1
30262739,,0,0.000036,69,0.000007,0,1,1,0,1,1
30207096,,0,0.000036,69,0.000007,0,1,1,0,1,1
30011887,,0,0.000036,69,0.000007,0,1,1,0,1,1
29669528,,0,0.000036,69,0.000007,0,1,1,0,1,1
29551673,,0,0.000036,69,0.000007,0,1,1,0,1,1
29514955,,0,0.000036,69,0.000007,0,1,1,0,1,1
29255160,,0,0.000036,69,0.000007,0,1,1,0,1,1
29250192,,0,0.000036,69,0.000007,0,1,1,0,1,1
29244724,,0,0.000036,69,0.000007,0,1,1,0,1,1
27559559,,0.000035,0,5,0.000032,8,0,8,8,0,8
29190506,,0,0.000001,5,0.000007,0,1,1,0,1,1
28503721,,0,0.000001,5,0.000007,0,1,1,0,1,1
29568737,,0,0,100,0.000007,0,1,1,0,1,1
29386690,,0,0,100,0.000007,0,1,1,0,1,1
28024916,,0,0,100,0.000007,0,1,1,0,1,1
27814657,,0,0,100,0.000007,0,1,1,0,1,1
27561295,,0.000001,0,184,0.00001,2,0,2,2,0,2
29160412,,0,0,5,0.000007,0,1,1,0,1,1
28695151,,0,0,231,0.000007,0,1,1,0,1,1
27581128,,0.000017,0,231,0.000007,1,0,1,1,0,1
27581129,,0.000098,0,205,0.000011,3,0,3,3,0,3
28287439,,0,0.000004,205,0.000007,0,2,2,0,2,2
27581610,,0.000083,0,5,0.000008,2,0,2,2,0,2
27584910,,0.000123,0,5,0.000011,4,0,4,4,0,4
29439467,,0,0,364,0.000007,0,1,1,0,1,1
27584945,,0,0,364,0.000013,1,0,1,1,0,1
29872395,,0,0,1,0.000007,0,1,1,0,1,1
30301470,,0,0.000001,35,0.000007,0,1,1,0,1,1
27596294,,0.00006,0,35,0.000016,2,0,2,2,0,2
29888169,,0,0.000024,1,0.000007,0,1,1,0,1,1
29529298,,0,0.000024,1,0.000007,0,1,1,0,1,1
29018037,,0,0.000024,1,0.000007,0,1,1,0,1,1
28537572,,0,0.000024,1,0.000007,0,1,1,0,1,1
28486411,,0,0.000024,1,0.000007,0,1,1,0,1,1
28475736,,0,0.000024,1,0.000007,0,1,1,0,1,1
27894319,,0,0.000002,205,0.000007,0,1,1,0,1,1
27601060,,0.002797,0,5,0.000011,13,0,13,13,0,13
29794032,,0,0.000014,231,0.000007,0,1,1,0,1,1
28146080,,0,0.000014,231,0.000007,0,1,1,0,1,1
27601588,,0.00063,0,69,0.00001,3,0,3,3,0,3
30065881,,0,0,69,0.000007,0,1,1,0,1,1
27609023,,0,0,69,0.000046,7,0,7,7,0,7
29971004,,0,0,69,0.000007,0,1,1,0,1,1
29236770,,0,0,69,0.000007,0,1,1,0,1,1
29165427,,0,0,69,0.000007,0,1,1,0,1,1
28578013,,0,0,69,0.000007,0,1,1,0,1,1
28220871,,0,0,69,0.000007,0,1,1,0,1,1
27610468,,0.000058,0,5,0.000008,1,0,1,1,0,1
27899080,,0,0.000003,1,0.000007,0,1,1,0,1,1
27616075,,0.000815,0,205,0.000019,15,0,15,15,0,15
27617661,,0.016731,0,1,0.000044,40,0,40,40,0,40
30039427,,0,0.000319,1,0.000007,0,1,1,0,1,1
29662625,,0,0.001093,1,0.000007,0,2,2,0,2,2
27619940,,0.000158,0,5,0.000008,2,0,2,2,0,2
27620280,,0.000972,0,1,0.000008,2,0,2,2,0,2
27623252,,0.001014,0,69,0.000008,2,0,2,2,0,2
27629256,,0.000015,0,140,0.000016,4,0,4,4,0,4
28397312,,0,0,140,0.000007,0,1,1,0,1,1
30271482,,0,0,100,0.000007,0,1,1,0,1,1
27633797,,0.000769,0,89,0.000019,9,0,9,9,0,9
28967693,,0,0.000015,89,0.000007,0,1,1,0,1,1
29707125,,0,0.000047,1,0.000007,0,2,2,0,2,2
29056443,,0,0.000047,1,0.000007,0,1,1,0,1,1
28610414,,0,0.000047,1,0.000007,0,1,1,0,1,1
28030808,,0,0.000047,1,0.000007,0,1,1,0,1,1
27639031,,0.000085,0,5,0.000008,2,0,2,2,0,2
30186858,,0,0.000054,69,0.000007,0,2,2,0,2,2
30112292,,0,0.000007,100,0.000007,0,1,1,0,1,1
28368371,,0,0.000007,100,0.000007,0,1,1,0,1,1
28355556,,0,0.000007,100,0.000007,0,1,1,0,1,1
27644661,,0.000001,0,231,0.000009,1,0,1,1,0,1
27648926,,0.000246,0,89,0.000007,2,0,2,2,0,2
27649974,,0.000772,0,5,0.000018,10,0,10,10,0,10
29379103,,0,0.000015,5,0.000007,0,1,1,0,1,1
30134946,,0,0,279,0.000007,0,1,1,0,1,1
28738810,,0,0,279,0.000007,0,1,1,0,1,1
28855537,,0,0,365,0.000007,0,1,1,0,1,1
27655834,,0,0,365,0.000013,1,0,1,1,0,1
27673289,,0.001021,0,69,0.000008,2,0,2,2,0,2
28662671,,0,0.000032,1,0.000007,0,2,2,0,2,2
30214629,,0,0.000001,82,0.000007,0,1,1,0,1,1
27693788,,0.000042,0,82,0.000036,7,0,7,7,0,7
28646161,,0,0.000001,82,0.000007,0,1,1,0,1,1
28188287,,0,0.000001,82,0.000007,0,1,1,0,1,1
27880721,,0,0.000001,82,0.000007,0,1,1,0,1,1
30112000,,0,0,367,0.000007,0,1,1,0,1,1
29854276,,0,0,367,0.000007,0,1,1,0,1,1
29545973,,0,0,367,0.000007,0,1,1,0,1,1
29507807,,0,0,367,0.000007,0,1,1,0,1,1
27709396,,0.000003,0,5,0.00001,1,0,1,1,0,1
27710871,,0.000003,0,1,0.000016,3,0,3,3,0,3
28335527,,0,0,1,0.000007,0,1,1,0,1,1
28267263,,0,0.000005,66,0.000007,0,1,1,0,1,1
28464481,,0,0.000005,89,0.000007,0,1,1,0,1,1
28441745,,0,0.000005,89,0.000007,0,1,1,0,1,1
27716873,,0.001143,0,1,0.000017,6,0,6,6,0,6
28856152,,0,0.000022,1,0.000007,0,1,1,0,1,1
27717299,,0.040579,0,1,0.000155,122,0,122,122,0,122
30062048,,0,0.000774,1,0.000007,0,1,1,0,1,1
29662530,,0,0.000774,1,0.000007,0,1,1,0,1,1
29542355,,0,0.000774,1,0.000007,0,1,1,0,1,1
29455640,,0,0.000774,1,0.000007,0,1,1,0,1,1
29164988,,0,0.000887,1,0.000007,0,2,2,0,2,2
29093164,,0,0.000774,1,0.000007,0,1,1,0,1,1
28861297,,0,0.000774,1,0.000007,0,1,1,0,1,1
28758380,,0,0.000774,1,0.000007,0,1,1,0,1,1
28620138,,0,0.000774,1,0.000007,0,1,1,0,1,1
28105074,,0,0.000774,1,0.000007,0,1,1,0,1,1
27721065,,0.00005,0,100,0.000013,2,0,2,2,0,2
28623325,,0,0.000001,100,0.000007,0,1,1,0,1,1
27735926,,0.000137,0,1,0.000007,2,0,2,2,0,2
29140510,,0,0.000114,1,0.000007,0,1,1,0,1,1
27741368,,0.001321,0,69,0.000017,6,0,6,6,0,6
29594019,,0,0,89,0.000007,0,1,1,0,1,1
28436011,,0,0,89,0.000007,0,1,1,0,1,1
28383015,,0,0,89,0.000007,0,1,1,0,1,1
30008805,,0,0.000017,100,0.000007,0,1,1,0,1,1
29238724,,0,0.000037,100,0.000007,0,2,2,0,2,2
29193904,,0,0.000017,100,0.000007,0,1,1,0,1,1
28766551,,0,0.000017,100,0.000007,0,1,1,0,1,1
28600339,,0,0.000017,100,0.000007,0,1,1,0,1,1
28334827,,0,0.000017,100,0.000007,0,1,1,0,1,1
29330337,,0,0.000007,1,0.000007,0,1,1,0,1,1
28669404,,0,0.000023,35,0.000007,0,2,2,0,2,2
28982802,,0,0.000003,205,0.000007,0,1,1,0,1,1
28740913,,0,0.000003,205,0.000007,0,1,1,0,1,1
28929029,,0,0,90,0.000007,0,1,1,0,1,1
29658179,,0,0,1,0.000007,0,1,1,0,1,1
29628988,,0,0,1,0.000007,0,1,1,0,1,1
28832678,,0,0,1,0.000007,0,1,1,0,1,1
29620215,,0,0,279,0.000007,0,1,1,0,1,1
28894234,,0,0,279,0.000007,0,1,1,0,1,1
28657613,,0,0,279,0.000007,0,1,1,0,1,1
30347687,,0,0,41,0.000007,0,1,1,0,1,1
29886796,,0,0,41,0.000007,0,1,1,0,1,1
29547561,,0,0,41,0.000007,0,1,1,0,1,1
28208582,,0,0,41,0.000007,0,1,1,0,1,1
28122334,,0,0,41,0.000007,0,1,1,0,1,1
29506519,,0,0.000004,231,0.000007,0,1,1,0,1,1
27794048,,0.0002,0,72,0.000024,7,0,7,7,0,7
29233930,,0,0.000004,72,0.000007,0,1,1,0,1,1
27798111,,0.000315,0,100,0.000013,4,0,4,4,0,4
30128252,,0,0,69,0.000007,0,1,1,0,1,1
30088797,,0,0,69,0.000007,0,1,1,0,1,1
29987046,,0,0,69,0.000007,0,1,1,0,1,1
29934494,,0,0,69,0.000007,0,1,1,0,1,1
29386297,,0,0,69,0.000007,0,1,1,0,1,1
29026204,,0,0,69,0.000007,0,1,1,0,1,1
28931598,,0,0,69,0.000007,0,1,1,0,1,1
28877489,,0,0,69,0.000007,0,1,1,0,1,1
28684679,,0,0,69,0.000007,0,1,1,0,1,1
28591600,,0,0,69,0.000007,0,1,1,0,1,1
28532215,,0,0,69,0.000007,0,1,1,0,1,1
28355535,,0,0,69,0.000007,0,1,1,0,1,1
28287898,,0,0,69,0.000007,0,1,1,0,1,1
28285738,,0,0,69,0.000007,0,1,1,0,1,1
28043971,,0,0,69,0.000007,0,1,1,0,1,1
27807724,,0.000001,0,231,0.000014,2,0,2,2,0,2
29549263,,0,0,231,0.000007,0,1,1,0,1,1
29315345,,0,0,366,0.000007,0,1,1,0,1,1
27809618,,0,0,366,0.000019,2,0,2,2,0,2
29017520,,0,0,366,0.000007,0,1,1,0,1,1
30385776,,0,0.000004,367,0.000007,0,1,1,0,1,1
29560112,,0,0.000004,367,0.000007,0,1,1,0,1,1
27821315,,0.000037,0,1,0.00001,2,0,2,2,0,2
29298824,,0,0,100,0.000007,0,1,1,0,1,1
28187444,,0,0,100,0.000007,0,1,1,0,1,1
29792535,,0,0.00002,1,0.000007,0,2,2,0,2,2
27959912,,0,0.000006,100,0.000007,0,1,1,0,1,1
27834213,,0.000094,0,367,0.000076,20,0,20,20,0,20
29666782,,0,0.000002,367,0.000007,0,1,1,0,1,1
29371938,,0,0.000002,367,0.000007,0,1,1,0,1,1
28759042,,0,0.000002,367,0.000007,0,1,1,0,1,1
28706907,,0,0.000002,367,0.000007,0,1,1,0,1,1
28706906,,0,0.000002,367,0.000007,0,1,1,0,1,1
28498454,,0,0.000002,367,0.000007,0,1,1,0,1,1
28186988,,0,0.000002,367,0.000007,0,1,1,0,1,1
28007630,,0,0.000002,367,0.000007,0,1,1,0,1,1
29682216,,0,0,368,0.000007,0,1,1,0,1,1
29453386,,0,0,368,0.000007,0,1,1,0,1,1
28331319,,0,0,368,0.000007,0,1,1,0,1,1
29789587,,0,0,369,0.000007,0,1,1,0,1,1
27837705,,0,0,369,0.000013,1,0,1,1,0,1
27841863,,0.000047,0,90,0.000022,4,0,4,4,0,4
29581762,,0,0.000001,90,0.000007,0,1,1,0,1,1
28396092,,0,0.000001,90,0.000007,0,1,1,0,1,1
30305647,,0,0.000001,100,0.000007,0,1,1,0,1,1
29976574,,0,0.000001,100,0.000007,0,1,1,0,1,1
29939339,,0,0.000001,100,0.000007,0,1,1,0,1,1
29805753,,0,0.000001,100,0.000007,0,1,1,0,1,1
29258522,,0,0.000001,100,0.000007,0,1,1,0,1,1
28383788,,0,0.000001,100,0.000007,0,1,1,0,1,1
29072056,,0,0,370,0.000007,0,1,1,0,1,1
27847208,,0,0,370,0.000019,2,0,2,2,0,2
28610415,,0,0,370,0.000007,0,1,1,0,1,1
27848044,,0.000036,0,1,0.000007,1,0,1,1,0,1
27852187,,0,0,89,0.000022,3,0,3,3,0,3
29925491,,0,0,89,0.000007,0,1,1,0,1,1
28950682,,0,0,89,0.000007,0,1,1,0,1,1
27864890,,0.00044,0,1,0.000019,3,0,3,3,0,3
29455658,,0,0.000008,1,0.000007,0,1,1,0,1,1
29410730,,0,0.000008,1,0.000007,0,1,1,0,1,1
29069834,,0,0,371,0.000007,0,1,1,0,1,1
27869446,,0,0,371,0.000013,1,0,1,1,0,1
28803675,,0,0,5,0.000007,0,1,1,0,1,1
27878467,,0.000017,0,205,0.000007,1,0,1,1,0,1
30035166,,0,0.000081,1,0.000007,0,2,2,0,2,2
29805077,,0,0.000081,1,0.000007,0,1,1,0,1,1
28859059,,0,0.000081,1,0.000007,0,1,1,0,1,1
30355966,,0,0,90,0.000007,0,2,2,0,2,2
30348163,,0,0.000003,35,0.000007,0,2,2,0,2,2
30464513,,0,0,372,0.000007,0,1,1,0,1,1
27893424,,0,0,372,0.000031,4,0,4,4,0,4
29435136,,0,0,372,0.000007,0,1,1,0,1,1
28977909,,0,0,372,0.000007,0,1,1,0,1,1
28787439,,0,0,372,0.000007,0,1,1,0,1,1
30282979,,0,0.000019,69,0.000007,0,1,1,0,1,1
27899183,,0.000164,0,279,0.000013,7,0,7,7,0,7
27899185,,0.000151,0,5,0.000007,1,0,1,1,0,1
27899188,,0.000006,0,5,0.000013,3,0,3,3,0,3
30300260,,0,0,1,0.000007,0,1,1,0,1,1
28955404,,0,0,1,0.000007,0,1,1,0,1,1
30153287,,0,0,100,0.000007,0,1,1,0,1,1
29050494,,0,0,100,0.000007,0,1,1,0,1,1
29189985,,0,0,373,0.000007,0,1,1,0,1,1
27900579,,0,0,373,0.000019,2,0,2,2,0,2
29039776,,0,0,373,0.000007,0,1,1,0,1,1
27900810,,0.000066,0,5,0.000007,1,0,1,1,0,1
30016964,,0,0.000001,35,0.000007,0,1,1,0,1,1
30104481,,0,0,69,0.000007,0,1,1,0,1,1
27905110,,0,0,69,0.000021,3,0,3,3,0,3
29282600,,0,0,69,0.000007,0,1,1,0,1,1
29422659,,0,0.000007,5,0.000007,0,1,1,0,1,1
27906198,,0.000085,0,5,0.000015,4,0,4,4,0,4
29178650,,0,0.000002,5,0.000007,0,1,1,0,1,1
28533481,,0,0.000007,1,0.000007,0,1,1,0,1,1
27908594,,0.029009,0,1,0.000076,75,0,75,75,0,75
29911112,,0,0.000553,1,0.000007,0,1,1,0,1,1
29561301,,0,0.000553,1,0.000007,0,1,1,0,1,1
28992326,,0,0.000553,1,0.000007,0,1,1,0,1,1
28748917,,0,0.000553,1,0.000007,0,1,1,0,1,1
30216339,,0,0,205,0.000007,0,1,1,0,1,1
29330221,,0,0,205,0.000007,0,1,1,0,1,1
27914769,,0.000004,0,89,0.000008,1,0,1,1,0,1
27922795,,0.000088,0,5,0.000007,1,0,1,1,0,1
27926948,,0.000201,0,57,0.000063,13,0,13,13,0,13
29782605,,0,0.000004,57,0.000007,0,1,1,0,1,1
29780747,,0,0.000004,57,0.000007,0,1,1,0,1,1
29480819,,0,0.000004,57,0.000007,0,1,1,0,1,1
29387475,,0,0.000004,57,0.000007,0,1,1,0,1,1
29146695,,0,0.000004,57,0.000007,0,1,1,0,1,1
29120751,,0,0.000004,57,0.000007,0,1,1,0,1,1
29067216,,0,0.000004,57,0.000007,0,1,1,0,1,1
27929526,,0.000192,0,89,0.000008,3,0,3,3,0,3
27931006,,0.000645,0,89,0.000018,7,0,7,7,0,7
29383106,,0,0.000012,89,0.000007,0,1,1,0,1,1
27931838,,0.000166,0,205,0.000009,4,0,4,4,0,4
27931843,,0.003419,0,1,0.000025,10,0,10,10,0,10
30061540,,0,0.000065,1,0.000007,0,1,1,0,1,1
27939063,,0.001453,0,35,0.000078,26,0,26,26,0,26
30186173,,0,0.000028,35,0.000007,0,1,1,0,1,1
30111338,,0,0.000028,35,0.000007,0,1,1,0,1,1
30066873,,0,0.000028,35,0.000007,0,1,1,0,1,1
29985480,,0,0.000028,35,0.000007,0,1,1,0,1,1
29790671,,0,0.000028,35,0.000007,1,2,3,1,2,3
29700392,,0,0.000028,35,0.000007,0,1,1,0,1,1
29464065,,0,0.000028,35,0.000007,0,1,1,0,1,1
29334609,,0,0.000028,35,0.000007,0,1,1,0,1,1
27939982,,0.000149,0,5,0.000009,2,0,2,2,0,2
29167311,,0,0.000001,100,0.000007,0,1,1,0,1,1
27958297,,0.001119,0,1,0.000018,12,0,12,12,0,12
29575713,,0,0.000023,1,0.000007,0,2,2,0,2,2
28750120,,0,0.000012,1,0.000007,0,1,1,0,1,1
27969575,,0.000039,0,5,0.000007,1,0,1,1,0,1
27974384,,0.00084,0,35,0.000041,9,0,9,9,0,9
29739035,,0,0.000016,35,0.000007,0,1,1,0,1,1
29632127,,0,0.000016,35,0.000007,0,1,1,0,1,1
29549183,,0,0.000016,35,0.000007,0,1,1,0,1,1
28474677,,0,0.000016,35,0.000007,0,1,1,0,1,1
28445943,,0,0.000016,35,0.000007,0,1,1,0,1,1
30460196,,0,0.00001,205,0.000007,0,1,1,0,1,1
30237431,,0,0.00002,205,0.000007,0,2,2,0,2,2
30166308,,0,0.00001,205,0.000007,0,2,2,0,2,2
29856736,,0,0.00001,205,0.000007,0,1,1,0,1,1
29652830,,0,0.00002,205,0.000007,0,2,2,0,2,2
29596542,,0,0.00001,205,0.000007,0,1,1,0,1,1
29384526,,0,0.00001,205,0.000007,0,1,1,0,1,1
29301504,,0,0.00001,205,0.000007,0,1,1,0,1,1
29051017,,0,0.00001,205,0.000007,0,1,1,0,1,1
28878284,,0,0.00001,205,0.000007,0,1,1,0,1,1
28424049,,0,0.00001,205,0.000007,0,1,1,0,1,1
27980104,,0.00033,0,100,0.000015,3,0,3,3,0,3
29228663,,0,0.000006,100,0.000007,0,1,1,0,1,1
27981507,,0.000067,0,69,0.00002,5,0,5,5,0,5
29541627,,0,0.000001,69,0.000007,0,1,1,0,1,1
29379727,,0,0.000015,1,0.000007,0,1,1,0,1,1
29232472,,0,0.000002,1,0.000007,0,1,1,0,1,1
29118265,,0,0.000002,1,0.000007,0,1,1,0,1,1
28368437,,0,0.000002,1,0.000007,0,1,1,0,1,1
30057890,,0,0.000131,1,0.000007,0,3,3,0,3,3
29262321,,0,0.000427,1,0.000007,0,3,3,0,3,3
29888102,,0,0,374,0.000007,0,1,1,0,1,1
27996348,,0,0,374,0.000031,4,0,4,4,0,4
29545895,,0,0,374,0.000007,0,1,1,0,1,1
29351230,,0,0,374,0.000007,0,1,1,0,1,1
29351226,,0,0,374,0.000007,0,1,1,0,1,1
29027965,,0,0,375,0.000007,0,1,1,0,1,1
27997688,,0,0,375,0.000013,1,0,1,1,0,1
29916805,,0,0,376,0.000007,0,1,1,0,1,1
27997699,,0,0,376,0.000019,2,0,2,2,0,2
29844320,,0,0,376,0.000007,0,1,1,0,1,1
28002265,,0.000022,0,231,0.000008,2,0,2,2,0,2
30400954,,0,0.000124,1,0.000007,0,2,2,0,2,2
30094103,,0,0.000124,1,0.000007,0,1,1,0,1,1
29735549,,0,0.000124,1,0.000007,0,1,1,0,1,1
29053680,,0,0.000124,1,0.000007,0,1,1,0,1,1
29030460,,0,0.000124,1,0.000007,0,1,1,0,1,1
28756770,,0,0.000124,1,0.000007,0,1,1,0,1,1
28407767,,0,0.000124,1,0.000007,0,1,1,0,1,1
30054295,,0,0,100,0.000007,0,1,1,0,1,1
28974560,,0,0,100,0.000007,0,1,1,0,1,1
28007588,,0.000166,0,69,0.000011,3,0,3,3,0,3
30374140,,0,0,377,0.000007,0,1,1,0,1,1
28007957,,0,0,377,0.000049,7,0,7,7,0,7
30128304,,0,0,377,0.000007,0,1,1,0,1,1
29854309,,0,0,377,0.000007,0,1,1,0,1,1
29565466,,0,0,377,0.000007,0,1,1,0,1,1
29548994,,0,0,377,0.000007,0,1,1,0,1,1
29361779,,0,0,377,0.000007,0,1,1,0,1,1
29263843,,0,0,377,0.000007,0,1,1,0,1,1
29891792,,0,0,24,0.000007,0,2,2,0,2,2
29750083,,0,0,378,0.000007,0,1,1,0,1,1
28009843,,0,0,378,0.000031,4,0,4,4,0,4
29169284,,0,0,378,0.000007,0,1,1,0,1,1
28779143,,0,0,378,0.000007,0,1,1,0,1,1
28473727,,0,0,378,0.000007,0,1,1,0,1,1
28011157,,0.000019,0,231,0.000009,2,0,2,2,0,2
28012689,,0.000001,0,379,0.000023,4,0,4,4,0,4
29295713,,0,0,379,0.000007,0,1,1,0,1,1
28806962,,0,0,379,0.000007,0,1,1,0,1,1
29935148,,0,0,380,0.000007,0,1,1,0,1,1
28029807,,0,0,380,0.000013,1,0,1,1,0,1
28473661,,0,0,57,0.000007,0,1,1,0,1,1
29284678,,0,0.000002,100,0.000007,0,1,1,0,1,1
28034453,,0,0,82,0.000009,1,0,1,1,0,1
28034904,,0.001108,0,1,0.000021,10,0,10,10,0,10
29770167,,0,0.000021,1,0.000007,0,1,1,0,1,1
30285664,,0,0,168,0.000007,0,1,1,0,1,1
30044847,,0,0,168,0.000007,0,1,1,0,1,1
29581787,,0,0,168,0.000007,0,1,1,0,1,1
29382035,,0,0,168,0.000007,0,1,1,0,1,1
29328367,,0,0,168,0.000007,0,1,1,0,1,1
29207621,,0,0,168,0.000007,0,1,1,0,1,1
29196189,,0,0,168,0.000007,0,1,1,0,1,1
29163187,,0,0,168,0.000007,0,1,1,0,1,1
28430163,,0,0,168,0.000007,0,1,1,0,1,1
28049106,,0.000025,0,381,0.000014,3,0,3,3,0,3
28795449,,0,0.000001,140,0.000007,0,1,1,0,1,1
30176902,,0,0,382,0.000007,0,1,1,0,1,1
28052399,,0,0,382,0.000013,1,0,1,1,0,1
28058502,,0.000014,0,89,0.000008,2,0,2,2,0,2
28058614,,0.000002,0,279,0.000014,2,0,2,2,0,2
28548468,,0,0,279,0.000007,0,1,1,0,1,1
29559472,,0,0.000001,1,0.000007,0,1,1,0,1,1
28948170,,0,0.000001,1,0.000007,0,1,1,0,1,1
29968769,,0,0,140,0.000007,0,1,1,0,1,1
29947893,,0,0,140,0.000007,0,1,1,0,1,1
29533602,,0,0,140,0.000007,0,1,1,0,1,1
29085502,,0,0,140,0.000007,0,1,1,0,1,1
28954287,,0,0.00003,1,0.000007,0,1,1,0,1,1
29750778,,0,0,24,0.000007,0,1,1,0,1,1
29636867,,0,0,24,0.000007,0,1,1,0,1,1
29384143,,0,0,24,0.000007,0,1,1,0,1,1
28949095,,0,0,24,0.000007,0,1,1,0,1,1
28084878,,0.000148,0,5,0.000009,2,0,2,2,0,2
28085182,,0.001659,0,205,0.000017,18,0,18,18,0,18
28093663,,0.000319,0,5,0.000011,5,0,5,5,0,5
28754000,,0,0,35,0.000007,0,3,3,0,3,3
28095352,,0,0,35,0.000009,1,0,1,1,0,1
30386434,,0,0.000003,279,0.000007,0,1,1,0,1,1
30135428,,0,0.000003,279,0.000007,0,1,1,0,1,1
28811593,,0,0.000003,279,0.000007,0,1,1,0,1,1
29141224,,0,0.000019,1,0.000007,0,1,1,0,1,1
28101798,,0.00015,0,72,0.000019,4,0,4,4,0,4
28380001,,0,0.000003,72,0.000007,0,1,1,0,1,1
28104682,,0.000027,0,35,0.000012,3,0,3,3,0,3
30157902,,0,0,279,0.000007,0,1,1,0,1,1
29970036,,0,0,279,0.000007,0,1,1,0,1,1
29234590,,0,0,279,0.000007,0,1,1,0,1,1
28686225,,0,0,279,0.000007,0,1,1,0,1,1
28637022,,0,0,279,0.000007,0,1,1,0,1,1
28105554,,0.000004,0,5,0.000012,3,0,3,3,0,3
28107734,,0.000001,0,35,0.000016,2,0,2,2,0,2
29681615,,0,0,35,0.000007,0,1,1,0,1,1
29528513,,0,0.000013,1,0.000007,0,1,1,0,1,1
29963119,,0,0.000016,89,0.000007,0,1,1,0,1,1
28120435,,0.000824,0,89,0.000015,4,0,4,4,0,4
29890679,,0,0,1,0.000007,0,1,1,0,1,1
28611670,,0,0,1,0.000007,0,1,1,0,1,1
29473999,,0,0,1,0.000007,0,1,1,0,1,1
28124401,,0.000001,0,35,0.00001,2,0,2,2,0,2
28128741,,0,0,72,0.000015,2,0,2,2,0,2
30100733,,0,0,72,0.000007,0,1,1,0,1,1
30470760,,0,0.000019,100,0.000007,0,1,1,0,1,1
30340517,,0,0.000019,100,0.000007,0,1,1,0,1,1
30208061,,0,0.000019,100,0.000007,0,1,1,0,1,1
30103848,,0,0.000019,100,0.000007,0,1,1,0,1,1
30072594,,0,0.000019,100,0.000007,0,1,1,0,1,1
30020319,,0,0.000019,100,0.000007,0,1,1,0,1,1
29599527,,0,0.000019,100,0.000007,0,1,1,0,1,1
29212151,,0,0.000019,100,0.000007,0,1,1,0,1,1
29641512,,0,0,5,0.000007,0,1,1,0,1,1
29568868,,0,0.000009,205,0.000007,0,1,1,0,1,1
28772302,,0,0.000009,205,0.000007,0,1,1,0,1,1
28668538,,0,0.000009,205,0.000007,0,1,1,0,1,1
28492495,,0,0.000009,205,0.000007,0,1,1,0,1,1
30416857,,0,0,1,0.000007,0,1,1,0,1,1
28965870,,0,0,1,0.000007,0,1,1,0,1,1
29511341,,0,0,100,0.000007,0,1,1,0,1,1
29121598,,0,0,100,0.000007,0,1,1,0,1,1
28284216,,0,0.000011,5,0.000007,0,1,1,0,1,1
28159408,,0.000159,0,89,0.000008,2,0,2,2,0,2
30161024,,0,0.000002,100,0.000007,0,1,1,0,1,1
29937070,,0,0.000002,100,0.000007,0,1,1,0,1,1
29858046,,0,0.000002,100,0.000007,0,1,1,0,1,1
28881592,,0,0.000002,100,0.000007,0,1,1,0,1,1
28435286,,0,0.000002,100,0.000007,0,1,1,0,1,1
28275206,,0,0.000002,100,0.000007,0,1,1,0,1,1
28260929,,0,0.000002,100,0.000007,0,1,1,0,1,1
28163041,,0,0.000002,100,0.000007,0,1,1,0,1,1
28161869,,0.000058,0,89,0.000009,2,0,2,2,0,2
28162234,,0.0008,0,1,0.000016,8,0,8,8,0,8
29307893,,0,0.000015,1,0.000007,0,1,1,0,1,1
29721183,,0,0,90,0.000007,0,1,1,0,1,1
30405778,,0,0.000011,1,0.000007,0,1,1,0,1,1
28176296,,0.000584,0,1,0.000014,4,0,4,4,0,4
29151973,,0,0.000004,1,0.000007,0,1,1,0,1,1
28300203,,0,0.000004,1,0.000013,1,1,2,1,1,2
28179634,,0.000002,0,89,0.000014,2,0,2,2,0,2
29225919,,0,0,89,0.000007,0,1,1,0,1,1
29849823,,0,0.000001,5,0.000007,0,1,1,0,1,1
29670473,,0,0.000001,5,0.000007,0,1,1,0,1,1
29212734,,0,0.000009,205,0.000007,0,1,1,0,1,1
28184945,,0.000024,0,35,0.00001,2,0,2,2,0,2
30412078,,0,0.000001,1,0.000007,0,1,1,0,1,1
30278284,,0,0.000001,100,0.000007,0,1,1,0,1,1
30028293,,0,0.000001,100,0.000007,0,2,2,0,2,2
29255784,,0,0,35,0.000007,0,1,1,0,1,1
28210382,,0,0,35,0.000022,3,0,3,3,0,3
28660085,,0,0,35,0.000007,0,1,1,0,1,1
29535911,,0,0.000018,1,0.000007,0,1,1,0,1,1
29535910,,0,0.000018,1,0.000007,0,1,1,0,1,1
29088717,,0,0.000018,1,0.000007,0,1,1,0,1,1
28641701,,0,0.000018,1,0.000007,0,1,1,0,1,1
28212807,,0.000027,0,5,0.00001,3,0,3,3,0,3
28214786,,0.000037,0,5,0.000009,3,0,3,3,0,3
28217902,,0.00008,0,89,0.000007,1,0,1,1,0,1
28221868,,0.003932,0,1,0.000017,10,0,10,10,0,10
29413420,,0,0.000075,1,0.000007,0,1,1,0,1,1
28223274,,0.001132,0,1,0.000009,5,0,5,5,0,5
28223669,,0.000019,0,89,0.000009,1,0,1,1,0,1
29899143,,0,0.000015,100,0.000007,0,1,1,0,1,1
29108269,,0,0.000015,100,0.000007,0,2,2,0,2,2
28912563,,0,0.000015,100,0.000007,0,1,1,0,1,1
30249264,,0,0,69,0.000007,0,1,1,0,1,1
28234665,,0.000009,0,69,0.000059,10,0,10,10,0,10
29780254,,0,0.000007,69,0.000007,0,2,2,0,2,2
29662667,,0,0,69,0.000007,0,1,1,0,1,1
29622697,,0,0,69,0.000007,0,1,1,0,1,1
29552577,,0,0,69,0.000007,0,1,1,0,1,1
29449531,,0,0,69,0.000007,0,1,1,0,1,1
29443792,,0,0,69,0.000007,0,1,1,0,1,1
28969098,,0,0,69,0.000007,0,1,1,0,1,1
28954221,,0,0,69,0.000007,0,1,1,0,1,1
29695402,,0,0,383,0.000007,0,1,1,0,1,1
28235141,,0,0,383,0.000013,1,0,1,1,0,1
30312172,,0,0.000017,100,0.000007,0,1,1,0,1,1
29061846,,0,0.000017,100,0.000007,0,1,1,0,1,1
29845250,,0,0.000127,1,0.000007,0,1,1,0,1,1
29312577,,0,0,384,0.000007,0,1,1,0,1,1
28245776,,0,0,384,0.000013,1,0,1,1,0,1
28247011,,0.000486,0,205,0.000008,1,0,1,1,0,1
28793797,,0,0,385,0.000007,0,1,1,0,1,1
28249151,,0,0,385,0.000019,2,0,2,2,0,2
28789687,,0,0,385,0.000007,0,1,1,0,1,1
28254144,,0.000151,0,5,0.000007,1,0,1,1,0,1
28254786,,0.000043,0,1,0.00002,3,0,3,3,0,3
29770915,,0,0.000001,1,0.000007,0,1,1,0,1,1
29463044,,0,0.000001,1,0.000007,0,1,1,0,1,1
28258841,,0.000006,0,57,0.00001,1,0,1,1,0,1
28497978,,0,0.000002,5,0.000007,0,1,1,0,1,1
28264872,,0.008314,0,1,0.000013,15,0,15,15,0,15
28272917,,0.000003,0,89,0.000008,1,0,1,1,0,1
29371637,,0,0.000015,1,0.000007,0,2,2,0,2,2
29881293,,0,0.000012,140,0.000007,0,1,1,0,1,1
28285342,,0.000011,0,89,0.000007,1,0,1,1,0,1
30219074,,0,0.000112,1,0.000007,0,2,2,0,2,2
30069183,,0,0.00013,1,0.000007,0,2,2,0,2,2
29898651,,0,0.000103,1,0.000007,0,1,1,0,1,1
28294317,,0.000609,0,89,0.000008,5,0,5,5,0,5
28299955,,0.000792,0,1,0.00001,3,0,3,3,0,3
29601121,,0,0,1,0.000007,0,1,1,0,1,1
30411017,,0,0.000318,1,0.000007,0,1,1,0,1,1
30149881,,0,0.000325,1,0.000007,0,2,2,0,2,2
30086764,,0,0.000318,1,0.000007,0,1,1,0,1,1
29976663,,0,0.000318,1,0.000007,0,1,1,0,1,1
29789535,,0,0.000331,1,0.000007,0,2,2,0,2,2
29607374,,0,0.000318,1,0.000007,0,1,1,0,1,1
29367755,,0,0.000318,1,0.000007,0,1,1,0,1,1
29291011,,0,0.000318,1,0.000007,0,1,1,0,1,1
29270389,,0,0.000318,1,0.000007,0,1,1,0,1,1
29221108,,0,0.000318,1,0.000007,0,1,1,0,1,1
28314588,,0.000067,0,1,0.000009,2,0,2,2,0,2
30286733,,0,0,5,0.000007,0,1,1,0,1,1
29410721,,0,0,5,0.000007,0,1,1,0,1,1
28323658,,0.000153,0,1,0.000014,2,0,2,2,0,2
28868022,,0,0.000003,1,0.000007,0,1,1,0,1,1
29555661,,0,0,386,0.000007,0,1,1,0,1,1
28327999,,0,0,386,0.000037,5,0,5,5,0,5
29492469,,0,0,386,0.000007,0,1,1,0,1,1
29416736,,0,0,386,0.000007,0,1,1,0,1,1
29200966,,0,0,386,0.000007,0,1,1,0,1,1
28961851,,0,0,386,0.000007,0,1,1,0,1,1
29434620,,0,0.000001,140,0.000007,0,1,1,0,1,1
28340968,,0.00007,0,35,0.000016,3,0,3,3,0,3
29804124,,0,0.000001,35,0.000007,0,1,1,0,1,1
29733704,,0,0.000001,5,0.000007,0,1,1,0,1,1
30155520,,0,0,5,0.000007,0,1,1,0,1,1
30155519,,0,0,5,0.000007,0,1,1,0,1,1
29992188,,0,0,5,0.000007,0,1,1,0,1,1
28601889,,0,0,5,0.000007,0,1,1,0,1,1
30341282,,0,0,100,0.000007,0,1,1,0,1,1
30302280,,0,0,100,0.000007,0,1,1,0,1,1
28364669,,0.000164,0,140,0.00001,2,0,2,2,0,2
29754776,,0,0,279,0.000007,0,1,1,0,1,1
28373404,,0.00001,0,279,0.000077,12,0,12,12,0,12
29735413,,0,0,279,0.000007,0,1,1,0,1,1
29710228,,0,0,279,0.000019,2,1,3,2,1,3
29552640,,0,0,279,0.000007,0,1,1,0,1,1
29486792,,0,0,279,0.000007,0,1,1,0,1,1
29437869,,0,0,279,0.000007,0,1,1,0,1,1
29391185,,0,0,279,0.000007,0,1,1,0,1,1
29262847,,0,0,279,0.000007,0,1,1,0,1,1
28989095,,0,0,279,0.000007,0,1,1,0,1,1
28374142,,0.000081,0,5,0.000007,1,0,1,1,0,1
30177847,,0,0.000043,231,0.000007,0,2,2,0,2,2
30053805,,0,0.000026,5,0.000007,0,2,2,0,2,2
30510404,,0,0.000002,89,0.000007,0,1,1,0,1,1
28376189,,0.000105,0,89,0.000014,3,0,3,3,0,3
28377179,,0.000237,0,1,0.000008,2,0,2,2,0,2
30272304,,0,0,1,0.000007,0,1,1,0,1,1
28924531,,0,0,1,0.000007,0,1,1,0,1,1
28382503,,0.00018,0,1,0.000008,2,0,2,2,0,2
28388401,,0.001746,0,1,0.000024,9,0,9,9,0,9
30154409,,0,0.000033,1,0.000007,0,1,1,0,1,1
29507420,,0,0,367,0.000007,0,1,1,0,1,1
28389374,,0.000003,0,367,0.000015,3,0,3,3,0,3
29523635,,0,0,387,0.000007,0,1,1,0,1,1
28389767,,0,0,387,0.000013,1,0,1,1,0,1
28390820,,0.000012,0,5,0.000008,1,0,1,1,0,1
28395540,,0.000072,0,35,0.000014,3,0,3,3,0,3
30348132,,0,0,279,0.000007,0,1,1,0,1,1
29599800,,0,0,388,0.000007,0,1,1,0,1,1
28407579,,0,0,388,0.000013,1,0,1,1,0,1
30224106,,0,0,389,0.000007,0,1,1,0,1,1
28407996,,0,0,389,0.000019,2,0,2,2,0,2
29263844,,0,0,389,0.000007,0,1,1,0,1,1
30311378,,0,0.000008,140,0.000007,0,2,2,0,2,2
29790234,,0,0.000007,140,0.000007,0,1,1,0,1,1
28910995,,0,0.000007,140,0.000007,0,1,1,0,1,1
28851762,,0,0.000007,140,0.000007,0,1,1,0,1,1
29484395,,0,0,390,0.000007,0,1,1,0,1,1
28409560,,0,0,390,0.000013,1,0,1,1,0,1
28412588,,0.000001,0,5,0.000008,1,0,1,1,0,1
28412778,,0.002007,0,1,0.00001,5,0,5,5,0,5
28414925,,0.005249,0,1,0.000016,12,0,12,12,0,12
29029519,,0,0.000007,205,0.000007,0,1,1,0,1,1
28419182,,0,0,24,0.000016,2,0,2,2,0,2
29890761,,0,0,24,0.000007,0,1,1,0,1,1
30386212,,0,0,90,0.000007,0,1,1,0,1,1
30046008,,0,0,90,0.000007,0,1,1,0,1,1
29977191,,0,0,90,0.000007,0,1,1,0,1,1
29751760,,0,0,90,0.000007,0,1,1,0,1,1
29552013,,0,0,90,0.000007,0,1,1,0,1,1
29371994,,0,0,90,0.000007,0,1,1,0,1,1
29128308,,0,0,90,0.000007,0,1,1,0,1,1
28961183,,0,0,90,0.000007,0,1,1,0,1,1
28769787,,0,0,90,0.000007,0,1,1,0,1,1
28987049,,0,0.000007,205,0.000007,0,1,1,0,1,1
30345256,,0,0,265,0.000007,0,1,1,0,1,1
28423495,,0.000007,0,265,0.000031,5,0,5,5,0,5
29777904,,0,0,265,0.000007,0,1,1,0,1,1
29512708,,0,0,265,0.000007,0,1,1,0,1,1
30214299,,0,0,1,0.000007,0,1,1,0,1,1
29352115,,0,0,1,0.000007,0,1,1,0,1,1
28425306,,0.000272,0,1,0.00002,6,0,6,6,0,6
29140300,,0,0.000005,1,0.000007,0,1,1,0,1,1
30272297,,0,0,90,0.000007,0,1,1,0,1,1
28436987,,0.001488,0,69,0.00003,12,0,12,12,0,12
30003713,,0,0.000028,69,0.000007,0,1,1,0,1,1
29950560,,0,0.000028,69,0.000007,0,1,1,0,1,1
29854308,,0,0,35,0.000007,0,1,1,0,1,1
28444533,,0.000015,0,5,0.000008,1,0,1,1,0,1
28446639,,0.000081,0,279,0.000065,8,0,8,8,0,8
30140695,,0,0.000002,279,0.000007,0,1,1,0,1,1
30023396,,0,0.000002,279,0.000007,0,1,1,0,1,1
29700710,,0,0.000002,279,0.000007,0,1,1,0,1,1
29601331,,0,0.000002,279,0.000007,0,1,1,0,1,1
28945887,,0,0.000002,279,0.000034,5,1,6,5,1,6
28450088,,0.000293,0,231,0.000008,2,0,2,2,0,2
29208954,,0,0,391,0.000007,0,1,1,0,1,1
28453695,,0,0,391,0.000055,8,0,8,8,0,8
29204933,,0,0,391,0.000007,0,1,1,0,1,1
29119052,,0,0,391,0.000007,0,1,1,0,1,1
29056855,,0,0,391,0.000007,0,1,1,0,1,1
29018579,,0,0,391,0.000007,0,1,1,0,1,1
29018575,,0,0,391,0.000007,0,1,1,0,1,1
28979148,,0,0,391,0.000007,0,1,1,0,1,1
28894015,,0,0,391,0.000007,0,1,1,0,1,1
28454659,,0.000012,0,1,0.000008,1,0,1,1,0,1
29074561,,0,0.000001,5,0.000007,0,1,1,0,1,1
29928427,,0,0,35,0.000007,0,1,1,0,1,1
28459207,,0.000001,0,35,0.000034,5,0,5,5,0,5
29617404,,0,0,35,0.000007,0,1,1,0,1,1
29556321,,0,0,35,0.000007,0,1,1,0,1,1
29409452,,0,0,35,0.000007,0,1,1,0,1,1
28467918,,0.000193,0,1,0.000011,4,0,4,4,0,4
30400986,,0,0.000003,279,0.000007,0,2,2,0,2,2
28974261,,0,0.000003,279,0.000007,0,1,1,0,1,1
28477318,,0.000119,0,35,0.000007,1,0,1,1,0,1
30479607,,0,0,140,0.000007,0,1,1,0,1,1
30219077,,0,0,69,0.000007,0,1,1,0,1,1
29963190,,0,0,69,0.000007,0,2,2,0,2,2
28482794,,0,0,69,0.000019,3,0,3,3,0,3
29961817,,0,0,69,0.000007,0,1,1,0,1,1
30148225,,0,0,205,0.000007,0,1,1,0,1,1
28488140,,0.000091,0,392,0.00001,3,0,3,3,0,3
28490612,,0.000314,0,35,0.000008,2,0,2,2,0,2
28490613,,0.00019,0,140,0.000007,2,0,2,2,0,2
29232804,,0,0,1,0.000007,0,1,1,0,1,1
28969050,,0,0,1,0.000007,0,1,1,0,1,1
30364267,,0,0,100,0.000007,0,1,1,0,1,1
29731978,,0,0,100,0.000007,0,1,1,0,1,1
29204123,,0,0,100,0.000007,0,1,1,0,1,1
30034254,,0,0,393,0.000007,0,1,1,0,1,1
28503719,,0,0,393,0.000019,2,0,2,2,0,2
29259059,,0,0,393,0.000007,0,1,1,0,1,1
28504572,,0.000003,0,198,0.00001,2,0,2,2,0,2
28504904,,0.000009,0,205,0.000014,3,0,3,3,0,3
29307139,,0,0,205,0.000007,0,1,1,0,1,1
28508305,,0.001032,0,35,0.000009,2,0,2,2,0,2
28510492,,0.000007,0,205,0.000008,1,0,1,1,0,1
28512241,,0.000172,0,35,0.000021,4,0,4,4,0,4
30083950,,0,0.000003,35,0.000007,0,1,1,0,1,1
29258924,,0,0.000003,35,0.000007,0,1,1,0,1,1
28514183,,0.000208,0,205,0.000024,10,0,10,10,0,10
29795440,,0,0.000004,205,0.000007,0,1,1,0,1,1
30109214,,0,0.000022,1,0.000007,0,1,1,0,1,1
28525846,,0.000376,0,69,0.000029,6,0,6,6,0,6
29662319,,0,0.000007,69,0.000007,0,1,1,0,1,1
29628794,,0,0.000007,69,0.000007,0,1,1,0,1,1
29150846,,0,0.000007,69,0.000007,0,1,1,0,1,1
28528518,,0.000179,0,205,0.000007,2,0,2,2,0,2
29277895,,0,0.000023,1,0.000007,0,1,1,0,1,1
28540621,,0.000194,0,1,0.000007,2,0,2,2,0,2
29316665,,0,0,394,0.000007,0,1,1,0,1,1
28544907,,0,0,394,0.000013,1,0,1,1,0,1
28546132,,0.000019,0,72,0.000021,5,0,5,5,0,5
29731665,,0,0,72,0.000007,0,1,1,0,1,1
28554891,,0.00006,0,1,0.000009,1,0,1,1,0,1
29544533,,0,0,100,0.000007,0,1,1,0,1,1
30106137,,0,0,395,0.000007,0,1,1,0,1,1
28560409,,0,0,395,0.000013,1,0,1,1,0,1
28564596,,0.000154,0,100,0.000013,3,0,3,3,0,3
30131528,,0,0.000034,1,0.000007,0,1,1,0,1,1
28583748,,0.00006,0,1,0.000008,1,0,1,1,0,1
29619377,,0,0,24,0.000007,0,1,1,0,1,1
28594745,,0.000037,0,5,0.000008,2,0,2,2,0,2
28601509,,0.000002,0,5,0.000009,1,0,1,1,0,1
28609204,,0.000041,0,5,0.000008,2,0,2,2,0,2
30006062,,0,0,396,0.000007,0,1,1,0,1,1
28611105,,0,0,396,0.000013,1,0,1,1,0,1
28955236,,0,0.000001,35,0.000007,0,2,2,0,2,2
30148062,,0,0.000001,1,0.000007,0,1,1,0,1,1
28611537,,0.000052,0,1,0.000014,3,0,3,3,0,3
28620890,,0.000145,0,89,0.000009,4,0,4,4,0,4
28623072,,0.001949,0,66,0.000451,90,0,90,90,0,90
30217566,,0,0.000037,66,0.000007,0,1,1,0,1,1
30131848,,0,0.000037,66,0.000007,0,1,1,0,1,1
30065701,,0,0.000037,66,0.000007,0,1,1,0,1,1
30012673,,0,0.000037,66,0.000007,0,1,1,0,1,1
30009155,,0,0.000037,66,0.000007,0,1,1,0,1,1
29966864,,0,0.000037,66,0.000007,0,1,1,0,1,1
29894688,,0,0.000037,66,0.000007,0,1,1,0,1,1
29872642,,0,0.000037,66,0.000007,0,1,1,0,1,1
29858590,,0,0.000037,66,0.000007,0,1,1,0,1,1
29858187,,0,0.000037,66,0.000007,0,1,1,0,1,1
29844131,,0,0.000037,66,0.000007,0,1,1,0,1,1
29782499,,0,0.000037,66,0.000007,0,1,1,0,1,1
29756093,,0,0.000037,66,0.000007,0,1,1,0,1,1
29720449,,0,0.000037,66,0.000007,0,1,1,0,1,1
29716922,,0,0.000037,66,0.000007,0,1,1,0,1,1
29666834,,0,0.000037,66,0.000007,0,1,1,0,1,1
29617673,,0,0.000037,66,0.000007,0,1,1,0,1,1
29600194,,0,0.000037,66,0.000007,0,1,1,0,1,1
29484136,,0,0.000037,66,0.000007,0,1,1,0,1,1
29423094,,0,0.000037,66,0.000007,0,1,1,0,1,1
29416764,,0,0.000037,66,0.000007,0,1,1,0,1,1
29416748,,0,0.000037,66,0.000007,0,1,1,0,1,1
29383125,,0,0.000037,66,0.000007,0,1,1,0,1,1
29352019,,0,0.000037,66,0.000007,0,1,1,0,1,1
29346776,,0,0.000037,66,0.000007,0,1,1,0,1,1
29340039,,0,0.000037,66,0.000007,0,1,1,0,1,1
29295717,,0,0.000037,66,0.000007,0,1,1,0,1,1
29269867,,0,0.000037,66,0.000007,0,1,1,0,1,1
29247016,,0,0.000037,66,0.000007,0,1,1,0,1,1
29219670,,0,0.000037,66,0.000007,0,1,1,0,1,1
29181434,,0,0.000037,66,0.000007,0,1,1,0,1,1
29167276,,0,0.000037,66,0.000007,0,1,1,0,1,1
29156772,,0,0.000037,66,0.000007,0,1,1,0,1,1
29156689,,0,0.000037,66,0.000007,0,1,1,0,1,1
29141848,,0,0.000037,66,0.000007,0,1,1,0,1,1
29137428,,0,0.000037,66,0.000007,0,1,1,0,1,1
29113300,,0,0.000037,66,0.000007,0,1,1,0,1,1
29108267,,0,0.000037,66,0.000007,0,1,1,0,1,1
29029453,,0,0.000037,66,0.000007,0,1,1,0,1,1
28986382,,0,0.000037,66,0.000007,0,1,1,0,1,1
28978153,,0,0.000037,66,0.000007,0,1,1,0,1,1
28978058,,0,0.000037,66,0.000007,0,1,1,0,1,1
28978002,,0,0.000037,66,0.000007,0,1,1,0,1,1
28966725,,0,0.000037,66,0.000007,0,1,1,0,1,1
28928128,,0,0.000037,66,0.000007,0,1,1,0,1,1
28915573,,0,0.000037,66,0.000007,0,1,1,0,1,1
28903374,,0,0.000037,66,0.000007,0,1,1,0,1,1
28892262,,0,0.000037,66,0.000007,0,1,1,0,1,1
28891793,,0,0.000037,66,0.000007,0,1,1,0,1,1
28826481,,0,0.000037,66,0.000007,0,1,1,0,1,1
28819638,,0,0.000037,66,0.000007,0,1,1,0,1,1
28790115,,0,0.000037,66,0.000007,0,1,1,0,1,1
28775145,,0,0.000037,66,0.000007,0,1,1,0,1,1
28722220,,0,0.000037,66,0.000007,0,1,1,0,1,1
28641312,,0,0.000037,66,0.000007,0,1,1,0,1,1
28631436,,0,0.000037,66,0.000007,0,1,1,0,1,1
28629596,,0,0.000037,66,0.000007,0,1,1,0,1,1
28597850,,0,0.000037,66,0.000007,0,1,1,0,1,1
28473535,,0,0.000037,66,0.000007,0,1,1,0,1,1
28368512,,0,0.000037,66,0.000007,0,1,1,0,1,1
28189566,,0,0.000037,66,0.000007,0,1,1,0,1,1
28077788,,0,0.000037,66,0.000007,0,1,1,0,1,1
26509262,,0,0.000037,66,0.000007,0,1,1,0,1,1
26477609,,0,0.000037,66,0.000007,0,1,1,0,1,1
29696154,,0,0.000001,5,0.000007,0,1,1,0,1,1
30167399,,0,0,397,0.000007,0,1,1,0,1,1
28629583,,0,0,397,0.000019,2,0,2,2,0,2
29942153,,0,0,397,0.000007,0,1,1,0,1,1
29396564,,0,0.000004,100,0.000007,0,1,1,0,1,1
28632866,,0.005013,0,5,0.00006,46,0,46,46,0,46
30348741,,0,0.000096,5,0.000007,0,1,1,0,1,1
29774314,,0,0.000096,5,0.000007,0,1,1,0,1,1
29456806,,0,0.000096,5,0.000019,2,2,4,2,2,4
29214154,,0,0.000096,5,0.000007,0,1,1,0,1,1
29061586,,0,0.000096,5,0.000007,0,1,1,0,1,1
30319687,,0,0,100,0.000007,0,1,1,0,1,1
30108681,,0,0,100,0.000007,0,1,1,0,1,1
29559701,,0,0.000003,1,0.000007,0,1,1,0,1,1
28643177,,0.000718,0,1,0.000023,6,0,6,6,0,6
29447373,,0,0.000014,1,0.000007,0,1,1,0,1,1
29290761,,0,0.000014,1,0.000007,0,1,1,0,1,1
28644328,,0,0,198,0.000009,1,0,1,1,0,1
28644335,,0.000001,0,198,0.00003,7,0,7,7,0,7
29888046,,0,0,198,0.000007,0,1,1,0,1,1
29963045,,0,0,100,0.000007,0,1,1,0,1,1
30065933,,0,0.000019,1,0.000007,0,1,1,0,1,1
29615613,,0,0.000019,1,0.000007,0,1,1,0,1,1
28656489,,0.00015,0,1,0.000013,2,0,2,2,0,2
29493850,,0,0.000003,1,0.000007,0,1,1,0,1,1
30227867,,0,0.000007,35,0.000007,0,1,1,0,1,1
28664506,,0.000348,0,35,0.000014,3,0,3,3,0,3
28667565,,0,0,89,0.00001,1,0,1,1,0,1
28669566,,0,0,89,0.000009,1,0,1,1,0,1
30231850,,0,0,205,0.000007,0,1,1,0,1,1
28672935,,0.000003,0,205,0.000015,2,0,2,2,0,2
29273061,,0,0,100,0.000007,0,1,1,0,1,1
29209649,,0,0,100,0.000007,0,1,1,0,1,1
28877996,,0,0,100,0.000007,0,1,1,0,1,1
30168505,,0,0,398,0.000007,0,1,1,0,1,1
28675510,,0,0,398,0.000055,9,1,10,9,1,10
29860032,,0,0,398,0.000007,0,1,1,0,1,1
29682535,,0,0,398,0.000007,0,1,1,0,1,1
29504606,,0,0,398,0.000007,0,1,1,0,1,1
29464056,,0,0,398,0.000007,0,1,1,0,1,1
29377618,,0,0,398,0.000007,0,1,1,0,1,1
29221448,,0,0,398,0.000007,0,1,1,0,1,1
29188362,,0,0,398,0.000007,0,1,1,0,1,1
30482226,,0,0,35,0.000007,0,1,1,0,1,1
30190792,,0,0,35,0.000007,0,1,1,0,1,1
30089134,,0,0,35,0.000007,0,1,1,0,1,1
29527514,,0,0.000005,89,0.000007,0,1,1,0,1,1
28961837,,0,0,399,0.000007,0,1,1,0,1,1
28683469,,0,0,399,0.000013,1,0,1,1,0,1
29507792,,0,0,400,0.000007,0,1,1,0,1,1
28687356,,0,0,400,0.000013,1,0,1,1,0,1
28690137,,0.000087,0,5,0.000008,2,0,2,2,0,2
28691344,,0.000048,0,231,0.000007,1,0,1,1,0,1
30235698,,0,0.000015,1,0.000007,0,1,1,0,1,1
28692638,,0.000771,0,1,0.000013,2,0,2,2,0,2
30217028,,0,0,184,0.000007,0,1,1,0,1,1
28700933,,0.000067,0,100,0.000009,2,0,2,2,0,2
29719409,,0,0.000001,35,0.000007,0,1,1,0,1,1
28712484,,0.00012,0,82,0.000019,3,0,3,3,0,3
29362353,,0,0.000002,82,0.000007,0,1,1,0,1,1
29039812,,0,0.000002,82,0.000007,0,1,1,0,1,1
30220926,,0,0.00004,1,0.000007,0,1,1,0,1,1
29950968,,0,0.00004,1,0.000007,0,1,1,0,1,1
29880982,,0,0.00004,1,0.000007,0,1,1,0,1,1
29390280,,0,0,401,0.000007,0,1,1,0,1,1
28721808,,0,0,401,0.000013,1,0,1,1,0,1
28724667,,0.000129,0,140,0.00001,2,0,2,2,0,2
28725277,,0.000003,0,5,0.000008,1,0,1,1,0,1
30349421,,0,0.000001,205,0.000007,0,1,1,0,1,1
28749474,,0.00003,0,205,0.00002,3,0,3,3,0,3
30311373,,0,0.000001,205,0.000007,0,1,1,0,1,1
28751443,,0.001153,0,1,0.000016,7,0,7,7,0,7
28754483,,0.013625,0,1,0.000039,38,0,38,38,0,38
29862232,,0,0.000475,1,0.000007,0,2,2,0,2,2
29505040,,0,0.00026,1,0.000007,0,1,1,0,1,1
28754563,,0.000168,0,1,0.000009,1,0,1,1,0,1
29565815,,0,0,367,0.000007,0,1,1,0,1,1
28763368,,0.001635,0,1,0.000008,3,0,3,3,0,3
29747380,,0,0.000048,1,0.000007,0,1,1,0,1,1
30281702,,0,0,402,0.000007,0,1,1,0,1,1
28765858,,0,0,402,0.000013,1,0,1,1,0,1
30325853,,0,0.000017,205,0.000007,0,3,3,0,3,3
29448935,,0,0.000017,205,0.000007,0,1,1,0,1,1
28779219,,0.000001,0,5,0.000009,1,0,1,1,0,1
28780723,,0,0,241,0.000009,1,0,1,1,0,1
28780754,,0.000024,0,1,0.000008,2,0,2,2,0,2
29152232,,0,0.000002,140,0.000007,0,1,1,0,1,1
28782087,,0.000089,0,205,0.000008,1,0,1,1,0,1
28784866,,0.000005,0,100,0.000008,1,0,1,1,0,1
29925694,,0,0,279,0.000007,0,2,2,0,2,2
29853899,,0,0,279,0.000007,0,1,1,0,1,1
28789927,,0.000016,0,24,0.000009,1,0,1,1,0,1
28790114,,0.000031,0,1,0.00001,2,0,2,2,0,2
29650959,,0,0,1,0.000007,0,1,1,0,1,1
29773654,,0,0,100,0.000007,0,1,1,0,1,1
28901379,,0,0,100,0.000007,0,1,1,0,1,1
28796549,,0.000119,0,35,0.000013,2,0,2,2,0,2
30174488,,0,0.000002,35,0.000007,0,1,1,0,1,1
28753938,,0,0.000001,1,0.000007,0,1,1,0,1,1
29883365,,0,0,403,0.000007,0,1,1,0,1,1
28802053,,0,0,403,0.000013,1,0,1,1,0,1
28802254,,0.000031,0,1,0.000017,3,0,3,3,0,3
29718323,,0,0.000001,1,0.000007,0,1,1,0,1,1
30150548,,0,0,279,0.000007,0,1,1,0,1,1
30347782,,0,0,35,0.000007,0,1,1,0,1,1
28810532,,0.000004,0,35,0.000034,5,0,5,5,0,5
29966245,,0,0,35,0.000007,0,1,1,0,1,1
29882920,,0,0,35,0.000007,0,1,1,0,1,1
29621160,,0,0,35,0.000007,0,1,1,0,1,1
29270871,,0,0,404,0.000007,0,1,1,0,1,1
28810691,,0,0,404,0.000013,1,0,1,1,0,1
30387821,,0,0,57,0.000007,0,1,1,0,1,1
29379294,,0,0,57,0.000007,0,1,1,0,1,1
28818315,,0,0,5,0.000008,1,0,1,1,0,1
28822785,,0.000054,0,5,0.000008,2,0,2,2,0,2
30497521,,0,0.000024,69,0.000007,0,1,1,0,1,1
28825726,,0.00124,0,69,0.000038,20,0,20,20,0,20
29717118,,0,0.000024,69,0.000007,0,1,1,0,1,1
29415173,,0,0.000047,1,0.000007,0,1,1,0,1,1
28832475,,0.000151,0,5,0.000007,1,0,1,1,0,1
28832484,,0.000512,0,69,0.000007,2,0,2,2,0,2
28842166,,0.000002,0,100,0.00001,1,0,1,1,0,1
30400814,,0,0,176,0.000007,0,1,1,0,1,1
29942140,,0,0,405,0.000007,0,1,1,0,1,1
28857155,,0,0,405,0.000013,1,0,1,1,0,1
29958460,,0,0,100,0.000007,0,1,1,0,1,1
28864639,,0.00021,0,1,0.000013,2,0,2,2,0,2
29420224,,0,0.000004,1,0.000007,0,1,1,0,1,1
28865443,,0.000001,0,69,0.00001,1,0,1,1,0,1
28866612,,0.000467,0,205,0.00001,2,0,2,2,0,2
30225336,,0,0,5,0.000007,0,1,1,0,1,1
30482232,,0,0.000002,176,0.000007,0,1,1,0,1,1
28881292,,0.000099,0,176,0.000015,2,0,2,2,0,2
30003100,,0,0,140,0.000007,0,1,1,0,1,1
28881636,,0,0,140,0.000028,4,0,4,4,0,4
29928484,,0,0,140,0.000007,0,1,1,0,1,1
29739426,,0,0,140,0.000007,0,1,1,0,1,1
28882436,,0.004026,0,1,0.000009,7,0,7,7,0,7
28884397,,0.000294,0,69,0.000009,3,0,3,3,0,3
29556271,,0,0,406,0.000007,0,1,1,0,1,1
28890386,,0,0,406,0.000013,1,0,1,1,0,1
30290658,,0,0,231,0.000007,0,2,2,0,2,2
29971344,,0,0,205,0.000007,0,2,2,0,2,2
29968023,,0,0.000002,5,0.000007,0,1,1,0,1,1
30085206,,0,0,407,0.000007,0,1,1,0,1,1
28904242,,0,0,407,0.000019,2,0,2,2,0,2
29284393,,0,0,407,0.000007,0,1,1,0,1,1
29083855,,0,0,100,0.000007,0,1,1,0,1,1
30363973,,0,0,35,0.000007,0,1,1,0,1,1
28914396,,0.000103,0,5,0.000007,1,0,1,1,0,1
30094075,,0,0,408,0.000007,0,1,1,0,1,1
28915716,,0,0,408,0.000019,2,0,2,2,0,2
30049180,,0,0,408,0.000007,0,1,1,0,1,1
29991684,,0,0,198,0.000007,0,1,1,0,1,1
29546805,,0,0,198,0.000007,0,1,1,0,1,1
29367434,,0,0,1,0.000007,0,1,1,0,1,1
30008901,,0,0.000008,1,0.000007,0,1,1,0,1,1
28935542,,0.00044,0,1,0.000013,2,0,2,2,0,2
28940023,,0.000363,0,231,0.000008,2,0,2,2,0,2
30470782,,0,0,279,0.000007,0,1,1,0,1,1
29531247,,0,0,279,0.000007,0,1,1,0,1,1
29363525,,0,0,279,0.000007,0,1,1,0,1,1
29360925,,0,0,279,0.000007,0,1,1,0,1,1
28957950,,0.000009,0,69,0.000008,1,0,1,1,0,1
29312937,,0,0,1,0.000007,0,1,1,0,1,1
28975393,,0.000035,0,5,0.000007,1,0,1,1,0,1
29278675,,0,0,409,0.000007,0,1,1,0,1,1
28981380,,0,0,409,0.000013,1,0,1,1,0,1
28985766,,0.000002,0,5,0.000015,1,0,1,1,0,1
30139984,,0,0,205,0.000007,0,1,1,0,1,1
29028349,,0.000008,0,35,0.000008,1,0,1,1,0,1
29983887,,0,0,1,0.000007,0,1,1,0,1,1
29455084,,0,0,1,0.000007,0,1,1,0,1,1
29030030,,0.000103,0,5,0.000007,1,0,1,1,0,1
30413623,,0,0.000054,72,0.000007,0,2,2,0,2,2
29035360,,0.002806,0,100,0.000025,18,0,18,18,0,18
29040037,,0.00006,0,5,0.000008,2,0,2,2,0,2
29497953,,0,0,410,0.000007,0,1,1,0,1,1
29045555,,0,0,410,0.000013,1,0,1,1,0,1
30409313,,0,0.000014,1,0.000007,0,1,1,0,1,1
29950452,,0,0.000023,100,0.000007,0,1,1,0,1,1
29290468,,0,0.000023,100,0.000007,0,1,1,0,1,1
30158870,,0,0.000007,231,0.000007,0,1,1,0,1,1
29665850,,0,0.000028,231,0.000007,0,2,2,0,2,2
29059438,,0.000454,0,1,0.000007,1,0,1,1,0,1
30370250,,0,0.000021,231,0.000007,0,1,1,0,1,1
30262900,,0,0.000021,231,0.000007,0,1,1,0,1,1
30261014,,0,0.000021,231,0.000007,0,1,1,0,1,1
30104762,,0,0.000021,231,0.000007,0,1,1,0,1,1
30054501,,0,0.000021,231,0.000007,0,1,1,0,1,1
30038216,,0,0.000021,231,0.000007,0,1,1,0,1,1
30002074,,0,0.000021,231,0.000007,0,1,1,0,1,1
29965997,,0,0.000021,231,0.000007,0,1,1,0,1,1
29739810,,0,0.000021,231,0.000007,0,1,1,0,1,1
29727690,,0,0.000021,231,0.000007,0,1,1,0,1,1
29382702,,0,0.000021,231,0.000007,0,1,1,0,1,1
29361985,,0,0.000021,231,0.000007,0,1,1,0,1,1
29061375,,0,0,89,0.000009,1,0,1,1,0,1
30131693,,0,0.000027,69,0.000007,0,1,1,0,1,1
29966369,,0,0.00003,69,0.000007,0,2,2,0,2,2
29551131,,0,0.000027,69,0.000007,0,1,1,0,1,1
29063517,,0.000005,0,35,0.000015,2,0,2,2,0,2
29562592,,0,0,35,0.000007,0,1,1,0,1,1
29631214,,0,0.000002,205,0.000007,0,1,1,0,1,1
30116362,,0,0,411,0.000007,0,1,1,0,1,1
29080873,,0,0,411,0.000013,1,0,1,1,0,1
29923797,,0,0.000009,1,0.000007,0,2,2,0,2,2
29087384,,0.000067,0,100,0.000009,2,0,2,2,0,2
29967214,,0,0.000001,1,0.000007,0,1,1,0,1,1
29796302,,0,0.000001,1,0.000007,0,1,1,0,1,1
29881823,,0,0,66,0.000007,0,1,1,0,1,1
29597259,,0,0,66,0.000007,0,1,1,0,1,1
30459757,,0,0,1,0.000007,0,1,1,0,1,1
29734702,,0,0,1,0.000007,0,1,1,0,1,1
29507695,,0,0,1,0.000007,0,1,1,0,1,1
29096890,,0.000051,0,5,0.000012,2,0,2,2,0,2
29101112,,0.00012,0,82,0.000013,2,0,2,2,0,2
29488612,,0,0.000002,82,0.000007,0,1,1,0,1,1
29116469,,0.000149,0,89,0.000007,1,0,1,1,0,1
29128106,,0.0004,0,5,0.000008,2,0,2,2,0,2
30181749,,0,0,412,0.000007,0,1,1,0,1,1
29129231,,0,0,412,0.000013,1,0,1,1,0,1
29133135,,0.000345,0,1,0.000009,3,0,3,3,0,3
29133208,,0.000121,0,100,0.000008,2,0,2,2,0,2
30417054,,0,0,1,0.000007,0,1,1,0,1,1
30274280,,0,0,1,0.000007,0,1,1,0,1,1
29680290,,0,0,90,0.000007,0,1,1,0,1,1
29138343,,0,0,1,0.00001,1,0,1,1,0,1
30153557,,0,0,66,0.000007,0,1,1,0,1,1
29757368,,0,0,66,0.000007,0,1,1,0,1,1
29760566,,0,0,100,0.000007,0,1,1,0,1,1
29967336,,0,0,205,0.000007,0,1,1,0,1,1
29938455,,0,0,205,0.000007,0,1,1,0,1,1
29779016,,0,0,205,0.000007,0,1,1,0,1,1
29614107,,0,0,1,0.000007,0,1,1,0,1,1
29153097,,0.00001,0,205,0.000008,1,0,1,1,0,1
29930733,,0,0,1,0.000007,0,1,1,0,1,1
29164969,,0.000004,0,205,0.000008,1,0,1,1,0,1
30144309,,0,0,413,0.000007,0,2,2,0,2,2
29166829,,0,0,413,0.00001,1,0,1,1,0,1
29168041,,0.000005,0,5,0.000014,2,0,2,2,0,2
30112391,,0,0,5,0.000007,0,1,1,0,1,1
29176636,,0.000008,0,5,0.000008,1,0,1,1,0,1
30225213,,0,0,1,0.000007,0,2,2,0,2,2
29185095,,0,0,1,0.00001,1,0,1,1,0,1
29202330,,0.000215,0,231,0.000009,3,0,3,3,0,3
29206279,,0.000149,0,89,0.000007,1,0,1,1,0,1
29223478,,0.000503,0,205,0.000009,4,0,4,4,0,4
29236234,,0.000394,0,140,0.000008,2,0,2,2,0,2
30425967,,0,0.000022,82,0.000007,0,2,2,0,2,2
30224051,,0,0,184,0.000007,0,1,1,0,1,1
29240602,,0.000164,0,1,0.000008,1,0,1,1,0,1
29241686,,0,0,90,0.000031,5,0,5,5,0,5
30201908,,0,0,90,0.000007,0,1,1,0,1,1
30116722,,0,0,90,0.000007,0,2,2,0,2,2
30031905,,0,0,90,0.000007,0,1,1,0,1,1
30015970,,0,0,90,0.000007,0,1,1,0,1,1
29242595,,0.000509,0,82,0.000008,2,0,2,2,0,2
29664962,,0,0,5,0.000007,0,1,1,0,1,1
29246904,,0.001355,0,1,0.000015,5,0,5,5,0,5
29932513,,0,0.000026,1,0.000007,0,1,1,0,1,1
29247312,,0.000038,0,35,0.000007,1,0,1,1,0,1
29248130,,0.000295,0,90,0.000012,4,0,4,4,0,4
30291361,,0,0,100,0.000007,0,1,1,0,1,1
30093638,,0,0,100,0.000007,0,1,1,0,1,1
29251678,,0.000465,0,1,0.00001,2,0,2,2,0,2
29252925,,0.000087,0,5,0.000008,2,0,2,2,0,2
29662006,,0,0,414,0.000007,0,1,1,0,1,1
29253837,,0,0,414,0.000013,1,0,1,1,0,1
30416847,,0,0,1,0.000007,0,1,1,0,1,1
30209759,,0,0,324,0.000007,0,1,1,0,1,1
30026862,,0,0,324,0.000007,0,1,1,0,1,1
29256493,,0.000461,0,100,0.000018,5,0,5,5,0,5
30211119,,0,0.000009,100,0.000007,0,1,1,0,1,1
29283400,,0,0,1,0.000007,0,1,1,0,1,1
29260919,,0.000002,0,1,0.00001,1,0,1,1,0,1
29866840,,0,0,35,0.000007,0,1,1,0,1,1
29785044,,0,0,1,0.000007,0,1,1,0,1,1
29275357,,0.000136,0,35,0.000007,1,0,1,1,0,1
29275435,,0.000383,0,1,0.000009,3,0,3,3,0,3
30177521,,0,0,415,0.000007,0,1,1,0,1,1
29276409,,0,0,415,0.000025,3,0,3,3,0,3
30106140,,0,0,415,0.000007,0,1,1,0,1,1
29795987,,0,0,415,0.000007,0,1,1,0,1,1
29282689,,0.000071,0,1,0.000008,1,0,1,1,0,1
30455615,,0,0,416,0.000007,0,1,1,0,1,1
29282716,,0,0,416,0.000019,2,0,2,2,0,2
30421009,,0,0,416,0.000007,0,1,1,0,1,1
29686222,,0,0,100,0.000007,0,1,1,0,1,1
29849507,,0,0,35,0.000007,0,1,1,0,1,1
29287955,,0.000079,0,89,0.000014,2,0,2,2,0,2
30013099,,0,0.000002,89,0.000007,0,1,1,0,1,1
29288066,,0.000087,0,5,0.000008,2,0,2,2,0,2
30323961,,0,0,417,0.000007,0,1,1,0,1,1
29297932,,0,0,417,0.000013,1,0,1,1,0,1
30009772,,0,0,66,0.000007,0,1,1,0,1,1
29425759,,0,0,66,0.000007,0,1,1,0,1,1
29673198,,0,0,418,0.000007,0,1,1,0,1,1
29308536,,0,0,418,0.000013,1,0,1,1,0,1
29308680,,0.000002,0,1,0.000008,1,0,1,1,0,1
29982202,,0,0,419,0.000007,0,1,1,0,1,1
29309780,,0,0,419,0.000013,1,0,1,1,0,1
29322514,,0,0,90,0.00001,1,0,1,1,0,1
29325031,,0.000027,0,89,0.000007,1,0,1,1,0,1
29325268,,0.000005,0,279,0.000008,1,0,1,1,0,1
29335712,,0.000001,0,279,0.000008,1,0,1,1,0,1
29876051,,0,0,420,0.000007,0,1,1,0,1,1
29335925,,0,0,420,0.000013,1,0,1,1,0,1
29337093,,0.000041,0,231,0.00001,3,0,3,3,0,3
29350211,,0.000053,0,90,0.000008,1,0,1,1,0,1
29352572,,0.000645,0,69,0.000008,2,0,2,2,0,2
29356034,,0.00012,0,82,0.000007,1,0,1,1,0,1
29361001,,0.000269,0,5,0.000009,4,0,4,4,0,4
30439567,,0,0.000005,1,0.000007,0,1,1,0,1,1
29361470,,0.000246,0,1,0.00002,3,0,3,3,0,3
30040168,,0,0.000005,1,0.000007,0,1,1,0,1,1
30149601,,0,0,90,0.000007,0,1,1,0,1,1
29368341,,0.000886,0,1,0.00001,3,0,3,3,0,3
30234091,,0,0,421,0.000007,0,1,1,0,1,1
29374276,,0,0,421,0.000019,2,0,2,2,0,2
30166995,,0,0,421,0.000007,0,1,1,0,1,1
29382645,,0.00017,0,1,0.000009,2,0,2,2,0,2
29385593,,0,0,5,0.000007,0,1,1,0,1,1
30210623,,0,0.000003,69,0.000007,0,1,1,0,1,1
29397193,,0,0,413,0.00001,1,0,1,1,0,1
29402697,,0.000149,0,89,0.000007,1,0,1,1,0,1
29428039,,0,0,35,0.00001,1,0,1,1,0,1
30083359,,0,0,422,0.000007,0,1,1,0,1,1
29428045,,0,0,422,0.000013,1,0,1,1,0,1
30482208,,0,0,5,0.000007,0,1,1,0,1,1
30014188,,0,0,5,0.000007,0,1,1,0,1,1
29685914,,0,0,5,0.000007,0,1,1,0,1,1
29685913,,0,0,5,0.000007,0,1,1,0,1,1
30004908,,0,0,423,0.000007,0,1,1,0,1,1
29433971,,0,0,423,0.000013,1,0,1,1,0,1
29857168,,0,0,176,0.000007,0,1,1,0,1,1
29958288,,0,0,2,0.000007,0,1,1,0,1,1
29452958,,0.000467,0,100,0.000007,1,0,1,1,0,1
29769747,,0,0,5,0.000007,0,1,1,0,1,1
29769746,,0,0,5,0.000007,0,1,1,0,1,1
29879106,,0,0,231,0.000007,0,1,1,0,1,1
30453999,,0,0.00001,1,0.000007,0,1,1,0,1,1
30409964,,0,0.000001,1,0.000007,0,1,1,0,1,1
30290661,,0,0,35,0.000007,0,1,1,0,1,1
30233279,,0,0,231,0.000007,0,1,1,0,1,1
29513652,,0.00002,0,72,0.000025,5,0,5,5,0,5
30237855,,0,0,72,0.000007,0,1,1,0,1,1
30326852,,0,0,194,0.000007,0,1,1,0,1,1
29520501,,0.000103,0,5,0.000007,1,0,1,1,0,1
29524167,,0,0,279,0.00001,1,0,1,1,0,1
30259695,,0,0,279,0.000007,0,1,1,0,1,1
30035159,,0,0,1,0.000007,0,1,1,0,1,1
29942668,,0,0.000027,1,0.000007,0,2,2,0,2,2
29535157,,0.000018,0,1,0.000007,1,0,1,1,0,1
30395643,,0,0,1,0.000007,0,1,1,0,1,1
29558274,,0.000018,0,1,0.000007,1,0,1,1,0,1
29560538,,0.000012,0,1,0.000009,1,0,1,1,0,1
30132513,,0,0,89,0.000007,0,2,2,0,2,2
30190672,,0,0,140,0.000007,0,1,1,0,1,1
30263098,,0,0,424,0.000007,0,1,1,0,1,1
29581131,,0,0,424,0.000013,1,0,1,1,0,1
30139380,,0,0,425,0.000007,0,1,1,0,1,1
29592899,,0,0,425,0.000013,1,0,1,1,0,1
29593331,,0.000002,0,1,0.000016,2,0,2,2,0,2
29774630,,0,0,1,0.000007,0,1,1,0,1,1
29605737,,0.000181,0,69,0.000013,2,0,2,2,0,2
29872398,,0,0.000003,69,0.000007,0,1,1,0,1,1
30382130,,0,0.000007,1,0.000007,0,1,1,0,1,1
29617658,,0,0.000007,1,0.000007,0,1,1,0,1,1
30459932,,0,0,140,0.000007,0,1,1,0,1,1
29620792,,0.000033,0,5,0.000013,2,0,2,2,0,2
29963246,,0,0.000001,5,0.000007,0,1,1,0,1,1
29622727,,0.000087,0,5,0.000008,2,0,2,2,0,2
29630008,,0.000006,0,69,0.000016,2,0,2,2,0,2
30084833,,0,0,69,0.000007,0,1,1,0,1,1
29656893,,0.000706,0,100,0.000019,9,0,9,9,0,9
30209206,,0,0.000029,100,0.000007,0,3,3,0,3,3
29853635,,0,0.000013,100,0.000007,0,1,1,0,1,1
30368246,,0,0,184,0.000007,0,1,1,0,1,1
29699892,,0.000023,0,1,0.000008,1,0,1,1,0,1
30131306,,0,0,140,0.000007,0,1,1,0,1,1
30416850,,0,0,279,0.000007,0,1,1,0,1,1
30412224,,0,0,279,0.000007,0,1,1,0,1,1
29713086,,0.001404,0,1,0.000019,10,0,10,10,0,10
30245917,,0,0,1,0.000007,0,1,1,0,1,1
29725888,,0.000038,0,1,0.000009,3,0,3,3,0,3
30426318,,0,0,426,0.000007,0,1,1,0,1,1
29737390,,0,0,426,0.000013,1,0,1,1,0,1
29753961,,0.000048,0,89,0.000008,2,0,2,2,0,2
30022640,,0,0,1,0.000007,0,1,1,0,1,1
30483132,,0,0,1,0.000007,0,1,1,0,1,1
29788099,,0.000897,0,1,0.000007,1,0,1,1,0,1
29788737,,0.00015,0,1,0.000007,1,0,1,1,0,1
30464522,,0,0.000001,1,0.000007,0,1,1,0,1,1
30278574,,0,0.000002,35,0.000007,0,1,1,0,1,1
30344661,,0,0,24,0.000007,0,1,1,0,1,1
29941491,,0,0,427,0.000007,0,1,1,0,1,1
29861157,,0,0,427,0.000013,1,0,1,1,0,1
30373609,,0,0,140,0.000007,0,1,1,0,1,1
30202789,,0,0,140,0.000007,0,1,1,0,1,1
29884841,,0.000122,0,89,0.000007,1,0,1,1,0,1
29891109,,0.000356,0,140,0.000007,1,0,1,1,0,1
29905759,,0.000001,0,90,0.000009,1,0,1,1,0,1
30167432,,0,0,279,0.000007,0,1,1,0,1,1
29961768,,0,0,205,0.000009,1,0,1,1,0,1
30180900,,0,0,231,0.000007,0,1,1,0,1,1
30091644,,0,0.000023,1,0.000007,0,1,1,0,1,1
29988077,,0.000356,0,140,0.000007,1,0,1,1,0,1
30054569,,0.000002,0,205,0.000009,1,0,1,1,0,1
